FileVersion 1 2;
FileTimestamp 12-31-25 17:59:48;
InspectionStationID "KLA-Tencor" "SFSSP1" "0901-0728-TBI";
SampleType WAFER;
ResultTimestamp 12-31-25 17:38:17;
LotID "2850";
SampleSize 1 200;
DeviceID "None";
SetupID "T2-2850A" 12-31-25 17:38:17;
StepID "6346";
SampleOrientationMarkType NOTCH;
OrientationMarkLocation DOWN;
DiePitch 200000 200000;
DieOrigin 0 0;
WaferID "20";
Slot 20;
SampleCenterLocation 100000 100000;
ClassLookup 1
  0 "0"  ;
OrientationInstructions "Front";
CoordinatesMirrored No;
InspectionTest 1;
SampleTestPlan 1
  0 0 ;
AreaPerTest 2.85019e+010;
DefectRecordSpec 15 DEFECTID XREL YREL XINDEX YINDEX XSIZE YSIZE DEFECTAREA DSIZE CLASSNUMBER TEST CLUSTERNUMBER ROUGHBINNUMBER FINEBINNUMBER REVIEWSAMPLE ;
DefectList
 1 99238.000 84319.000 0 0 0.000 0.000 0.000 0.121 0 1 0 0 0 0
 2 111076.000 85125.000 0 0 0.000 0.000 0.000 0.124 0 1 0 0 0 0
 3 119599.000 100448.000 0 0 0.000 0.000 0.000 0.139 0 1 0 0 0 0
 4 85227.000 63526.000 0 0 0.000 0.000 0.000 0.252 0 1 0 0 0 0
 5 134918.000 139562.000 0 0 0.000 0.000 0.000 0.289 0 1 0 0 0 0
 6 57098.000 132783.000 0 0 0.000 0.000 0.000 0.202 0 1 0 0 0 0
 7 153906.000 117731.000 0 0 0.000 0.000 0.000 0.146 0 1 0 0 0 0
 8 37595.000 100005.000 0 0 0.000 0.000 0.000 0.146 0 1 0 0 0 0
 9 48024.000 60194.000 0 0 0.000 0.000 0.000 0.145 0 1 0 0 0 0
 10 136711.000 41334.000 0 0 0.000 0.000 0.000 0.127 0 1 0 0 0 0
 11 52886.000 46414.000 0 0 0.000 0.000 0.000 0.133 0 1 0 0 0 0
 12 135434.000 164061.000 0 0 0.000 0.000 0.000 0.170 0 1 0 0 0 0
 13 27766.000 112234.000 0 0 0.000 0.000 0.000 0.139 0 1 0 0 0 0
 14 83063.000 174575.000 0 0 0.000 0.000 0.000 0.137 0 1 0 0 0 0
 15 142152.000 36481.000 0 0 0.000 0.000 0.000 0.300 0 1 0 0 0 0
 16 174599.000 121139.000 0 0 0.000 0.000 0.000 0.164 0 1 0 0 0 0
 17 34027.000 56353.000 0 0 0.000 0.000 0.000 0.216 0 1 0 0 0 0
 18 52554.000 164636.000 0 0 0.000 0.000 0.000 0.138 0 1 0 0 0 0
 19 17756.000 78067.000 0 0 0.000 0.000 0.000 0.122 0 1 0 0 0 0
 20 93807.000 189103.000 0 0 0.000 0.000 0.000 0.200 0 1 0 0 0 0
 21 79409.000 187061.000 0 0 0.000 0.000 0.000 0.134 0 1 0 0 0 0
 22 45094.000 21609.000 0 0 0.000 0.000 0.000 0.154 0 1 0 0 0 0
 23 5703.000 119224.000 0 0 0.000 0.000 0.000 0.125 0 1 0 0 0 0
 24 193374.000 125339.000 0 0 0.000 0.000 0.000 0.139 0 1 0 0 0 0;
ProcessEquipmentIDList 1
  "6448" ;
SummarySpec 5
  TESTNO    NDEFECT    DEFDENSITY    NDIE    NDEFDIE  ;
SummaryList 
  1    24    0.08421    1    1  ;
EndOfFile;
