FileVersion 1 2;
FileTimestamp 12-31-25 16:54:46;
InspectionStationID "KLA-Tencor" "SFSSP1" "0901-0728-TBI";
SampleType WAFER;
ResultTimestamp 12-31-25 16:42:58;
LotID "2850";
SampleSize 1 200;
DeviceID "None";
SetupID "T2-2850A" 12-31-25 16:42:58;
StepID "6346";
SampleOrientationMarkType NOTCH;
OrientationMarkLocation DOWN;
DiePitch 200000 200000;
DieOrigin 0 0;
WaferID "17";
Slot 17;
SampleCenterLocation 100000 100000;
ClassLookup 1
  0 "0"  ;
OrientationInstructions "Front";
CoordinatesMirrored No;
InspectionTest 1;
SampleTestPlan 1
  0 0 ;
AreaPerTest 2.8501e+010;
ClusterClassificationList 1
  1 200 ;
DefectRecordSpec 15 DEFECTID XREL YREL XINDEX YINDEX XSIZE YSIZE DEFECTAREA DSIZE CLASSNUMBER TEST CLUSTERNUMBER ROUGHBINNUMBER FINEBINNUMBER REVIEWSAMPLE ;
DefectList
 1 90449.000 106328.000 0 0 0.000 0.000 0.000 0.124 0 1 0 0 0 0
 2 69895.000 124834.000 0 0 0.000 0.000 0.000 0.152 0 1 0 0 0 0
 3 60870.000 98047.000 0 0 0.000 0.000 0.000 0.152 0 1 0 0 0 0
 4 70529.000 127004.000 0 0 0.000 0.000 0.000 0.131 0 1 0 0 0 0
 5 72634.000 134579.000 0 0 0.000 0.000 0.000 0.146 0 1 0 0 0 0
 6 147312.000 79907.000 0 0 0.000 0.000 0.000 0.126 0 1 0 0 0 0
 7 46543.000 65948.000 0 0 0.000 0.000 0.000 0.121 0 1 0 0 0 0
 8 56943.000 148031.000 0 0 0.000 0.000 0.000 0.120 0 1 0 0 0 0
 9 69758.000 31204.000 0 0 0.000 0.000 0.000 0.124 0 1 0 0 0 0
 10 81488.000 12791.000 0 0 0.000 0.000 0.000 0.236 0 1 0 0 0 0
 11 55926.000 177410.000 0 0 46.000 54.000 2484.000 49.839 0 1 1 200 0 0
 12 55793.000 177444.000 0 0 46.000 54.000 2484.000 49.839 0 1 1 200 0 0
 13 55367.000 177583.000 0 0 46.000 54.000 2484.000 49.839 0 1 1 200 0 0
 14 55246.000 177562.000 0 0 46.000 54.000 2484.000 49.839 0 1 1 200 0 0
 15 54270.000 177488.000 0 0 46.000 56.000 2576.000 50.754 0 1 1 200 0 0
 16 54638.000 177845.000 0 0 46.000 56.000 2576.000 50.754 0 1 1 200 0 0
 17 62096.000 16494.000 0 0 0.000 0.000 0.000 0.129 0 1 0 0 0 0
 18 15181.000 57601.000 0 0 0.000 0.000 0.000 0.129 0 1 0 0 0 0
 19 153571.000 180743.000 0 0 0.000 0.000 0.000 0.210 0 1 0 0 0 0
 20 54755.000 177321.000 0 0 40.778 23.861 973.032 31.193 0 1 1 200 0 0
 21 54738.000 177507.000 0 0 14.857 8.676 128.906 11.353 0 1 1 200 0 0
 22 54600.000 177429.000 0 0 178.162 104.466 18611.948 136.425 0 1 1 200 0 0
 23 54483.000 177359.000 0 0 48.212 28.367 1367.680 36.982 0 1 1 200 0 0
 24 54505.000 177570.000 0 0 338.390 198.465 67158.860 259.150 0 1 1 200 0 0
 25 54407.000 177708.000 0 0 306.032 179.557 54950.453 234.415 0 1 1 200 0 0
 26 54188.000 177581.000 0 0 78.093 46.115 3601.295 60.010 0 1 1 200 0 0
 27 54463.000 177939.000 0 0 44.207 25.829 1141.830 33.790 0 1 1 200 0 0
 28 54249.000 177812.000 0 0 384.194 225.896 86788.334 294.598 0 1 1 200 0 0
 29 54031.000 177685.000 0 0 18.614 11.014 205.035 14.319 0 1 1 200 0 0
 30 54160.000 177957.000 0 0 463.403 272.486 126271.332 355.346 0 1 1 200 0 0
 31 54012.000 178069.000 0 0 258.220 152.111 39278.408 198.187 0 1 1 200 0 0
 32 53856.000 177978.000 0 0 18.684 11.056 206.588 14.373 0 1 1 200 0 0;
ProcessEquipmentIDList 1
  "6448" ;
SummarySpec 5
  TESTNO    NDEFECT    DEFDENSITY    NDIE    NDEFDIE  ;
SummaryList 
  1    32    0.1123    1    1  ;
EndOfFile;
