FileVersion 1 2;
FileTimestamp 12-31-25 16:56:28;
InspectionStationID "KLA-Tencor" "SFSSP1" "0901-0728-TBI";
SampleType WAFER;
ResultTimestamp 12-31-25 16:42:58;
LotID "2850";
SampleSize 1 200;
DeviceID "None";
SetupID "T2-2850A" 12-31-25 16:42:58;
StepID "6346";
SampleOrientationMarkType NOTCH;
OrientationMarkLocation DOWN;
DiePitch 200000 200000;
DieOrigin 0 0;
WaferID "20";
Slot 20;
SampleCenterLocation 100000 100000;
ClassLookup 1
  0 "0"  ;
OrientationInstructions "Front";
CoordinatesMirrored No;
InspectionTest 1;
SampleTestPlan 1
  0 0 ;
AreaPerTest 2.85021e+010;
ClusterClassificationList 1
  1 210 ;
DefectRecordSpec 15 DEFECTID XREL YREL XINDEX YINDEX XSIZE YSIZE DEFECTAREA DSIZE CLASSNUMBER TEST CLUSTERNUMBER ROUGHBINNUMBER FINEBINNUMBER REVIEWSAMPLE ;
DefectList
 1 106356.000 112239.000 0 0 0.000 0.000 0.000 200000.000 0 1 0 200 0 0
 2 73175.000 108454.000 0 0 0.000 0.000 0.000 0.144 0 1 0 0 0 0
 3 71388.000 99356.000 0 0 0.000 0.000 0.000 0.151 0 1 0 0 0 0
 4 110010.000 127873.000 0 0 0.000 0.000 0.000 0.337 0 1 0 0 0 0
 5 64324.000 89054.000 0 0 0.000 0.000 0.000 0.138 0 1 0 0 0 0
 6 138433.000 92610.000 0 0 0.000 0.000 0.000 0.200 0 1 0 0 0 0
 7 71412.000 68081.000 0 0 0.000 0.000 0.000 0.130 0 1 0 0 0 0
 8 80163.000 143279.000 0 0 0.000 0.000 0.000 200000.000 0 1 0 200 0 0
 9 151743.000 118851.000 0 0 0.000 0.000 0.000 0.130 0 1 0 0 0 0
 10 151689.000 119000.000 0 0 0.000 0.000 0.000 0.144 0 1 0 0 0 0
 11 42743.000 133101.000 0 0 0.000 0.000 0.000 0.129 0 1 0 0 0 0
 12 41645.000 134104.000 0 0 0.000 0.000 0.000 0.131 0 1 0 0 0 0
 13 42359.000 136351.000 0 0 0.000 0.000 0.000 0.136 0 1 0 0 0 0
 14 48196.000 159207.000 0 0 0.000 0.000 0.000 0.127 0 1 0 0 0 0
 15 61869.000 28066.000 0 0 0.000 0.000 0.000 0.123 0 1 0 0 0 0
 16 27469.000 59648.000 0 0 0.000 0.000 0.000 0.439 0 1 0 0 0 0
 17 47454.000 164334.000 0 0 0.000 0.000 0.000 0.150 0 1 0 0 0 0
 18 78669.000 14880.000 0 0 0.000 0.000 0.000 0.122 0 1 0 0 0 0
 19 23850.000 149079.000 0 0 0.000 0.000 0.000 0.181 0 1 0 0 0 0
 20 71182.000 91733.000 0 0 9.510 33.152 315.294 17.756 0 1 1 210 0 0
 21 71014.000 91699.000 0 0 13.927 48.632 677.326 26.025 0 1 1 210 0 0
 22 70853.000 91646.000 0 0 33.241 115.968 3855.028 62.088 0 1 1 210 0 0
 23 70663.000 91692.000 0 0 7.566 26.719 202.175 14.218 0 1 1 210 0 0
 24 70689.000 91601.000 0 0 43.488 151.751 6599.381 81.236 0 1 1 210 0 0
 25 70521.000 91570.000 0 0 54.555 190.771 10407.633 102.017 0 1 1 210 0 0
 26 70359.000 91521.000 0 0 53.656 187.562 10063.953 100.319 0 1 1 210 0 0
 27 70182.000 91515.000 0 0 7.728 27.157 209.879 14.487 0 1 1 210 0 0
 28 70205.000 91441.000 0 0 29.131 101.408 2954.200 54.352 0 1 1 210 0 0
 29 70029.000 91437.000 0 0 1.231 4.308 5.305 2.303 0 1 1 210 0 0
 30 70044.000 91380.000 0 0 5.785 20.105 116.325 10.785 0 1 1 210 0 0;
ProcessEquipmentIDList 1
  "6448" ;
SummarySpec 5
  TESTNO    NDEFECT    DEFDENSITY    NDIE    NDEFDIE  ;
SummaryList 
  1    30    0.1053    1    1  ;
EndOfFile;
