FileVersion 1 2;
FileTimestamp 12-31-25 15:55:29;
InspectionStationID "KLA-Tencor" "SFSSP1" "0901-0728-TBI";
SampleType WAFER;
ResultTimestamp 12-31-25 15:52:41;
LotID "2850";
SampleSize 1 200;
DeviceID "None";
SetupID "T2-2850A" 12-31-25 15:52:41;
StepID "6346";
SampleOrientationMarkType NOTCH;
OrientationMarkLocation DOWN;
DiePitch 200000 200000;
DieOrigin 0 0;
WaferID "04";
Slot 4;
SampleCenterLocation 100000 100000;
ClassLookup 1
  0 "0"  ;
OrientationInstructions "Front";
CoordinatesMirrored No;
InspectionTest 1;
SampleTestPlan 1
  0 0 ;
AreaPerTest 2.85008e+010;
ClusterClassificationList 1
  1 210 ;
DefectRecordSpec 15 DEFECTID XREL YREL XINDEX YINDEX XSIZE YSIZE DEFECTAREA DSIZE CLASSNUMBER TEST CLUSTERNUMBER ROUGHBINNUMBER FINEBINNUMBER REVIEWSAMPLE ;
DefectList
 1 107259.000 76187.000 0 0 0.000 0.000 0.000 0.137 0 1 0 0 0 0
 2 66064.000 128694.000 0 0 0.000 0.000 0.000 0.125 0 1 0 0 0 0
 3 89883.000 143965.000 0 0 0.000 0.000 0.000 0.473 0 1 0 0 0 0
 4 119404.000 56568.000 0 0 0.000 0.000 0.000 200000.000 0 1 0 200 0 0
 5 142719.000 79226.000 0 0 0.000 0.000 0.000 0.120 0 1 0 0 0 0
 6 58386.000 123638.000 0 0 0.000 0.000 0.000 0.414 0 1 0 0 0 0
 7 145106.000 76655.000 0 0 0.000 0.000 0.000 0.148 0 1 0 0 0 0
 8 145599.000 76131.000 0 0 0.000 0.000 0.000 0.139 0 1 0 0 0 0
 9 148263.000 67947.000 0 0 0.000 0.000 0.000 0.160 0 1 0 0 0 0
 10 151019.000 70517.000 0 0 0.000 0.000 0.000 0.142 0 1 0 0 0 0
 11 77228.000 158461.000 0 0 0.000 0.000 0.000 0.121 0 1 0 0 0 0
 12 61410.000 46667.000 0 0 0.000 0.000 0.000 0.242 0 1 0 0 0 0
 13 156836.000 64706.000 0 0 0.000 0.000 0.000 0.121 0 1 0 0 0 0
 14 86405.000 165842.000 0 0 0.000 0.000 0.000 0.125 0 1 0 0 0 0
 15 90395.000 168865.000 0 0 0.000 0.000 0.000 0.132 0 1 0 0 0 0
 16 30139.000 101835.000 0 0 0.000 0.000 0.000 0.124 0 1 0 0 0 0
 17 161095.000 60767.000 0 0 0.000 0.000 0.000 0.121 0 1 0 0 0 0
 18 161619.000 60204.000 0 0 0.000 0.000 0.000 0.149 0 1 0 0 0 0
 19 162963.000 59047.000 0 0 0.000 0.000 0.000 0.191 0 1 0 0 0 0
 20 163761.000 58248.000 0 0 0.000 0.000 0.000 0.251 0 1 0 0 0 0
 21 107562.000 175515.000 0 0 0.000 0.000 0.000 0.168 0 1 0 0 0 0
 22 102885.000 177580.000 0 0 0.000 0.000 0.000 0.123 0 1 0 0 0 0
 23 32427.000 59277.000 0 0 0.000 0.000 0.000 200000.000 0 1 0 200 0 0
 24 169164.000 53457.000 0 0 0.000 0.000 0.000 0.127 0 1 0 0 0 0
 25 49114.000 33482.000 0 0 0.000 0.000 0.000 0.122 0 1 0 0 0 0
 26 22720.000 134796.000 0 0 0.000 0.000 0.000 0.157 0 1 0 0 0 0
 27 113026.000 186977.000 0 0 0.000 0.000 0.000 0.347 0 1 0 0 0 0
 28 148208.000 25681.000 0 0 0.000 0.000 0.000 0.168 0 1 0 0 0 0
 29 166288.000 38338.000 0 0 0.000 0.000 0.000 0.145 0 1 0 0 0 0
 30 146020.000 19252.000 0 0 0.000 0.000 0.000 0.180 0 1 0 0 0 0
 31 181011.000 53931.000 0 0 0.000 0.000 0.000 0.157 0 1 0 0 0 0
 32 146293.000 18493.000 0 0 0.000 0.000 0.000 0.121 0 1 0 0 0 0
 33 6623.000 93992.000 0 0 0.000 0.000 0.000 0.200 0 1 0 0 0 0
 34 178839.000 45481.000 0 0 0.000 0.000 0.000 0.181 0 1 0 0 0 0
 35 169775.000 145194.000 0 0 10.831 16.723 181.139 13.458 0 1 1 210 0 0
 36 169917.000 145285.000 0 0 17.366 26.813 465.655 21.579 0 1 1 210 0 0
 37 169891.000 145327.000 0 0 19.555 30.152 589.638 24.282 0 1 1 210 0 0
 38 170061.000 145376.000 0 0 23.927 36.944 884.010 29.732 0 1 1 210 0 0
 39 170031.000 145423.000 0 0 28.306 43.641 1235.336 35.147 0 1 1 210 0 0
 40 170194.000 145484.000 0 0 91.574 141.325 12941.839 113.762 0 1 1 210 0 0
 41 170338.000 145573.000 0 0 96.125 148.359 14261.157 119.420 0 1 1 210 0 0
 42 170476.000 145675.000 0 0 102.908 158.787 16340.601 127.830 0 1 1 210 0 0
 43 170663.000 145698.000 0 0 17.525 27.099 474.920 21.792 0 1 1 210 0 0
 44 170599.000 145796.000 0 0 105.377 162.448 17118.535 130.837 0 1 1 210 0 0
 45 170757.000 145866.000 0 0 127.522 196.729 25087.361 158.389 0 1 1 210 0 0
 46 170902.000 145955.000 0 0 114.553 176.740 20246.338 142.289 0 1 1 210 0 0
 47 171058.000 146028.000 0 0 145.624 224.817 32739.052 180.939 0 1 1 210 0 0
 48 171221.000 146086.000 0 0 106.044 163.878 17378.408 131.827 0 1 1 210 0 0
 49 171147.000 146203.000 0 0 26.578 40.926 1087.760 32.981 0 1 1 210 0 0
 50 171367.000 146175.000 0 0 115.103 177.899 20476.869 143.097 0 1 1 210 0 0
 51 171275.000 146315.000 0 0 53.285 82.001 4369.505 66.102 0 1 1 210 0 0
 52 171521.000 146250.000 0 0 95.336 147.428 14055.217 118.554 0 1 1 210 0 0
 53 171435.000 146384.000 0 0 20.011 30.818 616.717 24.833 0 1 1 210 0 0
 54 171405.000 146427.000 0 0 24.482 37.653 921.850 30.361 0 1 1 210 0 0
 55 171665.000 146338.000 0 0 86.632 133.983 11607.342 107.737 0 1 1 210 0 0
 56 171549.000 146517.000 0 0 51.289 78.888 4046.104 63.608 0 1 1 210 0 0
 57 171807.000 146435.000 0 0 28.936 44.747 1294.857 35.984 0 1 1 210 0 0
 58 171695.000 146605.000 0 0 89.364 137.474 12285.399 110.839 0 1 1 210 0 0
 59 171840.000 146695.000 0 0 94.012 144.639 13597.947 116.610 0 1 1 210 0 0
 60 171982.000 146790.000 0 0 87.476 134.574 11772.189 108.499 0 1 1 210 0 0
 61 172139.000 146860.000 0 0 103.330 159.072 16437.029 128.206 0 1 1 210 0 0
 62 172288.000 146940.000 0 0 101.257 155.937 15789.891 125.657 0 1 1 210 0 0
 63 172430.000 147036.000 0 0 99.210 152.772 15156.586 123.112 0 1 1 210 0 0
 64 172575.000 147125.000 0 0 76.805 118.285 9085.010 95.315 0 1 1 210 0 0
 65 172719.000 147215.000 0 0 72.427 111.550 8079.359 89.885 0 1 1 210 0 0
 66 172678.000 147280.000 0 0 6.800 10.453 71.082 8.431 0 1 1 210 0 0
 67 172866.000 147300.000 0 0 81.628 125.748 10264.641 101.314 0 1 1 210 0 0
 68 173014.000 147385.000 0 0 84.045 129.502 10884.079 104.326 0 1 1 210 0 0
 69 173153.000 147483.000 0 0 86.494 133.254 11525.834 107.358 0 1 1 210 0 0
 70 173294.000 147578.000 0 0 107.197 165.136 17702.140 133.049 0 1 1 210 0 0
 71 173450.000 147652.000 0 0 91.372 140.839 12868.883 113.441 0 1 1 210 0 0
 72 173572.000 147774.000 0 0 116.799 179.869 21008.804 144.944 0 1 1 210 0 0
 73 173701.000 147888.000 0 0 130.850 201.380 26350.746 162.329 0 1 1 210 0 0
 74 173851.000 147969.000 0 0 128.771 198.252 25529.340 159.779 0 1 1 210 0 0
 75 173989.000 148069.000 0 0 129.040 198.622 25630.306 160.094 0 1 1 210 0 0
 76 174121.000 148178.000 0 0 131.642 202.528 26661.239 163.282 0 1 1 210 0 0
 77 174256.000 148281.000 0 0 118.039 181.543 21429.170 146.387 0 1 1 210 0 0
 78 174401.000 148370.000 0 0 115.934 178.328 20674.398 143.785 0 1 1 210 0 0
 79 174543.000 148462.000 0 0 116.155 178.667 20753.203 144.059 0 1 1 210 0 0
 80 174731.000 148487.000 0 0 13.944 21.492 299.699 17.311 0 1 1 210 0 0
 81 174667.000 148584.000 0 0 102.475 157.489 16138.844 127.038 0 1 1 210 0 0
 82 174809.000 148679.000 0 0 91.009 139.859 12728.572 112.820 0 1 1 210 0 0
 83 174950.000 148771.000 0 0 91.181 140.124 12776.798 113.034 0 1 1 210 0 0
 84 175085.000 148877.000 0 0 79.662 122.376 9748.855 98.736 0 1 1 210 0 0
 85 175223.000 148976.000 0 0 44.608 68.514 3056.333 55.284 0 1 1 210 0 0
 86 175377.000 149052.000 0 0 7.054 10.841 76.485 8.745 0 1 1 210 0 0;
ProcessEquipmentIDList 1
  "6448" ;
SummarySpec 5
  TESTNO    NDEFECT    DEFDENSITY    NDIE    NDEFDIE  ;
SummaryList 
  1    86    0.3017    1    1  ;
EndOfFile;
