FileVersion 1 2;
FileTimestamp 12-31-25 13:28:43;
InspectionStationID "KLA-Tencor" "SFSSP1" "0901-0728-TBI";
SampleType WAFER;
ResultTimestamp 12-31-25 13:20:30;
LotID "2850";
SampleSize 1 200;
DeviceID "None";
SetupID "T2-2850A" 12-31-25 13:20:30;
StepID "6346";
SampleOrientationMarkType NOTCH;
OrientationMarkLocation DOWN;
DiePitch 200000 200000;
DieOrigin 0 0;
WaferID "09";
Slot 9;
SampleCenterLocation 100000 100000;
ClassLookup 1
  0 "0"  ;
OrientationInstructions "Front";
CoordinatesMirrored No;
InspectionTest 1;
SampleTestPlan 1
  0 0 ;
AreaPerTest 2.85007e+010;
ClusterClassificationList 2
  2 200 
  1 210 ;
DefectRecordSpec 15 DEFECTID XREL YREL XINDEX YINDEX XSIZE YSIZE DEFECTAREA DSIZE CLASSNUMBER TEST CLUSTERNUMBER ROUGHBINNUMBER FINEBINNUMBER REVIEWSAMPLE ;
DefectList
 1 50828.000 93616.000 0 0 0.000 0.000 0.000 0.137 0 1 0 0 0 0
 2 91141.000 44715.000 0 0 0.000 0.000 0.000 0.131 0 1 0 0 0 0
 3 130106.000 152725.000 0 0 0.000 0.000 0.000 0.285 0 1 0 0 0 0
 4 40041.000 117004.000 0 0 0.000 0.000 0.000 0.129 0 1 0 0 0 0
 5 162835.000 85754.000 0 0 0.000 0.000 0.000 0.123 0 1 0 0 0 0
 6 123757.000 165460.000 0 0 0.000 0.000 0.000 0.154 0 1 0 0 0 0
 7 122929.000 33744.000 0 0 0.000 0.000 0.000 200000.000 0 1 0 200 0 0
 8 172849.000 89858.000 0 0 0.000 0.000 0.000 0.161 0 1 0 0 0 0
 9 91649.000 173572.000 0 0 0.000 0.000 0.000 0.201 0 1 0 0 0 0
 10 124581.000 30101.000 0 0 0.000 0.000 0.000 0.230 0 1 0 0 0 0
 11 124832.000 29600.000 0 0 0.000 0.000 0.000 0.192 0 1 0 0 0 0
 12 125226.000 28760.000 0 0 0.000 0.000 0.000 0.130 0 1 0 0 0 0
 13 125468.000 28316.000 0 0 0.000 0.000 0.000 0.244 0 1 0 0 0 0
 14 125961.000 27187.000 0 0 0.000 0.000 0.000 0.164 0 1 0 0 0 0
 15 130867.000 171413.000 0 0 0.000 0.000 0.000 0.133 0 1 0 0 0 0
 16 70488.000 27855.000 0 0 0.000 0.000 0.000 0.130 0 1 0 0 0 0
 17 126940.000 25269.000 0 0 0.000 0.000 0.000 200000.000 0 1 0 200 0 0
 18 127014.000 25121.000 0 0 0.000 0.000 0.000 0.271 0 1 0 0 0 0
 19 127297.000 24549.000 0 0 0.000 0.000 0.000 0.145 0 1 0 0 0 0
 20 42405.000 156755.000 0 0 52.000 52.000 2704.000 52.000 0 1 2 200 0 0
 21 41828.000 156441.000 0 0 52.000 52.000 2704.000 52.000 0 1 2 200 0 0
 22 127659.000 23875.000 0 0 0.000 0.000 0.000 0.219 0 1 0 0 0 0
 23 42631.000 156270.000 0 0 52.000 52.000 2704.000 52.000 0 1 2 200 0 0
 24 128088.000 23036.000 0 0 0.000 0.000 0.000 0.459 0 1 0 0 0 0
 25 128373.000 22494.000 0 0 0.000 0.000 0.000 0.206 0 1 0 0 0 0
 26 129003.000 21247.000 0 0 0.000 0.000 0.000 0.299 0 1 0 0 0 0
 27 130740.000 18082.000 0 0 0.000 0.000 0.000 200000.000 0 1 0 200 0 0
 28 131152.000 17400.000 0 0 0.000 0.000 0.000 0.454 0 1 0 0 0 0
 29 131858.000 16206.000 0 0 0.000 0.000 0.000 0.466 0 1 0 0 0 0
 30 131726.000 16446.000 0 0 0.000 0.000 0.000 0.404 0 1 0 0 0 0
 31 124699.000 188838.000 0 0 0.000 0.000 0.000 0.125 0 1 0 0 0 0
 32 133705.000 13477.000 0 0 42.000 56.000 2352.000 48.497 0 1 1 210 0 0
 33 133926.000 13228.000 0 0 42.000 56.000 2352.000 48.497 0 1 1 210 0 0
 34 134043.000 13065.000 0 0 42.000 56.000 2352.000 48.497 0 1 1 210 0 0
 35 19889.000 148721.000 0 0 0.000 0.000 0.000 0.142 0 1 0 0 0 0
 36 134578.000 12451.000 0 0 42.000 56.000 2352.000 48.497 0 1 1 210 0 0
 37 133533.000 188523.000 0 0 0.000 0.000 0.000 0.146 0 1 0 0 0 0
 38 134791.000 12279.000 0 0 42.000 56.000 2352.000 48.497 0 1 1 210 0 0
 39 135009.000 12110.000 0 0 42.000 56.000 2352.000 48.497 0 1 1 210 0 0
 40 135308.000 11779.000 0 0 42.000 56.000 2352.000 48.497 0 1 1 210 0 0
 41 135659.000 11554.000 0 0 42.000 56.000 2352.000 48.497 0 1 1 210 0 0
 42 43286.000 155647.000 0 0 58.681 59.807 3509.612 59.241 0 1 2 200 0 0
 43 43147.000 155748.000 0 0 88.189 89.937 7931.551 89.059 0 1 2 200 0 0
 44 43024.000 155866.000 0 0 96.407 98.323 9479.063 97.360 0 1 2 200 0 0
 45 42916.000 155998.000 0 0 118.117 120.408 14222.393 119.257 0 1 2 200 0 0
 46 42780.000 156103.000 0 0 166.747 170.065 28357.970 168.398 0 1 2 200 0 0
 47 42674.000 156238.000 0 0 145.573 148.389 21601.599 146.974 0 1 2 200 0 0
 48 42564.000 156367.000 0 0 167.530 170.708 28598.907 169.112 0 1 2 200 0 0
 49 42438.000 156483.000 0 0 143.500 146.241 20985.838 144.864 0 1 2 200 0 0
 50 42295.000 156578.000 0 0 165.448 168.741 27918.021 167.086 0 1 2 200 0 0
 51 42169.000 156694.000 0 0 103.269 105.341 10878.551 104.300 0 1 2 200 0 0
 52 42063.000 156827.000 0 0 57.202 58.320 3336.075 57.758 0 1 2 200 0 0
 53 41940.000 156945.000 0 0 43.676 44.531 1944.996 44.102 0 1 2 200 0 0
 54 41810.000 157055.000 0 0 16.405 16.731 274.487 16.567 0 1 2 200 0 0;
ProcessEquipmentIDList 1
  "6448" ;
SummarySpec 5
  TESTNO    NDEFECT    DEFDENSITY    NDIE    NDEFDIE  ;
SummaryList 
  1    54    0.1895    1    1  ;
EndOfFile;
