FileVersion 1 2;
FileTimestamp 12-31-25 14:50:18;
InspectionStationID "KLA-Tencor" "SFSSP1" "0901-0728-TBI";
SampleType WAFER;
ResultTimestamp 12-31-25 14:32:05;
LotID "2850";
SampleSize 1 200;
DeviceID "None";
SetupID "T2-2850A" 12-31-25 14:32:05;
StepID "6346";
SampleOrientationMarkType NOTCH;
OrientationMarkLocation DOWN;
DiePitch 200000 200000;
DieOrigin 0 0;
WaferID "18";
Slot 18;
SampleCenterLocation 100000 100000;
ClassLookup 1
  0 "0"  ;
OrientationInstructions "Front";
CoordinatesMirrored No;
InspectionTest 1;
SampleTestPlan 1
  0 0 ;
AreaPerTest 2.85063e+010;
ClusterClassificationList 1
  1 200 ;
DefectRecordSpec 15 DEFECTID XREL YREL XINDEX YINDEX XSIZE YSIZE DEFECTAREA DSIZE CLASSNUMBER TEST CLUSTERNUMBER ROUGHBINNUMBER FINEBINNUMBER REVIEWSAMPLE ;
DefectList
 1 114237.000 72566.000 0 0 0.000 0.000 0.000 0.213 0 1 0 0 0 0
 2 114622.000 134396.000 0 0 0.000 0.000 0.000 0.120 0 1 0 0 0 0
 3 59248.000 72867.000 0 0 0.000 0.000 0.000 0.138 0 1 0 0 0 0
 4 57193.000 59160.000 0 0 0.000 0.000 0.000 0.120 0 1 0 0 0 0
 5 164868.000 126652.000 0 0 0.000 0.000 0.000 0.168 0 1 0 0 0 0
 6 67628.000 26566.000 0 0 0.000 0.000 0.000 0.157 0 1 0 0 0 0
 7 20702.000 122158.000 0 0 0.000 0.000 0.000 0.180 0 1 0 0 0 0
 8 63297.000 177052.000 0 0 0.000 0.000 0.000 0.292 0 1 0 0 0 0
 9 106149.000 186322.000 0 0 0.000 0.000 0.000 0.166 0 1 0 0 0 0
 10 16029.000 122076.000 0 0 0.000 0.000 0.000 0.139 0 1 0 0 0 0
 11 68330.000 19138.000 0 0 0.000 0.000 0.000 0.144 0 1 0 0 0 0
 12 183589.000 125776.000 0 0 0.000 0.000 0.000 0.181 0 1 0 0 0 0
 13 27057.000 47475.000 0 0 0.000 0.000 0.000 0.122 0 1 0 0 0 0
 14 21509.000 149827.000 0 0 0.000 0.000 0.000 200000.000 0 1 0 200 0 0
 15 22615.000 152454.000 0 0 0.000 0.000 0.000 200000.000 0 1 0 200 0 0
 16 18044.000 146337.000 0 0 54.000 46.000 2484.000 49.839 0 1 1 200 0 0
 17 19033.000 146632.000 0 0 54.000 46.000 2484.000 49.839 0 1 1 200 0 0
 18 18562.000 146907.000 0 0 54.000 46.000 2484.000 49.839 0 1 1 200 0 0
 19 19004.000 145787.000 0 0 30.730 54.360 1670.525 40.872 0 1 1 200 0 0
 20 18854.000 145868.000 0 0 41.775 73.904 3087.395 55.564 0 1 1 200 0 0
 21 18711.000 145962.000 0 0 48.468 85.722 4154.801 64.457 0 1 1 200 0 0
 22 18561.000 146041.000 0 0 83.865 148.343 12440.831 111.538 0 1 1 200 0 0
 23 18420.000 146137.000 0 0 86.250 152.509 13154.082 114.691 0 1 1 200 0 0
 24 18269.000 146215.000 0 0 88.612 156.708 13886.276 117.840 0 1 1 200 0 0
 25 18120.000 146298.000 0 0 62.146 109.908 6830.440 82.646 0 1 1 200 0 0
 26 17967.000 146372.000 0 0 28.900 51.125 1477.545 38.438 0 1 1 200 0 0;
ProcessEquipmentIDList 1
  "6448" ;
SummarySpec 5
  TESTNO    NDEFECT    DEFDENSITY    NDIE    NDEFDIE  ;
SummaryList 
  1    26    0.09121    1    1  ;
EndOfFile;
