FileVersion 1 2;
FileTimestamp 12-31-25 15:48:42;
InspectionStationID "KLA-Tencor" "SFSSP1" "0901-0728-TBI";
SampleType WAFER;
ResultTimestamp 12-31-25 15:31:19;
LotID "2850";
SampleSize 1 200;
DeviceID "None";
SetupID "T2-2850A" 12-31-25 15:31:19;
StepID "6346";
SampleOrientationMarkType NOTCH;
OrientationMarkLocation DOWN;
DiePitch 200000 200000;
DieOrigin 0 0;
WaferID "24";
Slot 24;
SampleCenterLocation 100000 100000;
ClassLookup 1
  0 "0"  ;
OrientationInstructions "Front";
CoordinatesMirrored No;
InspectionTest 1;
SampleTestPlan 1
  0 0 ;
AreaPerTest 2.85008e+010;
ClusterClassificationList 5
  2 200 
  4 200 
  3 200 
  1 200 
  5 200 ;
DefectRecordSpec 15 DEFECTID XREL YREL XINDEX YINDEX XSIZE YSIZE DEFECTAREA DSIZE CLASSNUMBER TEST CLUSTERNUMBER ROUGHBINNUMBER FINEBINNUMBER REVIEWSAMPLE ;
DefectList
 1 96374.000 91895.000 0 0 0.000 0.000 0.000 200000.000 0 1 0 200 0 0
 2 95326.000 92097.000 0 0 0.000 0.000 0.000 200000.000 0 1 0 200 0 0
 3 96372.000 92023.000 0 0 0.000 0.000 0.000 200000.000 0 1 0 200 0 0
 4 117396.000 86157.000 0 0 0.000 0.000 0.000 0.165 0 1 0 0 0 0
 5 116877.000 84440.000 0 0 0.000 0.000 0.000 0.125 0 1 0 0 0 0
 6 117185.000 84727.000 0 0 0.000 0.000 0.000 0.176 0 1 0 0 0 0
 7 119758.000 86439.000 0 0 0.000 0.000 0.000 0.123 0 1 0 0 0 0
 8 120661.000 87048.000 0 0 0.000 0.000 0.000 0.274 0 1 0 0 0 0
 9 69165.000 110178.000 0 0 0.000 0.000 0.000 0.129 0 1 0 0 0 0
 10 68321.000 110625.000 0 0 0.000 0.000 0.000 0.139 0 1 0 0 0 0
 11 60820.000 104258.000 0 0 0.000 0.000 0.000 0.130 0 1 0 0 0 0
 12 60771.000 103949.000 0 0 0.000 0.000 0.000 0.173 0 1 0 0 0 0
 13 60703.000 104411.000 0 0 0.000 0.000 0.000 0.142 0 1 0 0 0 0
 14 64771.000 118300.000 0 0 0.000 0.000 0.000 0.134 0 1 0 0 0 0
 15 61012.000 107628.000 0 0 54.000 32.000 1728.000 41.569 0 1 2 200 0 0
 16 60859.000 106815.000 0 0 54.000 32.000 1728.000 41.569 0 1 2 200 0 0
 17 60366.000 102482.000 0 0 0.000 0.000 0.000 0.151 0 1 0 0 0 0
 18 60449.000 102394.000 0 0 0.000 0.000 0.000 0.152 0 1 0 0 0 0
 19 60329.000 100903.000 0 0 0.000 0.000 0.000 0.150 0 1 0 0 0 0
 20 60987.000 108012.000 0 0 54.000 34.000 1836.000 42.848 0 1 2 200 0 0
 21 61308.000 109464.000 0 0 54.000 34.000 1836.000 42.848 0 1 4 200 0 0
 22 61025.000 107946.000 0 0 54.000 32.000 1728.000 41.569 0 1 2 200 0 0
 23 60227.000 100510.000 0 0 0.000 0.000 0.000 0.154 0 1 0 0 0 0
 24 61656.000 112200.000 0 0 0.000 0.000 0.000 0.168 0 1 0 0 0 0
 25 60417.000 108323.000 0 0 54.000 34.000 1836.000 42.848 0 1 2 200 0 0
 26 60054.000 108659.000 0 0 54.000 34.000 1836.000 42.848 0 1 2 200 0 0
 27 59643.000 107684.000 0 0 54.000 32.000 1728.000 41.569 0 1 3 200 0 0
 28 59202.000 107225.000 0 0 54.000 32.000 1728.000 41.569 0 1 3 200 0 0
 29 57546.000 104713.000 0 0 0.000 0.000 0.000 0.175 0 1 0 0 0 0
 30 56655.000 102882.000 0 0 50.000 26.000 1300.000 36.055 0 1 1 200 0 0
 31 56438.000 103133.000 0 0 50.000 26.000 1300.000 36.055 0 1 1 200 0 0
 32 56236.000 102188.000 0 0 50.000 26.000 1300.000 36.055 0 1 1 200 0 0
 33 54223.000 105898.000 0 0 0.000 0.000 0.000 0.136 0 1 0 0 0 0
 34 91507.000 147061.000 0 0 0.000 0.000 0.000 0.214 0 1 0 0 0 0
 35 57734.000 127566.000 0 0 0.000 0.000 0.000 0.225 0 1 0 0 0 0
 36 54648.000 124130.000 0 0 0.000 0.000 0.000 0.217 0 1 0 0 0 0
 37 53743.000 122820.000 0 0 0.000 0.000 0.000 0.141 0 1 0 0 0 0
 38 51455.000 120318.000 0 0 0.000 0.000 0.000 0.147 0 1 0 0 0 0
 39 50512.000 118813.000 0 0 0.000 0.000 0.000 0.133 0 1 0 0 0 0
 40 49675.000 117182.000 0 0 0.000 0.000 0.000 0.132 0 1 0 0 0 0
 41 44034.000 108469.000 0 0 0.000 0.000 0.000 0.170 0 1 0 0 0 0
 42 43524.000 107631.000 0 0 0.000 0.000 0.000 0.144 0 1 0 0 0 0
 43 43084.000 107058.000 0 0 0.000 0.000 0.000 0.215 0 1 0 0 0 0
 44 42881.000 106968.000 0 0 0.000 0.000 0.000 0.171 0 1 0 0 0 0
 45 47166.000 153951.000 0 0 0.000 0.000 0.000 0.228 0 1 0 0 0 0
 46 118012.000 173426.000 0 0 0.000 0.000 0.000 0.123 0 1 0 0 0 0
 47 70485.000 179509.000 0 0 0.000 0.000 0.000 0.125 0 1 0 0 0 0
 48 157438.000 171738.000 0 0 0.000 0.000 0.000 0.133 0 1 0 0 0 0
 49 8345.000 111784.000 0 0 52.000 30.000 1560.000 39.496 0 1 5 200 0 0
 50 6832.000 108178.000 0 0 0.000 0.000 0.000 0.167 0 1 0 0 0 0
 51 5951.000 107626.000 0 0 0.000 0.000 0.000 0.126 0 1 0 0 0 0
 52 6538.000 77068.000 0 0 0.000 0.000 0.000 200000.000 0 1 0 200 0 0
 53 61739.000 109307.000 0 0 12.046 49.524 596.612 24.425 0 1 4 200 0 0
 54 61584.000 109384.000 0 0 45.437 185.994 8451.144 91.930 0 1 4 200 0 0
 55 61428.000 109460.000 0 0 51.245 208.943 10707.388 103.476 0 1 4 200 0 0
 56 61269.000 109526.000 0 0 23.290 94.688 2205.322 46.960 0 1 4 200 0 0
 57 60977.000 108287.000 0 0 16.686 78.572 1311.097 36.209 0 1 2 200 0 0
 58 60812.000 108329.000 0 0 19.166 90.171 1728.312 41.572 0 1 2 200 0 0
 59 60651.000 108389.000 0 0 2.412 11.314 27.292 5.224 0 1 2 200 0 0
 60 60478.000 108393.000 0 0 17.703 83.364 1475.872 38.417 0 1 2 200 0 0
 61 60328.000 108506.000 0 0 46.486 216.800 10078.344 100.390 0 1 2 200 0 0
 62 60178.000 108611.000 0 0 19.401 89.722 1740.737 41.722 0 1 2 200 0 0
 63 59523.000 107085.000 0 0 39.059 223.140 8715.866 93.358 0 1 3 200 0 0
 64 59372.000 107205.000 0 0 44.211 249.296 11021.779 104.984 0 1 3 200 0 0
 65 59206.000 107239.000 0 0 12.146 68.443 831.338 28.832 0 1 3 200 0 0
 66 56543.000 102058.000 0 0 12.041 254.155 3060.324 55.320 0 1 1 200 0 0
 67 56376.000 102101.000 0 0 10.374 215.391 2234.647 47.272 0 1 1 200 0 0
 68 56368.000 101975.000 0 0 0.284 6.272 1.782 1.334 0 1 1 200 0 0
 69 56210.000 102190.000 0 0 0.419 8.394 3.525 1.877 0 1 1 200 0 0
 70 56206.000 102123.000 0 0 0.407 8.394 3.418 1.848 0 1 1 200 0 0
 71 8838.000 111888.000 0 0 19.945 152.947 3050.657 55.232 0 1 5 200 0 0
 72 8660.000 111831.000 0 0 28.924 223.305 6458.975 80.367 0 1 5 200 0 0
 73 8482.000 111790.000 0 0 13.563 105.280 1427.943 37.788 0 1 5 200 0 0
 74 8309.000 111788.000 0 0 3.954 30.758 121.634 11.028 0 1 5 200 0 0;
ProcessEquipmentIDList 1
  "6448" ;
SummarySpec 5
  TESTNO    NDEFECT    DEFDENSITY    NDIE    NDEFDIE  ;
SummaryList 
  1    74    0.2596    1    1  ;
EndOfFile;
