FileVersion 1 2;
FileTimestamp 12-31-25 15:03:47;
InspectionStationID "KLA-Tencor" "SFSSP1" "0901-0728-TBI";
SampleType WAFER;
ResultTimestamp 12-31-25 14:55:53;
LotID "2850";
SampleSize 1 200;
DeviceID "None";
SetupID "T2-2850A" 12-31-25 14:55:53;
StepID "6346";
SampleOrientationMarkType NOTCH;
OrientationMarkLocation DOWN;
DiePitch 200000 200000;
DieOrigin 0 0;
WaferID "13";
Slot 13;
SampleCenterLocation 100000 100000;
ClassLookup 1
  0 "0"  ;
OrientationInstructions "Front";
CoordinatesMirrored No;
InspectionTest 1;
SampleTestPlan 1
  0 0 ;
AreaPerTest 2.85008e+010;
ClusterClassificationList 2
  2 200 
  1 210 ;
DefectRecordSpec 15 DEFECTID XREL YREL XINDEX YINDEX XSIZE YSIZE DEFECTAREA DSIZE CLASSNUMBER TEST CLUSTERNUMBER ROUGHBINNUMBER FINEBINNUMBER REVIEWSAMPLE ;
DefectList
 1 122981.000 104208.000 0 0 0.000 0.000 0.000 0.122 0 1 0 0 0 0
 2 74791.000 57394.000 0 0 0.000 0.000 0.000 0.278 0 1 0 0 0 0
 3 151387.000 91878.000 0 0 52.000 30.000 1560.000 39.496 0 1 2 200 0 0
 4 151679.000 92115.000 0 0 52.000 30.000 1560.000 39.496 0 1 2 200 0 0
 5 152070.000 91752.000 0 0 52.000 30.000 1560.000 39.496 0 1 2 200 0 0
 6 137434.000 42013.000 0 0 48.000 56.000 2688.000 51.845 0 1 1 210 0 0
 7 137398.000 41556.000 0 0 48.000 56.000 2688.000 51.845 0 1 1 210 0 0
 8 137950.000 40726.000 0 0 48.000 56.000 2688.000 51.845 0 1 1 210 0 0
 9 95849.000 29256.000 0 0 0.000 0.000 0.000 0.120 0 1 0 0 0 0
 10 87562.000 29910.000 0 0 0.000 0.000 0.000 0.200 0 1 0 0 0 0
 11 87669.000 29330.000 0 0 0.000 0.000 0.000 0.242 0 1 0 0 0 0
 12 135786.000 29911.000 0 0 0.000 0.000 0.000 0.146 0 1 0 0 0 0
 13 60301.000 168767.000 0 0 0.000 0.000 0.000 200000.000 0 1 0 200 0 0
 14 75690.000 178112.000 0 0 0.000 0.000 0.000 0.297 0 1 0 0 0 0
 15 54433.000 168242.000 0 0 0.000 0.000 0.000 0.289 0 1 0 0 0 0
 16 141071.000 27971.000 0 0 0.000 0.000 0.000 0.149 0 1 0 0 0 0
 17 127223.000 179269.000 0 0 0.000 0.000 0.000 0.462 0 1 0 0 0 0
 18 68652.000 179452.000 0 0 0.000 0.000 0.000 200000.000 0 1 0 200 0 0
 19 103461.000 184976.000 0 0 0.000 0.000 0.000 200000.000 0 1 0 200 0 0
 20 177913.000 63229.000 0 0 0.000 0.000 0.000 0.133 0 1 0 0 0 0
 21 96036.000 185913.000 0 0 0.000 0.000 0.000 200000.000 0 1 0 200 0 0
 22 95982.000 185990.000 0 0 0.000 0.000 0.000 200000.000 0 1 0 200 0 0
 23 66276.000 179851.000 0 0 0.000 0.000 0.000 200000.000 0 1 0 200 0 0
 24 73214.000 182772.000 0 0 0.000 0.000 0.000 200000.000 0 1 0 200 0 0
 25 84570.000 185864.000 0 0 0.000 0.000 0.000 0.227 0 1 0 0 0 0
 26 80696.000 187417.000 0 0 0.000 0.000 0.000 200000.000 0 1 0 200 0 0
 27 77047.000 186718.000 0 0 0.000 0.000 0.000 200000.000 0 1 0 200 0 0
 28 63674.000 182621.000 0 0 0.000 0.000 0.000 200000.000 0 1 0 200 0 0
 29 71466.000 186673.000 0 0 0.000 0.000 0.000 200000.000 0 1 0 200 0 0
 30 71564.000 187064.000 0 0 0.000 0.000 0.000 0.299 0 1 0 0 0 0
 31 36252.000 32168.000 0 0 0.000 0.000 0.000 0.139 0 1 0 0 0 0
 32 43606.000 173999.000 0 0 0.000 0.000 0.000 200000.000 0 1 0 200 0 0
 33 194206.000 84109.000 0 0 0.000 0.000 0.000 200000.000 0 1 0 200 0 0
 34 73235.000 191662.000 0 0 0.000 0.000 0.000 200000.000 0 1 0 200 0 0
 35 74111.000 192792.000 0 0 0.000 0.000 0.000 200000.000 0 1 0 200 0 0
 36 73558.000 193169.000 0 0 0.000 0.000 0.000 200000.000 0 1 0 200 0 0
 37 150976.000 91909.000 0 0 1.165 7.340 8.553 2.924 0 1 2 200 0 0
 38 151142.000 91870.000 0 0 1.950 12.266 23.922 4.890 0 1 2 200 0 0
 39 151150.000 91916.000 0 0 11.626 73.561 855.226 29.244 0 1 2 200 0 0
 40 151317.000 91886.000 0 0 15.558 98.393 1530.901 39.126 0 1 2 200 0 0
 41 151485.000 91861.000 0 0 25.364 160.435 4069.379 63.791 0 1 2 200 0 0
 42 151651.000 91824.000 0 0 28.221 178.268 5030.910 70.928 0 1 2 200 0 0
 43 151815.000 91778.000 0 0 29.563 186.295 5507.612 74.213 0 1 2 200 0 0
 44 151986.000 91769.000 0 0 27.621 174.440 4818.293 69.413 0 1 2 200 0 0
 45 152157.000 91765.000 0 0 24.868 157.506 3916.972 62.585 0 1 2 200 0 0
 46 152326.000 91728.000 0 0 12.690 80.267 1018.625 31.915 0 1 2 200 0 0
 47 152333.000 91785.000 0 0 1.970 12.552 24.734 4.973 0 1 2 200 0 0
 48 152493.000 91707.000 0 0 1.194 7.559 9.028 3.004 0 1 2 200 0 0
 49 152496.000 91721.000 0 0 1.192 7.559 9.013 3.002 0 1 2 200 0 0
 50 136717.000 42634.000 0 0 63.243 40.479 2560.051 50.596 0 1 1 210 0 0
 51 136833.000 42505.000 0 0 77.176 49.441 3815.671 61.771 0 1 1 210 0 0
 52 136907.000 42351.000 0 0 118.837 76.079 9041.141 95.084 0 1 1 210 0 0
 53 136997.000 42206.000 0 0 105.273 67.391 7094.523 84.228 0 1 1 210 0 0
 54 137086.000 42063.000 0 0 141.643 90.666 12842.328 113.323 0 1 1 210 0 0
 55 137169.000 41913.000 0 0 167.077 106.908 17862.058 133.649 0 1 1 210 0 0
 56 137241.000 41756.000 0 0 189.856 121.396 23047.862 151.815 0 1 1 210 0 0
 57 137353.000 41627.000 0 0 162.303 103.859 16856.835 129.833 0 1 1 210 0 0
 58 137480.000 41506.000 0 0 171.034 109.591 18744.007 136.908 0 1 1 210 0 0
 59 137561.000 41356.000 0 0 115.266 73.828 8509.908 92.249 0 1 1 210 0 0
 60 137654.000 41215.000 0 0 50.735 32.499 1648.868 40.606 0 1 1 210 0 0;
ProcessEquipmentIDList 1
  "6448" ;
SummarySpec 5
  TESTNO    NDEFECT    DEFDENSITY    NDIE    NDEFDIE  ;
SummaryList 
  1    60    0.2105    1    1  ;
EndOfFile;
