FileVersion 1 2;
FileTimestamp 12-31-25 14:08:22;
InspectionStationID "KLA-Tencor" "SFSSP1" "0901-0728-TBI";
SampleType WAFER;
ResultTimestamp 12-31-25 14:04:25;
LotID "2850";
SampleSize 1 200;
DeviceID "None";
SetupID "T2-2850A" 12-31-25 14:04:25;
StepID "6346";
SampleOrientationMarkType NOTCH;
OrientationMarkLocation DOWN;
DiePitch 200000 200000;
DieOrigin 0 0;
WaferID "06";
Slot 6;
SampleCenterLocation 100000 100000;
ClassLookup 1
  0 "0"  ;
OrientationInstructions "Front";
CoordinatesMirrored No;
InspectionTest 1;
SampleTestPlan 1
  0 0 ;
AreaPerTest 2.85019e+010;
DefectRecordSpec 15 DEFECTID XREL YREL XINDEX YINDEX XSIZE YSIZE DEFECTAREA DSIZE CLASSNUMBER TEST CLUSTERNUMBER ROUGHBINNUMBER FINEBINNUMBER REVIEWSAMPLE ;
DefectList
 1 104119.000 97274.000 0 0 0.000 0.000 0.000 0.122 0 1 0 0 0 0
 2 104959.000 102333.000 0 0 0.000 0.000 0.000 0.121 0 1 0 0 0 0
 3 106168.000 98028.000 0 0 0.000 0.000 0.000 0.121 0 1 0 0 0 0
 4 104093.000 105379.000 0 0 0.000 0.000 0.000 0.120 0 1 0 0 0 0
 5 104738.000 105392.000 0 0 0.000 0.000 0.000 0.120 0 1 0 0 0 0
 6 104736.000 105393.000 0 0 0.000 0.000 0.000 0.120 0 1 0 0 0 0
 7 95904.000 92703.000 0 0 0.000 0.000 0.000 0.125 0 1 0 0 0 0
 8 106159.000 94367.000 0 0 0.000 0.000 0.000 0.120 0 1 0 0 0 0
 9 110729.000 106021.000 0 0 0.000 0.000 0.000 0.121 0 1 0 0 0 0
 10 109913.000 92989.000 0 0 0.000 0.000 0.000 0.122 0 1 0 0 0 0
 11 92065.000 90567.000 0 0 0.000 0.000 0.000 0.121 0 1 0 0 0 0
 12 95569.000 88170.000 0 0 0.000 0.000 0.000 0.120 0 1 0 0 0 0
 13 113296.000 101054.000 0 0 0.000 0.000 0.000 0.120 0 1 0 0 0 0
 14 86242.000 101666.000 0 0 0.000 0.000 0.000 0.120 0 1 0 0 0 0
 15 96536.000 86208.000 0 0 0.000 0.000 0.000 0.123 0 1 0 0 0 0
 16 88130.000 108781.000 0 0 0.000 0.000 0.000 0.120 0 1 0 0 0 0
 17 85150.000 93378.000 0 0 0.000 0.000 0.000 0.120 0 1 0 0 0 0
 18 115231.000 92916.000 0 0 0.000 0.000 0.000 0.122 0 1 0 0 0 0
 19 115035.000 110649.000 0 0 0.000 0.000 0.000 0.120 0 1 0 0 0 0
 20 85725.000 86781.000 0 0 0.000 0.000 0.000 0.120 0 1 0 0 0 0
 21 120000.000 101420.000 0 0 0.000 0.000 0.000 0.120 0 1 0 0 0 0
 22 120015.000 102055.000 0 0 0.000 0.000 0.000 0.121 0 1 0 0 0 0
 23 120586.000 98726.000 0 0 0.000 0.000 0.000 0.120 0 1 0 0 0 0
 24 102403.000 121390.000 0 0 0.000 0.000 0.000 0.123 0 1 0 0 0 0
 25 108105.000 119794.000 0 0 0.000 0.000 0.000 0.396 0 1 0 0 0 0
 26 121355.000 106229.000 0 0 0.000 0.000 0.000 0.120 0 1 0 0 0 0
 27 104321.000 78177.000 0 0 0.000 0.000 0.000 0.120 0 1 0 0 0 0
 28 122036.000 107717.000 0 0 0.000 0.000 0.000 0.122 0 1 0 0 0 0
 29 123158.000 104717.000 0 0 0.000 0.000 0.000 0.120 0 1 0 0 0 0
 30 76789.000 96441.000 0 0 0.000 0.000 0.000 0.230 0 1 0 0 0 0
 31 123299.000 107309.000 0 0 0.000 0.000 0.000 200000.000 0 1 0 200 0 0
 32 119037.000 84424.000 0 0 0.000 0.000 0.000 0.120 0 1 0 0 0 0
 33 79397.000 86089.000 0 0 0.000 0.000 0.000 0.120 0 1 0 0 0 0
 34 82838.000 81480.000 0 0 0.000 0.000 0.000 0.123 0 1 0 0 0 0
 35 74477.000 105326.000 0 0 0.000 0.000 0.000 0.120 0 1 0 0 0 0
 36 79066.000 117442.000 0 0 0.000 0.000 0.000 0.120 0 1 0 0 0 0
 37 124207.000 116200.000 0 0 0.000 0.000 0.000 0.121 0 1 0 0 0 0
 38 80895.000 76421.000 0 0 0.000 0.000 0.000 0.121 0 1 0 0 0 0
 39 119146.000 73778.000 0 0 0.000 0.000 0.000 200000.000 0 1 0 200 0 0
 40 97100.000 66196.000 0 0 0.000 0.000 0.000 0.122 0 1 0 0 0 0
 41 82260.000 67774.000 0 0 0.000 0.000 0.000 0.122 0 1 0 0 0 0
 42 80012.000 68855.000 0 0 0.000 0.000 0.000 0.121 0 1 0 0 0 0
 43 66385.000 76703.000 0 0 0.000 0.000 0.000 0.122 0 1 0 0 0 0
 44 94607.000 142310.000 0 0 0.000 0.000 0.000 0.122 0 1 0 0 0 0
 45 57634.000 88631.000 0 0 0.000 0.000 0.000 0.124 0 1 0 0 0 0
 46 96676.000 51796.000 0 0 0.000 0.000 0.000 0.122 0 1 0 0 0 0
 47 148421.000 112496.000 0 0 0.000 0.000 0.000 0.120 0 1 0 0 0 0
 48 87208.000 152139.000 0 0 0.000 0.000 0.000 0.120 0 1 0 0 0 0
 49 62087.000 52376.000 0 0 0.000 0.000 0.000 0.167 0 1 0 0 0 0
 50 160711.000 116949.000 0 0 0.000 0.000 0.000 0.124 0 1 0 0 0 0
 51 47230.000 145534.000 0 0 0.000 0.000 0.000 0.133 0 1 0 0 0 0
 52 170969.000 107831.000 0 0 0.000 0.000 0.000 0.139 0 1 0 0 0 0
 53 42996.000 29085.000 0 0 0.000 0.000 0.000 0.126 0 1 0 0 0 0
 54 126932.000 188442.000 0 0 0.000 0.000 0.000 200000.000 0 1 0 200 0 0;
ProcessEquipmentIDList 1
  "6448" ;
SummarySpec 5
  TESTNO    NDEFECT    DEFDENSITY    NDIE    NDEFDIE  ;
SummaryList 
  1    54    0.1895    1    1  ;
EndOfFile;
