FileVersion 1 2;
FileTimestamp 12-31-25 13:22:44;
InspectionStationID "KLA-Tencor" "SFSSP1" "0901-0728-TBI";
SampleType WAFER;
ResultTimestamp 12-31-25 13:20:30;
LotID "2850";
SampleSize 1 200;
DeviceID "None";
SetupID "T2-2850A" 12-31-25 13:20:30;
StepID "6346";
SampleOrientationMarkType NOTCH;
OrientationMarkLocation DOWN;
DiePitch 200000 200000;
DieOrigin 0 0;
WaferID "03";
Slot 3;
SampleCenterLocation 100000 100000;
ClassLookup 1
  0 "0"  ;
OrientationInstructions "Front";
CoordinatesMirrored No;
InspectionTest 1;
SampleTestPlan 1
  0 0 ;
AreaPerTest 2.85041e+010;
DefectRecordSpec 15 DEFECTID XREL YREL XINDEX YINDEX XSIZE YSIZE DEFECTAREA DSIZE CLASSNUMBER TEST CLUSTERNUMBER ROUGHBINNUMBER FINEBINNUMBER REVIEWSAMPLE ;
DefectList
 1 95297.000 89336.000 0 0 0.000 0.000 0.000 0.125 0 1 0 0 0 0
 2 126669.000 117507.000 0 0 0.000 0.000 0.000 0.141 0 1 0 0 0 0
 3 93497.000 61799.000 0 0 0.000 0.000 0.000 200000.000 0 1 0 200 0 0
 4 67522.000 126632.000 0 0 0.000 0.000 0.000 0.148 0 1 0 0 0 0
 5 150513.000 76997.000 0 0 0.000 0.000 0.000 0.136 0 1 0 0 0 0
 6 23757.000 91938.000 0 0 0.000 0.000 0.000 0.137 0 1 0 0 0 0
 7 24174.000 128603.000 0 0 0.000 0.000 0.000 0.129 0 1 0 0 0 0
 8 34155.000 52429.000 0 0 0.000 0.000 0.000 0.126 0 1 0 0 0 0
 9 179448.000 118630.000 0 0 0.000 0.000 0.000 0.140 0 1 0 0 0 0
 10 45751.000 166197.000 0 0 0.000 0.000 0.000 0.154 0 1 0 0 0 0
 11 41997.000 35146.000 0 0 0.000 0.000 0.000 0.121 0 1 0 0 0 0
 12 162013.000 166504.000 0 0 0.000 0.000 0.000 0.154 0 1 0 0 0 0
 13 65694.000 15133.000 0 0 0.000 0.000 0.000 0.124 0 1 0 0 0 0
 14 164514.000 165573.000 0 0 0.000 0.000 0.000 0.142 0 1 0 0 0 0
 15 163059.000 167552.000 0 0 0.000 0.000 0.000 0.151 0 1 0 0 0 0
 16 162196.000 168277.000 0 0 0.000 0.000 0.000 0.139 0 1 0 0 0 0
 17 12825.000 130018.000 0 0 0.000 0.000 0.000 0.134 0 1 0 0 0 0
 18 163601.000 167779.000 0 0 0.000 0.000 0.000 0.237 0 1 0 0 0 0
 19 162599.000 168607.000 0 0 0.000 0.000 0.000 0.143 0 1 0 0 0 0
 20 161745.000 169430.000 0 0 0.000 0.000 0.000 0.130 0 1 0 0 0 0
 21 163934.000 167543.000 0 0 0.000 0.000 0.000 0.143 0 1 0 0 0 0
 22 162009.000 169527.000 0 0 0.000 0.000 0.000 0.163 0 1 0 0 0 0
 23 167821.000 164848.000 0 0 0.000 0.000 0.000 0.129 0 1 0 0 0 0
 24 167017.000 165863.000 0 0 0.000 0.000 0.000 0.157 0 1 0 0 0 0
 25 166547.000 166366.000 0 0 0.000 0.000 0.000 0.147 0 1 0 0 0 0
 26 3773.000 98194.000 0 0 0.000 0.000 0.000 0.121 0 1 0 0 0 0
 27 8289.000 130494.000 0 0 0.000 0.000 0.000 0.120 0 1 0 0 0 0;
ProcessEquipmentIDList 1
  "6448" ;
SummarySpec 5
  TESTNO    NDEFECT    DEFDENSITY    NDIE    NDEFDIE  ;
SummaryList 
  1    27    0.09472    1    1  ;
EndOfFile;
