FileVersion 1 2;
FileTimestamp 12-31-25 17:40:31;
InspectionStationID "KLA-Tencor" "SFSSP1" "0901-0728-TBI";
SampleType WAFER;
ResultTimestamp 12-31-25 17:38:17;
LotID "2850";
SampleSize 1 200;
DeviceID "None";
SetupID "T2-2850A" 12-31-25 17:38:17;
StepID "6346";
SampleOrientationMarkType NOTCH;
OrientationMarkLocation DOWN;
DiePitch 200000 200000;
DieOrigin 0 0;
WaferID "03";
Slot 3;
SampleCenterLocation 100000 100000;
ClassLookup 1
  0 "0"  ;
OrientationInstructions "Front";
CoordinatesMirrored No;
InspectionTest 1;
SampleTestPlan 1
  0 0 ;
AreaPerTest 2.85004e+010;
ClusterClassificationList 1
  1 200 ;
DefectRecordSpec 15 DEFECTID XREL YREL XINDEX YINDEX XSIZE YSIZE DEFECTAREA DSIZE CLASSNUMBER TEST CLUSTERNUMBER ROUGHBINNUMBER FINEBINNUMBER REVIEWSAMPLE ;
DefectList
 1 73986.000 138224.000 0 0 0.000 0.000 0.000 0.148 0 1 0 0 0 0
 2 42180.000 85545.000 0 0 0.000 0.000 0.000 0.272 0 1 0 0 0 0
 3 168976.000 101347.000 0 0 0.000 0.000 0.000 0.151 0 1 0 0 0 0
 4 79805.000 181373.000 0 0 0.000 0.000 0.000 0.125 0 1 0 0 0 0
 5 79667.000 181200.000 0 0 0.000 0.000 0.000 0.120 0 1 0 0 0 0
 6 75767.000 183176.000 0 0 0.000 0.000 0.000 0.139 0 1 0 0 0 0
 7 182994.000 75656.000 0 0 0.000 0.000 0.000 0.123 0 1 0 0 0 0
 8 183098.000 76010.000 0 0 0.000 0.000 0.000 0.125 0 1 0 0 0 0
 9 183157.000 76213.000 0 0 0.000 0.000 0.000 0.122 0 1 0 0 0 0
 10 12643.000 112694.000 0 0 52.000 30.000 1560.000 39.496 0 1 1 200 0 0
 11 11730.000 112493.000 0 0 52.000 30.000 1560.000 39.496 0 1 1 200 0 0
 12 11788.000 113058.000 0 0 52.000 30.000 1560.000 39.496 0 1 1 200 0 0
 13 157911.000 27341.000 0 0 0.000 0.000 0.000 0.120 0 1 0 0 0 0
 14 15980.000 140544.000 0 0 0.000 0.000 0.000 0.464 0 1 0 0 0 0
 15 146155.000 19121.000 0 0 0.000 0.000 0.000 0.132 0 1 0 0 0 0
 16 13347.000 112594.000 0 0 6.038 41.546 250.877 15.839 0 1 1 200 0 0
 17 13179.000 112610.000 0 0 25.390 174.811 4438.552 66.622 0 1 1 200 0 0
 18 13009.000 112627.000 0 0 15.134 104.261 1577.981 39.723 0 1 1 200 0 0
 19 12843.000 112664.000 0 0 24.891 171.310 4264.235 65.301 0 1 1 200 0 0
 20 12676.000 112707.000 0 0 23.146 159.062 3681.791 60.677 0 1 1 200 0 0
 21 12489.000 112601.000 0 0 66.447 461.456 30662.773 175.107 0 1 1 200 0 0
 22 12341.000 112759.000 0 0 33.028 226.906 7494.305 86.569 0 1 1 200 0 0
 23 12176.000 112802.000 0 0 39.890 273.652 10916.033 104.479 0 1 1 200 0 0
 24 12000.000 112773.000 0 0 36.739 253.115 9299.382 96.433 0 1 1 200 0 0
 25 11832.000 112801.000 0 0 24.544 169.050 4149.331 64.415 0 1 1 200 0 0
 26 11662.000 112820.000 0 0 20.280 139.743 2834.015 53.235 0 1 1 200 0 0
 27 11494.000 112841.000 0 0 3.692 25.448 93.962 9.693 0 1 1 200 0 0;
ProcessEquipmentIDList 1
  "6448" ;
SummarySpec 5
  TESTNO    NDEFECT    DEFDENSITY    NDIE    NDEFDIE  ;
SummaryList 
  1    27    0.09474    1    1  ;
EndOfFile;
