FileVersion 1 2;
FileTimestamp 12-31-25 14:52:34;
InspectionStationID "KLA-Tencor" "SFSSP1" "0901-0728-TBI";
SampleType WAFER;
ResultTimestamp 12-31-25 14:32:05;
LotID "2850";
SampleSize 1 200;
DeviceID "None";
SetupID "T2-2850A" 12-31-25 14:32:05;
StepID "6346";
SampleOrientationMarkType NOTCH;
OrientationMarkLocation DOWN;
DiePitch 200000 200000;
DieOrigin 0 0;
WaferID "22";
Slot 22;
SampleCenterLocation 100000 100000;
ClassLookup 1
  0 "0"  ;
OrientationInstructions "Front";
CoordinatesMirrored No;
InspectionTest 1;
SampleTestPlan 1
  0 0 ;
AreaPerTest 2.85014e+010;
DefectRecordSpec 15 DEFECTID XREL YREL XINDEX YINDEX XSIZE YSIZE DEFECTAREA DSIZE CLASSNUMBER TEST CLUSTERNUMBER ROUGHBINNUMBER FINEBINNUMBER REVIEWSAMPLE ;
DefectList
 1 85281.000 103944.000 0 0 0.000 0.000 0.000 0.175 0 1 0 0 0 0
 2 130522.000 104933.000 0 0 0.000 0.000 0.000 0.290 0 1 0 0 0 0
 3 69493.000 93892.000 0 0 0.000 0.000 0.000 0.257 0 1 0 0 0 0
 4 69399.000 112934.000 0 0 0.000 0.000 0.000 0.299 0 1 0 0 0 0
 5 68091.000 77879.000 0 0 0.000 0.000 0.000 0.128 0 1 0 0 0 0
 6 139235.000 90269.000 0 0 0.000 0.000 0.000 0.139 0 1 0 0 0 0
 7 71967.000 129348.000 0 0 0.000 0.000 0.000 0.126 0 1 0 0 0 0
 8 141267.000 104165.000 0 0 0.000 0.000 0.000 0.128 0 1 0 0 0 0
 9 64187.000 127468.000 0 0 0.000 0.000 0.000 0.253 0 1 0 0 0 0
 10 68879.000 134810.000 0 0 0.000 0.000 0.000 0.237 0 1 0 0 0 0
 11 65576.000 134614.000 0 0 0.000 0.000 0.000 0.143 0 1 0 0 0 0
 12 68227.000 63455.000 0 0 0.000 0.000 0.000 0.124 0 1 0 0 0 0
 13 130541.000 143081.000 0 0 0.000 0.000 0.000 0.222 0 1 0 0 0 0
 14 127730.000 146976.000 0 0 0.000 0.000 0.000 0.241 0 1 0 0 0 0
 15 106725.000 154763.000 0 0 0.000 0.000 0.000 0.128 0 1 0 0 0 0
 16 133157.000 146053.000 0 0 0.000 0.000 0.000 0.207 0 1 0 0 0 0
 17 73285.000 152271.000 0 0 0.000 0.000 0.000 0.125 0 1 0 0 0 0
 18 139455.000 153339.000 0 0 0.000 0.000 0.000 0.158 0 1 0 0 0 0
 19 154007.000 52886.000 0 0 0.000 0.000 0.000 0.130 0 1 0 0 0 0
 20 156347.000 48335.000 0 0 0.000 0.000 0.000 0.273 0 1 0 0 0 0
 21 66874.000 171887.000 0 0 0.000 0.000 0.000 0.126 0 1 0 0 0 0
 22 168355.000 60041.000 0 0 0.000 0.000 0.000 0.121 0 1 0 0 0 0
 23 22430.000 71309.000 0 0 0.000 0.000 0.000 0.133 0 1 0 0 0 0
 24 158554.000 40934.000 0 0 0.000 0.000 0.000 0.139 0 1 0 0 0 0
 25 128541.000 184557.000 0 0 0.000 0.000 0.000 0.121 0 1 0 0 0 0
 26 24504.000 153097.000 0 0 0.000 0.000 0.000 0.128 0 1 0 0 0 0
 27 16119.000 60982.000 0 0 0.000 0.000 0.000 0.146 0 1 0 0 0 0
 28 8263.000 121990.000 0 0 0.000 0.000 0.000 0.124 0 1 0 0 0 0
 29 189552.000 137237.000 0 0 0.000 0.000 0.000 0.128 0 1 0 0 0 0;
ProcessEquipmentIDList 1
  "6448" ;
SummarySpec 5
  TESTNO    NDEFECT    DEFDENSITY    NDIE    NDEFDIE  ;
SummaryList 
  1    29    0.1017    1    1  ;
EndOfFile;
