FileVersion 1 2;
FileTimestamp 12-31-25 17:02:51;
InspectionStationID "KLA-Tencor" "SFSSP1" "0901-0728-TBI";
SampleType WAFER;
ResultTimestamp 12-31-25 17:01:11;
LotID "2850";
SampleSize 1 200;
DeviceID "None";
SetupID "T2-2850A" 12-31-25 17:01:11;
StepID "6346";
SampleOrientationMarkType NOTCH;
OrientationMarkLocation DOWN;
DiePitch 200000 200000;
DieOrigin 0 0;
WaferID "02";
Slot 2;
SampleCenterLocation 100000 100000;
ClassLookup 1
  0 "0"  ;
OrientationInstructions "Front";
CoordinatesMirrored No;
InspectionTest 1;
SampleTestPlan 1
  0 0 ;
AreaPerTest 2.85033e+010;
DefectRecordSpec 15 DEFECTID XREL YREL XINDEX YINDEX XSIZE YSIZE DEFECTAREA DSIZE CLASSNUMBER TEST CLUSTERNUMBER ROUGHBINNUMBER FINEBINNUMBER REVIEWSAMPLE ;
DefectList
 1 82472.000 120808.000 0 0 0.000 0.000 0.000 0.140 0 1 0 0 0 0
 2 66254.000 107586.000 0 0 0.000 0.000 0.000 0.137 0 1 0 0 0 0
 3 60546.000 90582.000 0 0 0.000 0.000 0.000 0.130 0 1 0 0 0 0
 4 56998.000 94769.000 0 0 0.000 0.000 0.000 0.135 0 1 0 0 0 0
 5 138200.000 122990.000 0 0 0.000 0.000 0.000 0.459 0 1 0 0 0 0
 6 48483.000 104267.000 0 0 0.000 0.000 0.000 0.160 0 1 0 0 0 0
 7 46769.000 98640.000 0 0 0.000 0.000 0.000 0.120 0 1 0 0 0 0
 8 43131.000 87042.000 0 0 0.000 0.000 0.000 0.120 0 1 0 0 0 0
 9 105463.000 40620.000 0 0 0.000 0.000 0.000 0.202 0 1 0 0 0 0
 10 138223.000 53519.000 0 0 0.000 0.000 0.000 0.121 0 1 0 0 0 0
 11 159897.000 123007.000 0 0 0.000 0.000 0.000 0.133 0 1 0 0 0 0
 12 36552.000 72294.000 0 0 0.000 0.000 0.000 0.123 0 1 0 0 0 0
 13 83073.000 24961.000 0 0 0.000 0.000 0.000 0.131 0 1 0 0 0 0
 14 27017.000 127231.000 0 0 0.000 0.000 0.000 0.155 0 1 0 0 0 0
 15 108503.000 22145.000 0 0 0.000 0.000 0.000 0.153 0 1 0 0 0 0
 16 158105.000 45131.000 0 0 0.000 0.000 0.000 0.121 0 1 0 0 0 0
 17 158413.000 155792.000 0 0 0.000 0.000 0.000 0.459 0 1 0 0 0 0
 18 178715.000 54282.000 0 0 0.000 0.000 0.000 0.136 0 1 0 0 0 0
 19 183612.000 62072.000 0 0 0.000 0.000 0.000 0.121 0 1 0 0 0 0
 20 64351.000 15608.000 0 0 0.000 0.000 0.000 0.139 0 1 0 0 0 0
 21 181641.000 54519.000 0 0 0.000 0.000 0.000 0.126 0 1 0 0 0 0;
ProcessEquipmentIDList 1
  "6448" ;
SummarySpec 5
  TESTNO    NDEFECT    DEFDENSITY    NDIE    NDEFDIE  ;
SummaryList 
  1    21    0.07368    1    1  ;
EndOfFile;
