FileVersion 1 2;
FileTimestamp 12-31-25 15:39:11;
InspectionStationID "KLA-Tencor" "SFSSP1" "0901-0728-TBI";
SampleType WAFER;
ResultTimestamp 12-31-25 15:31:19;
LotID "2850";
SampleSize 1 200;
DeviceID "None";
SetupID "T2-2850A" 12-31-25 15:31:19;
StepID "6346";
SampleOrientationMarkType NOTCH;
OrientationMarkLocation DOWN;
DiePitch 200000 200000;
DieOrigin 0 0;
WaferID "13";
Slot 13;
SampleCenterLocation 100000 100000;
ClassLookup 1
  0 "0"  ;
OrientationInstructions "Front";
CoordinatesMirrored No;
InspectionTest 1;
SampleTestPlan 1
  0 0 ;
AreaPerTest 2.85023e+010;
DefectRecordSpec 15 DEFECTID XREL YREL XINDEX YINDEX XSIZE YSIZE DEFECTAREA DSIZE CLASSNUMBER TEST CLUSTERNUMBER ROUGHBINNUMBER FINEBINNUMBER REVIEWSAMPLE ;
DefectList
 1 106206.000 132832.000 0 0 0.000 0.000 0.000 0.134 0 1 0 0 0 0
 2 140525.000 98837.000 0 0 0.000 0.000 0.000 0.156 0 1 0 0 0 0
 3 135519.000 126851.000 0 0 0.000 0.000 0.000 0.138 0 1 0 0 0 0
 4 108760.000 52821.000 0 0 0.000 0.000 0.000 0.122 0 1 0 0 0 0
 5 104150.000 48189.000 0 0 0.000 0.000 0.000 0.123 0 1 0 0 0 0
 6 147356.000 74830.000 0 0 0.000 0.000 0.000 0.219 0 1 0 0 0 0
 7 47710.000 85204.000 0 0 0.000 0.000 0.000 0.341 0 1 0 0 0 0
 8 101285.000 41677.000 0 0 0.000 0.000 0.000 0.147 0 1 0 0 0 0
 9 148325.000 63536.000 0 0 0.000 0.000 0.000 0.133 0 1 0 0 0 0
 10 121108.000 41725.000 0 0 0.000 0.000 0.000 0.142 0 1 0 0 0 0
 11 150470.000 43457.000 0 0 0.000 0.000 0.000 0.135 0 1 0 0 0 0
 12 57904.000 36851.000 0 0 0.000 0.000 0.000 0.123 0 1 0 0 0 0
 13 181105.000 72494.000 0 0 0.000 0.000 0.000 0.122 0 1 0 0 0 0
 14 169331.000 153447.000 0 0 0.000 0.000 0.000 0.132 0 1 0 0 0 0
 15 142395.000 177158.000 0 0 0.000 0.000 0.000 0.124 0 1 0 0 0 0
 16 49153.000 173244.000 0 0 0.000 0.000 0.000 0.232 0 1 0 0 0 0
 17 97677.000 10428.000 0 0 0.000 0.000 0.000 0.124 0 1 0 0 0 0
 18 41529.000 29155.000 0 0 0.000 0.000 0.000 200000.000 0 1 0 200 0 0
 19 41024.000 29141.000 0 0 0.000 0.000 0.000 200000.000 0 1 0 200 0 0
 20 192688.000 106472.000 0 0 0.000 0.000 0.000 0.121 0 1 0 0 0 0
 21 160421.000 28267.000 0 0 0.000 0.000 0.000 0.145 0 1 0 0 0 0;
ProcessEquipmentIDList 1
  "6448" ;
SummarySpec 5
  TESTNO    NDEFECT    DEFDENSITY    NDIE    NDEFDIE  ;
SummaryList 
  1    21    0.07368    1    1  ;
EndOfFile;
