FileVersion 1 2;
FileTimestamp 12-31-25 15:06:42;
InspectionStationID "KLA-Tencor" "SFSSP1" "0901-0728-TBI";
SampleType WAFER;
ResultTimestamp 12-31-25 14:55:53;
LotID "2850";
SampleSize 1 200;
DeviceID "None";
SetupID "T2-2850A" 12-31-25 14:55:53;
StepID "6346";
SampleOrientationMarkType NOTCH;
OrientationMarkLocation DOWN;
DiePitch 200000 200000;
DieOrigin 0 0;
WaferID "14";
Slot 14;
SampleCenterLocation 100000 100000;
ClassLookup 1
  0 "0"  ;
OrientationInstructions "Front";
CoordinatesMirrored No;
InspectionTest 1;
SampleTestPlan 1
  0 0 ;
AreaPerTest 2.85006e+010;
ClusterClassificationList 3
  1 200 
  3 200 
  2 210 ;
DefectRecordSpec 15 DEFECTID XREL YREL XINDEX YINDEX XSIZE YSIZE DEFECTAREA DSIZE CLASSNUMBER TEST CLUSTERNUMBER ROUGHBINNUMBER FINEBINNUMBER REVIEWSAMPLE ;
DefectList
 1 73835.000 103627.000 0 0 0.000 0.000 0.000 0.154 0 1 0 0 0 0
 2 111369.000 65149.000 0 0 0.000 0.000 0.000 0.418 0 1 0 0 0 0
 3 47464.000 65855.000 0 0 0.000 0.000 0.000 0.264 0 1 0 0 0 0
 4 162626.000 84179.000 0 0 0.000 0.000 0.000 0.256 0 1 0 0 0 0
 5 170883.000 58169.000 0 0 0.000 0.000 0.000 0.132 0 1 0 0 0 0
 6 169678.000 53931.000 0 0 0.000 0.000 0.000 0.121 0 1 0 0 0 0
 7 169790.000 53646.000 0 0 0.000 0.000 0.000 0.122 0 1 0 0 0 0
 8 177337.000 64556.000 0 0 0.000 0.000 0.000 0.124 0 1 0 0 0 0
 9 183655.000 116232.000 0 0 0.000 0.000 0.000 0.229 0 1 0 0 0 0
 10 175919.000 55662.000 0 0 0.000 0.000 0.000 0.125 0 1 0 0 0 0
 11 170741.000 46377.000 0 0 0.000 0.000 0.000 0.129 0 1 0 0 0 0
 12 25153.000 149431.000 0 0 0.000 0.000 0.000 0.269 0 1 0 0 0 0
 13 189608.000 98579.000 0 0 0.000 0.000 0.000 0.135 0 1 0 0 0 0
 14 170939.000 43237.000 0 0 0.000 0.000 0.000 0.121 0 1 0 0 0 0
 15 182487.000 60248.000 0 0 0.000 0.000 0.000 0.128 0 1 0 0 0 0
 16 182603.000 60222.000 0 0 0.000 0.000 0.000 0.121 0 1 0 0 0 0
 17 28776.000 38074.000 0 0 52.000 52.000 2704.000 52.000 0 1 1 200 0 0
 18 28024.000 37891.000 0 0 52.000 52.000 2704.000 52.000 0 1 1 200 0 0
 19 185485.000 58567.000 0 0 56.000 42.000 2352.000 48.497 0 1 3 200 0 0
 20 27967.000 37684.000 0 0 52.000 52.000 2704.000 52.000 0 1 1 200 0 0
 21 173003.000 38538.000 0 0 0.000 0.000 0.000 0.130 0 1 0 0 0 0
 22 182972.000 53081.000 0 0 54.000 46.000 2484.000 49.839 0 1 2 210 0 0
 23 59494.000 186414.000 0 0 0.000 0.000 0.000 0.229 0 1 0 0 0 0
 24 192315.000 75559.000 0 0 0.000 0.000 0.000 0.120 0 1 0 0 0 0
 25 186225.000 57974.000 0 0 0.000 0.000 0.000 0.121 0 1 0 0 0 0
 26 183477.000 52554.000 0 0 54.000 46.000 2484.000 49.839 0 1 2 210 0 0
 27 183523.000 52423.000 0 0 54.000 46.000 2484.000 49.839 0 1 2 210 0 0
 28 186429.000 57619.000 0 0 0.000 0.000 0.000 0.123 0 1 0 0 0 0
 29 183840.000 51966.000 0 0 54.000 46.000 2484.000 49.839 0 1 2 210 0 0
 30 28271.000 38198.000 0 0 112.574 130.656 14708.581 121.278 0 1 1 200 0 0
 31 28193.000 38029.000 0 0 112.882 130.799 14765.028 121.511 0 1 1 200 0 0
 32 28259.000 37953.000 0 0 8.920 10.313 92.005 9.591 0 1 1 200 0 0
 33 185045.000 58637.000 0 0 23.786 48.906 1163.329 34.107 0 1 3 200 0 0
 34 28101.000 37875.000 0 0 128.064 148.211 18980.585 137.770 0 1 1 200 0 0
 35 185225.000 58616.000 0 0 119.033 245.132 29178.868 170.818 0 1 3 200 0 0
 36 28025.000 37704.000 0 0 65.693 75.900 4986.115 70.612 0 1 1 200 0 0
 37 185327.000 58439.000 0 0 7.966 16.356 130.308 11.415 0 1 3 200 0 0
 38 185386.000 58560.000 0 0 105.282 216.931 22839.091 151.126 0 1 3 200 0 0
 39 182729.000 53108.000 0 0 13.483 23.787 320.727 17.908 0 1 2 210 0 0
 40 185556.000 58522.000 0 0 43.750 90.241 3948.104 62.833 0 1 3 200 0 0
 41 185584.000 58579.000 0 0 7.940 16.405 130.260 11.413 0 1 3 200 0 0
 42 182877.000 53027.000 0 0 15.768 27.821 438.711 20.945 0 1 2 210 0 0
 43 183027.000 52945.000 0 0 18.040 31.830 574.233 23.963 0 1 2 210 0 0
 44 183158.000 52834.000 0 0 45.229 79.742 3606.699 60.055 0 1 2 210 0 0
 45 183274.000 52690.000 0 0 72.573 127.741 9270.585 96.283 0 1 2 210 0 0
 46 183386.000 52545.000 0 0 65.962 115.906 7645.502 87.438 0 1 2 210 0 0
 47 183510.000 52421.000 0 0 11.411 20.030 228.581 15.118 0 1 2 210 0 0;
ProcessEquipmentIDList 1
  "6448" ;
SummarySpec 5
  TESTNO    NDEFECT    DEFDENSITY    NDIE    NDEFDIE  ;
SummaryList 
  1    47    0.1649    1    1  ;
EndOfFile;
