FileVersion 1 2;
FileTimestamp 01-01-26 20:39:19;
InspectionStationID "KLA-Tencor" "SFSSP1" "0901-0728-TBI";
SampleType WAFER;
ResultTimestamp 01-01-26 20:36:33;
LotID "2580";
SampleSize 1 200;
DeviceID "None";
SetupID "T2-2580NR" 01-01-26 20:36:33;
StepID "6391P";
SampleOrientationMarkType NOTCH;
OrientationMarkLocation DOWN;
DiePitch 200000 200000;
DieOrigin 0 0;
WaferID "04";
Slot 4;
SampleCenterLocation 100000 100000;
ClassLookup 1
  0 "0"  ;
OrientationInstructions "Front";
CoordinatesMirrored No;
InspectionTest 1;
SampleTestPlan 1
  0 0 ;
AreaPerTest 2.73512e+010;
DefectRecordSpec 15 DEFECTID XREL YREL XINDEX YINDEX XSIZE YSIZE DEFECTAREA DSIZE CLASSNUMBER TEST CLUSTERNUMBER ROUGHBINNUMBER FINEBINNUMBER REVIEWSAMPLE ;
DefectList
 1 105027.000 99107.000 0 0 0.000 0.000 0.000 0.150 0 1 0 0 0 0
 2 94912.000 105017.000 0 0 0.000 0.000 0.000 0.130 0 1 0 0 0 0
 3 94006.000 94129.000 0 0 0.000 0.000 0.000 0.146 0 1 0 0 0 0
 4 105393.000 107153.000 0 0 0.000 0.000 0.000 0.136 0 1 0 0 0 0
 5 102940.000 108554.000 0 0 0.000 0.000 0.000 0.144 0 1 0 0 0 0
 6 92736.000 107033.000 0 0 0.000 0.000 0.000 0.132 0 1 0 0 0 0
 7 90494.000 95209.000 0 0 0.000 0.000 0.000 0.130 0 1 0 0 0 0
 8 103799.000 109806.000 0 0 0.000 0.000 0.000 0.160 0 1 0 0 0 0
 9 90444.000 106651.000 0 0 0.000 0.000 0.000 0.141 0 1 0 0 0 0
 10 111043.000 96886.000 0 0 0.000 0.000 0.000 0.134 0 1 0 0 0 0
 11 105162.000 111039.000 0 0 0.000 0.000 0.000 0.135 0 1 0 0 0 0
 12 112449.000 93515.000 0 0 0.000 0.000 0.000 0.132 0 1 0 0 0 0
 13 106703.000 113689.000 0 0 0.000 0.000 0.000 0.145 0 1 0 0 0 0
 14 89892.000 87379.000 0 0 0.000 0.000 0.000 0.136 0 1 0 0 0 0
 15 83834.000 104106.000 0 0 0.000 0.000 0.000 0.130 0 1 0 0 0 0
 16 99811.000 81819.000 0 0 0.000 0.000 0.000 0.135 0 1 0 0 0 0
 17 80853.000 96637.000 0 0 0.000 0.000 0.000 0.142 0 1 0 0 0 0
 18 81557.000 108960.000 0 0 0.000 0.000 0.000 0.145 0 1 0 0 0 0
 19 100833.000 79470.000 0 0 0.000 0.000 0.000 0.142 0 1 0 0 0 0
 20 83592.000 113442.000 0 0 0.000 0.000 0.000 0.146 0 1 0 0 0 0
 21 84090.000 114605.000 0 0 0.000 0.000 0.000 0.130 0 1 0 0 0 0
 22 80747.000 89934.000 0 0 0.000 0.000 0.000 0.134 0 1 0 0 0 0
 23 113738.000 83417.000 0 0 0.000 0.000 0.000 0.133 0 1 0 0 0 0
 24 110693.000 120750.000 0 0 0.000 0.000 0.000 0.133 0 1 0 0 0 0
 25 106768.000 122329.000 0 0 0.000 0.000 0.000 0.135 0 1 0 0 0 0
 26 89066.000 79229.000 0 0 0.000 0.000 0.000 0.143 0 1 0 0 0 0
 27 84293.000 81250.000 0 0 0.000 0.000 0.000 0.131 0 1 0 0 0 0
 28 91900.000 76805.000 0 0 0.000 0.000 0.000 0.157 0 1 0 0 0 0
 29 121561.000 88790.000 0 0 0.000 0.000 0.000 0.130 0 1 0 0 0 0
 30 86989.000 78856.000 0 0 0.000 0.000 0.000 0.131 0 1 0 0 0 0
 31 124665.000 95664.000 0 0 0.000 0.000 0.000 0.131 0 1 0 0 0 0
 32 110692.000 123254.000 0 0 0.000 0.000 0.000 0.149 0 1 0 0 0 0
 33 96768.000 74041.000 0 0 0.000 0.000 0.000 0.135 0 1 0 0 0 0
 34 73232.000 96022.000 0 0 0.000 0.000 0.000 0.134 0 1 0 0 0 0
 35 122234.000 84865.000 0 0 0.000 0.000 0.000 0.141 0 1 0 0 0 0
 36 122580.000 117415.000 0 0 0.000 0.000 0.000 0.135 0 1 0 0 0 0
 37 70661.000 105864.000 0 0 0.000 0.000 0.000 0.133 0 1 0 0 0 0
 38 76257.000 118945.000 0 0 0.000 0.000 0.000 0.135 0 1 0 0 0 0
 39 130109.000 102240.000 0 0 0.000 0.000 0.000 0.139 0 1 0 0 0 0
 40 116821.000 125366.000 0 0 0.000 0.000 0.000 0.148 0 1 0 0 0 0
 41 79962.000 123733.000 0 0 0.000 0.000 0.000 0.138 0 1 0 0 0 0
 42 83787.000 73404.000 0 0 0.000 0.000 0.000 0.139 0 1 0 0 0 0
 43 124040.000 80525.000 0 0 0.000 0.000 0.000 0.140 0 1 0 0 0 0
 44 81192.000 125505.000 0 0 0.000 0.000 0.000 0.135 0 1 0 0 0 0
 45 98511.000 68370.000 0 0 0.000 0.000 0.000 0.140 0 1 0 0 0 0
 46 101337.000 68043.000 0 0 0.000 0.000 0.000 0.161 0 1 0 0 0 0
 47 116510.000 72480.000 0 0 0.000 0.000 0.000 0.147 0 1 0 0 0 0
 48 82282.000 127851.000 0 0 0.000 0.000 0.000 0.144 0 1 0 0 0 0
 49 67699.000 92817.000 0 0 0.000 0.000 0.000 0.147 0 1 0 0 0 0
 50 122590.000 76232.000 0 0 0.000 0.000 0.000 0.136 0 1 0 0 0 0
 51 107986.000 132005.000 0 0 0.000 0.000 0.000 0.130 0 1 0 0 0 0
 52 70437.000 84688.000 0 0 0.000 0.000 0.000 0.144 0 1 0 0 0 0
 53 119694.000 73652.000 0 0 0.000 0.000 0.000 0.133 0 1 0 0 0 0
 54 112093.000 130811.000 0 0 0.000 0.000 0.000 0.142 0 1 0 0 0 0
 55 132070.000 90383.000 0 0 0.000 0.000 0.000 0.130 0 1 0 0 0 0
 56 131067.000 86675.000 0 0 0.000 0.000 0.000 0.134 0 1 0 0 0 0
 57 89490.000 132965.000 0 0 0.000 0.000 0.000 0.146 0 1 0 0 0 0
 58 82305.000 70508.000 0 0 0.000 0.000 0.000 0.184 0 1 0 0 0 0
 59 106501.000 134026.000 0 0 0.000 0.000 0.000 0.139 0 1 0 0 0 0
 60 99665.000 65295.000 0 0 0.000 0.000 0.000 0.155 0 1 0 0 0 0
 61 108206.000 65551.000 0 0 0.000 0.000 0.000 0.147 0 1 0 0 0 0
 62 121845.000 128062.000 0 0 0.000 0.000 0.000 0.144 0 1 0 0 0 0
 63 119893.000 70475.000 0 0 0.000 0.000 0.000 0.136 0 1 0 0 0 0
 64 80053.000 69315.000 0 0 0.000 0.000 0.000 0.143 0 1 0 0 0 0
 65 128826.000 122411.000 0 0 0.000 0.000 0.000 0.130 0 1 0 0 0 0
 66 119031.000 131314.000 0 0 0.000 0.000 0.000 0.134 0 1 0 0 0 0
 67 125166.000 72888.000 0 0 0.000 0.000 0.000 0.146 0 1 0 0 0 0
 68 72852.000 125882.000 0 0 0.000 0.000 0.000 0.131 0 1 0 0 0 0
 69 108786.000 136673.000 0 0 0.000 0.000 0.000 0.142 0 1 0 0 0 0
 70 77957.000 130995.000 0 0 0.000 0.000 0.000 0.139 0 1 0 0 0 0
 71 119113.000 67263.000 0 0 0.000 0.000 0.000 0.144 0 1 0 0 0 0
 72 64768.000 84514.000 0 0 0.000 0.000 0.000 0.150 0 1 0 0 0 0
 73 117345.000 65802.000 0 0 0.000 0.000 0.000 0.134 0 1 0 0 0 0
 74 111015.000 62761.000 0 0 0.000 0.000 0.000 0.130 0 1 0 0 0 0
 75 102956.000 61081.000 0 0 0.000 0.000 0.000 0.145 0 1 0 0 0 0
 76 135611.000 115963.000 0 0 0.000 0.000 0.000 0.138 0 1 0 0 0 0
 77 115285.000 63326.000 0 0 0.000 0.000 0.000 0.151 0 1 0 0 0 0
 78 113338.000 137777.000 0 0 0.000 0.000 0.000 0.136 0 1 0 0 0 0
 79 60267.000 107080.000 0 0 0.000 0.000 0.000 0.131 0 1 0 0 0 0
 80 119950.000 135229.000 0 0 0.000 0.000 0.000 0.138 0 1 0 0 0 0
 81 118754.000 136788.000 0 0 0.000 0.000 0.000 0.139 0 1 0 0 0 0
 82 62567.000 81896.000 0 0 0.000 0.000 0.000 0.133 0 1 0 0 0 0
 83 101413.000 141582.000 0 0 0.000 0.000 0.000 0.142 0 1 0 0 0 0
 84 58701.000 92708.000 0 0 0.000 0.000 0.000 0.141 0 1 0 0 0 0
 85 139555.000 87165.000 0 0 0.000 0.000 0.000 0.139 0 1 0 0 0 0
 86 59056.000 89307.000 0 0 0.000 0.000 0.000 0.138 0 1 0 0 0 0
 87 134838.000 124321.000 0 0 0.000 0.000 0.000 0.130 0 1 0 0 0 0
 88 71779.000 132323.000 0 0 0.000 0.000 0.000 0.143 0 1 0 0 0 0
 89 58035.000 91200.000 0 0 0.000 0.000 0.000 0.131 0 1 0 0 0 0
 90 61149.000 81802.000 0 0 0.000 0.000 0.000 0.131 0 1 0 0 0 0
 91 133019.000 72872.000 0 0 0.000 0.000 0.000 0.136 0 1 0 0 0 0
 92 124785.000 135126.000 0 0 0.000 0.000 0.000 0.140 0 1 0 0 0 0
 93 74687.000 135012.000 0 0 0.000 0.000 0.000 0.131 0 1 0 0 0 0
 94 118248.000 139275.000 0 0 0.000 0.000 0.000 0.146 0 1 0 0 0 0
 95 78964.000 138162.000 0 0 0.000 0.000 0.000 0.156 0 1 0 0 0 0
 96 128272.000 133208.000 0 0 0.000 0.000 0.000 0.149 0 1 0 0 0 0
 97 56313.000 104318.000 0 0 0.000 0.000 0.000 0.130 0 1 0 0 0 0
 98 66004.000 128455.000 0 0 0.000 0.000 0.000 0.149 0 1 0 0 0 0
 99 142694.000 89736.000 0 0 0.000 0.000 0.000 0.130 0 1 0 0 0 0
 100 63521.000 125430.000 0 0 0.000 0.000 0.000 0.139 0 1 0 0 0 0
 101 96529.000 55731.000 0 0 0.000 0.000 0.000 0.134 0 1 0 0 0 0
 102 115985.000 58340.000 0 0 0.000 0.000 0.000 0.137 0 1 0 0 0 0
 103 139764.000 120357.000 0 0 0.000 0.000 0.000 0.145 0 1 0 0 0 0
 104 124194.000 138562.000 0 0 0.000 0.000 0.000 0.132 0 1 0 0 0 0
 105 117014.000 142335.000 0 0 0.000 0.000 0.000 0.141 0 1 0 0 0 0
 106 144185.000 87850.000 0 0 0.000 0.000 0.000 0.144 0 1 0 0 0 0
 107 73284.000 61958.000 0 0 0.000 0.000 0.000 0.136 0 1 0 0 0 0
 108 110506.000 145797.000 0 0 0.000 0.000 0.000 0.131 0 1 0 0 0 0
 109 60348.000 74579.000 0 0 0.000 0.000 0.000 0.134 0 1 0 0 0 0
 110 108255.000 146445.000 0 0 0.000 0.000 0.000 0.133 0 1 0 0 0 0
 111 118984.000 56869.000 0 0 0.000 0.000 0.000 0.141 0 1 0 0 0 0
 112 56912.000 79651.000 0 0 0.000 0.000 0.000 0.145 0 1 0 0 0 0
 113 79565.000 143875.000 0 0 0.000 0.000 0.000 0.149 0 1 0 0 0 0
 114 56807.000 77653.000 0 0 0.000 0.000 0.000 0.134 0 1 0 0 0 0
 115 126245.000 59287.000 0 0 0.000 0.000 0.000 0.135 0 1 0 0 0 0
 116 145513.000 83303.000 0 0 0.000 0.000 0.000 0.135 0 1 0 0 0 0
 117 146752.000 113409.000 0 0 0.000 0.000 0.000 0.133 0 1 0 0 0 0
 118 88772.000 52228.000 0 0 0.000 0.000 0.000 0.136 0 1 0 0 0 0
 119 148345.000 91788.000 0 0 0.000 0.000 0.000 0.162 0 1 0 0 0 0
 120 53032.000 84410.000 0 0 0.000 0.000 0.000 0.150 0 1 0 0 0 0
 121 137959.000 68607.000 0 0 0.000 0.000 0.000 0.136 0 1 0 0 0 0
 122 50693.000 105997.000 0 0 0.000 0.000 0.000 0.153 0 1 0 0 0 0
 123 138484.000 131101.000 0 0 0.000 0.000 0.000 0.134 0 1 0 0 0 0
 124 72743.000 142021.000 0 0 0.000 0.000 0.000 0.132 0 1 0 0 0 0
 125 87745.000 148578.000 0 0 0.000 0.000 0.000 0.138 0 1 0 0 0 0
 126 111573.000 51347.000 0 0 0.000 0.000 0.000 0.131 0 1 0 0 0 0
 127 77656.000 54571.000 0 0 0.000 0.000 0.000 0.159 0 1 0 0 0 0
 128 140392.000 130721.000 0 0 0.000 0.000 0.000 0.136 0 1 0 0 0 0
 129 48872.000 97433.000 0 0 0.000 0.000 0.000 0.144 0 1 0 0 0 0
 130 61728.000 66287.000 0 0 0.000 0.000 0.000 0.133 0 1 0 0 0 0
 131 120999.000 146604.000 0 0 0.000 0.000 0.000 0.131 0 1 0 0 0 0
 132 141645.000 131071.000 0 0 0.000 0.000 0.000 0.130 0 1 0 0 0 0
 133 144160.000 71721.000 0 0 0.000 0.000 0.000 0.145 0 1 0 0 0 0
 134 135773.000 139046.000 0 0 0.000 0.000 0.000 0.138 0 1 0 0 0 0
 135 100745.000 153452.000 0 0 0.000 0.000 0.000 0.158 0 1 0 0 0 0
 136 78477.000 149018.000 0 0 0.000 0.000 0.000 0.136 0 1 0 0 0 0
 137 145986.000 127022.000 0 0 0.000 0.000 0.000 0.152 0 1 0 0 0 0
 138 125124.000 52840.000 0 0 0.000 0.000 0.000 0.130 0 1 0 0 0 0
 139 153461.000 100494.000 0 0 0.000 0.000 0.000 0.131 0 1 0 0 0 0
 140 47320.000 112803.000 0 0 0.000 0.000 0.000 0.134 0 1 0 0 0 0
 141 122020.000 50914.000 0 0 0.000 0.000 0.000 0.152 0 1 0 0 0 0
 142 77540.000 149628.000 0 0 0.000 0.000 0.000 0.133 0 1 0 0 0 0
 143 69807.000 54735.000 0 0 0.000 0.000 0.000 0.137 0 1 0 0 0 0
 144 137080.000 60502.000 0 0 0.000 0.000 0.000 0.134 0 1 0 0 0 0
 145 48373.000 118298.000 0 0 0.000 0.000 0.000 0.148 0 1 0 0 0 0
 146 151712.000 83393.000 0 0 0.000 0.000 0.000 0.133 0 1 0 0 0 0
 147 91446.000 46081.000 0 0 0.000 0.000 0.000 0.139 0 1 0 0 0 0
 148 89924.000 45871.000 0 0 0.000 0.000 0.000 0.130 0 1 0 0 0 0
 149 58492.000 136920.000 0 0 0.000 0.000 0.000 0.142 0 1 0 0 0 0
 150 43892.000 95772.000 0 0 0.000 0.000 0.000 0.151 0 1 0 0 0 0
 151 66417.000 145751.000 0 0 0.000 0.000 0.000 0.136 0 1 0 0 0 0
 152 149111.000 128181.000 0 0 0.000 0.000 0.000 0.146 0 1 0 0 0 0
 153 47795.000 76616.000 0 0 0.000 0.000 0.000 0.157 0 1 0 0 0 0
 154 56246.000 137204.000 0 0 0.000 0.000 0.000 0.144 0 1 0 0 0 0
 155 149539.000 71896.000 0 0 0.000 0.000 0.000 0.132 0 1 0 0 0 0
 156 143442.000 62345.000 0 0 0.000 0.000 0.000 0.133 0 1 0 0 0 0
 157 156221.000 115004.000 0 0 0.000 0.000 0.000 0.138 0 1 0 0 0 0
 158 73311.000 152240.000 0 0 0.000 0.000 0.000 0.141 0 1 0 0 0 0
 159 67059.000 51421.000 0 0 0.000 0.000 0.000 0.140 0 1 0 0 0 0
 160 150712.000 70593.000 0 0 0.000 0.000 0.000 0.150 0 1 0 0 0 0
 161 94686.000 158822.000 0 0 0.000 0.000 0.000 0.146 0 1 0 0 0 0
 162 51167.000 66117.000 0 0 0.000 0.000 0.000 0.130 0 1 0 0 0 0
 163 140749.000 143622.000 0 0 0.000 0.000 0.000 0.131 0 1 0 0 0 0
 164 122822.000 44538.000 0 0 0.000 0.000 0.000 0.142 0 1 0 0 0 0
 165 143418.000 58232.000 0 0 0.000 0.000 0.000 0.158 0 1 0 0 0 0
 166 50949.000 63918.000 0 0 0.000 0.000 0.000 0.134 0 1 0 0 0 0
 167 109876.000 160472.000 0 0 0.000 0.000 0.000 0.130 0 1 0 0 0 0
 168 154431.000 129673.000 0 0 0.000 0.000 0.000 0.144 0 1 0 0 0 0
 169 39569.000 118750.000 0 0 0.000 0.000 0.000 200000.000 0 1 0 200 0 0
 170 42873.000 127801.000 0 0 0.000 0.000 0.000 0.138 0 1 0 0 0 0
 171 140097.000 51229.000 0 0 0.000 0.000 0.000 0.143 0 1 0 0 0 0
 172 147232.000 57820.000 0 0 0.000 0.000 0.000 0.139 0 1 0 0 0 0
 173 160555.000 118421.000 0 0 0.000 0.000 0.000 0.135 0 1 0 0 0 0
 174 97379.000 163739.000 0 0 0.000 0.000 0.000 0.150 0 1 0 0 0 0
 175 86528.000 37594.000 0 0 0.000 0.000 0.000 0.140 0 1 0 0 0 0
 176 77490.000 39895.000 0 0 0.000 0.000 0.000 0.138 0 1 0 0 0 0
 177 160075.000 77475.000 0 0 0.000 0.000 0.000 0.138 0 1 0 0 0 0
 178 150838.000 139822.000 0 0 0.000 0.000 0.000 0.146 0 1 0 0 0 0
 179 107434.000 164366.000 0 0 0.000 0.000 0.000 0.132 0 1 0 0 0 0
 180 66654.000 43947.000 0 0 0.000 0.000 0.000 0.132 0 1 0 0 0 0
 181 133879.000 155738.000 0 0 0.000 0.000 0.000 0.134 0 1 0 0 0 0
 182 144575.000 52555.000 0 0 0.000 0.000 0.000 0.134 0 1 0 0 0 0
 183 37066.000 119134.000 0 0 0.000 0.000 0.000 0.142 0 1 0 0 0 0
 184 165505.000 100646.000 0 0 0.000 0.000 0.000 0.148 0 1 0 0 0 0
 185 140988.000 151318.000 0 0 0.000 0.000 0.000 0.143 0 1 0 0 0 0
 186 131177.000 157885.000 0 0 0.000 0.000 0.000 0.133 0 1 0 0 0 0
 187 163588.000 83374.000 0 0 0.000 0.000 0.000 0.130 0 1 0 0 0 0
 188 164755.000 85683.000 0 0 0.000 0.000 0.000 0.134 0 1 0 0 0 0
 189 160446.000 128848.000 0 0 0.000 0.000 0.000 0.144 0 1 0 0 0 0
 190 99030.000 167463.000 0 0 0.000 0.000 0.000 0.130 0 1 0 0 0 0
 191 98763.000 167415.000 0 0 0.000 0.000 0.000 0.130 0 1 0 0 0 0
 192 84833.000 165989.000 0 0 0.000 0.000 0.000 0.135 0 1 0 0 0 0
 193 38398.000 128296.000 0 0 0.000 0.000 0.000 0.135 0 1 0 0 0 0
 194 104760.000 32657.000 0 0 0.000 0.000 0.000 0.133 0 1 0 0 0 0
 195 154669.000 59990.000 0 0 0.000 0.000 0.000 0.131 0 1 0 0 0 0
 196 138601.000 44137.000 0 0 0.000 0.000 0.000 0.241 0 1 0 0 0 0
 197 150477.000 145738.000 0 0 0.000 0.000 0.000 0.136 0 1 0 0 0 0
 198 124699.000 163649.000 0 0 0.000 0.000 0.000 0.136 0 1 0 0 0 0
 199 69776.000 38866.000 0 0 0.000 0.000 0.000 0.134 0 1 0 0 0 0
 200 79693.000 34817.000 0 0 0.000 0.000 0.000 0.134 0 1 0 0 0 0
 201 104636.000 168296.000 0 0 0.000 0.000 0.000 0.150 0 1 0 0 0 0
 202 126747.000 37213.000 0 0 0.000 0.000 0.000 0.130 0 1 0 0 0 0
 203 85444.000 32715.000 0 0 0.000 0.000 0.000 0.131 0 1 0 0 0 0
 204 160270.000 133343.000 0 0 0.000 0.000 0.000 0.137 0 1 0 0 0 0
 205 122293.000 165504.000 0 0 0.000 0.000 0.000 0.130 0 1 0 0 0 0
 206 163724.000 126889.000 0 0 0.000 0.000 0.000 0.142 0 1 0 0 0 0
 207 40479.000 64162.000 0 0 0.000 0.000 0.000 0.131 0 1 0 0 0 0
 208 115042.000 169935.000 0 0 0.000 0.000 0.000 0.134 0 1 0 0 0 0
 209 107427.000 28760.000 0 0 0.000 0.000 0.000 0.139 0 1 0 0 0 0
 210 47705.000 149617.000 0 0 0.000 0.000 0.000 0.133 0 1 0 0 0 0
 211 76837.000 168271.000 0 0 0.000 0.000 0.000 0.135 0 1 0 0 0 0
 212 142431.000 41730.000 0 0 0.000 0.000 0.000 0.138 0 1 0 0 0 0
 213 26703.000 91318.000 0 0 0.000 0.000 0.000 0.131 0 1 0 0 0 0
 214 136861.000 165102.000 0 0 0.000 0.000 0.000 0.144 0 1 0 0 0 0
 215 36458.000 59520.000 0 0 0.000 0.000 0.000 0.137 0 1 0 0 0 0
 216 174240.000 112855.000 0 0 0.000 0.000 0.000 0.133 0 1 0 0 0 0
 217 171883.000 74562.000 0 0 0.000 0.000 0.000 0.132 0 1 0 0 0 0
 218 176233.000 103858.000 0 0 0.000 0.000 0.000 0.135 0 1 0 0 0 0
 219 171466.000 127134.000 0 0 0.000 0.000 0.000 0.132 0 1 0 0 0 0
 220 40913.000 150385.000 0 0 0.000 0.000 0.000 0.136 0 1 0 0 0 0
 221 35554.000 56186.000 0 0 0.000 0.000 0.000 0.133 0 1 0 0 0 0
 222 156305.000 153717.000 0 0 0.000 0.000 0.000 0.145 0 1 0 0 0 0
 223 150994.000 40414.000 0 0 0.000 0.000 0.000 0.143 0 1 0 0 0 0
 224 176696.000 84015.000 0 0 0.000 0.000 0.000 0.130 0 1 0 0 0 0
 225 158732.000 152385.000 0 0 0.000 0.000 0.000 0.130 0 1 0 0 0 0
 226 62217.000 30754.000 0 0 0.000 0.000 0.000 0.213 0 1 0 0 0 0
 227 55192.000 33171.000 0 0 0.000 0.000 0.000 0.136 0 1 0 0 0 0
 228 98723.000 18311.000 0 0 0.000 0.000 0.000 0.143 0 1 0 0 0 0
 229 61283.000 26992.000 0 0 0.000 0.000 0.000 0.144 0 1 0 0 0 0
 230 148096.000 32652.000 0 0 0.000 0.000 0.000 0.132 0 1 0 0 0 0
 231 28077.000 141875.000 0 0 0.000 0.000 0.000 0.147 0 1 0 0 0 0
 232 94344.000 16872.000 0 0 0.000 0.000 0.000 0.140 0 1 0 0 0 0
 233 179193.000 125555.000 0 0 0.000 0.000 0.000 0.140 0 1 0 0 0 0
 234 116457.000 183689.000 0 0 0.000 0.000 0.000 0.181 0 1 0 0 0 0;
ProcessEquipmentIDList 1
  "R375" ;
SummarySpec 5
  TESTNO    NDEFECT    DEFDENSITY    NDIE    NDEFDIE  ;
SummaryList 
  1    234    0.8555    1    1  ;
EndOfFile;
