FileVersion 1 2;
FileTimestamp 01-01-26 23:32:38;
InspectionStationID "KLA-Tencor" "SFSSP1" "0901-0728-TBI";
SampleType WAFER;
ResultTimestamp 01-01-26 23:24:16;
LotID "2580";
SampleSize 1 200;
DeviceID "None";
SetupID "T2-2580NR" 01-01-26 23:24:16;
StepID "6391P";
SampleOrientationMarkType NOTCH;
OrientationMarkLocation DOWN;
DiePitch 200000 200000;
DieOrigin 0 0;
WaferID "14";
Slot 14;
SampleCenterLocation 100000 100000;
ClassLookup 1
  0 "0"  ;
OrientationInstructions "Front";
CoordinatesMirrored No;
InspectionTest 1;
SampleTestPlan 1
  0 0 ;
AreaPerTest 2.73516e+010;
DefectRecordSpec 15 DEFECTID XREL YREL XINDEX YINDEX XSIZE YSIZE DEFECTAREA DSIZE CLASSNUMBER TEST CLUSTERNUMBER ROUGHBINNUMBER FINEBINNUMBER REVIEWSAMPLE ;
DefectList
 1 102146.000 100519.000 0 0 0.000 0.000 0.000 0.131 0 1 0 0 0 0
 2 106142.000 103994.000 0 0 0.000 0.000 0.000 0.132 0 1 0 0 0 0
 3 102951.000 107066.000 0 0 0.000 0.000 0.000 0.149 0 1 0 0 0 0
 4 98419.000 109308.000 0 0 0.000 0.000 0.000 0.137 0 1 0 0 0 0
 5 103022.000 109879.000 0 0 0.000 0.000 0.000 0.143 0 1 0 0 0 0
 6 100672.000 110398.000 0 0 0.000 0.000 0.000 0.131 0 1 0 0 0 0
 7 90814.000 104914.000 0 0 0.000 0.000 0.000 0.144 0 1 0 0 0 0
 8 110352.000 99247.000 0 0 0.000 0.000 0.000 0.144 0 1 0 0 0 0
 9 104808.000 110336.000 0 0 0.000 0.000 0.000 0.146 0 1 0 0 0 0
 10 94771.000 110384.000 0 0 0.000 0.000 0.000 0.136 0 1 0 0 0 0
 11 88684.000 101571.000 0 0 0.000 0.000 0.000 0.130 0 1 0 0 0 0
 12 97556.000 88497.000 0 0 0.000 0.000 0.000 0.133 0 1 0 0 0 0
 13 98355.000 112127.000 0 0 0.000 0.000 0.000 0.134 0 1 0 0 0 0
 14 112448.000 100128.000 0 0 0.000 0.000 0.000 0.145 0 1 0 0 0 0
 15 91165.000 110081.000 0 0 0.000 0.000 0.000 0.130 0 1 0 0 0 0
 16 86829.000 100135.000 0 0 0.000 0.000 0.000 0.151 0 1 0 0 0 0
 17 110304.000 91859.000 0 0 0.000 0.000 0.000 0.131 0 1 0 0 0 0
 18 111578.000 108316.000 0 0 0.000 0.000 0.000 0.131 0 1 0 0 0 0
 19 89408.000 111827.000 0 0 0.000 0.000 0.000 0.133 0 1 0 0 0 0
 20 88506.000 89640.000 0 0 0.000 0.000 0.000 0.150 0 1 0 0 0 0
 21 113345.000 92083.000 0 0 0.000 0.000 0.000 0.157 0 1 0 0 0 0
 22 95532.000 115615.000 0 0 0.000 0.000 0.000 0.133 0 1 0 0 0 0
 23 88066.000 88048.000 0 0 0.000 0.000 0.000 0.160 0 1 0 0 0 0
 24 110109.000 114266.000 0 0 0.000 0.000 0.000 0.159 0 1 0 0 0 0
 25 96296.000 83098.000 0 0 0.000 0.000 0.000 0.175 0 1 0 0 0 0
 26 83583.000 107028.000 0 0 0.000 0.000 0.000 0.170 0 1 0 0 0 0
 27 82078.000 99024.000 0 0 0.000 0.000 0.000 0.136 0 1 0 0 0 0
 28 115837.000 109527.000 0 0 0.000 0.000 0.000 0.139 0 1 0 0 0 0
 29 85659.000 88605.000 0 0 0.000 0.000 0.000 0.138 0 1 0 0 0 0
 30 97970.000 81209.000 0 0 0.000 0.000 0.000 0.136 0 1 0 0 0 0
 31 81334.000 104628.000 0 0 0.000 0.000 0.000 0.136 0 1 0 0 0 0
 32 101376.000 119665.000 0 0 0.000 0.000 0.000 0.132 0 1 0 0 0 0
 33 80743.000 95704.000 0 0 0.000 0.000 0.000 0.155 0 1 0 0 0 0
 34 112526.000 116122.000 0 0 0.000 0.000 0.000 0.132 0 1 0 0 0 0
 35 91775.000 81331.000 0 0 0.000 0.000 0.000 0.131 0 1 0 0 0 0
 36 120194.000 96519.000 0 0 0.000 0.000 0.000 0.131 0 1 0 0 0 0
 37 121066.000 97064.000 0 0 0.000 0.000 0.000 0.130 0 1 0 0 0 0
 38 112990.000 117628.000 0 0 0.000 0.000 0.000 0.136 0 1 0 0 0 0
 39 105621.000 78928.000 0 0 0.000 0.000 0.000 0.130 0 1 0 0 0 0
 40 91120.000 79397.000 0 0 0.000 0.000 0.000 0.131 0 1 0 0 0 0
 41 77196.000 105338.000 0 0 0.000 0.000 0.000 0.134 0 1 0 0 0 0
 42 79001.000 89169.000 0 0 0.000 0.000 0.000 0.138 0 1 0 0 0 0
 43 123681.000 102276.000 0 0 0.000 0.000 0.000 0.134 0 1 0 0 0 0
 44 105400.000 76917.000 0 0 0.000 0.000 0.000 0.138 0 1 0 0 0 0
 45 83372.000 117643.000 0 0 0.000 0.000 0.000 0.139 0 1 0 0 0 0
 46 101299.000 75179.000 0 0 0.000 0.000 0.000 0.144 0 1 0 0 0 0
 47 123892.000 91248.000 0 0 0.000 0.000 0.000 0.134 0 1 0 0 0 0
 48 125432.000 95356.000 0 0 0.000 0.000 0.000 0.153 0 1 0 0 0 0
 49 98344.000 126106.000 0 0 0.000 0.000 0.000 0.136 0 1 0 0 0 0
 50 109793.000 76063.000 0 0 0.000 0.000 0.000 0.140 0 1 0 0 0 0
 51 108398.000 125088.000 0 0 0.000 0.000 0.000 0.138 0 1 0 0 0 0
 52 73823.000 105167.000 0 0 0.000 0.000 0.000 0.131 0 1 0 0 0 0
 53 73382.000 100398.000 0 0 0.000 0.000 0.000 0.145 0 1 0 0 0 0
 54 111204.000 75498.000 0 0 0.000 0.000 0.000 0.141 0 1 0 0 0 0
 55 74350.000 111590.000 0 0 0.000 0.000 0.000 0.165 0 1 0 0 0 0
 56 124687.000 113619.000 0 0 0.000 0.000 0.000 0.145 0 1 0 0 0 0
 57 75707.000 115566.000 0 0 0.000 0.000 0.000 0.200 0 1 0 0 0 0
 58 122259.000 81354.000 0 0 0.000 0.000 0.000 0.148 0 1 0 0 0 0
 59 89101.000 127835.000 0 0 0.000 0.000 0.000 0.134 0 1 0 0 0 0
 60 78229.000 120643.000 0 0 0.000 0.000 0.000 0.141 0 1 0 0 0 0
 61 129605.000 93763.000 0 0 0.000 0.000 0.000 0.143 0 1 0 0 0 0
 62 130780.000 105554.000 0 0 0.000 0.000 0.000 0.149 0 1 0 0 0 0
 63 116992.000 73621.000 0 0 0.000 0.000 0.000 0.136 0 1 0 0 0 0
 64 102801.000 131916.000 0 0 0.000 0.000 0.000 0.139 0 1 0 0 0 0
 65 132287.000 95956.000 0 0 0.000 0.000 0.000 0.142 0 1 0 0 0 0
 66 132082.000 92706.000 0 0 0.000 0.000 0.000 0.137 0 1 0 0 0 0
 67 132757.000 100203.000 0 0 0.000 0.000 0.000 0.159 0 1 0 0 0 0
 68 96518.000 133025.000 0 0 0.000 0.000 0.000 0.134 0 1 0 0 0 0
 69 119210.000 127417.000 0 0 0.000 0.000 0.000 0.134 0 1 0 0 0 0
 70 95766.000 133482.000 0 0 0.000 0.000 0.000 0.137 0 1 0 0 0 0
 71 110848.000 132102.000 0 0 0.000 0.000 0.000 0.140 0 1 0 0 0 0
 72 107148.000 133250.000 0 0 0.000 0.000 0.000 0.143 0 1 0 0 0 0
 73 66997.000 107665.000 0 0 0.000 0.000 0.000 0.130 0 1 0 0 0 0
 74 101624.000 66316.000 0 0 0.000 0.000 0.000 200000.000 0 1 0 200 0 0
 75 132952.000 108963.000 0 0 0.000 0.000 0.000 0.132 0 1 0 0 0 0
 76 129291.000 82248.000 0 0 0.000 0.000 0.000 0.140 0 1 0 0 0 0
 77 69929.000 117007.000 0 0 0.000 0.000 0.000 0.132 0 1 0 0 0 0
 78 133744.000 91827.000 0 0 0.000 0.000 0.000 0.139 0 1 0 0 0 0
 79 92097.000 134731.000 0 0 0.000 0.000 0.000 0.140 0 1 0 0 0 0
 80 98342.000 135905.000 0 0 0.000 0.000 0.000 0.140 0 1 0 0 0 0
 81 64479.000 104054.000 0 0 0.000 0.000 0.000 0.137 0 1 0 0 0 0
 82 129336.000 120888.000 0 0 0.000 0.000 0.000 0.139 0 1 0 0 0 0
 83 64979.000 107599.000 0 0 0.000 0.000 0.000 0.131 0 1 0 0 0 0
 84 122735.000 128382.000 0 0 0.000 0.000 0.000 0.135 0 1 0 0 0 0
 85 118082.000 132114.000 0 0 0.000 0.000 0.000 0.134 0 1 0 0 0 0
 86 118667.000 132072.000 0 0 0.000 0.000 0.000 0.136 0 1 0 0 0 0
 87 78181.000 129837.000 0 0 0.000 0.000 0.000 0.131 0 1 0 0 0 0
 88 75397.000 127559.000 0 0 0.000 0.000 0.000 0.131 0 1 0 0 0 0
 89 63138.000 103103.000 0 0 0.000 0.000 0.000 0.130 0 1 0 0 0 0
 90 115780.000 133911.000 0 0 0.000 0.000 0.000 0.137 0 1 0 0 0 0
 91 118460.000 67391.000 0 0 0.000 0.000 0.000 0.156 0 1 0 0 0 0
 92 135607.000 87605.000 0 0 0.000 0.000 0.000 0.140 0 1 0 0 0 0
 93 124229.000 130073.000 0 0 0.000 0.000 0.000 0.144 0 1 0 0 0 0
 94 115171.000 136083.000 0 0 0.000 0.000 0.000 0.136 0 1 0 0 0 0
 95 113195.000 62917.000 0 0 0.000 0.000 0.000 0.143 0 1 0 0 0 0
 96 78489.000 66596.000 0 0 0.000 0.000 0.000 0.135 0 1 0 0 0 0
 97 104906.000 60560.000 0 0 0.000 0.000 0.000 0.138 0 1 0 0 0 0
 98 99726.000 140556.000 0 0 0.000 0.000 0.000 0.136 0 1 0 0 0 0
 99 137204.000 84011.000 0 0 0.000 0.000 0.000 0.135 0 1 0 0 0 0
 100 83975.000 61912.000 0 0 0.000 0.000 0.000 0.147 0 1 0 0 0 0
 101 139679.000 88170.000 0 0 0.000 0.000 0.000 0.135 0 1 0 0 0 0
 102 72290.000 68477.000 0 0 0.000 0.000 0.000 0.134 0 1 0 0 0 0
 103 137188.000 120936.000 0 0 0.000 0.000 0.000 0.137 0 1 0 0 0 0
 104 94345.000 55823.000 0 0 0.000 0.000 0.000 0.135 0 1 0 0 0 0
 105 56937.000 113069.000 0 0 0.000 0.000 0.000 0.132 0 1 0 0 0 0
 106 87970.000 143728.000 0 0 0.000 0.000 0.000 0.133 0 1 0 0 0 0
 107 143336.000 87082.000 0 0 0.000 0.000 0.000 0.130 0 1 0 0 0 0
 108 54424.000 102520.000 0 0 0.000 0.000 0.000 0.146 0 1 0 0 0 0
 109 59574.000 79178.000 0 0 0.000 0.000 0.000 0.137 0 1 0 0 0 0
 110 66822.000 68935.000 0 0 0.000 0.000 0.000 0.134 0 1 0 0 0 0
 111 86685.000 143963.000 0 0 0.000 0.000 0.000 0.168 0 1 0 0 0 0
 112 114990.000 56989.000 0 0 0.000 0.000 0.000 0.130 0 1 0 0 0 0
 113 66041.000 131941.000 0 0 0.000 0.000 0.000 0.134 0 1 0 0 0 0
 114 93288.000 54237.000 0 0 0.000 0.000 0.000 0.132 0 1 0 0 0 0
 115 53671.000 94021.000 0 0 0.000 0.000 0.000 0.132 0 1 0 0 0 0
 116 54500.000 111422.000 0 0 0.000 0.000 0.000 0.144 0 1 0 0 0 0
 117 86492.000 145601.000 0 0 0.000 0.000 0.000 0.141 0 1 0 0 0 0
 118 51445.000 98488.000 0 0 0.000 0.000 0.000 0.137 0 1 0 0 0 0
 119 147294.000 88571.000 0 0 0.000 0.000 0.000 0.131 0 1 0 0 0 0
 120 148238.000 93699.000 0 0 0.000 0.000 0.000 0.132 0 1 0 0 0 0
 121 56411.000 77738.000 0 0 0.000 0.000 0.000 0.135 0 1 0 0 0 0
 122 65666.000 65349.000 0 0 0.000 0.000 0.000 0.140 0 1 0 0 0 0
 123 84289.000 53783.000 0 0 0.000 0.000 0.000 0.139 0 1 0 0 0 0
 124 56813.000 123502.000 0 0 0.000 0.000 0.000 0.130 0 1 0 0 0 0
 125 68966.000 62206.000 0 0 0.000 0.000 0.000 0.131 0 1 0 0 0 0
 126 111512.000 148324.000 0 0 0.000 0.000 0.000 0.134 0 1 0 0 0 0
 127 50659.000 106215.000 0 0 0.000 0.000 0.000 0.146 0 1 0 0 0 0
 128 123159.000 56079.000 0 0 0.000 0.000 0.000 0.152 0 1 0 0 0 0
 129 50256.000 106469.000 0 0 0.000 0.000 0.000 0.132 0 1 0 0 0 0
 130 149269.000 111983.000 0 0 0.000 0.000 0.000 0.145 0 1 0 0 0 0
 131 108753.000 150665.000 0 0 0.000 0.000 0.000 0.131 0 1 0 0 0 0
 132 145018.000 125158.000 0 0 0.000 0.000 0.000 0.130 0 1 0 0 0 0
 133 150848.000 91525.000 0 0 0.000 0.000 0.000 0.142 0 1 0 0 0 0
 134 130769.000 141748.000 0 0 0.000 0.000 0.000 0.144 0 1 0 0 0 0
 135 67667.000 141498.000 0 0 0.000 0.000 0.000 0.134 0 1 0 0 0 0
 136 55987.000 71009.000 0 0 0.000 0.000 0.000 0.138 0 1 0 0 0 0
 137 121812.000 148550.000 0 0 0.000 0.000 0.000 0.146 0 1 0 0 0 0
 138 125693.000 146736.000 0 0 0.000 0.000 0.000 0.152 0 1 0 0 0 0
 139 55063.000 71419.000 0 0 0.000 0.000 0.000 0.131 0 1 0 0 0 0
 140 148083.000 75631.000 0 0 0.000 0.000 0.000 0.139 0 1 0 0 0 0
 141 152549.000 85861.000 0 0 0.000 0.000 0.000 0.140 0 1 0 0 0 0
 142 61552.000 139532.000 0 0 0.000 0.000 0.000 0.134 0 1 0 0 0 0
 143 143007.000 65850.000 0 0 0.000 0.000 0.000 0.133 0 1 0 0 0 0
 144 154944.000 93905.000 0 0 0.000 0.000 0.000 0.140 0 1 0 0 0 0
 145 134146.000 56332.000 0 0 0.000 0.000 0.000 0.153 0 1 0 0 0 0
 146 86062.000 46139.000 0 0 0.000 0.000 0.000 0.140 0 1 0 0 0 0
 147 46000.000 85389.000 0 0 0.000 0.000 0.000 0.137 0 1 0 0 0 0
 148 65580.000 55609.000 0 0 0.000 0.000 0.000 0.132 0 1 0 0 0 0
 149 85403.000 157264.000 0 0 0.000 0.000 0.000 0.144 0 1 0 0 0 0
 150 43034.000 85806.000 0 0 0.000 0.000 0.000 0.141 0 1 0 0 0 0
 151 152719.000 73799.000 0 0 0.000 0.000 0.000 0.135 0 1 0 0 0 0
 152 95099.000 159789.000 0 0 0.000 0.000 0.000 0.132 0 1 0 0 0 0
 153 152866.000 71245.000 0 0 0.000 0.000 0.000 0.133 0 1 0 0 0 0
 154 110198.000 159698.000 0 0 0.000 0.000 0.000 0.146 0 1 0 0 0 0
 155 92672.000 40276.000 0 0 0.000 0.000 0.000 0.130 0 1 0 0 0 0
 156 124252.000 44799.000 0 0 0.000 0.000 0.000 0.137 0 1 0 0 0 0
 157 158189.000 83317.000 0 0 0.000 0.000 0.000 0.133 0 1 0 0 0 0
 158 126777.000 154853.000 0 0 0.000 0.000 0.000 0.140 0 1 0 0 0 0
 159 48431.000 132457.000 0 0 0.000 0.000 0.000 0.140 0 1 0 0 0 0
 160 160889.000 89381.000 0 0 0.000 0.000 0.000 0.139 0 1 0 0 0 0
 161 50807.000 137801.000 0 0 0.000 0.000 0.000 0.130 0 1 0 0 0 0
 162 96337.000 38276.000 0 0 0.000 0.000 0.000 0.135 0 1 0 0 0 0
 163 142315.000 146046.000 0 0 0.000 0.000 0.000 0.131 0 1 0 0 0 0
 164 80117.000 159676.000 0 0 0.000 0.000 0.000 0.139 0 1 0 0 0 0
 165 51653.000 59586.000 0 0 0.000 0.000 0.000 0.130 0 1 0 0 0 0
 166 82307.000 162143.000 0 0 0.000 0.000 0.000 0.144 0 1 0 0 0 0
 167 141899.000 151942.000 0 0 0.000 0.000 0.000 0.134 0 1 0 0 0 0
 168 61572.000 155667.000 0 0 0.000 0.000 0.000 0.131 0 1 0 0 0 0
 169 40266.000 68293.000 0 0 0.000 0.000 0.000 0.134 0 1 0 0 0 0
 170 153050.000 142684.000 0 0 0.000 0.000 0.000 0.134 0 1 0 0 0 0
 171 32284.000 106730.000 0 0 0.000 0.000 0.000 0.147 0 1 0 0 0 0
 172 46228.000 57865.000 0 0 0.000 0.000 0.000 200000.000 0 1 0 200 0 0
 173 34227.000 120079.000 0 0 0.000 0.000 0.000 0.141 0 1 0 0 0 0
 174 159495.000 63527.000 0 0 0.000 0.000 0.000 0.137 0 1 0 0 0 0
 175 31953.000 119579.000 0 0 0.000 0.000 0.000 0.138 0 1 0 0 0 0
 176 80959.000 30136.000 0 0 0.000 0.000 0.000 0.140 0 1 0 0 0 0
 177 33108.000 71784.000 0 0 0.000 0.000 0.000 0.132 0 1 0 0 0 0
 178 118909.000 28912.000 0 0 0.000 0.000 0.000 0.130 0 1 0 0 0 0
 179 145403.000 159367.000 0 0 0.000 0.000 0.000 0.131 0 1 0 0 0 0
 180 59673.000 37032.000 0 0 0.000 0.000 0.000 0.131 0 1 0 0 0 0
 181 169954.000 72967.000 0 0 0.000 0.000 0.000 0.150 0 1 0 0 0 0
 182 59259.000 37259.000 0 0 0.000 0.000 0.000 0.130 0 1 0 0 0 0
 183 64337.000 33439.000 0 0 0.000 0.000 0.000 0.136 0 1 0 0 0 0
 184 92838.000 23688.000 0 0 0.000 0.000 0.000 0.130 0 1 0 0 0 0
 185 36444.000 56297.000 0 0 0.000 0.000 0.000 0.142 0 1 0 0 0 0
 186 102212.000 16635.000 0 0 0.000 0.000 0.000 0.138 0 1 0 0 0 0
 187 164709.000 167547.000 0 0 0.000 0.000 0.000 0.177 0 1 0 0 0 0;
ProcessEquipmentIDList 1
  "R375" ;
SummarySpec 5
  TESTNO    NDEFECT    DEFDENSITY    NDIE    NDEFDIE  ;
SummaryList 
  1    187    0.6837    1    1  ;
EndOfFile;
