FileVersion 1 2;
FileTimestamp 01-01-26 23:28:43;
InspectionStationID "KLA-Tencor" "SFSSP1" "0901-0728-TBI";
SampleType WAFER;
ResultTimestamp 01-01-26 23:24:16;
LotID "2580";
SampleSize 1 200;
DeviceID "None";
SetupID "T2-2580NR" 01-01-26 23:24:16;
StepID "6391P";
SampleOrientationMarkType NOTCH;
OrientationMarkLocation DOWN;
DiePitch 200000 200000;
DieOrigin 0 0;
WaferID "07";
Slot 7;
SampleCenterLocation 100000 100000;
ClassLookup 1
  0 "0"  ;
OrientationInstructions "Front";
CoordinatesMirrored No;
InspectionTest 1;
SampleTestPlan 1
  0 0 ;
AreaPerTest 2.73516e+010;
DefectRecordSpec 15 DEFECTID XREL YREL XINDEX YINDEX XSIZE YSIZE DEFECTAREA DSIZE CLASSNUMBER TEST CLUSTERNUMBER ROUGHBINNUMBER FINEBINNUMBER REVIEWSAMPLE ;
DefectList
 1 96391.000 98275.000 0 0 0.000 0.000 0.000 0.149 0 1 0 0 0 0
 2 104542.000 104529.000 0 0 0.000 0.000 0.000 0.139 0 1 0 0 0 0
 3 95286.000 104874.000 0 0 0.000 0.000 0.000 0.138 0 1 0 0 0 0
 4 106364.000 98754.000 0 0 0.000 0.000 0.000 0.136 0 1 0 0 0 0
 5 96116.000 94498.000 0 0 0.000 0.000 0.000 0.134 0 1 0 0 0 0
 6 103939.000 94214.000 0 0 0.000 0.000 0.000 0.139 0 1 0 0 0 0
 7 89587.000 100577.000 0 0 0.000 0.000 0.000 0.135 0 1 0 0 0 0
 8 110519.000 101359.000 0 0 0.000 0.000 0.000 0.136 0 1 0 0 0 0
 9 99086.000 111828.000 0 0 0.000 0.000 0.000 0.132 0 1 0 0 0 0
 10 106213.000 89657.000 0 0 0.000 0.000 0.000 0.132 0 1 0 0 0 0
 11 107610.000 109866.000 0 0 0.000 0.000 0.000 0.134 0 1 0 0 0 0
 12 109589.000 92423.000 0 0 0.000 0.000 0.000 0.133 0 1 0 0 0 0
 13 88768.000 105868.000 0 0 0.000 0.000 0.000 0.130 0 1 0 0 0 0
 14 112228.000 103130.000 0 0 0.000 0.000 0.000 0.147 0 1 0 0 0 0
 15 107131.000 110740.000 0 0 0.000 0.000 0.000 0.135 0 1 0 0 0 0
 16 96324.000 112805.000 0 0 0.000 0.000 0.000 0.133 0 1 0 0 0 0
 17 92266.000 111606.000 0 0 0.000 0.000 0.000 0.136 0 1 0 0 0 0
 18 86685.000 96945.000 0 0 0.000 0.000 0.000 0.131 0 1 0 0 0 0
 19 99393.000 113963.000 0 0 0.000 0.000 0.000 0.131 0 1 0 0 0 0
 20 110265.000 90526.000 0 0 0.000 0.000 0.000 0.153 0 1 0 0 0 0
 21 102399.000 85592.000 0 0 0.000 0.000 0.000 0.135 0 1 0 0 0 0
 22 96317.000 84888.000 0 0 0.000 0.000 0.000 0.131 0 1 0 0 0 0
 23 104373.000 84013.000 0 0 0.000 0.000 0.000 0.137 0 1 0 0 0 0
 24 95174.000 84008.000 0 0 0.000 0.000 0.000 0.139 0 1 0 0 0 0
 25 116869.000 96985.000 0 0 0.000 0.000 0.000 0.133 0 1 0 0 0 0
 26 113038.000 111452.000 0 0 0.000 0.000 0.000 0.145 0 1 0 0 0 0
 27 106362.000 83277.000 0 0 0.000 0.000 0.000 0.147 0 1 0 0 0 0
 28 80850.000 102745.000 0 0 0.000 0.000 0.000 0.150 0 1 0 0 0 0
 29 110114.000 83725.000 0 0 0.000 0.000 0.000 0.150 0 1 0 0 0 0
 30 102192.000 119486.000 0 0 0.000 0.000 0.000 0.141 0 1 0 0 0 0
 31 91833.000 82032.000 0 0 0.000 0.000 0.000 0.140 0 1 0 0 0 0
 32 89037.000 83051.000 0 0 0.000 0.000 0.000 0.152 0 1 0 0 0 0
 33 95837.000 79796.000 0 0 0.000 0.000 0.000 0.131 0 1 0 0 0 0
 34 90697.000 80551.000 0 0 0.000 0.000 0.000 0.133 0 1 0 0 0 0
 35 83134.000 114096.000 0 0 0.000 0.000 0.000 0.149 0 1 0 0 0 0
 36 107502.000 79353.000 0 0 0.000 0.000 0.000 0.146 0 1 0 0 0 0
 37 103796.000 78014.000 0 0 0.000 0.000 0.000 0.137 0 1 0 0 0 0
 38 97846.000 122985.000 0 0 0.000 0.000 0.000 0.139 0 1 0 0 0 0
 39 93511.000 77887.000 0 0 0.000 0.000 0.000 0.155 0 1 0 0 0 0
 40 76838.000 104747.000 0 0 0.000 0.000 0.000 0.142 0 1 0 0 0 0
 41 77407.000 91981.000 0 0 0.000 0.000 0.000 0.134 0 1 0 0 0 0
 42 83617.000 118178.000 0 0 0.000 0.000 0.000 0.151 0 1 0 0 0 0
 43 95688.000 125322.000 0 0 0.000 0.000 0.000 0.131 0 1 0 0 0 0
 44 75546.000 92438.000 0 0 0.000 0.000 0.000 0.146 0 1 0 0 0 0
 45 89213.000 75733.000 0 0 0.000 0.000 0.000 0.131 0 1 0 0 0 0
 46 125337.000 109080.000 0 0 0.000 0.000 0.000 0.130 0 1 0 0 0 0
 47 95792.000 127208.000 0 0 0.000 0.000 0.000 0.135 0 1 0 0 0 0
 48 72755.000 93261.000 0 0 0.000 0.000 0.000 0.136 0 1 0 0 0 0
 49 84405.000 77014.000 0 0 0.000 0.000 0.000 0.142 0 1 0 0 0 0
 50 124719.000 86795.000 0 0 0.000 0.000 0.000 0.149 0 1 0 0 0 0
 51 71875.000 96078.000 0 0 0.000 0.000 0.000 0.143 0 1 0 0 0 0
 52 119747.000 120631.000 0 0 0.000 0.000 0.000 0.137 0 1 0 0 0 0
 53 128095.000 105695.000 0 0 0.000 0.000 0.000 0.143 0 1 0 0 0 0
 54 71233.000 103483.000 0 0 0.000 0.000 0.000 0.145 0 1 0 0 0 0
 55 103814.000 71209.000 0 0 0.000 0.000 0.000 0.138 0 1 0 0 0 0
 56 92488.000 71720.000 0 0 0.000 0.000 0.000 0.158 0 1 0 0 0 0
 57 92975.000 71501.000 0 0 0.000 0.000 0.000 0.134 0 1 0 0 0 0
 58 125525.000 116094.000 0 0 0.000 0.000 0.000 0.143 0 1 0 0 0 0
 59 86100.000 127118.000 0 0 0.000 0.000 0.000 0.146 0 1 0 0 0 0
 60 128078.000 88949.000 0 0 0.000 0.000 0.000 0.143 0 1 0 0 0 0
 61 125473.000 117479.000 0 0 0.000 0.000 0.000 0.133 0 1 0 0 0 0
 62 126493.000 84459.000 0 0 0.000 0.000 0.000 0.130 0 1 0 0 0 0
 63 88877.000 70874.000 0 0 0.000 0.000 0.000 0.141 0 1 0 0 0 0
 64 126351.000 117369.000 0 0 0.000 0.000 0.000 0.156 0 1 0 0 0 0
 65 82257.000 73425.000 0 0 0.000 0.000 0.000 0.133 0 1 0 0 0 0
 66 131531.000 107028.000 0 0 0.000 0.000 0.000 0.138 0 1 0 0 0 0
 67 69746.000 88276.000 0 0 0.000 0.000 0.000 0.141 0 1 0 0 0 0
 68 105218.000 68276.000 0 0 0.000 0.000 0.000 0.146 0 1 0 0 0 0
 69 121727.000 75618.000 0 0 0.000 0.000 0.000 0.145 0 1 0 0 0 0
 70 83453.000 128791.000 0 0 0.000 0.000 0.000 0.131 0 1 0 0 0 0
 71 130780.000 112438.000 0 0 0.000 0.000 0.000 0.135 0 1 0 0 0 0
 72 96517.000 133177.000 0 0 0.000 0.000 0.000 0.130 0 1 0 0 0 0
 73 133038.000 109464.000 0 0 0.000 0.000 0.000 0.131 0 1 0 0 0 0
 74 84963.000 69056.000 0 0 0.000 0.000 0.000 0.149 0 1 0 0 0 0
 75 118862.000 71227.000 0 0 0.000 0.000 0.000 0.138 0 1 0 0 0 0
 76 90785.000 133843.000 0 0 0.000 0.000 0.000 0.133 0 1 0 0 0 0
 77 80528.000 71375.000 0 0 0.000 0.000 0.000 0.136 0 1 0 0 0 0
 78 89306.000 133526.000 0 0 0.000 0.000 0.000 0.148 0 1 0 0 0 0
 79 72479.000 78326.000 0 0 0.000 0.000 0.000 0.134 0 1 0 0 0 0
 80 71432.000 79080.000 0 0 0.000 0.000 0.000 0.139 0 1 0 0 0 0
 81 95276.000 64985.000 0 0 0.000 0.000 0.000 0.148 0 1 0 0 0 0
 82 68551.000 82981.000 0 0 0.000 0.000 0.000 0.131 0 1 0 0 0 0
 83 69344.000 80791.000 0 0 0.000 0.000 0.000 0.135 0 1 0 0 0 0
 84 97908.000 136651.000 0 0 0.000 0.000 0.000 0.137 0 1 0 0 0 0
 85 69026.000 120035.000 0 0 0.000 0.000 0.000 0.133 0 1 0 0 0 0
 86 71372.000 123513.000 0 0 0.000 0.000 0.000 0.131 0 1 0 0 0 0
 87 86868.000 65804.000 0 0 0.000 0.000 0.000 0.164 0 1 0 0 0 0
 88 103628.000 136960.000 0 0 0.000 0.000 0.000 0.137 0 1 0 0 0 0
 89 89900.000 64649.000 0 0 0.000 0.000 0.000 0.137 0 1 0 0 0 0
 90 83634.000 66573.000 0 0 0.000 0.000 0.000 0.151 0 1 0 0 0 0
 91 118427.000 67689.000 0 0 0.000 0.000 0.000 0.149 0 1 0 0 0 0
 92 69556.000 122330.000 0 0 0.000 0.000 0.000 0.141 0 1 0 0 0 0
 93 103137.000 62631.000 0 0 0.000 0.000 0.000 0.135 0 1 0 0 0 0
 94 111054.000 64258.000 0 0 0.000 0.000 0.000 0.130 0 1 0 0 0 0
 95 135098.000 85586.000 0 0 0.000 0.000 0.000 0.149 0 1 0 0 0 0
 96 72500.000 127979.000 0 0 0.000 0.000 0.000 0.140 0 1 0 0 0 0
 97 68841.000 124484.000 0 0 0.000 0.000 0.000 0.146 0 1 0 0 0 0
 98 95085.000 60666.000 0 0 0.000 0.000 0.000 0.152 0 1 0 0 0 0
 99 104644.000 60512.000 0 0 0.000 0.000 0.000 0.144 0 1 0 0 0 0
 100 134880.000 80423.000 0 0 0.000 0.000 0.000 0.150 0 1 0 0 0 0
 101 128543.000 71696.000 0 0 0.000 0.000 0.000 0.139 0 1 0 0 0 0
 102 140093.000 105425.000 0 0 0.000 0.000 0.000 0.130 0 1 0 0 0 0
 103 74704.000 132695.000 0 0 0.000 0.000 0.000 0.135 0 1 0 0 0 0
 104 111697.000 60883.000 0 0 0.000 0.000 0.000 0.134 0 1 0 0 0 0
 105 86732.000 139199.000 0 0 0.000 0.000 0.000 0.143 0 1 0 0 0 0
 106 62200.000 117199.000 0 0 0.000 0.000 0.000 0.148 0 1 0 0 0 0
 107 111650.000 60318.000 0 0 0.000 0.000 0.000 0.144 0 1 0 0 0 0
 108 58122.000 95520.000 0 0 0.000 0.000 0.000 0.130 0 1 0 0 0 0
 109 73227.000 67630.000 0 0 0.000 0.000 0.000 0.142 0 1 0 0 0 0
 110 83362.000 61508.000 0 0 0.000 0.000 0.000 0.138 0 1 0 0 0 0
 111 56999.000 109890.000 0 0 0.000 0.000 0.000 0.151 0 1 0 0 0 0
 112 111373.000 142935.000 0 0 0.000 0.000 0.000 0.141 0 1 0 0 0 0
 113 58421.000 84913.000 0 0 0.000 0.000 0.000 0.134 0 1 0 0 0 0
 114 144499.000 98127.000 0 0 0.000 0.000 0.000 0.135 0 1 0 0 0 0
 115 122772.000 138559.000 0 0 0.000 0.000 0.000 0.148 0 1 0 0 0 0
 116 145139.000 97542.000 0 0 0.000 0.000 0.000 0.153 0 1 0 0 0 0
 117 128126.000 136087.000 0 0 0.000 0.000 0.000 0.143 0 1 0 0 0 0
 118 123161.000 139793.000 0 0 0.000 0.000 0.000 0.134 0 1 0 0 0 0
 119 63342.000 72129.000 0 0 0.000 0.000 0.000 0.153 0 1 0 0 0 0
 120 69494.000 65576.000 0 0 0.000 0.000 0.000 0.133 0 1 0 0 0 0
 121 79213.000 58961.000 0 0 0.000 0.000 0.000 0.143 0 1 0 0 0 0
 122 145077.000 110144.000 0 0 0.000 0.000 0.000 0.133 0 1 0 0 0 0
 123 66588.000 67393.000 0 0 0.000 0.000 0.000 0.152 0 1 0 0 0 0
 124 63393.000 129701.000 0 0 0.000 0.000 0.000 0.132 0 1 0 0 0 0
 125 102055.000 147380.000 0 0 0.000 0.000 0.000 0.131 0 1 0 0 0 0
 126 79006.000 142786.000 0 0 0.000 0.000 0.000 0.139 0 1 0 0 0 0
 127 90398.000 147652.000 0 0 0.000 0.000 0.000 0.130 0 1 0 0 0 0
 128 66435.000 135119.000 0 0 0.000 0.000 0.000 0.145 0 1 0 0 0 0
 129 137970.000 130880.000 0 0 0.000 0.000 0.000 0.137 0 1 0 0 0 0
 130 148821.000 99947.000 0 0 0.000 0.000 0.000 0.132 0 1 0 0 0 0
 131 55791.000 123992.000 0 0 0.000 0.000 0.000 0.145 0 1 0 0 0 0
 132 136503.000 65798.000 0 0 0.000 0.000 0.000 0.137 0 1 0 0 0 0
 133 70171.000 140625.000 0 0 0.000 0.000 0.000 0.131 0 1 0 0 0 0
 134 59174.000 130263.000 0 0 0.000 0.000 0.000 0.139 0 1 0 0 0 0
 135 52554.000 82277.000 0 0 0.000 0.000 0.000 0.132 0 1 0 0 0 0
 136 150498.000 108155.000 0 0 0.000 0.000 0.000 0.135 0 1 0 0 0 0
 137 78306.000 147414.000 0 0 0.000 0.000 0.000 0.130 0 1 0 0 0 0
 138 91773.000 151709.000 0 0 0.000 0.000 0.000 0.147 0 1 0 0 0 0
 139 123577.000 53411.000 0 0 0.000 0.000 0.000 0.134 0 1 0 0 0 0
 140 108333.000 47701.000 0 0 0.000 0.000 0.000 0.139 0 1 0 0 0 0
 141 128748.000 55631.000 0 0 0.000 0.000 0.000 0.131 0 1 0 0 0 0
 142 140900.000 66192.000 0 0 0.000 0.000 0.000 200000.000 0 1 0 200 0 0
 143 101935.000 153507.000 0 0 0.000 0.000 0.000 0.149 0 1 0 0 0 0
 144 67379.000 56718.000 0 0 0.000 0.000 0.000 0.160 0 1 0 0 0 0
 145 154054.000 93063.000 0 0 0.000 0.000 0.000 0.133 0 1 0 0 0 0
 146 47993.000 82506.000 0 0 0.000 0.000 0.000 0.149 0 1 0 0 0 0
 147 138792.000 61407.000 0 0 0.000 0.000 0.000 0.134 0 1 0 0 0 0
 148 139376.000 138558.000 0 0 0.000 0.000 0.000 0.140 0 1 0 0 0 0
 149 105270.000 155247.000 0 0 0.000 0.000 0.000 0.143 0 1 0 0 0 0
 150 100156.000 43996.000 0 0 0.000 0.000 0.000 0.153 0 1 0 0 0 0
 151 155795.000 107386.000 0 0 0.000 0.000 0.000 0.133 0 1 0 0 0 0
 152 87972.000 156369.000 0 0 0.000 0.000 0.000 0.134 0 1 0 0 0 0
 153 42426.000 96651.000 0 0 0.000 0.000 0.000 0.141 0 1 0 0 0 0
 154 76787.000 47204.000 0 0 0.000 0.000 0.000 0.133 0 1 0 0 0 0
 155 158073.000 96436.000 0 0 0.000 0.000 0.000 0.134 0 1 0 0 0 0
 156 40810.000 101039.000 0 0 0.000 0.000 0.000 0.132 0 1 0 0 0 0
 157 155434.000 122911.000 0 0 0.000 0.000 0.000 0.133 0 1 0 0 0 0
 158 66070.000 50100.000 0 0 0.000 0.000 0.000 0.145 0 1 0 0 0 0
 159 51482.000 137737.000 0 0 0.000 0.000 0.000 0.132 0 1 0 0 0 0
 160 121476.000 159000.000 0 0 0.000 0.000 0.000 200000.000 0 1 0 200 0 0
 161 37684.000 89036.000 0 0 0.000 0.000 0.000 0.134 0 1 0 0 0 0
 162 133791.000 153774.000 0 0 0.000 0.000 0.000 0.133 0 1 0 0 0 0
 163 101847.000 163523.000 0 0 0.000 0.000 0.000 0.135 0 1 0 0 0 0
 164 154480.000 132821.000 0 0 0.000 0.000 0.000 0.223 0 1 0 0 0 0
 165 59636.000 50718.000 0 0 0.000 0.000 0.000 0.130 0 1 0 0 0 0
 166 35328.000 106900.000 0 0 0.000 0.000 0.000 0.132 0 1 0 0 0 0
 167 109843.000 164604.000 0 0 0.000 0.000 0.000 0.134 0 1 0 0 0 0
 168 70118.000 41965.000 0 0 0.000 0.000 0.000 0.133 0 1 0 0 0 0
 169 41957.000 131531.000 0 0 0.000 0.000 0.000 0.142 0 1 0 0 0 0
 170 52227.000 145899.000 0 0 0.000 0.000 0.000 0.130 0 1 0 0 0 0
 171 161259.000 73422.000 0 0 0.000 0.000 0.000 0.144 0 1 0 0 0 0
 172 82674.000 165748.000 0 0 0.000 0.000 0.000 0.150 0 1 0 0 0 0
 173 32812.000 80325.000 0 0 0.000 0.000 0.000 0.133 0 1 0 0 0 0
 174 44977.000 56900.000 0 0 0.000 0.000 0.000 0.138 0 1 0 0 0 0
 175 33381.000 73978.000 0 0 0.000 0.000 0.000 0.162 0 1 0 0 0 0
 176 120632.000 31560.000 0 0 0.000 0.000 0.000 0.130 0 1 0 0 0 0
 177 170417.000 114272.000 0 0 0.000 0.000 0.000 0.139 0 1 0 0 0 0
 178 96162.000 172050.000 0 0 0.000 0.000 0.000 0.136 0 1 0 0 0 0
 179 164625.000 63676.000 0 0 0.000 0.000 0.000 0.131 0 1 0 0 0 0
 180 163692.000 60182.000 0 0 0.000 0.000 0.000 0.132 0 1 0 0 0 0
 181 36353.000 146269.000 0 0 0.000 0.000 0.000 0.145 0 1 0 0 0 0
 182 51635.000 38009.000 0 0 0.000 0.000 0.000 200000.000 0 1 0 200 0 0
 183 98779.000 19487.000 0 0 0.000 0.000 0.000 0.134 0 1 0 0 0 0
 184 162515.000 151360.000 0 0 0.000 0.000 0.000 0.132 0 1 0 0 0 0
 185 97277.000 185399.000 0 0 0.000 0.000 0.000 0.467 0 1 0 0 0 0;
ProcessEquipmentIDList 1
  "R375" ;
SummarySpec 5
  TESTNO    NDEFECT    DEFDENSITY    NDIE    NDEFDIE  ;
SummaryList 
  1    185    0.6764    1    1  ;
EndOfFile;
