FileVersion 1 2;
FileTimestamp 01-01-26 21:57:18;
InspectionStationID "KLA-Tencor" "SFSSP1" "0901-0728-TBI";
SampleType WAFER;
ResultTimestamp 01-01-26 21:54:31;
LotID "2580";
SampleSize 1 200;
DeviceID "None";
SetupID "T2-2580NR" 01-01-26 21:54:31;
StepID "6391P";
SampleOrientationMarkType NOTCH;
OrientationMarkLocation DOWN;
DiePitch 200000 200000;
DieOrigin 0 0;
WaferID "06";
Slot 6;
SampleCenterLocation 100000 100000;
ClassLookup 1
  0 "0"  ;
OrientationInstructions "Front";
CoordinatesMirrored No;
InspectionTest 1;
SampleTestPlan 1
  0 0 ;
AreaPerTest 2.73536e+010;
DefectRecordSpec 15 DEFECTID XREL YREL XINDEX YINDEX XSIZE YSIZE DEFECTAREA DSIZE CLASSNUMBER TEST CLUSTERNUMBER ROUGHBINNUMBER FINEBINNUMBER REVIEWSAMPLE ;
DefectList
 1 97534.000 99997.000 0 0 0.000 0.000 0.000 0.152 0 1 0 0 0 0
 2 102821.000 97880.000 0 0 0.000 0.000 0.000 0.136 0 1 0 0 0 0
 3 102298.000 106705.000 0 0 0.000 0.000 0.000 0.131 0 1 0 0 0 0
 4 103675.000 106248.000 0 0 0.000 0.000 0.000 0.161 0 1 0 0 0 0
 5 108409.000 100272.000 0 0 0.000 0.000 0.000 0.140 0 1 0 0 0 0
 6 104656.000 92191.000 0 0 0.000 0.000 0.000 0.145 0 1 0 0 0 0
 7 90380.000 93773.000 0 0 0.000 0.000 0.000 0.131 0 1 0 0 0 0
 8 92539.000 90696.000 0 0 0.000 0.000 0.000 0.134 0 1 0 0 0 0
 9 100229.000 88099.000 0 0 0.000 0.000 0.000 0.148 0 1 0 0 0 0
 10 102263.000 111837.000 0 0 0.000 0.000 0.000 0.139 0 1 0 0 0 0
 11 92505.000 109852.000 0 0 0.000 0.000 0.000 0.130 0 1 0 0 0 0
 12 105981.000 111073.000 0 0 0.000 0.000 0.000 0.138 0 1 0 0 0 0
 13 96506.000 87155.000 0 0 0.000 0.000 0.000 0.132 0 1 0 0 0 0
 14 112026.000 93523.000 0 0 0.000 0.000 0.000 0.142 0 1 0 0 0 0
 15 87722.000 92737.000 0 0 0.000 0.000 0.000 0.132 0 1 0 0 0 0
 16 112738.000 106477.000 0 0 0.000 0.000 0.000 0.138 0 1 0 0 0 0
 17 110613.000 110305.000 0 0 0.000 0.000 0.000 0.131 0 1 0 0 0 0
 18 114302.000 95795.000 0 0 0.000 0.000 0.000 0.132 0 1 0 0 0 0
 19 114169.000 93362.000 0 0 0.000 0.000 0.000 0.133 0 1 0 0 0 0
 20 94162.000 114969.000 0 0 0.000 0.000 0.000 0.130 0 1 0 0 0 0
 21 102966.000 83699.000 0 0 0.000 0.000 0.000 0.140 0 1 0 0 0 0
 22 96129.000 116531.000 0 0 0.000 0.000 0.000 0.165 0 1 0 0 0 0
 23 108826.000 114451.000 0 0 0.000 0.000 0.000 0.137 0 1 0 0 0 0
 24 91099.000 84457.000 0 0 0.000 0.000 0.000 0.142 0 1 0 0 0 0
 25 105487.000 83257.000 0 0 0.000 0.000 0.000 0.130 0 1 0 0 0 0
 26 81170.000 101892.000 0 0 0.000 0.000 0.000 0.136 0 1 0 0 0 0
 27 85968.000 86756.000 0 0 0.000 0.000 0.000 0.139 0 1 0 0 0 0
 28 102975.000 80563.000 0 0 0.000 0.000 0.000 0.130 0 1 0 0 0 0
 29 106764.000 118792.000 0 0 0.000 0.000 0.000 0.132 0 1 0 0 0 0
 30 111743.000 83330.000 0 0 0.000 0.000 0.000 0.134 0 1 0 0 0 0
 31 103467.000 120013.000 0 0 0.000 0.000 0.000 0.141 0 1 0 0 0 0
 32 111320.000 82570.000 0 0 0.000 0.000 0.000 0.130 0 1 0 0 0 0
 33 79066.000 97568.000 0 0 0.000 0.000 0.000 0.139 0 1 0 0 0 0
 34 120981.000 101268.000 0 0 0.000 0.000 0.000 0.138 0 1 0 0 0 0
 35 97888.000 121608.000 0 0 0.000 0.000 0.000 0.144 0 1 0 0 0 0
 36 77289.000 99163.000 0 0 0.000 0.000 0.000 0.140 0 1 0 0 0 0
 37 112201.000 80626.000 0 0 0.000 0.000 0.000 0.138 0 1 0 0 0 0
 38 78558.000 108293.000 0 0 0.000 0.000 0.000 0.142 0 1 0 0 0 0
 39 90780.000 121116.000 0 0 0.000 0.000 0.000 0.139 0 1 0 0 0 0
 40 76735.000 100928.000 0 0 0.000 0.000 0.000 0.130 0 1 0 0 0 0
 41 90537.000 78451.000 0 0 0.000 0.000 0.000 0.154 0 1 0 0 0 0
 42 95901.000 123857.000 0 0 0.000 0.000 0.000 0.134 0 1 0 0 0 0
 43 110712.000 77852.000 0 0 0.000 0.000 0.000 0.142 0 1 0 0 0 0
 44 88322.000 122483.000 0 0 0.000 0.000 0.000 0.141 0 1 0 0 0 0
 45 72974.000 101442.000 0 0 0.000 0.000 0.000 0.137 0 1 0 0 0 0
 46 73132.000 106008.000 0 0 0.000 0.000 0.000 0.139 0 1 0 0 0 0
 47 102818.000 72390.000 0 0 0.000 0.000 0.000 0.133 0 1 0 0 0 0
 48 72336.000 104098.000 0 0 0.000 0.000 0.000 0.151 0 1 0 0 0 0
 49 103975.000 72328.000 0 0 0.000 0.000 0.000 0.140 0 1 0 0 0 0
 50 114918.000 75642.000 0 0 0.000 0.000 0.000 0.130 0 1 0 0 0 0
 51 95505.000 128206.000 0 0 0.000 0.000 0.000 0.131 0 1 0 0 0 0
 52 87926.000 126379.000 0 0 0.000 0.000 0.000 0.150 0 1 0 0 0 0
 53 115349.000 75172.000 0 0 0.000 0.000 0.000 0.167 0 1 0 0 0 0
 54 129051.000 100505.000 0 0 0.000 0.000 0.000 0.130 0 1 0 0 0 0
 55 81083.000 76838.000 0 0 0.000 0.000 0.000 0.149 0 1 0 0 0 0
 56 126965.000 86270.000 0 0 0.000 0.000 0.000 0.136 0 1 0 0 0 0
 57 127671.000 113485.000 0 0 0.000 0.000 0.000 0.136 0 1 0 0 0 0
 58 130146.000 92487.000 0 0 0.000 0.000 0.000 0.155 0 1 0 0 0 0
 59 69485.000 108985.000 0 0 0.000 0.000 0.000 0.132 0 1 0 0 0 0
 60 81023.000 126134.000 0 0 0.000 0.000 0.000 0.139 0 1 0 0 0 0
 61 67907.000 105746.000 0 0 0.000 0.000 0.000 0.148 0 1 0 0 0 0
 62 115764.000 128286.000 0 0 0.000 0.000 0.000 0.133 0 1 0 0 0 0
 63 120940.000 125471.000 0 0 0.000 0.000 0.000 0.152 0 1 0 0 0 0
 64 115218.000 129447.000 0 0 0.000 0.000 0.000 0.142 0 1 0 0 0 0
 65 92759.000 132841.000 0 0 0.000 0.000 0.000 0.139 0 1 0 0 0 0
 66 109839.000 67486.000 0 0 0.000 0.000 0.000 0.134 0 1 0 0 0 0
 67 89713.000 132591.000 0 0 0.000 0.000 0.000 0.143 0 1 0 0 0 0
 68 133734.000 94021.000 0 0 0.000 0.000 0.000 0.137 0 1 0 0 0 0
 69 84247.000 69048.000 0 0 0.000 0.000 0.000 0.134 0 1 0 0 0 0
 70 134187.000 94879.000 0 0 0.000 0.000 0.000 0.134 0 1 0 0 0 0
 71 113429.000 131955.000 0 0 0.000 0.000 0.000 0.150 0 1 0 0 0 0
 72 104771.000 65022.000 0 0 0.000 0.000 0.000 0.135 0 1 0 0 0 0
 73 134383.000 93242.000 0 0 0.000 0.000 0.000 0.136 0 1 0 0 0 0
 74 124608.000 74733.000 0 0 0.000 0.000 0.000 0.160 0 1 0 0 0 0
 75 125193.000 73942.000 0 0 0.000 0.000 0.000 0.130 0 1 0 0 0 0
 76 120917.000 69891.000 0 0 0.000 0.000 0.000 0.154 0 1 0 0 0 0
 77 137576.000 97886.000 0 0 0.000 0.000 0.000 0.145 0 1 0 0 0 0
 78 67814.000 79628.000 0 0 0.000 0.000 0.000 0.133 0 1 0 0 0 0
 79 135817.000 86671.000 0 0 0.000 0.000 0.000 0.133 0 1 0 0 0 0
 80 92017.000 137563.000 0 0 0.000 0.000 0.000 0.137 0 1 0 0 0 0
 81 104855.000 61164.000 0 0 0.000 0.000 0.000 0.134 0 1 0 0 0 0
 82 66533.000 78745.000 0 0 0.000 0.000 0.000 0.146 0 1 0 0 0 0
 83 101973.000 60597.000 0 0 0.000 0.000 0.000 0.160 0 1 0 0 0 0
 84 130305.000 74696.000 0 0 0.000 0.000 0.000 0.130 0 1 0 0 0 0
 85 112899.000 137216.000 0 0 0.000 0.000 0.000 0.138 0 1 0 0 0 0
 86 137568.000 86749.000 0 0 0.000 0.000 0.000 0.140 0 1 0 0 0 0
 87 128100.000 128152.000 0 0 0.000 0.000 0.000 0.140 0 1 0 0 0 0
 88 61804.000 115368.000 0 0 0.000 0.000 0.000 0.133 0 1 0 0 0 0
 89 65484.000 122598.000 0 0 0.000 0.000 0.000 0.146 0 1 0 0 0 0
 90 126774.000 131901.000 0 0 0.000 0.000 0.000 0.131 0 1 0 0 0 0
 91 70384.000 129705.000 0 0 0.000 0.000 0.000 0.141 0 1 0 0 0 0
 92 57954.000 101836.000 0 0 0.000 0.000 0.000 0.130 0 1 0 0 0 0
 93 69640.000 129382.000 0 0 0.000 0.000 0.000 0.131 0 1 0 0 0 0
 94 67342.000 126890.000 0 0 0.000 0.000 0.000 0.145 0 1 0 0 0 0
 95 59705.000 113146.000 0 0 0.000 0.000 0.000 0.143 0 1 0 0 0 0
 96 80207.000 62347.000 0 0 0.000 0.000 0.000 0.152 0 1 0 0 0 0
 97 132934.000 127313.000 0 0 0.000 0.000 0.000 0.132 0 1 0 0 0 0
 98 134531.000 73821.000 0 0 0.000 0.000 0.000 0.131 0 1 0 0 0 0
 99 133665.000 72257.000 0 0 0.000 0.000 0.000 0.153 0 1 0 0 0 0
 100 138750.000 79849.000 0 0 0.000 0.000 0.000 0.140 0 1 0 0 0 0
 101 57872.000 87029.000 0 0 0.000 0.000 0.000 0.138 0 1 0 0 0 0
 102 143091.000 93379.000 0 0 0.000 0.000 0.000 0.150 0 1 0 0 0 0
 103 63289.000 74875.000 0 0 0.000 0.000 0.000 0.138 0 1 0 0 0 0
 104 118828.000 140203.000 0 0 0.000 0.000 0.000 0.138 0 1 0 0 0 0
 105 75914.000 138029.000 0 0 0.000 0.000 0.000 0.136 0 1 0 0 0 0
 106 85198.000 56936.000 0 0 0.000 0.000 0.000 0.140 0 1 0 0 0 0
 107 80061.000 141002.000 0 0 0.000 0.000 0.000 0.136 0 1 0 0 0 0
 108 80472.000 58506.000 0 0 0.000 0.000 0.000 0.141 0 1 0 0 0 0
 109 107287.000 54725.000 0 0 0.000 0.000 0.000 0.144 0 1 0 0 0 0
 110 143263.000 114951.000 0 0 0.000 0.000 0.000 0.130 0 1 0 0 0 0
 111 64229.000 69468.000 0 0 0.000 0.000 0.000 0.141 0 1 0 0 0 0
 112 93585.000 146476.000 0 0 0.000 0.000 0.000 0.154 0 1 0 0 0 0
 113 92714.000 52978.000 0 0 0.000 0.000 0.000 0.134 0 1 0 0 0 0
 114 100638.000 148513.000 0 0 0.000 0.000 0.000 0.168 0 1 0 0 0 0
 115 138619.000 70319.000 0 0 0.000 0.000 0.000 0.135 0 1 0 0 0 0
 116 135571.000 133175.000 0 0 0.000 0.000 0.000 0.143 0 1 0 0 0 0
 117 98162.000 50889.000 0 0 0.000 0.000 0.000 0.135 0 1 0 0 0 0
 118 137716.000 68515.000 0 0 0.000 0.000 0.000 0.130 0 1 0 0 0 0
 119 148677.000 106044.000 0 0 0.000 0.000 0.000 0.147 0 1 0 0 0 0
 120 50414.000 97017.000 0 0 0.000 0.000 0.000 0.134 0 1 0 0 0 0
 121 51540.000 88116.000 0 0 0.000 0.000 0.000 0.130 0 1 0 0 0 0
 122 71943.000 58621.000 0 0 0.000 0.000 0.000 0.131 0 1 0 0 0 0
 123 126836.000 58015.000 0 0 0.000 0.000 0.000 0.143 0 1 0 0 0 0
 124 149852.000 106750.000 0 0 0.000 0.000 0.000 0.130 0 1 0 0 0 0
 125 143739.000 74580.000 0 0 0.000 0.000 0.000 0.132 0 1 0 0 0 0
 126 139814.000 67660.000 0 0 0.000 0.000 0.000 0.131 0 1 0 0 0 0
 127 83782.000 149186.000 0 0 0.000 0.000 0.000 0.137 0 1 0 0 0 0
 128 52862.000 77668.000 0 0 0.000 0.000 0.000 0.131 0 1 0 0 0 0
 129 115008.000 49935.000 0 0 0.000 0.000 0.000 0.135 0 1 0 0 0 0
 130 133352.000 59482.000 0 0 0.000 0.000 0.000 0.131 0 1 0 0 0 0
 131 105953.000 152257.000 0 0 0.000 0.000 0.000 0.130 0 1 0 0 0 0
 132 66208.000 58538.000 0 0 0.000 0.000 0.000 0.132 0 1 0 0 0 0
 133 131226.000 144130.000 0 0 0.000 0.000 0.000 0.161 0 1 0 0 0 0
 134 117914.000 150966.000 0 0 0.000 0.000 0.000 0.134 0 1 0 0 0 0
 135 150309.000 79825.000 0 0 0.000 0.000 0.000 0.147 0 1 0 0 0 0
 136 121072.000 149994.000 0 0 0.000 0.000 0.000 0.140 0 1 0 0 0 0
 137 103359.000 45258.000 0 0 0.000 0.000 0.000 0.135 0 1 0 0 0 0
 138 121838.000 49361.000 0 0 0.000 0.000 0.000 0.160 0 1 0 0 0 0
 139 155223.000 108047.000 0 0 0.000 0.000 0.000 0.136 0 1 0 0 0 0
 140 153979.000 114407.000 0 0 0.000 0.000 0.000 0.132 0 1 0 0 0 0
 141 155373.000 111317.000 0 0 0.000 0.000 0.000 0.138 0 1 0 0 0 0
 142 62467.000 55784.000 0 0 0.000 0.000 0.000 0.144 0 1 0 0 0 0
 143 85688.000 43177.000 0 0 0.000 0.000 0.000 0.132 0 1 0 0 0 0
 144 91003.000 157731.000 0 0 0.000 0.000 0.000 0.143 0 1 0 0 0 0
 145 141004.000 57769.000 0 0 0.000 0.000 0.000 0.133 0 1 0 0 0 0
 146 95153.000 158896.000 0 0 0.000 0.000 0.000 0.143 0 1 0 0 0 0
 147 59536.000 143238.000 0 0 0.000 0.000 0.000 0.133 0 1 0 0 0 0
 148 62150.000 52318.000 0 0 0.000 0.000 0.000 0.143 0 1 0 0 0 0
 149 69715.000 47259.000 0 0 0.000 0.000 0.000 0.138 0 1 0 0 0 0
 150 109755.000 159744.000 0 0 0.000 0.000 0.000 0.142 0 1 0 0 0 0
 151 42436.000 120606.000 0 0 0.000 0.000 0.000 0.137 0 1 0 0 0 0
 152 160235.000 91734.000 0 0 0.000 0.000 0.000 0.149 0 1 0 0 0 0
 153 101182.000 161098.000 0 0 0.000 0.000 0.000 0.144 0 1 0 0 0 0
 154 50599.000 136404.000 0 0 0.000 0.000 0.000 0.134 0 1 0 0 0 0
 155 120964.000 158048.000 0 0 0.000 0.000 0.000 0.131 0 1 0 0 0 0
 156 40813.000 121539.000 0 0 0.000 0.000 0.000 0.146 0 1 0 0 0 0
 157 135729.000 46995.000 0 0 0.000 0.000 0.000 0.162 0 1 0 0 0 0
 158 72769.000 41762.000 0 0 0.000 0.000 0.000 0.132 0 1 0 0 0 0
 159 41927.000 128400.000 0 0 0.000 0.000 0.000 0.146 0 1 0 0 0 0
 160 35296.000 94382.000 0 0 0.000 0.000 0.000 0.141 0 1 0 0 0 0
 161 115599.000 162618.000 0 0 0.000 0.000 0.000 0.164 0 1 0 0 0 0
 162 139222.000 48187.000 0 0 0.000 0.000 0.000 0.132 0 1 0 0 0 0
 163 104662.000 165301.000 0 0 0.000 0.000 0.000 0.131 0 1 0 0 0 0
 164 75831.000 161401.000 0 0 0.000 0.000 0.000 0.131 0 1 0 0 0 0
 165 76069.000 37966.000 0 0 0.000 0.000 0.000 0.132 0 1 0 0 0 0
 166 81320.000 164659.000 0 0 0.000 0.000 0.000 0.135 0 1 0 0 0 0
 167 46616.000 142298.000 0 0 0.000 0.000 0.000 0.133 0 1 0 0 0 0
 168 168370.000 100609.000 0 0 0.000 0.000 0.000 0.130 0 1 0 0 0 0
 169 34186.000 79941.000 0 0 0.000 0.000 0.000 0.136 0 1 0 0 0 0
 170 167795.000 88971.000 0 0 0.000 0.000 0.000 0.135 0 1 0 0 0 0
 171 111669.000 168279.000 0 0 0.000 0.000 0.000 0.138 0 1 0 0 0 0
 172 75742.000 164938.000 0 0 0.000 0.000 0.000 0.130 0 1 0 0 0 0
 173 98515.000 30078.000 0 0 0.000 0.000 0.000 0.133 0 1 0 0 0 0
 174 162016.000 134557.000 0 0 0.000 0.000 0.000 0.147 0 1 0 0 0 0
 175 91400.000 170590.000 0 0 0.000 0.000 0.000 0.148 0 1 0 0 0 0
 176 30053.000 81688.000 0 0 0.000 0.000 0.000 0.134 0 1 0 0 0 0
 177 171271.000 112298.000 0 0 0.000 0.000 0.000 0.131 0 1 0 0 0 0
 178 62718.000 162592.000 0 0 0.000 0.000 0.000 0.133 0 1 0 0 0 0
 179 151267.000 47266.000 0 0 0.000 0.000 0.000 0.139 0 1 0 0 0 0
 180 51879.000 42736.000 0 0 0.000 0.000 0.000 0.142 0 1 0 0 0 0
 181 174735.000 99674.000 0 0 0.000 0.000 0.000 0.143 0 1 0 0 0 0
 182 24081.000 101386.000 0 0 0.000 0.000 0.000 0.135 0 1 0 0 0 0
 183 111605.000 174965.000 0 0 0.000 0.000 0.000 0.130 0 1 0 0 0 0
 184 150536.000 38426.000 0 0 0.000 0.000 0.000 200000.000 0 1 0 200 0 0
 185 27345.000 53973.000 0 0 0.000 0.000 0.000 0.238 0 1 0 0 0 0
 186 22859.000 59036.000 0 0 0.000 0.000 0.000 200000.000 0 1 0 200 0 0
 187 23189.000 59213.000 0 0 0.000 0.000 0.000 200000.000 0 1 0 200 0 0
 188 16177.000 131603.000 0 0 0.000 0.000 0.000 0.141 0 1 0 0 0 0
 189 180728.000 54386.000 0 0 0.000 0.000 0.000 0.151 0 1 0 0 0 0;
ProcessEquipmentIDList 1
  "R375" ;
SummarySpec 5
  TESTNO    NDEFECT    DEFDENSITY    NDIE    NDEFDIE  ;
SummaryList 
  1    189    0.691    1    1  ;
EndOfFile;
