FileVersion 1 2;
FileTimestamp 01-01-26 20:45:48;
InspectionStationID "KLA-Tencor" "SFSSP1" "0901-0728-TBI";
SampleType WAFER;
ResultTimestamp 01-01-26 20:36:33;
LotID "2580";
SampleSize 1 200;
DeviceID "None";
SetupID "T2-2580NR" 01-01-26 20:36:33;
StepID "6391P";
SampleOrientationMarkType NOTCH;
OrientationMarkLocation DOWN;
DiePitch 200000 200000;
DieOrigin 0 0;
WaferID "14";
Slot 14;
SampleCenterLocation 100000 100000;
ClassLookup 1
  0 "0"  ;
OrientationInstructions "Front";
CoordinatesMirrored No;
InspectionTest 1;
SampleTestPlan 1
  0 0 ;
AreaPerTest 2.73516e+010;
DefectRecordSpec 15 DEFECTID XREL YREL XINDEX YINDEX XSIZE YSIZE DEFECTAREA DSIZE CLASSNUMBER TEST CLUSTERNUMBER ROUGHBINNUMBER FINEBINNUMBER REVIEWSAMPLE ;
DefectList
 1 99766.000 100981.000 0 0 0.000 0.000 0.000 0.136 0 1 0 0 0 0
 2 99751.000 100968.000 0 0 0.000 0.000 0.000 0.130 0 1 0 0 0 0
 3 99750.000 100962.000 0 0 0.000 0.000 0.000 0.130 0 1 0 0 0 0
 4 96456.000 98942.000 0 0 0.000 0.000 0.000 0.162 0 1 0 0 0 0
 5 97738.000 97022.000 0 0 0.000 0.000 0.000 0.132 0 1 0 0 0 0
 6 95783.000 102834.000 0 0 0.000 0.000 0.000 0.130 0 1 0 0 0 0
 7 103410.000 102117.000 0 0 0.000 0.000 0.000 0.132 0 1 0 0 0 0
 8 103455.000 103725.000 0 0 0.000 0.000 0.000 0.149 0 1 0 0 0 0
 9 92449.000 98366.000 0 0 0.000 0.000 0.000 0.132 0 1 0 0 0 0
 10 106600.000 103592.000 0 0 0.000 0.000 0.000 0.147 0 1 0 0 0 0
 11 103471.000 107508.000 0 0 0.000 0.000 0.000 0.156 0 1 0 0 0 0
 12 94537.000 92690.000 0 0 0.000 0.000 0.000 0.132 0 1 0 0 0 0
 13 108586.000 97445.000 0 0 0.000 0.000 0.000 0.131 0 1 0 0 0 0
 14 95053.000 91693.000 0 0 0.000 0.000 0.000 0.130 0 1 0 0 0 0
 15 95040.000 90606.000 0 0 0.000 0.000 0.000 0.143 0 1 0 0 0 0
 16 105960.000 110943.000 0 0 0.000 0.000 0.000 0.139 0 1 0 0 0 0
 17 112173.000 103195.000 0 0 0.000 0.000 0.000 0.137 0 1 0 0 0 0
 18 115265.000 103615.000 0 0 0.000 0.000 0.000 0.144 0 1 0 0 0 0
 19 87466.000 110593.000 0 0 0.000 0.000 0.000 0.149 0 1 0 0 0 0
 20 110803.000 114692.000 0 0 0.000 0.000 0.000 0.152 0 1 0 0 0 0
 21 116839.000 92356.000 0 0 0.000 0.000 0.000 0.147 0 1 0 0 0 0
 22 90826.000 116834.000 0 0 0.000 0.000 0.000 0.147 0 1 0 0 0 0
 23 81218.000 95650.000 0 0 0.000 0.000 0.000 0.157 0 1 0 0 0 0
 24 112538.000 114275.000 0 0 0.000 0.000 0.000 0.165 0 1 0 0 0 0
 25 119279.000 102412.000 0 0 0.000 0.000 0.000 0.139 0 1 0 0 0 0
 26 97936.000 120140.000 0 0 0.000 0.000 0.000 0.135 0 1 0 0 0 0
 27 80208.000 94787.000 0 0 0.000 0.000 0.000 0.147 0 1 0 0 0 0
 28 102373.000 120682.000 0 0 0.000 0.000 0.000 0.144 0 1 0 0 0 0
 29 98789.000 122020.000 0 0 0.000 0.000 0.000 0.146 0 1 0 0 0 0
 30 110214.000 119762.000 0 0 0.000 0.000 0.000 0.132 0 1 0 0 0 0
 31 104275.000 121807.000 0 0 0.000 0.000 0.000 0.149 0 1 0 0 0 0
 32 92239.000 78675.000 0 0 0.000 0.000 0.000 0.161 0 1 0 0 0 0
 33 116285.000 83194.000 0 0 0.000 0.000 0.000 0.141 0 1 0 0 0 0
 34 88987.000 121732.000 0 0 0.000 0.000 0.000 0.134 0 1 0 0 0 0
 35 78571.000 88163.000 0 0 0.000 0.000 0.000 0.132 0 1 0 0 0 0
 36 117827.000 83541.000 0 0 0.000 0.000 0.000 0.146 0 1 0 0 0 0
 37 114075.000 79831.000 0 0 0.000 0.000 0.000 0.135 0 1 0 0 0 0
 38 75843.000 91957.000 0 0 0.000 0.000 0.000 0.137 0 1 0 0 0 0
 39 123897.000 107520.000 0 0 0.000 0.000 0.000 0.137 0 1 0 0 0 0
 40 124704.000 105484.000 0 0 0.000 0.000 0.000 0.132 0 1 0 0 0 0
 41 118502.000 82216.000 0 0 0.000 0.000 0.000 0.139 0 1 0 0 0 0
 42 78392.000 116397.000 0 0 0.000 0.000 0.000 0.134 0 1 0 0 0 0
 43 72517.000 98530.000 0 0 0.000 0.000 0.000 0.132 0 1 0 0 0 0
 44 124970.000 110766.000 0 0 0.000 0.000 0.000 0.143 0 1 0 0 0 0
 45 90118.000 73967.000 0 0 0.000 0.000 0.000 0.139 0 1 0 0 0 0
 46 72044.000 103226.000 0 0 0.000 0.000 0.000 0.132 0 1 0 0 0 0
 47 113705.000 124410.000 0 0 0.000 0.000 0.000 0.131 0 1 0 0 0 0
 48 85367.000 76064.000 0 0 0.000 0.000 0.000 0.131 0 1 0 0 0 0
 49 81361.000 78630.000 0 0 0.000 0.000 0.000 0.146 0 1 0 0 0 0
 50 109795.000 73258.000 0 0 0.000 0.000 0.000 0.153 0 1 0 0 0 0
 51 127300.000 110004.000 0 0 0.000 0.000 0.000 0.132 0 1 0 0 0 0
 52 124474.000 116194.000 0 0 0.000 0.000 0.000 0.143 0 1 0 0 0 0
 53 121389.000 120134.000 0 0 0.000 0.000 0.000 0.152 0 1 0 0 0 0
 54 86165.000 73758.000 0 0 0.000 0.000 0.000 0.138 0 1 0 0 0 0
 55 129355.000 96170.000 0 0 0.000 0.000 0.000 0.146 0 1 0 0 0 0
 56 117119.000 124702.000 0 0 0.000 0.000 0.000 0.137 0 1 0 0 0 0
 57 75121.000 82344.000 0 0 0.000 0.000 0.000 0.145 0 1 0 0 0 0
 58 89387.000 71417.000 0 0 0.000 0.000 0.000 0.132 0 1 0 0 0 0
 59 113695.000 72579.000 0 0 0.000 0.000 0.000 0.132 0 1 0 0 0 0
 60 69380.000 94589.000 0 0 0.000 0.000 0.000 0.150 0 1 0 0 0 0
 61 92882.000 69889.000 0 0 0.000 0.000 0.000 0.134 0 1 0 0 0 0
 62 119442.000 124562.000 0 0 0.000 0.000 0.000 0.130 0 1 0 0 0 0
 63 118678.000 74302.000 0 0 0.000 0.000 0.000 0.131 0 1 0 0 0 0
 64 108323.000 131025.000 0 0 0.000 0.000 0.000 0.139 0 1 0 0 0 0
 65 104443.000 68268.000 0 0 0.000 0.000 0.000 0.137 0 1 0 0 0 0
 66 88891.000 130515.000 0 0 0.000 0.000 0.000 0.147 0 1 0 0 0 0
 67 85358.000 71173.000 0 0 0.000 0.000 0.000 0.131 0 1 0 0 0 0
 68 70982.000 84902.000 0 0 0.000 0.000 0.000 0.132 0 1 0 0 0 0
 69 131835.000 94641.000 0 0 0.000 0.000 0.000 0.136 0 1 0 0 0 0
 70 100295.000 66619.000 0 0 0.000 0.000 0.000 0.130 0 1 0 0 0 0
 71 90012.000 132543.000 0 0 0.000 0.000 0.000 0.135 0 1 0 0 0 0
 72 85822.000 69242.000 0 0 0.000 0.000 0.000 0.139 0 1 0 0 0 0
 73 83066.000 129689.000 0 0 0.000 0.000 0.000 0.135 0 1 0 0 0 0
 74 129853.000 79988.000 0 0 0.000 0.000 0.000 0.142 0 1 0 0 0 0
 75 105790.000 64357.000 0 0 0.000 0.000 0.000 0.132 0 1 0 0 0 0
 76 116008.000 67083.000 0 0 0.000 0.000 0.000 0.148 0 1 0 0 0 0
 77 131251.000 79455.000 0 0 0.000 0.000 0.000 0.141 0 1 0 0 0 0
 78 79998.000 68038.000 0 0 0.000 0.000 0.000 0.130 0 1 0 0 0 0
 79 135355.000 87007.000 0 0 0.000 0.000 0.000 0.135 0 1 0 0 0 0
 80 65722.000 81001.000 0 0 0.000 0.000 0.000 0.131 0 1 0 0 0 0
 81 72275.000 72452.000 0 0 0.000 0.000 0.000 0.145 0 1 0 0 0 0
 82 129356.000 126164.000 0 0 0.000 0.000 0.000 0.133 0 1 0 0 0 0
 83 71230.000 127583.000 0 0 0.000 0.000 0.000 0.135 0 1 0 0 0 0
 84 97005.000 140178.000 0 0 0.000 0.000 0.000 0.139 0 1 0 0 0 0
 85 113549.000 138025.000 0 0 0.000 0.000 0.000 0.132 0 1 0 0 0 0
 86 111605.000 61319.000 0 0 0.000 0.000 0.000 0.133 0 1 0 0 0 0
 87 138664.000 88310.000 0 0 0.000 0.000 0.000 0.135 0 1 0 0 0 0
 88 125881.000 131157.000 0 0 0.000 0.000 0.000 0.130 0 1 0 0 0 0
 89 87316.000 138780.000 0 0 0.000 0.000 0.000 0.133 0 1 0 0 0 0
 90 59111.000 103984.000 0 0 0.000 0.000 0.000 0.137 0 1 0 0 0 0
 91 139157.000 89034.000 0 0 0.000 0.000 0.000 0.131 0 1 0 0 0 0
 92 59069.000 92472.000 0 0 0.000 0.000 0.000 0.132 0 1 0 0 0 0
 93 140671.000 111255.000 0 0 0.000 0.000 0.000 0.130 0 1 0 0 0 0
 94 136413.000 77995.000 0 0 0.000 0.000 0.000 0.142 0 1 0 0 0 0
 95 113810.000 140600.000 0 0 0.000 0.000 0.000 0.137 0 1 0 0 0 0
 96 142606.000 97744.000 0 0 0.000 0.000 0.000 0.130 0 1 0 0 0 0
 97 55960.000 101194.000 0 0 0.000 0.000 0.000 0.134 0 1 0 0 0 0
 98 62522.000 123701.000 0 0 0.000 0.000 0.000 0.130 0 1 0 0 0 0
 99 135332.000 127575.000 0 0 0.000 0.000 0.000 0.132 0 1 0 0 0 0
 100 58700.000 81131.000 0 0 0.000 0.000 0.000 0.144 0 1 0 0 0 0
 101 54738.000 93557.000 0 0 0.000 0.000 0.000 0.131 0 1 0 0 0 0
 102 69696.000 65827.000 0 0 0.000 0.000 0.000 0.139 0 1 0 0 0 0
 103 145420.000 94161.000 0 0 0.000 0.000 0.000 0.130 0 1 0 0 0 0
 104 52827.000 108502.000 0 0 0.000 0.000 0.000 0.136 0 1 0 0 0 0
 105 147711.000 99141.000 0 0 0.000 0.000 0.000 0.131 0 1 0 0 0 0
 106 54560.000 83818.000 0 0 0.000 0.000 0.000 0.139 0 1 0 0 0 0
 107 61189.000 71078.000 0 0 0.000 0.000 0.000 0.133 0 1 0 0 0 0
 108 76041.000 142272.000 0 0 0.000 0.000 0.000 0.168 0 1 0 0 0 0
 109 110911.000 147410.000 0 0 0.000 0.000 0.000 0.131 0 1 0 0 0 0
 110 107705.000 52029.000 0 0 0.000 0.000 0.000 0.136 0 1 0 0 0 0
 111 51711.000 90158.000 0 0 0.000 0.000 0.000 0.142 0 1 0 0 0 0
 112 70978.000 140825.000 0 0 0.000 0.000 0.000 0.136 0 1 0 0 0 0
 113 115067.000 147962.000 0 0 0.000 0.000 0.000 0.134 0 1 0 0 0 0
 114 62907.000 134551.000 0 0 0.000 0.000 0.000 0.130 0 1 0 0 0 0
 115 111553.000 50887.000 0 0 0.000 0.000 0.000 0.135 0 1 0 0 0 0
 116 147837.000 115778.000 0 0 0.000 0.000 0.000 0.145 0 1 0 0 0 0
 117 147696.000 82285.000 0 0 0.000 0.000 0.000 0.130 0 1 0 0 0 0
 118 51217.000 116892.000 0 0 0.000 0.000 0.000 0.142 0 1 0 0 0 0
 119 147497.000 121097.000 0 0 0.000 0.000 0.000 0.133 0 1 0 0 0 0
 120 72217.000 54982.000 0 0 0.000 0.000 0.000 0.131 0 1 0 0 0 0
 121 153294.000 103184.000 0 0 0.000 0.000 0.000 0.148 0 1 0 0 0 0
 122 119708.000 150507.000 0 0 0.000 0.000 0.000 0.134 0 1 0 0 0 0
 123 127770.000 52685.000 0 0 0.000 0.000 0.000 0.143 0 1 0 0 0 0
 124 141834.000 135714.000 0 0 0.000 0.000 0.000 0.137 0 1 0 0 0 0
 125 43889.000 106653.000 0 0 0.000 0.000 0.000 0.131 0 1 0 0 0 0
 126 156098.000 103595.000 0 0 0.000 0.000 0.000 0.131 0 1 0 0 0 0
 127 44446.000 113826.000 0 0 0.000 0.000 0.000 0.133 0 1 0 0 0 0
 128 96869.000 157349.000 0 0 0.000 0.000 0.000 0.225 0 1 0 0 0 0
 129 44167.000 114601.000 0 0 0.000 0.000 0.000 0.133 0 1 0 0 0 0
 130 130628.000 149261.000 0 0 0.000 0.000 0.000 0.148 0 1 0 0 0 0
 131 129491.000 50061.000 0 0 0.000 0.000 0.000 0.135 0 1 0 0 0 0
 132 58566.000 58452.000 0 0 0.000 0.000 0.000 0.131 0 1 0 0 0 0
 133 136926.000 146174.000 0 0 0.000 0.000 0.000 0.136 0 1 0 0 0 0
 134 119184.000 44109.000 0 0 0.000 0.000 0.000 0.131 0 1 0 0 0 0
 135 123290.000 44783.000 0 0 0.000 0.000 0.000 0.139 0 1 0 0 0 0
 136 158560.000 86652.000 0 0 0.000 0.000 0.000 0.137 0 1 0 0 0 0
 137 154335.000 125945.000 0 0 0.000 0.000 0.000 0.136 0 1 0 0 0 0
 138 97965.000 39568.000 0 0 0.000 0.000 0.000 0.131 0 1 0 0 0 0
 139 41717.000 79496.000 0 0 0.000 0.000 0.000 0.137 0 1 0 0 0 0
 140 146835.000 141151.000 0 0 0.000 0.000 0.000 0.138 0 1 0 0 0 0
 141 70224.000 44891.000 0 0 0.000 0.000 0.000 0.142 0 1 0 0 0 0
 142 123881.000 162975.000 0 0 0.000 0.000 0.000 0.135 0 1 0 0 0 0
 143 89098.000 167980.000 0 0 0.000 0.000 0.000 0.136 0 1 0 0 0 0
 144 77654.000 165295.000 0 0 0.000 0.000 0.000 0.153 0 1 0 0 0 0
 145 38963.000 132912.000 0 0 0.000 0.000 0.000 0.131 0 1 0 0 0 0
 146 31061.000 84124.000 0 0 0.000 0.000 0.000 0.133 0 1 0 0 0 0
 147 45839.000 52988.000 0 0 0.000 0.000 0.000 0.136 0 1 0 0 0 0
 148 80624.000 169317.000 0 0 0.000 0.000 0.000 0.130 0 1 0 0 0 0
 149 48862.000 48487.000 0 0 0.000 0.000 0.000 0.299 0 1 0 0 0 0
 150 19546.000 99134.000 0 0 0.000 0.000 0.000 0.268 0 1 0 0 0 0
 151 139282.000 25196.000 0 0 0.000 0.000 0.000 0.293 0 1 0 0 0 0;
ProcessEquipmentIDList 1
  "R375" ;
SummarySpec 5
  TESTNO    NDEFECT    DEFDENSITY    NDIE    NDEFDIE  ;
SummaryList 
  1    151    0.5521    1    1  ;
EndOfFile;
