FileVersion 1 2;
FileTimestamp 01-01-26 19:22:34;
InspectionStationID "KLA-Tencor" "SFSSP1" "0901-0728-TBI";
SampleType WAFER;
ResultTimestamp 01-01-26 19:19:16;
LotID "2580";
SampleSize 1 200;
DeviceID "None";
SetupID "T2-2580NR" 01-01-26 19:19:16;
StepID "6391P";
SampleOrientationMarkType NOTCH;
OrientationMarkLocation DOWN;
DiePitch 200000 200000;
DieOrigin 0 0;
WaferID "03";
Slot 3;
SampleCenterLocation 100000 100000;
ClassLookup 1
  0 "0"  ;
OrientationInstructions "Front";
CoordinatesMirrored No;
InspectionTest 1;
SampleTestPlan 1
  0 0 ;
AreaPerTest 2.73516e+010;
DefectRecordSpec 15 DEFECTID XREL YREL XINDEX YINDEX XSIZE YSIZE DEFECTAREA DSIZE CLASSNUMBER TEST CLUSTERNUMBER ROUGHBINNUMBER FINEBINNUMBER REVIEWSAMPLE ;
DefectList
 1 98863.000 101833.000 0 0 0.000 0.000 0.000 0.135 0 1 0 0 0 0
 2 102379.000 102807.000 0 0 0.000 0.000 0.000 0.144 0 1 0 0 0 0
 3 102877.000 97149.000 0 0 0.000 0.000 0.000 0.137 0 1 0 0 0 0
 4 103505.000 103725.000 0 0 0.000 0.000 0.000 0.134 0 1 0 0 0 0
 5 105152.000 100539.000 0 0 0.000 0.000 0.000 0.144 0 1 0 0 0 0
 6 103808.000 105456.000 0 0 0.000 0.000 0.000 0.131 0 1 0 0 0 0
 7 92980.000 105012.000 0 0 0.000 0.000 0.000 0.135 0 1 0 0 0 0
 8 101903.000 108575.000 0 0 0.000 0.000 0.000 0.153 0 1 0 0 0 0
 9 94212.000 90161.000 0 0 0.000 0.000 0.000 0.134 0 1 0 0 0 0
 10 88648.000 96946.000 0 0 0.000 0.000 0.000 0.132 0 1 0 0 0 0
 11 104539.000 89575.000 0 0 0.000 0.000 0.000 0.146 0 1 0 0 0 0
 12 90767.000 107774.000 0 0 0.000 0.000 0.000 0.145 0 1 0 0 0 0
 13 88437.000 105329.000 0 0 0.000 0.000 0.000 0.155 0 1 0 0 0 0
 14 100341.000 112667.000 0 0 0.000 0.000 0.000 0.147 0 1 0 0 0 0
 15 111538.000 94329.000 0 0 0.000 0.000 0.000 0.159 0 1 0 0 0 0
 16 112837.000 101683.000 0 0 0.000 0.000 0.000 0.142 0 1 0 0 0 0
 17 101587.000 86701.000 0 0 0.000 0.000 0.000 0.137 0 1 0 0 0 0
 18 107597.000 87215.000 0 0 0.000 0.000 0.000 0.144 0 1 0 0 0 0
 19 112653.000 92336.000 0 0 0.000 0.000 0.000 0.134 0 1 0 0 0 0
 20 114032.000 94939.000 0 0 0.000 0.000 0.000 0.141 0 1 0 0 0 0
 21 97307.000 115195.000 0 0 0.000 0.000 0.000 0.137 0 1 0 0 0 0
 22 83788.000 101478.000 0 0 0.000 0.000 0.000 0.145 0 1 0 0 0 0
 23 97574.000 116210.000 0 0 0.000 0.000 0.000 0.142 0 1 0 0 0 0
 24 83641.000 96274.000 0 0 0.000 0.000 0.000 0.147 0 1 0 0 0 0
 25 115867.000 104604.000 0 0 0.000 0.000 0.000 0.133 0 1 0 0 0 0
 26 116535.000 106355.000 0 0 0.000 0.000 0.000 0.142 0 1 0 0 0 0
 27 115855.000 108746.000 0 0 0.000 0.000 0.000 0.140 0 1 0 0 0 0
 28 81304.000 99872.000 0 0 0.000 0.000 0.000 0.137 0 1 0 0 0 0
 29 112609.000 86692.000 0 0 0.000 0.000 0.000 0.136 0 1 0 0 0 0
 30 83164.000 91115.000 0 0 0.000 0.000 0.000 0.148 0 1 0 0 0 0
 31 118152.000 106930.000 0 0 0.000 0.000 0.000 0.130 0 1 0 0 0 0
 32 89356.000 117038.000 0 0 0.000 0.000 0.000 0.140 0 1 0 0 0 0
 33 102663.000 80105.000 0 0 0.000 0.000 0.000 0.137 0 1 0 0 0 0
 34 94374.000 119988.000 0 0 0.000 0.000 0.000 0.141 0 1 0 0 0 0
 35 100922.000 77297.000 0 0 0.000 0.000 0.000 0.134 0 1 0 0 0 0
 36 91837.000 121425.000 0 0 0.000 0.000 0.000 0.136 0 1 0 0 0 0
 37 76880.000 101446.000 0 0 0.000 0.000 0.000 0.135 0 1 0 0 0 0
 38 120119.000 89600.000 0 0 0.000 0.000 0.000 0.132 0 1 0 0 0 0
 39 76854.000 97013.000 0 0 0.000 0.000 0.000 0.154 0 1 0 0 0 0
 40 98292.000 76673.000 0 0 0.000 0.000 0.000 0.147 0 1 0 0 0 0
 41 98557.000 76269.000 0 0 0.000 0.000 0.000 0.145 0 1 0 0 0 0
 42 117253.000 116335.000 0 0 0.000 0.000 0.000 0.139 0 1 0 0 0 0
 43 116177.000 118339.000 0 0 0.000 0.000 0.000 0.149 0 1 0 0 0 0
 44 122980.000 109094.000 0 0 0.000 0.000 0.000 0.133 0 1 0 0 0 0
 45 119158.000 115708.000 0 0 0.000 0.000 0.000 0.133 0 1 0 0 0 0
 46 88172.000 122463.000 0 0 0.000 0.000 0.000 0.135 0 1 0 0 0 0
 47 111482.000 77293.000 0 0 0.000 0.000 0.000 0.157 0 1 0 0 0 0
 48 123314.000 110267.000 0 0 0.000 0.000 0.000 0.153 0 1 0 0 0 0
 49 81758.000 81372.000 0 0 0.000 0.000 0.000 0.210 0 1 0 0 0 0
 50 84441.000 78133.000 0 0 0.000 0.000 0.000 0.142 0 1 0 0 0 0
 51 113993.000 77238.000 0 0 0.000 0.000 0.000 0.156 0 1 0 0 0 0
 52 125642.000 107701.000 0 0 0.000 0.000 0.000 0.133 0 1 0 0 0 0
 53 87060.000 75653.000 0 0 0.000 0.000 0.000 0.147 0 1 0 0 0 0
 54 74827.000 86841.000 0 0 0.000 0.000 0.000 0.132 0 1 0 0 0 0
 55 125527.000 88718.000 0 0 0.000 0.000 0.000 0.174 0 1 0 0 0 0
 56 108781.000 73128.000 0 0 0.000 0.000 0.000 0.136 0 1 0 0 0 0
 57 87860.000 125941.000 0 0 0.000 0.000 0.000 0.146 0 1 0 0 0 0
 58 128224.000 102266.000 0 0 0.000 0.000 0.000 0.137 0 1 0 0 0 0
 59 71107.000 92919.000 0 0 0.000 0.000 0.000 0.133 0 1 0 0 0 0
 60 70754.000 92911.000 0 0 0.000 0.000 0.000 0.149 0 1 0 0 0 0
 61 129248.000 106330.000 0 0 0.000 0.000 0.000 0.133 0 1 0 0 0 0
 62 87271.000 72569.000 0 0 0.000 0.000 0.000 0.138 0 1 0 0 0 0
 63 105924.000 70427.000 0 0 0.000 0.000 0.000 0.137 0 1 0 0 0 0
 64 114286.000 127631.000 0 0 0.000 0.000 0.000 0.138 0 1 0 0 0 0
 65 131228.000 97466.000 0 0 0.000 0.000 0.000 0.131 0 1 0 0 0 0
 66 76834.000 122030.000 0 0 0.000 0.000 0.000 0.137 0 1 0 0 0 0
 67 122032.000 77039.000 0 0 0.000 0.000 0.000 0.162 0 1 0 0 0 0
 68 121569.000 76368.000 0 0 0.000 0.000 0.000 0.140 0 1 0 0 0 0
 69 106556.000 132091.000 0 0 0.000 0.000 0.000 0.134 0 1 0 0 0 0
 70 109622.000 68575.000 0 0 0.000 0.000 0.000 0.132 0 1 0 0 0 0
 71 68317.000 88221.000 0 0 0.000 0.000 0.000 0.157 0 1 0 0 0 0
 72 102700.000 133702.000 0 0 0.000 0.000 0.000 0.131 0 1 0 0 0 0
 73 84295.000 129969.000 0 0 0.000 0.000 0.000 0.153 0 1 0 0 0 0
 74 90860.000 132850.000 0 0 0.000 0.000 0.000 0.138 0 1 0 0 0 0
 75 65811.000 100253.000 0 0 0.000 0.000 0.000 0.144 0 1 0 0 0 0
 76 123428.000 124642.000 0 0 0.000 0.000 0.000 0.130 0 1 0 0 0 0
 77 132689.000 90079.000 0 0 0.000 0.000 0.000 0.143 0 1 0 0 0 0
 78 108316.000 133727.000 0 0 0.000 0.000 0.000 0.142 0 1 0 0 0 0
 79 64281.000 105133.000 0 0 0.000 0.000 0.000 0.141 0 1 0 0 0 0
 80 134898.000 107439.000 0 0 0.000 0.000 0.000 0.135 0 1 0 0 0 0
 81 65649.000 87615.000 0 0 0.000 0.000 0.000 0.151 0 1 0 0 0 0
 82 87964.000 65649.000 0 0 0.000 0.000 0.000 0.140 0 1 0 0 0 0
 83 80936.000 68762.000 0 0 0.000 0.000 0.000 0.133 0 1 0 0 0 0
 84 69348.000 120474.000 0 0 0.000 0.000 0.000 0.139 0 1 0 0 0 0
 85 65587.000 86571.000 0 0 0.000 0.000 0.000 0.145 0 1 0 0 0 0
 86 96649.000 63348.000 0 0 0.000 0.000 0.000 0.145 0 1 0 0 0 0
 87 136644.000 102298.000 0 0 0.000 0.000 0.000 0.144 0 1 0 0 0 0
 88 119552.000 131451.000 0 0 0.000 0.000 0.000 0.139 0 1 0 0 0 0
 89 121329.000 68378.000 0 0 0.000 0.000 0.000 0.138 0 1 0 0 0 0
 90 69256.000 75602.000 0 0 0.000 0.000 0.000 0.131 0 1 0 0 0 0
 91 75558.000 132503.000 0 0 0.000 0.000 0.000 0.142 0 1 0 0 0 0
 92 136118.000 81786.000 0 0 0.000 0.000 0.000 0.140 0 1 0 0 0 0
 93 123254.000 133241.000 0 0 0.000 0.000 0.000 0.133 0 1 0 0 0 0
 94 64199.000 80177.000 0 0 0.000 0.000 0.000 0.143 0 1 0 0 0 0
 95 140875.000 98597.000 0 0 0.000 0.000 0.000 0.134 0 1 0 0 0 0
 96 96384.000 58994.000 0 0 0.000 0.000 0.000 0.135 0 1 0 0 0 0
 97 140702.000 95050.000 0 0 0.000 0.000 0.000 0.136 0 1 0 0 0 0
 98 75837.000 133857.000 0 0 0.000 0.000 0.000 0.132 0 1 0 0 0 0
 99 87854.000 140186.000 0 0 0.000 0.000 0.000 0.132 0 1 0 0 0 0
 100 112711.000 59668.000 0 0 0.000 0.000 0.000 0.132 0 1 0 0 0 0
 101 85892.000 59738.000 0 0 0.000 0.000 0.000 0.137 0 1 0 0 0 0
 102 67064.000 127469.000 0 0 0.000 0.000 0.000 0.131 0 1 0 0 0 0
 103 108228.000 58137.000 0 0 0.000 0.000 0.000 0.131 0 1 0 0 0 0
 104 59413.000 115656.000 0 0 0.000 0.000 0.000 0.135 0 1 0 0 0 0
 105 56196.000 102632.000 0 0 0.000 0.000 0.000 0.134 0 1 0 0 0 0
 106 56241.000 104165.000 0 0 0.000 0.000 0.000 0.130 0 1 0 0 0 0
 107 143481.000 105141.000 0 0 0.000 0.000 0.000 0.140 0 1 0 0 0 0
 108 138827.000 120214.000 0 0 0.000 0.000 0.000 0.130 0 1 0 0 0 0
 109 66052.000 71453.000 0 0 0.000 0.000 0.000 0.136 0 1 0 0 0 0
 110 125362.000 136161.000 0 0 0.000 0.000 0.000 0.140 0 1 0 0 0 0
 111 144466.000 102074.000 0 0 0.000 0.000 0.000 0.132 0 1 0 0 0 0
 112 126463.000 135934.000 0 0 0.000 0.000 0.000 0.148 0 1 0 0 0 0
 113 57114.000 113712.000 0 0 0.000 0.000 0.000 0.134 0 1 0 0 0 0
 114 101374.000 145005.000 0 0 0.000 0.000 0.000 0.138 0 1 0 0 0 0
 115 89667.000 144226.000 0 0 0.000 0.000 0.000 0.133 0 1 0 0 0 0
 116 87604.000 56321.000 0 0 0.000 0.000 0.000 0.144 0 1 0 0 0 0
 117 122251.000 60671.000 0 0 0.000 0.000 0.000 0.135 0 1 0 0 0 0
 118 138887.000 123705.000 0 0 0.000 0.000 0.000 0.146 0 1 0 0 0 0
 119 85135.000 143529.000 0 0 0.000 0.000 0.000 0.136 0 1 0 0 0 0
 120 100719.000 146485.000 0 0 0.000 0.000 0.000 0.154 0 1 0 0 0 0
 121 53206.000 97853.000 0 0 0.000 0.000 0.000 0.131 0 1 0 0 0 0
 122 73908.000 61277.000 0 0 0.000 0.000 0.000 0.145 0 1 0 0 0 0
 123 144401.000 86223.000 0 0 0.000 0.000 0.000 0.134 0 1 0 0 0 0
 124 114184.000 145146.000 0 0 0.000 0.000 0.000 0.141 0 1 0 0 0 0
 125 93914.000 52734.000 0 0 0.000 0.000 0.000 0.139 0 1 0 0 0 0
 126 62136.000 129565.000 0 0 0.000 0.000 0.000 0.134 0 1 0 0 0 0
 127 139814.000 73428.000 0 0 0.000 0.000 0.000 0.144 0 1 0 0 0 0
 128 109167.000 147417.000 0 0 0.000 0.000 0.000 0.145 0 1 0 0 0 0
 129 72164.000 60311.000 0 0 0.000 0.000 0.000 0.135 0 1 0 0 0 0
 130 116620.000 53750.000 0 0 0.000 0.000 0.000 0.134 0 1 0 0 0 0
 131 138603.000 69294.000 0 0 0.000 0.000 0.000 0.132 0 1 0 0 0 0
 132 149405.000 102791.000 0 0 0.000 0.000 0.000 0.145 0 1 0 0 0 0
 133 54893.000 77103.000 0 0 0.000 0.000 0.000 0.132 0 1 0 0 0 0
 134 146738.000 80831.000 0 0 0.000 0.000 0.000 0.131 0 1 0 0 0 0
 135 62578.000 64995.000 0 0 0.000 0.000 0.000 0.139 0 1 0 0 0 0
 136 62631.000 135425.000 0 0 0.000 0.000 0.000 0.144 0 1 0 0 0 0
 137 133666.000 138566.000 0 0 0.000 0.000 0.000 0.136 0 1 0 0 0 0
 138 128550.000 57327.000 0 0 0.000 0.000 0.000 0.146 0 1 0 0 0 0
 139 50116.000 114784.000 0 0 0.000 0.000 0.000 0.132 0 1 0 0 0 0
 140 55067.000 73846.000 0 0 0.000 0.000 0.000 0.148 0 1 0 0 0 0
 141 147332.000 79199.000 0 0 0.000 0.000 0.000 0.148 0 1 0 0 0 0
 142 48123.000 92856.000 0 0 0.000 0.000 0.000 0.131 0 1 0 0 0 0
 143 107691.000 151621.000 0 0 0.000 0.000 0.000 0.134 0 1 0 0 0 0
 144 101106.000 47083.000 0 0 0.000 0.000 0.000 0.130 0 1 0 0 0 0
 145 148708.000 120186.000 0 0 0.000 0.000 0.000 0.160 0 1 0 0 0 0
 146 59580.000 135351.000 0 0 0.000 0.000 0.000 0.132 0 1 0 0 0 0
 147 45992.000 97816.000 0 0 0.000 0.000 0.000 0.140 0 1 0 0 0 0
 148 77881.000 149491.000 0 0 0.000 0.000 0.000 0.134 0 1 0 0 0 0
 149 62559.000 139352.000 0 0 0.000 0.000 0.000 0.139 0 1 0 0 0 0
 150 47313.000 113415.000 0 0 0.000 0.000 0.000 0.142 0 1 0 0 0 0
 151 45622.000 106011.000 0 0 0.000 0.000 0.000 0.137 0 1 0 0 0 0
 152 121945.000 150023.000 0 0 0.000 0.000 0.000 0.143 0 1 0 0 0 0
 153 45988.000 90817.000 0 0 0.000 0.000 0.000 0.151 0 1 0 0 0 0
 154 60302.000 61609.000 0 0 0.000 0.000 0.000 0.136 0 1 0 0 0 0
 155 134203.000 57086.000 0 0 0.000 0.000 0.000 0.143 0 1 0 0 0 0
 156 141662.000 135736.000 0 0 0.000 0.000 0.000 0.134 0 1 0 0 0 0
 157 122610.000 150156.000 0 0 0.000 0.000 0.000 0.139 0 1 0 0 0 0
 158 130256.000 146173.000 0 0 0.000 0.000 0.000 0.144 0 1 0 0 0 0
 159 110159.000 154295.000 0 0 0.000 0.000 0.000 0.135 0 1 0 0 0 0
 160 44327.000 101247.000 0 0 0.000 0.000 0.000 0.133 0 1 0 0 0 0
 161 82630.000 152960.000 0 0 0.000 0.000 0.000 0.141 0 1 0 0 0 0
 162 43953.000 99639.000 0 0 0.000 0.000 0.000 0.136 0 1 0 0 0 0
 163 122391.000 151259.000 0 0 0.000 0.000 0.000 0.131 0 1 0 0 0 0
 164 103571.000 156223.000 0 0 0.000 0.000 0.000 0.133 0 1 0 0 0 0
 165 72225.000 50599.000 0 0 0.000 0.000 0.000 0.142 0 1 0 0 0 0
 166 109834.000 155752.000 0 0 0.000 0.000 0.000 0.135 0 1 0 0 0 0
 167 75873.000 151536.000 0 0 0.000 0.000 0.000 0.133 0 1 0 0 0 0
 168 140828.000 60737.000 0 0 0.000 0.000 0.000 0.137 0 1 0 0 0 0
 169 102482.000 157018.000 0 0 0.000 0.000 0.000 0.136 0 1 0 0 0 0
 170 104595.000 157229.000 0 0 0.000 0.000 0.000 0.130 0 1 0 0 0 0
 171 42405.000 107161.000 0 0 0.000 0.000 0.000 0.152 0 1 0 0 0 0
 172 78183.000 154327.000 0 0 0.000 0.000 0.000 0.140 0 1 0 0 0 0
 173 98929.000 41751.000 0 0 0.000 0.000 0.000 0.131 0 1 0 0 0 0
 174 132874.000 148563.000 0 0 0.000 0.000 0.000 0.132 0 1 0 0 0 0
 175 73251.000 153077.000 0 0 0.000 0.000 0.000 0.136 0 1 0 0 0 0
 176 78644.000 155754.000 0 0 0.000 0.000 0.000 0.139 0 1 0 0 0 0
 177 141005.000 56319.000 0 0 0.000 0.000 0.000 0.138 0 1 0 0 0 0
 178 39384.000 104299.000 0 0 0.000 0.000 0.000 0.137 0 1 0 0 0 0
 179 52536.000 61908.000 0 0 0.000 0.000 0.000 0.133 0 1 0 0 0 0
 180 60575.000 146842.000 0 0 0.000 0.000 0.000 0.141 0 1 0 0 0 0
 181 70717.000 153902.000 0 0 0.000 0.000 0.000 0.137 0 1 0 0 0 0
 182 158018.000 80622.000 0 0 0.000 0.000 0.000 0.137 0 1 0 0 0 0
 183 150464.000 135396.000 0 0 0.000 0.000 0.000 0.136 0 1 0 0 0 0
 184 69994.000 154766.000 0 0 0.000 0.000 0.000 0.131 0 1 0 0 0 0
 185 41092.000 121651.000 0 0 0.000 0.000 0.000 0.133 0 1 0 0 0 0
 186 161918.000 107064.000 0 0 0.000 0.000 0.000 0.131 0 1 0 0 0 0
 187 161147.000 118694.000 0 0 0.000 0.000 0.000 0.153 0 1 0 0 0 0
 188 35660.000 99040.000 0 0 0.000 0.000 0.000 0.153 0 1 0 0 0 0
 189 163645.000 93559.000 0 0 0.000 0.000 0.000 0.132 0 1 0 0 0 0
 190 113792.000 162771.000 0 0 0.000 0.000 0.000 0.146 0 1 0 0 0 0
 191 142213.000 148671.000 0 0 0.000 0.000 0.000 0.131 0 1 0 0 0 0
 192 36545.000 113895.000 0 0 0.000 0.000 0.000 0.136 0 1 0 0 0 0
 193 36046.000 111187.000 0 0 0.000 0.000 0.000 0.130 0 1 0 0 0 0
 194 45047.000 64901.000 0 0 0.000 0.000 0.000 0.139 0 1 0 0 0 0
 195 125265.000 39538.000 0 0 0.000 0.000 0.000 0.138 0 1 0 0 0 0
 196 69220.000 161146.000 0 0 0.000 0.000 0.000 0.138 0 1 0 0 0 0
 197 96391.000 31682.000 0 0 0.000 0.000 0.000 0.138 0 1 0 0 0 0
 198 113288.000 32305.000 0 0 0.000 0.000 0.000 0.130 0 1 0 0 0 0
 199 74844.000 34221.000 0 0 0.000 0.000 0.000 0.144 0 1 0 0 0 0
 200 41871.000 140175.000 0 0 0.000 0.000 0.000 0.208 0 1 0 0 0 0
 201 31730.000 81343.000 0 0 0.000 0.000 0.000 0.130 0 1 0 0 0 0
 202 169765.000 112762.000 0 0 0.000 0.000 0.000 0.151 0 1 0 0 0 0
 203 30704.000 122800.000 0 0 0.000 0.000 0.000 0.146 0 1 0 0 0 0
 204 165413.000 68701.000 0 0 0.000 0.000 0.000 0.144 0 1 0 0 0 0
 205 29270.000 132976.000 0 0 0.000 0.000 0.000 0.140 0 1 0 0 0 0
 206 150803.000 162589.000 0 0 0.000 0.000 0.000 0.130 0 1 0 0 0 0
 207 10988.000 75545.000 0 0 0.000 0.000 0.000 0.149 0 1 0 0 0 0
 208 9747.000 75920.000 0 0 0.000 0.000 0.000 0.305 0 1 0 0 0 0;
ProcessEquipmentIDList 1
  "R375" ;
SummarySpec 5
  TESTNO    NDEFECT    DEFDENSITY    NDIE    NDEFDIE  ;
SummaryList 
  1    208    0.7605    1    1  ;
EndOfFile;
