FileVersion 1 2;
FileTimestamp 01-01-26 19:16:45;
InspectionStationID "KLA-Tencor" "SFSSP1" "0901-0728-TBI";
SampleType WAFER;
ResultTimestamp 01-01-26 19:04:19;
LotID "2580";
SampleSize 1 200;
DeviceID "None";
SetupID "T2-2580NR" 01-01-26 19:04:19;
StepID "6391P";
SampleOrientationMarkType NOTCH;
OrientationMarkLocation DOWN;
DiePitch 200000 200000;
DieOrigin 0 0;
WaferID "21";
Slot 21;
SampleCenterLocation 100000 100000;
ClassLookup 1
  0 "0"  ;
OrientationInstructions "Front";
CoordinatesMirrored No;
InspectionTest 1;
SampleTestPlan 1
  0 0 ;
AreaPerTest 2.73512e+010;
DefectRecordSpec 15 DEFECTID XREL YREL XINDEX YINDEX XSIZE YSIZE DEFECTAREA DSIZE CLASSNUMBER TEST CLUSTERNUMBER ROUGHBINNUMBER FINEBINNUMBER REVIEWSAMPLE ;
DefectList
 1 95626.000 95232.000 0 0 0.000 0.000 0.000 0.147 0 1 0 0 0 0
 2 104045.000 93649.000 0 0 0.000 0.000 0.000 0.137 0 1 0 0 0 0
 3 101998.000 107996.000 0 0 0.000 0.000 0.000 0.148 0 1 0 0 0 0
 4 91969.000 96506.000 0 0 0.000 0.000 0.000 0.132 0 1 0 0 0 0
 5 102534.000 87571.000 0 0 0.000 0.000 0.000 0.138 0 1 0 0 0 0
 6 112196.000 103278.000 0 0 0.000 0.000 0.000 0.133 0 1 0 0 0 0
 7 92132.000 89246.000 0 0 0.000 0.000 0.000 0.138 0 1 0 0 0 0
 8 113607.000 96507.000 0 0 0.000 0.000 0.000 0.142 0 1 0 0 0 0
 9 92658.000 87428.000 0 0 0.000 0.000 0.000 0.162 0 1 0 0 0 0
 10 87505.000 90636.000 0 0 0.000 0.000 0.000 0.133 0 1 0 0 0 0
 11 96768.000 84627.000 0 0 0.000 0.000 0.000 0.134 0 1 0 0 0 0
 12 104993.000 85051.000 0 0 0.000 0.000 0.000 0.146 0 1 0 0 0 0
 13 116293.000 95093.000 0 0 0.000 0.000 0.000 0.140 0 1 0 0 0 0
 14 89785.000 114326.000 0 0 0.000 0.000 0.000 0.133 0 1 0 0 0 0
 15 85184.000 110177.000 0 0 0.000 0.000 0.000 0.145 0 1 0 0 0 0
 16 87546.000 113445.000 0 0 0.000 0.000 0.000 0.141 0 1 0 0 0 0
 17 91104.000 117596.000 0 0 0.000 0.000 0.000 0.134 0 1 0 0 0 0
 18 99916.000 120087.000 0 0 0.000 0.000 0.000 0.134 0 1 0 0 0 0
 19 83095.000 114135.000 0 0 0.000 0.000 0.000 0.136 0 1 0 0 0 0
 20 93208.000 121012.000 0 0 0.000 0.000 0.000 0.133 0 1 0 0 0 0
 21 82106.000 85212.000 0 0 0.000 0.000 0.000 0.134 0 1 0 0 0 0
 22 101293.000 76473.000 0 0 0.000 0.000 0.000 0.131 0 1 0 0 0 0
 23 118603.000 114301.000 0 0 0.000 0.000 0.000 0.141 0 1 0 0 0 0
 24 90999.000 77013.000 0 0 0.000 0.000 0.000 0.164 0 1 0 0 0 0
 25 102214.000 124454.000 0 0 0.000 0.000 0.000 0.145 0 1 0 0 0 0
 26 91497.000 75443.000 0 0 0.000 0.000 0.000 0.139 0 1 0 0 0 0
 27 113705.000 78090.000 0 0 0.000 0.000 0.000 0.134 0 1 0 0 0 0
 28 92228.000 74870.000 0 0 0.000 0.000 0.000 0.134 0 1 0 0 0 0
 29 123034.000 111862.000 0 0 0.000 0.000 0.000 0.137 0 1 0 0 0 0
 30 75045.000 90952.000 0 0 0.000 0.000 0.000 0.152 0 1 0 0 0 0
 31 81304.000 118630.000 0 0 0.000 0.000 0.000 0.135 0 1 0 0 0 0
 32 116486.000 78909.000 0 0 0.000 0.000 0.000 0.132 0 1 0 0 0 0
 33 117164.000 120244.000 0 0 0.000 0.000 0.000 0.152 0 1 0 0 0 0
 34 113587.000 76631.000 0 0 0.000 0.000 0.000 0.141 0 1 0 0 0 0
 35 126820.000 96706.000 0 0 0.000 0.000 0.000 0.143 0 1 0 0 0 0
 36 78052.000 116719.000 0 0 0.000 0.000 0.000 0.146 0 1 0 0 0 0
 37 96401.000 71997.000 0 0 0.000 0.000 0.000 0.144 0 1 0 0 0 0
 38 125154.000 112123.000 0 0 0.000 0.000 0.000 0.132 0 1 0 0 0 0
 39 106695.000 128163.000 0 0 0.000 0.000 0.000 0.132 0 1 0 0 0 0
 40 93091.000 71013.000 0 0 0.000 0.000 0.000 0.148 0 1 0 0 0 0
 41 111025.000 71656.000 0 0 0.000 0.000 0.000 0.145 0 1 0 0 0 0
 42 79617.000 76999.000 0 0 0.000 0.000 0.000 0.132 0 1 0 0 0 0
 43 128437.000 110595.000 0 0 0.000 0.000 0.000 0.144 0 1 0 0 0 0
 44 128262.000 111458.000 0 0 0.000 0.000 0.000 0.149 0 1 0 0 0 0
 45 128819.000 88570.000 0 0 0.000 0.000 0.000 0.137 0 1 0 0 0 0
 46 112964.000 128133.000 0 0 0.000 0.000 0.000 0.138 0 1 0 0 0 0
 47 123209.000 78201.000 0 0 0.000 0.000 0.000 0.151 0 1 0 0 0 0
 48 125563.000 118487.000 0 0 0.000 0.000 0.000 0.164 0 1 0 0 0 0
 49 130467.000 110585.000 0 0 0.000 0.000 0.000 0.134 0 1 0 0 0 0
 50 67480.000 101156.000 0 0 0.000 0.000 0.000 0.139 0 1 0 0 0 0
 51 129245.000 114685.000 0 0 0.000 0.000 0.000 0.151 0 1 0 0 0 0
 52 67132.000 92117.000 0 0 0.000 0.000 0.000 0.133 0 1 0 0 0 0
 53 121460.000 126938.000 0 0 0.000 0.000 0.000 0.150 0 1 0 0 0 0
 54 76947.000 73214.000 0 0 0.000 0.000 0.000 0.164 0 1 0 0 0 0
 55 67066.000 85778.000 0 0 0.000 0.000 0.000 0.139 0 1 0 0 0 0
 56 62070.000 106358.000 0 0 0.000 0.000 0.000 0.130 0 1 0 0 0 0
 57 93276.000 137966.000 0 0 0.000 0.000 0.000 0.137 0 1 0 0 0 0
 58 84624.000 64170.000 0 0 0.000 0.000 0.000 0.160 0 1 0 0 0 0
 59 76501.000 68729.000 0 0 0.000 0.000 0.000 0.130 0 1 0 0 0 0
 60 136397.000 85795.000 0 0 0.000 0.000 0.000 0.135 0 1 0 0 0 0
 61 62137.000 109568.000 0 0 0.000 0.000 0.000 0.143 0 1 0 0 0 0
 62 139116.000 96503.000 0 0 0.000 0.000 0.000 0.141 0 1 0 0 0 0
 63 70072.000 126935.000 0 0 0.000 0.000 0.000 0.136 0 1 0 0 0 0
 64 78682.000 65462.000 0 0 0.000 0.000 0.000 0.136 0 1 0 0 0 0
 65 134057.000 77441.000 0 0 0.000 0.000 0.000 0.154 0 1 0 0 0 0
 66 138543.000 112981.000 0 0 0.000 0.000 0.000 0.155 0 1 0 0 0 0
 67 76441.000 65773.000 0 0 0.000 0.000 0.000 0.135 0 1 0 0 0 0
 68 140861.000 93149.000 0 0 0.000 0.000 0.000 0.138 0 1 0 0 0 0
 69 72596.000 130856.000 0 0 0.000 0.000 0.000 0.136 0 1 0 0 0 0
 70 63380.000 121768.000 0 0 0.000 0.000 0.000 0.135 0 1 0 0 0 0
 71 142050.000 91817.000 0 0 0.000 0.000 0.000 0.162 0 1 0 0 0 0
 72 114685.000 58912.000 0 0 0.000 0.000 0.000 0.161 0 1 0 0 0 0
 73 72095.000 133702.000 0 0 0.000 0.000 0.000 0.133 0 1 0 0 0 0
 74 127634.000 65662.000 0 0 0.000 0.000 0.000 0.151 0 1 0 0 0 0
 75 72722.000 134646.000 0 0 0.000 0.000 0.000 0.150 0 1 0 0 0 0
 76 95077.000 55542.000 0 0 0.000 0.000 0.000 0.152 0 1 0 0 0 0
 77 123939.000 61741.000 0 0 0.000 0.000 0.000 0.158 0 1 0 0 0 0
 78 136978.000 73317.000 0 0 0.000 0.000 0.000 0.147 0 1 0 0 0 0
 79 144456.000 90716.000 0 0 0.000 0.000 0.000 0.139 0 1 0 0 0 0
 80 55924.000 87991.000 0 0 0.000 0.000 0.000 0.132 0 1 0 0 0 0
 81 140108.000 121880.000 0 0 0.000 0.000 0.000 0.137 0 1 0 0 0 0
 82 95616.000 53575.000 0 0 0.000 0.000 0.000 0.130 0 1 0 0 0 0
 83 120493.000 57641.000 0 0 0.000 0.000 0.000 0.133 0 1 0 0 0 0
 84 97917.000 146677.000 0 0 0.000 0.000 0.000 0.139 0 1 0 0 0 0
 85 141158.000 123041.000 0 0 0.000 0.000 0.000 0.132 0 1 0 0 0 0
 86 141337.000 76103.000 0 0 0.000 0.000 0.000 0.134 0 1 0 0 0 0
 87 79565.000 142983.000 0 0 0.000 0.000 0.000 0.147 0 1 0 0 0 0
 88 87024.000 147829.000 0 0 0.000 0.000 0.000 0.144 0 1 0 0 0 0
 89 53570.000 80953.000 0 0 0.000 0.000 0.000 0.141 0 1 0 0 0 0
 90 57727.000 72885.000 0 0 0.000 0.000 0.000 0.147 0 1 0 0 0 0
 91 98072.000 49772.000 0 0 0.000 0.000 0.000 0.140 0 1 0 0 0 0
 92 81839.000 146397.000 0 0 0.000 0.000 0.000 0.132 0 1 0 0 0 0
 93 61352.000 66568.000 0 0 0.000 0.000 0.000 0.157 0 1 0 0 0 0
 94 125652.000 55906.000 0 0 0.000 0.000 0.000 0.143 0 1 0 0 0 0
 95 126859.000 142990.000 0 0 0.000 0.000 0.000 0.134 0 1 0 0 0 0
 96 60805.000 132573.000 0 0 0.000 0.000 0.000 0.142 0 1 0 0 0 0
 97 136366.000 135634.000 0 0 0.000 0.000 0.000 0.136 0 1 0 0 0 0
 98 74517.000 145351.000 0 0 0.000 0.000 0.000 0.132 0 1 0 0 0 0
 99 123295.000 146545.000 0 0 0.000 0.000 0.000 0.132 0 1 0 0 0 0
 100 58147.000 131455.000 0 0 0.000 0.000 0.000 0.137 0 1 0 0 0 0
 101 54693.000 71810.000 0 0 0.000 0.000 0.000 0.138 0 1 0 0 0 0
 102 127447.000 53545.000 0 0 0.000 0.000 0.000 0.137 0 1 0 0 0 0
 103 153654.000 97225.000 0 0 0.000 0.000 0.000 0.138 0 1 0 0 0 0
 104 152425.000 112940.000 0 0 0.000 0.000 0.000 0.132 0 1 0 0 0 0
 105 75761.000 50745.000 0 0 0.000 0.000 0.000 0.145 0 1 0 0 0 0
 106 128450.000 146493.000 0 0 0.000 0.000 0.000 0.143 0 1 0 0 0 0
 107 64363.000 57850.000 0 0 0.000 0.000 0.000 0.141 0 1 0 0 0 0
 108 121943.000 49404.000 0 0 0.000 0.000 0.000 0.131 0 1 0 0 0 0
 109 124998.000 150256.000 0 0 0.000 0.000 0.000 0.137 0 1 0 0 0 0
 110 55080.000 133910.000 0 0 0.000 0.000 0.000 0.131 0 1 0 0 0 0
 111 140068.000 58761.000 0 0 0.000 0.000 0.000 0.132 0 1 0 0 0 0
 112 59702.000 57921.000 0 0 0.000 0.000 0.000 0.145 0 1 0 0 0 0
 113 158022.000 103860.000 0 0 0.000 0.000 0.000 0.140 0 1 0 0 0 0
 114 105622.000 41497.000 0 0 0.000 0.000 0.000 0.142 0 1 0 0 0 0
 115 148231.000 66755.000 0 0 0.000 0.000 0.000 0.135 0 1 0 0 0 0
 116 158164.000 91914.000 0 0 0.000 0.000 0.000 0.133 0 1 0 0 0 0
 117 86453.000 156994.000 0 0 0.000 0.000 0.000 0.151 0 1 0 0 0 0
 118 152933.000 73286.000 0 0 0.000 0.000 0.000 0.131 0 1 0 0 0 0
 119 132743.000 149386.000 0 0 0.000 0.000 0.000 0.132 0 1 0 0 0 0
 120 42982.000 117846.000 0 0 0.000 0.000 0.000 0.134 0 1 0 0 0 0
 121 119177.000 42930.000 0 0 0.000 0.000 0.000 0.150 0 1 0 0 0 0
 122 47667.000 68410.000 0 0 0.000 0.000 0.000 0.135 0 1 0 0 0 0
 123 53135.000 138886.000 0 0 0.000 0.000 0.000 0.141 0 1 0 0 0 0
 124 120366.000 157650.000 0 0 0.000 0.000 0.000 0.134 0 1 0 0 0 0
 125 160881.000 107222.000 0 0 0.000 0.000 0.000 0.130 0 1 0 0 0 0
 126 133625.000 48160.000 0 0 0.000 0.000 0.000 0.138 0 1 0 0 0 0
 127 159682.000 115769.000 0 0 0.000 0.000 0.000 0.135 0 1 0 0 0 0
 128 64462.000 150522.000 0 0 0.000 0.000 0.000 0.137 0 1 0 0 0 0
 129 57397.000 54328.000 0 0 0.000 0.000 0.000 0.135 0 1 0 0 0 0
 130 92524.000 37710.000 0 0 0.000 0.000 0.000 0.140 0 1 0 0 0 0
 131 144870.000 56320.000 0 0 0.000 0.000 0.000 0.135 0 1 0 0 0 0
 132 36684.000 103635.000 0 0 0.000 0.000 0.000 0.133 0 1 0 0 0 0
 133 37386.000 87449.000 0 0 0.000 0.000 0.000 0.134 0 1 0 0 0 0
 134 39297.000 78781.000 0 0 0.000 0.000 0.000 0.133 0 1 0 0 0 0
 135 61195.000 151330.000 0 0 0.000 0.000 0.000 0.142 0 1 0 0 0 0
 136 94285.000 34600.000 0 0 0.000 0.000 0.000 0.145 0 1 0 0 0 0
 137 163322.000 116122.000 0 0 0.000 0.000 0.000 0.133 0 1 0 0 0 0
 138 58612.000 150750.000 0 0 0.000 0.000 0.000 0.131 0 1 0 0 0 0
 139 155426.000 62700.000 0 0 0.000 0.000 0.000 0.136 0 1 0 0 0 0
 140 34300.000 111869.000 0 0 0.000 0.000 0.000 0.132 0 1 0 0 0 0
 141 52117.000 52318.000 0 0 0.000 0.000 0.000 0.132 0 1 0 0 0 0
 142 112140.000 33379.000 0 0 0.000 0.000 0.000 0.144 0 1 0 0 0 0
 143 156762.000 61634.000 0 0 0.000 0.000 0.000 0.133 0 1 0 0 0 0
 144 66340.000 37650.000 0 0 0.000 0.000 0.000 0.143 0 1 0 0 0 0
 145 80825.000 31454.000 0 0 0.000 0.000 0.000 0.215 0 1 0 0 0 0
 146 164498.000 68461.000 0 0 0.000 0.000 0.000 0.140 0 1 0 0 0 0
 147 42982.000 143681.000 0 0 0.000 0.000 0.000 0.131 0 1 0 0 0 0
 148 86353.000 27055.000 0 0 0.000 0.000 0.000 0.138 0 1 0 0 0 0
 149 115285.000 26761.000 0 0 0.000 0.000 0.000 0.142 0 1 0 0 0 0
 150 41539.000 52334.000 0 0 0.000 0.000 0.000 0.141 0 1 0 0 0 0
 151 66094.000 167597.000 0 0 0.000 0.000 0.000 0.208 0 1 0 0 0 0
 152 137754.000 165823.000 0 0 0.000 0.000 0.000 0.130 0 1 0 0 0 0
 153 66296.000 167993.000 0 0 0.000 0.000 0.000 200000.000 0 1 0 200 0 0
 154 159121.000 149015.000 0 0 0.000 0.000 0.000 0.130 0 1 0 0 0 0
 155 22511.000 104675.000 0 0 0.000 0.000 0.000 0.131 0 1 0 0 0 0
 156 70182.000 24755.000 0 0 0.000 0.000 0.000 0.274 0 1 0 0 0 0
 157 73763.000 181726.000 0 0 0.000 0.000 0.000 0.150 0 1 0 0 0 0;
ProcessEquipmentIDList 1
  "R375" ;
SummarySpec 5
  TESTNO    NDEFECT    DEFDENSITY    NDIE    NDEFDIE  ;
SummaryList 
  1    157    0.574    1    1  ;
EndOfFile;
