FileVersion 1 2;
FileTimestamp 01-01-26 21:23:41;
InspectionStationID "KLA-Tencor" "SFSSP1" "0901-0728-TBI";
SampleType WAFER;
ResultTimestamp 01-01-26 21:10:44;
LotID "2580";
SampleSize 1 200;
DeviceID "None";
SetupID "T2-2580NR" 01-01-26 21:10:44;
StepID "6391P";
SampleOrientationMarkType NOTCH;
OrientationMarkLocation DOWN;
DiePitch 200000 200000;
DieOrigin 0 0;
WaferID "21";
Slot 21;
SampleCenterLocation 100000 100000;
ClassLookup 1
  0 "0"  ;
OrientationInstructions "Front";
CoordinatesMirrored No;
InspectionTest 1;
SampleTestPlan 1
  0 0 ;
AreaPerTest 2.73516e+010;
DefectRecordSpec 15 DEFECTID XREL YREL XINDEX YINDEX XSIZE YSIZE DEFECTAREA DSIZE CLASSNUMBER TEST CLUSTERNUMBER ROUGHBINNUMBER FINEBINNUMBER REVIEWSAMPLE ;
DefectList
 1 101778.000 101290.000 0 0 0.000 0.000 0.000 0.131 0 1 0 0 0 0
 2 96544.000 105523.000 0 0 0.000 0.000 0.000 0.140 0 1 0 0 0 0
 3 95172.000 104374.000 0 0 0.000 0.000 0.000 0.158 0 1 0 0 0 0
 4 102947.000 93804.000 0 0 0.000 0.000 0.000 0.140 0 1 0 0 0 0
 5 106794.000 102148.000 0 0 0.000 0.000 0.000 0.154 0 1 0 0 0 0
 6 96357.000 92738.000 0 0 0.000 0.000 0.000 0.149 0 1 0 0 0 0
 7 101643.000 108795.000 0 0 0.000 0.000 0.000 0.132 0 1 0 0 0 0
 8 108041.000 104117.000 0 0 0.000 0.000 0.000 0.132 0 1 0 0 0 0
 9 109178.000 99517.000 0 0 0.000 0.000 0.000 0.139 0 1 0 0 0 0
 10 90637.000 100868.000 0 0 0.000 0.000 0.000 0.139 0 1 0 0 0 0
 11 90597.000 103685.000 0 0 0.000 0.000 0.000 0.130 0 1 0 0 0 0
 12 109109.000 93511.000 0 0 0.000 0.000 0.000 0.141 0 1 0 0 0 0
 13 109595.000 93759.000 0 0 0.000 0.000 0.000 0.135 0 1 0 0 0 0
 14 98772.000 111763.000 0 0 0.000 0.000 0.000 0.135 0 1 0 0 0 0
 15 87910.000 104047.000 0 0 0.000 0.000 0.000 0.134 0 1 0 0 0 0
 16 108475.000 90980.000 0 0 0.000 0.000 0.000 0.151 0 1 0 0 0 0
 17 105325.000 111754.000 0 0 0.000 0.000 0.000 0.142 0 1 0 0 0 0
 18 92107.000 110754.000 0 0 0.000 0.000 0.000 0.135 0 1 0 0 0 0
 19 90246.000 109345.000 0 0 0.000 0.000 0.000 0.138 0 1 0 0 0 0
 20 86856.000 102274.000 0 0 0.000 0.000 0.000 0.156 0 1 0 0 0 0
 21 110531.000 108597.000 0 0 0.000 0.000 0.000 0.131 0 1 0 0 0 0
 22 88243.000 108951.000 0 0 0.000 0.000 0.000 0.132 0 1 0 0 0 0
 23 107418.000 112962.000 0 0 0.000 0.000 0.000 0.140 0 1 0 0 0 0
 24 107649.000 113180.000 0 0 0.000 0.000 0.000 0.159 0 1 0 0 0 0
 25 108294.000 113276.000 0 0 0.000 0.000 0.000 0.139 0 1 0 0 0 0
 26 97988.000 84649.000 0 0 0.000 0.000 0.000 0.142 0 1 0 0 0 0
 27 114599.000 105970.000 0 0 0.000 0.000 0.000 0.146 0 1 0 0 0 0
 28 98763.000 83990.000 0 0 0.000 0.000 0.000 0.136 0 1 0 0 0 0
 29 114833.000 92351.000 0 0 0.000 0.000 0.000 0.157 0 1 0 0 0 0
 30 92269.000 115434.000 0 0 0.000 0.000 0.000 0.160 0 1 0 0 0 0
 31 117226.000 97430.000 0 0 0.000 0.000 0.000 0.155 0 1 0 0 0 0
 32 83880.000 92796.000 0 0 0.000 0.000 0.000 0.143 0 1 0 0 0 0
 33 104598.000 83233.000 0 0 0.000 0.000 0.000 0.138 0 1 0 0 0 0
 34 100748.000 118794.000 0 0 0.000 0.000 0.000 0.130 0 1 0 0 0 0
 35 86975.000 113839.000 0 0 0.000 0.000 0.000 0.130 0 1 0 0 0 0
 36 106766.000 82524.000 0 0 0.000 0.000 0.000 0.151 0 1 0 0 0 0
 37 81689.000 109046.000 0 0 0.000 0.000 0.000 0.149 0 1 0 0 0 0
 38 81959.000 90561.000 0 0 0.000 0.000 0.000 0.145 0 1 0 0 0 0
 39 81567.000 90891.000 0 0 0.000 0.000 0.000 0.164 0 1 0 0 0 0
 40 109674.000 118845.000 0 0 0.000 0.000 0.000 0.159 0 1 0 0 0 0
 41 92074.000 80075.000 0 0 0.000 0.000 0.000 0.139 0 1 0 0 0 0
 42 79423.000 91985.000 0 0 0.000 0.000 0.000 0.144 0 1 0 0 0 0
 43 84656.000 116632.000 0 0 0.000 0.000 0.000 0.133 0 1 0 0 0 0
 44 115007.000 116928.000 0 0 0.000 0.000 0.000 0.135 0 1 0 0 0 0
 45 79507.000 109635.000 0 0 0.000 0.000 0.000 0.161 0 1 0 0 0 0
 46 80477.000 88127.000 0 0 0.000 0.000 0.000 0.134 0 1 0 0 0 0
 47 123007.000 101907.000 0 0 0.000 0.000 0.000 0.131 0 1 0 0 0 0
 48 86334.000 81183.000 0 0 0.000 0.000 0.000 0.158 0 1 0 0 0 0
 49 96228.000 76803.000 0 0 0.000 0.000 0.000 0.133 0 1 0 0 0 0
 50 89220.000 78602.000 0 0 0.000 0.000 0.000 0.159 0 1 0 0 0 0
 51 122496.000 110130.000 0 0 0.000 0.000 0.000 0.147 0 1 0 0 0 0
 52 76343.000 107979.000 0 0 0.000 0.000 0.000 0.130 0 1 0 0 0 0
 53 83474.000 119031.000 0 0 0.000 0.000 0.000 0.151 0 1 0 0 0 0
 54 75307.000 96548.000 0 0 0.000 0.000 0.000 0.136 0 1 0 0 0 0
 55 105515.000 124705.000 0 0 0.000 0.000 0.000 0.130 0 1 0 0 0 0
 56 78930.000 114062.000 0 0 0.000 0.000 0.000 0.135 0 1 0 0 0 0
 57 124625.000 106373.000 0 0 0.000 0.000 0.000 0.136 0 1 0 0 0 0
 58 77669.000 112540.000 0 0 0.000 0.000 0.000 0.130 0 1 0 0 0 0
 59 81826.000 118497.000 0 0 0.000 0.000 0.000 0.156 0 1 0 0 0 0
 60 107441.000 125000.000 0 0 0.000 0.000 0.000 0.137 0 1 0 0 0 0
 61 74002.000 109569.000 0 0 0.000 0.000 0.000 0.133 0 1 0 0 0 0
 62 118895.000 120419.000 0 0 0.000 0.000 0.000 0.147 0 1 0 0 0 0
 63 84829.000 123837.000 0 0 0.000 0.000 0.000 0.163 0 1 0 0 0 0
 64 88163.000 125767.000 0 0 0.000 0.000 0.000 0.161 0 1 0 0 0 0
 65 114173.000 75605.000 0 0 0.000 0.000 0.000 0.132 0 1 0 0 0 0
 66 128412.000 98228.000 0 0 0.000 0.000 0.000 0.138 0 1 0 0 0 0
 67 128438.000 103942.000 0 0 0.000 0.000 0.000 0.135 0 1 0 0 0 0
 68 91030.000 127651.000 0 0 0.000 0.000 0.000 0.161 0 1 0 0 0 0
 69 125984.000 87716.000 0 0 0.000 0.000 0.000 0.166 0 1 0 0 0 0
 70 128062.000 106883.000 0 0 0.000 0.000 0.000 0.142 0 1 0 0 0 0
 71 128291.000 107315.000 0 0 0.000 0.000 0.000 0.147 0 1 0 0 0 0
 72 128520.000 89996.000 0 0 0.000 0.000 0.000 0.215 0 1 0 0 0 0
 73 114468.000 127001.000 0 0 0.000 0.000 0.000 0.131 0 1 0 0 0 0
 74 124485.000 81635.000 0 0 0.000 0.000 0.000 0.144 0 1 0 0 0 0
 75 69451.000 95219.000 0 0 0.000 0.000 0.000 0.130 0 1 0 0 0 0
 76 81595.000 125428.000 0 0 0.000 0.000 0.000 0.132 0 1 0 0 0 0
 77 131714.000 102920.000 0 0 0.000 0.000 0.000 0.147 0 1 0 0 0 0
 78 127151.000 118249.000 0 0 0.000 0.000 0.000 0.134 0 1 0 0 0 0
 79 115063.000 129546.000 0 0 0.000 0.000 0.000 0.142 0 1 0 0 0 0
 80 120939.000 74503.000 0 0 0.000 0.000 0.000 0.136 0 1 0 0 0 0
 81 101039.000 133690.000 0 0 0.000 0.000 0.000 0.167 0 1 0 0 0 0
 82 133009.000 106906.000 0 0 0.000 0.000 0.000 0.132 0 1 0 0 0 0
 83 107632.000 133317.000 0 0 0.000 0.000 0.000 0.156 0 1 0 0 0 0
 84 132557.000 90643.000 0 0 0.000 0.000 0.000 0.164 0 1 0 0 0 0
 85 71922.000 119848.000 0 0 0.000 0.000 0.000 0.167 0 1 0 0 0 0
 86 112207.000 132663.000 0 0 0.000 0.000 0.000 0.159 0 1 0 0 0 0
 87 113392.000 68128.000 0 0 0.000 0.000 0.000 0.142 0 1 0 0 0 0
 88 133631.000 110014.000 0 0 0.000 0.000 0.000 0.140 0 1 0 0 0 0
 89 114724.000 132217.000 0 0 0.000 0.000 0.000 0.141 0 1 0 0 0 0
 90 131913.000 84509.000 0 0 0.000 0.000 0.000 0.132 0 1 0 0 0 0
 91 128976.000 122865.000 0 0 0.000 0.000 0.000 0.166 0 1 0 0 0 0
 92 107483.000 64055.000 0 0 0.000 0.000 0.000 0.142 0 1 0 0 0 0
 93 137177.000 100243.000 0 0 0.000 0.000 0.000 0.257 0 1 0 0 0 0
 94 131505.000 80156.000 0 0 0.000 0.000 0.000 0.135 0 1 0 0 0 0
 95 134935.000 87259.000 0 0 0.000 0.000 0.000 0.215 0 1 0 0 0 0
 96 129210.000 123619.000 0 0 0.000 0.000 0.000 0.144 0 1 0 0 0 0
 97 65038.000 114570.000 0 0 0.000 0.000 0.000 0.145 0 1 0 0 0 0
 98 119679.000 68148.000 0 0 0.000 0.000 0.000 0.150 0 1 0 0 0 0
 99 115290.000 135041.000 0 0 0.000 0.000 0.000 0.137 0 1 0 0 0 0
 100 79481.000 132633.000 0 0 0.000 0.000 0.000 0.130 0 1 0 0 0 0
 101 81235.000 66513.000 0 0 0.000 0.000 0.000 0.131 0 1 0 0 0 0
 102 121921.000 132441.000 0 0 0.000 0.000 0.000 0.152 0 1 0 0 0 0
 103 96017.000 138962.000 0 0 0.000 0.000 0.000 0.165 0 1 0 0 0 0
 104 66439.000 121072.000 0 0 0.000 0.000 0.000 0.131 0 1 0 0 0 0
 105 60595.000 97464.000 0 0 0.000 0.000 0.000 0.133 0 1 0 0 0 0
 106 97407.000 60708.000 0 0 0.000 0.000 0.000 0.144 0 1 0 0 0 0
 107 113491.000 62752.000 0 0 0.000 0.000 0.000 0.133 0 1 0 0 0 0
 108 97039.000 140252.000 0 0 0.000 0.000 0.000 0.135 0 1 0 0 0 0
 109 126236.000 69822.000 0 0 0.000 0.000 0.000 0.143 0 1 0 0 0 0
 110 130086.000 73772.000 0 0 0.000 0.000 0.000 0.144 0 1 0 0 0 0
 111 67070.000 76595.000 0 0 0.000 0.000 0.000 0.153 0 1 0 0 0 0
 112 94174.000 140844.000 0 0 0.000 0.000 0.000 0.130 0 1 0 0 0 0
 113 121858.000 65476.000 0 0 0.000 0.000 0.000 0.135 0 1 0 0 0 0
 114 140292.000 91535.000 0 0 0.000 0.000 0.000 0.131 0 1 0 0 0 0
 115 78243.000 135757.000 0 0 0.000 0.000 0.000 0.137 0 1 0 0 0 0
 116 99568.000 141983.000 0 0 0.000 0.000 0.000 0.146 0 1 0 0 0 0
 117 95420.000 141651.000 0 0 0.000 0.000 0.000 0.133 0 1 0 0 0 0
 118 121753.000 64524.000 0 0 0.000 0.000 0.000 0.132 0 1 0 0 0 0
 119 110753.000 140746.000 0 0 0.000 0.000 0.000 0.138 0 1 0 0 0 0
 120 141828.000 103237.000 0 0 0.000 0.000 0.000 0.147 0 1 0 0 0 0
 121 119625.000 137609.000 0 0 0.000 0.000 0.000 0.133 0 1 0 0 0 0
 122 73981.000 133594.000 0 0 0.000 0.000 0.000 0.138 0 1 0 0 0 0
 123 142361.000 98439.000 0 0 0.000 0.000 0.000 0.137 0 1 0 0 0 0
 124 73213.000 133471.000 0 0 0.000 0.000 0.000 0.134 0 1 0 0 0 0
 125 142475.000 103861.000 0 0 0.000 0.000 0.000 0.134 0 1 0 0 0 0
 126 101371.000 57394.000 0 0 0.000 0.000 0.000 0.137 0 1 0 0 0 0
 127 65535.000 74419.000 0 0 0.000 0.000 0.000 0.135 0 1 0 0 0 0
 128 103922.000 57353.000 0 0 0.000 0.000 0.000 0.172 0 1 0 0 0 0
 129 117134.000 139883.000 0 0 0.000 0.000 0.000 0.155 0 1 0 0 0 0
 130 140664.000 85232.000 0 0 0.000 0.000 0.000 0.141 0 1 0 0 0 0
 131 92396.000 143125.000 0 0 0.000 0.000 0.000 0.137 0 1 0 0 0 0
 132 73287.000 65738.000 0 0 0.000 0.000 0.000 0.139 0 1 0 0 0 0
 133 136288.000 75926.000 0 0 0.000 0.000 0.000 0.142 0 1 0 0 0 0
 134 115508.000 141337.000 0 0 0.000 0.000 0.000 0.138 0 1 0 0 0 0
 135 88262.000 57524.000 0 0 0.000 0.000 0.000 0.138 0 1 0 0 0 0
 136 103191.000 144387.000 0 0 0.000 0.000 0.000 0.154 0 1 0 0 0 0
 137 142737.000 114653.000 0 0 0.000 0.000 0.000 0.144 0 1 0 0 0 0
 138 141604.000 82024.000 0 0 0.000 0.000 0.000 0.135 0 1 0 0 0 0
 139 56492.000 86796.000 0 0 0.000 0.000 0.000 0.143 0 1 0 0 0 0
 140 78970.000 141068.000 0 0 0.000 0.000 0.000 0.132 0 1 0 0 0 0
 141 64835.000 70618.000 0 0 0.000 0.000 0.000 0.137 0 1 0 0 0 0
 142 145558.000 94167.000 0 0 0.000 0.000 0.000 0.137 0 1 0 0 0 0
 143 55148.000 89937.000 0 0 0.000 0.000 0.000 0.145 0 1 0 0 0 0
 144 87571.000 145010.000 0 0 0.000 0.000 0.000 0.130 0 1 0 0 0 0
 145 69298.000 135277.000 0 0 0.000 0.000 0.000 0.135 0 1 0 0 0 0
 146 137140.000 128332.000 0 0 0.000 0.000 0.000 0.139 0 1 0 0 0 0
 147 111342.000 145842.000 0 0 0.000 0.000 0.000 0.253 0 1 0 0 0 0
 148 129652.000 63187.000 0 0 0.000 0.000 0.000 0.142 0 1 0 0 0 0
 149 98806.000 147769.000 0 0 0.000 0.000 0.000 0.138 0 1 0 0 0 0
 150 122572.000 142371.000 0 0 0.000 0.000 0.000 0.139 0 1 0 0 0 0
 151 57431.000 122339.000 0 0 0.000 0.000 0.000 0.133 0 1 0 0 0 0
 152 142919.000 121524.000 0 0 0.000 0.000 0.000 0.131 0 1 0 0 0 0
 153 106845.000 148017.000 0 0 0.000 0.000 0.000 0.147 0 1 0 0 0 0
 154 93116.000 51998.000 0 0 0.000 0.000 0.000 0.139 0 1 0 0 0 0
 155 77329.000 57309.000 0 0 0.000 0.000 0.000 0.473 0 1 0 0 0 0
 156 93536.000 51686.000 0 0 0.000 0.000 0.000 0.143 0 1 0 0 0 0
 157 69051.000 138341.000 0 0 0.000 0.000 0.000 0.136 0 1 0 0 0 0
 158 144271.000 121408.000 0 0 0.000 0.000 0.000 0.140 0 1 0 0 0 0
 159 139128.000 130103.000 0 0 0.000 0.000 0.000 0.139 0 1 0 0 0 0
 160 106015.000 51280.000 0 0 0.000 0.000 0.000 0.155 0 1 0 0 0 0
 161 76988.000 143929.000 0 0 0.000 0.000 0.000 0.145 0 1 0 0 0 0
 162 120995.000 145651.000 0 0 0.000 0.000 0.000 0.143 0 1 0 0 0 0
 163 112554.000 51593.000 0 0 0.000 0.000 0.000 0.133 0 1 0 0 0 0
 164 73314.000 57280.000 0 0 0.000 0.000 0.000 0.140 0 1 0 0 0 0
 165 105007.000 50007.000 0 0 0.000 0.000 0.000 0.154 0 1 0 0 0 0
 166 136623.000 65525.000 0 0 0.000 0.000 0.000 0.136 0 1 0 0 0 0
 167 107457.000 150659.000 0 0 0.000 0.000 0.000 0.145 0 1 0 0 0 0
 168 140413.000 69124.000 0 0 0.000 0.000 0.000 0.130 0 1 0 0 0 0
 169 143038.000 72433.000 0 0 0.000 0.000 0.000 0.156 0 1 0 0 0 0
 170 60088.000 132711.000 0 0 0.000 0.000 0.000 0.136 0 1 0 0 0 0
 171 58371.000 69779.000 0 0 0.000 0.000 0.000 0.143 0 1 0 0 0 0
 172 151237.000 94993.000 0 0 0.000 0.000 0.000 0.134 0 1 0 0 0 0
 173 109014.000 49412.000 0 0 0.000 0.000 0.000 0.132 0 1 0 0 0 0
 174 64198.000 62418.000 0 0 0.000 0.000 0.000 0.164 0 1 0 0 0 0
 175 82570.000 149457.000 0 0 0.000 0.000 0.000 0.148 0 1 0 0 0 0
 176 123303.000 147132.000 0 0 0.000 0.000 0.000 0.136 0 1 0 0 0 0
 177 77251.000 147664.000 0 0 0.000 0.000 0.000 0.136 0 1 0 0 0 0
 178 89274.000 48645.000 0 0 0.000 0.000 0.000 0.149 0 1 0 0 0 0
 179 82156.000 50442.000 0 0 0.000 0.000 0.000 0.135 0 1 0 0 0 0
 180 149675.000 118195.000 0 0 0.000 0.000 0.000 0.142 0 1 0 0 0 0
 181 103120.000 153155.000 0 0 0.000 0.000 0.000 0.131 0 1 0 0 0 0
 182 68821.000 57426.000 0 0 0.000 0.000 0.000 0.181 0 1 0 0 0 0
 183 87367.000 48343.000 0 0 0.000 0.000 0.000 0.133 0 1 0 0 0 0
 184 128800.000 54588.000 0 0 0.000 0.000 0.000 0.176 0 1 0 0 0 0
 185 74768.000 52054.000 0 0 0.000 0.000 0.000 0.133 0 1 0 0 0 0
 186 89538.000 46880.000 0 0 0.000 0.000 0.000 0.142 0 1 0 0 0 0
 187 58033.000 135223.000 0 0 0.000 0.000 0.000 0.130 0 1 0 0 0 0
 188 51751.000 126137.000 0 0 0.000 0.000 0.000 0.130 0 1 0 0 0 0
 189 47057.000 114351.000 0 0 0.000 0.000 0.000 0.153 0 1 0 0 0 0
 190 77405.000 50106.000 0 0 0.000 0.000 0.000 0.133 0 1 0 0 0 0
 191 53231.000 70308.000 0 0 0.000 0.000 0.000 0.137 0 1 0 0 0 0
 192 66987.000 145656.000 0 0 0.000 0.000 0.000 0.153 0 1 0 0 0 0
 193 45442.000 113946.000 0 0 0.000 0.000 0.000 0.139 0 1 0 0 0 0
 194 151040.000 123996.000 0 0 0.000 0.000 0.000 0.134 0 1 0 0 0 0
 195 135863.000 143713.000 0 0 0.000 0.000 0.000 0.143 0 1 0 0 0 0
 196 50838.000 127919.000 0 0 0.000 0.000 0.000 0.146 0 1 0 0 0 0
 197 66793.000 53453.000 0 0 0.000 0.000 0.000 0.141 0 1 0 0 0 0
 198 43030.000 92255.000 0 0 0.000 0.000 0.000 0.152 0 1 0 0 0 0
 199 152524.000 76983.000 0 0 0.000 0.000 0.000 0.152 0 1 0 0 0 0
 200 48238.000 125469.000 0 0 0.000 0.000 0.000 0.131 0 1 0 0 0 0
 201 145935.000 65490.000 0 0 0.000 0.000 0.000 0.133 0 1 0 0 0 0
 202 104546.000 158620.000 0 0 0.000 0.000 0.000 0.131 0 1 0 0 0 0
 203 73690.000 47721.000 0 0 0.000 0.000 0.000 0.134 0 1 0 0 0 0
 204 106452.000 41409.000 0 0 0.000 0.000 0.000 0.134 0 1 0 0 0 0
 205 141413.000 57928.000 0 0 0.000 0.000 0.000 0.134 0 1 0 0 0 0
 206 153072.000 126199.000 0 0 0.000 0.000 0.000 0.131 0 1 0 0 0 0
 207 68431.000 150799.000 0 0 0.000 0.000 0.000 0.145 0 1 0 0 0 0
 208 80420.000 43939.000 0 0 0.000 0.000 0.000 0.131 0 1 0 0 0 0
 209 42504.000 83185.000 0 0 0.000 0.000 0.000 0.155 0 1 0 0 0 0
 210 78712.000 43917.000 0 0 0.000 0.000 0.000 0.146 0 1 0 0 0 0
 211 125363.000 45639.000 0 0 0.000 0.000 0.000 0.130 0 1 0 0 0 0
 212 158271.000 83871.000 0 0 0.000 0.000 0.000 0.142 0 1 0 0 0 0
 213 64212.000 149180.000 0 0 0.000 0.000 0.000 0.156 0 1 0 0 0 0
 214 151568.000 67529.000 0 0 0.000 0.000 0.000 0.137 0 1 0 0 0 0
 215 112069.000 160198.000 0 0 0.000 0.000 0.000 0.140 0 1 0 0 0 0
 216 53777.000 60045.000 0 0 0.000 0.000 0.000 0.130 0 1 0 0 0 0
 217 91272.000 39748.000 0 0 0.000 0.000 0.000 0.163 0 1 0 0 0 0
 218 118955.000 158865.000 0 0 0.000 0.000 0.000 0.145 0 1 0 0 0 0
 219 85392.000 160273.000 0 0 0.000 0.000 0.000 0.140 0 1 0 0 0 0
 220 40001.000 115461.000 0 0 0.000 0.000 0.000 0.136 0 1 0 0 0 0
 221 115111.000 40175.000 0 0 0.000 0.000 0.000 0.136 0 1 0 0 0 0
 222 61173.000 148708.000 0 0 0.000 0.000 0.000 0.134 0 1 0 0 0 0
 223 42616.000 123934.000 0 0 0.000 0.000 0.000 0.146 0 1 0 0 0 0
 224 122356.000 42298.000 0 0 0.000 0.000 0.000 0.142 0 1 0 0 0 0
 225 147779.000 59784.000 0 0 0.000 0.000 0.000 0.130 0 1 0 0 0 0
 226 62669.000 49279.000 0 0 0.000 0.000 0.000 0.132 0 1 0 0 0 0
 227 150209.000 60942.000 0 0 0.000 0.000 0.000 0.134 0 1 0 0 0 0
 228 162368.000 114108.000 0 0 0.000 0.000 0.000 0.135 0 1 0 0 0 0
 229 155583.000 68327.000 0 0 0.000 0.000 0.000 0.138 0 1 0 0 0 0
 230 157745.000 127921.000 0 0 0.000 0.000 0.000 0.139 0 1 0 0 0 0
 231 154266.000 134776.000 0 0 0.000 0.000 0.000 0.140 0 1 0 0 0 0
 232 75429.000 159785.000 0 0 0.000 0.000 0.000 0.203 0 1 0 0 0 0
 233 121904.000 161200.000 0 0 0.000 0.000 0.000 0.163 0 1 0 0 0 0
 234 51353.000 143338.000 0 0 0.000 0.000 0.000 0.144 0 1 0 0 0 0
 235 150985.000 60118.000 0 0 0.000 0.000 0.000 0.138 0 1 0 0 0 0
 236 50285.000 142608.000 0 0 0.000 0.000 0.000 0.153 0 1 0 0 0 0
 237 122781.000 161388.000 0 0 0.000 0.000 0.000 0.147 0 1 0 0 0 0
 238 164994.000 91230.000 0 0 0.000 0.000 0.000 0.135 0 1 0 0 0 0
 239 51703.000 55496.000 0 0 0.000 0.000 0.000 0.134 0 1 0 0 0 0
 240 128889.000 159595.000 0 0 0.000 0.000 0.000 0.137 0 1 0 0 0 0
 241 149763.000 144185.000 0 0 0.000 0.000 0.000 0.131 0 1 0 0 0 0
 242 74330.000 162109.000 0 0 0.000 0.000 0.000 0.138 0 1 0 0 0 0
 243 157080.000 65001.000 0 0 0.000 0.000 0.000 0.137 0 1 0 0 0 0
 244 46964.000 58347.000 0 0 0.000 0.000 0.000 0.133 0 1 0 0 0 0
 245 140218.000 45834.000 0 0 0.000 0.000 0.000 0.211 0 1 0 0 0 0
 246 167336.000 91294.000 0 0 0.000 0.000 0.000 0.143 0 1 0 0 0 0
 247 31893.000 93775.000 0 0 0.000 0.000 0.000 0.135 0 1 0 0 0 0
 248 131578.000 39537.000 0 0 0.000 0.000 0.000 0.132 0 1 0 0 0 0
 249 32120.000 89631.000 0 0 0.000 0.000 0.000 0.239 0 1 0 0 0 0
 250 34388.000 79741.000 0 0 0.000 0.000 0.000 0.143 0 1 0 0 0 0
 251 111996.000 168087.000 0 0 0.000 0.000 0.000 0.151 0 1 0 0 0 0
 252 139125.000 43313.000 0 0 0.000 0.000 0.000 0.138 0 1 0 0 0 0
 253 139529.000 157076.000 0 0 0.000 0.000 0.000 0.141 0 1 0 0 0 0
 254 30668.000 102458.000 0 0 0.000 0.000 0.000 0.150 0 1 0 0 0 0
 255 31109.000 88409.000 0 0 0.000 0.000 0.000 0.138 0 1 0 0 0 0
 256 114475.000 168779.000 0 0 0.000 0.000 0.000 0.138 0 1 0 0 0 0
 257 143277.000 155439.000 0 0 0.000 0.000 0.000 0.134 0 1 0 0 0 0
 258 41658.000 60196.000 0 0 0.000 0.000 0.000 0.134 0 1 0 0 0 0
 259 82683.000 31607.000 0 0 0.000 0.000 0.000 0.141 0 1 0 0 0 0
 260 168902.000 116537.000 0 0 0.000 0.000 0.000 0.134 0 1 0 0 0 0
 261 148847.000 48775.000 0 0 0.000 0.000 0.000 0.283 0 1 0 0 0 0
 262 28147.000 101161.000 0 0 0.000 0.000 0.000 0.136 0 1 0 0 0 0
 263 113108.000 170974.000 0 0 0.000 0.000 0.000 0.139 0 1 0 0 0 0
 264 32521.000 126096.000 0 0 0.000 0.000 0.000 0.130 0 1 0 0 0 0
 265 77861.000 169118.000 0 0 0.000 0.000 0.000 0.144 0 1 0 0 0 0
 266 159812.000 59268.000 0 0 0.000 0.000 0.000 0.131 0 1 0 0 0 0
 267 159660.000 142228.000 0 0 0.000 0.000 0.000 0.131 0 1 0 0 0 0
 268 166084.000 68980.000 0 0 0.000 0.000 0.000 0.134 0 1 0 0 0 0
 269 55209.000 41944.000 0 0 0.000 0.000 0.000 0.138 0 1 0 0 0 0
 270 26476.000 93314.000 0 0 0.000 0.000 0.000 0.138 0 1 0 0 0 0
 271 173761.000 98265.000 0 0 0.000 0.000 0.000 0.137 0 1 0 0 0 0
 272 68797.000 33145.000 0 0 0.000 0.000 0.000 0.135 0 1 0 0 0 0
 273 146751.000 41384.000 0 0 0.000 0.000 0.000 0.130 0 1 0 0 0 0
 274 55063.000 161529.000 0 0 0.000 0.000 0.000 0.141 0 1 0 0 0 0
 275 51333.000 41606.000 0 0 0.000 0.000 0.000 0.138 0 1 0 0 0 0
 276 23140.000 95140.000 0 0 0.000 0.000 0.000 0.147 0 1 0 0 0 0
 277 120120.000 25632.000 0 0 0.000 0.000 0.000 0.132 0 1 0 0 0 0
 278 93917.000 21695.000 0 0 0.000 0.000 0.000 0.139 0 1 0 0 0 0
 279 180144.000 97494.000 0 0 0.000 0.000 0.000 0.130 0 1 0 0 0 0
 280 95513.000 19923.000 0 0 0.000 0.000 0.000 0.227 0 1 0 0 0 0
 281 93330.000 180516.000 0 0 0.000 0.000 0.000 0.130 0 1 0 0 0 0
 282 181513.000 100495.000 0 0 0.000 0.000 0.000 0.141 0 1 0 0 0 0
 283 147342.000 167320.000 0 0 0.000 0.000 0.000 0.158 0 1 0 0 0 0
 284 17415.000 99029.000 0 0 0.000 0.000 0.000 0.132 0 1 0 0 0 0
 285 89549.000 182674.000 0 0 0.000 0.000 0.000 0.130 0 1 0 0 0 0
 286 19580.000 123284.000 0 0 0.000 0.000 0.000 0.132 0 1 0 0 0 0
 287 21668.000 67288.000 0 0 0.000 0.000 0.000 200000.000 0 1 0 200 0 0
 288 11906.000 89171.000 0 0 0.000 0.000 0.000 0.155 0 1 0 0 0 0
 289 33037.000 36907.000 0 0 0.000 0.000 0.000 0.207 0 1 0 0 0 0
 290 12797.000 65909.000 0 0 0.000 0.000 0.000 0.131 0 1 0 0 0 0
 291 184341.000 58898.000 0 0 0.000 0.000 0.000 200000.000 0 1 0 200 0 0
 292 187731.000 64380.000 0 0 0.000 0.000 0.000 200000.000 0 1 0 200 0 0
 293 9037.000 75037.000 0 0 0.000 0.000 0.000 0.249 0 1 0 0 0 0
 294 186148.000 60726.000 0 0 0.000 0.000 0.000 200000.000 0 1 0 200 0 0
 295 193326.000 83700.000 0 0 0.000 0.000 0.000 200000.000 0 1 0 200 0 0
 296 182073.000 52162.000 0 0 0.000 0.000 0.000 200000.000 0 1 0 200 0 0
 297 181908.000 52195.000 0 0 0.000 0.000 0.000 200000.000 0 1 0 200 0 0
 298 184194.000 56403.000 0 0 0.000 0.000 0.000 200000.000 0 1 0 200 0 0
 299 186121.000 60317.000 0 0 0.000 0.000 0.000 200000.000 0 1 0 200 0 0;
ProcessEquipmentIDList 1
  "R375" ;
SummarySpec 5
  TESTNO    NDEFECT    DEFDENSITY    NDIE    NDEFDIE  ;
SummaryList 
  1    299    1.093    1    1  ;
EndOfFile;
