FileVersion 1 2;
FileTimestamp 01-01-26 21:13:29;
InspectionStationID "KLA-Tencor" "SFSSP1" "0901-0728-TBI";
SampleType WAFER;
ResultTimestamp 01-01-26 21:10:44;
LotID "2580";
SampleSize 1 200;
DeviceID "None";
SetupID "T2-2580NR" 01-01-26 21:10:44;
StepID "6391P";
SampleOrientationMarkType NOTCH;
OrientationMarkLocation DOWN;
DiePitch 200000 200000;
DieOrigin 0 0;
WaferID "04";
Slot 4;
SampleCenterLocation 100000 100000;
ClassLookup 1
  0 "0"  ;
OrientationInstructions "Front";
CoordinatesMirrored No;
InspectionTest 1;
SampleTestPlan 1
  0 0 ;
AreaPerTest 2.73521e+010;
DefectRecordSpec 15 DEFECTID XREL YREL XINDEX YINDEX XSIZE YSIZE DEFECTAREA DSIZE CLASSNUMBER TEST CLUSTERNUMBER ROUGHBINNUMBER FINEBINNUMBER REVIEWSAMPLE ;
DefectList
 1 96014.000 100598.000 0 0 0.000 0.000 0.000 0.149 0 1 0 0 0 0
 2 104268.000 105012.000 0 0 0.000 0.000 0.000 0.131 0 1 0 0 0 0
 3 92651.000 98066.000 0 0 0.000 0.000 0.000 0.132 0 1 0 0 0 0
 4 95823.000 111425.000 0 0 0.000 0.000 0.000 0.143 0 1 0 0 0 0
 5 95301.000 88586.000 0 0 0.000 0.000 0.000 0.144 0 1 0 0 0 0
 6 106292.000 89366.000 0 0 0.000 0.000 0.000 0.149 0 1 0 0 0 0
 7 90396.000 108386.000 0 0 0.000 0.000 0.000 0.149 0 1 0 0 0 0
 8 97539.000 87612.000 0 0 0.000 0.000 0.000 0.147 0 1 0 0 0 0
 9 87053.000 102824.000 0 0 0.000 0.000 0.000 0.134 0 1 0 0 0 0
 10 100149.000 86895.000 0 0 0.000 0.000 0.000 0.142 0 1 0 0 0 0
 11 86358.000 101603.000 0 0 0.000 0.000 0.000 0.147 0 1 0 0 0 0
 12 113608.000 102667.000 0 0 0.000 0.000 0.000 0.132 0 1 0 0 0 0
 13 93368.000 86667.000 0 0 0.000 0.000 0.000 0.142 0 1 0 0 0 0
 14 98892.000 84901.000 0 0 0.000 0.000 0.000 0.146 0 1 0 0 0 0
 15 115631.000 100161.000 0 0 0.000 0.000 0.000 0.132 0 1 0 0 0 0
 16 95843.000 115668.000 0 0 0.000 0.000 0.000 0.164 0 1 0 0 0 0
 17 91048.000 113631.000 0 0 0.000 0.000 0.000 0.134 0 1 0 0 0 0
 18 113439.000 91376.000 0 0 0.000 0.000 0.000 0.165 0 1 0 0 0 0
 19 116069.000 102629.000 0 0 0.000 0.000 0.000 0.149 0 1 0 0 0 0
 20 104434.000 84044.000 0 0 0.000 0.000 0.000 0.140 0 1 0 0 0 0
 21 83363.000 93380.000 0 0 0.000 0.000 0.000 0.137 0 1 0 0 0 0
 22 89481.000 85518.000 0 0 0.000 0.000 0.000 0.133 0 1 0 0 0 0
 23 106118.000 117496.000 0 0 0.000 0.000 0.000 0.143 0 1 0 0 0 0
 24 117124.000 107422.000 0 0 0.000 0.000 0.000 0.166 0 1 0 0 0 0
 25 94948.000 118691.000 0 0 0.000 0.000 0.000 0.130 0 1 0 0 0 0
 26 108882.000 117528.000 0 0 0.000 0.000 0.000 0.133 0 1 0 0 0 0
 27 82388.000 109350.000 0 0 0.000 0.000 0.000 0.137 0 1 0 0 0 0
 28 119810.000 100829.000 0 0 0.000 0.000 0.000 0.133 0 1 0 0 0 0
 29 92164.000 81655.000 0 0 0.000 0.000 0.000 0.150 0 1 0 0 0 0
 30 102802.000 121357.000 0 0 0.000 0.000 0.000 0.138 0 1 0 0 0 0
 31 86693.000 117068.000 0 0 0.000 0.000 0.000 0.141 0 1 0 0 0 0
 32 78773.000 103954.000 0 0 0.000 0.000 0.000 0.146 0 1 0 0 0 0
 33 94926.000 121545.000 0 0 0.000 0.000 0.000 0.130 0 1 0 0 0 0
 34 119900.000 110131.000 0 0 0.000 0.000 0.000 0.133 0 1 0 0 0 0
 35 100952.000 122430.000 0 0 0.000 0.000 0.000 0.177 0 1 0 0 0 0
 36 105197.000 122184.000 0 0 0.000 0.000 0.000 0.139 0 1 0 0 0 0
 37 86608.000 81842.000 0 0 0.000 0.000 0.000 0.135 0 1 0 0 0 0
 38 107968.000 121807.000 0 0 0.000 0.000 0.000 0.130 0 1 0 0 0 0
 39 120954.000 110816.000 0 0 0.000 0.000 0.000 0.150 0 1 0 0 0 0
 40 121107.000 89170.000 0 0 0.000 0.000 0.000 0.142 0 1 0 0 0 0
 41 109212.000 122315.000 0 0 0.000 0.000 0.000 0.136 0 1 0 0 0 0
 42 104621.000 76642.000 0 0 0.000 0.000 0.000 0.138 0 1 0 0 0 0
 43 121329.000 87977.000 0 0 0.000 0.000 0.000 0.133 0 1 0 0 0 0
 44 124852.000 103487.000 0 0 0.000 0.000 0.000 0.141 0 1 0 0 0 0
 45 107817.000 124066.000 0 0 0.000 0.000 0.000 0.157 0 1 0 0 0 0
 46 108955.000 76731.000 0 0 0.000 0.000 0.000 0.143 0 1 0 0 0 0
 47 100618.000 125419.000 0 0 0.000 0.000 0.000 0.170 0 1 0 0 0 0
 48 74850.000 102882.000 0 0 0.000 0.000 0.000 0.148 0 1 0 0 0 0
 49 83311.000 80701.000 0 0 0.000 0.000 0.000 0.138 0 1 0 0 0 0
 50 95519.000 125587.000 0 0 0.000 0.000 0.000 0.142 0 1 0 0 0 0
 51 120495.000 116174.000 0 0 0.000 0.000 0.000 0.153 0 1 0 0 0 0
 52 106823.000 125550.000 0 0 0.000 0.000 0.000 0.162 0 1 0 0 0 0
 53 74665.000 107278.000 0 0 0.000 0.000 0.000 0.157 0 1 0 0 0 0
 54 93814.000 126074.000 0 0 0.000 0.000 0.000 0.142 0 1 0 0 0 0
 55 125960.000 93348.000 0 0 0.000 0.000 0.000 0.136 0 1 0 0 0 0
 56 108873.000 74810.000 0 0 0.000 0.000 0.000 0.154 0 1 0 0 0 0
 57 75475.000 88102.000 0 0 0.000 0.000 0.000 0.134 0 1 0 0 0 0
 58 80103.000 81027.000 0 0 0.000 0.000 0.000 0.140 0 1 0 0 0 0
 59 74572.000 111453.000 0 0 0.000 0.000 0.000 0.146 0 1 0 0 0 0
 60 75524.000 86965.000 0 0 0.000 0.000 0.000 0.177 0 1 0 0 0 0
 61 124405.000 113716.000 0 0 0.000 0.000 0.000 0.166 0 1 0 0 0 0
 62 99137.000 128359.000 0 0 0.000 0.000 0.000 0.150 0 1 0 0 0 0
 63 90548.000 127015.000 0 0 0.000 0.000 0.000 0.137 0 1 0 0 0 0
 64 90921.000 73057.000 0 0 0.000 0.000 0.000 0.146 0 1 0 0 0 0
 65 73006.000 111005.000 0 0 0.000 0.000 0.000 0.139 0 1 0 0 0 0
 66 88860.000 127242.000 0 0 0.000 0.000 0.000 0.136 0 1 0 0 0 0
 67 120694.000 78071.000 0 0 0.000 0.000 0.000 0.130 0 1 0 0 0 0
 68 94749.000 130213.000 0 0 0.000 0.000 0.000 0.152 0 1 0 0 0 0
 69 107756.000 130632.000 0 0 0.000 0.000 0.000 0.153 0 1 0 0 0 0
 70 112604.000 129047.000 0 0 0.000 0.000 0.000 0.141 0 1 0 0 0 0
 71 127366.000 116207.000 0 0 0.000 0.000 0.000 0.141 0 1 0 0 0 0
 72 129292.000 87758.000 0 0 0.000 0.000 0.000 0.141 0 1 0 0 0 0
 73 100644.000 132212.000 0 0 0.000 0.000 0.000 0.147 0 1 0 0 0 0
 74 73026.000 80994.000 0 0 0.000 0.000 0.000 0.130 0 1 0 0 0 0
 75 74442.000 77787.000 0 0 0.000 0.000 0.000 200000.000 0 1 0 200 0 0
 76 117546.000 70794.000 0 0 0.000 0.000 0.000 0.139 0 1 0 0 0 0
 77 130979.000 115167.000 0 0 0.000 0.000 0.000 0.143 0 1 0 0 0 0
 78 66934.000 90591.000 0 0 0.000 0.000 0.000 0.133 0 1 0 0 0 0
 79 83668.000 130644.000 0 0 0.000 0.000 0.000 0.145 0 1 0 0 0 0
 80 68192.000 114021.000 0 0 0.000 0.000 0.000 0.136 0 1 0 0 0 0
 81 107527.000 134184.000 0 0 0.000 0.000 0.000 0.155 0 1 0 0 0 0
 82 65739.000 106275.000 0 0 0.000 0.000 0.000 0.133 0 1 0 0 0 0
 83 71355.000 80331.000 0 0 0.000 0.000 0.000 0.154 0 1 0 0 0 0
 84 72539.000 122544.000 0 0 0.000 0.000 0.000 0.142 0 1 0 0 0 0
 85 71210.000 120522.000 0 0 0.000 0.000 0.000 0.130 0 1 0 0 0 0
 86 66825.000 87587.000 0 0 0.000 0.000 0.000 0.151 0 1 0 0 0 0
 87 135508.000 97636.000 0 0 0.000 0.000 0.000 0.133 0 1 0 0 0 0
 88 131601.000 83834.000 0 0 0.000 0.000 0.000 0.147 0 1 0 0 0 0
 89 116543.000 131831.000 0 0 0.000 0.000 0.000 0.147 0 1 0 0 0 0
 90 128234.000 122389.000 0 0 0.000 0.000 0.000 0.132 0 1 0 0 0 0
 91 70281.000 121063.000 0 0 0.000 0.000 0.000 0.200 0 1 0 0 0 0
 92 109671.000 135312.000 0 0 0.000 0.000 0.000 0.132 0 1 0 0 0 0
 93 136474.000 102404.000 0 0 0.000 0.000 0.000 0.164 0 1 0 0 0 0
 94 112138.000 65676.000 0 0 0.000 0.000 0.000 0.138 0 1 0 0 0 0
 95 114351.000 66373.000 0 0 0.000 0.000 0.000 0.136 0 1 0 0 0 0
 96 89615.000 135546.000 0 0 0.000 0.000 0.000 0.140 0 1 0 0 0 0
 97 67431.000 83054.000 0 0 0.000 0.000 0.000 0.143 0 1 0 0 0 0
 98 69536.000 79589.000 0 0 0.000 0.000 0.000 0.131 0 1 0 0 0 0
 99 103400.000 63333.000 0 0 0.000 0.000 0.000 0.152 0 1 0 0 0 0
 100 136972.000 97979.000 0 0 0.000 0.000 0.000 0.143 0 1 0 0 0 0
 101 96085.000 63322.000 0 0 0.000 0.000 0.000 0.132 0 1 0 0 0 0
 102 77929.000 130541.000 0 0 0.000 0.000 0.000 0.157 0 1 0 0 0 0
 103 70858.000 123660.000 0 0 0.000 0.000 0.000 0.162 0 1 0 0 0 0
 104 79420.000 68919.000 0 0 0.000 0.000 0.000 0.162 0 1 0 0 0 0
 105 74353.000 72579.000 0 0 0.000 0.000 0.000 0.135 0 1 0 0 0 0
 106 80435.000 67726.000 0 0 0.000 0.000 0.000 0.136 0 1 0 0 0 0
 107 62972.000 91942.000 0 0 0.000 0.000 0.000 0.142 0 1 0 0 0 0
 108 89085.000 137591.000 0 0 0.000 0.000 0.000 0.144 0 1 0 0 0 0
 109 61404.000 94765.000 0 0 0.000 0.000 0.000 0.131 0 1 0 0 0 0
 110 129934.000 75173.000 0 0 0.000 0.000 0.000 0.144 0 1 0 0 0 0
 111 60923.000 103249.000 0 0 0.000 0.000 0.000 0.133 0 1 0 0 0 0
 112 133594.000 120724.000 0 0 0.000 0.000 0.000 0.152 0 1 0 0 0 0
 113 63403.000 114844.000 0 0 0.000 0.000 0.000 0.148 0 1 0 0 0 0
 114 138737.000 107422.000 0 0 0.000 0.000 0.000 0.151 0 1 0 0 0 0
 115 68855.000 75902.000 0 0 0.000 0.000 0.000 0.142 0 1 0 0 0 0
 116 123035.000 68096.000 0 0 0.000 0.000 0.000 0.130 0 1 0 0 0 0
 117 130527.000 125482.000 0 0 0.000 0.000 0.000 0.145 0 1 0 0 0 0
 118 84885.000 137542.000 0 0 0.000 0.000 0.000 0.137 0 1 0 0 0 0
 119 69436.000 127304.000 0 0 0.000 0.000 0.000 0.138 0 1 0 0 0 0
 120 99654.000 140980.000 0 0 0.000 0.000 0.000 0.208 0 1 0 0 0 0
 121 58918.000 103785.000 0 0 0.000 0.000 0.000 0.143 0 1 0 0 0 0
 122 138367.000 84747.000 0 0 0.000 0.000 0.000 0.151 0 1 0 0 0 0
 123 110977.000 140507.000 0 0 0.000 0.000 0.000 0.137 0 1 0 0 0 0
 124 113131.000 60356.000 0 0 0.000 0.000 0.000 0.159 0 1 0 0 0 0
 125 137976.000 82335.000 0 0 0.000 0.000 0.000 0.133 0 1 0 0 0 0
 126 58115.000 104479.000 0 0 0.000 0.000 0.000 0.153 0 1 0 0 0 0
 127 134570.000 75141.000 0 0 0.000 0.000 0.000 0.137 0 1 0 0 0 0
 128 77356.000 136542.000 0 0 0.000 0.000 0.000 0.131 0 1 0 0 0 0
 129 82356.000 139400.000 0 0 0.000 0.000 0.000 0.144 0 1 0 0 0 0
 130 100702.000 57165.000 0 0 0.000 0.000 0.000 0.138 0 1 0 0 0 0
 131 100718.000 56479.000 0 0 0.000 0.000 0.000 200000.000 0 1 0 200 0 0
 132 100662.000 56627.000 0 0 0.000 0.000 0.000 200000.000 0 1 0 200 0 0
 133 63667.000 75758.000 0 0 0.000 0.000 0.000 0.209 0 1 0 0 0 0
 134 136333.000 75735.000 0 0 0.000 0.000 0.000 0.136 0 1 0 0 0 0
 135 143755.000 104796.000 0 0 0.000 0.000 0.000 0.133 0 1 0 0 0 0
 136 107548.000 57898.000 0 0 0.000 0.000 0.000 200000.000 0 1 0 200 0 0
 137 103970.000 144295.000 0 0 0.000 0.000 0.000 0.131 0 1 0 0 0 0
 138 60984.000 78689.000 0 0 0.000 0.000 0.000 0.130 0 1 0 0 0 0
 139 143507.000 90176.000 0 0 0.000 0.000 0.000 0.134 0 1 0 0 0 0
 140 100605.000 145022.000 0 0 0.000 0.000 0.000 0.149 0 1 0 0 0 0
 141 82910.000 58577.000 0 0 0.000 0.000 0.000 0.139 0 1 0 0 0 0
 142 133218.000 69529.000 0 0 0.000 0.000 0.000 0.130 0 1 0 0 0 0
 143 71591.000 135651.000 0 0 0.000 0.000 0.000 0.138 0 1 0 0 0 0
 144 102765.000 54888.000 0 0 0.000 0.000 0.000 0.153 0 1 0 0 0 0
 145 58562.000 80714.000 0 0 0.000 0.000 0.000 0.218 0 1 0 0 0 0
 146 59316.000 122260.000 0 0 0.000 0.000 0.000 0.135 0 1 0 0 0 0
 147 146140.000 97655.000 0 0 0.000 0.000 0.000 0.151 0 1 0 0 0 0
 148 140337.000 122821.000 0 0 0.000 0.000 0.000 0.133 0 1 0 0 0 0
 149 53605.000 105160.000 0 0 0.000 0.000 0.000 0.131 0 1 0 0 0 0
 150 117115.000 56826.000 0 0 0.000 0.000 0.000 0.151 0 1 0 0 0 0
 151 126473.000 138742.000 0 0 0.000 0.000 0.000 0.131 0 1 0 0 0 0
 152 102767.000 147028.000 0 0 0.000 0.000 0.000 0.137 0 1 0 0 0 0
 153 54259.000 89905.000 0 0 0.000 0.000 0.000 0.132 0 1 0 0 0 0
 154 107643.000 146594.000 0 0 0.000 0.000 0.000 0.148 0 1 0 0 0 0
 155 112540.000 145864.000 0 0 0.000 0.000 0.000 0.132 0 1 0 0 0 0
 156 111399.000 146109.000 0 0 0.000 0.000 0.000 0.133 0 1 0 0 0 0
 157 52715.000 101138.000 0 0 0.000 0.000 0.000 0.135 0 1 0 0 0 0
 158 112700.000 54634.000 0 0 0.000 0.000 0.000 0.156 0 1 0 0 0 0
 159 145232.000 85957.000 0 0 0.000 0.000 0.000 0.131 0 1 0 0 0 0
 160 134328.000 132872.000 0 0 0.000 0.000 0.000 0.151 0 1 0 0 0 0
 161 144242.000 118211.000 0 0 0.000 0.000 0.000 0.157 0 1 0 0 0 0
 162 114605.000 54602.000 0 0 0.000 0.000 0.000 0.132 0 1 0 0 0 0
 163 145783.000 85533.000 0 0 0.000 0.000 0.000 0.133 0 1 0 0 0 0
 164 82505.000 55092.000 0 0 0.000 0.000 0.000 0.155 0 1 0 0 0 0
 165 141870.000 125140.000 0 0 0.000 0.000 0.000 0.133 0 1 0 0 0 0
 166 106560.000 51943.000 0 0 0.000 0.000 0.000 0.145 0 1 0 0 0 0
 167 128800.000 60942.000 0 0 0.000 0.000 0.000 0.132 0 1 0 0 0 0
 168 66462.000 135744.000 0 0 0.000 0.000 0.000 0.141 0 1 0 0 0 0
 169 121776.000 144165.000 0 0 0.000 0.000 0.000 0.136 0 1 0 0 0 0
 170 147952.000 112042.000 0 0 0.000 0.000 0.000 0.138 0 1 0 0 0 0
 171 147476.000 86189.000 0 0 0.000 0.000 0.000 0.132 0 1 0 0 0 0
 172 52232.000 87142.000 0 0 0.000 0.000 0.000 0.137 0 1 0 0 0 0
 173 73016.000 58719.000 0 0 0.000 0.000 0.000 0.135 0 1 0 0 0 0
 174 60480.000 69065.000 0 0 0.000 0.000 0.000 0.133 0 1 0 0 0 0
 175 135018.000 136474.000 0 0 0.000 0.000 0.000 0.130 0 1 0 0 0 0
 176 56190.000 125169.000 0 0 0.000 0.000 0.000 0.133 0 1 0 0 0 0
 177 50731.000 111249.000 0 0 0.000 0.000 0.000 0.131 0 1 0 0 0 0
 178 53105.000 119754.000 0 0 0.000 0.000 0.000 0.158 0 1 0 0 0 0
 179 84812.000 148907.000 0 0 0.000 0.000 0.000 0.157 0 1 0 0 0 0
 180 120073.000 53214.000 0 0 0.000 0.000 0.000 0.147 0 1 0 0 0 0
 181 120416.000 147183.000 0 0 0.000 0.000 0.000 0.137 0 1 0 0 0 0
 182 101439.000 151895.000 0 0 0.000 0.000 0.000 0.157 0 1 0 0 0 0
 183 130341.000 58167.000 0 0 0.000 0.000 0.000 0.139 0 1 0 0 0 0
 184 149556.000 115764.000 0 0 0.000 0.000 0.000 0.149 0 1 0 0 0 0
 185 61726.000 65163.000 0 0 0.000 0.000 0.000 0.135 0 1 0 0 0 0
 186 60211.000 66497.000 0 0 0.000 0.000 0.000 0.137 0 1 0 0 0 0
 187 89038.000 49152.000 0 0 0.000 0.000 0.000 0.140 0 1 0 0 0 0
 188 151717.000 107396.000 0 0 0.000 0.000 0.000 0.134 0 1 0 0 0 0
 189 150995.000 111942.000 0 0 0.000 0.000 0.000 0.154 0 1 0 0 0 0
 190 51063.000 81339.000 0 0 0.000 0.000 0.000 0.152 0 1 0 0 0 0
 191 149701.000 117387.000 0 0 0.000 0.000 0.000 0.155 0 1 0 0 0 0
 192 61189.000 64678.000 0 0 0.000 0.000 0.000 0.140 0 1 0 0 0 0
 193 47201.000 102293.000 0 0 0.000 0.000 0.000 0.137 0 1 0 0 0 0
 194 88088.000 48561.000 0 0 0.000 0.000 0.000 0.163 0 1 0 0 0 0
 195 146069.000 73559.000 0 0 0.000 0.000 0.000 0.137 0 1 0 0 0 0
 196 72476.000 146156.000 0 0 0.000 0.000 0.000 0.144 0 1 0 0 0 0
 197 145377.000 70959.000 0 0 0.000 0.000 0.000 0.140 0 1 0 0 0 0
 198 130580.000 56718.000 0 0 0.000 0.000 0.000 200000.000 0 1 0 200 0 0
 199 46930.000 111376.000 0 0 0.000 0.000 0.000 0.155 0 1 0 0 0 0
 200 119050.000 151450.000 0 0 0.000 0.000 0.000 0.137 0 1 0 0 0 0
 201 154506.000 104760.000 0 0 0.000 0.000 0.000 0.131 0 1 0 0 0 0
 202 90827.000 154211.000 0 0 0.000 0.000 0.000 0.166 0 1 0 0 0 0
 203 134672.000 143196.000 0 0 0.000 0.000 0.000 0.147 0 1 0 0 0 0
 204 76465.000 150783.000 0 0 0.000 0.000 0.000 0.135 0 1 0 0 0 0
 205 130298.000 147220.000 0 0 0.000 0.000 0.000 0.137 0 1 0 0 0 0
 206 44390.000 105764.000 0 0 0.000 0.000 0.000 0.134 0 1 0 0 0 0
 207 145794.000 132878.000 0 0 0.000 0.000 0.000 0.138 0 1 0 0 0 0
 208 135198.000 56235.000 0 0 0.000 0.000 0.000 0.141 0 1 0 0 0 0
 209 45859.000 116593.000 0 0 0.000 0.000 0.000 0.134 0 1 0 0 0 0
 210 133969.000 145750.000 0 0 0.000 0.000 0.000 0.150 0 1 0 0 0 0
 211 44313.000 112556.000 0 0 0.000 0.000 0.000 0.134 0 1 0 0 0 0
 212 59894.000 59811.000 0 0 0.000 0.000 0.000 0.130 0 1 0 0 0 0
 213 111446.000 44145.000 0 0 0.000 0.000 0.000 0.139 0 1 0 0 0 0
 214 127767.000 150542.000 0 0 0.000 0.000 0.000 0.138 0 1 0 0 0 0
 215 59582.000 141205.000 0 0 0.000 0.000 0.000 0.133 0 1 0 0 0 0
 216 105588.000 157614.000 0 0 0.000 0.000 0.000 0.139 0 1 0 0 0 0
 217 125306.000 48248.000 0 0 0.000 0.000 0.000 0.131 0 1 0 0 0 0
 218 44842.000 117552.000 0 0 0.000 0.000 0.000 0.158 0 1 0 0 0 0
 219 75872.000 47545.000 0 0 0.000 0.000 0.000 0.167 0 1 0 0 0 0
 220 42091.000 104016.000 0 0 0.000 0.000 0.000 0.148 0 1 0 0 0 0
 221 57814.000 59662.000 0 0 0.000 0.000 0.000 0.147 0 1 0 0 0 0
 222 151903.000 72760.000 0 0 0.000 0.000 0.000 0.139 0 1 0 0 0 0
 223 43866.000 80988.000 0 0 0.000 0.000 0.000 0.143 0 1 0 0 0 0
 224 112600.000 158574.000 0 0 0.000 0.000 0.000 0.135 0 1 0 0 0 0
 225 132415.000 50053.000 0 0 0.000 0.000 0.000 0.136 0 1 0 0 0 0
 226 68921.000 49058.000 0 0 0.000 0.000 0.000 0.156 0 1 0 0 0 0
 227 156047.000 121554.000 0 0 0.000 0.000 0.000 0.147 0 1 0 0 0 0
 228 112550.000 41450.000 0 0 0.000 0.000 0.000 0.162 0 1 0 0 0 0
 229 158443.000 114407.000 0 0 0.000 0.000 0.000 0.137 0 1 0 0 0 0
 230 53349.000 61275.000 0 0 0.000 0.000 0.000 0.162 0 1 0 0 0 0
 231 40041.000 112386.000 0 0 0.000 0.000 0.000 0.134 0 1 0 0 0 0
 232 47100.000 131209.000 0 0 0.000 0.000 0.000 0.149 0 1 0 0 0 0
 233 94844.000 39168.000 0 0 0.000 0.000 0.000 0.137 0 1 0 0 0 0
 234 64020.000 50440.000 0 0 0.000 0.000 0.000 0.143 0 1 0 0 0 0
 235 93438.000 39032.000 0 0 0.000 0.000 0.000 0.146 0 1 0 0 0 0
 236 160024.000 86673.000 0 0 0.000 0.000 0.000 0.135 0 1 0 0 0 0
 237 154927.000 128280.000 0 0 0.000 0.000 0.000 0.133 0 1 0 0 0 0
 238 161878.000 94474.000 0 0 0.000 0.000 0.000 0.134 0 1 0 0 0 0
 239 119355.000 159971.000 0 0 0.000 0.000 0.000 0.142 0 1 0 0 0 0
 240 41488.000 123684.000 0 0 0.000 0.000 0.000 0.150 0 1 0 0 0 0
 241 116802.000 39502.000 0 0 0.000 0.000 0.000 0.138 0 1 0 0 0 0
 242 115723.000 161362.000 0 0 0.000 0.000 0.000 0.138 0 1 0 0 0 0
 243 84795.000 38689.000 0 0 0.000 0.000 0.000 0.131 0 1 0 0 0 0
 244 159978.000 79788.000 0 0 0.000 0.000 0.000 0.138 0 1 0 0 0 0
 245 122866.000 159571.000 0 0 0.000 0.000 0.000 0.135 0 1 0 0 0 0
 246 113714.000 162321.000 0 0 0.000 0.000 0.000 0.133 0 1 0 0 0 0
 247 65375.000 153929.000 0 0 0.000 0.000 0.000 0.133 0 1 0 0 0 0
 248 138796.000 49476.000 0 0 0.000 0.000 0.000 0.141 0 1 0 0 0 0
 249 61327.000 151152.000 0 0 0.000 0.000 0.000 0.158 0 1 0 0 0 0
 250 149118.000 58822.000 0 0 0.000 0.000 0.000 0.131 0 1 0 0 0 0
 251 37963.000 82407.000 0 0 0.000 0.000 0.000 0.130 0 1 0 0 0 0
 252 111286.000 36671.000 0 0 0.000 0.000 0.000 0.130 0 1 0 0 0 0
 253 99529.000 164905.000 0 0 0.000 0.000 0.000 0.132 0 1 0 0 0 0
 254 151662.000 59978.000 0 0 0.000 0.000 0.000 0.135 0 1 0 0 0 0
 255 53134.000 146147.000 0 0 0.000 0.000 0.000 0.146 0 1 0 0 0 0
 256 151694.000 140685.000 0 0 0.000 0.000 0.000 0.146 0 1 0 0 0 0
 257 54596.000 147770.000 0 0 0.000 0.000 0.000 0.140 0 1 0 0 0 0
 258 34618.000 91741.000 0 0 0.000 0.000 0.000 0.154 0 1 0 0 0 0
 259 150467.000 142847.000 0 0 0.000 0.000 0.000 0.136 0 1 0 0 0 0
 260 128836.000 40723.000 0 0 0.000 0.000 0.000 0.147 0 1 0 0 0 0
 261 64518.000 156042.000 0 0 0.000 0.000 0.000 0.157 0 1 0 0 0 0
 262 34152.000 109021.000 0 0 0.000 0.000 0.000 0.132 0 1 0 0 0 0
 263 103316.000 166582.000 0 0 0.000 0.000 0.000 0.162 0 1 0 0 0 0
 264 164163.000 118830.000 0 0 0.000 0.000 0.000 0.138 0 1 0 0 0 0
 265 53317.000 148679.000 0 0 0.000 0.000 0.000 0.145 0 1 0 0 0 0
 266 167264.000 97641.000 0 0 0.000 0.000 0.000 0.151 0 1 0 0 0 0
 267 104912.000 32765.000 0 0 0.000 0.000 0.000 0.132 0 1 0 0 0 0
 268 167214.000 108229.000 0 0 0.000 0.000 0.000 0.155 0 1 0 0 0 0
 269 31349.000 101965.000 0 0 0.000 0.000 0.000 0.135 0 1 0 0 0 0
 270 98280.000 31665.000 0 0 0.000 0.000 0.000 0.132 0 1 0 0 0 0
 271 126883.000 163631.000 0 0 0.000 0.000 0.000 0.153 0 1 0 0 0 0
 272 140550.000 156479.000 0 0 0.000 0.000 0.000 0.146 0 1 0 0 0 0
 273 169064.000 110123.000 0 0 0.000 0.000 0.000 0.157 0 1 0 0 0 0
 274 31739.000 83701.000 0 0 0.000 0.000 0.000 0.158 0 1 0 0 0 0
 275 78117.000 33367.000 0 0 0.000 0.000 0.000 0.138 0 1 0 0 0 0
 276 87632.000 169711.000 0 0 0.000 0.000 0.000 0.151 0 1 0 0 0 0
 277 66577.000 37405.000 0 0 0.000 0.000 0.000 0.130 0 1 0 0 0 0
 278 28546.000 101777.000 0 0 0.000 0.000 0.000 0.133 0 1 0 0 0 0
 279 141654.000 158455.000 0 0 0.000 0.000 0.000 0.139 0 1 0 0 0 0
 280 165456.000 71119.000 0 0 0.000 0.000 0.000 0.130 0 1 0 0 0 0
 281 85652.000 170758.000 0 0 0.000 0.000 0.000 0.140 0 1 0 0 0 0
 282 165111.000 69303.000 0 0 0.000 0.000 0.000 0.142 0 1 0 0 0 0
 283 171798.000 107996.000 0 0 0.000 0.000 0.000 0.133 0 1 0 0 0 0
 284 44839.000 53200.000 0 0 0.000 0.000 0.000 0.146 0 1 0 0 0 0
 285 150201.000 47635.000 0 0 0.000 0.000 0.000 0.150 0 1 0 0 0 0
 286 84232.000 28892.000 0 0 0.000 0.000 0.000 0.131 0 1 0 0 0 0
 287 163815.000 63165.000 0 0 0.000 0.000 0.000 0.144 0 1 0 0 0 0
 288 51745.000 155545.000 0 0 0.000 0.000 0.000 200000.000 0 1 0 200 0 0
 289 66381.000 33773.000 0 0 0.000 0.000 0.000 0.138 0 1 0 0 0 0
 290 159249.000 54148.000 0 0 0.000 0.000 0.000 0.133 0 1 0 0 0 0
 291 25668.000 112937.000 0 0 0.000 0.000 0.000 0.131 0 1 0 0 0 0
 292 27028.000 80892.000 0 0 0.000 0.000 0.000 0.139 0 1 0 0 0 0
 293 24222.000 91166.000 0 0 0.000 0.000 0.000 0.143 0 1 0 0 0 0
 294 161349.000 54827.000 0 0 0.000 0.000 0.000 0.134 0 1 0 0 0 0
 295 162515.000 144352.000 0 0 0.000 0.000 0.000 0.148 0 1 0 0 0 0
 296 143732.000 163016.000 0 0 0.000 0.000 0.000 0.136 0 1 0 0 0 0
 297 171648.000 72267.000 0 0 0.000 0.000 0.000 0.130 0 1 0 0 0 0
 298 79528.000 175383.000 0 0 0.000 0.000 0.000 200000.000 0 1 0 200 0 0
 299 171850.000 70655.000 0 0 0.000 0.000 0.000 0.134 0 1 0 0 0 0
 300 135189.000 27869.000 0 0 0.000 0.000 0.000 0.149 0 1 0 0 0 0
 301 145138.000 167199.000 0 0 0.000 0.000 0.000 0.138 0 1 0 0 0 0
 302 121143.000 178688.000 0 0 0.000 0.000 0.000 0.139 0 1 0 0 0 0
 303 172054.000 137955.000 0 0 0.000 0.000 0.000 0.134 0 1 0 0 0 0
 304 95974.000 18332.000 0 0 0.000 0.000 0.000 0.130 0 1 0 0 0 0
 305 41971.000 159252.000 0 0 0.000 0.000 0.000 0.133 0 1 0 0 0 0
 306 17385.000 101620.000 0 0 0.000 0.000 0.000 0.131 0 1 0 0 0 0
 307 21080.000 127836.000 0 0 0.000 0.000 0.000 0.143 0 1 0 0 0 0
 308 84491.000 182968.000 0 0 0.000 0.000 0.000 200000.000 0 1 0 200 0 0
 309 109048.000 184081.000 0 0 0.000 0.000 0.000 200000.000 0 1 0 200 0 0
 310 84563.000 182585.000 0 0 0.000 0.000 0.000 200000.000 0 1 0 200 0 0
 311 132661.000 21844.000 0 0 0.000 0.000 0.000 0.138 0 1 0 0 0 0
 312 85773.000 14361.000 0 0 0.000 0.000 0.000 0.133 0 1 0 0 0 0
 313 142493.000 177799.000 0 0 0.000 0.000 0.000 0.131 0 1 0 0 0 0
 314 169366.000 159775.000 0 0 0.000 0.000 0.000 0.200 0 1 0 0 0 0;
ProcessEquipmentIDList 1
  "R375" ;
SummarySpec 5
  TESTNO    NDEFECT    DEFDENSITY    NDIE    NDEFDIE  ;
SummaryList 
  1    314    1.148    1    1  ;
EndOfFile;
