FileVersion 1 2;
FileTimestamp 01-01-26 19:26:35;
InspectionStationID "KLA-Tencor" "SFSSP1" "0901-0728-TBI";
SampleType WAFER;
ResultTimestamp 01-01-26 19:19:16;
LotID "2580";
SampleSize 1 200;
DeviceID "None";
SetupID "T2-2580NR" 01-01-26 19:19:16;
StepID "6391P";
SampleOrientationMarkType NOTCH;
OrientationMarkLocation DOWN;
DiePitch 200000 200000;
DieOrigin 0 0;
WaferID "10";
Slot 10;
SampleCenterLocation 100000 100000;
ClassLookup 1
  0 "0"  ;
OrientationInstructions "Front";
CoordinatesMirrored No;
InspectionTest 1;
SampleTestPlan 1
  0 0 ;
AreaPerTest 2.73512e+010;
DefectRecordSpec 15 DEFECTID XREL YREL XINDEX YINDEX XSIZE YSIZE DEFECTAREA DSIZE CLASSNUMBER TEST CLUSTERNUMBER ROUGHBINNUMBER FINEBINNUMBER REVIEWSAMPLE ;
DefectList
 1 95777.000 97588.000 0 0 0.000 0.000 0.000 0.134 0 1 0 0 0 0
 2 104422.000 99141.000 0 0 0.000 0.000 0.000 0.133 0 1 0 0 0 0
 3 93859.000 99372.000 0 0 0.000 0.000 0.000 0.134 0 1 0 0 0 0
 4 91831.000 98120.000 0 0 0.000 0.000 0.000 0.130 0 1 0 0 0 0
 5 89844.000 98877.000 0 0 0.000 0.000 0.000 0.131 0 1 0 0 0 0
 6 107449.000 93531.000 0 0 0.000 0.000 0.000 0.136 0 1 0 0 0 0
 7 89875.000 107737.000 0 0 0.000 0.000 0.000 0.133 0 1 0 0 0 0
 8 112368.000 103080.000 0 0 0.000 0.000 0.000 0.138 0 1 0 0 0 0
 9 91223.000 109935.000 0 0 0.000 0.000 0.000 0.143 0 1 0 0 0 0
 10 91215.000 90245.000 0 0 0.000 0.000 0.000 0.163 0 1 0 0 0 0
 11 92267.000 88032.000 0 0 0.000 0.000 0.000 0.132 0 1 0 0 0 0
 12 93806.000 86677.000 0 0 0.000 0.000 0.000 0.144 0 1 0 0 0 0
 13 113894.000 89199.000 0 0 0.000 0.000 0.000 0.141 0 1 0 0 0 0
 14 114132.000 89636.000 0 0 0.000 0.000 0.000 0.130 0 1 0 0 0 0
 15 81661.000 99868.000 0 0 0.000 0.000 0.000 0.142 0 1 0 0 0 0
 16 100113.000 81561.000 0 0 0.000 0.000 0.000 0.135 0 1 0 0 0 0
 17 97614.000 118438.000 0 0 0.000 0.000 0.000 0.141 0 1 0 0 0 0
 18 91034.000 83059.000 0 0 0.000 0.000 0.000 0.140 0 1 0 0 0 0
 19 108928.000 82845.000 0 0 0.000 0.000 0.000 0.133 0 1 0 0 0 0
 20 103311.000 119677.000 0 0 0.000 0.000 0.000 0.138 0 1 0 0 0 0
 21 80003.000 95396.000 0 0 0.000 0.000 0.000 0.143 0 1 0 0 0 0
 22 111467.000 83552.000 0 0 0.000 0.000 0.000 0.144 0 1 0 0 0 0
 23 87522.000 117506.000 0 0 0.000 0.000 0.000 0.136 0 1 0 0 0 0
 24 88420.000 81880.000 0 0 0.000 0.000 0.000 0.137 0 1 0 0 0 0
 25 121177.000 94852.000 0 0 0.000 0.000 0.000 0.142 0 1 0 0 0 0
 26 114630.000 83276.000 0 0 0.000 0.000 0.000 0.134 0 1 0 0 0 0
 27 104038.000 122845.000 0 0 0.000 0.000 0.000 0.135 0 1 0 0 0 0
 28 76420.000 99348.000 0 0 0.000 0.000 0.000 0.133 0 1 0 0 0 0
 29 110854.000 79464.000 0 0 0.000 0.000 0.000 0.141 0 1 0 0 0 0
 30 118691.000 113873.000 0 0 0.000 0.000 0.000 0.146 0 1 0 0 0 0
 31 117742.000 84906.000 0 0 0.000 0.000 0.000 0.143 0 1 0 0 0 0
 32 123221.000 104880.000 0 0 0.000 0.000 0.000 0.130 0 1 0 0 0 0
 33 77336.000 108553.000 0 0 0.000 0.000 0.000 0.135 0 1 0 0 0 0
 34 117560.000 116498.000 0 0 0.000 0.000 0.000 200000.000 0 1 0 200 0 0
 35 76167.000 93239.000 0 0 0.000 0.000 0.000 0.138 0 1 0 0 0 0
 36 86399.000 120764.000 0 0 0.000 0.000 0.000 0.131 0 1 0 0 0 0
 37 75135.000 95657.000 0 0 0.000 0.000 0.000 0.131 0 1 0 0 0 0
 38 123494.000 90011.000 0 0 0.000 0.000 0.000 0.135 0 1 0 0 0 0
 39 118434.000 82109.000 0 0 0.000 0.000 0.000 0.134 0 1 0 0 0 0
 40 118705.000 82247.000 0 0 0.000 0.000 0.000 0.138 0 1 0 0 0 0
 41 91625.000 124723.000 0 0 0.000 0.000 0.000 0.133 0 1 0 0 0 0
 42 126372.000 94042.000 0 0 0.000 0.000 0.000 0.130 0 1 0 0 0 0
 43 129032.000 93633.000 0 0 0.000 0.000 0.000 0.140 0 1 0 0 0 0
 44 72958.000 85607.000 0 0 0.000 0.000 0.000 0.140 0 1 0 0 0 0
 45 72448.000 113890.000 0 0 0.000 0.000 0.000 0.148 0 1 0 0 0 0
 46 92620.000 69656.000 0 0 0.000 0.000 0.000 0.133 0 1 0 0 0 0
 47 111579.000 71208.000 0 0 0.000 0.000 0.000 0.146 0 1 0 0 0 0
 48 121631.000 77989.000 0 0 0.000 0.000 0.000 0.162 0 1 0 0 0 0
 49 103781.000 68853.000 0 0 0.000 0.000 0.000 0.132 0 1 0 0 0 0
 50 67936.000 106648.000 0 0 0.000 0.000 0.000 0.146 0 1 0 0 0 0
 51 77558.000 76373.000 0 0 0.000 0.000 0.000 0.137 0 1 0 0 0 0
 52 67138.000 103291.000 0 0 0.000 0.000 0.000 0.136 0 1 0 0 0 0
 53 132044.000 105793.000 0 0 0.000 0.000 0.000 0.143 0 1 0 0 0 0
 54 69959.000 86237.000 0 0 0.000 0.000 0.000 0.134 0 1 0 0 0 0
 55 119271.000 127056.000 0 0 0.000 0.000 0.000 0.130 0 1 0 0 0 0
 56 105416.000 67122.000 0 0 0.000 0.000 0.000 0.134 0 1 0 0 0 0
 57 134975.000 102352.000 0 0 0.000 0.000 0.000 0.146 0 1 0 0 0 0
 58 96342.000 135614.000 0 0 0.000 0.000 0.000 0.132 0 1 0 0 0 0
 59 64189.000 96009.000 0 0 0.000 0.000 0.000 0.138 0 1 0 0 0 0
 60 67406.000 82444.000 0 0 0.000 0.000 0.000 0.141 0 1 0 0 0 0
 61 79390.000 68610.000 0 0 0.000 0.000 0.000 0.144 0 1 0 0 0 0
 62 87879.000 64464.000 0 0 0.000 0.000 0.000 0.130 0 1 0 0 0 0
 63 78232.000 68995.000 0 0 0.000 0.000 0.000 0.144 0 1 0 0 0 0
 64 133825.000 117410.000 0 0 0.000 0.000 0.000 0.136 0 1 0 0 0 0
 65 126803.000 72669.000 0 0 0.000 0.000 0.000 0.138 0 1 0 0 0 0
 66 60997.000 98051.000 0 0 0.000 0.000 0.000 0.149 0 1 0 0 0 0
 67 97376.000 60710.000 0 0 0.000 0.000 0.000 0.133 0 1 0 0 0 0
 68 100179.000 60032.000 0 0 0.000 0.000 0.000 0.142 0 1 0 0 0 0
 69 82803.000 136702.000 0 0 0.000 0.000 0.000 0.134 0 1 0 0 0 0
 70 136453.000 82095.000 0 0 0.000 0.000 0.000 0.139 0 1 0 0 0 0
 71 105811.000 140646.000 0 0 0.000 0.000 0.000 0.144 0 1 0 0 0 0
 72 109310.000 140095.000 0 0 0.000 0.000 0.000 0.153 0 1 0 0 0 0
 73 132673.000 124830.000 0 0 0.000 0.000 0.000 0.131 0 1 0 0 0 0
 74 137381.000 82264.000 0 0 0.000 0.000 0.000 0.132 0 1 0 0 0 0
 75 113141.000 139610.000 0 0 0.000 0.000 0.000 0.141 0 1 0 0 0 0
 76 57957.000 97501.000 0 0 0.000 0.000 0.000 0.141 0 1 0 0 0 0
 77 142340.000 102634.000 0 0 0.000 0.000 0.000 0.132 0 1 0 0 0 0
 78 57324.000 91769.000 0 0 0.000 0.000 0.000 0.142 0 1 0 0 0 0
 79 127706.000 133826.000 0 0 0.000 0.000 0.000 0.140 0 1 0 0 0 0
 80 136382.000 75524.000 0 0 0.000 0.000 0.000 0.138 0 1 0 0 0 0
 81 122883.000 61897.000 0 0 0.000 0.000 0.000 0.137 0 1 0 0 0 0
 82 109757.000 56398.000 0 0 0.000 0.000 0.000 0.130 0 1 0 0 0 0
 83 59301.000 80132.000 0 0 0.000 0.000 0.000 0.134 0 1 0 0 0 0
 84 106091.000 55267.000 0 0 0.000 0.000 0.000 0.132 0 1 0 0 0 0
 85 67619.000 67475.000 0 0 0.000 0.000 0.000 0.132 0 1 0 0 0 0
 86 144885.000 91044.000 0 0 0.000 0.000 0.000 0.130 0 1 0 0 0 0
 87 58888.000 77733.000 0 0 0.000 0.000 0.000 0.139 0 1 0 0 0 0
 88 144855.000 86484.000 0 0 0.000 0.000 0.000 0.139 0 1 0 0 0 0
 89 83937.000 55407.000 0 0 0.000 0.000 0.000 0.140 0 1 0 0 0 0
 90 139116.000 127899.000 0 0 0.000 0.000 0.000 0.130 0 1 0 0 0 0
 91 84605.000 54207.000 0 0 0.000 0.000 0.000 0.132 0 1 0 0 0 0
 92 80498.000 54960.000 0 0 0.000 0.000 0.000 0.135 0 1 0 0 0 0
 93 91605.000 148608.000 0 0 0.000 0.000 0.000 0.141 0 1 0 0 0 0
 94 99919.000 50832.000 0 0 0.000 0.000 0.000 0.138 0 1 0 0 0 0
 95 110005.000 51560.000 0 0 0.000 0.000 0.000 0.136 0 1 0 0 0 0
 96 137258.000 67754.000 0 0 0.000 0.000 0.000 0.130 0 1 0 0 0 0
 97 137992.000 68693.000 0 0 0.000 0.000 0.000 0.130 0 1 0 0 0 0
 98 147362.000 85631.000 0 0 0.000 0.000 0.000 0.151 0 1 0 0 0 0
 99 109795.000 50949.000 0 0 0.000 0.000 0.000 0.137 0 1 0 0 0 0
 100 54930.000 76710.000 0 0 0.000 0.000 0.000 0.136 0 1 0 0 0 0
 101 106636.000 49707.000 0 0 0.000 0.000 0.000 0.154 0 1 0 0 0 0
 102 49237.000 92873.000 0 0 0.000 0.000 0.000 0.160 0 1 0 0 0 0
 103 49934.000 89268.000 0 0 0.000 0.000 0.000 0.142 0 1 0 0 0 0
 104 146872.000 78642.000 0 0 0.000 0.000 0.000 0.146 0 1 0 0 0 0
 105 54443.000 127758.000 0 0 0.000 0.000 0.000 0.136 0 1 0 0 0 0
 106 119789.000 149481.000 0 0 0.000 0.000 0.000 0.141 0 1 0 0 0 0
 107 136930.000 139623.000 0 0 0.000 0.000 0.000 0.140 0 1 0 0 0 0
 108 106103.000 153854.000 0 0 0.000 0.000 0.000 0.131 0 1 0 0 0 0
 109 47395.000 83245.000 0 0 0.000 0.000 0.000 0.132 0 1 0 0 0 0
 110 144851.000 68402.000 0 0 0.000 0.000 0.000 0.133 0 1 0 0 0 0
 111 149180.000 127883.000 0 0 0.000 0.000 0.000 0.138 0 1 0 0 0 0
 112 155391.000 86111.000 0 0 0.000 0.000 0.000 0.130 0 1 0 0 0 0
 113 69971.000 151831.000 0 0 0.000 0.000 0.000 0.130 0 1 0 0 0 0
 114 159547.000 105876.000 0 0 0.000 0.000 0.000 0.136 0 1 0 0 0 0
 115 110371.000 40901.000 0 0 0.000 0.000 0.000 0.140 0 1 0 0 0 0
 116 146400.000 61938.000 0 0 0.000 0.000 0.000 0.146 0 1 0 0 0 0
 117 154695.000 74986.000 0 0 0.000 0.000 0.000 0.133 0 1 0 0 0 0
 118 107353.000 39263.000 0 0 0.000 0.000 0.000 0.135 0 1 0 0 0 0
 119 74449.000 157154.000 0 0 0.000 0.000 0.000 0.133 0 1 0 0 0 0
 120 85311.000 39179.000 0 0 0.000 0.000 0.000 0.133 0 1 0 0 0 0
 121 37898.000 110280.000 0 0 0.000 0.000 0.000 0.132 0 1 0 0 0 0
 122 103230.000 37078.000 0 0 0.000 0.000 0.000 0.132 0 1 0 0 0 0
 123 81946.000 161509.000 0 0 0.000 0.000 0.000 0.139 0 1 0 0 0 0
 124 75016.000 39029.000 0 0 0.000 0.000 0.000 0.220 0 1 0 0 0 0
 125 46959.000 139845.000 0 0 0.000 0.000 0.000 0.137 0 1 0 0 0 0
 126 31344.000 84074.000 0 0 0.000 0.000 0.000 0.136 0 1 0 0 0 0
 127 35954.000 70505.000 0 0 0.000 0.000 0.000 0.131 0 1 0 0 0 0
 128 170839.000 89528.000 0 0 0.000 0.000 0.000 0.139 0 1 0 0 0 0
 129 129291.000 165795.000 0 0 0.000 0.000 0.000 0.143 0 1 0 0 0 0
 130 169451.000 127413.000 0 0 0.000 0.000 0.000 0.141 0 1 0 0 0 0
 131 138271.000 164426.000 0 0 0.000 0.000 0.000 0.137 0 1 0 0 0 0
 132 178333.000 83734.000 0 0 0.000 0.000 0.000 0.133 0 1 0 0 0 0;
ProcessEquipmentIDList 1
  "R375" ;
SummarySpec 5
  TESTNO    NDEFECT    DEFDENSITY    NDIE    NDEFDIE  ;
SummaryList 
  1    132    0.4826    1    1  ;
EndOfFile;
