FileVersion 1 2;
FileTimestamp 01-01-26 19:17:52;
InspectionStationID "KLA-Tencor" "SFSSP1" "0901-0728-TBI";
SampleType WAFER;
ResultTimestamp 01-01-26 19:04:19;
LotID "2580";
SampleSize 1 200;
DeviceID "None";
SetupID "T2-2580NR" 01-01-26 19:04:19;
StepID "6391P";
SampleOrientationMarkType NOTCH;
OrientationMarkLocation DOWN;
DiePitch 200000 200000;
DieOrigin 0 0;
WaferID "23";
Slot 23;
SampleCenterLocation 100000 100000;
ClassLookup 1
  0 "0"  ;
OrientationInstructions "Front";
CoordinatesMirrored No;
InspectionTest 1;
SampleTestPlan 1
  0 0 ;
AreaPerTest 2.73517e+010;
DefectRecordSpec 15 DEFECTID XREL YREL XINDEX YINDEX XSIZE YSIZE DEFECTAREA DSIZE CLASSNUMBER TEST CLUSTERNUMBER ROUGHBINNUMBER FINEBINNUMBER REVIEWSAMPLE ;
DefectList
 1 99283.000 98101.000 0 0 0.000 0.000 0.000 200000.000 0 1 0 200 0 0
 2 96561.000 102255.000 0 0 0.000 0.000 0.000 0.152 0 1 0 0 0 0
 3 105646.000 97753.000 0 0 0.000 0.000 0.000 200000.000 0 1 0 200 0 0
 4 101367.000 108620.000 0 0 0.000 0.000 0.000 0.150 0 1 0 0 0 0
 5 108874.000 93446.000 0 0 0.000 0.000 0.000 0.139 0 1 0 0 0 0
 6 98474.000 110507.000 0 0 0.000 0.000 0.000 0.160 0 1 0 0 0 0
 7 98939.000 111796.000 0 0 0.000 0.000 0.000 0.269 0 1 0 0 0 0
 8 98925.000 86300.000 0 0 0.000 0.000 0.000 0.130 0 1 0 0 0 0
 9 109596.000 89969.000 0 0 0.000 0.000 0.000 0.132 0 1 0 0 0 0
 10 93724.000 112235.000 0 0 0.000 0.000 0.000 0.150 0 1 0 0 0 0
 11 113952.000 97374.000 0 0 0.000 0.000 0.000 200000.000 0 1 0 200 0 0
 12 88319.000 91445.000 0 0 0.000 0.000 0.000 0.157 0 1 0 0 0 0
 13 114894.000 97945.000 0 0 0.000 0.000 0.000 200000.000 0 1 0 200 0 0
 14 90634.000 87552.000 0 0 0.000 0.000 0.000 0.145 0 1 0 0 0 0
 15 115301.000 103570.000 0 0 0.000 0.000 0.000 0.152 0 1 0 0 0 0
 16 115812.000 98598.000 0 0 0.000 0.000 0.000 200000.000 0 1 0 200 0 0
 17 111249.000 111767.000 0 0 0.000 0.000 0.000 0.140 0 1 0 0 0 0
 18 90754.000 114490.000 0 0 0.000 0.000 0.000 0.153 0 1 0 0 0 0
 19 117191.000 102801.000 0 0 0.000 0.000 0.000 0.131 0 1 0 0 0 0
 20 97247.000 117666.000 0 0 0.000 0.000 0.000 0.134 0 1 0 0 0 0
 21 104726.000 81881.000 0 0 0.000 0.000 0.000 0.138 0 1 0 0 0 0
 22 118065.000 100059.000 0 0 0.000 0.000 0.000 200000.000 0 1 0 200 0 0
 23 92399.000 116899.000 0 0 0.000 0.000 0.000 0.130 0 1 0 0 0 0
 24 104272.000 118227.000 0 0 0.000 0.000 0.000 0.159 0 1 0 0 0 0
 25 95432.000 80988.000 0 0 0.000 0.000 0.000 0.142 0 1 0 0 0 0
 26 81568.000 106136.000 0 0 0.000 0.000 0.000 0.145 0 1 0 0 0 0
 27 91666.000 117736.000 0 0 0.000 0.000 0.000 0.145 0 1 0 0 0 0
 28 100665.000 79929.000 0 0 0.000 0.000 0.000 0.132 0 1 0 0 0 0
 29 119133.000 92917.000 0 0 0.000 0.000 0.000 0.140 0 1 0 0 0 0
 30 117074.000 111679.000 0 0 0.000 0.000 0.000 0.138 0 1 0 0 0 0
 31 120838.000 102507.000 0 0 0.000 0.000 0.000 0.131 0 1 0 0 0 0
 32 119305.000 91038.000 0 0 0.000 0.000 0.000 0.135 0 1 0 0 0 0
 33 120919.000 93834.000 0 0 0.000 0.000 0.000 0.131 0 1 0 0 0 0
 34 83168.000 114303.000 0 0 0.000 0.000 0.000 0.136 0 1 0 0 0 0
 35 104467.000 77950.000 0 0 0.000 0.000 0.000 0.138 0 1 0 0 0 0
 36 106681.000 78570.000 0 0 0.000 0.000 0.000 0.146 0 1 0 0 0 0
 37 78042.000 103868.000 0 0 0.000 0.000 0.000 0.150 0 1 0 0 0 0
 38 122060.000 101754.000 0 0 0.000 0.000 0.000 200000.000 0 1 0 200 0 0
 39 85786.000 81636.000 0 0 0.000 0.000 0.000 0.140 0 1 0 0 0 0
 40 122679.000 102378.000 0 0 0.000 0.000 0.000 200000.000 0 1 0 200 0 0
 41 119228.000 86981.000 0 0 0.000 0.000 0.000 0.153 0 1 0 0 0 0
 42 114447.000 117684.000 0 0 0.000 0.000 0.000 0.152 0 1 0 0 0 0
 43 92934.000 121926.000 0 0 0.000 0.000 0.000 0.142 0 1 0 0 0 0
 44 123452.000 102753.000 0 0 0.000 0.000 0.000 200000.000 0 1 0 200 0 0
 45 77054.000 107872.000 0 0 0.000 0.000 0.000 0.140 0 1 0 0 0 0
 46 84783.000 79981.000 0 0 0.000 0.000 0.000 0.144 0 1 0 0 0 0
 47 78050.000 112148.000 0 0 0.000 0.000 0.000 0.137 0 1 0 0 0 0
 48 97619.000 124963.000 0 0 0.000 0.000 0.000 0.138 0 1 0 0 0 0
 49 85300.000 120357.000 0 0 0.000 0.000 0.000 0.150 0 1 0 0 0 0
 50 115524.000 79720.000 0 0 0.000 0.000 0.000 0.133 0 1 0 0 0 0
 51 116258.000 80148.000 0 0 0.000 0.000 0.000 0.132 0 1 0 0 0 0
 52 121293.000 114429.000 0 0 0.000 0.000 0.000 0.149 0 1 0 0 0 0
 53 103026.000 125425.000 0 0 0.000 0.000 0.000 0.156 0 1 0 0 0 0
 54 86551.000 121985.000 0 0 0.000 0.000 0.000 0.133 0 1 0 0 0 0
 55 74421.000 105720.000 0 0 0.000 0.000 0.000 0.135 0 1 0 0 0 0
 56 126328.000 102825.000 0 0 0.000 0.000 0.000 0.136 0 1 0 0 0 0
 57 83195.000 78281.000 0 0 0.000 0.000 0.000 0.134 0 1 0 0 0 0
 58 106938.000 126228.000 0 0 0.000 0.000 0.000 0.141 0 1 0 0 0 0
 59 92616.000 73310.000 0 0 0.000 0.000 0.000 0.146 0 1 0 0 0 0
 60 82545.000 78245.000 0 0 0.000 0.000 0.000 0.150 0 1 0 0 0 0
 61 108676.000 73410.000 0 0 0.000 0.000 0.000 0.135 0 1 0 0 0 0
 62 127508.000 97794.000 0 0 0.000 0.000 0.000 0.150 0 1 0 0 0 0
 63 85274.000 123797.000 0 0 0.000 0.000 0.000 0.133 0 1 0 0 0 0
 64 127719.000 104389.000 0 0 0.000 0.000 0.000 200000.000 0 1 0 200 0 0
 65 82376.000 77742.000 0 0 0.000 0.000 0.000 0.138 0 1 0 0 0 0
 66 92239.000 72412.000 0 0 0.000 0.000 0.000 0.141 0 1 0 0 0 0
 67 127447.000 106548.000 0 0 0.000 0.000 0.000 0.148 0 1 0 0 0 0
 68 99788.000 71199.000 0 0 0.000 0.000 0.000 0.183 0 1 0 0 0 0
 69 129145.000 100377.000 0 0 0.000 0.000 0.000 0.148 0 1 0 0 0 0
 70 118600.000 122221.000 0 0 0.000 0.000 0.000 0.134 0 1 0 0 0 0
 71 107188.000 128682.000 0 0 0.000 0.000 0.000 0.141 0 1 0 0 0 0
 72 121786.000 78982.000 0 0 0.000 0.000 0.000 0.135 0 1 0 0 0 0
 73 76690.000 80360.000 0 0 0.000 0.000 0.000 0.148 0 1 0 0 0 0
 74 128139.000 110824.000 0 0 0.000 0.000 0.000 0.139 0 1 0 0 0 0
 75 115865.000 125914.000 0 0 0.000 0.000 0.000 0.140 0 1 0 0 0 0
 76 111497.000 71238.000 0 0 0.000 0.000 0.000 0.143 0 1 0 0 0 0
 77 68813.000 102144.000 0 0 0.000 0.000 0.000 0.137 0 1 0 0 0 0
 78 68628.000 102952.000 0 0 0.000 0.000 0.000 0.137 0 1 0 0 0 0
 79 123067.000 121457.000 0 0 0.000 0.000 0.000 0.132 0 1 0 0 0 0
 80 86446.000 128474.000 0 0 0.000 0.000 0.000 0.134 0 1 0 0 0 0
 81 71440.000 113717.000 0 0 0.000 0.000 0.000 0.141 0 1 0 0 0 0
 82 68642.000 105695.000 0 0 0.000 0.000 0.000 0.139 0 1 0 0 0 0
 83 101635.000 132009.000 0 0 0.000 0.000 0.000 0.212 0 1 0 0 0 0
 84 112798.000 129641.000 0 0 0.000 0.000 0.000 0.133 0 1 0 0 0 0
 85 67810.000 93911.000 0 0 0.000 0.000 0.000 0.160 0 1 0 0 0 0
 86 91115.000 67630.000 0 0 0.000 0.000 0.000 0.131 0 1 0 0 0 0
 87 70310.000 83799.000 0 0 0.000 0.000 0.000 0.136 0 1 0 0 0 0
 88 65893.000 99891.000 0 0 0.000 0.000 0.000 0.131 0 1 0 0 0 0
 89 124503.000 123577.000 0 0 0.000 0.000 0.000 0.154 0 1 0 0 0 0
 90 92182.000 66394.000 0 0 0.000 0.000 0.000 0.145 0 1 0 0 0 0
 91 131807.000 112420.000 0 0 0.000 0.000 0.000 0.141 0 1 0 0 0 0
 92 65504.000 101141.000 0 0 0.000 0.000 0.000 0.157 0 1 0 0 0 0
 93 116857.000 69690.000 0 0 0.000 0.000 0.000 0.142 0 1 0 0 0 0
 94 68580.000 85245.000 0 0 0.000 0.000 0.000 0.161 0 1 0 0 0 0
 95 88664.000 132548.000 0 0 0.000 0.000 0.000 0.133 0 1 0 0 0 0
 96 129129.000 118759.000 0 0 0.000 0.000 0.000 0.139 0 1 0 0 0 0
 97 65487.000 91584.000 0 0 0.000 0.000 0.000 0.142 0 1 0 0 0 0
 98 64642.000 92424.000 0 0 0.000 0.000 0.000 0.137 0 1 0 0 0 0
 99 83422.000 67828.000 0 0 0.000 0.000 0.000 0.158 0 1 0 0 0 0
 100 94841.000 63741.000 0 0 0.000 0.000 0.000 0.148 0 1 0 0 0 0
 101 136337.000 98857.000 0 0 0.000 0.000 0.000 0.161 0 1 0 0 0 0
 102 134809.000 109929.000 0 0 0.000 0.000 0.000 0.148 0 1 0 0 0 0
 103 67771.000 116813.000 0 0 0.000 0.000 0.000 0.130 0 1 0 0 0 0
 104 129376.000 77685.000 0 0 0.000 0.000 0.000 0.137 0 1 0 0 0 0
 105 67945.000 118310.000 0 0 0.000 0.000 0.000 0.153 0 1 0 0 0 0
 106 63411.000 106867.000 0 0 0.000 0.000 0.000 0.132 0 1 0 0 0 0
 107 64254.000 88159.000 0 0 0.000 0.000 0.000 0.137 0 1 0 0 0 0
 108 103212.000 62057.000 0 0 0.000 0.000 0.000 0.130 0 1 0 0 0 0
 109 79807.000 66646.000 0 0 0.000 0.000 0.000 0.154 0 1 0 0 0 0
 110 62523.000 89237.000 0 0 0.000 0.000 0.000 0.138 0 1 0 0 0 0
 111 102507.000 138684.000 0 0 0.000 0.000 0.000 0.130 0 1 0 0 0 0
 112 62518.000 112209.000 0 0 0.000 0.000 0.000 0.156 0 1 0 0 0 0
 113 138790.000 107244.000 0 0 0.000 0.000 0.000 0.133 0 1 0 0 0 0
 114 60841.000 92136.000 0 0 0.000 0.000 0.000 0.154 0 1 0 0 0 0
 115 137643.000 112762.000 0 0 0.000 0.000 0.000 0.167 0 1 0 0 0 0
 116 65316.000 119792.000 0 0 0.000 0.000 0.000 0.130 0 1 0 0 0 0
 117 59934.000 94416.000 0 0 0.000 0.000 0.000 0.161 0 1 0 0 0 0
 118 136135.000 81606.000 0 0 0.000 0.000 0.000 0.143 0 1 0 0 0 0
 119 62290.000 115578.000 0 0 0.000 0.000 0.000 0.153 0 1 0 0 0 0
 120 82493.000 137352.000 0 0 0.000 0.000 0.000 0.133 0 1 0 0 0 0
 121 57974.000 100599.000 0 0 0.000 0.000 0.000 0.137 0 1 0 0 0 0
 122 102645.000 57808.000 0 0 0.000 0.000 0.000 0.130 0 1 0 0 0 0
 123 130095.000 69910.000 0 0 0.000 0.000 0.000 0.165 0 1 0 0 0 0
 124 137163.000 79431.000 0 0 0.000 0.000 0.000 0.130 0 1 0 0 0 0
 125 100119.000 56969.000 0 0 0.000 0.000 0.000 0.133 0 1 0 0 0 0
 126 117083.000 139246.000 0 0 0.000 0.000 0.000 0.157 0 1 0 0 0 0
 127 133123.000 71993.000 0 0 0.000 0.000 0.000 0.201 0 1 0 0 0 0
 128 136906.000 76818.000 0 0 0.000 0.000 0.000 0.132 0 1 0 0 0 0
 129 69946.000 68113.000 0 0 0.000 0.000 0.000 0.131 0 1 0 0 0 0
 130 137430.000 76738.000 0 0 0.000 0.000 0.000 0.133 0 1 0 0 0 0
 131 91155.000 142990.000 0 0 0.000 0.000 0.000 0.141 0 1 0 0 0 0
 132 84358.000 58307.000 0 0 0.000 0.000 0.000 0.150 0 1 0 0 0 0
 133 144054.000 94381.000 0 0 0.000 0.000 0.000 0.137 0 1 0 0 0 0
 134 85149.000 57529.000 0 0 0.000 0.000 0.000 0.134 0 1 0 0 0 0
 135 140090.000 119514.000 0 0 0.000 0.000 0.000 0.151 0 1 0 0 0 0
 136 58727.000 81216.000 0 0 0.000 0.000 0.000 0.135 0 1 0 0 0 0
 137 143833.000 88113.000 0 0 0.000 0.000 0.000 0.132 0 1 0 0 0 0
 138 118894.000 141361.000 0 0 0.000 0.000 0.000 0.148 0 1 0 0 0 0
 139 61107.000 75335.000 0 0 0.000 0.000 0.000 0.138 0 1 0 0 0 0
 140 54151.000 104166.000 0 0 0.000 0.000 0.000 0.139 0 1 0 0 0 0
 141 143893.000 114051.000 0 0 0.000 0.000 0.000 0.142 0 1 0 0 0 0
 142 94671.000 145783.000 0 0 0.000 0.000 0.000 0.135 0 1 0 0 0 0
 143 78358.000 140642.000 0 0 0.000 0.000 0.000 0.131 0 1 0 0 0 0
 144 93826.000 53396.000 0 0 0.000 0.000 0.000 0.130 0 1 0 0 0 0
 145 143452.000 82612.000 0 0 0.000 0.000 0.000 0.154 0 1 0 0 0 0
 146 53367.000 106079.000 0 0 0.000 0.000 0.000 0.134 0 1 0 0 0 0
 147 119934.000 56294.000 0 0 0.000 0.000 0.000 0.133 0 1 0 0 0 0
 148 136917.000 130205.000 0 0 0.000 0.000 0.000 0.151 0 1 0 0 0 0
 149 133112.000 65115.000 0 0 0.000 0.000 0.000 0.206 0 1 0 0 0 0
 150 146726.000 88788.000 0 0 0.000 0.000 0.000 0.140 0 1 0 0 0 0
 151 104939.000 51818.000 0 0 0.000 0.000 0.000 0.146 0 1 0 0 0 0
 152 148281.000 101492.000 0 0 0.000 0.000 0.000 0.152 0 1 0 0 0 0
 153 123530.000 57301.000 0 0 0.000 0.000 0.000 0.154 0 1 0 0 0 0
 154 67922.000 136642.000 0 0 0.000 0.000 0.000 0.143 0 1 0 0 0 0
 155 85386.000 53113.000 0 0 0.000 0.000 0.000 0.150 0 1 0 0 0 0
 156 138213.000 131199.000 0 0 0.000 0.000 0.000 0.142 0 1 0 0 0 0
 157 143741.000 123858.000 0 0 0.000 0.000 0.000 0.135 0 1 0 0 0 0
 158 65252.000 136671.000 0 0 0.000 0.000 0.000 0.141 0 1 0 0 0 0
 159 106380.000 150200.000 0 0 0.000 0.000 0.000 0.152 0 1 0 0 0 0
 160 151152.000 94568.000 0 0 0.000 0.000 0.000 0.145 0 1 0 0 0 0
 161 71745.000 142939.000 0 0 0.000 0.000 0.000 0.138 0 1 0 0 0 0
 162 59212.000 132119.000 0 0 0.000 0.000 0.000 0.133 0 1 0 0 0 0
 163 152498.000 105061.000 0 0 0.000 0.000 0.000 0.138 0 1 0 0 0 0
 164 69029.000 56736.000 0 0 0.000 0.000 0.000 0.152 0 1 0 0 0 0
 165 121221.000 51188.000 0 0 0.000 0.000 0.000 0.138 0 1 0 0 0 0
 166 126504.000 145623.000 0 0 0.000 0.000 0.000 0.150 0 1 0 0 0 0
 167 142356.000 131896.000 0 0 0.000 0.000 0.000 0.153 0 1 0 0 0 0
 168 47650.000 88475.000 0 0 0.000 0.000 0.000 0.133 0 1 0 0 0 0
 169 139383.000 136226.000 0 0 0.000 0.000 0.000 0.136 0 1 0 0 0 0
 170 46852.000 109066.000 0 0 0.000 0.000 0.000 0.132 0 1 0 0 0 0
 171 47270.000 88588.000 0 0 0.000 0.000 0.000 0.144 0 1 0 0 0 0
 172 61158.000 62405.000 0 0 0.000 0.000 0.000 0.130 0 1 0 0 0 0
 173 115150.000 48073.000 0 0 0.000 0.000 0.000 0.132 0 1 0 0 0 0
 174 151764.000 84139.000 0 0 0.000 0.000 0.000 0.134 0 1 0 0 0 0
 175 75700.000 51038.000 0 0 0.000 0.000 0.000 0.143 0 1 0 0 0 0
 176 138140.000 138613.000 0 0 0.000 0.000 0.000 0.132 0 1 0 0 0 0
 177 154411.000 103813.000 0 0 0.000 0.000 0.000 0.140 0 1 0 0 0 0
 178 46171.000 89983.000 0 0 0.000 0.000 0.000 0.154 0 1 0 0 0 0
 179 74989.000 148545.000 0 0 0.000 0.000 0.000 0.132 0 1 0 0 0 0
 180 133490.000 143256.000 0 0 0.000 0.000 0.000 0.137 0 1 0 0 0 0
 181 148428.000 126430.000 0 0 0.000 0.000 0.000 0.133 0 1 0 0 0 0
 182 44295.000 102293.000 0 0 0.000 0.000 0.000 0.132 0 1 0 0 0 0
 183 94111.000 155529.000 0 0 0.000 0.000 0.000 0.140 0 1 0 0 0 0
 184 101265.000 43407.000 0 0 0.000 0.000 0.000 0.134 0 1 0 0 0 0
 185 63411.000 56503.000 0 0 0.000 0.000 0.000 0.134 0 1 0 0 0 0
 186 141332.000 61298.000 0 0 0.000 0.000 0.000 0.133 0 1 0 0 0 0
 187 145900.000 66257.000 0 0 0.000 0.000 0.000 200000.000 0 1 0 200 0 0
 188 48956.000 124908.000 0 0 0.000 0.000 0.000 0.155 0 1 0 0 0 0
 189 46460.000 119330.000 0 0 0.000 0.000 0.000 0.132 0 1 0 0 0 0
 190 44088.000 110350.000 0 0 0.000 0.000 0.000 0.130 0 1 0 0 0 0
 191 147889.000 68684.000 0 0 0.000 0.000 0.000 0.144 0 1 0 0 0 0
 192 101328.000 42283.000 0 0 0.000 0.000 0.000 0.141 0 1 0 0 0 0
 193 115034.000 44359.000 0 0 0.000 0.000 0.000 0.149 0 1 0 0 0 0
 194 150498.000 127020.000 0 0 0.000 0.000 0.000 0.137 0 1 0 0 0 0
 195 58447.000 59876.000 0 0 0.000 0.000 0.000 0.130 0 1 0 0 0 0
 196 157761.000 99696.000 0 0 0.000 0.000 0.000 0.158 0 1 0 0 0 0
 197 108340.000 157141.000 0 0 0.000 0.000 0.000 0.135 0 1 0 0 0 0
 198 136748.000 145091.000 0 0 0.000 0.000 0.000 0.152 0 1 0 0 0 0
 199 54510.000 62850.000 0 0 0.000 0.000 0.000 0.147 0 1 0 0 0 0
 200 53903.000 62347.000 0 0 0.000 0.000 0.000 0.149 0 1 0 0 0 0
 201 145441.000 61469.000 0 0 0.000 0.000 0.000 0.131 0 1 0 0 0 0
 202 67198.000 150077.000 0 0 0.000 0.000 0.000 0.133 0 1 0 0 0 0
 203 39771.000 92087.000 0 0 0.000 0.000 0.000 0.131 0 1 0 0 0 0
 204 159913.000 90714.000 0 0 0.000 0.000 0.000 0.133 0 1 0 0 0 0
 205 56224.000 142041.000 0 0 0.000 0.000 0.000 0.131 0 1 0 0 0 0
 206 48941.000 66752.000 0 0 0.000 0.000 0.000 0.134 0 1 0 0 0 0
 207 79515.000 41883.000 0 0 0.000 0.000 0.000 0.135 0 1 0 0 0 0
 208 158217.000 120199.000 0 0 0.000 0.000 0.000 0.144 0 1 0 0 0 0
 209 39990.000 84407.000 0 0 0.000 0.000 0.000 0.132 0 1 0 0 0 0
 210 74208.000 43164.000 0 0 0.000 0.000 0.000 0.148 0 1 0 0 0 0
 211 76219.000 157374.000 0 0 0.000 0.000 0.000 0.140 0 1 0 0 0 0
 212 160895.000 112815.000 0 0 0.000 0.000 0.000 0.131 0 1 0 0 0 0
 213 116659.000 159961.000 0 0 0.000 0.000 0.000 0.131 0 1 0 0 0 0
 214 159349.000 121195.000 0 0 0.000 0.000 0.000 0.147 0 1 0 0 0 0
 215 129148.000 155945.000 0 0 0.000 0.000 0.000 0.132 0 1 0 0 0 0
 216 156364.000 128615.000 0 0 0.000 0.000 0.000 0.136 0 1 0 0 0 0
 217 54665.000 144167.000 0 0 0.000 0.000 0.000 0.130 0 1 0 0 0 0
 218 78239.000 40041.000 0 0 0.000 0.000 0.000 0.162 0 1 0 0 0 0
 219 163207.000 105675.000 0 0 0.000 0.000 0.000 0.137 0 1 0 0 0 0
 220 150678.000 61133.000 0 0 0.000 0.000 0.000 0.130 0 1 0 0 0 0
 221 163616.000 103214.000 0 0 0.000 0.000 0.000 0.132 0 1 0 0 0 0
 222 61667.000 151054.000 0 0 0.000 0.000 0.000 0.144 0 1 0 0 0 0
 223 92822.000 36118.000 0 0 0.000 0.000 0.000 0.135 0 1 0 0 0 0
 224 107194.000 163770.000 0 0 0.000 0.000 0.000 0.152 0 1 0 0 0 0
 225 43120.000 131774.000 0 0 0.000 0.000 0.000 0.139 0 1 0 0 0 0
 226 123697.000 38719.000 0 0 0.000 0.000 0.000 0.133 0 1 0 0 0 0
 227 102884.000 34090.000 0 0 0.000 0.000 0.000 0.139 0 1 0 0 0 0
 228 149115.000 55775.000 0 0 0.000 0.000 0.000 0.136 0 1 0 0 0 0
 229 140621.000 151924.000 0 0 0.000 0.000 0.000 0.130 0 1 0 0 0 0
 230 132219.000 41186.000 0 0 0.000 0.000 0.000 0.137 0 1 0 0 0 0
 231 166716.000 98787.000 0 0 0.000 0.000 0.000 0.151 0 1 0 0 0 0
 232 41659.000 132524.000 0 0 0.000 0.000 0.000 0.130 0 1 0 0 0 0
 233 146470.000 148945.000 0 0 0.000 0.000 0.000 0.137 0 1 0 0 0 0
 234 57816.000 46406.000 0 0 0.000 0.000 0.000 0.141 0 1 0 0 0 0
 235 45422.000 58545.000 0 0 0.000 0.000 0.000 0.137 0 1 0 0 0 0
 236 166119.000 116975.000 0 0 0.000 0.000 0.000 0.131 0 1 0 0 0 0
 237 97524.000 168200.000 0 0 0.000 0.000 0.000 0.131 0 1 0 0 0 0
 238 168270.000 92645.000 0 0 0.000 0.000 0.000 0.142 0 1 0 0 0 0
 239 34040.000 120563.000 0 0 0.000 0.000 0.000 0.139 0 1 0 0 0 0
 240 38177.000 131767.000 0 0 0.000 0.000 0.000 0.265 0 1 0 0 0 0
 241 30522.000 94990.000 0 0 0.000 0.000 0.000 0.133 0 1 0 0 0 0
 242 90134.000 170146.000 0 0 0.000 0.000 0.000 0.145 0 1 0 0 0 0
 243 57111.000 158583.000 0 0 0.000 0.000 0.000 0.133 0 1 0 0 0 0
 244 172153.000 84552.000 0 0 0.000 0.000 0.000 0.134 0 1 0 0 0 0
 245 95787.000 173506.000 0 0 0.000 0.000 0.000 0.253 0 1 0 0 0 0
 246 95628.000 173419.000 0 0 0.000 0.000 0.000 0.203 0 1 0 0 0 0
 247 164590.000 60978.000 0 0 0.000 0.000 0.000 0.141 0 1 0 0 0 0
 248 129870.000 169090.000 0 0 0.000 0.000 0.000 0.132 0 1 0 0 0 0
 249 109178.000 24158.000 0 0 0.000 0.000 0.000 0.131 0 1 0 0 0 0
 250 169772.000 69054.000 0 0 0.000 0.000 0.000 0.148 0 1 0 0 0 0
 251 72319.000 171753.000 0 0 0.000 0.000 0.000 0.133 0 1 0 0 0 0
 252 76115.000 181234.000 0 0 0.000 0.000 0.000 0.138 0 1 0 0 0 0
 253 65556.000 15441.000 0 0 0.000 0.000 0.000 0.138 0 1 0 0 0 0
 254 77858.000 11357.000 0 0 0.000 0.000 0.000 0.130 0 1 0 0 0 0
 255 47116.000 22350.000 0 0 0.000 0.000 0.000 0.131 0 1 0 0 0 0;
ProcessEquipmentIDList 1
  "R375" ;
SummarySpec 5
  TESTNO    NDEFECT    DEFDENSITY    NDIE    NDEFDIE  ;
SummaryList 
  1    255    0.9323    1    1  ;
EndOfFile;
