FileVersion 1 2;
FileTimestamp 01-01-26 22:08:22;
InspectionStationID "KLA-Tencor" "SFSSP1" "0901-0728-TBI";
SampleType WAFER;
ResultTimestamp 01-01-26 21:54:31;
LotID "2580";
SampleSize 1 200;
DeviceID "None";
SetupID "T2-2580NR" 01-01-26 21:54:31;
StepID "6391P";
SampleOrientationMarkType NOTCH;
OrientationMarkLocation DOWN;
DiePitch 200000 200000;
DieOrigin 0 0;
WaferID "23";
Slot 23;
SampleCenterLocation 100000 100000;
ClassLookup 1
  0 "0"  ;
OrientationInstructions "Front";
CoordinatesMirrored No;
InspectionTest 1;
SampleTestPlan 1
  0 0 ;
AreaPerTest 2.73515e+010;
DefectRecordSpec 15 DEFECTID XREL YREL XINDEX YINDEX XSIZE YSIZE DEFECTAREA DSIZE CLASSNUMBER TEST CLUSTERNUMBER ROUGHBINNUMBER FINEBINNUMBER REVIEWSAMPLE ;
DefectList
 1 98690.000 96864.000 0 0 0.000 0.000 0.000 0.148 0 1 0 0 0 0
 2 96301.000 100959.000 0 0 0.000 0.000 0.000 0.131 0 1 0 0 0 0
 3 96003.000 103156.000 0 0 0.000 0.000 0.000 0.140 0 1 0 0 0 0
 4 99837.000 108393.000 0 0 0.000 0.000 0.000 0.138 0 1 0 0 0 0
 5 92319.000 103959.000 0 0 0.000 0.000 0.000 0.142 0 1 0 0 0 0
 6 88275.000 96438.000 0 0 0.000 0.000 0.000 0.135 0 1 0 0 0 0
 7 103967.000 111583.000 0 0 0.000 0.000 0.000 0.132 0 1 0 0 0 0
 8 97544.000 112317.000 0 0 0.000 0.000 0.000 0.131 0 1 0 0 0 0
 9 108630.000 90022.000 0 0 0.000 0.000 0.000 0.130 0 1 0 0 0 0
 10 111806.000 105702.000 0 0 0.000 0.000 0.000 0.146 0 1 0 0 0 0
 11 87778.000 93984.000 0 0 0.000 0.000 0.000 0.137 0 1 0 0 0 0
 12 89747.000 110265.000 0 0 0.000 0.000 0.000 0.134 0 1 0 0 0 0
 13 85153.000 102580.000 0 0 0.000 0.000 0.000 0.130 0 1 0 0 0 0
 14 108903.000 87785.000 0 0 0.000 0.000 0.000 0.145 0 1 0 0 0 0
 15 88544.000 89369.000 0 0 0.000 0.000 0.000 0.146 0 1 0 0 0 0
 16 108883.000 87445.000 0 0 0.000 0.000 0.000 0.136 0 1 0 0 0 0
 17 110336.000 111189.000 0 0 0.000 0.000 0.000 0.144 0 1 0 0 0 0
 18 112737.000 110101.000 0 0 0.000 0.000 0.000 0.134 0 1 0 0 0 0
 19 116303.000 102011.000 0 0 0.000 0.000 0.000 0.134 0 1 0 0 0 0
 20 82783.000 97397.000 0 0 0.000 0.000 0.000 0.150 0 1 0 0 0 0
 21 81472.000 101177.000 0 0 0.000 0.000 0.000 0.149 0 1 0 0 0 0
 22 116273.000 108816.000 0 0 0.000 0.000 0.000 0.146 0 1 0 0 0 0
 23 104983.000 81440.000 0 0 0.000 0.000 0.000 0.151 0 1 0 0 0 0
 24 105101.000 119516.000 0 0 0.000 0.000 0.000 0.141 0 1 0 0 0 0
 25 94093.000 79861.000 0 0 0.000 0.000 0.000 0.183 0 1 0 0 0 0
 26 86018.000 115544.000 0 0 0.000 0.000 0.000 0.142 0 1 0 0 0 0
 27 105041.000 79363.000 0 0 0.000 0.000 0.000 0.137 0 1 0 0 0 0
 28 102299.000 78324.000 0 0 0.000 0.000 0.000 0.136 0 1 0 0 0 0
 29 86756.000 82319.000 0 0 0.000 0.000 0.000 0.141 0 1 0 0 0 0
 30 78213.000 103757.000 0 0 0.000 0.000 0.000 0.145 0 1 0 0 0 0
 31 118912.000 110688.000 0 0 0.000 0.000 0.000 0.135 0 1 0 0 0 0
 32 81946.000 86459.000 0 0 0.000 0.000 0.000 0.134 0 1 0 0 0 0
 33 112421.000 80753.000 0 0 0.000 0.000 0.000 0.139 0 1 0 0 0 0
 34 77465.000 104621.000 0 0 0.000 0.000 0.000 0.131 0 1 0 0 0 0
 35 111339.000 79127.000 0 0 0.000 0.000 0.000 0.138 0 1 0 0 0 0
 36 101425.000 75763.000 0 0 0.000 0.000 0.000 0.131 0 1 0 0 0 0
 37 89603.000 122323.000 0 0 0.000 0.000 0.000 0.150 0 1 0 0 0 0
 38 77594.000 87945.000 0 0 0.000 0.000 0.000 0.144 0 1 0 0 0 0
 39 118873.000 116554.000 0 0 0.000 0.000 0.000 0.150 0 1 0 0 0 0
 40 78726.000 83677.000 0 0 0.000 0.000 0.000 0.130 0 1 0 0 0 0
 41 88356.000 75615.000 0 0 0.000 0.000 0.000 0.134 0 1 0 0 0 0
 42 126567.000 97157.000 0 0 0.000 0.000 0.000 0.132 0 1 0 0 0 0
 43 72886.000 96944.000 0 0 0.000 0.000 0.000 0.150 0 1 0 0 0 0
 44 117535.000 79005.000 0 0 0.000 0.000 0.000 0.166 0 1 0 0 0 0
 45 120100.000 81422.000 0 0 0.000 0.000 0.000 0.133 0 1 0 0 0 0
 46 102162.000 127254.000 0 0 0.000 0.000 0.000 0.132 0 1 0 0 0 0
 47 73798.000 89955.000 0 0 0.000 0.000 0.000 0.154 0 1 0 0 0 0
 48 105539.000 72484.000 0 0 0.000 0.000 0.000 0.133 0 1 0 0 0 0
 49 126938.000 108379.000 0 0 0.000 0.000 0.000 0.131 0 1 0 0 0 0
 50 96243.000 71458.000 0 0 0.000 0.000 0.000 0.159 0 1 0 0 0 0
 51 127885.000 105311.000 0 0 0.000 0.000 0.000 0.138 0 1 0 0 0 0
 52 107768.000 72134.000 0 0 0.000 0.000 0.000 0.136 0 1 0 0 0 0
 53 128252.000 95639.000 0 0 0.000 0.000 0.000 0.151 0 1 0 0 0 0
 54 86073.000 126233.000 0 0 0.000 0.000 0.000 0.133 0 1 0 0 0 0
 55 83040.000 124416.000 0 0 0.000 0.000 0.000 0.150 0 1 0 0 0 0
 56 101538.000 129685.000 0 0 0.000 0.000 0.000 0.131 0 1 0 0 0 0
 57 129589.000 96091.000 0 0 0.000 0.000 0.000 0.135 0 1 0 0 0 0
 58 88742.000 127934.000 0 0 0.000 0.000 0.000 0.135 0 1 0 0 0 0
 59 78201.000 78589.000 0 0 0.000 0.000 0.000 0.151 0 1 0 0 0 0
 60 130446.000 101973.000 0 0 0.000 0.000 0.000 0.134 0 1 0 0 0 0
 61 129980.000 109530.000 0 0 0.000 0.000 0.000 0.153 0 1 0 0 0 0
 62 118664.000 125882.000 0 0 0.000 0.000 0.000 0.160 0 1 0 0 0 0
 63 78406.000 124512.000 0 0 0.000 0.000 0.000 0.138 0 1 0 0 0 0
 64 74111.000 78437.000 0 0 0.000 0.000 0.000 0.144 0 1 0 0 0 0
 65 75945.000 76338.000 0 0 0.000 0.000 0.000 0.139 0 1 0 0 0 0
 66 99161.000 133439.000 0 0 0.000 0.000 0.000 0.146 0 1 0 0 0 0
 67 76606.000 124235.000 0 0 0.000 0.000 0.000 0.132 0 1 0 0 0 0
 68 122454.000 124819.000 0 0 0.000 0.000 0.000 0.151 0 1 0 0 0 0
 69 124833.000 122799.000 0 0 0.000 0.000 0.000 0.144 0 1 0 0 0 0
 70 77698.000 125517.000 0 0 0.000 0.000 0.000 0.131 0 1 0 0 0 0
 71 73783.000 121811.000 0 0 0.000 0.000 0.000 0.145 0 1 0 0 0 0
 72 73744.000 122052.000 0 0 0.000 0.000 0.000 0.145 0 1 0 0 0 0
 73 117189.000 69729.000 0 0 0.000 0.000 0.000 0.139 0 1 0 0 0 0
 74 67085.000 87759.000 0 0 0.000 0.000 0.000 0.139 0 1 0 0 0 0
 75 64888.000 101502.000 0 0 0.000 0.000 0.000 0.139 0 1 0 0 0 0
 76 114942.000 131487.000 0 0 0.000 0.000 0.000 0.159 0 1 0 0 0 0
 77 133596.000 110422.000 0 0 0.000 0.000 0.000 0.215 0 1 0 0 0 0
 78 104990.000 135465.000 0 0 0.000 0.000 0.000 0.149 0 1 0 0 0 0
 79 120253.000 129683.000 0 0 0.000 0.000 0.000 0.137 0 1 0 0 0 0
 80 88996.000 134339.000 0 0 0.000 0.000 0.000 0.152 0 1 0 0 0 0
 81 91141.000 64161.000 0 0 0.000 0.000 0.000 200000.000 0 1 0 200 0 0
 82 114209.000 133741.000 0 0 0.000 0.000 0.000 0.138 0 1 0 0 0 0
 83 68348.000 119574.000 0 0 0.000 0.000 0.000 0.143 0 1 0 0 0 0
 84 63654.000 108624.000 0 0 0.000 0.000 0.000 0.140 0 1 0 0 0 0
 85 74780.000 127530.000 0 0 0.000 0.000 0.000 0.145 0 1 0 0 0 0
 86 85751.000 65007.000 0 0 0.000 0.000 0.000 0.134 0 1 0 0 0 0
 87 130586.000 121835.000 0 0 0.000 0.000 0.000 0.145 0 1 0 0 0 0
 88 124876.000 128107.000 0 0 0.000 0.000 0.000 0.131 0 1 0 0 0 0
 89 107609.000 136781.000 0 0 0.000 0.000 0.000 0.161 0 1 0 0 0 0
 90 62104.000 104078.000 0 0 0.000 0.000 0.000 0.137 0 1 0 0 0 0
 91 112699.000 135700.000 0 0 0.000 0.000 0.000 0.145 0 1 0 0 0 0
 92 80864.000 133034.000 0 0 0.000 0.000 0.000 0.147 0 1 0 0 0 0
 93 64128.000 113597.000 0 0 0.000 0.000 0.000 0.139 0 1 0 0 0 0
 94 122569.000 130829.000 0 0 0.000 0.000 0.000 0.139 0 1 0 0 0 0
 95 86610.000 135808.000 0 0 0.000 0.000 0.000 0.152 0 1 0 0 0 0
 96 138075.000 105785.000 0 0 0.000 0.000 0.000 0.133 0 1 0 0 0 0
 97 134165.000 81549.000 0 0 0.000 0.000 0.000 0.145 0 1 0 0 0 0
 98 138527.000 93106.000 0 0 0.000 0.000 0.000 0.137 0 1 0 0 0 0
 99 61168.000 108621.000 0 0 0.000 0.000 0.000 0.153 0 1 0 0 0 0
 100 122407.000 132512.000 0 0 0.000 0.000 0.000 0.148 0 1 0 0 0 0
 101 112332.000 61838.000 0 0 0.000 0.000 0.000 0.140 0 1 0 0 0 0
 102 94788.000 139607.000 0 0 0.000 0.000 0.000 0.140 0 1 0 0 0 0
 103 68041.000 74945.000 0 0 0.000 0.000 0.000 0.140 0 1 0 0 0 0
 104 106167.000 60075.000 0 0 0.000 0.000 0.000 0.131 0 1 0 0 0 0
 105 68440.000 74241.000 0 0 0.000 0.000 0.000 0.135 0 1 0 0 0 0
 106 109115.000 139492.000 0 0 0.000 0.000 0.000 0.134 0 1 0 0 0 0
 107 129215.000 128357.000 0 0 0.000 0.000 0.000 0.148 0 1 0 0 0 0
 108 76363.000 133445.000 0 0 0.000 0.000 0.000 0.162 0 1 0 0 0 0
 109 134629.000 77977.000 0 0 0.000 0.000 0.000 0.142 0 1 0 0 0 0
 110 137781.000 116184.000 0 0 0.000 0.000 0.000 0.136 0 1 0 0 0 0
 111 141084.000 103597.000 0 0 0.000 0.000 0.000 0.130 0 1 0 0 0 0
 112 127736.000 130906.000 0 0 0.000 0.000 0.000 0.134 0 1 0 0 0 0
 113 59150.000 109785.000 0 0 0.000 0.000 0.000 0.144 0 1 0 0 0 0
 114 70962.000 69318.000 0 0 0.000 0.000 0.000 0.139 0 1 0 0 0 0
 115 82567.000 138292.000 0 0 0.000 0.000 0.000 0.147 0 1 0 0 0 0
 116 118049.000 61706.000 0 0 0.000 0.000 0.000 0.140 0 1 0 0 0 0
 117 68308.000 71519.000 0 0 0.000 0.000 0.000 0.151 0 1 0 0 0 0
 118 139657.000 85728.000 0 0 0.000 0.000 0.000 0.163 0 1 0 0 0 0
 119 110665.000 58662.000 0 0 0.000 0.000 0.000 0.139 0 1 0 0 0 0
 120 94149.000 142331.000 0 0 0.000 0.000 0.000 0.146 0 1 0 0 0 0
 121 85981.000 140606.000 0 0 0.000 0.000 0.000 0.135 0 1 0 0 0 0
 122 79465.000 137994.000 0 0 0.000 0.000 0.000 0.162 0 1 0 0 0 0
 123 83068.000 59875.000 0 0 0.000 0.000 0.000 0.134 0 1 0 0 0 0
 124 90211.000 57583.000 0 0 0.000 0.000 0.000 0.144 0 1 0 0 0 0
 125 138531.000 80193.000 0 0 0.000 0.000 0.000 0.135 0 1 0 0 0 0
 126 79448.000 138211.000 0 0 0.000 0.000 0.000 0.137 0 1 0 0 0 0
 127 98437.000 56291.000 0 0 0.000 0.000 0.000 0.131 0 1 0 0 0 0
 128 70786.000 132407.000 0 0 0.000 0.000 0.000 0.135 0 1 0 0 0 0
 129 81044.000 139348.000 0 0 0.000 0.000 0.000 0.132 0 1 0 0 0 0
 130 113163.000 57859.000 0 0 0.000 0.000 0.000 0.140 0 1 0 0 0 0
 131 118316.000 139896.000 0 0 0.000 0.000 0.000 0.143 0 1 0 0 0 0
 132 90525.000 143059.000 0 0 0.000 0.000 0.000 0.130 0 1 0 0 0 0
 133 82339.000 140576.000 0 0 0.000 0.000 0.000 0.135 0 1 0 0 0 0
 134 134575.000 127575.000 0 0 0.000 0.000 0.000 0.132 0 1 0 0 0 0
 135 129086.000 133275.000 0 0 0.000 0.000 0.000 0.142 0 1 0 0 0 0
 136 134136.000 128416.000 0 0 0.000 0.000 0.000 0.148 0 1 0 0 0 0
 137 123958.000 61977.000 0 0 0.000 0.000 0.000 0.140 0 1 0 0 0 0
 138 142609.000 86215.000 0 0 0.000 0.000 0.000 0.148 0 1 0 0 0 0
 139 103500.000 144795.000 0 0 0.000 0.000 0.000 0.146 0 1 0 0 0 0
 140 131966.000 67998.000 0 0 0.000 0.000 0.000 0.130 0 1 0 0 0 0
 141 100420.000 145558.000 0 0 0.000 0.000 0.000 0.135 0 1 0 0 0 0
 142 107507.000 54360.000 0 0 0.000 0.000 0.000 0.140 0 1 0 0 0 0
 143 110158.000 54810.000 0 0 0.000 0.000 0.000 0.137 0 1 0 0 0 0
 144 54501.000 109103.000 0 0 0.000 0.000 0.000 0.132 0 1 0 0 0 0
 145 131620.000 65920.000 0 0 0.000 0.000 0.000 0.140 0 1 0 0 0 0
 146 119407.000 142003.000 0 0 0.000 0.000 0.000 0.138 0 1 0 0 0 0
 147 69528.000 64076.000 0 0 0.000 0.000 0.000 0.149 0 1 0 0 0 0
 148 140485.000 75983.000 0 0 0.000 0.000 0.000 0.145 0 1 0 0 0 0
 149 75702.000 140453.000 0 0 0.000 0.000 0.000 0.136 0 1 0 0 0 0
 150 143478.000 81570.000 0 0 0.000 0.000 0.000 0.150 0 1 0 0 0 0
 151 77985.000 142569.000 0 0 0.000 0.000 0.000 0.142 0 1 0 0 0 0
 152 61502.000 128677.000 0 0 0.000 0.000 0.000 0.139 0 1 0 0 0 0
 153 99212.000 51887.000 0 0 0.000 0.000 0.000 0.130 0 1 0 0 0 0
 154 129648.000 138112.000 0 0 0.000 0.000 0.000 0.138 0 1 0 0 0 0
 155 143680.000 121009.000 0 0 0.000 0.000 0.000 0.146 0 1 0 0 0 0
 156 138370.000 69016.000 0 0 0.000 0.000 0.000 0.138 0 1 0 0 0 0
 157 128399.000 140394.000 0 0 0.000 0.000 0.000 0.150 0 1 0 0 0 0
 158 112521.000 51367.000 0 0 0.000 0.000 0.000 0.176 0 1 0 0 0 0
 159 52508.000 118959.000 0 0 0.000 0.000 0.000 0.139 0 1 0 0 0 0
 160 51647.000 83208.000 0 0 0.000 0.000 0.000 0.146 0 1 0 0 0 0
 161 111068.000 50152.000 0 0 0.000 0.000 0.000 0.165 0 1 0 0 0 0
 162 117727.000 147733.000 0 0 0.000 0.000 0.000 0.137 0 1 0 0 0 0
 163 140408.000 68606.000 0 0 0.000 0.000 0.000 0.143 0 1 0 0 0 0
 164 84308.000 50724.000 0 0 0.000 0.000 0.000 0.145 0 1 0 0 0 0
 165 102647.000 151447.000 0 0 0.000 0.000 0.000 0.135 0 1 0 0 0 0
 166 131425.000 140765.000 0 0 0.000 0.000 0.000 0.132 0 1 0 0 0 0
 167 60487.000 66067.000 0 0 0.000 0.000 0.000 0.130 0 1 0 0 0 0
 168 100587.000 151930.000 0 0 0.000 0.000 0.000 0.136 0 1 0 0 0 0
 169 144507.000 72538.000 0 0 0.000 0.000 0.000 0.130 0 1 0 0 0 0
 170 49724.000 82994.000 0 0 0.000 0.000 0.000 0.145 0 1 0 0 0 0
 171 143074.000 68493.000 0 0 0.000 0.000 0.000 0.133 0 1 0 0 0 0
 172 107755.000 152918.000 0 0 0.000 0.000 0.000 0.138 0 1 0 0 0 0
 173 153696.000 100396.000 0 0 0.000 0.000 0.000 0.140 0 1 0 0 0 0
 174 100585.000 153718.000 0 0 0.000 0.000 0.000 0.139 0 1 0 0 0 0
 175 73515.000 52869.000 0 0 0.000 0.000 0.000 0.130 0 1 0 0 0 0
 176 127703.000 53046.000 0 0 0.000 0.000 0.000 0.148 0 1 0 0 0 0
 177 103880.000 154627.000 0 0 0.000 0.000 0.000 0.137 0 1 0 0 0 0
 178 57825.000 64007.000 0 0 0.000 0.000 0.000 0.130 0 1 0 0 0 0
 179 148766.000 125732.000 0 0 0.000 0.000 0.000 0.134 0 1 0 0 0 0
 180 63017.000 58104.000 0 0 0.000 0.000 0.000 0.142 0 1 0 0 0 0
 181 54317.000 66369.000 0 0 0.000 0.000 0.000 0.142 0 1 0 0 0 0
 182 149837.000 73636.000 0 0 0.000 0.000 0.000 0.130 0 1 0 0 0 0
 183 80412.000 153191.000 0 0 0.000 0.000 0.000 0.130 0 1 0 0 0 0
 184 58090.000 61346.000 0 0 0.000 0.000 0.000 0.141 0 1 0 0 0 0
 185 121541.000 152499.000 0 0 0.000 0.000 0.000 0.135 0 1 0 0 0 0
 186 152152.000 123132.000 0 0 0.000 0.000 0.000 0.137 0 1 0 0 0 0
 187 84273.000 155065.000 0 0 0.000 0.000 0.000 0.143 0 1 0 0 0 0
 188 60944.000 142507.000 0 0 0.000 0.000 0.000 0.161 0 1 0 0 0 0
 189 139003.000 57259.000 0 0 0.000 0.000 0.000 0.166 0 1 0 0 0 0
 190 141678.000 140026.000 0 0 0.000 0.000 0.000 0.134 0 1 0 0 0 0
 191 61969.000 143899.000 0 0 0.000 0.000 0.000 0.143 0 1 0 0 0 0
 192 152605.000 75411.000 0 0 0.000 0.000 0.000 0.135 0 1 0 0 0 0
 193 157600.000 93029.000 0 0 0.000 0.000 0.000 0.140 0 1 0 0 0 0
 194 74634.000 47327.000 0 0 0.000 0.000 0.000 0.132 0 1 0 0 0 0
 195 102177.000 41554.000 0 0 0.000 0.000 0.000 0.136 0 1 0 0 0 0
 196 116533.000 43603.000 0 0 0.000 0.000 0.000 0.162 0 1 0 0 0 0
 197 140914.000 142335.000 0 0 0.000 0.000 0.000 0.134 0 1 0 0 0 0
 198 40696.000 102181.000 0 0 0.000 0.000 0.000 0.133 0 1 0 0 0 0
 199 149582.000 67643.000 0 0 0.000 0.000 0.000 0.142 0 1 0 0 0 0
 200 158905.000 94961.000 0 0 0.000 0.000 0.000 0.130 0 1 0 0 0 0
 201 47323.000 71984.000 0 0 0.000 0.000 0.000 0.131 0 1 0 0 0 0
 202 92086.000 40823.000 0 0 0.000 0.000 0.000 0.133 0 1 0 0 0 0
 203 137471.000 146028.000 0 0 0.000 0.000 0.000 0.130 0 1 0 0 0 0
 204 51403.000 65047.000 0 0 0.000 0.000 0.000 0.147 0 1 0 0 0 0
 205 70316.000 152056.000 0 0 0.000 0.000 0.000 0.146 0 1 0 0 0 0
 206 42621.000 118156.000 0 0 0.000 0.000 0.000 0.137 0 1 0 0 0 0
 207 84764.000 41546.000 0 0 0.000 0.000 0.000 0.131 0 1 0 0 0 0
 208 146390.000 61811.000 0 0 0.000 0.000 0.000 0.153 0 1 0 0 0 0
 209 117848.000 42131.000 0 0 0.000 0.000 0.000 0.131 0 1 0 0 0 0
 210 136131.000 50881.000 0 0 0.000 0.000 0.000 0.139 0 1 0 0 0 0
 211 81821.000 41555.000 0 0 0.000 0.000 0.000 0.145 0 1 0 0 0 0
 212 99051.000 38792.000 0 0 0.000 0.000 0.000 0.142 0 1 0 0 0 0
 213 40953.000 116234.000 0 0 0.000 0.000 0.000 0.158 0 1 0 0 0 0
 214 111326.000 160008.000 0 0 0.000 0.000 0.000 0.148 0 1 0 0 0 0
 215 90982.000 39099.000 0 0 0.000 0.000 0.000 0.157 0 1 0 0 0 0
 216 148011.000 138065.000 0 0 0.000 0.000 0.000 0.137 0 1 0 0 0 0
 217 140332.000 146301.000 0 0 0.000 0.000 0.000 0.133 0 1 0 0 0 0
 218 46059.000 130162.000 0 0 0.000 0.000 0.000 0.130 0 1 0 0 0 0
 219 105284.000 161760.000 0 0 0.000 0.000 0.000 0.145 0 1 0 0 0 0
 220 130367.000 45527.000 0 0 0.000 0.000 0.000 0.131 0 1 0 0 0 0
 221 88832.000 37943.000 0 0 0.000 0.000 0.000 0.151 0 1 0 0 0 0
 222 57483.000 53064.000 0 0 0.000 0.000 0.000 0.139 0 1 0 0 0 0
 223 133745.000 46588.000 0 0 0.000 0.000 0.000 0.138 0 1 0 0 0 0
 224 133273.000 153715.000 0 0 0.000 0.000 0.000 0.132 0 1 0 0 0 0
 225 159421.000 77600.000 0 0 0.000 0.000 0.000 0.141 0 1 0 0 0 0
 226 156781.000 128141.000 0 0 0.000 0.000 0.000 0.144 0 1 0 0 0 0
 227 132623.000 154855.000 0 0 0.000 0.000 0.000 0.139 0 1 0 0 0 0
 228 159842.000 122333.000 0 0 0.000 0.000 0.000 0.144 0 1 0 0 0 0
 229 72934.000 158619.000 0 0 0.000 0.000 0.000 0.135 0 1 0 0 0 0
 230 37937.000 80701.000 0 0 0.000 0.000 0.000 0.140 0 1 0 0 0 0
 231 80840.000 37966.000 0 0 0.000 0.000 0.000 0.151 0 1 0 0 0 0
 232 154251.000 134897.000 0 0 0.000 0.000 0.000 0.130 0 1 0 0 0 0
 233 156137.000 132511.000 0 0 0.000 0.000 0.000 0.138 0 1 0 0 0 0
 234 161970.000 79614.000 0 0 0.000 0.000 0.000 0.133 0 1 0 0 0 0
 235 89628.000 164541.000 0 0 0.000 0.000 0.000 0.134 0 1 0 0 0 0
 236 52151.000 145133.000 0 0 0.000 0.000 0.000 0.135 0 1 0 0 0 0
 237 64273.000 155433.000 0 0 0.000 0.000 0.000 0.135 0 1 0 0 0 0
 238 49799.000 143085.000 0 0 0.000 0.000 0.000 0.133 0 1 0 0 0 0
 239 38351.000 124628.000 0 0 0.000 0.000 0.000 0.133 0 1 0 0 0 0
 240 163844.000 82624.000 0 0 0.000 0.000 0.000 0.131 0 1 0 0 0 0
 241 33338.000 99972.000 0 0 0.000 0.000 0.000 0.131 0 1 0 0 0 0
 242 150790.000 56621.000 0 0 0.000 0.000 0.000 0.138 0 1 0 0 0 0
 243 102743.000 166911.000 0 0 0.000 0.000 0.000 0.136 0 1 0 0 0 0
 244 160842.000 70908.000 0 0 0.000 0.000 0.000 0.131 0 1 0 0 0 0
 245 165578.000 83684.000 0 0 0.000 0.000 0.000 0.134 0 1 0 0 0 0
 246 75069.000 35993.000 0 0 0.000 0.000 0.000 0.150 0 1 0 0 0 0
 247 137754.000 156997.000 0 0 0.000 0.000 0.000 0.134 0 1 0 0 0 0
 248 165690.000 77917.000 0 0 0.000 0.000 0.000 0.134 0 1 0 0 0 0
 249 73984.000 164561.000 0 0 0.000 0.000 0.000 0.136 0 1 0 0 0 0
 250 168477.000 114078.000 0 0 0.000 0.000 0.000 0.131 0 1 0 0 0 0
 251 163389.000 129741.000 0 0 0.000 0.000 0.000 0.133 0 1 0 0 0 0
 252 52529.000 47152.000 0 0 0.000 0.000 0.000 0.134 0 1 0 0 0 0
 253 139364.000 40740.000 0 0 0.000 0.000 0.000 0.136 0 1 0 0 0 0
 254 150736.000 149472.000 0 0 0.000 0.000 0.000 0.133 0 1 0 0 0 0
 255 60463.000 159586.000 0 0 0.000 0.000 0.000 0.135 0 1 0 0 0 0
 256 147247.000 155183.000 0 0 0.000 0.000 0.000 0.155 0 1 0 0 0 0
 257 28549.000 116028.000 0 0 0.000 0.000 0.000 0.165 0 1 0 0 0 0
 258 91155.000 26788.000 0 0 0.000 0.000 0.000 0.161 0 1 0 0 0 0
 259 163428.000 137963.000 0 0 0.000 0.000 0.000 0.154 0 1 0 0 0 0
 260 146834.000 157325.000 0 0 0.000 0.000 0.000 0.150 0 1 0 0 0 0
 261 28157.000 78200.000 0 0 0.000 0.000 0.000 0.134 0 1 0 0 0 0
 262 162464.000 57910.000 0 0 0.000 0.000 0.000 0.132 0 1 0 0 0 0
 263 24618.000 93257.000 0 0 0.000 0.000 0.000 0.137 0 1 0 0 0 0
 264 168388.000 131849.000 0 0 0.000 0.000 0.000 200000.000 0 1 0 200 0 0
 265 162355.000 51202.000 0 0 0.000 0.000 0.000 0.271 0 1 0 0 0 0
 266 176361.000 77032.000 0 0 0.000 0.000 0.000 0.135 0 1 0 0 0 0
 267 32565.000 55399.000 0 0 0.000 0.000 0.000 0.155 0 1 0 0 0 0
 268 90039.000 16617.000 0 0 0.000 0.000 0.000 0.130 0 1 0 0 0 0
 269 188924.000 100695.000 0 0 0.000 0.000 0.000 0.206 0 1 0 0 0 0
 270 126022.000 9647.000 0 0 0.000 0.000 0.000 0.209 0 1 0 0 0 0;
ProcessEquipmentIDList 1
  "R375" ;
SummarySpec 5
  TESTNO    NDEFECT    DEFDENSITY    NDIE    NDEFDIE  ;
SummaryList 
  1    270    0.9871    1    1  ;
EndOfFile;
