FileVersion 1 2;
FileTimestamp 01-01-26 22:54:27;
InspectionStationID "KLA-Tencor" "SFSSP1" "0901-0728-TBI";
SampleType WAFER;
ResultTimestamp 01-01-26 22:51:07;
LotID "2580";
SampleSize 1 200;
DeviceID "None";
SetupID "T2-2580NR" 01-01-26 22:51:07;
StepID "6391P";
SampleOrientationMarkType NOTCH;
OrientationMarkLocation DOWN;
DiePitch 200000 200000;
DieOrigin 0 0;
WaferID "05";
Slot 5;
SampleCenterLocation 100000 100000;
ClassLookup 1
  0 "0"  ;
OrientationInstructions "Front";
CoordinatesMirrored No;
InspectionTest 1;
SampleTestPlan 1
  0 0 ;
AreaPerTest 2.83529e+010;
DefectRecordSpec 15 DEFECTID XREL YREL XINDEX YINDEX XSIZE YSIZE DEFECTAREA DSIZE CLASSNUMBER TEST CLUSTERNUMBER ROUGHBINNUMBER FINEBINNUMBER REVIEWSAMPLE ;
DefectList
 1 102052.000 97518.000 0 0 0.000 0.000 0.000 0.139 0 1 0 0 0 0
 2 104731.000 100483.000 0 0 0.000 0.000 0.000 0.147 0 1 0 0 0 0
 3 103442.000 105611.000 0 0 0.000 0.000 0.000 0.142 0 1 0 0 0 0
 4 109006.000 104282.000 0 0 0.000 0.000 0.000 0.138 0 1 0 0 0 0
 5 105792.000 108159.000 0 0 0.000 0.000 0.000 0.153 0 1 0 0 0 0
 6 109317.000 94500.000 0 0 0.000 0.000 0.000 0.143 0 1 0 0 0 0
 7 92098.000 108206.000 0 0 0.000 0.000 0.000 0.130 0 1 0 0 0 0
 8 86611.000 105520.000 0 0 0.000 0.000 0.000 0.134 0 1 0 0 0 0
 9 103522.000 85868.000 0 0 0.000 0.000 0.000 0.131 0 1 0 0 0 0
 10 114968.000 93012.000 0 0 0.000 0.000 0.000 0.137 0 1 0 0 0 0
 11 103967.000 117051.000 0 0 0.000 0.000 0.000 0.145 0 1 0 0 0 0
 12 117823.000 99996.000 0 0 0.000 0.000 0.000 0.137 0 1 0 0 0 0
 13 92046.000 116766.000 0 0 0.000 0.000 0.000 0.130 0 1 0 0 0 0
 14 89674.000 115861.000 0 0 0.000 0.000 0.000 0.146 0 1 0 0 0 0
 15 110596.000 84182.000 0 0 0.000 0.000 0.000 0.141 0 1 0 0 0 0
 16 100916.000 80386.000 0 0 0.000 0.000 0.000 0.136 0 1 0 0 0 0
 17 84999.000 114959.000 0 0 0.000 0.000 0.000 0.144 0 1 0 0 0 0
 18 111909.000 117975.000 0 0 0.000 0.000 0.000 0.148 0 1 0 0 0 0
 19 79265.000 105086.000 0 0 0.000 0.000 0.000 0.148 0 1 0 0 0 0
 20 121594.000 103712.000 0 0 0.000 0.000 0.000 0.134 0 1 0 0 0 0
 21 118409.000 88276.000 0 0 0.000 0.000 0.000 0.149 0 1 0 0 0 0
 22 120413.000 109128.000 0 0 0.000 0.000 0.000 0.138 0 1 0 0 0 0
 23 115093.000 116604.000 0 0 0.000 0.000 0.000 0.137 0 1 0 0 0 0
 24 113492.000 79118.000 0 0 0.000 0.000 0.000 0.136 0 1 0 0 0 0
 25 81233.000 117921.000 0 0 0.000 0.000 0.000 0.145 0 1 0 0 0 0
 26 125662.000 92352.000 0 0 0.000 0.000 0.000 0.143 0 1 0 0 0 0
 27 126688.000 97012.000 0 0 0.000 0.000 0.000 0.146 0 1 0 0 0 0
 28 72564.000 102871.000 0 0 0.000 0.000 0.000 0.131 0 1 0 0 0 0
 29 75208.000 112843.000 0 0 0.000 0.000 0.000 0.130 0 1 0 0 0 0
 30 120986.000 119136.000 0 0 0.000 0.000 0.000 0.130 0 1 0 0 0 0
 31 79724.000 119772.000 0 0 0.000 0.000 0.000 0.140 0 1 0 0 0 0
 32 120602.000 78978.000 0 0 0.000 0.000 0.000 0.140 0 1 0 0 0 0
 33 73160.000 112439.000 0 0 0.000 0.000 0.000 0.130 0 1 0 0 0 0
 34 87013.000 127472.000 0 0 0.000 0.000 0.000 0.136 0 1 0 0 0 0
 35 88072.000 72552.000 0 0 0.000 0.000 0.000 0.155 0 1 0 0 0 0
 36 117751.000 124909.000 0 0 0.000 0.000 0.000 0.130 0 1 0 0 0 0
 37 130308.000 93503.000 0 0 0.000 0.000 0.000 0.134 0 1 0 0 0 0
 38 131201.000 103833.000 0 0 0.000 0.000 0.000 0.156 0 1 0 0 0 0
 39 104518.000 68080.000 0 0 0.000 0.000 0.000 0.137 0 1 0 0 0 0
 40 131045.000 90388.000 0 0 0.000 0.000 0.000 0.134 0 1 0 0 0 0
 41 100874.000 132762.000 0 0 0.000 0.000 0.000 0.132 0 1 0 0 0 0
 42 70089.000 114608.000 0 0 0.000 0.000 0.000 0.144 0 1 0 0 0 0
 43 66680.000 100701.000 0 0 0.000 0.000 0.000 0.138 0 1 0 0 0 0
 44 119324.000 128820.000 0 0 0.000 0.000 0.000 0.140 0 1 0 0 0 0
 45 99790.000 65721.000 0 0 0.000 0.000 0.000 0.142 0 1 0 0 0 0
 46 84066.000 130899.000 0 0 0.000 0.000 0.000 0.138 0 1 0 0 0 0
 47 125622.000 75391.000 0 0 0.000 0.000 0.000 0.130 0 1 0 0 0 0
 48 118422.000 132149.000 0 0 0.000 0.000 0.000 0.137 0 1 0 0 0 0
 49 67041.000 116391.000 0 0 0.000 0.000 0.000 0.131 0 1 0 0 0 0
 50 83756.000 66934.000 0 0 0.000 0.000 0.000 0.137 0 1 0 0 0 0
 51 139382.000 101557.000 0 0 0.000 0.000 0.000 0.131 0 1 0 0 0 0
 52 138743.000 107333.000 0 0 0.000 0.000 0.000 0.136 0 1 0 0 0 0
 53 110452.000 60144.000 0 0 0.000 0.000 0.000 0.135 0 1 0 0 0 0
 54 135339.000 122601.000 0 0 0.000 0.000 0.000 0.137 0 1 0 0 0 0
 55 140046.000 113153.000 0 0 0.000 0.000 0.000 0.134 0 1 0 0 0 0
 56 133249.000 126043.000 0 0 0.000 0.000 0.000 0.134 0 1 0 0 0 0
 57 80530.000 62768.000 0 0 0.000 0.000 0.000 0.132 0 1 0 0 0 0
 58 118887.000 138122.000 0 0 0.000 0.000 0.000 0.148 0 1 0 0 0 0
 59 109282.000 142078.000 0 0 0.000 0.000 0.000 0.132 0 1 0 0 0 0
 60 91802.000 143196.000 0 0 0.000 0.000 0.000 0.130 0 1 0 0 0 0
 61 69647.000 133232.000 0 0 0.000 0.000 0.000 0.130 0 1 0 0 0 0
 62 66572.000 70131.000 0 0 0.000 0.000 0.000 0.139 0 1 0 0 0 0
 63 145093.000 101397.000 0 0 0.000 0.000 0.000 0.138 0 1 0 0 0 0
 64 60344.000 123254.000 0 0 0.000 0.000 0.000 0.137 0 1 0 0 0 0
 65 68007.000 134891.000 0 0 0.000 0.000 0.000 0.132 0 1 0 0 0 0
 66 70201.000 137755.000 0 0 0.000 0.000 0.000 0.131 0 1 0 0 0 0
 67 98421.000 148928.000 0 0 0.000 0.000 0.000 0.131 0 1 0 0 0 0
 68 146866.000 117995.000 0 0 0.000 0.000 0.000 0.133 0 1 0 0 0 0
 69 96639.000 150252.000 0 0 0.000 0.000 0.000 0.134 0 1 0 0 0 0
 70 121681.000 145900.000 0 0 0.000 0.000 0.000 0.140 0 1 0 0 0 0
 71 55611.000 124344.000 0 0 0.000 0.000 0.000 0.132 0 1 0 0 0 0
 72 135684.000 61817.000 0 0 0.000 0.000 0.000 0.142 0 1 0 0 0 0
 73 98524.000 153156.000 0 0 0.000 0.000 0.000 0.133 0 1 0 0 0 0
 74 47103.000 105422.000 0 0 0.000 0.000 0.000 0.135 0 1 0 0 0 0
 75 67578.000 142938.000 0 0 0.000 0.000 0.000 0.132 0 1 0 0 0 0
 76 95028.000 46053.000 0 0 0.000 0.000 0.000 0.132 0 1 0 0 0 0
 77 102726.000 45936.000 0 0 0.000 0.000 0.000 0.136 0 1 0 0 0 0
 78 49245.000 120768.000 0 0 0.000 0.000 0.000 0.143 0 1 0 0 0 0
 79 152346.000 83436.000 0 0 0.000 0.000 0.000 0.132 0 1 0 0 0 0
 80 153860.000 86712.000 0 0 0.000 0.000 0.000 0.147 0 1 0 0 0 0
 81 47007.000 120209.000 0 0 0.000 0.000 0.000 0.138 0 1 0 0 0 0
 82 145555.000 65564.000 0 0 0.000 0.000 0.000 0.137 0 1 0 0 0 0
 83 94711.000 42059.000 0 0 0.000 0.000 0.000 0.132 0 1 0 0 0 0
 84 137205.000 54389.000 0 0 0.000 0.000 0.000 0.134 0 1 0 0 0 0
 85 138451.000 54454.000 0 0 0.000 0.000 0.000 0.130 0 1 0 0 0 0
 86 160132.000 86219.000 0 0 0.000 0.000 0.000 0.130 0 1 0 0 0 0
 87 129835.000 45823.000 0 0 0.000 0.000 0.000 0.132 0 1 0 0 0 0
 88 160945.000 112379.000 0 0 0.000 0.000 0.000 0.130 0 1 0 0 0 0
 89 163798.000 103640.000 0 0 0.000 0.000 0.000 0.146 0 1 0 0 0 0
 90 110906.000 163842.000 0 0 0.000 0.000 0.000 0.132 0 1 0 0 0 0
 91 30475.000 119142.000 0 0 0.000 0.000 0.000 0.136 0 1 0 0 0 0
 92 94094.000 20336.000 0 0 0.000 0.000 0.000 0.135 0 1 0 0 0 0
 93 15080.000 87944.000 0 0 0.000 0.000 0.000 0.131 0 1 0 0 0 0
 94 91561.000 186732.000 0 0 0.000 0.000 0.000 0.142 0 1 0 0 0 0;
ProcessEquipmentIDList 1
  "R375" ;
SummarySpec 5
  TESTNO    NDEFECT    DEFDENSITY    NDIE    NDEFDIE  ;
SummaryList 
  1    94    0    1    1  ;
EndOfFile;
