FileVersion 1 2;
FileTimestamp 01-01-26 21:42:52;
InspectionStationID "KLA-Tencor" "SFSSP1" "0901-0728-TBI";
SampleType WAFER;
ResultTimestamp 01-01-26 21:33:25;
LotID "2580";
SampleSize 1 200;
DeviceID "None";
SetupID "T2-2580NR" 01-01-26 21:33:25;
StepID "6391P";
SampleOrientationMarkType NOTCH;
OrientationMarkLocation DOWN;
DiePitch 200000 200000;
DieOrigin 0 0;
WaferID "15";
Slot 15;
SampleCenterLocation 100000 100000;
ClassLookup 1
  0 "0"  ;
OrientationInstructions "Front";
CoordinatesMirrored No;
InspectionTest 1;
SampleTestPlan 1
  0 0 ;
AreaPerTest 2.73521e+010;
DefectRecordSpec 15 DEFECTID XREL YREL XINDEX YINDEX XSIZE YSIZE DEFECTAREA DSIZE CLASSNUMBER TEST CLUSTERNUMBER ROUGHBINNUMBER FINEBINNUMBER REVIEWSAMPLE ;
DefectList
 1 100020.000 103304.000 0 0 0.000 0.000 0.000 0.154 0 1 0 0 0 0
 2 101309.000 103511.000 0 0 0.000 0.000 0.000 0.131 0 1 0 0 0 0
 3 101700.000 104062.000 0 0 0.000 0.000 0.000 0.139 0 1 0 0 0 0
 4 96677.000 97342.000 0 0 0.000 0.000 0.000 0.146 0 1 0 0 0 0
 5 103442.000 96904.000 0 0 0.000 0.000 0.000 0.152 0 1 0 0 0 0
 6 97318.000 93518.000 0 0 0.000 0.000 0.000 0.148 0 1 0 0 0 0
 7 94966.000 105491.000 0 0 0.000 0.000 0.000 0.130 0 1 0 0 0 0
 8 96154.000 92630.000 0 0 0.000 0.000 0.000 0.167 0 1 0 0 0 0
 9 99717.000 90917.000 0 0 0.000 0.000 0.000 0.156 0 1 0 0 0 0
 10 93807.000 92652.000 0 0 0.000 0.000 0.000 0.151 0 1 0 0 0 0
 11 89869.000 97249.000 0 0 0.000 0.000 0.000 0.145 0 1 0 0 0 0
 12 111242.000 100609.000 0 0 0.000 0.000 0.000 0.145 0 1 0 0 0 0
 13 108121.000 92299.000 0 0 0.000 0.000 0.000 0.145 0 1 0 0 0 0
 14 111245.000 97589.000 0 0 0.000 0.000 0.000 0.153 0 1 0 0 0 0
 15 93983.000 110008.000 0 0 0.000 0.000 0.000 0.133 0 1 0 0 0 0
 16 110918.000 96260.000 0 0 0.000 0.000 0.000 0.153 0 1 0 0 0 0
 17 104139.000 111363.000 0 0 0.000 0.000 0.000 0.147 0 1 0 0 0 0
 18 89973.000 92608.000 0 0 0.000 0.000 0.000 0.158 0 1 0 0 0 0
 19 107774.000 89615.000 0 0 0.000 0.000 0.000 0.213 0 1 0 0 0 0
 20 97320.000 87180.000 0 0 0.000 0.000 0.000 0.136 0 1 0 0 0 0
 21 110718.000 92429.000 0 0 0.000 0.000 0.000 0.162 0 1 0 0 0 0
 22 104716.000 113000.000 0 0 0.000 0.000 0.000 0.143 0 1 0 0 0 0
 23 110132.000 90809.000 0 0 0.000 0.000 0.000 0.130 0 1 0 0 0 0
 24 86984.000 105116.000 0 0 0.000 0.000 0.000 0.137 0 1 0 0 0 0
 25 113196.000 94729.000 0 0 0.000 0.000 0.000 0.134 0 1 0 0 0 0
 26 90680.000 111881.000 0 0 0.000 0.000 0.000 0.162 0 1 0 0 0 0
 27 98803.000 115511.000 0 0 0.000 0.000 0.000 0.130 0 1 0 0 0 0
 28 85276.000 104695.000 0 0 0.000 0.000 0.000 0.142 0 1 0 0 0 0
 29 86667.000 108258.000 0 0 0.000 0.000 0.000 0.131 0 1 0 0 0 0
 30 112554.000 90796.000 0 0 0.000 0.000 0.000 0.134 0 1 0 0 0 0
 31 88494.000 88501.000 0 0 0.000 0.000 0.000 0.139 0 1 0 0 0 0
 32 92468.000 85008.000 0 0 0.000 0.000 0.000 0.161 0 1 0 0 0 0
 33 84140.000 107283.000 0 0 0.000 0.000 0.000 0.144 0 1 0 0 0 0
 34 113799.000 111657.000 0 0 0.000 0.000 0.000 0.134 0 1 0 0 0 0
 35 115057.000 89916.000 0 0 0.000 0.000 0.000 0.140 0 1 0 0 0 0
 36 87853.000 113602.000 0 0 0.000 0.000 0.000 0.133 0 1 0 0 0 0
 37 82973.000 92819.000 0 0 0.000 0.000 0.000 0.133 0 1 0 0 0 0
 38 82445.000 93547.000 0 0 0.000 0.000 0.000 0.134 0 1 0 0 0 0
 39 105916.000 118659.000 0 0 0.000 0.000 0.000 0.132 0 1 0 0 0 0
 40 96920.000 80629.000 0 0 0.000 0.000 0.000 0.132 0 1 0 0 0 0
 41 113364.000 116594.000 0 0 0.000 0.000 0.000 0.138 0 1 0 0 0 0
 42 87052.000 117249.000 0 0 0.000 0.000 0.000 0.146 0 1 0 0 0 0
 43 102341.000 78877.000 0 0 0.000 0.000 0.000 0.140 0 1 0 0 0 0
 44 116482.000 86315.000 0 0 0.000 0.000 0.000 0.138 0 1 0 0 0 0
 45 102483.000 78690.000 0 0 0.000 0.000 0.000 0.149 0 1 0 0 0 0
 46 103708.000 121617.000 0 0 0.000 0.000 0.000 0.136 0 1 0 0 0 0
 47 84315.000 115114.000 0 0 0.000 0.000 0.000 0.138 0 1 0 0 0 0
 48 82858.000 113362.000 0 0 0.000 0.000 0.000 0.147 0 1 0 0 0 0
 49 121692.000 102327.000 0 0 0.000 0.000 0.000 0.167 0 1 0 0 0 0
 50 80774.000 110372.000 0 0 0.000 0.000 0.000 0.136 0 1 0 0 0 0
 51 96114.000 78796.000 0 0 0.000 0.000 0.000 0.167 0 1 0 0 0 0
 52 121957.000 102445.000 0 0 0.000 0.000 0.000 0.144 0 1 0 0 0 0
 53 79672.000 91241.000 0 0 0.000 0.000 0.000 0.142 0 1 0 0 0 0
 54 78819.000 93358.000 0 0 0.000 0.000 0.000 0.148 0 1 0 0 0 0
 55 94137.000 78543.000 0 0 0.000 0.000 0.000 0.139 0 1 0 0 0 0
 56 93412.000 78108.000 0 0 0.000 0.000 0.000 0.148 0 1 0 0 0 0
 57 115302.000 117837.000 0 0 0.000 0.000 0.000 0.147 0 1 0 0 0 0
 58 123648.000 101404.000 0 0 0.000 0.000 0.000 0.134 0 1 0 0 0 0
 59 90847.000 121854.000 0 0 0.000 0.000 0.000 0.146 0 1 0 0 0 0
 60 77144.000 106618.000 0 0 0.000 0.000 0.000 0.176 0 1 0 0 0 0
 61 80979.000 115557.000 0 0 0.000 0.000 0.000 0.149 0 1 0 0 0 0
 62 113373.000 121148.000 0 0 0.000 0.000 0.000 0.210 0 1 0 0 0 0
 63 75371.000 95293.000 0 0 0.000 0.000 0.000 0.134 0 1 0 0 0 0
 64 108586.000 76491.000 0 0 0.000 0.000 0.000 0.141 0 1 0 0 0 0
 65 81011.000 117576.000 0 0 0.000 0.000 0.000 0.131 0 1 0 0 0 0
 66 74692.000 95232.000 0 0 0.000 0.000 0.000 0.136 0 1 0 0 0 0
 67 98322.000 74468.000 0 0 0.000 0.000 0.000 0.147 0 1 0 0 0 0
 68 110597.000 76150.000 0 0 0.000 0.000 0.000 0.134 0 1 0 0 0 0
 69 114127.000 122436.000 0 0 0.000 0.000 0.000 0.132 0 1 0 0 0 0
 70 80885.000 118245.000 0 0 0.000 0.000 0.000 0.135 0 1 0 0 0 0
 71 92054.000 126806.000 0 0 0.000 0.000 0.000 0.132 0 1 0 0 0 0
 72 115040.000 76116.000 0 0 0.000 0.000 0.000 0.151 0 1 0 0 0 0
 73 120533.000 80573.000 0 0 0.000 0.000 0.000 0.147 0 1 0 0 0 0
 74 120433.000 120192.000 0 0 0.000 0.000 0.000 0.140 0 1 0 0 0 0
 75 98670.000 128687.000 0 0 0.000 0.000 0.000 0.135 0 1 0 0 0 0
 76 83070.000 123173.000 0 0 0.000 0.000 0.000 0.132 0 1 0 0 0 0
 77 75453.000 114630.000 0 0 0.000 0.000 0.000 0.137 0 1 0 0 0 0
 78 74415.000 87601.000 0 0 0.000 0.000 0.000 0.145 0 1 0 0 0 0
 79 115826.000 76169.000 0 0 0.000 0.000 0.000 0.150 0 1 0 0 0 0
 80 87808.000 126287.000 0 0 0.000 0.000 0.000 0.152 0 1 0 0 0 0
 81 71743.000 94266.000 0 0 0.000 0.000 0.000 0.136 0 1 0 0 0 0
 82 94128.000 128911.000 0 0 0.000 0.000 0.000 0.144 0 1 0 0 0 0
 83 85939.000 73996.000 0 0 0.000 0.000 0.000 0.152 0 1 0 0 0 0
 84 126433.000 85565.000 0 0 0.000 0.000 0.000 0.131 0 1 0 0 0 0
 85 130640.000 105955.000 0 0 0.000 0.000 0.000 0.138 0 1 0 0 0 0
 86 130370.000 91080.000 0 0 0.000 0.000 0.000 0.144 0 1 0 0 0 0
 87 75466.000 79528.000 0 0 0.000 0.000 0.000 0.139 0 1 0 0 0 0
 88 124116.000 78483.000 0 0 0.000 0.000 0.000 0.147 0 1 0 0 0 0
 89 71128.000 114885.000 0 0 0.000 0.000 0.000 0.144 0 1 0 0 0 0
 90 131936.000 92807.000 0 0 0.000 0.000 0.000 0.149 0 1 0 0 0 0
 91 121833.000 75629.000 0 0 0.000 0.000 0.000 0.136 0 1 0 0 0 0
 92 131723.000 110147.000 0 0 0.000 0.000 0.000 0.132 0 1 0 0 0 0
 93 118875.000 127906.000 0 0 0.000 0.000 0.000 0.147 0 1 0 0 0 0
 94 97381.000 133683.000 0 0 0.000 0.000 0.000 0.134 0 1 0 0 0 0
 95 133695.000 103439.000 0 0 0.000 0.000 0.000 0.134 0 1 0 0 0 0
 96 125958.000 78125.000 0 0 0.000 0.000 0.000 0.162 0 1 0 0 0 0
 97 133830.000 105867.000 0 0 0.000 0.000 0.000 0.136 0 1 0 0 0 0
 98 109459.000 66847.000 0 0 0.000 0.000 0.000 0.133 0 1 0 0 0 0
 99 98745.000 65181.000 0 0 0.000 0.000 0.000 0.143 0 1 0 0 0 0
 100 134304.000 91981.000 0 0 0.000 0.000 0.000 0.158 0 1 0 0 0 0
 101 77698.000 127976.000 0 0 0.000 0.000 0.000 0.135 0 1 0 0 0 0
 102 71045.000 121292.000 0 0 0.000 0.000 0.000 0.133 0 1 0 0 0 0
 103 132610.000 115567.000 0 0 0.000 0.000 0.000 0.140 0 1 0 0 0 0
 104 117530.000 131740.000 0 0 0.000 0.000 0.000 0.148 0 1 0 0 0 0
 105 134123.000 87655.000 0 0 0.000 0.000 0.000 0.142 0 1 0 0 0 0
 106 63622.000 101963.000 0 0 0.000 0.000 0.000 0.130 0 1 0 0 0 0
 107 121378.000 130458.000 0 0 0.000 0.000 0.000 0.148 0 1 0 0 0 0
 108 79194.000 69695.000 0 0 0.000 0.000 0.000 0.131 0 1 0 0 0 0
 109 91869.000 64152.000 0 0 0.000 0.000 0.000 0.130 0 1 0 0 0 0
 110 131167.000 79799.000 0 0 0.000 0.000 0.000 0.134 0 1 0 0 0 0
 111 122355.000 130435.000 0 0 0.000 0.000 0.000 0.135 0 1 0 0 0 0
 112 63097.000 106718.000 0 0 0.000 0.000 0.000 0.141 0 1 0 0 0 0
 113 96419.000 62748.000 0 0 0.000 0.000 0.000 0.144 0 1 0 0 0 0
 114 86318.000 135800.000 0 0 0.000 0.000 0.000 0.138 0 1 0 0 0 0
 115 62156.000 92861.000 0 0 0.000 0.000 0.000 0.158 0 1 0 0 0 0
 116 71372.000 126256.000 0 0 0.000 0.000 0.000 0.167 0 1 0 0 0 0
 117 65272.000 82842.000 0 0 0.000 0.000 0.000 0.147 0 1 0 0 0 0
 118 139575.000 97912.000 0 0 0.000 0.000 0.000 0.133 0 1 0 0 0 0
 119 83722.000 136324.000 0 0 0.000 0.000 0.000 0.155 0 1 0 0 0 0
 120 138792.000 90086.000 0 0 0.000 0.000 0.000 0.152 0 1 0 0 0 0
 121 132375.000 124208.000 0 0 0.000 0.000 0.000 0.162 0 1 0 0 0 0
 122 77775.000 133837.000 0 0 0.000 0.000 0.000 0.146 0 1 0 0 0 0
 123 61886.000 87036.000 0 0 0.000 0.000 0.000 0.131 0 1 0 0 0 0
 124 68487.000 74509.000 0 0 0.000 0.000 0.000 0.139 0 1 0 0 0 0
 125 133066.000 76060.000 0 0 0.000 0.000 0.000 0.133 0 1 0 0 0 0
 126 122503.000 65983.000 0 0 0.000 0.000 0.000 0.132 0 1 0 0 0 0
 127 95253.000 59320.000 0 0 0.000 0.000 0.000 0.146 0 1 0 0 0 0
 128 125265.000 132924.000 0 0 0.000 0.000 0.000 0.139 0 1 0 0 0 0
 129 105304.000 141185.000 0 0 0.000 0.000 0.000 0.149 0 1 0 0 0 0
 130 123090.000 65746.000 0 0 0.000 0.000 0.000 0.136 0 1 0 0 0 0
 131 140861.000 92381.000 0 0 0.000 0.000 0.000 0.131 0 1 0 0 0 0
 132 104995.000 58368.000 0 0 0.000 0.000 0.000 0.167 0 1 0 0 0 0
 133 134796.000 76216.000 0 0 0.000 0.000 0.000 0.140 0 1 0 0 0 0
 134 130942.000 129108.000 0 0 0.000 0.000 0.000 0.140 0 1 0 0 0 0
 135 57892.000 99698.000 0 0 0.000 0.000 0.000 0.132 0 1 0 0 0 0
 136 114189.000 59965.000 0 0 0.000 0.000 0.000 0.149 0 1 0 0 0 0
 137 142320.000 91435.000 0 0 0.000 0.000 0.000 0.147 0 1 0 0 0 0
 138 120886.000 138625.000 0 0 0.000 0.000 0.000 0.131 0 1 0 0 0 0
 139 97144.000 56425.000 0 0 0.000 0.000 0.000 0.148 0 1 0 0 0 0
 140 117487.000 140572.000 0 0 0.000 0.000 0.000 0.135 0 1 0 0 0 0
 141 83769.000 142272.000 0 0 0.000 0.000 0.000 0.131 0 1 0 0 0 0
 142 62423.000 125684.000 0 0 0.000 0.000 0.000 0.156 0 1 0 0 0 0
 143 109705.000 144840.000 0 0 0.000 0.000 0.000 0.144 0 1 0 0 0 0
 144 58095.000 118698.000 0 0 0.000 0.000 0.000 0.298 0 1 0 0 0 0
 145 146061.000 97214.000 0 0 0.000 0.000 0.000 0.133 0 1 0 0 0 0
 146 92258.000 145631.000 0 0 0.000 0.000 0.000 0.131 0 1 0 0 0 0
 147 55645.000 86883.000 0 0 0.000 0.000 0.000 0.135 0 1 0 0 0 0
 148 58647.000 79113.000 0 0 0.000 0.000 0.000 0.131 0 1 0 0 0 0
 149 141791.000 79567.000 0 0 0.000 0.000 0.000 0.155 0 1 0 0 0 0
 150 57732.000 80408.000 0 0 0.000 0.000 0.000 0.131 0 1 0 0 0 0
 151 54881.000 87641.000 0 0 0.000 0.000 0.000 0.145 0 1 0 0 0 0
 152 60408.000 74964.000 0 0 0.000 0.000 0.000 0.173 0 1 0 0 0 0
 153 64202.000 69711.000 0 0 0.000 0.000 0.000 0.145 0 1 0 0 0 0
 154 57434.000 80273.000 0 0 0.000 0.000 0.000 0.140 0 1 0 0 0 0
 155 139289.000 126803.000 0 0 0.000 0.000 0.000 0.135 0 1 0 0 0 0
 156 119302.000 143458.000 0 0 0.000 0.000 0.000 0.135 0 1 0 0 0 0
 157 75622.000 59629.000 0 0 0.000 0.000 0.000 0.137 0 1 0 0 0 0
 158 130917.000 63617.000 0 0 0.000 0.000 0.000 0.142 0 1 0 0 0 0
 159 105865.000 52677.000 0 0 0.000 0.000 0.000 0.159 0 1 0 0 0 0
 160 114229.000 146108.000 0 0 0.000 0.000 0.000 0.138 0 1 0 0 0 0
 161 79692.000 56082.000 0 0 0.000 0.000 0.000 0.139 0 1 0 0 0 0
 162 123186.000 57442.000 0 0 0.000 0.000 0.000 0.154 0 1 0 0 0 0
 163 129629.000 61067.000 0 0 0.000 0.000 0.000 0.157 0 1 0 0 0 0
 164 136660.000 67299.000 0 0 0.000 0.000 0.000 0.142 0 1 0 0 0 0
 165 135599.000 134581.000 0 0 0.000 0.000 0.000 0.152 0 1 0 0 0 0
 166 144764.000 78853.000 0 0 0.000 0.000 0.000 0.135 0 1 0 0 0 0
 167 148307.000 88868.000 0 0 0.000 0.000 0.000 0.145 0 1 0 0 0 0
 168 139279.000 130607.000 0 0 0.000 0.000 0.000 0.131 0 1 0 0 0 0
 169 95611.000 50871.000 0 0 0.000 0.000 0.000 0.131 0 1 0 0 0 0
 170 52380.000 85923.000 0 0 0.000 0.000 0.000 0.142 0 1 0 0 0 0
 171 55782.000 75799.000 0 0 0.000 0.000 0.000 0.148 0 1 0 0 0 0
 172 105552.000 49792.000 0 0 0.000 0.000 0.000 0.134 0 1 0 0 0 0
 173 149347.000 112235.000 0 0 0.000 0.000 0.000 0.154 0 1 0 0 0 0
 174 121938.000 146483.000 0 0 0.000 0.000 0.000 0.147 0 1 0 0 0 0
 175 49845.000 109503.000 0 0 0.000 0.000 0.000 0.139 0 1 0 0 0 0
 176 55163.000 75627.000 0 0 0.000 0.000 0.000 0.137 0 1 0 0 0 0
 177 102796.000 49144.000 0 0 0.000 0.000 0.000 0.169 0 1 0 0 0 0
 178 127991.000 143818.000 0 0 0.000 0.000 0.000 0.130 0 1 0 0 0 0
 179 112822.000 49883.000 0 0 0.000 0.000 0.000 0.135 0 1 0 0 0 0
 180 150994.000 89074.000 0 0 0.000 0.000 0.000 0.144 0 1 0 0 0 0
 181 122251.000 52969.000 0 0 0.000 0.000 0.000 0.133 0 1 0 0 0 0
 182 132553.000 141215.000 0 0 0.000 0.000 0.000 0.136 0 1 0 0 0 0
 183 113212.000 150895.000 0 0 0.000 0.000 0.000 0.130 0 1 0 0 0 0
 184 89050.000 151395.000 0 0 0.000 0.000 0.000 0.134 0 1 0 0 0 0
 185 53690.000 124233.000 0 0 0.000 0.000 0.000 0.131 0 1 0 0 0 0
 186 153162.000 100231.000 0 0 0.000 0.000 0.000 0.149 0 1 0 0 0 0
 187 47786.000 111522.000 0 0 0.000 0.000 0.000 0.142 0 1 0 0 0 0
 188 83040.000 49240.000 0 0 0.000 0.000 0.000 0.143 0 1 0 0 0 0
 189 93320.000 46860.000 0 0 0.000 0.000 0.000 0.131 0 1 0 0 0 0
 190 153980.000 102139.000 0 0 0.000 0.000 0.000 0.138 0 1 0 0 0 0
 191 92346.000 153826.000 0 0 0.000 0.000 0.000 0.144 0 1 0 0 0 0
 192 123140.000 149854.000 0 0 0.000 0.000 0.000 0.157 0 1 0 0 0 0
 193 153527.000 88317.000 0 0 0.000 0.000 0.000 0.154 0 1 0 0 0 0
 194 45571.000 94361.000 0 0 0.000 0.000 0.000 0.139 0 1 0 0 0 0
 195 72140.000 53002.000 0 0 0.000 0.000 0.000 0.151 0 1 0 0 0 0
 196 53275.000 129303.000 0 0 0.000 0.000 0.000 0.133 0 1 0 0 0 0
 197 122409.000 49343.000 0 0 0.000 0.000 0.000 0.139 0 1 0 0 0 0
 198 145401.000 132984.000 0 0 0.000 0.000 0.000 0.154 0 1 0 0 0 0
 199 125860.000 149690.000 0 0 0.000 0.000 0.000 0.158 0 1 0 0 0 0
 200 109135.000 155389.000 0 0 0.000 0.000 0.000 0.170 0 1 0 0 0 0
 201 138875.000 59953.000 0 0 0.000 0.000 0.000 0.136 0 1 0 0 0 0
 202 90202.000 44680.000 0 0 0.000 0.000 0.000 0.134 0 1 0 0 0 0
 203 141370.000 61703.000 0 0 0.000 0.000 0.000 0.150 0 1 0 0 0 0
 204 126911.000 149961.000 0 0 0.000 0.000 0.000 0.132 0 1 0 0 0 0
 205 81571.000 46691.000 0 0 0.000 0.000 0.000 0.140 0 1 0 0 0 0
 206 53577.000 132858.000 0 0 0.000 0.000 0.000 0.141 0 1 0 0 0 0
 207 48210.000 76859.000 0 0 0.000 0.000 0.000 0.145 0 1 0 0 0 0
 208 122297.000 47796.000 0 0 0.000 0.000 0.000 0.133 0 1 0 0 0 0
 209 153225.000 79323.000 0 0 0.000 0.000 0.000 0.135 0 1 0 0 0 0
 210 42793.000 99668.000 0 0 0.000 0.000 0.000 0.141 0 1 0 0 0 0
 211 56144.000 63160.000 0 0 0.000 0.000 0.000 0.137 0 1 0 0 0 0
 212 100779.000 157707.000 0 0 0.000 0.000 0.000 0.131 0 1 0 0 0 0
 213 157069.000 111061.000 0 0 0.000 0.000 0.000 0.143 0 1 0 0 0 0
 214 48521.000 127895.000 0 0 0.000 0.000 0.000 0.142 0 1 0 0 0 0
 215 41921.000 107630.000 0 0 0.000 0.000 0.000 0.137 0 1 0 0 0 0
 216 82834.000 44015.000 0 0 0.000 0.000 0.000 0.131 0 1 0 0 0 0
 217 41394.000 110009.000 0 0 0.000 0.000 0.000 0.147 0 1 0 0 0 0
 218 48274.000 129902.000 0 0 0.000 0.000 0.000 0.138 0 1 0 0 0 0
 219 159568.000 95861.000 0 0 0.000 0.000 0.000 0.152 0 1 0 0 0 0
 220 59030.000 56657.000 0 0 0.000 0.000 0.000 0.132 0 1 0 0 0 0
 221 141958.000 142804.000 0 0 0.000 0.000 0.000 0.203 0 1 0 0 0 0
 222 159391.000 110484.000 0 0 0.000 0.000 0.000 0.140 0 1 0 0 0 0
 223 59139.000 56180.000 0 0 0.000 0.000 0.000 0.134 0 1 0 0 0 0
 224 156632.000 79343.000 0 0 0.000 0.000 0.000 0.148 0 1 0 0 0 0
 225 150724.000 66882.000 0 0 0.000 0.000 0.000 0.137 0 1 0 0 0 0
 226 40458.000 89657.000 0 0 0.000 0.000 0.000 0.130 0 1 0 0 0 0
 227 119269.000 42584.000 0 0 0.000 0.000 0.000 0.145 0 1 0 0 0 0
 228 94095.000 39623.000 0 0 0.000 0.000 0.000 0.137 0 1 0 0 0 0
 229 70880.000 46596.000 0 0 0.000 0.000 0.000 0.143 0 1 0 0 0 0
 230 155431.000 126033.000 0 0 0.000 0.000 0.000 0.135 0 1 0 0 0 0
 231 102708.000 161289.000 0 0 0.000 0.000 0.000 0.135 0 1 0 0 0 0
 232 69976.000 153801.000 0 0 0.000 0.000 0.000 0.141 0 1 0 0 0 0
 233 48580.000 133835.000 0 0 0.000 0.000 0.000 0.131 0 1 0 0 0 0
 234 68892.000 46570.000 0 0 0.000 0.000 0.000 0.137 0 1 0 0 0 0
 235 37804.000 107220.000 0 0 0.000 0.000 0.000 0.136 0 1 0 0 0 0
 236 122978.000 41746.000 0 0 0.000 0.000 0.000 0.145 0 1 0 0 0 0
 237 101666.000 163384.000 0 0 0.000 0.000 0.000 0.144 0 1 0 0 0 0
 238 123486.000 159045.000 0 0 0.000 0.000 0.000 0.134 0 1 0 0 0 0
 239 38665.000 82276.000 0 0 0.000 0.000 0.000 0.138 0 1 0 0 0 0
 240 164173.000 100084.000 0 0 0.000 0.000 0.000 0.148 0 1 0 0 0 0
 241 76143.000 40645.000 0 0 0.000 0.000 0.000 0.140 0 1 0 0 0 0
 242 157582.000 69931.000 0 0 0.000 0.000 0.000 0.139 0 1 0 0 0 0
 243 119805.000 162189.000 0 0 0.000 0.000 0.000 0.140 0 1 0 0 0 0
 244 79580.000 38402.000 0 0 0.000 0.000 0.000 0.137 0 1 0 0 0 0
 245 160633.000 76168.000 0 0 0.000 0.000 0.000 0.130 0 1 0 0 0 0
 246 41145.000 72326.000 0 0 0.000 0.000 0.000 0.138 0 1 0 0 0 0
 247 46759.000 62275.000 0 0 0.000 0.000 0.000 0.136 0 1 0 0 0 0
 248 148742.000 56260.000 0 0 0.000 0.000 0.000 0.132 0 1 0 0 0 0
 249 155125.000 64543.000 0 0 0.000 0.000 0.000 0.148 0 1 0 0 0 0
 250 105924.000 165731.000 0 0 0.000 0.000 0.000 0.133 0 1 0 0 0 0
 251 57483.000 50014.000 0 0 0.000 0.000 0.000 0.141 0 1 0 0 0 0
 252 98891.000 166120.000 0 0 0.000 0.000 0.000 0.144 0 1 0 0 0 0
 253 154158.000 138350.000 0 0 0.000 0.000 0.000 0.138 0 1 0 0 0 0
 254 128723.000 160454.000 0 0 0.000 0.000 0.000 0.147 0 1 0 0 0 0
 255 47162.000 59517.000 0 0 0.000 0.000 0.000 0.144 0 1 0 0 0 0
 256 165473.000 114742.000 0 0 0.000 0.000 0.000 0.130 0 1 0 0 0 0
 257 34738.000 117168.000 0 0 0.000 0.000 0.000 0.149 0 1 0 0 0 0
 258 33695.000 87945.000 0 0 0.000 0.000 0.000 0.140 0 1 0 0 0 0
 259 106071.000 33053.000 0 0 0.000 0.000 0.000 0.153 0 1 0 0 0 0
 260 60920.000 45018.000 0 0 0.000 0.000 0.000 0.134 0 1 0 0 0 0
 261 155743.000 61088.000 0 0 0.000 0.000 0.000 0.134 0 1 0 0 0 0
 262 122429.000 164580.000 0 0 0.000 0.000 0.000 0.133 0 1 0 0 0 0
 263 62877.000 157538.000 0 0 0.000 0.000 0.000 0.145 0 1 0 0 0 0
 264 43088.000 62592.000 0 0 0.000 0.000 0.000 0.132 0 1 0 0 0 0
 265 53938.000 49847.000 0 0 0.000 0.000 0.000 0.151 0 1 0 0 0 0
 266 63285.000 42677.000 0 0 0.000 0.000 0.000 0.147 0 1 0 0 0 0
 267 68351.000 161129.000 0 0 0.000 0.000 0.000 0.132 0 1 0 0 0 0
 268 161702.000 130841.000 0 0 0.000 0.000 0.000 0.137 0 1 0 0 0 0
 269 69694.000 161965.000 0 0 0.000 0.000 0.000 0.146 0 1 0 0 0 0
 270 31576.000 94378.000 0 0 0.000 0.000 0.000 0.134 0 1 0 0 0 0
 271 33744.000 119374.000 0 0 0.000 0.000 0.000 0.139 0 1 0 0 0 0
 272 156602.000 140354.000 0 0 0.000 0.000 0.000 0.137 0 1 0 0 0 0
 273 116059.000 32090.000 0 0 0.000 0.000 0.000 0.132 0 1 0 0 0 0
 274 169233.000 88500.000 0 0 0.000 0.000 0.000 0.148 0 1 0 0 0 0
 275 155389.000 143414.000 0 0 0.000 0.000 0.000 0.133 0 1 0 0 0 0
 276 92980.000 29963.000 0 0 0.000 0.000 0.000 0.155 0 1 0 0 0 0
 277 106953.000 29621.000 0 0 0.000 0.000 0.000 0.130 0 1 0 0 0 0
 278 142550.000 43349.000 0 0 0.000 0.000 0.000 0.133 0 1 0 0 0 0
 279 156411.000 57097.000 0 0 0.000 0.000 0.000 0.131 0 1 0 0 0 0
 280 32773.000 73993.000 0 0 0.000 0.000 0.000 0.147 0 1 0 0 0 0
 281 170820.000 83521.000 0 0 0.000 0.000 0.000 0.130 0 1 0 0 0 0
 282 32725.000 72713.000 0 0 0.000 0.000 0.000 0.142 0 1 0 0 0 0
 283 119455.000 170425.000 0 0 0.000 0.000 0.000 0.130 0 1 0 0 0 0
 284 93582.000 173487.000 0 0 0.000 0.000 0.000 0.144 0 1 0 0 0 0
 285 53139.000 156890.000 0 0 0.000 0.000 0.000 0.133 0 1 0 0 0 0
 286 160474.000 57797.000 0 0 0.000 0.000 0.000 0.141 0 1 0 0 0 0
 287 39519.000 142431.000 0 0 0.000 0.000 0.000 0.132 0 1 0 0 0 0
 288 171767.000 118518.000 0 0 0.000 0.000 0.000 0.146 0 1 0 0 0 0
 289 90025.000 173596.000 0 0 0.000 0.000 0.000 0.135 0 1 0 0 0 0
 290 140813.000 38207.000 0 0 0.000 0.000 0.000 0.158 0 1 0 0 0 0
 291 114953.000 27053.000 0 0 0.000 0.000 0.000 0.132 0 1 0 0 0 0
 292 144456.000 39791.000 0 0 0.000 0.000 0.000 0.245 0 1 0 0 0 0
 293 125075.000 29014.000 0 0 0.000 0.000 0.000 0.140 0 1 0 0 0 0
 294 24779.000 94150.000 0 0 0.000 0.000 0.000 0.141 0 1 0 0 0 0
 295 100833.000 175990.000 0 0 0.000 0.000 0.000 0.137 0 1 0 0 0 0
 296 115832.000 25050.000 0 0 0.000 0.000 0.000 0.132 0 1 0 0 0 0
 297 24299.000 115842.000 0 0 0.000 0.000 0.000 0.143 0 1 0 0 0 0
 298 37897.000 53953.000 0 0 0.000 0.000 0.000 0.136 0 1 0 0 0 0
 299 23530.000 85608.000 0 0 0.000 0.000 0.000 0.131 0 1 0 0 0 0
 300 150387.000 160275.000 0 0 0.000 0.000 0.000 0.131 0 1 0 0 0 0
 301 59906.000 31832.000 0 0 0.000 0.000 0.000 0.135 0 1 0 0 0 0
 302 177481.000 120138.000 0 0 0.000 0.000 0.000 0.150 0 1 0 0 0 0
 303 66571.000 173460.000 0 0 0.000 0.000 0.000 0.131 0 1 0 0 0 0
 304 180656.000 98146.000 0 0 0.000 0.000 0.000 0.130 0 1 0 0 0 0
 305 165163.000 52328.000 0 0 0.000 0.000 0.000 0.134 0 1 0 0 0 0
 306 79206.000 178454.000 0 0 0.000 0.000 0.000 0.139 0 1 0 0 0 0
 307 31387.000 143762.000 0 0 0.000 0.000 0.000 0.137 0 1 0 0 0 0
 308 24802.000 132847.000 0 0 0.000 0.000 0.000 0.210 0 1 0 0 0 0
 309 180730.000 81835.000 0 0 0.000 0.000 0.000 0.141 0 1 0 0 0 0
 310 17674.000 96252.000 0 0 0.000 0.000 0.000 0.487 0 1 0 0 0 0
 311 150515.000 165999.000 0 0 0.000 0.000 0.000 0.141 0 1 0 0 0 0
 312 104063.000 185331.000 0 0 0.000 0.000 0.000 0.132 0 1 0 0 0 0;
ProcessEquipmentIDList 1
  "R375" ;
SummarySpec 5
  TESTNO    NDEFECT    DEFDENSITY    NDIE    NDEFDIE  ;
SummaryList 
  1    312    1.141    1    1  ;
EndOfFile;
