FileVersion 1 2;
FileTimestamp 01-01-26 23:37:07;
InspectionStationID "KLA-Tencor" "SFSSP1" "0901-0728-TBI";
SampleType WAFER;
ResultTimestamp 01-01-26 23:24:16;
LotID "2580";
SampleSize 1 200;
DeviceID "None";
SetupID "T2-2580NR" 01-01-26 23:24:16;
StepID "6391P";
SampleOrientationMarkType NOTCH;
OrientationMarkLocation DOWN;
DiePitch 200000 200000;
DieOrigin 0 0;
WaferID "22";
Slot 22;
SampleCenterLocation 100000 100000;
ClassLookup 1
  0 "0"  ;
OrientationInstructions "Front";
CoordinatesMirrored No;
InspectionTest 1;
SampleTestPlan 1
  0 0 ;
AreaPerTest 2.73534e+010;
ClusterClassificationList 5
  5 200 
  4 200 
  3 200 
  1 200 
  2 200 ;
DefectRecordSpec 15 DEFECTID XREL YREL XINDEX YINDEX XSIZE YSIZE DEFECTAREA DSIZE CLASSNUMBER TEST CLUSTERNUMBER ROUGHBINNUMBER FINEBINNUMBER REVIEWSAMPLE ;
DefectList
 1 69239.000 118920.000 0 0 56.000 48.000 2688.000 51.845 0 1 5 200 0 0
 2 67969.000 119205.000 0 0 56.000 46.000 2576.000 50.754 0 1 5 200 0 0
 3 66270.000 119246.000 0 0 54.000 46.000 2484.000 49.839 0 1 4 200 0 0
 4 65224.000 118834.000 0 0 54.000 44.000 2376.000 48.744 0 1 4 200 0 0
 5 65316.000 118870.000 0 0 54.000 44.000 2376.000 48.744 0 1 4 200 0 0
 6 53251.000 117380.000 0 0 56.000 40.000 2240.000 47.328 0 1 3 200 0 0
 7 158524.000 150208.000 0 0 0.000 0.000 0.000 0.136 0 1 0 0 0 0
 8 16056.000 112499.000 0 0 52.000 30.000 1560.000 39.496 0 1 1 200 0 0
 9 13928.000 112015.000 0 0 52.000 30.000 1560.000 39.496 0 1 1 200 0 0
 10 130961.000 16093.000 0 0 0.000 0.000 0.000 0.224 0 1 0 0 0 0
 11 70694.000 118930.000 0 0 64.429 99.742 6426.319 80.164 0 1 5 200 0 0
 12 70555.000 119029.000 0 0 75.711 117.154 8869.977 94.180 0 1 5 200 0 0
 13 70439.000 118846.000 0 0 20.777 32.589 677.130 26.021 0 1 5 200 0 0
 14 70413.000 119122.000 0 0 99.001 153.181 15165.203 123.147 0 1 5 200 0 0
 15 70289.000 118925.000 0 0 41.733 65.517 2734.288 52.290 0 1 5 200 0 0
 16 70154.000 118709.000 0 0 5.379 8.581 46.167 6.794 0 1 5 200 0 0
 17 70276.000 119224.000 0 0 105.057 162.441 17065.679 130.635 0 1 5 200 0 0
 18 70194.000 119094.000 0 0 7.320 11.426 83.652 9.146 0 1 5 200 0 0
 19 70147.000 119020.000 0 0 51.972 81.576 4239.738 65.113 0 1 5 200 0 0
 20 70004.000 118790.000 0 0 64.551 103.050 6652.004 81.559 0 1 5 200 0 0
 21 70137.000 119323.000 0 0 113.567 175.516 19932.877 141.183 0 1 5 200 0 0
 22 70016.000 119130.000 0 0 85.288 133.678 11401.217 106.776 0 1 5 200 0 0
 23 69872.000 118901.000 0 0 98.581 157.141 15491.356 124.464 0 1 5 200 0 0
 24 69761.000 118720.000 0 0 8.975 14.498 130.135 11.407 0 1 5 200 0 0
 25 69984.000 119399.000 0 0 115.593 178.856 20674.552 143.786 0 1 5 200 0 0
 26 69875.000 119225.000 0 0 90.319 141.524 12782.516 113.059 0 1 5 200 0 0
 27 69760.000 119044.000 0 0 10.043 15.948 160.174 12.655 0 1 5 200 0 0
 28 69715.000 118969.000 0 0 70.018 111.791 7827.448 88.472 0 1 5 200 0 0
 29 69621.000 118817.000 0 0 21.646 34.947 756.498 27.504 0 1 5 200 0 0
 30 69840.000 119488.000 0 0 56.053 86.750 4862.696 69.733 0 1 5 200 0 0
 31 69743.000 119335.000 0 0 116.786 182.759 21343.853 146.095 0 1 5 200 0 0
 32 69596.000 119101.000 0 0 130.024 206.967 26910.849 164.045 0 1 5 200 0 0
 33 69474.000 118902.000 0 0 22.655 36.586 828.889 28.790 0 1 5 200 0 0
 34 69715.000 119608.000 0 0 5.638 8.708 49.096 7.006 0 1 5 200 0 0
 35 69704.000 119590.000 0 0 4.694 7.259 34.077 5.837 0 1 5 200 0 0
 36 69620.000 119460.000 0 0 9.330 14.566 135.912 11.658 0 1 5 200 0 0
 37 69452.000 119191.000 0 0 136.156 216.732 29509.489 171.783 0 1 5 200 0 0
 38 69335.000 119003.000 0 0 46.458 74.968 3482.914 59.016 0 1 5 200 0 0
 39 69194.000 118769.000 0 0 51.288 84.178 4317.408 65.706 0 1 5 200 0 0
 40 69310.000 119283.000 0 0 134.039 213.324 28593.912 169.097 0 1 5 200 0 0
 41 69235.000 119162.000 0 0 3.673 5.897 21.662 4.654 0 1 5 200 0 0
 42 69196.000 119098.000 0 0 53.102 85.650 4548.305 67.441 0 1 5 200 0 0
 43 69127.000 118985.000 0 0 50.054 81.395 4074.250 63.829 0 1 5 200 0 0
 44 69049.000 118858.000 0 0 53.339 87.540 4669.398 68.332 0 1 5 200 0 0
 45 69176.000 119391.000 0 0 96.641 153.619 14846.068 121.844 0 1 5 200 0 0
 46 69059.000 119203.000 0 0 76.560 123.357 9444.281 97.181 0 1 5 200 0 0
 47 68983.000 119077.000 0 0 59.443 96.647 5745.112 75.796 0 1 5 200 0 0
 48 68946.000 119016.000 0 0 3.645 5.952 21.699 4.658 0 1 5 200 0 0
 49 68906.000 118949.000 0 0 69.946 114.777 8028.279 89.600 0 1 5 200 0 0
 50 69022.000 119466.000 0 0 68.122 108.409 7385.162 85.936 0 1 5 200 0 0
 51 68919.000 119298.000 0 0 14.802 23.839 352.876 18.784 0 1 5 200 0 0
 52 68847.000 119181.000 0 0 97.115 157.732 15318.184 123.766 0 1 5 200 0 0
 53 68763.000 119039.000 0 0 73.016 119.796 8747.095 93.525 0 1 5 200 0 0
 54 68701.000 118936.000 0 0 12.708 21.006 266.972 16.339 0 1 5 200 0 0
 55 68669.000 118885.000 0 0 5.430 9.008 48.919 6.994 0 1 5 200 0 0
 56 68878.000 119556.000 0 0 5.623 8.948 50.320 7.093 0 1 5 200 0 0
 57 68873.000 119547.000 0 0 3.747 5.966 22.357 4.728 0 1 5 200 0 0
 58 68849.000 119510.000 0 0 39.283 62.721 2463.926 49.637 0 1 5 200 0 0
 59 68663.000 119205.000 0 0 173.087 282.422 48883.950 221.097 0 1 5 200 0 0
 60 68542.000 119004.000 0 0 59.055 97.758 5773.211 75.981 0 1 5 200 0 0
 61 68567.000 119373.000 0 0 3.713 6.025 22.376 4.730 0 1 5 200 0 0
 62 68521.000 119299.000 0 0 7.399 12.068 89.297 9.449 0 1 5 200 0 0
 63 68434.000 119154.000 0 0 143.245 236.063 33815.167 183.889 0 1 5 200 0 0
 64 68361.000 119032.000 0 0 3.648 6.064 22.127 4.703 0 1 5 200 0 0
 65 68329.000 119308.000 0 0 7.402 12.142 89.881 9.480 0 1 5 200 0 0
 66 68316.000 119289.000 0 0 10.172 16.709 169.986 13.037 0 1 5 200 0 0
 67 68234.000 119153.000 0 0 139.555 231.461 32301.742 179.726 0 1 5 200 0 0
 68 68092.000 119243.000 0 0 14.759 24.473 361.216 19.005 0 1 5 200 0 0
 69 68063.000 119194.000 0 0 8.283 13.782 114.163 10.684 0 1 5 200 0 0
 70 68036.000 119151.000 0 0 16.524 27.580 455.762 21.348 0 1 5 200 0 0
 71 67235.000 118439.000 0 0 53.037 94.243 4998.401 70.699 0 1 4 200 0 0
 72 67087.000 118524.000 0 0 77.240 137.238 10600.283 102.957 0 1 4 200 0 0
 73 66946.000 118620.000 0 0 86.581 153.698 13307.364 115.357 0 1 4 200 0 0
 74 66871.000 118482.000 0 0 26.581 47.645 1266.474 35.587 0 1 4 200 0 0
 75 66759.000 118280.000 0 0 7.008 12.743 89.313 9.450 0 1 4 200 0 0
 76 66799.000 118704.000 0 0 98.629 175.077 17267.757 131.406 0 1 4 200 0 0
 77 66708.000 118540.000 0 0 71.104 127.674 9078.170 95.279 0 1 4 200 0 0
 78 66589.000 118322.000 0 0 48.306 88.087 4255.225 65.232 0 1 4 200 0 0
 79 66656.000 118796.000 0 0 111.733 198.210 22146.691 148.817 0 1 4 200 0 0
 80 66570.000 118642.000 0 0 15.191 27.242 413.871 20.343 0 1 4 200 0 0
 81 66540.000 118585.000 0 0 14.255 25.664 365.848 19.127 0 1 4 200 0 0
 82 66435.000 118395.000 0 0 34.389 62.749 2157.888 46.453 0 1 4 200 0 0
 83 66509.000 118885.000 0 0 120.265 213.277 25649.881 160.155 0 1 4 200 0 0
 84 66427.000 118735.000 0 0 43.109 77.251 3330.248 57.708 0 1 4 200 0 0
 85 66389.000 118664.000 0 0 27.736 49.948 1385.422 37.221 0 1 4 200 0 0
 86 66300.000 118503.000 0 0 68.301 124.393 8496.262 92.175 0 1 4 200 0 0
 87 66318.000 118888.000 0 0 196.484 350.378 68843.954 262.381 0 1 4 200 0 0
 88 66179.000 118636.000 0 0 11.614 21.078 244.817 15.646 0 1 4 200 0 0
 89 66142.000 118568.000 0 0 58.746 107.122 6293.060 79.328 0 1 4 200 0 0
 90 66227.000 119073.000 0 0 56.689 100.378 5690.371 75.434 0 1 4 200 0 0
 91 66122.000 118883.000 0 0 95.955 172.151 16518.900 128.525 0 1 4 200 0 0
 92 66009.000 118679.000 0 0 98.496 179.242 17654.802 132.871 0 1 4 200 0 0
 93 66065.000 119133.000 0 0 44.943 79.711 3582.477 59.853 0 1 4 200 0 0
 94 65989.000 118993.000 0 0 5.461 9.779 53.409 7.308 0 1 4 200 0 0
 95 65949.000 118924.000 0 0 39.011 70.192 2738.280 52.328 0 1 4 200 0 0
 96 65868.000 118776.000 0 0 116.108 211.070 24507.140 156.547 0 1 4 200 0 0
 97 65721.000 118860.000 0 0 114.822 208.697 23963.242 154.800 0 1 4 200 0 0
 98 65572.000 118942.000 0 0 105.668 192.053 20294.031 142.457 0 1 4 200 0 0
 99 65410.000 119000.000 0 0 81.063 147.579 11963.304 109.376 0 1 4 200 0 0
 100 65271.000 119102.000 0 0 2.746 4.992 13.712 3.702 0 1 4 200 0 0
 101 65255.000 119072.000 0 0 28.343 51.633 1463.474 38.255 0 1 4 200 0 0
 102 65111.000 119162.000 0 0 3.673 6.687 24.566 4.956 0 1 4 200 0 0
 103 65104.000 119147.000 0 0 7.340 13.378 98.211 9.910 0 1 4 200 0 0
 104 53722.000 116986.000 0 0 35.014 95.396 3340.269 57.795 0 1 3 200 0 0
 105 53581.000 117092.000 0 0 81.117 220.296 17869.801 133.677 0 1 3 200 0 0
 106 53422.000 117153.000 0 0 83.874 227.745 19101.999 138.209 0 1 3 200 0 0
 107 53263.000 117213.000 0 0 86.642 235.255 20383.140 142.769 0 1 3 200 0 0
 108 53093.000 117245.000 0 0 72.749 197.870 14394.900 119.978 0 1 3 200 0 0
 109 53049.000 117121.000 0 0 9.029 24.761 223.583 14.952 0 1 3 200 0 0
 110 52924.000 117278.000 0 0 86.139 234.690 20216.207 142.183 0 1 3 200 0 0
 111 52769.000 117348.000 0 0 62.375 169.813 10592.175 102.918 0 1 3 200 0 0
 112 52730.000 117237.000 0 0 5.782 15.856 91.693 9.575 0 1 3 200 0 0
 113 52605.000 117394.000 0 0 36.690 99.971 3668.015 60.564 0 1 3 200 0 0
 114 19192.000 112200.000 0 0 4.677 30.979 144.905 12.037 0 1 2 200 0 0
 115 19038.000 112324.000 0 0 38.379 252.115 9676.097 98.367 0 1 2 200 0 0
 116 18868.000 112332.000 0 0 35.470 233.358 8277.451 90.980 0 1 2 200 0 0
 117 18701.000 112362.000 0 0 48.000 315.676 15152.643 123.096 0 1 2 200 0 0
 118 18538.000 112424.000 0 0 54.794 359.273 19686.169 140.307 0 1 2 200 0 0
 119 18370.000 112449.000 0 0 58.484 383.486 22427.826 149.759 0 1 2 200 0 0
 120 18199.000 112462.000 0 0 58.547 384.289 22499.283 149.997 0 1 2 200 0 0
 121 18026.000 112451.000 0 0 47.155 310.441 14639.000 120.991 0 1 2 200 0 0
 122 17867.000 112538.000 0 0 11.419 74.803 854.229 29.227 0 1 2 200 0 0
 123 17851.000 112430.000 0 0 20.258 133.890 2712.462 52.081 0 1 2 200 0 0
 124 16406.000 111933.000 0 0 8.000 56.044 448.405 21.175 0 1 1 200 0 0
 125 16256.000 112088.000 0 0 2.317 16.052 37.200 6.099 0 1 1 200 0 0
 126 16238.000 111964.000 0 0 10.323 72.273 746.129 27.315 0 1 1 200 0 0
 127 16106.000 112238.000 0 0 25.814 176.958 4568.074 67.587 0 1 1 200 0 0
 128 16077.000 112041.000 0 0 27.707 193.106 5350.393 73.146 0 1 1 200 0 0
 129 15939.000 112272.000 0 0 30.002 205.509 6165.799 78.522 0 1 1 200 0 0
 130 15908.000 112054.000 0 0 30.624 213.644 6542.723 80.887 0 1 1 200 0 0
 131 15773.000 112316.000 0 0 32.472 222.059 7210.896 84.916 0 1 1 200 0 0
 132 15736.000 112060.000 0 0 34.772 242.950 8448.061 91.913 0 1 1 200 0 0
 133 15608.000 112366.000 0 0 3.555 24.265 86.286 9.289 0 1 1 200 0 0
 134 15600.000 112303.000 0 0 2.948 20.223 59.621 7.721 0 1 1 200 0 0
 135 15564.000 112050.000 0 0 32.347 226.657 7331.908 85.626 0 1 1 200 0 0
 136 15394.000 112068.000 0 0 35.290 247.406 8731.025 93.439 0 1 1 200 0 0
 137 15240.000 112195.000 0 0 4.675 32.495 151.933 12.326 0 1 1 200 0 0
 138 15225.000 112080.000 0 0 23.744 166.628 3956.553 62.901 0 1 1 200 0 0
 139 14685.000 111895.000 0 0 10.263 73.613 755.538 27.487 0 1 1 200 0 0
 140 14524.000 111983.000 0 0 3.445 24.577 84.685 9.202 0 1 1 200 0 0
 141 14514.000 111907.000 0 0 14.271 102.458 1462.258 38.239 0 1 1 200 0 0
 142 14348.000 111949.000 0 0 22.912 164.226 3762.804 61.341 0 1 1 200 0 0
 143 14180.000 111976.000 0 0 25.261 181.019 4572.889 67.623 0 1 1 200 0 0
 144 14011.000 111986.000 0 0 24.133 173.135 4178.427 64.640 0 1 1 200 0 0
 145 13845.000 112024.000 0 0 1.728 12.386 21.413 4.627 0 1 1 200 0 0
 146 13837.000 111978.000 0 0 1.722 12.387 21.333 4.618 0 1 1 200 0 0;
ProcessEquipmentIDList 1
  "R375" ;
SummarySpec 5
  TESTNO    NDEFECT    DEFDENSITY    NDIE    NDEFDIE  ;
SummaryList 
  1    146    0.5338    1    1  ;
EndOfFile;
