FileVersion 1 2;
FileTimestamp 01-01-26 23:44:33;
InspectionStationID "KLA-Tencor" "SFSSP1" "0901-0728-TBI";
SampleType WAFER;
ResultTimestamp 01-01-26 23:40:39;
LotID "2580";
SampleSize 1 200;
DeviceID "None";
SetupID "T2-2580NR" 01-01-26 23:40:39;
StepID "6391P";
SampleOrientationMarkType NOTCH;
OrientationMarkLocation DOWN;
DiePitch 200000 200000;
DieOrigin 0 0;
WaferID "06";
Slot 6;
SampleCenterLocation 100000 100000;
ClassLookup 1
  0 "0"  ;
OrientationInstructions "Front";
CoordinatesMirrored No;
InspectionTest 1;
SampleTestPlan 1
  0 0 ;
AreaPerTest 2.73518e+010;
DefectRecordSpec 15 DEFECTID XREL YREL XINDEX YINDEX XSIZE YSIZE DEFECTAREA DSIZE CLASSNUMBER TEST CLUSTERNUMBER ROUGHBINNUMBER FINEBINNUMBER REVIEWSAMPLE ;
DefectList
 1 98827.000 107305.000 0 0 0.000 0.000 0.000 0.132 0 1 0 0 0 0
 2 104652.000 105996.000 0 0 0.000 0.000 0.000 0.135 0 1 0 0 0 0
 3 93900.000 108316.000 0 0 0.000 0.000 0.000 0.136 0 1 0 0 0 0
 4 101410.000 110760.000 0 0 0.000 0.000 0.000 0.140 0 1 0 0 0 0
 5 89430.000 105023.000 0 0 0.000 0.000 0.000 0.136 0 1 0 0 0 0
 6 88337.000 99840.000 0 0 0.000 0.000 0.000 0.147 0 1 0 0 0 0
 7 90977.000 107907.000 0 0 0.000 0.000 0.000 0.147 0 1 0 0 0 0
 8 87104.000 102019.000 0 0 0.000 0.000 0.000 200000.000 0 1 0 200 0 0
 9 91380.000 90367.000 0 0 0.000 0.000 0.000 0.148 0 1 0 0 0 0
 10 99667.000 86810.000 0 0 0.000 0.000 0.000 0.143 0 1 0 0 0 0
 11 107331.000 89099.000 0 0 0.000 0.000 0.000 0.130 0 1 0 0 0 0
 12 112064.000 92305.000 0 0 0.000 0.000 0.000 0.138 0 1 0 0 0 0
 13 106814.000 113727.000 0 0 0.000 0.000 0.000 0.137 0 1 0 0 0 0
 14 98583.000 83900.000 0 0 0.000 0.000 0.000 0.141 0 1 0 0 0 0
 15 86616.000 109969.000 0 0 0.000 0.000 0.000 0.133 0 1 0 0 0 0
 16 113030.000 90148.000 0 0 0.000 0.000 0.000 0.134 0 1 0 0 0 0
 17 96453.000 116741.000 0 0 0.000 0.000 0.000 0.133 0 1 0 0 0 0
 18 108475.000 115077.000 0 0 0.000 0.000 0.000 0.130 0 1 0 0 0 0
 19 117247.000 103229.000 0 0 0.000 0.000 0.000 0.152 0 1 0 0 0 0
 20 82519.000 102591.000 0 0 0.000 0.000 0.000 0.156 0 1 0 0 0 0
 21 81814.000 94014.000 0 0 0.000 0.000 0.000 0.135 0 1 0 0 0 0
 22 118676.000 92948.000 0 0 0.000 0.000 0.000 0.133 0 1 0 0 0 0
 23 89549.000 82877.000 0 0 0.000 0.000 0.000 0.157 0 1 0 0 0 0
 24 117453.000 111493.000 0 0 0.000 0.000 0.000 0.141 0 1 0 0 0 0
 25 117987.000 88408.000 0 0 0.000 0.000 0.000 0.143 0 1 0 0 0 0
 26 115349.000 115546.000 0 0 0.000 0.000 0.000 0.145 0 1 0 0 0 0
 27 114368.000 116870.000 0 0 0.000 0.000 0.000 0.160 0 1 0 0 0 0
 28 88528.000 119009.000 0 0 0.000 0.000 0.000 0.152 0 1 0 0 0 0
 29 98547.000 77961.000 0 0 0.000 0.000 0.000 0.196 0 1 0 0 0 0
 30 101103.000 78067.000 0 0 0.000 0.000 0.000 0.136 0 1 0 0 0 0
 31 85581.000 83030.000 0 0 0.000 0.000 0.000 0.137 0 1 0 0 0 0
 32 78760.000 89349.000 0 0 0.000 0.000 0.000 0.137 0 1 0 0 0 0
 33 110605.000 78923.000 0 0 0.000 0.000 0.000 0.133 0 1 0 0 0 0
 34 113292.000 80615.000 0 0 0.000 0.000 0.000 0.130 0 1 0 0 0 0
 35 76128.000 101789.000 0 0 0.000 0.000 0.000 0.131 0 1 0 0 0 0
 36 76733.000 107403.000 0 0 0.000 0.000 0.000 0.133 0 1 0 0 0 0
 37 123482.000 92032.000 0 0 0.000 0.000 0.000 0.130 0 1 0 0 0 0
 38 75972.000 90913.000 0 0 0.000 0.000 0.000 0.144 0 1 0 0 0 0
 39 94918.000 126217.000 0 0 0.000 0.000 0.000 0.139 0 1 0 0 0 0
 40 78404.000 115606.000 0 0 0.000 0.000 0.000 0.134 0 1 0 0 0 0
 41 86814.000 77181.000 0 0 0.000 0.000 0.000 0.147 0 1 0 0 0 0
 42 73595.000 94902.000 0 0 0.000 0.000 0.000 0.133 0 1 0 0 0 0
 43 119909.000 118480.000 0 0 0.000 0.000 0.000 0.153 0 1 0 0 0 0
 44 123595.000 114255.000 0 0 0.000 0.000 0.000 0.144 0 1 0 0 0 0
 45 110793.000 125528.000 0 0 0.000 0.000 0.000 0.130 0 1 0 0 0 0
 46 74428.000 89632.000 0 0 0.000 0.000 0.000 0.156 0 1 0 0 0 0
 47 78818.000 81805.000 0 0 0.000 0.000 0.000 0.136 0 1 0 0 0 0
 48 122874.000 83763.000 0 0 0.000 0.000 0.000 0.138 0 1 0 0 0 0
 49 114177.000 75224.000 0 0 0.000 0.000 0.000 0.133 0 1 0 0 0 0
 50 73569.000 87991.000 0 0 0.000 0.000 0.000 0.133 0 1 0 0 0 0
 51 119920.000 121566.000 0 0 0.000 0.000 0.000 0.131 0 1 0 0 0 0
 52 73315.000 112103.000 0 0 0.000 0.000 0.000 0.132 0 1 0 0 0 0
 53 70468.000 98002.000 0 0 0.000 0.000 0.000 0.145 0 1 0 0 0 0
 54 113112.000 73841.000 0 0 0.000 0.000 0.000 0.132 0 1 0 0 0 0
 55 98204.000 70663.000 0 0 0.000 0.000 0.000 0.130 0 1 0 0 0 0
 56 69997.000 102142.000 0 0 0.000 0.000 0.000 0.139 0 1 0 0 0 0
 57 70517.000 94355.000 0 0 0.000 0.000 0.000 0.131 0 1 0 0 0 0
 58 90087.000 71337.000 0 0 0.000 0.000 0.000 0.131 0 1 0 0 0 0
 59 119161.000 76469.000 0 0 0.000 0.000 0.000 0.132 0 1 0 0 0 0
 60 100612.000 68909.000 0 0 0.000 0.000 0.000 0.146 0 1 0 0 0 0
 61 130537.000 109336.000 0 0 0.000 0.000 0.000 0.144 0 1 0 0 0 0
 62 131760.000 95998.000 0 0 0.000 0.000 0.000 0.132 0 1 0 0 0 0
 63 124025.000 122532.000 0 0 0.000 0.000 0.000 0.137 0 1 0 0 0 0
 64 67179.000 98110.000 0 0 0.000 0.000 0.000 0.134 0 1 0 0 0 0
 65 87588.000 131093.000 0 0 0.000 0.000 0.000 0.140 0 1 0 0 0 0
 66 71604.000 82743.000 0 0 0.000 0.000 0.000 0.142 0 1 0 0 0 0
 67 120073.000 127573.000 0 0 0.000 0.000 0.000 0.142 0 1 0 0 0 0
 68 98713.000 134302.000 0 0 0.000 0.000 0.000 0.130 0 1 0 0 0 0
 69 89735.000 67390.000 0 0 0.000 0.000 0.000 0.151 0 1 0 0 0 0
 70 75136.000 124409.000 0 0 0.000 0.000 0.000 0.135 0 1 0 0 0 0
 71 133189.000 90149.000 0 0 0.000 0.000 0.000 0.136 0 1 0 0 0 0
 72 113239.000 132400.000 0 0 0.000 0.000 0.000 0.131 0 1 0 0 0 0
 73 111644.000 132949.000 0 0 0.000 0.000 0.000 0.137 0 1 0 0 0 0
 74 122877.000 126533.000 0 0 0.000 0.000 0.000 0.154 0 1 0 0 0 0
 75 64551.000 105026.000 0 0 0.000 0.000 0.000 0.140 0 1 0 0 0 0
 76 75406.000 74285.000 0 0 0.000 0.000 0.000 0.142 0 1 0 0 0 0
 77 88597.000 66429.000 0 0 0.000 0.000 0.000 0.135 0 1 0 0 0 0
 78 133716.000 86843.000 0 0 0.000 0.000 0.000 0.137 0 1 0 0 0 0
 79 76526.000 127959.000 0 0 0.000 0.000 0.000 0.145 0 1 0 0 0 0
 80 111412.000 65576.000 0 0 0.000 0.000 0.000 0.143 0 1 0 0 0 0
 81 91720.000 64459.000 0 0 0.000 0.000 0.000 0.133 0 1 0 0 0 0
 82 131638.000 118987.000 0 0 0.000 0.000 0.000 0.143 0 1 0 0 0 0
 83 126280.000 74103.000 0 0 0.000 0.000 0.000 0.132 0 1 0 0 0 0
 84 79413.000 131501.000 0 0 0.000 0.000 0.000 0.153 0 1 0 0 0 0
 85 113091.000 64524.000 0 0 0.000 0.000 0.000 0.130 0 1 0 0 0 0
 86 93538.000 137896.000 0 0 0.000 0.000 0.000 0.151 0 1 0 0 0 0
 87 64577.000 115087.000 0 0 0.000 0.000 0.000 0.137 0 1 0 0 0 0
 88 105940.000 61344.000 0 0 0.000 0.000 0.000 0.133 0 1 0 0 0 0
 89 92877.000 139331.000 0 0 0.000 0.000 0.000 0.132 0 1 0 0 0 0
 90 117201.000 64145.000 0 0 0.000 0.000 0.000 0.141 0 1 0 0 0 0
 91 99964.000 60051.000 0 0 0.000 0.000 0.000 0.134 0 1 0 0 0 0
 92 73726.000 130742.000 0 0 0.000 0.000 0.000 0.137 0 1 0 0 0 0
 93 86352.000 138821.000 0 0 0.000 0.000 0.000 0.131 0 1 0 0 0 0
 94 98384.000 142097.000 0 0 0.000 0.000 0.000 0.135 0 1 0 0 0 0
 95 139018.000 115709.000 0 0 0.000 0.000 0.000 0.147 0 1 0 0 0 0
 96 128662.000 69037.000 0 0 0.000 0.000 0.000 0.138 0 1 0 0 0 0
 97 92253.000 142215.000 0 0 0.000 0.000 0.000 0.135 0 1 0 0 0 0
 98 88578.000 59058.000 0 0 0.000 0.000 0.000 0.133 0 1 0 0 0 0
 99 64456.000 76464.000 0 0 0.000 0.000 0.000 0.141 0 1 0 0 0 0
 100 62774.000 122435.000 0 0 0.000 0.000 0.000 0.132 0 1 0 0 0 0
 101 85662.000 59080.000 0 0 0.000 0.000 0.000 0.133 0 1 0 0 0 0
 102 110243.000 57692.000 0 0 0.000 0.000 0.000 0.133 0 1 0 0 0 0
 103 88886.000 142637.000 0 0 0.000 0.000 0.000 0.146 0 1 0 0 0 0
 104 57071.000 89645.000 0 0 0.000 0.000 0.000 0.136 0 1 0 0 0 0
 105 55943.000 92388.000 0 0 0.000 0.000 0.000 0.139 0 1 0 0 0 0
 106 79300.000 60621.000 0 0 0.000 0.000 0.000 0.144 0 1 0 0 0 0
 107 96356.000 144838.000 0 0 0.000 0.000 0.000 0.137 0 1 0 0 0 0
 108 57889.000 84893.000 0 0 0.000 0.000 0.000 0.140 0 1 0 0 0 0
 109 58208.000 84005.000 0 0 0.000 0.000 0.000 0.144 0 1 0 0 0 0
 110 104074.000 145456.000 0 0 0.000 0.000 0.000 0.135 0 1 0 0 0 0
 111 135283.000 71547.000 0 0 0.000 0.000 0.000 0.136 0 1 0 0 0 0
 112 54319.000 95315.000 0 0 0.000 0.000 0.000 0.137 0 1 0 0 0 0
 113 80024.000 142189.000 0 0 0.000 0.000 0.000 0.132 0 1 0 0 0 0
 114 145923.000 92420.000 0 0 0.000 0.000 0.000 0.138 0 1 0 0 0 0
 115 71607.000 63032.000 0 0 0.000 0.000 0.000 0.144 0 1 0 0 0 0
 116 109594.000 54549.000 0 0 0.000 0.000 0.000 0.147 0 1 0 0 0 0
 117 85554.000 55412.000 0 0 0.000 0.000 0.000 0.137 0 1 0 0 0 0
 118 66501.000 133592.000 0 0 0.000 0.000 0.000 0.136 0 1 0 0 0 0
 119 145030.000 115212.000 0 0 0.000 0.000 0.000 0.152 0 1 0 0 0 0
 120 127018.000 139215.000 0 0 0.000 0.000 0.000 0.133 0 1 0 0 0 0
 121 125011.000 59823.000 0 0 0.000 0.000 0.000 0.132 0 1 0 0 0 0
 122 105347.000 147754.000 0 0 0.000 0.000 0.000 0.136 0 1 0 0 0 0
 123 80434.000 144749.000 0 0 0.000 0.000 0.000 0.133 0 1 0 0 0 0
 124 52098.000 109781.000 0 0 0.000 0.000 0.000 0.143 0 1 0 0 0 0
 125 55826.000 79661.000 0 0 0.000 0.000 0.000 0.136 0 1 0 0 0 0
 126 72489.000 59368.000 0 0 0.000 0.000 0.000 0.138 0 1 0 0 0 0
 127 138864.000 69763.000 0 0 0.000 0.000 0.000 0.139 0 1 0 0 0 0
 128 124760.000 57503.000 0 0 0.000 0.000 0.000 0.135 0 1 0 0 0 0
 129 99423.000 149751.000 0 0 0.000 0.000 0.000 0.140 0 1 0 0 0 0
 130 77612.000 144473.000 0 0 0.000 0.000 0.000 0.132 0 1 0 0 0 0
 131 73579.000 142245.000 0 0 0.000 0.000 0.000 0.144 0 1 0 0 0 0
 132 146919.000 83663.000 0 0 0.000 0.000 0.000 0.131 0 1 0 0 0 0
 133 57315.000 74088.000 0 0 0.000 0.000 0.000 0.133 0 1 0 0 0 0
 134 125869.000 143495.000 0 0 0.000 0.000 0.000 0.134 0 1 0 0 0 0
 135 138904.000 68013.000 0 0 0.000 0.000 0.000 0.132 0 1 0 0 0 0
 136 83434.000 148087.000 0 0 0.000 0.000 0.000 0.139 0 1 0 0 0 0
 137 76450.000 145087.000 0 0 0.000 0.000 0.000 0.131 0 1 0 0 0 0
 138 120254.000 146838.000 0 0 0.000 0.000 0.000 0.131 0 1 0 0 0 0
 139 67872.000 140013.000 0 0 0.000 0.000 0.000 0.134 0 1 0 0 0 0
 140 60052.000 132722.000 0 0 0.000 0.000 0.000 0.133 0 1 0 0 0 0
 141 113989.000 50536.000 0 0 0.000 0.000 0.000 0.141 0 1 0 0 0 0
 142 59448.000 67904.000 0 0 0.000 0.000 0.000 0.135 0 1 0 0 0 0
 143 114037.000 150301.000 0 0 0.000 0.000 0.000 0.133 0 1 0 0 0 0
 144 52376.000 120984.000 0 0 0.000 0.000 0.000 0.135 0 1 0 0 0 0
 145 136991.000 136811.000 0 0 0.000 0.000 0.000 0.137 0 1 0 0 0 0
 146 66164.000 60476.000 0 0 0.000 0.000 0.000 0.153 0 1 0 0 0 0
 147 149669.000 84397.000 0 0 0.000 0.000 0.000 0.130 0 1 0 0 0 0
 148 84186.000 150125.000 0 0 0.000 0.000 0.000 0.131 0 1 0 0 0 0
 149 74184.000 145642.000 0 0 0.000 0.000 0.000 0.134 0 1 0 0 0 0
 150 55400.000 127675.000 0 0 0.000 0.000 0.000 0.157 0 1 0 0 0 0
 151 149317.000 79400.000 0 0 0.000 0.000 0.000 0.131 0 1 0 0 0 0
 152 140687.000 135651.000 0 0 0.000 0.000 0.000 0.132 0 1 0 0 0 0
 153 149762.000 78392.000 0 0 0.000 0.000 0.000 0.158 0 1 0 0 0 0
 154 133587.000 57303.000 0 0 0.000 0.000 0.000 0.135 0 1 0 0 0 0
 155 139157.000 138283.000 0 0 0.000 0.000 0.000 0.134 0 1 0 0 0 0
 156 79393.000 150803.000 0 0 0.000 0.000 0.000 0.131 0 1 0 0 0 0
 157 99740.000 45469.000 0 0 0.000 0.000 0.000 0.132 0 1 0 0 0 0
 158 46472.000 115482.000 0 0 0.000 0.000 0.000 0.138 0 1 0 0 0 0
 159 136485.000 58186.000 0 0 0.000 0.000 0.000 0.130 0 1 0 0 0 0
 160 92400.000 44726.000 0 0 0.000 0.000 0.000 0.136 0 1 0 0 0 0
 161 145342.000 135513.000 0 0 0.000 0.000 0.000 0.136 0 1 0 0 0 0
 162 47644.000 72250.000 0 0 0.000 0.000 0.000 0.138 0 1 0 0 0 0
 163 111680.000 158535.000 0 0 0.000 0.000 0.000 0.134 0 1 0 0 0 0
 164 44061.000 120687.000 0 0 0.000 0.000 0.000 0.154 0 1 0 0 0 0
 165 156552.000 81097.000 0 0 0.000 0.000 0.000 0.132 0 1 0 0 0 0
 166 41176.000 88184.000 0 0 0.000 0.000 0.000 0.136 0 1 0 0 0 0
 167 45967.000 73637.000 0 0 0.000 0.000 0.000 0.134 0 1 0 0 0 0
 168 71398.000 153562.000 0 0 0.000 0.000 0.000 0.139 0 1 0 0 0 0
 169 72705.000 46148.000 0 0 0.000 0.000 0.000 0.133 0 1 0 0 0 0
 170 160233.000 107545.000 0 0 0.000 0.000 0.000 0.146 0 1 0 0 0 0
 171 133557.000 150876.000 0 0 0.000 0.000 0.000 0.141 0 1 0 0 0 0
 172 44773.000 126573.000 0 0 0.000 0.000 0.000 0.138 0 1 0 0 0 0
 173 114780.000 159637.000 0 0 0.000 0.000 0.000 0.130 0 1 0 0 0 0
 174 49577.000 64131.000 0 0 0.000 0.000 0.000 0.137 0 1 0 0 0 0
 175 56225.000 144883.000 0 0 0.000 0.000 0.000 0.136 0 1 0 0 0 0
 176 162567.000 93361.000 0 0 0.000 0.000 0.000 0.135 0 1 0 0 0 0
 177 72444.000 157528.000 0 0 0.000 0.000 0.000 0.132 0 1 0 0 0 0
 178 39781.000 78177.000 0 0 0.000 0.000 0.000 0.134 0 1 0 0 0 0
 179 163966.000 104912.000 0 0 0.000 0.000 0.000 0.140 0 1 0 0 0 0
 180 57914.000 51187.000 0 0 0.000 0.000 0.000 0.138 0 1 0 0 0 0
 181 35712.000 91761.000 0 0 0.000 0.000 0.000 0.144 0 1 0 0 0 0
 182 147980.000 55904.000 0 0 0.000 0.000 0.000 0.134 0 1 0 0 0 0
 183 97531.000 34958.000 0 0 0.000 0.000 0.000 0.130 0 1 0 0 0 0
 184 154591.000 136897.000 0 0 0.000 0.000 0.000 0.131 0 1 0 0 0 0
 185 61144.000 46586.000 0 0 0.000 0.000 0.000 0.130 0 1 0 0 0 0
 186 60603.000 46714.000 0 0 0.000 0.000 0.000 0.134 0 1 0 0 0 0
 187 56013.000 150326.000 0 0 0.000 0.000 0.000 0.132 0 1 0 0 0 0
 188 85223.000 165686.000 0 0 0.000 0.000 0.000 0.133 0 1 0 0 0 0
 189 167076.000 94754.000 0 0 0.000 0.000 0.000 0.148 0 1 0 0 0 0
 190 36069.000 71761.000 0 0 0.000 0.000 0.000 0.130 0 1 0 0 0 0
 191 67332.000 162838.000 0 0 0.000 0.000 0.000 0.132 0 1 0 0 0 0
 192 50048.000 50213.000 0 0 0.000 0.000 0.000 0.139 0 1 0 0 0 0
 193 170619.000 98506.000 0 0 0.000 0.000 0.000 0.130 0 1 0 0 0 0
 194 149309.000 153745.000 0 0 0.000 0.000 0.000 200000.000 0 1 0 200 0 0
 195 168607.000 75429.000 0 0 0.000 0.000 0.000 0.139 0 1 0 0 0 0
 196 173156.000 104691.000 0 0 0.000 0.000 0.000 0.131 0 1 0 0 0 0
 197 120441.000 28791.000 0 0 0.000 0.000 0.000 0.149 0 1 0 0 0 0
 198 172776.000 115292.000 0 0 0.000 0.000 0.000 0.130 0 1 0 0 0 0
 199 142174.000 161715.000 0 0 0.000 0.000 0.000 0.140 0 1 0 0 0 0
 200 66746.000 32450.000 0 0 0.000 0.000 0.000 0.130 0 1 0 0 0 0
 201 25962.000 82617.000 0 0 0.000 0.000 0.000 0.138 0 1 0 0 0 0
 202 170333.000 71103.000 0 0 0.000 0.000 0.000 0.131 0 1 0 0 0 0
 203 170765.000 128750.000 0 0 0.000 0.000 0.000 0.152 0 1 0 0 0 0
 204 22980.000 103706.000 0 0 0.000 0.000 0.000 0.137 0 1 0 0 0 0
 205 59435.000 34819.000 0 0 0.000 0.000 0.000 0.133 0 1 0 0 0 0
 206 154370.000 158944.000 0 0 0.000 0.000 0.000 0.141 0 1 0 0 0 0
 207 152892.000 160807.000 0 0 0.000 0.000 0.000 0.132 0 1 0 0 0 0
 208 129200.000 23090.000 0 0 0.000 0.000 0.000 0.134 0 1 0 0 0 0
 209 171436.000 58742.000 0 0 0.000 0.000 0.000 0.139 0 1 0 0 0 0
 210 32218.000 49152.000 0 0 0.000 0.000 0.000 0.132 0 1 0 0 0 0
 211 185173.000 141049.000 0 0 0.000 0.000 0.000 0.130 0 1 0 0 0 0;
ProcessEquipmentIDList 1
  "R375" ;
SummarySpec 5
  TESTNO    NDEFECT    DEFDENSITY    NDIE    NDEFDIE  ;
SummaryList 
  1    211    0.7714    1    1  ;
EndOfFile;
