FileVersion 1 2;
FileTimestamp 01-01-26 22:46:51;
InspectionStationID "KLA-Tencor" "SFSSP1" "0901-0728-TBI";
SampleType WAFER;
ResultTimestamp 01-01-26 22:22:36;
LotID "2580";
SampleSize 1 200;
DeviceID "None";
SetupID "T2-2580NR" 01-01-26 22:22:36;
StepID "6391P";
SampleOrientationMarkType NOTCH;
OrientationMarkLocation DOWN;
DiePitch 200000 200000;
DieOrigin 0 0;
WaferID "24";
Slot 24;
SampleCenterLocation 100000 100000;
ClassLookup 1
  0 "0"  ;
OrientationInstructions "Front";
CoordinatesMirrored No;
InspectionTest 1;
SampleTestPlan 1
  0 0 ;
AreaPerTest 2.73517e+010;
DefectRecordSpec 15 DEFECTID XREL YREL XINDEX YINDEX XSIZE YSIZE DEFECTAREA DSIZE CLASSNUMBER TEST CLUSTERNUMBER ROUGHBINNUMBER FINEBINNUMBER REVIEWSAMPLE ;
DefectList
 1 101749.000 98028.000 0 0 0.000 0.000 0.000 0.138 0 1 0 0 0 0
 2 103208.000 102243.000 0 0 0.000 0.000 0.000 0.151 0 1 0 0 0 0
 3 97237.000 96175.000 0 0 0.000 0.000 0.000 0.133 0 1 0 0 0 0
 4 97673.000 107863.000 0 0 0.000 0.000 0.000 0.140 0 1 0 0 0 0
 5 93739.000 94300.000 0 0 0.000 0.000 0.000 0.139 0 1 0 0 0 0
 6 99374.000 89034.000 0 0 0.000 0.000 0.000 0.144 0 1 0 0 0 0
 7 111478.000 97599.000 0 0 0.000 0.000 0.000 0.138 0 1 0 0 0 0
 8 89088.000 94505.000 0 0 0.000 0.000 0.000 0.140 0 1 0 0 0 0
 9 89566.000 93218.000 0 0 0.000 0.000 0.000 0.137 0 1 0 0 0 0
 10 87540.000 98617.000 0 0 0.000 0.000 0.000 0.143 0 1 0 0 0 0
 11 107902.000 89466.000 0 0 0.000 0.000 0.000 0.132 0 1 0 0 0 0
 12 86890.000 99279.000 0 0 0.000 0.000 0.000 0.136 0 1 0 0 0 0
 13 113506.000 102861.000 0 0 0.000 0.000 0.000 0.167 0 1 0 0 0 0
 14 114638.000 100861.000 0 0 0.000 0.000 0.000 0.153 0 1 0 0 0 0
 15 86457.000 91007.000 0 0 0.000 0.000 0.000 0.183 0 1 0 0 0 0
 16 115850.000 94649.000 0 0 0.000 0.000 0.000 0.134 0 1 0 0 0 0
 17 106329.000 115212.000 0 0 0.000 0.000 0.000 0.144 0 1 0 0 0 0
 18 118954.000 100372.000 0 0 0.000 0.000 0.000 0.144 0 1 0 0 0 0
 19 86375.000 112894.000 0 0 0.000 0.000 0.000 0.151 0 1 0 0 0 0
 20 116867.000 109231.000 0 0 0.000 0.000 0.000 0.153 0 1 0 0 0 0
 21 83004.000 91039.000 0 0 0.000 0.000 0.000 0.142 0 1 0 0 0 0
 22 83715.000 89769.000 0 0 0.000 0.000 0.000 0.134 0 1 0 0 0 0
 23 79533.000 99154.000 0 0 0.000 0.000 0.000 0.142 0 1 0 0 0 0
 24 113633.000 118738.000 0 0 0.000 0.000 0.000 0.145 0 1 0 0 0 0
 25 122402.000 92304.000 0 0 0.000 0.000 0.000 0.139 0 1 0 0 0 0
 26 96295.000 122964.000 0 0 0.000 0.000 0.000 0.132 0 1 0 0 0 0
 27 122591.000 108128.000 0 0 0.000 0.000 0.000 0.134 0 1 0 0 0 0
 28 114131.000 119608.000 0 0 0.000 0.000 0.000 0.136 0 1 0 0 0 0
 29 99305.000 123980.000 0 0 0.000 0.000 0.000 0.142 0 1 0 0 0 0
 30 108551.000 77107.000 0 0 0.000 0.000 0.000 0.133 0 1 0 0 0 0
 31 114798.000 80364.000 0 0 0.000 0.000 0.000 0.143 0 1 0 0 0 0
 32 115892.000 118717.000 0 0 0.000 0.000 0.000 0.131 0 1 0 0 0 0
 33 108674.000 123658.000 0 0 0.000 0.000 0.000 0.133 0 1 0 0 0 0
 34 119194.000 119103.000 0 0 0.000 0.000 0.000 0.136 0 1 0 0 0 0
 35 126696.000 106199.000 0 0 0.000 0.000 0.000 0.142 0 1 0 0 0 0
 36 85942.000 75935.000 0 0 0.000 0.000 0.000 0.139 0 1 0 0 0 0
 37 110652.000 73554.000 0 0 0.000 0.000 0.000 0.144 0 1 0 0 0 0
 38 85434.000 124207.000 0 0 0.000 0.000 0.000 0.140 0 1 0 0 0 0
 39 70939.000 97697.000 0 0 0.000 0.000 0.000 0.137 0 1 0 0 0 0
 40 90407.000 72088.000 0 0 0.000 0.000 0.000 0.133 0 1 0 0 0 0
 41 106618.000 129127.000 0 0 0.000 0.000 0.000 0.145 0 1 0 0 0 0
 42 71157.000 92040.000 0 0 0.000 0.000 0.000 0.131 0 1 0 0 0 0
 43 107755.000 129313.000 0 0 0.000 0.000 0.000 0.134 0 1 0 0 0 0
 44 121426.000 77715.000 0 0 0.000 0.000 0.000 0.131 0 1 0 0 0 0
 45 109729.000 70573.000 0 0 0.000 0.000 0.000 0.132 0 1 0 0 0 0
 46 119158.000 73892.000 0 0 0.000 0.000 0.000 0.143 0 1 0 0 0 0
 47 104793.000 131922.000 0 0 0.000 0.000 0.000 0.140 0 1 0 0 0 0
 48 86048.000 129010.000 0 0 0.000 0.000 0.000 0.145 0 1 0 0 0 0
 49 132526.000 92580.000 0 0 0.000 0.000 0.000 0.135 0 1 0 0 0 0
 50 121153.000 73851.000 0 0 0.000 0.000 0.000 0.140 0 1 0 0 0 0
 51 100550.000 66355.000 0 0 0.000 0.000 0.000 0.131 0 1 0 0 0 0
 52 94716.000 133047.000 0 0 0.000 0.000 0.000 0.135 0 1 0 0 0 0
 53 98608.000 65533.000 0 0 0.000 0.000 0.000 0.157 0 1 0 0 0 0
 54 129118.000 81419.000 0 0 0.000 0.000 0.000 0.133 0 1 0 0 0 0
 55 128093.000 119834.000 0 0 0.000 0.000 0.000 0.160 0 1 0 0 0 0
 56 119837.000 128513.000 0 0 0.000 0.000 0.000 0.137 0 1 0 0 0 0
 57 123029.000 73254.000 0 0 0.000 0.000 0.000 0.143 0 1 0 0 0 0
 58 74796.000 74939.000 0 0 0.000 0.000 0.000 0.143 0 1 0 0 0 0
 59 78200.000 71989.000 0 0 0.000 0.000 0.000 0.132 0 1 0 0 0 0
 60 93818.000 64812.000 0 0 0.000 0.000 0.000 0.130 0 1 0 0 0 0
 61 75007.000 74000.000 0 0 0.000 0.000 0.000 0.135 0 1 0 0 0 0
 62 99416.000 136405.000 0 0 0.000 0.000 0.000 0.140 0 1 0 0 0 0
 63 63629.000 98226.000 0 0 0.000 0.000 0.000 0.134 0 1 0 0 0 0
 64 83345.000 66916.000 0 0 0.000 0.000 0.000 0.138 0 1 0 0 0 0
 65 132264.000 80984.000 0 0 0.000 0.000 0.000 0.143 0 1 0 0 0 0
 66 135846.000 88360.000 0 0 0.000 0.000 0.000 0.133 0 1 0 0 0 0
 67 62776.000 96757.000 0 0 0.000 0.000 0.000 0.135 0 1 0 0 0 0
 68 85121.000 64456.000 0 0 0.000 0.000 0.000 0.136 0 1 0 0 0 0
 69 137874.000 107552.000 0 0 0.000 0.000 0.000 0.132 0 1 0 0 0 0
 70 124024.000 130389.000 0 0 0.000 0.000 0.000 0.135 0 1 0 0 0 0
 71 95683.000 138512.000 0 0 0.000 0.000 0.000 0.150 0 1 0 0 0 0
 72 135272.000 81622.000 0 0 0.000 0.000 0.000 0.155 0 1 0 0 0 0
 73 103454.000 140005.000 0 0 0.000 0.000 0.000 0.136 0 1 0 0 0 0
 74 72978.000 69857.000 0 0 0.000 0.000 0.000 0.140 0 1 0 0 0 0
 75 59491.000 95904.000 0 0 0.000 0.000 0.000 0.142 0 1 0 0 0 0
 76 83421.000 137370.000 0 0 0.000 0.000 0.000 0.151 0 1 0 0 0 0
 77 131816.000 126066.000 0 0 0.000 0.000 0.000 0.162 0 1 0 0 0 0
 78 140738.000 91611.000 0 0 0.000 0.000 0.000 0.134 0 1 0 0 0 0
 79 79048.000 135607.000 0 0 0.000 0.000 0.000 0.133 0 1 0 0 0 0
 80 140882.000 109225.000 0 0 0.000 0.000 0.000 0.135 0 1 0 0 0 0
 81 142213.000 95668.000 0 0 0.000 0.000 0.000 0.140 0 1 0 0 0 0
 82 83033.000 140721.000 0 0 0.000 0.000 0.000 0.213 0 1 0 0 0 0
 83 129370.000 134070.000 0 0 0.000 0.000 0.000 0.144 0 1 0 0 0 0
 84 133250.000 130724.000 0 0 0.000 0.000 0.000 0.142 0 1 0 0 0 0
 85 55448.000 92121.000 0 0 0.000 0.000 0.000 0.134 0 1 0 0 0 0
 86 98663.000 53811.000 0 0 0.000 0.000 0.000 0.139 0 1 0 0 0 0
 87 143579.000 81950.000 0 0 0.000 0.000 0.000 0.132 0 1 0 0 0 0
 88 67970.000 134132.000 0 0 0.000 0.000 0.000 0.143 0 1 0 0 0 0
 89 103959.000 52907.000 0 0 0.000 0.000 0.000 0.132 0 1 0 0 0 0
 90 120439.000 56851.000 0 0 0.000 0.000 0.000 0.141 0 1 0 0 0 0
 91 71057.000 137659.000 0 0 0.000 0.000 0.000 0.160 0 1 0 0 0 0
 92 58673.000 124084.000 0 0 0.000 0.000 0.000 0.137 0 1 0 0 0 0
 93 148242.000 98385.000 0 0 0.000 0.000 0.000 0.134 0 1 0 0 0 0
 94 80328.000 143709.000 0 0 0.000 0.000 0.000 0.156 0 1 0 0 0 0
 95 74153.000 59225.000 0 0 0.000 0.000 0.000 0.144 0 1 0 0 0 0
 96 69453.000 62266.000 0 0 0.000 0.000 0.000 0.131 0 1 0 0 0 0
 97 93310.000 51718.000 0 0 0.000 0.000 0.000 0.166 0 1 0 0 0 0
 98 96053.000 149425.000 0 0 0.000 0.000 0.000 0.136 0 1 0 0 0 0
 99 87568.000 51561.000 0 0 0.000 0.000 0.000 0.135 0 1 0 0 0 0
 100 84384.000 147271.000 0 0 0.000 0.000 0.000 0.131 0 1 0 0 0 0
 101 70211.000 140587.000 0 0 0.000 0.000 0.000 0.132 0 1 0 0 0 0
 102 51617.000 113635.000 0 0 0.000 0.000 0.000 0.133 0 1 0 0 0 0
 103 151910.000 99304.000 0 0 0.000 0.000 0.000 0.136 0 1 0 0 0 0
 104 48368.000 99468.000 0 0 0.000 0.000 0.000 0.134 0 1 0 0 0 0
 105 127109.000 144847.000 0 0 0.000 0.000 0.000 0.131 0 1 0 0 0 0
 106 105310.000 47551.000 0 0 0.000 0.000 0.000 0.258 0 1 0 0 0 0
 107 137932.000 63181.000 0 0 0.000 0.000 0.000 0.137 0 1 0 0 0 0
 108 66963.000 140679.000 0 0 0.000 0.000 0.000 0.139 0 1 0 0 0 0
 109 127894.000 53433.000 0 0 0.000 0.000 0.000 0.145 0 1 0 0 0 0
 110 149410.000 124414.000 0 0 0.000 0.000 0.000 0.134 0 1 0 0 0 0
 111 115161.000 152935.000 0 0 0.000 0.000 0.000 0.163 0 1 0 0 0 0
 112 156307.000 106728.000 0 0 0.000 0.000 0.000 0.149 0 1 0 0 0 0
 113 152227.000 122233.000 0 0 0.000 0.000 0.000 0.136 0 1 0 0 0 0
 114 49158.000 73297.000 0 0 0.000 0.000 0.000 0.130 0 1 0 0 0 0
 115 57370.000 138519.000 0 0 0.000 0.000 0.000 0.154 0 1 0 0 0 0
 116 60461.000 57396.000 0 0 0.000 0.000 0.000 0.146 0 1 0 0 0 0
 117 159603.000 93677.000 0 0 0.000 0.000 0.000 0.228 0 1 0 0 0 0
 118 159702.000 93742.000 0 0 0.000 0.000 0.000 0.130 0 1 0 0 0 0
 119 57045.000 142070.000 0 0 0.000 0.000 0.000 0.145 0 1 0 0 0 0
 120 123177.000 43127.000 0 0 0.000 0.000 0.000 0.143 0 1 0 0 0 0
 121 123321.000 157122.000 0 0 0.000 0.000 0.000 0.133 0 1 0 0 0 0
 122 58805.000 145941.000 0 0 0.000 0.000 0.000 0.160 0 1 0 0 0 0
 123 39935.000 75638.000 0 0 0.000 0.000 0.000 0.132 0 1 0 0 0 0
 124 34873.000 98009.000 0 0 0.000 0.000 0.000 0.132 0 1 0 0 0 0
 125 49839.000 141846.000 0 0 0.000 0.000 0.000 0.138 0 1 0 0 0 0
 126 34549.000 88069.000 0 0 0.000 0.000 0.000 0.140 0 1 0 0 0 0
 127 167778.000 93537.000 0 0 0.000 0.000 0.000 0.132 0 1 0 0 0 0
 128 51773.000 147730.000 0 0 0.000 0.000 0.000 0.144 0 1 0 0 0 0
 129 153644.000 142670.000 0 0 0.000 0.000 0.000 0.131 0 1 0 0 0 0
 130 82485.000 169461.000 0 0 0.000 0.000 0.000 0.131 0 1 0 0 0 0
 131 109861.000 28237.000 0 0 0.000 0.000 0.000 0.135 0 1 0 0 0 0
 132 110523.000 172840.000 0 0 0.000 0.000 0.000 0.133 0 1 0 0 0 0
 133 71380.000 169803.000 0 0 0.000 0.000 0.000 0.162 0 1 0 0 0 0
 134 178401.000 109398.000 0 0 0.000 0.000 0.000 0.133 0 1 0 0 0 0
 135 37852.000 44758.000 0 0 0.000 0.000 0.000 200000.000 0 1 0 200 0 0
 136 157247.000 166532.000 0 0 0.000 0.000 0.000 0.130 0 1 0 0 0 0
 137 52470.000 21872.000 0 0 0.000 0.000 0.000 0.148 0 1 0 0 0 0
 138 42757.000 173011.000 0 0 0.000 0.000 0.000 0.242 0 1 0 0 0 0
 139 13681.000 134971.000 0 0 0.000 0.000 0.000 200000.000 0 1 0 200 0 0
 140 7001.000 117096.000 0 0 0.000 0.000 0.000 0.201 0 1 0 0 0 0;
ProcessEquipmentIDList 1
  "R375" ;
SummarySpec 5
  TESTNO    NDEFECT    DEFDENSITY    NDIE    NDEFDIE  ;
SummaryList 
  1    140    0.5119    1    1  ;
EndOfFile;
