FileVersion 1 2;
FileTimestamp 01-01-26 23:00:03;
InspectionStationID "KLA-Tencor" "SFSSP1" "0901-0728-TBI";
SampleType WAFER;
ResultTimestamp 01-01-26 22:51:07;
LotID "2580";
SampleSize 1 200;
DeviceID "None";
SetupID "T2-2580NR" 01-01-26 22:51:07;
StepID "6391P";
SampleOrientationMarkType NOTCH;
OrientationMarkLocation DOWN;
DiePitch 200000 200000;
DieOrigin 0 0;
WaferID "15";
Slot 15;
SampleCenterLocation 100000 100000;
ClassLookup 1
  0 "0"  ;
OrientationInstructions "Front";
CoordinatesMirrored No;
InspectionTest 1;
SampleTestPlan 1
  0 0 ;
AreaPerTest 2.73523e+010;
ClusterClassificationList 1
  1 200 ;
DefectRecordSpec 15 DEFECTID XREL YREL XINDEX YINDEX XSIZE YSIZE DEFECTAREA DSIZE CLASSNUMBER TEST CLUSTERNUMBER ROUGHBINNUMBER FINEBINNUMBER REVIEWSAMPLE ;
DefectList
 1 95142.000 99803.000 0 0 0.000 0.000 0.000 0.130 0 1 0 0 0 0
 2 104692.000 103401.000 0 0 0.000 0.000 0.000 0.140 0 1 0 0 0 0
 3 103814.000 92894.000 0 0 0.000 0.000 0.000 0.168 0 1 0 0 0 0
 4 108123.000 97958.000 0 0 0.000 0.000 0.000 0.156 0 1 0 0 0 0
 5 108340.000 101299.000 0 0 0.000 0.000 0.000 0.143 0 1 0 0 0 0
 6 107126.000 106672.000 0 0 0.000 0.000 0.000 0.135 0 1 0 0 0 0
 7 94183.000 92331.000 0 0 0.000 0.000 0.000 0.138 0 1 0 0 0 0
 8 103370.000 90175.000 0 0 0.000 0.000 0.000 0.134 0 1 0 0 0 0
 9 89591.000 97694.000 0 0 0.000 0.000 0.000 0.131 0 1 0 0 0 0
 10 106428.000 109145.000 0 0 0.000 0.000 0.000 0.142 0 1 0 0 0 0
 11 100258.000 111254.000 0 0 0.000 0.000 0.000 0.130 0 1 0 0 0 0
 12 107823.000 108559.000 0 0 0.000 0.000 0.000 0.148 0 1 0 0 0 0
 13 88731.000 98240.000 0 0 0.000 0.000 0.000 0.144 0 1 0 0 0 0
 14 97803.000 88444.000 0 0 0.000 0.000 0.000 0.138 0 1 0 0 0 0
 15 97307.000 88456.000 0 0 0.000 0.000 0.000 0.152 0 1 0 0 0 0
 16 96077.000 87977.000 0 0 0.000 0.000 0.000 0.145 0 1 0 0 0 0
 17 101237.000 86584.000 0 0 0.000 0.000 0.000 0.235 0 1 0 0 0 0
 18 97378.000 114228.000 0 0 0.000 0.000 0.000 0.136 0 1 0 0 0 0
 19 107507.000 112693.000 0 0 0.000 0.000 0.000 0.148 0 1 0 0 0 0
 20 86185.000 105221.000 0 0 0.000 0.000 0.000 0.145 0 1 0 0 0 0
 21 107938.000 112892.000 0 0 0.000 0.000 0.000 0.136 0 1 0 0 0 0
 22 114302.000 107641.000 0 0 0.000 0.000 0.000 0.132 0 1 0 0 0 0
 23 104705.000 115902.000 0 0 0.000 0.000 0.000 0.130 0 1 0 0 0 0
 24 82532.000 96924.000 0 0 0.000 0.000 0.000 0.155 0 1 0 0 0 0
 25 88455.000 114608.000 0 0 0.000 0.000 0.000 0.138 0 1 0 0 0 0
 26 82445.000 94360.000 0 0 0.000 0.000 0.000 0.133 0 1 0 0 0 0
 27 118279.000 96105.000 0 0 0.000 0.000 0.000 0.141 0 1 0 0 0 0
 28 118016.000 106189.000 0 0 0.000 0.000 0.000 0.151 0 1 0 0 0 0
 29 82928.000 108964.000 0 0 0.000 0.000 0.000 0.133 0 1 0 0 0 0
 30 99038.000 80357.000 0 0 0.000 0.000 0.000 0.132 0 1 0 0 0 0
 31 85841.000 114209.000 0 0 0.000 0.000 0.000 0.138 0 1 0 0 0 0
 32 82005.000 109372.000 0 0 0.000 0.000 0.000 0.138 0 1 0 0 0 0
 33 83654.000 88630.000 0 0 0.000 0.000 0.000 0.131 0 1 0 0 0 0
 34 82429.000 111138.000 0 0 0.000 0.000 0.000 0.136 0 1 0 0 0 0
 35 120637.000 103138.000 0 0 0.000 0.000 0.000 0.160 0 1 0 0 0 0
 36 105081.000 121486.000 0 0 0.000 0.000 0.000 0.148 0 1 0 0 0 0
 37 116649.000 114830.000 0 0 0.000 0.000 0.000 0.132 0 1 0 0 0 0
 38 112804.000 81858.000 0 0 0.000 0.000 0.000 0.132 0 1 0 0 0 0
 39 89630.000 120264.000 0 0 0.000 0.000 0.000 0.133 0 1 0 0 0 0
 40 112760.000 119763.000 0 0 0.000 0.000 0.000 0.144 0 1 0 0 0 0
 41 78817.000 109711.000 0 0 0.000 0.000 0.000 0.172 0 1 0 0 0 0
 42 80781.000 114281.000 0 0 0.000 0.000 0.000 0.138 0 1 0 0 0 0
 43 89726.000 121972.000 0 0 0.000 0.000 0.000 0.134 0 1 0 0 0 0
 44 77566.000 91337.000 0 0 0.000 0.000 0.000 0.135 0 1 0 0 0 0
 45 79965.000 86621.000 0 0 0.000 0.000 0.000 0.137 0 1 0 0 0 0
 46 94137.000 76734.000 0 0 0.000 0.000 0.000 0.140 0 1 0 0 0 0
 47 118011.000 83861.000 0 0 0.000 0.000 0.000 0.131 0 1 0 0 0 0
 48 124435.000 100848.000 0 0 0.000 0.000 0.000 0.160 0 1 0 0 0 0
 49 122526.000 89442.000 0 0 0.000 0.000 0.000 0.132 0 1 0 0 0 0
 50 75311.000 94055.000 0 0 0.000 0.000 0.000 0.132 0 1 0 0 0 0
 51 91722.000 75117.000 0 0 0.000 0.000 0.000 0.149 0 1 0 0 0 0
 52 79447.000 117021.000 0 0 0.000 0.000 0.000 0.135 0 1 0 0 0 0
 53 124651.000 89544.000 0 0 0.000 0.000 0.000 0.132 0 1 0 0 0 0
 54 103202.000 73430.000 0 0 0.000 0.000 0.000 0.156 0 1 0 0 0 0
 55 98606.000 73026.000 0 0 0.000 0.000 0.000 0.139 0 1 0 0 0 0
 56 86675.000 75740.000 0 0 0.000 0.000 0.000 0.151 0 1 0 0 0 0
 57 106876.000 73059.000 0 0 0.000 0.000 0.000 0.138 0 1 0 0 0 0
 58 125971.000 89501.000 0 0 0.000 0.000 0.000 0.159 0 1 0 0 0 0
 59 110818.000 126180.000 0 0 0.000 0.000 0.000 0.153 0 1 0 0 0 0
 60 122505.000 117726.000 0 0 0.000 0.000 0.000 0.147 0 1 0 0 0 0
 61 78597.000 118892.000 0 0 0.000 0.000 0.000 0.154 0 1 0 0 0 0
 62 106224.000 72346.000 0 0 0.000 0.000 0.000 0.132 0 1 0 0 0 0
 63 128144.000 105990.000 0 0 0.000 0.000 0.000 0.143 0 1 0 0 0 0
 64 107042.000 128035.000 0 0 0.000 0.000 0.000 0.150 0 1 0 0 0 0
 65 127556.000 91959.000 0 0 0.000 0.000 0.000 0.133 0 1 0 0 0 0
 66 116867.000 76106.000 0 0 0.000 0.000 0.000 0.148 0 1 0 0 0 0
 67 70603.000 100993.000 0 0 0.000 0.000 0.000 0.150 0 1 0 0 0 0
 68 112992.000 73724.000 0 0 0.000 0.000 0.000 0.146 0 1 0 0 0 0
 69 127641.000 111229.000 0 0 0.000 0.000 0.000 0.132 0 1 0 0 0 0
 70 128213.000 110223.000 0 0 0.000 0.000 0.000 0.143 0 1 0 0 0 0
 71 113087.000 73248.000 0 0 0.000 0.000 0.000 0.133 0 1 0 0 0 0
 72 126587.000 86018.000 0 0 0.000 0.000 0.000 0.168 0 1 0 0 0 0
 73 69916.000 98395.000 0 0 0.000 0.000 0.000 0.132 0 1 0 0 0 0
 74 130568.000 99544.000 0 0 0.000 0.000 0.000 0.156 0 1 0 0 0 0
 75 110665.000 71474.000 0 0 0.000 0.000 0.000 0.131 0 1 0 0 0 0
 76 123362.000 120319.000 0 0 0.000 0.000 0.000 0.134 0 1 0 0 0 0
 77 85479.000 127380.000 0 0 0.000 0.000 0.000 0.151 0 1 0 0 0 0
 78 121285.000 122812.000 0 0 0.000 0.000 0.000 0.130 0 1 0 0 0 0
 79 101764.000 131615.000 0 0 0.000 0.000 0.000 0.148 0 1 0 0 0 0
 80 103269.000 68458.000 0 0 0.000 0.000 0.000 0.130 0 1 0 0 0 0
 81 122918.000 78003.000 0 0 0.000 0.000 0.000 0.132 0 1 0 0 0 0
 82 115958.000 128275.000 0 0 0.000 0.000 0.000 0.146 0 1 0 0 0 0
 83 132408.000 97436.000 0 0 0.000 0.000 0.000 0.139 0 1 0 0 0 0
 84 99257.000 67436.000 0 0 0.000 0.000 0.000 0.130 0 1 0 0 0 0
 85 88275.000 130934.000 0 0 0.000 0.000 0.000 0.154 0 1 0 0 0 0
 86 67155.000 96843.000 0 0 0.000 0.000 0.000 0.143 0 1 0 0 0 0
 87 75741.000 122766.000 0 0 0.000 0.000 0.000 0.146 0 1 0 0 0 0
 88 66804.000 101680.000 0 0 0.000 0.000 0.000 0.131 0 1 0 0 0 0
 89 133526.000 99323.000 0 0 0.000 0.000 0.000 0.139 0 1 0 0 0 0
 90 67973.000 109736.000 0 0 0.000 0.000 0.000 0.131 0 1 0 0 0 0
 91 133194.000 107833.000 0 0 0.000 0.000 0.000 0.133 0 1 0 0 0 0
 92 66722.000 91377.000 0 0 0.000 0.000 0.000 0.152 0 1 0 0 0 0
 93 69093.000 85022.000 0 0 0.000 0.000 0.000 0.153 0 1 0 0 0 0
 94 73866.000 77119.000 0 0 0.000 0.000 0.000 0.150 0 1 0 0 0 0
 95 67184.000 87793.000 0 0 0.000 0.000 0.000 0.149 0 1 0 0 0 0
 96 111091.000 66605.000 0 0 0.000 0.000 0.000 0.144 0 1 0 0 0 0
 97 76395.000 73906.000 0 0 0.000 0.000 0.000 0.132 0 1 0 0 0 0
 98 64529.000 100446.000 0 0 0.000 0.000 0.000 0.130 0 1 0 0 0 0
 99 64572.000 97507.000 0 0 0.000 0.000 0.000 0.130 0 1 0 0 0 0
 100 64776.000 94756.000 0 0 0.000 0.000 0.000 0.137 0 1 0 0 0 0
 101 131188.000 82622.000 0 0 0.000 0.000 0.000 0.141 0 1 0 0 0 0
 102 95069.000 64814.000 0 0 0.000 0.000 0.000 0.130 0 1 0 0 0 0
 103 73874.000 74366.000 0 0 0.000 0.000 0.000 0.130 0 1 0 0 0 0
 104 80738.000 68629.000 0 0 0.000 0.000 0.000 0.163 0 1 0 0 0 0
 105 75583.000 128538.000 0 0 0.000 0.000 0.000 0.141 0 1 0 0 0 0
 106 132847.000 119290.000 0 0 0.000 0.000 0.000 0.160 0 1 0 0 0 0
 107 74636.000 71631.000 0 0 0.000 0.000 0.000 0.164 0 1 0 0 0 0
 108 121938.000 68675.000 0 0 0.000 0.000 0.000 0.138 0 1 0 0 0 0
 109 133037.000 80530.000 0 0 0.000 0.000 0.000 0.164 0 1 0 0 0 0
 110 137154.000 90069.000 0 0 0.000 0.000 0.000 0.202 0 1 0 0 0 0
 111 134584.000 82842.000 0 0 0.000 0.000 0.000 0.134 0 1 0 0 0 0
 112 128618.000 126182.000 0 0 0.000 0.000 0.000 0.152 0 1 0 0 0 0
 113 83757.000 65106.000 0 0 0.000 0.000 0.000 0.134 0 1 0 0 0 0
 114 82749.000 65307.000 0 0 0.000 0.000 0.000 0.200 0 1 0 0 0 0
 115 129998.000 75156.000 0 0 0.000 0.000 0.000 0.133 0 1 0 0 0 0
 116 131977.000 77486.000 0 0 0.000 0.000 0.000 0.144 0 1 0 0 0 0
 117 83365.000 135626.000 0 0 0.000 0.000 0.000 0.130 0 1 0 0 0 0
 118 62122.000 110707.000 0 0 0.000 0.000 0.000 0.135 0 1 0 0 0 0
 119 139489.000 96980.000 0 0 0.000 0.000 0.000 0.132 0 1 0 0 0 0
 120 127892.000 128344.000 0 0 0.000 0.000 0.000 0.161 0 1 0 0 0 0
 121 84385.000 136749.000 0 0 0.000 0.000 0.000 0.144 0 1 0 0 0 0
 122 69618.000 74690.000 0 0 0.000 0.000 0.000 0.150 0 1 0 0 0 0
 123 124214.000 132048.000 0 0 0.000 0.000 0.000 0.140 0 1 0 0 0 0
 124 115604.000 137016.000 0 0 0.000 0.000 0.000 0.146 0 1 0 0 0 0
 125 68018.000 76526.000 0 0 0.000 0.000 0.000 0.141 0 1 0 0 0 0
 126 81492.000 64979.000 0 0 0.000 0.000 0.000 0.133 0 1 0 0 0 0
 127 82251.000 64590.000 0 0 0.000 0.000 0.000 0.138 0 1 0 0 0 0
 128 106107.000 139870.000 0 0 0.000 0.000 0.000 0.138 0 1 0 0 0 0
 129 81089.000 135448.000 0 0 0.000 0.000 0.000 0.139 0 1 0 0 0 0
 130 84932.000 137702.000 0 0 0.000 0.000 0.000 0.150 0 1 0 0 0 0
 131 61715.000 112862.000 0 0 0.000 0.000 0.000 0.142 0 1 0 0 0 0
 132 123898.000 132873.000 0 0 0.000 0.000 0.000 0.156 0 1 0 0 0 0
 133 132840.000 124590.000 0 0 0.000 0.000 0.000 0.143 0 1 0 0 0 0
 134 78000.000 65763.000 0 0 0.000 0.000 0.000 0.134 0 1 0 0 0 0
 135 99026.000 59364.000 0 0 0.000 0.000 0.000 0.134 0 1 0 0 0 0
 136 134668.000 122687.000 0 0 0.000 0.000 0.000 0.147 0 1 0 0 0 0
 137 71562.000 129956.000 0 0 0.000 0.000 0.000 0.132 0 1 0 0 0 0
 138 58923.000 98166.000 0 0 0.000 0.000 0.000 0.135 0 1 0 0 0 0
 139 139065.000 86291.000 0 0 0.000 0.000 0.000 0.152 0 1 0 0 0 0
 140 120007.000 136588.000 0 0 0.000 0.000 0.000 0.152 0 1 0 0 0 0
 141 138826.000 84197.000 0 0 0.000 0.000 0.000 0.136 0 1 0 0 0 0
 142 63459.000 79772.000 0 0 0.000 0.000 0.000 0.131 0 1 0 0 0 0
 143 65902.000 124697.000 0 0 0.000 0.000 0.000 0.133 0 1 0 0 0 0
 144 126965.000 133058.000 0 0 0.000 0.000 0.000 0.133 0 1 0 0 0 0
 145 140474.000 113654.000 0 0 0.000 0.000 0.000 0.154 0 1 0 0 0 0
 146 80443.000 62417.000 0 0 0.000 0.000 0.000 0.130 0 1 0 0 0 0
 147 123514.000 135921.000 0 0 0.000 0.000 0.000 0.145 0 1 0 0 0 0
 148 92340.000 58224.000 0 0 0.000 0.000 0.000 0.130 0 1 0 0 0 0
 149 128206.000 132602.000 0 0 0.000 0.000 0.000 0.130 0 1 0 0 0 0
 150 89136.000 141698.000 0 0 0.000 0.000 0.000 0.145 0 1 0 0 0 0
 151 65282.000 125524.000 0 0 0.000 0.000 0.000 0.144 0 1 0 0 0 0
 152 143385.000 92633.000 0 0 0.000 0.000 0.000 0.136 0 1 0 0 0 0
 153 132837.000 129919.000 0 0 0.000 0.000 0.000 0.144 0 1 0 0 0 0
 154 140890.000 117893.000 0 0 0.000 0.000 0.000 0.145 0 1 0 0 0 0
 155 120368.000 139736.000 0 0 0.000 0.000 0.000 0.148 0 1 0 0 0 0
 156 118440.000 140639.000 0 0 0.000 0.000 0.000 0.132 0 1 0 0 0 0
 157 79219.000 60990.000 0 0 0.000 0.000 0.000 0.135 0 1 0 0 0 0
 158 141330.000 117374.000 0 0 0.000 0.000 0.000 0.144 0 1 0 0 0 0
 159 112283.000 56839.000 0 0 0.000 0.000 0.000 0.136 0 1 0 0 0 0
 160 135911.000 128202.000 0 0 0.000 0.000 0.000 0.138 0 1 0 0 0 0
 161 83137.000 142475.000 0 0 0.000 0.000 0.000 0.140 0 1 0 0 0 0
 162 76263.000 139051.000 0 0 0.000 0.000 0.000 0.137 0 1 0 0 0 0
 163 102260.000 54693.000 0 0 0.000 0.000 0.000 0.147 0 1 0 0 0 0
 164 69458.000 133970.000 0 0 0.000 0.000 0.000 0.132 0 1 0 0 0 0
 165 131243.000 66718.000 0 0 0.000 0.000 0.000 0.142 0 1 0 0 0 0
 166 90171.000 55349.000 0 0 0.000 0.000 0.000 0.137 0 1 0 0 0 0
 167 117411.000 142857.000 0 0 0.000 0.000 0.000 0.145 0 1 0 0 0 0
 168 109590.000 145312.000 0 0 0.000 0.000 0.000 0.138 0 1 0 0 0 0
 169 89974.000 55237.000 0 0 0.000 0.000 0.000 0.143 0 1 0 0 0 0
 170 141831.000 80686.000 0 0 0.000 0.000 0.000 0.132 0 1 0 0 0 0
 171 55761.000 84937.000 0 0 0.000 0.000 0.000 0.158 0 1 0 0 0 0
 172 93954.000 146883.000 0 0 0.000 0.000 0.000 0.145 0 1 0 0 0 0
 173 101469.000 52704.000 0 0 0.000 0.000 0.000 0.144 0 1 0 0 0 0
 174 145447.000 114917.000 0 0 0.000 0.000 0.000 0.151 0 1 0 0 0 0
 175 120593.000 56972.000 0 0 0.000 0.000 0.000 0.138 0 1 0 0 0 0
 176 135831.000 68105.000 0 0 0.000 0.000 0.000 0.136 0 1 0 0 0 0
 177 129090.000 61178.000 0 0 0.000 0.000 0.000 0.143 0 1 0 0 0 0
 178 73438.000 140988.000 0 0 0.000 0.000 0.000 0.136 0 1 0 0 0 0
 179 146078.000 83818.000 0 0 0.000 0.000 0.000 0.150 0 1 0 0 0 0
 180 113602.000 147392.000 0 0 0.000 0.000 0.000 0.156 0 1 0 0 0 0
 181 92376.000 51768.000 0 0 0.000 0.000 0.000 0.139 0 1 0 0 0 0
 182 134733.000 65525.000 0 0 0.000 0.000 0.000 0.151 0 1 0 0 0 0
 183 70007.000 61101.000 0 0 0.000 0.000 0.000 0.137 0 1 0 0 0 0
 184 125176.000 143118.000 0 0 0.000 0.000 0.000 0.143 0 1 0 0 0 0
 185 100222.000 150107.000 0 0 0.000 0.000 0.000 0.133 0 1 0 0 0 0
 186 110180.000 149216.000 0 0 0.000 0.000 0.000 0.149 0 1 0 0 0 0
 187 74464.000 144253.000 0 0 0.000 0.000 0.000 0.133 0 1 0 0 0 0
 188 96847.000 151237.000 0 0 0.000 0.000 0.000 0.155 0 1 0 0 0 0
 189 100874.000 151483.000 0 0 0.000 0.000 0.000 0.142 0 1 0 0 0 0
 190 49735.000 109993.000 0 0 0.000 0.000 0.000 0.132 0 1 0 0 0 0
 191 151592.000 101515.000 0 0 0.000 0.000 0.000 0.131 0 1 0 0 0 0
 192 102289.000 151631.000 0 0 0.000 0.000 0.000 0.130 0 1 0 0 0 0
 193 112423.000 50110.000 0 0 0.000 0.000 0.000 0.133 0 1 0 0 0 0
 194 143572.000 72271.000 0 0 0.000 0.000 0.000 0.138 0 1 0 0 0 0
 195 116324.000 149659.000 0 0 0.000 0.000 0.000 0.145 0 1 0 0 0 0
 196 102631.000 152304.000 0 0 0.000 0.000 0.000 0.132 0 1 0 0 0 0
 197 149424.000 83231.000 0 0 0.000 0.000 0.000 0.138 0 1 0 0 0 0
 198 76892.000 147097.000 0 0 0.000 0.000 0.000 0.131 0 1 0 0 0 0
 199 129264.000 56862.000 0 0 0.000 0.000 0.000 0.135 0 1 0 0 0 0
 200 48169.000 107155.000 0 0 0.000 0.000 0.000 0.150 0 1 0 0 0 0
 201 149642.000 82178.000 0 0 0.000 0.000 0.000 0.148 0 1 0 0 0 0
 202 55773.000 71271.000 0 0 0.000 0.000 0.000 0.130 0 1 0 0 0 0
 203 123254.000 52460.000 0 0 0.000 0.000 0.000 0.149 0 1 0 0 0 0
 204 149661.000 80908.000 0 0 0.000 0.000 0.000 0.168 0 1 0 0 0 0
 205 53246.000 125489.000 0 0 0.000 0.000 0.000 0.155 0 1 0 0 0 0
 206 50753.000 120662.000 0 0 0.000 0.000 0.000 0.139 0 1 0 0 0 0
 207 47218.000 93028.000 0 0 0.000 0.000 0.000 0.141 0 1 0 0 0 0
 208 113148.000 152003.000 0 0 0.000 0.000 0.000 0.134 0 1 0 0 0 0
 209 82992.000 150879.000 0 0 0.000 0.000 0.000 0.131 0 1 0 0 0 0
 210 153730.000 101331.000 0 0 0.000 0.000 0.000 0.134 0 1 0 0 0 0
 211 101965.000 153849.000 0 0 0.000 0.000 0.000 0.139 0 1 0 0 0 0
 212 79836.000 49901.000 0 0 0.000 0.000 0.000 0.134 0 1 0 0 0 0
 213 151665.000 117132.000 0 0 0.000 0.000 0.000 0.139 0 1 0 0 0 0
 214 56236.000 67879.000 0 0 0.000 0.000 0.000 0.138 0 1 0 0 0 0
 215 45414.000 98677.000 0 0 0.000 0.000 0.000 0.165 0 1 0 0 0 0
 216 74472.000 148781.000 0 0 0.000 0.000 0.000 0.132 0 1 0 0 0 0
 217 52426.000 127341.000 0 0 0.000 0.000 0.000 0.136 0 1 0 0 0 0
 218 49012.000 79468.000 0 0 0.000 0.000 0.000 0.131 0 1 0 0 0 0
 219 47272.000 83990.000 0 0 0.000 0.000 0.000 0.130 0 1 0 0 0 0
 220 65975.000 56227.000 0 0 0.000 0.000 0.000 0.157 0 1 0 0 0 0
 221 85505.000 46425.000 0 0 0.000 0.000 0.000 0.135 0 1 0 0 0 0
 222 147911.000 71403.000 0 0 0.000 0.000 0.000 0.136 0 1 0 0 0 0
 223 132525.000 54614.000 0 0 0.000 0.000 0.000 0.130 0 1 0 0 0 0
 224 45718.000 86053.000 0 0 0.000 0.000 0.000 0.130 0 1 0 0 0 0
 225 85262.000 154667.000 0 0 0.000 0.000 0.000 0.133 0 1 0 0 0 0
 226 100887.000 156943.000 0 0 0.000 0.000 0.000 0.152 0 1 0 0 0 0
 227 44749.000 112383.000 0 0 0.000 0.000 0.000 200000.000 0 1 0 200 0 0
 228 43236.000 100793.000 0 0 0.000 0.000 0.000 0.144 0 1 0 0 0 0
 229 73172.000 150548.000 0 0 0.000 0.000 0.000 0.140 0 1 0 0 0 0
 230 68994.000 52347.000 0 0 0.000 0.000 0.000 0.146 0 1 0 0 0 0
 231 142689.000 138932.000 0 0 0.000 0.000 0.000 0.158 0 1 0 0 0 0
 232 110064.000 43531.000 0 0 0.000 0.000 0.000 0.137 0 1 0 0 0 0
 233 65835.000 146656.000 0 0 0.000 0.000 0.000 0.156 0 1 0 0 0 0
 234 42464.000 96522.000 0 0 0.000 0.000 0.000 0.135 0 1 0 0 0 0
 235 137827.000 56441.000 0 0 0.000 0.000 0.000 0.133 0 1 0 0 0 0
 236 143457.000 62066.000 0 0 0.000 0.000 0.000 0.133 0 1 0 0 0 0
 237 156287.000 114723.000 0 0 0.000 0.000 0.000 0.146 0 1 0 0 0 0
 238 72331.000 48977.000 0 0 0.000 0.000 0.000 0.153 0 1 0 0 0 0
 239 94400.000 42272.000 0 0 0.000 0.000 0.000 0.147 0 1 0 0 0 0
 240 42341.000 110400.000 0 0 0.000 0.000 0.000 0.148 0 1 0 0 0 0
 241 87445.000 158850.000 0 0 0.000 0.000 0.000 0.135 0 1 0 0 0 0
 242 55641.000 59694.000 0 0 0.000 0.000 0.000 0.131 0 1 0 0 0 0
 243 62467.000 147355.000 0 0 0.000 0.000 0.000 0.151 0 1 0 0 0 0
 244 47188.000 129013.000 0 0 0.000 0.000 0.000 0.132 0 1 0 0 0 0
 245 63886.000 51984.000 0 0 0.000 0.000 0.000 0.139 0 1 0 0 0 0
 246 149470.000 135377.000 0 0 0.000 0.000 0.000 0.137 0 1 0 0 0 0
 247 145212.000 140555.000 0 0 0.000 0.000 0.000 0.165 0 1 0 0 0 0
 248 39502.000 98165.000 0 0 0.000 0.000 0.000 0.130 0 1 0 0 0 0
 249 39687.000 95219.000 0 0 0.000 0.000 0.000 0.178 0 1 0 0 0 0
 250 125686.000 45252.000 0 0 0.000 0.000 0.000 0.141 0 1 0 0 0 0
 251 146336.000 60909.000 0 0 0.000 0.000 0.000 0.136 0 1 0 0 0 0
 252 39792.000 107818.000 0 0 0.000 0.000 0.000 0.136 0 1 0 0 0 0
 253 132418.000 48060.000 0 0 0.000 0.000 0.000 0.158 0 1 0 0 0 0
 254 121644.000 42126.000 0 0 0.000 0.000 0.000 0.154 0 1 0 0 0 0
 255 121784.000 41922.000 0 0 0.000 0.000 0.000 0.130 0 1 0 0 0 0
 256 40959.000 79333.000 0 0 0.000 0.000 0.000 0.134 0 1 0 0 0 0
 257 161747.000 88158.000 0 0 0.000 0.000 0.000 0.143 0 1 0 0 0 0
 258 46138.000 68076.000 0 0 0.000 0.000 0.000 0.153 0 1 0 0 0 0
 259 58592.000 52983.000 0 0 0.000 0.000 0.000 0.150 0 1 0 0 0 0
 260 46438.000 67118.000 0 0 0.000 0.000 0.000 0.143 0 1 0 0 0 0
 261 74776.000 158020.000 0 0 0.000 0.000 0.000 0.136 0 1 0 0 0 0
 262 149865.000 60403.000 0 0 0.000 0.000 0.000 0.136 0 1 0 0 0 0
 263 41967.000 73788.000 0 0 0.000 0.000 0.000 0.134 0 1 0 0 0 0
 264 160316.000 78915.000 0 0 0.000 0.000 0.000 0.131 0 1 0 0 0 0
 265 152109.000 60520.000 0 0 0.000 0.000 0.000 0.133 0 1 0 0 0 0
 266 158321.000 70275.000 0 0 0.000 0.000 0.000 0.130 0 1 0 0 0 0
 267 163778.000 85133.000 0 0 0.000 0.000 0.000 0.150 0 1 0 0 0 0
 268 106899.000 34871.000 0 0 0.000 0.000 0.000 0.141 0 1 0 0 0 0
 269 123073.000 38108.000 0 0 0.000 0.000 0.000 0.146 0 1 0 0 0 0
 270 163700.000 121870.000 0 0 0.000 0.000 0.000 0.156 0 1 0 0 0 0
 271 92847.000 168138.000 0 0 0.000 0.000 0.000 0.130 0 1 0 0 0 0
 272 83011.000 33582.000 0 0 0.000 0.000 0.000 0.137 0 1 0 0 0 0
 273 37444.000 71486.000 0 0 0.000 0.000 0.000 0.143 0 1 0 0 0 0
 274 130359.000 37980.000 0 0 0.000 0.000 0.000 0.139 0 1 0 0 0 0
 275 150781.000 53115.000 0 0 0.000 0.000 0.000 0.138 0 1 0 0 0 0
 276 102324.000 169442.000 0 0 0.000 0.000 0.000 0.134 0 1 0 0 0 0
 277 164467.000 127216.000 0 0 0.000 0.000 0.000 0.143 0 1 0 0 0 0
 278 29542.000 103814.000 0 0 0.000 0.000 0.000 0.131 0 1 0 0 0 0
 279 152102.000 148558.000 0 0 0.000 0.000 0.000 0.137 0 1 0 0 0 0
 280 34429.000 71524.000 0 0 0.000 0.000 0.000 0.141 0 1 0 0 0 0
 281 36310.000 133358.000 0 0 0.000 0.000 0.000 0.142 0 1 0 0 0 0
 282 68235.000 164760.000 0 0 0.000 0.000 0.000 0.134 0 1 0 0 0 0
 283 164260.000 133954.000 0 0 0.000 0.000 0.000 0.145 0 1 0 0 0 0
 284 172624.000 99394.000 0 0 0.000 0.000 0.000 0.130 0 1 0 0 0 0
 285 48865.000 151878.000 0 0 0.000 0.000 0.000 0.153 0 1 0 0 0 0
 286 40469.000 57823.000 0 0 0.000 0.000 0.000 0.142 0 1 0 0 0 0
 287 40941.000 143608.000 0 0 0.000 0.000 0.000 0.133 0 1 0 0 0 0
 288 30890.000 124454.000 0 0 0.000 0.000 0.000 0.138 0 1 0 0 0 0
 289 131010.000 33293.000 0 0 0.000 0.000 0.000 0.133 0 1 0 0 0 0
 290 54674.000 41630.000 0 0 0.000 0.000 0.000 0.149 0 1 0 0 0 0
 291 25414.000 97922.000 0 0 0.000 0.000 0.000 0.144 0 1 0 0 0 0
 292 64377.000 166079.000 0 0 0.000 0.000 0.000 0.130 0 1 0 0 0 0
 293 68368.000 32262.000 0 0 0.000 0.000 0.000 0.139 0 1 0 0 0 0
 294 102407.000 175992.000 0 0 0.000 0.000 0.000 0.134 0 1 0 0 0 0
 295 173835.000 120092.000 0 0 0.000 0.000 0.000 0.131 0 1 0 0 0 0
 296 24833.000 118494.000 0 0 0.000 0.000 0.000 0.150 0 1 0 0 0 0
 297 33362.000 141785.000 0 0 0.000 0.000 0.000 0.139 0 1 0 0 0 0
 298 168844.000 139047.000 0 0 0.000 0.000 0.000 0.132 0 1 0 0 0 0
 299 179758.000 93205.000 0 0 0.000 0.000 0.000 0.130 0 1 0 0 0 0
 300 153769.000 40996.000 0 0 0.000 0.000 0.000 0.447 0 1 0 0 0 0
 301 55199.000 33267.000 0 0 0.000 0.000 0.000 0.135 0 1 0 0 0 0
 302 93418.000 20085.000 0 0 0.000 0.000 0.000 0.130 0 1 0 0 0 0
 303 78658.000 21833.000 0 0 0.000 0.000 0.000 0.149 0 1 0 0 0 0
 304 173490.000 64810.000 0 0 0.000 0.000 0.000 0.134 0 1 0 0 0 0
 305 169756.000 54368.000 0 0 0.000 0.000 0.000 0.131 0 1 0 0 0 0
 306 95715.000 13995.000 0 0 0.000 0.000 0.000 0.220 0 1 0 0 0 0
 307 16955.000 125305.000 0 0 0.000 0.000 0.000 0.133 0 1 0 0 0 0
 308 158825.000 166539.000 0 0 0.000 0.000 0.000 0.139 0 1 0 0 0 0
 309 158628.000 167436.000 0 0 0.000 0.000 0.000 0.147 0 1 0 0 0 0
 310 72783.000 15251.000 0 0 0.000 0.000 0.000 200000.000 0 1 0 200 0 0
 311 29747.000 158217.000 0 0 0.000 0.000 0.000 200000.000 0 1 0 200 0 0
 312 178813.000 151163.000 0 0 0.000 0.000 0.000 0.232 0 1 0 0 0 0
 313 178691.000 151298.000 0 0 0.000 0.000 0.000 0.257 0 1 0 0 0 0
 314 179862.000 150170.000 0 0 0.000 0.000 0.000 0.230 0 1 0 0 0 0
 315 72633.000 190244.000 0 0 38.000 54.000 2052.000 45.299 0 1 1 200 0 0
 316 146815.000 182430.000 0 0 0.000 0.000 0.000 0.131 0 1 0 0 0 0
 317 126442.000 191019.000 0 0 0.000 0.000 0.000 200000.000 0 1 0 200 0 0
 318 47348.000 179058.000 0 0 0.000 0.000 0.000 0.217 0 1 0 0 0 0
 319 72921.000 189992.000 0 0 17.250 5.190 89.544 9.462 0 1 1 200 0 0
 320 72873.000 190155.000 0 0 47.535 14.303 679.915 26.075 0 1 1 200 0 0
 321 72647.000 190085.000 0 0 43.181 13.111 566.182 23.794 0 1 1 200 0 0
 322 72835.000 190321.000 0 0 42.907 12.904 553.710 23.531 0 1 1 200 0 0
 323 72598.000 190248.000 0 0 17.299 5.252 90.870 9.532 0 1 1 200 0 0
 324 72680.000 190451.000 0 0 351.214 106.082 37257.814 193.022 0 1 1 200 0 0
 325 72628.000 190612.000 0 0 373.561 112.846 42155.110 205.317 0 1 1 200 0 0
 326 72575.000 190775.000 0 0 365.520 110.433 40365.752 200.912 0 1 1 200 0 0
 327 72509.000 190932.000 0 0 283.337 85.660 24270.979 155.791 0 1 1 200 0 0;
ProcessEquipmentIDList 1
  "R375" ;
SummarySpec 5
  TESTNO    NDEFECT    DEFDENSITY    NDIE    NDEFDIE  ;
SummaryList 
  1    327    1.196    1    1  ;
EndOfFile;
