FileVersion 1 2;
FileTimestamp 01-01-26 21:35:04;
InspectionStationID "KLA-Tencor" "SFSSP1" "0901-0728-TBI";
SampleType WAFER;
ResultTimestamp 01-01-26 21:33:25;
LotID "2580";
SampleSize 1 200;
DeviceID "None";
SetupID "T2-2580NR" 01-01-26 21:33:25;
StepID "6391P";
SampleOrientationMarkType NOTCH;
OrientationMarkLocation DOWN;
DiePitch 200000 200000;
DieOrigin 0 0;
WaferID "02";
Slot 2;
SampleCenterLocation 100000 100000;
ClassLookup 1
  0 "0"  ;
OrientationInstructions "Front";
CoordinatesMirrored No;
InspectionTest 1;
SampleTestPlan 1
  0 0 ;
AreaPerTest 2.73513e+010;
DefectRecordSpec 15 DEFECTID XREL YREL XINDEX YINDEX XSIZE YSIZE DEFECTAREA DSIZE CLASSNUMBER TEST CLUSTERNUMBER ROUGHBINNUMBER FINEBINNUMBER REVIEWSAMPLE ;
DefectList
 1 102120.000 98963.000 0 0 0.000 0.000 0.000 0.133 0 1 0 0 0 0
 2 103462.000 100262.000 0 0 0.000 0.000 0.000 0.150 0 1 0 0 0 0
 3 97559.000 96622.000 0 0 0.000 0.000 0.000 0.139 0 1 0 0 0 0
 4 96043.000 96047.000 0 0 0.000 0.000 0.000 0.153 0 1 0 0 0 0
 5 97084.000 105314.000 0 0 0.000 0.000 0.000 0.136 0 1 0 0 0 0
 6 105693.000 104659.000 0 0 0.000 0.000 0.000 0.157 0 1 0 0 0 0
 7 96207.000 108394.000 0 0 0.000 0.000 0.000 0.137 0 1 0 0 0 0
 8 95106.000 91865.000 0 0 0.000 0.000 0.000 0.134 0 1 0 0 0 0
 9 104310.000 90268.000 0 0 0.000 0.000 0.000 0.149 0 1 0 0 0 0
 10 111533.000 102421.000 0 0 0.000 0.000 0.000 0.133 0 1 0 0 0 0
 11 108199.000 90665.000 0 0 0.000 0.000 0.000 0.159 0 1 0 0 0 0
 12 112277.000 96481.000 0 0 0.000 0.000 0.000 0.140 0 1 0 0 0 0
 13 87568.000 102591.000 0 0 0.000 0.000 0.000 0.153 0 1 0 0 0 0
 14 110449.000 109370.000 0 0 0.000 0.000 0.000 0.133 0 1 0 0 0 0
 15 108993.000 111440.000 0 0 0.000 0.000 0.000 0.130 0 1 0 0 0 0
 16 111305.000 109290.000 0 0 0.000 0.000 0.000 0.134 0 1 0 0 0 0
 17 105585.000 113586.000 0 0 0.000 0.000 0.000 0.149 0 1 0 0 0 0
 18 98295.000 85781.000 0 0 0.000 0.000 0.000 0.130 0 1 0 0 0 0
 19 100484.000 115177.000 0 0 0.000 0.000 0.000 0.172 0 1 0 0 0 0
 20 88522.000 110177.000 0 0 0.000 0.000 0.000 0.163 0 1 0 0 0 0
 21 103339.000 83619.000 0 0 0.000 0.000 0.000 0.136 0 1 0 0 0 0
 22 83647.000 107577.000 0 0 0.000 0.000 0.000 0.137 0 1 0 0 0 0
 23 117608.000 95254.000 0 0 0.000 0.000 0.000 0.135 0 1 0 0 0 0
 24 118212.000 99341.000 0 0 0.000 0.000 0.000 0.132 0 1 0 0 0 0
 25 88996.000 115093.000 0 0 0.000 0.000 0.000 0.140 0 1 0 0 0 0
 26 94443.000 81475.000 0 0 0.000 0.000 0.000 0.149 0 1 0 0 0 0
 27 115185.000 113935.000 0 0 0.000 0.000 0.000 0.160 0 1 0 0 0 0
 28 119856.000 106656.000 0 0 0.000 0.000 0.000 0.138 0 1 0 0 0 0
 29 80962.000 90290.000 0 0 0.000 0.000 0.000 0.134 0 1 0 0 0 0
 30 84962.000 85058.000 0 0 0.000 0.000 0.000 0.153 0 1 0 0 0 0
 31 120875.000 91262.000 0 0 0.000 0.000 0.000 0.155 0 1 0 0 0 0
 32 120938.000 89665.000 0 0 0.000 0.000 0.000 0.138 0 1 0 0 0 0
 33 79802.000 88611.000 0 0 0.000 0.000 0.000 0.146 0 1 0 0 0 0
 34 118404.000 116851.000 0 0 0.000 0.000 0.000 0.154 0 1 0 0 0 0
 35 78583.000 87861.000 0 0 0.000 0.000 0.000 0.130 0 1 0 0 0 0
 36 96653.000 75494.000 0 0 0.000 0.000 0.000 0.132 0 1 0 0 0 0
 37 77308.000 89605.000 0 0 0.000 0.000 0.000 0.140 0 1 0 0 0 0
 38 118431.000 81875.000 0 0 0.000 0.000 0.000 0.133 0 1 0 0 0 0
 39 80234.000 117136.000 0 0 0.000 0.000 0.000 0.142 0 1 0 0 0 0
 40 106830.000 125644.000 0 0 0.000 0.000 0.000 0.130 0 1 0 0 0 0
 41 87102.000 123384.000 0 0 0.000 0.000 0.000 0.150 0 1 0 0 0 0
 42 125777.000 107867.000 0 0 0.000 0.000 0.000 0.140 0 1 0 0 0 0
 43 123635.000 86829.000 0 0 0.000 0.000 0.000 0.140 0 1 0 0 0 0
 44 125109.000 111124.000 0 0 0.000 0.000 0.000 0.133 0 1 0 0 0 0
 45 72755.000 101795.000 0 0 0.000 0.000 0.000 0.139 0 1 0 0 0 0
 46 75382.000 87957.000 0 0 0.000 0.000 0.000 0.143 0 1 0 0 0 0
 47 93819.000 72981.000 0 0 0.000 0.000 0.000 0.133 0 1 0 0 0 0
 48 74560.000 87476.000 0 0 0.000 0.000 0.000 0.135 0 1 0 0 0 0
 49 106275.000 128232.000 0 0 0.000 0.000 0.000 0.137 0 1 0 0 0 0
 50 111722.000 73990.000 0 0 0.000 0.000 0.000 0.138 0 1 0 0 0 0
 51 81749.000 77568.000 0 0 0.000 0.000 0.000 0.146 0 1 0 0 0 0
 52 106059.000 129002.000 0 0 0.000 0.000 0.000 0.139 0 1 0 0 0 0
 53 124577.000 83177.000 0 0 0.000 0.000 0.000 0.140 0 1 0 0 0 0
 54 76689.000 81491.000 0 0 0.000 0.000 0.000 0.155 0 1 0 0 0 0
 55 70437.000 94607.000 0 0 0.000 0.000 0.000 0.135 0 1 0 0 0 0
 56 127572.000 113302.000 0 0 0.000 0.000 0.000 0.133 0 1 0 0 0 0
 57 106805.000 129935.000 0 0 0.000 0.000 0.000 0.151 0 1 0 0 0 0
 58 128718.000 87737.000 0 0 0.000 0.000 0.000 0.155 0 1 0 0 0 0
 59 131253.000 104053.000 0 0 0.000 0.000 0.000 0.143 0 1 0 0 0 0
 60 75653.000 79996.000 0 0 0.000 0.000 0.000 0.144 0 1 0 0 0 0
 61 106075.000 131440.000 0 0 0.000 0.000 0.000 0.146 0 1 0 0 0 0
 62 79514.000 124602.000 0 0 0.000 0.000 0.000 0.135 0 1 0 0 0 0
 63 107617.000 69153.000 0 0 0.000 0.000 0.000 0.138 0 1 0 0 0 0
 64 128292.000 115320.000 0 0 0.000 0.000 0.000 0.149 0 1 0 0 0 0
 65 71871.000 116598.000 0 0 0.000 0.000 0.000 0.130 0 1 0 0 0 0
 66 81839.000 128774.000 0 0 0.000 0.000 0.000 0.130 0 1 0 0 0 0
 67 89189.000 132538.000 0 0 0.000 0.000 0.000 0.154 0 1 0 0 0 0
 68 67985.000 112454.000 0 0 0.000 0.000 0.000 0.134 0 1 0 0 0 0
 69 129700.000 80823.000 0 0 0.000 0.000 0.000 0.136 0 1 0 0 0 0
 70 67316.000 86030.000 0 0 0.000 0.000 0.000 0.131 0 1 0 0 0 0
 71 115513.000 132860.000 0 0 0.000 0.000 0.000 0.131 0 1 0 0 0 0
 72 71459.000 122226.000 0 0 0.000 0.000 0.000 0.148 0 1 0 0 0 0
 73 136212.000 95687.000 0 0 0.000 0.000 0.000 0.132 0 1 0 0 0 0
 74 116856.000 67658.000 0 0 0.000 0.000 0.000 0.138 0 1 0 0 0 0
 75 128273.000 75563.000 0 0 0.000 0.000 0.000 0.133 0 1 0 0 0 0
 76 64805.000 86320.000 0 0 0.000 0.000 0.000 0.151 0 1 0 0 0 0
 77 118282.000 133989.000 0 0 0.000 0.000 0.000 0.145 0 1 0 0 0 0
 78 123436.000 69497.000 0 0 0.000 0.000 0.000 0.135 0 1 0 0 0 0
 79 63028.000 111230.000 0 0 0.000 0.000 0.000 0.135 0 1 0 0 0 0
 80 101513.000 61396.000 0 0 0.000 0.000 0.000 0.137 0 1 0 0 0 0
 81 61100.000 99596.000 0 0 0.000 0.000 0.000 0.135 0 1 0 0 0 0
 82 60984.000 105377.000 0 0 0.000 0.000 0.000 0.142 0 1 0 0 0 0
 83 60370.000 91511.000 0 0 0.000 0.000 0.000 0.131 0 1 0 0 0 0
 84 136105.000 81029.000 0 0 0.000 0.000 0.000 0.160 0 1 0 0 0 0
 85 102848.000 141087.000 0 0 0.000 0.000 0.000 0.145 0 1 0 0 0 0
 86 93120.000 59508.000 0 0 0.000 0.000 0.000 0.140 0 1 0 0 0 0
 87 109127.000 60019.000 0 0 0.000 0.000 0.000 0.131 0 1 0 0 0 0
 88 73269.000 68178.000 0 0 0.000 0.000 0.000 0.135 0 1 0 0 0 0
 89 134482.000 76481.000 0 0 0.000 0.000 0.000 0.134 0 1 0 0 0 0
 90 133908.000 75223.000 0 0 0.000 0.000 0.000 0.142 0 1 0 0 0 0
 91 128021.000 131510.000 0 0 0.000 0.000 0.000 0.143 0 1 0 0 0 0
 92 65447.000 124568.000 0 0 0.000 0.000 0.000 0.135 0 1 0 0 0 0
 93 142441.000 94958.000 0 0 0.000 0.000 0.000 0.134 0 1 0 0 0 0
 94 112527.000 59297.000 0 0 0.000 0.000 0.000 0.136 0 1 0 0 0 0
 95 140202.000 85240.000 0 0 0.000 0.000 0.000 0.136 0 1 0 0 0 0
 96 140326.000 116731.000 0 0 0.000 0.000 0.000 0.142 0 1 0 0 0 0
 97 139397.000 80910.000 0 0 0.000 0.000 0.000 0.130 0 1 0 0 0 0
 98 56543.000 94711.000 0 0 0.000 0.000 0.000 0.139 0 1 0 0 0 0
 99 123069.000 138215.000 0 0 0.000 0.000 0.000 0.133 0 1 0 0 0 0
 100 111729.000 143007.000 0 0 0.000 0.000 0.000 0.137 0 1 0 0 0 0
 101 85960.000 58030.000 0 0 0.000 0.000 0.000 0.156 0 1 0 0 0 0
 102 61499.000 77907.000 0 0 0.000 0.000 0.000 0.130 0 1 0 0 0 0
 103 69044.000 68152.000 0 0 0.000 0.000 0.000 0.133 0 1 0 0 0 0
 104 144610.000 94693.000 0 0 0.000 0.000 0.000 0.133 0 1 0 0 0 0
 105 62476.000 75579.000 0 0 0.000 0.000 0.000 0.131 0 1 0 0 0 0
 106 127156.000 136795.000 0 0 0.000 0.000 0.000 0.137 0 1 0 0 0 0
 107 60771.000 123075.000 0 0 0.000 0.000 0.000 0.131 0 1 0 0 0 0
 108 135758.000 129266.000 0 0 0.000 0.000 0.000 0.133 0 1 0 0 0 0
 109 116472.000 143030.000 0 0 0.000 0.000 0.000 0.151 0 1 0 0 0 0
 110 114556.000 143971.000 0 0 0.000 0.000 0.000 0.155 0 1 0 0 0 0
 111 57461.000 117631.000 0 0 0.000 0.000 0.000 0.148 0 1 0 0 0 0
 112 54035.000 95509.000 0 0 0.000 0.000 0.000 0.143 0 1 0 0 0 0
 113 68275.000 66510.000 0 0 0.000 0.000 0.000 0.135 0 1 0 0 0 0
 114 129647.000 64124.000 0 0 0.000 0.000 0.000 0.132 0 1 0 0 0 0
 115 95070.000 147158.000 0 0 0.000 0.000 0.000 0.140 0 1 0 0 0 0
 116 124278.000 140894.000 0 0 0.000 0.000 0.000 0.144 0 1 0 0 0 0
 117 57330.000 120382.000 0 0 0.000 0.000 0.000 0.138 0 1 0 0 0 0
 118 105826.000 53018.000 0 0 0.000 0.000 0.000 0.132 0 1 0 0 0 0
 119 147606.000 97332.000 0 0 0.000 0.000 0.000 0.136 0 1 0 0 0 0
 120 142326.000 122648.000 0 0 0.000 0.000 0.000 0.130 0 1 0 0 0 0
 121 99103.000 52462.000 0 0 0.000 0.000 0.000 0.130 0 1 0 0 0 0
 122 79566.000 56575.000 0 0 0.000 0.000 0.000 0.141 0 1 0 0 0 0
 123 73389.000 140691.000 0 0 0.000 0.000 0.000 0.142 0 1 0 0 0 0
 124 148560.000 103853.000 0 0 0.000 0.000 0.000 0.148 0 1 0 0 0 0
 125 70311.000 138757.000 0 0 0.000 0.000 0.000 0.132 0 1 0 0 0 0
 126 97266.000 51612.000 0 0 0.000 0.000 0.000 0.131 0 1 0 0 0 0
 127 115635.000 54059.000 0 0 0.000 0.000 0.000 0.135 0 1 0 0 0 0
 128 61488.000 130212.000 0 0 0.000 0.000 0.000 0.132 0 1 0 0 0 0
 129 104249.000 51307.000 0 0 0.000 0.000 0.000 0.139 0 1 0 0 0 0
 130 61695.000 130958.000 0 0 0.000 0.000 0.000 0.132 0 1 0 0 0 0
 131 134924.000 65405.000 0 0 0.000 0.000 0.000 0.142 0 1 0 0 0 0
 132 147148.000 115143.000 0 0 0.000 0.000 0.000 0.156 0 1 0 0 0 0
 133 122561.000 144056.000 0 0 0.000 0.000 0.000 0.146 0 1 0 0 0 0
 134 148444.000 110839.000 0 0 0.000 0.000 0.000 0.148 0 1 0 0 0 0
 135 144459.000 77750.000 0 0 0.000 0.000 0.000 0.137 0 1 0 0 0 0
 136 50301.000 97643.000 0 0 0.000 0.000 0.000 0.136 0 1 0 0 0 0
 137 148186.000 114140.000 0 0 0.000 0.000 0.000 0.136 0 1 0 0 0 0
 138 116670.000 52867.000 0 0 0.000 0.000 0.000 0.132 0 1 0 0 0 0
 139 145044.000 122573.000 0 0 0.000 0.000 0.000 0.136 0 1 0 0 0 0
 140 49840.000 96353.000 0 0 0.000 0.000 0.000 0.131 0 1 0 0 0 0
 141 52528.000 81956.000 0 0 0.000 0.000 0.000 0.133 0 1 0 0 0 0
 142 70397.000 58840.000 0 0 0.000 0.000 0.000 0.140 0 1 0 0 0 0
 143 90771.000 50094.000 0 0 0.000 0.000 0.000 0.148 0 1 0 0 0 0
 144 140371.000 131542.000 0 0 0.000 0.000 0.000 0.134 0 1 0 0 0 0
 145 80716.000 52916.000 0 0 0.000 0.000 0.000 0.155 0 1 0 0 0 0
 146 49519.000 88711.000 0 0 0.000 0.000 0.000 0.131 0 1 0 0 0 0
 147 115681.000 50661.000 0 0 0.000 0.000 0.000 0.132 0 1 0 0 0 0
 148 47510.000 93619.000 0 0 0.000 0.000 0.000 0.142 0 1 0 0 0 0
 149 141897.000 65620.000 0 0 0.000 0.000 0.000 0.132 0 1 0 0 0 0
 150 46494.000 112334.000 0 0 0.000 0.000 0.000 0.131 0 1 0 0 0 0
 151 89775.000 154763.000 0 0 0.000 0.000 0.000 0.132 0 1 0 0 0 0
 152 45603.000 90147.000 0 0 0.000 0.000 0.000 0.130 0 1 0 0 0 0
 153 147366.000 70924.000 0 0 0.000 0.000 0.000 0.141 0 1 0 0 0 0
 154 74532.000 49971.000 0 0 0.000 0.000 0.000 0.140 0 1 0 0 0 0
 155 107310.000 156594.000 0 0 0.000 0.000 0.000 0.132 0 1 0 0 0 0
 156 68292.000 148110.000 0 0 0.000 0.000 0.000 0.130 0 1 0 0 0 0
 157 48708.000 73786.000 0 0 0.000 0.000 0.000 0.130 0 1 0 0 0 0
 158 57330.000 60811.000 0 0 0.000 0.000 0.000 0.141 0 1 0 0 0 0
 159 140901.000 142623.000 0 0 0.000 0.000 0.000 0.142 0 1 0 0 0 0
 160 80912.000 44461.000 0 0 0.000 0.000 0.000 0.132 0 1 0 0 0 0
 161 40316.000 93053.000 0 0 0.000 0.000 0.000 0.130 0 1 0 0 0 0
 162 159186.000 114215.000 0 0 0.000 0.000 0.000 0.142 0 1 0 0 0 0
 163 114951.000 41216.000 0 0 0.000 0.000 0.000 0.165 0 1 0 0 0 0
 164 142447.000 55672.000 0 0 0.000 0.000 0.000 0.139 0 1 0 0 0 0
 165 149117.000 63090.000 0 0 0.000 0.000 0.000 0.141 0 1 0 0 0 0
 166 75535.000 156730.000 0 0 0.000 0.000 0.000 0.136 0 1 0 0 0 0
 167 146320.000 59014.000 0 0 0.000 0.000 0.000 0.131 0 1 0 0 0 0
 168 156255.000 73969.000 0 0 0.000 0.000 0.000 200000.000 0 1 0 200 0 0
 169 104276.000 162144.000 0 0 0.000 0.000 0.000 0.135 0 1 0 0 0 0
 170 39972.000 115653.000 0 0 0.000 0.000 0.000 0.140 0 1 0 0 0 0
 171 39906.000 115252.000 0 0 0.000 0.000 0.000 0.133 0 1 0 0 0 0
 172 114317.000 39231.000 0 0 0.000 0.000 0.000 0.137 0 1 0 0 0 0
 173 156278.000 74018.000 0 0 0.000 0.000 0.000 200000.000 0 1 0 200 0 0
 174 115195.000 161841.000 0 0 0.000 0.000 0.000 0.130 0 1 0 0 0 0
 175 54133.000 144190.000 0 0 0.000 0.000 0.000 0.143 0 1 0 0 0 0
 176 158522.000 74427.000 0 0 0.000 0.000 0.000 0.136 0 1 0 0 0 0
 177 163303.000 109263.000 0 0 0.000 0.000 0.000 0.130 0 1 0 0 0 0
 178 117049.000 163149.000 0 0 0.000 0.000 0.000 0.133 0 1 0 0 0 0
 179 87605.000 36158.000 0 0 0.000 0.000 0.000 0.138 0 1 0 0 0 0
 180 34944.000 93008.000 0 0 0.000 0.000 0.000 0.131 0 1 0 0 0 0
 181 60681.000 153029.000 0 0 0.000 0.000 0.000 0.141 0 1 0 0 0 0
 182 77270.000 162367.000 0 0 0.000 0.000 0.000 0.146 0 1 0 0 0 0
 183 32930.000 97368.000 0 0 0.000 0.000 0.000 0.130 0 1 0 0 0 0
 184 54923.000 50372.000 0 0 0.000 0.000 0.000 0.132 0 1 0 0 0 0
 185 155917.000 62663.000 0 0 0.000 0.000 0.000 0.135 0 1 0 0 0 0
 186 113331.000 166269.000 0 0 0.000 0.000 0.000 0.133 0 1 0 0 0 0
 187 33065.000 93386.000 0 0 0.000 0.000 0.000 0.136 0 1 0 0 0 0
 188 55639.000 48503.000 0 0 0.000 0.000 0.000 0.210 0 1 0 0 0 0
 189 31730.000 101792.000 0 0 0.000 0.000 0.000 0.139 0 1 0 0 0 0
 190 34146.000 78824.000 0 0 0.000 0.000 0.000 0.137 0 1 0 0 0 0
 191 98485.000 30738.000 0 0 0.000 0.000 0.000 0.133 0 1 0 0 0 0
 192 44504.000 57930.000 0 0 0.000 0.000 0.000 0.137 0 1 0 0 0 0
 193 97390.000 29817.000 0 0 0.000 0.000 0.000 0.136 0 1 0 0 0 0
 194 44457.000 56643.000 0 0 0.000 0.000 0.000 0.132 0 1 0 0 0 0
 195 55789.000 45035.000 0 0 0.000 0.000 0.000 0.133 0 1 0 0 0 0
 196 164318.000 67484.000 0 0 0.000 0.000 0.000 0.140 0 1 0 0 0 0
 197 64545.000 164054.000 0 0 0.000 0.000 0.000 0.136 0 1 0 0 0 0
 198 147929.000 44400.000 0 0 0.000 0.000 0.000 0.143 0 1 0 0 0 0
 199 91769.000 26775.000 0 0 0.000 0.000 0.000 0.137 0 1 0 0 0 0
 200 105131.000 26519.000 0 0 0.000 0.000 0.000 0.132 0 1 0 0 0 0
 201 69910.000 32355.000 0 0 0.000 0.000 0.000 0.130 0 1 0 0 0 0
 202 151654.000 46344.000 0 0 0.000 0.000 0.000 0.148 0 1 0 0 0 0
 203 105534.000 24710.000 0 0 0.000 0.000 0.000 0.137 0 1 0 0 0 0
 204 49575.000 43688.000 0 0 0.000 0.000 0.000 0.130 0 1 0 0 0 0
 205 114919.000 25527.000 0 0 0.000 0.000 0.000 0.131 0 1 0 0 0 0
 206 41823.000 51082.000 0 0 0.000 0.000 0.000 0.135 0 1 0 0 0 0
 207 23866.000 105912.000 0 0 0.000 0.000 0.000 0.132 0 1 0 0 0 0
 208 178194.000 85381.000 0 0 0.000 0.000 0.000 0.130 0 1 0 0 0 0
 209 89671.000 19633.000 0 0 0.000 0.000 0.000 0.132 0 1 0 0 0 0
 210 145397.000 17172.000 0 0 0.000 0.000 0.000 200000.000 0 1 0 200 0 0;
ProcessEquipmentIDList 1
  "R375" ;
SummarySpec 5
  TESTNO    NDEFECT    DEFDENSITY    NDIE    NDEFDIE  ;
SummaryList 
  1    210    0.7678    1    1  ;
EndOfFile;
