FileVersion 1 2;
FileTimestamp 01-01-26 19:30:30;
InspectionStationID "KLA-Tencor" "SFSSP1" "0901-0728-TBI";
SampleType WAFER;
ResultTimestamp 01-01-26 19:19:16;
LotID "2580";
SampleSize 1 200;
DeviceID "None";
SetupID "T2-2580NR" 01-01-26 19:19:16;
StepID "6391P";
SampleOrientationMarkType NOTCH;
OrientationMarkLocation DOWN;
DiePitch 200000 200000;
DieOrigin 0 0;
WaferID "17";
Slot 17;
SampleCenterLocation 100000 100000;
ClassLookup 1
  0 "0"  ;
OrientationInstructions "Front";
CoordinatesMirrored No;
InspectionTest 1;
SampleTestPlan 1
  0 0 ;
AreaPerTest 2.73513e+010;
DefectRecordSpec 15 DEFECTID XREL YREL XINDEX YINDEX XSIZE YSIZE DEFECTAREA DSIZE CLASSNUMBER TEST CLUSTERNUMBER ROUGHBINNUMBER FINEBINNUMBER REVIEWSAMPLE ;
DefectList
 1 97168.000 98302.000 0 0 0.000 0.000 0.000 0.131 0 1 0 0 0 0
 2 97863.000 96951.000 0 0 0.000 0.000 0.000 0.167 0 1 0 0 0 0
 3 94236.000 102434.000 0 0 0.000 0.000 0.000 0.130 0 1 0 0 0 0
 4 107893.000 106570.000 0 0 0.000 0.000 0.000 0.147 0 1 0 0 0 0
 5 110853.000 100278.000 0 0 0.000 0.000 0.000 0.132 0 1 0 0 0 0
 6 88675.000 105877.000 0 0 0.000 0.000 0.000 0.151 0 1 0 0 0 0
 7 86940.000 103879.000 0 0 0.000 0.000 0.000 0.158 0 1 0 0 0 0
 8 86386.000 103728.000 0 0 0.000 0.000 0.000 0.143 0 1 0 0 0 0
 9 108157.000 89107.000 0 0 0.000 0.000 0.000 0.144 0 1 0 0 0 0
 10 95741.000 113428.000 0 0 0.000 0.000 0.000 0.131 0 1 0 0 0 0
 11 84834.000 104505.000 0 0 0.000 0.000 0.000 0.138 0 1 0 0 0 0
 12 93007.000 114106.000 0 0 0.000 0.000 0.000 0.153 0 1 0 0 0 0
 13 111176.000 89299.000 0 0 0.000 0.000 0.000 0.144 0 1 0 0 0 0
 14 96006.000 115519.000 0 0 0.000 0.000 0.000 0.148 0 1 0 0 0 0
 15 97324.000 116346.000 0 0 0.000 0.000 0.000 0.159 0 1 0 0 0 0
 16 116580.000 105000.000 0 0 0.000 0.000 0.000 0.150 0 1 0 0 0 0
 17 111512.000 87062.000 0 0 0.000 0.000 0.000 0.130 0 1 0 0 0 0
 18 109004.000 84942.000 0 0 0.000 0.000 0.000 0.152 0 1 0 0 0 0
 19 116642.000 107508.000 0 0 0.000 0.000 0.000 0.150 0 1 0 0 0 0
 20 97979.000 118437.000 0 0 0.000 0.000 0.000 0.133 0 1 0 0 0 0
 21 100427.000 81211.000 0 0 0.000 0.000 0.000 0.141 0 1 0 0 0 0
 22 118235.000 106529.000 0 0 0.000 0.000 0.000 0.149 0 1 0 0 0 0
 23 114890.000 112960.000 0 0 0.000 0.000 0.000 0.147 0 1 0 0 0 0
 24 104138.000 80584.000 0 0 0.000 0.000 0.000 0.132 0 1 0 0 0 0
 25 96136.000 80075.000 0 0 0.000 0.000 0.000 0.146 0 1 0 0 0 0
 26 118434.000 109723.000 0 0 0.000 0.000 0.000 0.155 0 1 0 0 0 0
 27 118189.000 87922.000 0 0 0.000 0.000 0.000 0.134 0 1 0 0 0 0
 28 122201.000 99304.000 0 0 0.000 0.000 0.000 0.135 0 1 0 0 0 0
 29 121071.000 92383.000 0 0 0.000 0.000 0.000 0.165 0 1 0 0 0 0
 30 82903.000 116004.000 0 0 0.000 0.000 0.000 0.134 0 1 0 0 0 0
 31 84545.000 82558.000 0 0 0.000 0.000 0.000 0.148 0 1 0 0 0 0
 32 116200.000 116691.000 0 0 0.000 0.000 0.000 0.167 0 1 0 0 0 0
 33 75918.000 103367.000 0 0 0.000 0.000 0.000 0.148 0 1 0 0 0 0
 34 96888.000 76147.000 0 0 0.000 0.000 0.000 0.143 0 1 0 0 0 0
 35 121934.000 90568.000 0 0 0.000 0.000 0.000 0.139 0 1 0 0 0 0
 36 122811.000 93099.000 0 0 0.000 0.000 0.000 0.140 0 1 0 0 0 0
 37 114561.000 80448.000 0 0 0.000 0.000 0.000 0.133 0 1 0 0 0 0
 38 118640.000 116095.000 0 0 0.000 0.000 0.000 0.136 0 1 0 0 0 0
 39 80040.000 115263.000 0 0 0.000 0.000 0.000 0.136 0 1 0 0 0 0
 40 90756.000 76556.000 0 0 0.000 0.000 0.000 0.168 0 1 0 0 0 0
 41 81007.000 83065.000 0 0 0.000 0.000 0.000 0.149 0 1 0 0 0 0
 42 125341.000 100379.000 0 0 0.000 0.000 0.000 0.143 0 1 0 0 0 0
 43 87011.000 77819.000 0 0 0.000 0.000 0.000 0.150 0 1 0 0 0 0
 44 123043.000 112683.000 0 0 0.000 0.000 0.000 0.130 0 1 0 0 0 0
 45 110216.000 75572.000 0 0 0.000 0.000 0.000 0.134 0 1 0 0 0 0
 46 85267.000 123090.000 0 0 0.000 0.000 0.000 0.136 0 1 0 0 0 0
 47 77282.000 115465.000 0 0 0.000 0.000 0.000 0.150 0 1 0 0 0 0
 48 74435.000 111354.000 0 0 0.000 0.000 0.000 0.136 0 1 0 0 0 0
 49 104506.000 72805.000 0 0 0.000 0.000 0.000 0.161 0 1 0 0 0 0
 50 78124.000 82362.000 0 0 0.000 0.000 0.000 0.138 0 1 0 0 0 0
 51 86625.000 75337.000 0 0 0.000 0.000 0.000 0.132 0 1 0 0 0 0
 52 113315.000 75685.000 0 0 0.000 0.000 0.000 0.163 0 1 0 0 0 0
 53 78821.000 118984.000 0 0 0.000 0.000 0.000 0.144 0 1 0 0 0 0
 54 74082.000 86685.000 0 0 0.000 0.000 0.000 0.152 0 1 0 0 0 0
 55 124030.000 84194.000 0 0 0.000 0.000 0.000 0.131 0 1 0 0 0 0
 56 97148.000 71139.000 0 0 0.000 0.000 0.000 0.145 0 1 0 0 0 0
 57 122095.000 118789.000 0 0 0.000 0.000 0.000 0.135 0 1 0 0 0 0
 58 108868.000 72109.000 0 0 0.000 0.000 0.000 0.138 0 1 0 0 0 0
 59 71330.000 109301.000 0 0 0.000 0.000 0.000 0.136 0 1 0 0 0 0
 60 72123.000 113799.000 0 0 0.000 0.000 0.000 0.147 0 1 0 0 0 0
 61 71997.000 113528.000 0 0 0.000 0.000 0.000 0.139 0 1 0 0 0 0
 62 130328.000 95485.000 0 0 0.000 0.000 0.000 0.142 0 1 0 0 0 0
 63 77433.000 121562.000 0 0 0.000 0.000 0.000 0.154 0 1 0 0 0 0
 64 68769.000 99834.000 0 0 0.000 0.000 0.000 0.158 0 1 0 0 0 0
 65 88708.000 70355.000 0 0 0.000 0.000 0.000 0.138 0 1 0 0 0 0
 66 124153.000 120777.000 0 0 0.000 0.000 0.000 0.134 0 1 0 0 0 0
 67 76700.000 77960.000 0 0 0.000 0.000 0.000 0.133 0 1 0 0 0 0
 68 74623.000 120497.000 0 0 0.000 0.000 0.000 0.141 0 1 0 0 0 0
 69 76092.000 78083.000 0 0 0.000 0.000 0.000 0.139 0 1 0 0 0 0
 70 74217.000 79818.000 0 0 0.000 0.000 0.000 0.149 0 1 0 0 0 0
 71 68248.000 109542.000 0 0 0.000 0.000 0.000 0.153 0 1 0 0 0 0
 72 126310.000 80275.000 0 0 0.000 0.000 0.000 0.133 0 1 0 0 0 0
 73 70654.000 84253.000 0 0 0.000 0.000 0.000 0.150 0 1 0 0 0 0
 74 115964.000 129396.000 0 0 0.000 0.000 0.000 0.130 0 1 0 0 0 0
 75 128368.000 118261.000 0 0 0.000 0.000 0.000 0.146 0 1 0 0 0 0
 76 126491.000 121074.000 0 0 0.000 0.000 0.000 0.132 0 1 0 0 0 0
 77 100839.000 134330.000 0 0 0.000 0.000 0.000 0.137 0 1 0 0 0 0
 78 118105.000 70787.000 0 0 0.000 0.000 0.000 0.154 0 1 0 0 0 0
 79 65485.000 94348.000 0 0 0.000 0.000 0.000 0.153 0 1 0 0 0 0
 80 123645.000 125735.000 0 0 0.000 0.000 0.000 0.141 0 1 0 0 0 0
 81 68944.000 117154.000 0 0 0.000 0.000 0.000 0.136 0 1 0 0 0 0
 82 66614.000 112313.000 0 0 0.000 0.000 0.000 200000.000 0 1 0 200 0 0
 83 131125.000 83894.000 0 0 0.000 0.000 0.000 0.145 0 1 0 0 0 0
 84 71214.000 79153.000 0 0 0.000 0.000 0.000 0.135 0 1 0 0 0 0
 85 71941.000 78120.000 0 0 0.000 0.000 0.000 0.145 0 1 0 0 0 0
 86 119987.000 70634.000 0 0 0.000 0.000 0.000 0.171 0 1 0 0 0 0
 87 134307.000 90360.000 0 0 0.000 0.000 0.000 0.139 0 1 0 0 0 0
 88 76468.000 127268.000 0 0 0.000 0.000 0.000 0.143 0 1 0 0 0 0
 89 64487.000 93304.000 0 0 0.000 0.000 0.000 0.132 0 1 0 0 0 0
 90 109182.000 135079.000 0 0 0.000 0.000 0.000 0.130 0 1 0 0 0 0
 91 63508.000 96082.000 0 0 0.000 0.000 0.000 0.156 0 1 0 0 0 0
 92 133480.000 85417.000 0 0 0.000 0.000 0.000 0.136 0 1 0 0 0 0
 93 87417.000 65143.000 0 0 0.000 0.000 0.000 0.141 0 1 0 0 0 0
 94 64109.000 111718.000 0 0 0.000 0.000 0.000 0.143 0 1 0 0 0 0
 95 124616.000 128294.000 0 0 0.000 0.000 0.000 0.133 0 1 0 0 0 0
 96 131624.000 120639.000 0 0 0.000 0.000 0.000 0.132 0 1 0 0 0 0
 97 132232.000 119912.000 0 0 0.000 0.000 0.000 0.155 0 1 0 0 0 0
 98 89168.000 63450.000 0 0 0.000 0.000 0.000 0.131 0 1 0 0 0 0
 99 121170.000 67882.000 0 0 0.000 0.000 0.000 0.140 0 1 0 0 0 0
 100 108320.000 137970.000 0 0 0.000 0.000 0.000 0.139 0 1 0 0 0 0
 101 63505.000 85680.000 0 0 0.000 0.000 0.000 0.130 0 1 0 0 0 0
 102 67886.000 77288.000 0 0 0.000 0.000 0.000 0.145 0 1 0 0 0 0
 103 138518.000 106045.000 0 0 0.000 0.000 0.000 0.130 0 1 0 0 0 0
 104 133752.000 78761.000 0 0 0.000 0.000 0.000 0.131 0 1 0 0 0 0
 105 91803.000 60593.000 0 0 0.000 0.000 0.000 0.154 0 1 0 0 0 0
 106 120967.000 65630.000 0 0 0.000 0.000 0.000 0.144 0 1 0 0 0 0
 107 60731.000 110741.000 0 0 0.000 0.000 0.000 0.134 0 1 0 0 0 0
 108 135436.000 80778.000 0 0 0.000 0.000 0.000 0.135 0 1 0 0 0 0
 109 122687.000 133498.000 0 0 0.000 0.000 0.000 0.144 0 1 0 0 0 0
 110 71014.000 129612.000 0 0 0.000 0.000 0.000 0.151 0 1 0 0 0 0
 111 58910.000 93962.000 0 0 0.000 0.000 0.000 0.138 0 1 0 0 0 0
 112 96285.000 58888.000 0 0 0.000 0.000 0.000 0.132 0 1 0 0 0 0
 113 104633.000 58723.000 0 0 0.000 0.000 0.000 0.137 0 1 0 0 0 0
 114 115100.000 61417.000 0 0 0.000 0.000 0.000 0.139 0 1 0 0 0 0
 115 139007.000 85195.000 0 0 0.000 0.000 0.000 0.135 0 1 0 0 0 0
 116 120629.000 137357.000 0 0 0.000 0.000 0.000 0.132 0 1 0 0 0 0
 117 69874.000 130490.000 0 0 0.000 0.000 0.000 0.139 0 1 0 0 0 0
 118 70061.000 69000.000 0 0 0.000 0.000 0.000 0.139 0 1 0 0 0 0
 119 116810.000 139476.000 0 0 0.000 0.000 0.000 0.131 0 1 0 0 0 0
 120 77919.000 63012.000 0 0 0.000 0.000 0.000 0.137 0 1 0 0 0 0
 121 58588.000 113194.000 0 0 0.000 0.000 0.000 0.149 0 1 0 0 0 0
 122 63467.000 76453.000 0 0 0.000 0.000 0.000 0.133 0 1 0 0 0 0
 123 97027.000 56980.000 0 0 0.000 0.000 0.000 0.142 0 1 0 0 0 0
 124 71001.000 132492.000 0 0 0.000 0.000 0.000 0.137 0 1 0 0 0 0
 125 115356.000 140579.000 0 0 0.000 0.000 0.000 0.156 0 1 0 0 0 0
 126 67789.000 70576.000 0 0 0.000 0.000 0.000 0.131 0 1 0 0 0 0
 127 63535.000 75095.000 0 0 0.000 0.000 0.000 0.140 0 1 0 0 0 0
 128 104905.000 143820.000 0 0 0.000 0.000 0.000 0.139 0 1 0 0 0 0
 129 56491.000 108936.000 0 0 0.000 0.000 0.000 0.143 0 1 0 0 0 0
 130 82107.000 140970.000 0 0 0.000 0.000 0.000 0.142 0 1 0 0 0 0
 131 88402.000 57032.000 0 0 0.000 0.000 0.000 0.132 0 1 0 0 0 0
 132 60970.000 77846.000 0 0 0.000 0.000 0.000 0.139 0 1 0 0 0 0
 133 84142.000 57991.000 0 0 0.000 0.000 0.000 0.137 0 1 0 0 0 0
 134 124421.000 137736.000 0 0 0.000 0.000 0.000 0.138 0 1 0 0 0 0
 135 54809.000 96214.000 0 0 0.000 0.000 0.000 0.142 0 1 0 0 0 0
 136 102279.000 54785.000 0 0 0.000 0.000 0.000 0.132 0 1 0 0 0 0
 137 60192.000 122306.000 0 0 0.000 0.000 0.000 0.130 0 1 0 0 0 0
 138 145250.000 98770.000 0 0 0.000 0.000 0.000 0.146 0 1 0 0 0 0
 139 120274.000 140817.000 0 0 0.000 0.000 0.000 0.160 0 1 0 0 0 0
 140 54556.000 92706.000 0 0 0.000 0.000 0.000 0.202 0 1 0 0 0 0
 141 130717.000 66139.000 0 0 0.000 0.000 0.000 0.137 0 1 0 0 0 0
 142 119738.000 58218.000 0 0 0.000 0.000 0.000 0.131 0 1 0 0 0 0
 143 59003.000 77465.000 0 0 0.000 0.000 0.000 0.130 0 1 0 0 0 0
 144 53514.000 91868.000 0 0 0.000 0.000 0.000 0.131 0 1 0 0 0 0
 145 143603.000 82958.000 0 0 0.000 0.000 0.000 0.130 0 1 0 0 0 0
 146 137020.000 129614.000 0 0 0.000 0.000 0.000 0.130 0 1 0 0 0 0
 147 54021.000 85295.000 0 0 0.000 0.000 0.000 0.130 0 1 0 0 0 0
 148 92743.000 52360.000 0 0 0.000 0.000 0.000 0.146 0 1 0 0 0 0
 149 130812.000 63282.000 0 0 0.000 0.000 0.000 0.134 0 1 0 0 0 0
 150 113694.000 53734.000 0 0 0.000 0.000 0.000 0.139 0 1 0 0 0 0
 151 95203.000 148276.000 0 0 0.000 0.000 0.000 0.138 0 1 0 0 0 0
 152 114769.000 146268.000 0 0 0.000 0.000 0.000 0.151 0 1 0 0 0 0
 153 126825.000 59568.000 0 0 0.000 0.000 0.000 0.140 0 1 0 0 0 0
 154 144359.000 80487.000 0 0 0.000 0.000 0.000 0.468 0 1 0 0 0 0
 155 139846.000 127676.000 0 0 0.000 0.000 0.000 0.151 0 1 0 0 0 0
 156 52025.000 90022.000 0 0 0.000 0.000 0.000 0.135 0 1 0 0 0 0
 157 147441.000 111967.000 0 0 0.000 0.000 0.000 0.132 0 1 0 0 0 0
 158 141255.000 126680.000 0 0 0.000 0.000 0.000 0.141 0 1 0 0 0 0
 159 100543.000 150092.000 0 0 0.000 0.000 0.000 0.147 0 1 0 0 0 0
 160 84384.000 52173.000 0 0 0.000 0.000 0.000 0.130 0 1 0 0 0 0
 161 66945.000 61468.000 0 0 0.000 0.000 0.000 0.130 0 1 0 0 0 0
 162 138740.000 67495.000 0 0 0.000 0.000 0.000 0.143 0 1 0 0 0 0
 163 79152.000 53587.000 0 0 0.000 0.000 0.000 0.137 0 1 0 0 0 0
 164 103457.000 49375.000 0 0 0.000 0.000 0.000 0.133 0 1 0 0 0 0
 165 143469.000 126665.000 0 0 0.000 0.000 0.000 0.136 0 1 0 0 0 0
 166 68991.000 140855.000 0 0 0.000 0.000 0.000 0.132 0 1 0 0 0 0
 167 77291.000 53492.000 0 0 0.000 0.000 0.000 0.130 0 1 0 0 0 0
 168 107854.000 48992.000 0 0 0.000 0.000 0.000 0.133 0 1 0 0 0 0
 169 146640.000 78056.000 0 0 0.000 0.000 0.000 0.130 0 1 0 0 0 0
 170 104584.000 48413.000 0 0 0.000 0.000 0.000 0.131 0 1 0 0 0 0
 171 84504.000 149744.000 0 0 0.000 0.000 0.000 0.149 0 1 0 0 0 0
 172 123147.000 146688.000 0 0 0.000 0.000 0.000 0.130 0 1 0 0 0 0
 173 47036.000 94878.000 0 0 0.000 0.000 0.000 0.151 0 1 0 0 0 0
 174 62437.000 139109.000 0 0 0.000 0.000 0.000 0.147 0 1 0 0 0 0
 175 135645.000 59465.000 0 0 0.000 0.000 0.000 0.149 0 1 0 0 0 0
 176 121775.000 149626.000 0 0 0.000 0.000 0.000 0.131 0 1 0 0 0 0
 177 132156.000 143643.000 0 0 0.000 0.000 0.000 0.145 0 1 0 0 0 0
 178 47020.000 85974.000 0 0 0.000 0.000 0.000 0.134 0 1 0 0 0 0
 179 45758.000 109320.000 0 0 0.000 0.000 0.000 0.147 0 1 0 0 0 0
 180 143324.000 66759.000 0 0 0.000 0.000 0.000 0.179 0 1 0 0 0 0
 181 153160.000 112785.000 0 0 0.000 0.000 0.000 0.145 0 1 0 0 0 0
 182 149754.000 122922.000 0 0 0.000 0.000 0.000 0.155 0 1 0 0 0 0
 183 95896.000 155074.000 0 0 0.000 0.000 0.000 0.132 0 1 0 0 0 0
 184 155118.000 98373.000 0 0 0.000 0.000 0.000 0.131 0 1 0 0 0 0
 185 151756.000 118992.000 0 0 0.000 0.000 0.000 0.163 0 1 0 0 0 0
 186 47922.000 80392.000 0 0 0.000 0.000 0.000 0.135 0 1 0 0 0 0
 187 153746.000 86954.000 0 0 0.000 0.000 0.000 0.147 0 1 0 0 0 0
 188 65895.000 55459.000 0 0 0.000 0.000 0.000 0.150 0 1 0 0 0 0
 189 156599.000 96119.000 0 0 0.000 0.000 0.000 0.136 0 1 0 0 0 0
 190 156530.000 101961.000 0 0 0.000 0.000 0.000 0.133 0 1 0 0 0 0
 191 52044.000 68915.000 0 0 0.000 0.000 0.000 0.156 0 1 0 0 0 0
 192 65752.000 146884.000 0 0 0.000 0.000 0.000 0.131 0 1 0 0 0 0
 193 49777.000 70558.000 0 0 0.000 0.000 0.000 0.136 0 1 0 0 0 0
 194 59375.000 58432.000 0 0 0.000 0.000 0.000 0.151 0 1 0 0 0 0
 195 120433.000 154445.000 0 0 0.000 0.000 0.000 0.136 0 1 0 0 0 0
 196 47819.000 73302.000 0 0 0.000 0.000 0.000 0.146 0 1 0 0 0 0
 197 110845.000 42809.000 0 0 0.000 0.000 0.000 0.132 0 1 0 0 0 0
 198 123254.000 46594.000 0 0 0.000 0.000 0.000 0.139 0 1 0 0 0 0
 199 148321.000 67251.000 0 0 0.000 0.000 0.000 0.143 0 1 0 0 0 0
 200 158029.000 90715.000 0 0 0.000 0.000 0.000 0.139 0 1 0 0 0 0
 201 157549.000 111663.000 0 0 0.000 0.000 0.000 0.141 0 1 0 0 0 0
 202 68612.000 49800.000 0 0 0.000 0.000 0.000 0.142 0 1 0 0 0 0
 203 150218.000 69326.000 0 0 0.000 0.000 0.000 0.174 0 1 0 0 0 0
 204 152456.000 127127.000 0 0 0.000 0.000 0.000 200000.000 0 1 0 200 0 0
 205 91341.000 158680.000 0 0 0.000 0.000 0.000 0.144 0 1 0 0 0 0
 206 158664.000 106712.000 0 0 0.000 0.000 0.000 0.134 0 1 0 0 0 0
 207 145580.000 139157.000 0 0 0.000 0.000 0.000 0.136 0 1 0 0 0 0
 208 59157.000 55064.000 0 0 0.000 0.000 0.000 0.140 0 1 0 0 0 0
 209 150744.000 132820.000 0 0 0.000 0.000 0.000 0.145 0 1 0 0 0 0
 210 133335.000 150738.000 0 0 0.000 0.000 0.000 0.132 0 1 0 0 0 0
 211 160644.000 96351.000 0 0 0.000 0.000 0.000 0.152 0 1 0 0 0 0
 212 82499.000 158564.000 0 0 0.000 0.000 0.000 0.138 0 1 0 0 0 0
 213 44025.000 72879.000 0 0 0.000 0.000 0.000 0.147 0 1 0 0 0 0
 214 149850.000 137068.000 0 0 0.000 0.000 0.000 0.141 0 1 0 0 0 0
 215 42855.000 125374.000 0 0 0.000 0.000 0.000 0.132 0 1 0 0 0 0
 216 40165.000 118152.000 0 0 0.000 0.000 0.000 0.144 0 1 0 0 0 0
 217 162089.000 105180.000 0 0 0.000 0.000 0.000 0.151 0 1 0 0 0 0
 218 37974.000 90381.000 0 0 0.000 0.000 0.000 0.133 0 1 0 0 0 0
 219 90954.000 162198.000 0 0 0.000 0.000 0.000 0.143 0 1 0 0 0 0
 220 42116.000 124794.000 0 0 0.000 0.000 0.000 0.132 0 1 0 0 0 0
 221 151965.000 135393.000 0 0 0.000 0.000 0.000 0.130 0 1 0 0 0 0
 222 64467.000 152475.000 0 0 0.000 0.000 0.000 0.139 0 1 0 0 0 0
 223 39974.000 120422.000 0 0 0.000 0.000 0.000 0.131 0 1 0 0 0 0
 224 105685.000 36300.000 0 0 0.000 0.000 0.000 0.134 0 1 0 0 0 0
 225 52122.000 56765.000 0 0 0.000 0.000 0.000 0.136 0 1 0 0 0 0
 226 122449.000 160395.000 0 0 0.000 0.000 0.000 0.140 0 1 0 0 0 0
 227 145476.000 145984.000 0 0 0.000 0.000 0.000 0.132 0 1 0 0 0 0
 228 140603.000 49353.000 0 0 0.000 0.000 0.000 0.137 0 1 0 0 0 0
 229 73980.000 159795.000 0 0 0.000 0.000 0.000 0.132 0 1 0 0 0 0
 230 109874.000 35432.000 0 0 0.000 0.000 0.000 0.131 0 1 0 0 0 0
 231 41523.000 70199.000 0 0 0.000 0.000 0.000 0.145 0 1 0 0 0 0
 232 44279.000 64172.000 0 0 0.000 0.000 0.000 0.135 0 1 0 0 0 0
 233 166918.000 99762.000 0 0 0.000 0.000 0.000 0.136 0 1 0 0 0 0
 234 107510.000 167357.000 0 0 0.000 0.000 0.000 0.135 0 1 0 0 0 0
 235 135309.000 157822.000 0 0 0.000 0.000 0.000 0.138 0 1 0 0 0 0
 236 125905.000 163228.000 0 0 0.000 0.000 0.000 0.132 0 1 0 0 0 0
 237 34155.000 79587.000 0 0 0.000 0.000 0.000 0.141 0 1 0 0 0 0
 238 32649.000 115209.000 0 0 0.000 0.000 0.000 0.130 0 1 0 0 0 0
 239 31969.000 86838.000 0 0 0.000 0.000 0.000 0.138 0 1 0 0 0 0
 240 90399.000 168641.000 0 0 0.000 0.000 0.000 0.133 0 1 0 0 0 0
 241 114941.000 32467.000 0 0 0.000 0.000 0.000 0.134 0 1 0 0 0 0
 242 148512.000 149612.000 0 0 0.000 0.000 0.000 0.148 0 1 0 0 0 0
 243 48616.000 147069.000 0 0 0.000 0.000 0.000 0.200 0 1 0 0 0 0
 244 37059.000 68052.000 0 0 0.000 0.000 0.000 0.136 0 1 0 0 0 0
 245 168957.000 116139.000 0 0 0.000 0.000 0.000 0.130 0 1 0 0 0 0
 246 170395.000 84857.000 0 0 0.000 0.000 0.000 0.146 0 1 0 0 0 0
 247 30207.000 78668.000 0 0 0.000 0.000 0.000 0.135 0 1 0 0 0 0
 248 171798.000 82045.000 0 0 0.000 0.000 0.000 0.137 0 1 0 0 0 0
 249 148529.000 156337.000 0 0 0.000 0.000 0.000 0.139 0 1 0 0 0 0
 250 174088.000 117834.000 0 0 0.000 0.000 0.000 0.156 0 1 0 0 0 0
 251 28158.000 71590.000 0 0 0.000 0.000 0.000 0.132 0 1 0 0 0 0
 252 124897.000 175216.000 0 0 0.000 0.000 0.000 0.131 0 1 0 0 0 0
 253 30036.000 61649.000 0 0 0.000 0.000 0.000 0.137 0 1 0 0 0 0
 254 32297.000 144558.000 0 0 0.000 0.000 0.000 0.132 0 1 0 0 0 0
 255 39168.000 156738.000 0 0 0.000 0.000 0.000 0.293 0 1 0 0 0 0
 256 166949.000 47357.000 0 0 0.000 0.000 0.000 0.137 0 1 0 0 0 0;
ProcessEquipmentIDList 1
  "R375" ;
SummarySpec 5
  TESTNO    NDEFECT    DEFDENSITY    NDIE    NDEFDIE  ;
SummaryList 
  1    256    0.936    1    1  ;
EndOfFile;
