FileVersion 1 2;
FileTimestamp 01-01-26 22:45:43;
InspectionStationID "KLA-Tencor" "SFSSP1" "0901-0728-TBI";
SampleType WAFER;
ResultTimestamp 01-01-26 22:22:36;
LotID "2580";
SampleSize 1 200;
DeviceID "None";
SetupID "T2-2580NR" 01-01-26 22:22:36;
StepID "6391P";
SampleOrientationMarkType NOTCH;
OrientationMarkLocation DOWN;
DiePitch 200000 200000;
DieOrigin 0 0;
WaferID "22";
Slot 22;
SampleCenterLocation 100000 100000;
ClassLookup 1
  0 "0"  ;
OrientationInstructions "Front";
CoordinatesMirrored No;
InspectionTest 1;
SampleTestPlan 1
  0 0 ;
AreaPerTest 2.73516e+010;
DefectRecordSpec 15 DEFECTID XREL YREL XINDEX YINDEX XSIZE YSIZE DEFECTAREA DSIZE CLASSNUMBER TEST CLUSTERNUMBER ROUGHBINNUMBER FINEBINNUMBER REVIEWSAMPLE ;
DefectList
 1 99423.000 105016.000 0 0 0.000 0.000 0.000 0.131 0 1 0 0 0 0
 2 98388.000 106191.000 0 0 0.000 0.000 0.000 0.147 0 1 0 0 0 0
 3 96526.000 92796.000 0 0 0.000 0.000 0.000 0.139 0 1 0 0 0 0
 4 109462.000 97304.000 0 0 0.000 0.000 0.000 0.145 0 1 0 0 0 0
 5 101198.000 89802.000 0 0 0.000 0.000 0.000 0.136 0 1 0 0 0 0
 6 93032.000 91154.000 0 0 0.000 0.000 0.000 0.147 0 1 0 0 0 0
 7 110308.000 93683.000 0 0 0.000 0.000 0.000 0.138 0 1 0 0 0 0
 8 103755.000 111300.000 0 0 0.000 0.000 0.000 0.146 0 1 0 0 0 0
 9 109933.000 107363.000 0 0 0.000 0.000 0.000 0.132 0 1 0 0 0 0
 10 92535.000 110604.000 0 0 0.000 0.000 0.000 0.141 0 1 0 0 0 0
 11 113089.000 104877.000 0 0 0.000 0.000 0.000 0.131 0 1 0 0 0 0
 12 91093.000 88319.000 0 0 0.000 0.000 0.000 0.136 0 1 0 0 0 0
 13 87491.000 107774.000 0 0 0.000 0.000 0.000 0.135 0 1 0 0 0 0
 14 86507.000 108375.000 0 0 0.000 0.000 0.000 0.140 0 1 0 0 0 0
 15 108023.000 85461.000 0 0 0.000 0.000 0.000 0.154 0 1 0 0 0 0
 16 86135.000 108685.000 0 0 0.000 0.000 0.000 0.141 0 1 0 0 0 0
 17 106564.000 115720.000 0 0 0.000 0.000 0.000 0.143 0 1 0 0 0 0
 18 118335.000 103370.000 0 0 0.000 0.000 0.000 0.138 0 1 0 0 0 0
 19 95054.000 117647.000 0 0 0.000 0.000 0.000 0.146 0 1 0 0 0 0
 20 84918.000 88950.000 0 0 0.000 0.000 0.000 0.132 0 1 0 0 0 0
 21 118331.000 94849.000 0 0 0.000 0.000 0.000 0.137 0 1 0 0 0 0
 22 114075.000 113298.000 0 0 0.000 0.000 0.000 0.140 0 1 0 0 0 0
 23 109067.000 82241.000 0 0 0.000 0.000 0.000 0.149 0 1 0 0 0 0
 24 106719.000 79517.000 0 0 0.000 0.000 0.000 0.131 0 1 0 0 0 0
 25 88176.000 82125.000 0 0 0.000 0.000 0.000 0.137 0 1 0 0 0 0
 26 88576.000 81634.000 0 0 0.000 0.000 0.000 0.134 0 1 0 0 0 0
 27 118724.000 112078.000 0 0 0.000 0.000 0.000 0.134 0 1 0 0 0 0
 28 85892.000 116826.000 0 0 0.000 0.000 0.000 0.166 0 1 0 0 0 0
 29 119264.000 87084.000 0 0 0.000 0.000 0.000 0.141 0 1 0 0 0 0
 30 85043.000 117332.000 0 0 0.000 0.000 0.000 0.141 0 1 0 0 0 0
 31 84722.000 117138.000 0 0 0.000 0.000 0.000 200000.000 0 1 0 200 0 0
 32 122900.000 92815.000 0 0 0.000 0.000 0.000 0.146 0 1 0 0 0 0
 33 121132.000 88527.000 0 0 0.000 0.000 0.000 0.141 0 1 0 0 0 0
 34 98951.000 123840.000 0 0 0.000 0.000 0.000 0.138 0 1 0 0 0 0
 35 76002.000 99878.000 0 0 0.000 0.000 0.000 0.141 0 1 0 0 0 0
 36 79263.000 86890.000 0 0 0.000 0.000 0.000 0.149 0 1 0 0 0 0
 37 124874.000 102070.000 0 0 0.000 0.000 0.000 0.154 0 1 0 0 0 0
 38 85744.000 119818.000 0 0 0.000 0.000 0.000 0.168 0 1 0 0 0 0
 39 124948.000 102545.000 0 0 0.000 0.000 0.000 0.144 0 1 0 0 0 0
 40 125491.000 99270.000 0 0 0.000 0.000 0.000 0.138 0 1 0 0 0 0
 41 122091.000 112580.000 0 0 0.000 0.000 0.000 0.134 0 1 0 0 0 0
 42 98116.000 74203.000 0 0 0.000 0.000 0.000 0.130 0 1 0 0 0 0
 43 84560.000 120417.000 0 0 0.000 0.000 0.000 0.236 0 1 0 0 0 0
 44 75362.000 109523.000 0 0 0.000 0.000 0.000 0.135 0 1 0 0 0 0
 45 74136.000 106719.000 0 0 0.000 0.000 0.000 0.157 0 1 0 0 0 0
 46 73159.000 97166.000 0 0 0.000 0.000 0.000 0.141 0 1 0 0 0 0
 47 73199.000 96081.000 0 0 0.000 0.000 0.000 0.133 0 1 0 0 0 0
 48 109060.000 72937.000 0 0 0.000 0.000 0.000 0.132 0 1 0 0 0 0
 49 72818.000 110075.000 0 0 0.000 0.000 0.000 0.163 0 1 0 0 0 0
 50 73563.000 87557.000 0 0 0.000 0.000 0.000 0.139 0 1 0 0 0 0
 51 88602.000 73001.000 0 0 0.000 0.000 0.000 0.134 0 1 0 0 0 0
 52 75951.000 118528.000 0 0 0.000 0.000 0.000 0.157 0 1 0 0 0 0
 53 69924.000 92591.000 0 0 0.000 0.000 0.000 0.132 0 1 0 0 0 0
 54 95175.000 131391.000 0 0 0.000 0.000 0.000 0.158 0 1 0 0 0 0
 55 90753.000 69332.000 0 0 0.000 0.000 0.000 0.134 0 1 0 0 0 0
 56 69317.000 109238.000 0 0 0.000 0.000 0.000 0.146 0 1 0 0 0 0
 57 92762.000 131444.000 0 0 0.000 0.000 0.000 0.133 0 1 0 0 0 0
 58 68129.000 104499.000 0 0 0.000 0.000 0.000 0.143 0 1 0 0 0 0
 59 103824.000 132788.000 0 0 0.000 0.000 0.000 0.155 0 1 0 0 0 0
 60 102637.000 66828.000 0 0 0.000 0.000 0.000 0.146 0 1 0 0 0 0
 61 130810.000 112788.000 0 0 0.000 0.000 0.000 0.145 0 1 0 0 0 0
 62 76030.000 122660.000 0 0 0.000 0.000 0.000 0.130 0 1 0 0 0 0
 63 103481.000 133909.000 0 0 0.000 0.000 0.000 0.131 0 1 0 0 0 0
 64 88693.000 132183.000 0 0 0.000 0.000 0.000 0.139 0 1 0 0 0 0
 65 90457.000 66802.000 0 0 0.000 0.000 0.000 0.136 0 1 0 0 0 0
 66 87459.000 67813.000 0 0 0.000 0.000 0.000 0.135 0 1 0 0 0 0
 67 65547.000 103346.000 0 0 0.000 0.000 0.000 0.137 0 1 0 0 0 0
 68 67895.000 113214.000 0 0 0.000 0.000 0.000 0.138 0 1 0 0 0 0
 69 84394.000 68588.000 0 0 0.000 0.000 0.000 0.132 0 1 0 0 0 0
 70 113999.000 132559.000 0 0 0.000 0.000 0.000 0.155 0 1 0 0 0 0
 71 90178.000 65794.000 0 0 0.000 0.000 0.000 0.136 0 1 0 0 0 0
 72 81814.000 130441.000 0 0 0.000 0.000 0.000 0.157 0 1 0 0 0 0
 73 64875.000 107312.000 0 0 0.000 0.000 0.000 0.134 0 1 0 0 0 0
 74 66390.000 87470.000 0 0 0.000 0.000 0.000 0.144 0 1 0 0 0 0
 75 93475.000 64219.000 0 0 0.000 0.000 0.000 0.140 0 1 0 0 0 0
 76 127893.000 76322.000 0 0 0.000 0.000 0.000 0.139 0 1 0 0 0 0
 77 108085.000 63948.000 0 0 0.000 0.000 0.000 0.132 0 1 0 0 0 0
 78 67594.000 82430.000 0 0 0.000 0.000 0.000 0.133 0 1 0 0 0 0
 79 118834.000 67723.000 0 0 0.000 0.000 0.000 0.130 0 1 0 0 0 0
 80 124343.000 71503.000 0 0 0.000 0.000 0.000 0.142 0 1 0 0 0 0
 81 135473.000 112154.000 0 0 0.000 0.000 0.000 0.136 0 1 0 0 0 0
 82 132377.000 80658.000 0 0 0.000 0.000 0.000 0.135 0 1 0 0 0 0
 83 100706.000 137715.000 0 0 0.000 0.000 0.000 0.137 0 1 0 0 0 0
 84 89315.000 136442.000 0 0 0.000 0.000 0.000 0.135 0 1 0 0 0 0
 85 137805.000 107352.000 0 0 0.000 0.000 0.000 0.145 0 1 0 0 0 0
 86 103088.000 138370.000 0 0 0.000 0.000 0.000 0.145 0 1 0 0 0 0
 87 75881.000 131254.000 0 0 0.000 0.000 0.000 0.146 0 1 0 0 0 0
 88 78346.000 66135.000 0 0 0.000 0.000 0.000 0.131 0 1 0 0 0 0
 89 87860.000 61179.000 0 0 0.000 0.000 0.000 0.130 0 1 0 0 0 0
 90 116603.000 138059.000 0 0 0.000 0.000 0.000 0.135 0 1 0 0 0 0
 91 98003.000 141486.000 0 0 0.000 0.000 0.000 0.133 0 1 0 0 0 0
 92 88676.000 59593.000 0 0 0.000 0.000 0.000 0.169 0 1 0 0 0 0
 93 64855.000 122901.000 0 0 0.000 0.000 0.000 0.142 0 1 0 0 0 0
 94 120055.000 137136.000 0 0 0.000 0.000 0.000 0.159 0 1 0 0 0 0
 95 66807.000 73996.000 0 0 0.000 0.000 0.000 0.130 0 1 0 0 0 0
 96 73498.000 132964.000 0 0 0.000 0.000 0.000 0.136 0 1 0 0 0 0
 97 142538.000 104894.000 0 0 0.000 0.000 0.000 0.139 0 1 0 0 0 0
 98 94130.000 57561.000 0 0 0.000 0.000 0.000 0.130 0 1 0 0 0 0
 99 117405.000 139242.000 0 0 0.000 0.000 0.000 0.144 0 1 0 0 0 0
 100 143194.000 99650.000 0 0 0.000 0.000 0.000 0.130 0 1 0 0 0 0
 101 91645.000 57207.000 0 0 0.000 0.000 0.000 0.137 0 1 0 0 0 0
 102 68639.000 131382.000 0 0 0.000 0.000 0.000 0.137 0 1 0 0 0 0
 103 61438.000 121738.000 0 0 0.000 0.000 0.000 0.130 0 1 0 0 0 0
 104 80694.000 140514.000 0 0 0.000 0.000 0.000 0.130 0 1 0 0 0 0
 105 56702.000 113670.000 0 0 0.000 0.000 0.000 0.144 0 1 0 0 0 0
 106 54990.000 93438.000 0 0 0.000 0.000 0.000 0.158 0 1 0 0 0 0
 107 55377.000 88989.000 0 0 0.000 0.000 0.000 0.133 0 1 0 0 0 0
 108 138888.000 73384.000 0 0 0.000 0.000 0.000 0.138 0 1 0 0 0 0
 109 146264.000 89880.000 0 0 0.000 0.000 0.000 0.139 0 1 0 0 0 0
 110 78968.000 56539.000 0 0 0.000 0.000 0.000 0.145 0 1 0 0 0 0
 111 118509.000 55035.000 0 0 0.000 0.000 0.000 0.139 0 1 0 0 0 0
 112 143366.000 78002.000 0 0 0.000 0.000 0.000 0.134 0 1 0 0 0 0
 113 144456.000 119493.000 0 0 0.000 0.000 0.000 0.137 0 1 0 0 0 0
 114 149252.000 99405.000 0 0 0.000 0.000 0.000 0.136 0 1 0 0 0 0
 115 87032.000 51746.000 0 0 0.000 0.000 0.000 0.147 0 1 0 0 0 0
 116 123398.000 55797.000 0 0 0.000 0.000 0.000 0.161 0 1 0 0 0 0
 117 50030.000 104825.000 0 0 0.000 0.000 0.000 0.137 0 1 0 0 0 0
 118 68388.000 139478.000 0 0 0.000 0.000 0.000 0.132 0 1 0 0 0 0
 119 144336.000 126718.000 0 0 0.000 0.000 0.000 0.131 0 1 0 0 0 0
 120 143037.000 69434.000 0 0 0.000 0.000 0.000 0.140 0 1 0 0 0 0
 121 144737.000 71849.000 0 0 0.000 0.000 0.000 0.138 0 1 0 0 0 0
 122 152439.000 107346.000 0 0 0.000 0.000 0.000 0.132 0 1 0 0 0 0
 123 153121.000 100805.000 0 0 0.000 0.000 0.000 0.132 0 1 0 0 0 0
 124 128854.000 144456.000 0 0 0.000 0.000 0.000 0.131 0 1 0 0 0 0
 125 138597.000 136614.000 0 0 0.000 0.000 0.000 0.132 0 1 0 0 0 0
 126 90823.000 46229.000 0 0 0.000 0.000 0.000 0.132 0 1 0 0 0 0
 127 84794.000 152233.000 0 0 0.000 0.000 0.000 0.131 0 1 0 0 0 0
 128 46613.000 111090.000 0 0 0.000 0.000 0.000 0.142 0 1 0 0 0 0
 129 50172.000 122772.000 0 0 0.000 0.000 0.000 0.139 0 1 0 0 0 0
 130 111563.000 153943.000 0 0 0.000 0.000 0.000 0.133 0 1 0 0 0 0
 131 64055.000 142201.000 0 0 0.000 0.000 0.000 0.133 0 1 0 0 0 0
 132 68794.000 53469.000 0 0 0.000 0.000 0.000 0.137 0 1 0 0 0 0
 133 135251.000 143612.000 0 0 0.000 0.000 0.000 0.135 0 1 0 0 0 0
 134 55844.000 135048.000 0 0 0.000 0.000 0.000 0.132 0 1 0 0 0 0
 135 88111.000 155225.000 0 0 0.000 0.000 0.000 0.133 0 1 0 0 0 0
 136 156979.000 103500.000 0 0 0.000 0.000 0.000 0.130 0 1 0 0 0 0
 137 139908.000 141427.000 0 0 0.000 0.000 0.000 0.133 0 1 0 0 0 0
 138 109423.000 42850.000 0 0 0.000 0.000 0.000 0.141 0 1 0 0 0 0
 139 76567.000 47017.000 0 0 0.000 0.000 0.000 0.133 0 1 0 0 0 0
 140 147910.000 67035.000 0 0 0.000 0.000 0.000 0.142 0 1 0 0 0 0
 141 149768.000 129703.000 0 0 0.000 0.000 0.000 0.145 0 1 0 0 0 0
 142 45374.000 118451.000 0 0 0.000 0.000 0.000 0.138 0 1 0 0 0 0
 143 91881.000 41904.000 0 0 0.000 0.000 0.000 0.139 0 1 0 0 0 0
 144 47719.000 125822.000 0 0 0.000 0.000 0.000 0.133 0 1 0 0 0 0
 145 43795.000 82980.000 0 0 0.000 0.000 0.000 0.138 0 1 0 0 0 0
 146 152649.000 72550.000 0 0 0.000 0.000 0.000 0.138 0 1 0 0 0 0
 147 43788.000 117419.000 0 0 0.000 0.000 0.000 0.131 0 1 0 0 0 0
 148 52585.000 64647.000 0 0 0.000 0.000 0.000 0.136 0 1 0 0 0 0
 149 45089.000 75120.000 0 0 0.000 0.000 0.000 0.139 0 1 0 0 0 0
 150 120464.000 42211.000 0 0 0.000 0.000 0.000 0.132 0 1 0 0 0 0
 151 148857.000 62521.000 0 0 0.000 0.000 0.000 0.131 0 1 0 0 0 0
 152 64451.000 48205.000 0 0 0.000 0.000 0.000 0.134 0 1 0 0 0 0
 153 90944.000 162121.000 0 0 0.000 0.000 0.000 0.137 0 1 0 0 0 0
 154 39506.000 116240.000 0 0 0.000 0.000 0.000 0.130 0 1 0 0 0 0
 155 53842.000 56558.000 0 0 0.000 0.000 0.000 0.156 0 1 0 0 0 0
 156 46431.000 134255.000 0 0 0.000 0.000 0.000 0.137 0 1 0 0 0 0
 157 55600.000 54278.000 0 0 0.000 0.000 0.000 0.130 0 1 0 0 0 0
 158 164639.000 105039.000 0 0 0.000 0.000 0.000 0.133 0 1 0 0 0 0
 159 48849.000 59232.000 0 0 0.000 0.000 0.000 0.145 0 1 0 0 0 0
 160 138754.000 153333.000 0 0 0.000 0.000 0.000 0.137 0 1 0 0 0 0
 161 128603.000 159256.000 0 0 0.000 0.000 0.000 0.139 0 1 0 0 0 0
 162 68594.000 40776.000 0 0 0.000 0.000 0.000 0.145 0 1 0 0 0 0
 163 81195.000 164305.000 0 0 0.000 0.000 0.000 0.136 0 1 0 0 0 0
 164 134685.000 158847.000 0 0 0.000 0.000 0.000 0.134 0 1 0 0 0 0
 165 89946.000 30977.000 0 0 0.000 0.000 0.000 0.137 0 1 0 0 0 0
 166 102568.000 169969.000 0 0 0.000 0.000 0.000 0.133 0 1 0 0 0 0
 167 42800.000 140877.000 0 0 0.000 0.000 0.000 0.136 0 1 0 0 0 0
 168 61173.000 159199.000 0 0 0.000 0.000 0.000 0.130 0 1 0 0 0 0
 169 169203.000 117081.000 0 0 0.000 0.000 0.000 0.136 0 1 0 0 0 0
 170 48459.000 149875.000 0 0 0.000 0.000 0.000 0.135 0 1 0 0 0 0
 171 87762.000 27654.000 0 0 0.000 0.000 0.000 0.138 0 1 0 0 0 0
 172 84613.000 173994.000 0 0 0.000 0.000 0.000 0.145 0 1 0 0 0 0
 173 63001.000 33820.000 0 0 0.000 0.000 0.000 0.131 0 1 0 0 0 0
 174 124074.000 172308.000 0 0 0.000 0.000 0.000 0.131 0 1 0 0 0 0
 175 27577.000 75724.000 0 0 0.000 0.000 0.000 0.148 0 1 0 0 0 0
 176 31281.000 66787.000 0 0 0.000 0.000 0.000 0.142 0 1 0 0 0 0
 177 67297.000 30545.000 0 0 0.000 0.000 0.000 0.140 0 1 0 0 0 0
 178 92285.000 176499.000 0 0 0.000 0.000 0.000 0.134 0 1 0 0 0 0
 179 72729.000 27766.000 0 0 0.000 0.000 0.000 0.136 0 1 0 0 0 0
 180 36393.000 55193.000 0 0 0.000 0.000 0.000 0.132 0 1 0 0 0 0
 181 62065.000 169173.000 0 0 0.000 0.000 0.000 0.134 0 1 0 0 0 0
 182 47204.000 40601.000 0 0 0.000 0.000 0.000 0.135 0 1 0 0 0 0
 183 132884.000 26639.000 0 0 0.000 0.000 0.000 0.130 0 1 0 0 0 0
 184 73717.000 179416.000 0 0 0.000 0.000 0.000 0.143 0 1 0 0 0 0
 185 159897.000 40175.000 0 0 0.000 0.000 0.000 0.134 0 1 0 0 0 0
 186 183687.000 117123.000 0 0 0.000 0.000 0.000 0.133 0 1 0 0 0 0
 187 182335.000 124855.000 0 0 0.000 0.000 0.000 0.142 0 1 0 0 0 0
 188 123056.000 14364.000 0 0 0.000 0.000 0.000 0.131 0 1 0 0 0 0
 189 157235.000 175185.000 0 0 0.000 0.000 0.000 0.151 0 1 0 0 0 0;
ProcessEquipmentIDList 1
  "R375" ;
SummarySpec 5
  TESTNO    NDEFECT    DEFDENSITY    NDIE    NDEFDIE  ;
SummaryList 
  1    189    0.691    1    1  ;
EndOfFile;
