FileVersion 1 2;
FileTimestamp 01-01-26 21:45:06;
InspectionStationID "KLA-Tencor" "SFSSP1" "0901-0728-TBI";
SampleType WAFER;
ResultTimestamp 01-01-26 21:33:25;
LotID "2580";
SampleSize 1 200;
DeviceID "None";
SetupID "T2-2580NR" 01-01-26 21:33:25;
StepID "6391P";
SampleOrientationMarkType NOTCH;
OrientationMarkLocation DOWN;
DiePitch 200000 200000;
DieOrigin 0 0;
WaferID "19";
Slot 19;
SampleCenterLocation 100000 100000;
ClassLookup 1
  0 "0"  ;
OrientationInstructions "Front";
CoordinatesMirrored No;
InspectionTest 1;
SampleTestPlan 1
  0 0 ;
AreaPerTest 2.73534e+010;
DefectRecordSpec 15 DEFECTID XREL YREL XINDEX YINDEX XSIZE YSIZE DEFECTAREA DSIZE CLASSNUMBER TEST CLUSTERNUMBER ROUGHBINNUMBER FINEBINNUMBER REVIEWSAMPLE ;
DefectList
 1 101636.000 100562.000 0 0 0.000 0.000 0.000 0.143 0 1 0 0 0 0
 2 103120.000 102822.000 0 0 0.000 0.000 0.000 0.137 0 1 0 0 0 0
 3 95293.000 100155.000 0 0 0.000 0.000 0.000 0.148 0 1 0 0 0 0
 4 97022.000 96598.000 0 0 0.000 0.000 0.000 0.140 0 1 0 0 0 0
 5 97661.000 94233.000 0 0 0.000 0.000 0.000 0.130 0 1 0 0 0 0
 6 91666.000 98945.000 0 0 0.000 0.000 0.000 0.153 0 1 0 0 0 0
 7 108072.000 97099.000 0 0 0.000 0.000 0.000 0.136 0 1 0 0 0 0
 8 109435.000 101207.000 0 0 0.000 0.000 0.000 0.134 0 1 0 0 0 0
 9 94036.000 107841.000 0 0 0.000 0.000 0.000 0.140 0 1 0 0 0 0
 10 101009.000 89006.000 0 0 0.000 0.000 0.000 0.134 0 1 0 0 0 0
 11 101074.000 111590.000 0 0 0.000 0.000 0.000 0.148 0 1 0 0 0 0
 12 88370.000 102707.000 0 0 0.000 0.000 0.000 0.136 0 1 0 0 0 0
 13 101690.000 87306.000 0 0 0.000 0.000 0.000 0.164 0 1 0 0 0 0
 14 105805.000 112201.000 0 0 0.000 0.000 0.000 0.138 0 1 0 0 0 0
 15 94770.000 112352.000 0 0 0.000 0.000 0.000 0.175 0 1 0 0 0 0
 16 99236.000 113760.000 0 0 0.000 0.000 0.000 0.142 0 1 0 0 0 0
 17 110725.000 90314.000 0 0 0.000 0.000 0.000 0.140 0 1 0 0 0 0
 18 115099.000 102819.000 0 0 0.000 0.000 0.000 0.137 0 1 0 0 0 0
 19 103703.000 85316.000 0 0 0.000 0.000 0.000 0.139 0 1 0 0 0 0
 20 84965.000 103871.000 0 0 0.000 0.000 0.000 0.136 0 1 0 0 0 0
 21 92074.000 113990.000 0 0 0.000 0.000 0.000 0.130 0 1 0 0 0 0
 22 89807.000 86633.000 0 0 0.000 0.000 0.000 0.146 0 1 0 0 0 0
 23 111182.000 114841.000 0 0 0.000 0.000 0.000 0.151 0 1 0 0 0 0
 24 84348.000 111582.000 0 0 0.000 0.000 0.000 0.141 0 1 0 0 0 0
 25 87175.000 85865.000 0 0 0.000 0.000 0.000 0.156 0 1 0 0 0 0
 26 87192.000 85579.000 0 0 0.000 0.000 0.000 0.164 0 1 0 0 0 0
 27 119234.000 104880.000 0 0 0.000 0.000 0.000 0.154 0 1 0 0 0 0
 28 119377.000 105499.000 0 0 0.000 0.000 0.000 0.139 0 1 0 0 0 0
 29 81099.000 106549.000 0 0 0.000 0.000 0.000 0.140 0 1 0 0 0 0
 30 79878.000 96961.000 0 0 0.000 0.000 0.000 0.142 0 1 0 0 0 0
 31 98555.000 121914.000 0 0 0.000 0.000 0.000 0.148 0 1 0 0 0 0
 32 111572.000 118916.000 0 0 0.000 0.000 0.000 0.135 0 1 0 0 0 0
 33 77557.000 97552.000 0 0 0.000 0.000 0.000 0.153 0 1 0 0 0 0
 34 122427.000 104226.000 0 0 0.000 0.000 0.000 0.134 0 1 0 0 0 0
 35 92245.000 78833.000 0 0 0.000 0.000 0.000 0.140 0 1 0 0 0 0
 36 121732.000 108502.000 0 0 0.000 0.000 0.000 0.133 0 1 0 0 0 0
 37 118934.000 115284.000 0 0 0.000 0.000 0.000 0.134 0 1 0 0 0 0
 38 124574.000 97293.000 0 0 0.000 0.000 0.000 0.130 0 1 0 0 0 0
 39 124642.000 107798.000 0 0 0.000 0.000 0.000 0.169 0 1 0 0 0 0
 40 113481.000 77849.000 0 0 0.000 0.000 0.000 0.149 0 1 0 0 0 0
 41 109546.000 75355.000 0 0 0.000 0.000 0.000 0.133 0 1 0 0 0 0
 42 116994.000 121835.000 0 0 0.000 0.000 0.000 0.161 0 1 0 0 0 0
 43 114134.000 75896.000 0 0 0.000 0.000 0.000 0.134 0 1 0 0 0 0
 44 127344.000 92881.000 0 0 0.000 0.000 0.000 0.139 0 1 0 0 0 0
 45 72534.000 107056.000 0 0 0.000 0.000 0.000 0.134 0 1 0 0 0 0
 46 95224.000 128374.000 0 0 0.000 0.000 0.000 0.140 0 1 0 0 0 0
 47 118437.000 122367.000 0 0 0.000 0.000 0.000 0.130 0 1 0 0 0 0
 48 126610.000 88197.000 0 0 0.000 0.000 0.000 0.132 0 1 0 0 0 0
 49 80137.000 77665.000 0 0 0.000 0.000 0.000 0.132 0 1 0 0 0 0
 50 102321.000 130675.000 0 0 0.000 0.000 0.000 0.132 0 1 0 0 0 0
 51 110300.000 129471.000 0 0 0.000 0.000 0.000 0.130 0 1 0 0 0 0
 52 85760.000 72374.000 0 0 0.000 0.000 0.000 0.136 0 1 0 0 0 0
 53 96568.000 69119.000 0 0 0.000 0.000 0.000 0.153 0 1 0 0 0 0
 54 74428.000 118265.000 0 0 0.000 0.000 0.000 0.155 0 1 0 0 0 0
 55 111912.000 71051.000 0 0 0.000 0.000 0.000 0.143 0 1 0 0 0 0
 56 91344.000 69383.000 0 0 0.000 0.000 0.000 0.136 0 1 0 0 0 0
 57 132526.000 99031.000 0 0 0.000 0.000 0.000 0.138 0 1 0 0 0 0
 58 81892.000 127440.000 0 0 0.000 0.000 0.000 0.134 0 1 0 0 0 0
 59 111276.000 132623.000 0 0 0.000 0.000 0.000 0.142 0 1 0 0 0 0
 60 129129.000 80983.000 0 0 0.000 0.000 0.000 0.133 0 1 0 0 0 0
 61 102255.000 64741.000 0 0 0.000 0.000 0.000 0.143 0 1 0 0 0 0
 62 69096.000 118267.000 0 0 0.000 0.000 0.000 0.142 0 1 0 0 0 0
 63 134569.000 110408.000 0 0 0.000 0.000 0.000 0.156 0 1 0 0 0 0
 64 115007.000 133043.000 0 0 0.000 0.000 0.000 0.134 0 1 0 0 0 0
 65 102601.000 136843.000 0 0 0.000 0.000 0.000 0.170 0 1 0 0 0 0
 66 82841.000 132850.000 0 0 0.000 0.000 0.000 0.148 0 1 0 0 0 0
 67 123953.000 128435.000 0 0 0.000 0.000 0.000 0.136 0 1 0 0 0 0
 68 64655.000 111757.000 0 0 0.000 0.000 0.000 0.144 0 1 0 0 0 0
 69 62861.000 102562.000 0 0 0.000 0.000 0.000 0.130 0 1 0 0 0 0
 70 104427.000 63028.000 0 0 0.000 0.000 0.000 0.142 0 1 0 0 0 0
 71 131598.000 121327.000 0 0 0.000 0.000 0.000 0.147 0 1 0 0 0 0
 72 62049.000 102901.000 0 0 0.000 0.000 0.000 0.139 0 1 0 0 0 0
 73 126863.000 71971.000 0 0 0.000 0.000 0.000 0.139 0 1 0 0 0 0
 74 134351.000 119197.000 0 0 0.000 0.000 0.000 0.141 0 1 0 0 0 0
 75 133389.000 121153.000 0 0 0.000 0.000 0.000 0.146 0 1 0 0 0 0
 76 61416.000 92000.000 0 0 0.000 0.000 0.000 0.142 0 1 0 0 0 0
 77 74204.000 130690.000 0 0 0.000 0.000 0.000 0.141 0 1 0 0 0 0
 78 68567.000 124773.000 0 0 0.000 0.000 0.000 0.131 0 1 0 0 0 0
 79 107797.000 60767.000 0 0 0.000 0.000 0.000 0.151 0 1 0 0 0 0
 80 137409.000 115618.000 0 0 0.000 0.000 0.000 0.144 0 1 0 0 0 0
 81 78815.000 65552.000 0 0 0.000 0.000 0.000 0.132 0 1 0 0 0 0
 82 60978.000 88137.000 0 0 0.000 0.000 0.000 0.153 0 1 0 0 0 0
 83 141223.000 98541.000 0 0 0.000 0.000 0.000 0.130 0 1 0 0 0 0
 84 122697.000 134947.000 0 0 0.000 0.000 0.000 0.145 0 1 0 0 0 0
 85 111850.000 60352.000 0 0 0.000 0.000 0.000 0.144 0 1 0 0 0 0
 86 121059.000 63941.000 0 0 0.000 0.000 0.000 0.130 0 1 0 0 0 0
 87 58452.000 105736.000 0 0 0.000 0.000 0.000 0.134 0 1 0 0 0 0
 88 124932.000 134389.000 0 0 0.000 0.000 0.000 0.132 0 1 0 0 0 0
 89 110917.000 141041.000 0 0 0.000 0.000 0.000 0.130 0 1 0 0 0 0
 90 57990.000 106386.000 0 0 0.000 0.000 0.000 0.169 0 1 0 0 0 0
 91 82229.000 61667.000 0 0 0.000 0.000 0.000 0.149 0 1 0 0 0 0
 92 124128.000 135497.000 0 0 0.000 0.000 0.000 0.145 0 1 0 0 0 0
 93 83858.000 60809.000 0 0 0.000 0.000 0.000 0.132 0 1 0 0 0 0
 94 141847.000 90182.000 0 0 0.000 0.000 0.000 0.149 0 1 0 0 0 0
 95 142600.000 106338.000 0 0 0.000 0.000 0.000 0.149 0 1 0 0 0 0
 96 116717.000 139830.000 0 0 0.000 0.000 0.000 0.130 0 1 0 0 0 0
 97 130110.000 131994.000 0 0 0.000 0.000 0.000 0.138 0 1 0 0 0 0
 98 97192.000 143834.000 0 0 0.000 0.000 0.000 0.134 0 1 0 0 0 0
 99 58862.000 115833.000 0 0 0.000 0.000 0.000 0.130 0 1 0 0 0 0
 100 114226.000 58497.000 0 0 0.000 0.000 0.000 0.153 0 1 0 0 0 0
 101 79605.000 61093.000 0 0 0.000 0.000 0.000 0.149 0 1 0 0 0 0
 102 73741.000 64290.000 0 0 0.000 0.000 0.000 0.158 0 1 0 0 0 0
 103 144481.000 104662.000 0 0 0.000 0.000 0.000 0.133 0 1 0 0 0 0
 104 138371.000 122964.000 0 0 0.000 0.000 0.000 0.154 0 1 0 0 0 0
 105 138064.000 123917.000 0 0 0.000 0.000 0.000 0.141 0 1 0 0 0 0
 106 132106.000 131510.000 0 0 0.000 0.000 0.000 0.131 0 1 0 0 0 0
 107 59131.000 81888.000 0 0 0.000 0.000 0.000 0.142 0 1 0 0 0 0
 108 55293.000 106668.000 0 0 0.000 0.000 0.000 0.135 0 1 0 0 0 0
 109 62481.000 125868.000 0 0 0.000 0.000 0.000 0.137 0 1 0 0 0 0
 110 78422.000 60079.000 0 0 0.000 0.000 0.000 0.148 0 1 0 0 0 0
 111 120540.000 141173.000 0 0 0.000 0.000 0.000 0.143 0 1 0 0 0 0
 112 61854.000 125804.000 0 0 0.000 0.000 0.000 0.139 0 1 0 0 0 0
 113 140391.000 77729.000 0 0 0.000 0.000 0.000 0.130 0 1 0 0 0 0
 114 134234.000 68906.000 0 0 0.000 0.000 0.000 0.141 0 1 0 0 0 0
 115 144756.000 87955.000 0 0 0.000 0.000 0.000 0.133 0 1 0 0 0 0
 116 61630.000 126287.000 0 0 0.000 0.000 0.000 0.135 0 1 0 0 0 0
 117 76274.000 59929.000 0 0 0.000 0.000 0.000 0.145 0 1 0 0 0 0
 118 82610.000 143762.000 0 0 0.000 0.000 0.000 0.138 0 1 0 0 0 0
 119 73927.000 139164.000 0 0 0.000 0.000 0.000 0.132 0 1 0 0 0 0
 120 146120.000 90556.000 0 0 0.000 0.000 0.000 0.145 0 1 0 0 0 0
 121 102343.000 147528.000 0 0 0.000 0.000 0.000 0.131 0 1 0 0 0 0
 122 101902.000 147593.000 0 0 0.000 0.000 0.000 0.147 0 1 0 0 0 0
 123 132054.000 136141.000 0 0 0.000 0.000 0.000 0.168 0 1 0 0 0 0
 124 117888.000 145086.000 0 0 0.000 0.000 0.000 0.135 0 1 0 0 0 0
 125 97017.000 51877.000 0 0 0.000 0.000 0.000 0.137 0 1 0 0 0 0
 126 88898.000 52988.000 0 0 0.000 0.000 0.000 0.156 0 1 0 0 0 0
 127 81531.000 145501.000 0 0 0.000 0.000 0.000 0.137 0 1 0 0 0 0
 128 112349.000 52740.000 0 0 0.000 0.000 0.000 0.149 0 1 0 0 0 0
 129 95488.000 149115.000 0 0 0.000 0.000 0.000 0.136 0 1 0 0 0 0
 130 64255.000 133813.000 0 0 0.000 0.000 0.000 0.131 0 1 0 0 0 0
 131 148503.000 89269.000 0 0 0.000 0.000 0.000 0.137 0 1 0 0 0 0
 132 57062.000 124940.000 0 0 0.000 0.000 0.000 0.130 0 1 0 0 0 0
 133 84070.000 52645.000 0 0 0.000 0.000 0.000 0.146 0 1 0 0 0 0
 134 148103.000 115161.000 0 0 0.000 0.000 0.000 0.157 0 1 0 0 0 0
 135 147510.000 119317.000 0 0 0.000 0.000 0.000 0.136 0 1 0 0 0 0
 136 126938.000 143769.000 0 0 0.000 0.000 0.000 0.130 0 1 0 0 0 0
 137 106553.000 150943.000 0 0 0.000 0.000 0.000 0.132 0 1 0 0 0 0
 138 149052.000 115499.000 0 0 0.000 0.000 0.000 0.145 0 1 0 0 0 0
 139 63358.000 63446.000 0 0 0.000 0.000 0.000 0.143 0 1 0 0 0 0
 140 49664.000 114823.000 0 0 0.000 0.000 0.000 0.151 0 1 0 0 0 0
 141 139957.000 65975.000 0 0 0.000 0.000 0.000 0.134 0 1 0 0 0 0
 142 106932.000 47973.000 0 0 0.000 0.000 0.000 0.141 0 1 0 0 0 0
 143 72114.000 145126.000 0 0 0.000 0.000 0.000 0.146 0 1 0 0 0 0
 144 133024.000 141835.000 0 0 0.000 0.000 0.000 0.140 0 1 0 0 0 0
 145 129404.000 144300.000 0 0 0.000 0.000 0.000 0.142 0 1 0 0 0 0
 146 47276.000 94592.000 0 0 0.000 0.000 0.000 0.134 0 1 0 0 0 0
 147 46870.000 107102.000 0 0 0.000 0.000 0.000 0.156 0 1 0 0 0 0
 148 118456.000 150773.000 0 0 0.000 0.000 0.000 0.163 0 1 0 0 0 0
 149 46279.000 105363.000 0 0 0.000 0.000 0.000 0.136 0 1 0 0 0 0
 150 154834.000 97131.000 0 0 0.000 0.000 0.000 0.143 0 1 0 0 0 0
 151 45009.000 102526.000 0 0 0.000 0.000 0.000 0.130 0 1 0 0 0 0
 152 47036.000 116164.000 0 0 0.000 0.000 0.000 0.135 0 1 0 0 0 0
 153 57628.000 64677.000 0 0 0.000 0.000 0.000 0.135 0 1 0 0 0 0
 154 149145.000 126880.000 0 0 0.000 0.000 0.000 0.154 0 1 0 0 0 0
 155 129689.000 148063.000 0 0 0.000 0.000 0.000 0.131 0 1 0 0 0 0
 156 152562.000 120672.000 0 0 0.000 0.000 0.000 0.143 0 1 0 0 0 0
 157 78212.000 48195.000 0 0 0.000 0.000 0.000 0.132 0 1 0 0 0 0
 158 150919.000 125761.000 0 0 0.000 0.000 0.000 0.131 0 1 0 0 0 0
 159 148977.000 130261.000 0 0 0.000 0.000 0.000 0.141 0 1 0 0 0 0
 160 143538.000 62506.000 0 0 0.000 0.000 0.000 0.157 0 1 0 0 0 0
 161 64677.000 145646.000 0 0 0.000 0.000 0.000 0.135 0 1 0 0 0 0
 162 146586.000 66122.000 0 0 0.000 0.000 0.000 0.131 0 1 0 0 0 0
 163 48419.000 126301.000 0 0 0.000 0.000 0.000 0.133 0 1 0 0 0 0
 164 117995.000 45104.000 0 0 0.000 0.000 0.000 0.143 0 1 0 0 0 0
 165 102716.000 158316.000 0 0 0.000 0.000 0.000 0.132 0 1 0 0 0 0
 166 153132.000 124398.000 0 0 0.000 0.000 0.000 0.142 0 1 0 0 0 0
 167 153416.000 125145.000 0 0 0.000 0.000 0.000 0.133 0 1 0 0 0 0
 168 42920.000 114970.000 0 0 0.000 0.000 0.000 0.132 0 1 0 0 0 0
 169 134619.000 148820.000 0 0 0.000 0.000 0.000 0.132 0 1 0 0 0 0
 170 42016.000 86281.000 0 0 0.000 0.000 0.000 0.131 0 1 0 0 0 0
 171 158013.000 116522.000 0 0 0.000 0.000 0.000 0.131 0 1 0 0 0 0
 172 48925.000 132448.000 0 0 0.000 0.000 0.000 0.140 0 1 0 0 0 0
 173 43219.000 79653.000 0 0 0.000 0.000 0.000 0.136 0 1 0 0 0 0
 174 45969.000 73472.000 0 0 0.000 0.000 0.000 0.133 0 1 0 0 0 0
 175 53898.000 140253.000 0 0 0.000 0.000 0.000 0.150 0 1 0 0 0 0
 176 58114.000 55484.000 0 0 0.000 0.000 0.000 0.130 0 1 0 0 0 0
 177 158034.000 79994.000 0 0 0.000 0.000 0.000 0.133 0 1 0 0 0 0
 178 76922.000 157573.000 0 0 0.000 0.000 0.000 0.149 0 1 0 0 0 0
 179 90965.000 37603.000 0 0 0.000 0.000 0.000 0.135 0 1 0 0 0 0
 180 39899.000 79663.000 0 0 0.000 0.000 0.000 0.134 0 1 0 0 0 0
 181 67252.000 45328.000 0 0 0.000 0.000 0.000 0.135 0 1 0 0 0 0
 182 62341.000 48411.000 0 0 0.000 0.000 0.000 0.131 0 1 0 0 0 0
 183 147008.000 144219.000 0 0 0.000 0.000 0.000 0.131 0 1 0 0 0 0
 184 156322.000 68371.000 0 0 0.000 0.000 0.000 0.144 0 1 0 0 0 0
 185 139567.000 151549.000 0 0 0.000 0.000 0.000 0.141 0 1 0 0 0 0
 186 50256.000 58406.000 0 0 0.000 0.000 0.000 0.132 0 1 0 0 0 0
 187 142809.000 50733.000 0 0 0.000 0.000 0.000 0.136 0 1 0 0 0 0
 188 163711.000 116606.000 0 0 0.000 0.000 0.000 0.136 0 1 0 0 0 0
 189 166160.000 104882.000 0 0 0.000 0.000 0.000 0.139 0 1 0 0 0 0
 190 139258.000 46601.000 0 0 0.000 0.000 0.000 0.137 0 1 0 0 0 0
 191 165927.000 110638.000 0 0 0.000 0.000 0.000 0.138 0 1 0 0 0 0
 192 92355.000 167027.000 0 0 0.000 0.000 0.000 0.133 0 1 0 0 0 0
 193 165084.000 119025.000 0 0 0.000 0.000 0.000 0.133 0 1 0 0 0 0
 194 167675.000 109933.000 0 0 0.000 0.000 0.000 0.146 0 1 0 0 0 0
 195 164255.000 125618.000 0 0 0.000 0.000 0.000 0.130 0 1 0 0 0 0
 196 47045.000 145327.000 0 0 0.000 0.000 0.000 0.159 0 1 0 0 0 0
 197 169822.000 94448.000 0 0 0.000 0.000 0.000 0.145 0 1 0 0 0 0
 198 150517.000 148715.000 0 0 0.000 0.000 0.000 0.132 0 1 0 0 0 0
 199 168310.000 83756.000 0 0 0.000 0.000 0.000 0.131 0 1 0 0 0 0
 200 145447.000 156165.000 0 0 0.000 0.000 0.000 0.138 0 1 0 0 0 0
 201 140570.000 159870.000 0 0 0.000 0.000 0.000 0.138 0 1 0 0 0 0
 202 169457.000 126612.000 0 0 0.000 0.000 0.000 0.145 0 1 0 0 0 0
 203 25202.000 95815.000 0 0 0.000 0.000 0.000 0.135 0 1 0 0 0 0
 204 27475.000 79957.000 0 0 0.000 0.000 0.000 0.132 0 1 0 0 0 0
 205 161443.000 54183.000 0 0 0.000 0.000 0.000 0.137 0 1 0 0 0 0
 206 174570.000 80711.000 0 0 0.000 0.000 0.000 0.130 0 1 0 0 0 0
 207 170857.000 67754.000 0 0 0.000 0.000 0.000 0.156 0 1 0 0 0 0
 208 175412.000 121630.000 0 0 0.000 0.000 0.000 0.133 0 1 0 0 0 0
 209 152965.000 158199.000 0 0 0.000 0.000 0.000 0.139 0 1 0 0 0 0
 210 89656.000 178569.000 0 0 0.000 0.000 0.000 0.140 0 1 0 0 0 0
 211 27252.000 132266.000 0 0 0.000 0.000 0.000 0.141 0 1 0 0 0 0
 212 144612.000 166441.000 0 0 0.000 0.000 0.000 0.130 0 1 0 0 0 0
 213 170877.000 142469.000 0 0 0.000 0.000 0.000 0.131 0 1 0 0 0 0
 214 108757.000 17559.000 0 0 0.000 0.000 0.000 0.151 0 1 0 0 0 0
 215 8624.000 104260.000 0 0 0.000 0.000 0.000 0.163 0 1 0 0 0 0;
ProcessEquipmentIDList 1
  "R375" ;
SummarySpec 5
  TESTNO    NDEFECT    DEFDENSITY    NDIE    NDEFDIE  ;
SummaryList 
  1    215    0.786    1    1  ;
EndOfFile;
