FileVersion 1 2;
FileTimestamp 01-01-26 19:25:22;
InspectionStationID "KLA-Tencor" "SFSSP1" "0901-0728-TBI";
SampleType WAFER;
ResultTimestamp 01-01-26 19:19:16;
LotID "2580";
SampleSize 1 200;
DeviceID "None";
SetupID "T2-2580NR" 01-01-26 19:19:16;
StepID "6391P";
SampleOrientationMarkType NOTCH;
OrientationMarkLocation DOWN;
DiePitch 200000 200000;
DieOrigin 0 0;
WaferID "08";
Slot 8;
SampleCenterLocation 100000 100000;
ClassLookup 1
  0 "0"  ;
OrientationInstructions "Front";
CoordinatesMirrored No;
InspectionTest 1;
SampleTestPlan 1
  0 0 ;
AreaPerTest 2.73513e+010;
ClusterClassificationList 2
  1 210 
  2 210 ;
DefectRecordSpec 15 DEFECTID XREL YREL XINDEX YINDEX XSIZE YSIZE DEFECTAREA DSIZE CLASSNUMBER TEST CLUSTERNUMBER ROUGHBINNUMBER FINEBINNUMBER REVIEWSAMPLE ;
DefectList
 1 99414.000 104388.000 0 0 0.000 0.000 0.000 0.130 0 1 0 0 0 0
 2 92342.000 99758.000 0 0 0.000 0.000 0.000 0.134 0 1 0 0 0 0
 3 102888.000 108935.000 0 0 0.000 0.000 0.000 0.133 0 1 0 0 0 0
 4 91674.000 93105.000 0 0 0.000 0.000 0.000 0.143 0 1 0 0 0 0
 5 88809.000 98135.000 0 0 0.000 0.000 0.000 0.150 0 1 0 0 0 0
 6 99394.000 112049.000 0 0 0.000 0.000 0.000 0.137 0 1 0 0 0 0
 7 92498.000 90245.000 0 0 0.000 0.000 0.000 0.153 0 1 0 0 0 0
 8 112839.000 96829.000 0 0 0.000 0.000 0.000 0.136 0 1 0 0 0 0
 9 108135.000 110866.000 0 0 0.000 0.000 0.000 0.130 0 1 0 0 0 0
 10 109419.000 110118.000 0 0 0.000 0.000 0.000 0.150 0 1 0 0 0 0
 11 85019.000 98907.000 0 0 0.000 0.000 0.000 0.134 0 1 0 0 0 0
 12 86636.000 108752.000 0 0 0.000 0.000 0.000 0.135 0 1 0 0 0 0
 13 99295.000 84381.000 0 0 0.000 0.000 0.000 0.133 0 1 0 0 0 0
 14 86567.000 91325.000 0 0 0.000 0.000 0.000 0.133 0 1 0 0 0 0
 15 107234.000 114414.000 0 0 0.000 0.000 0.000 0.139 0 1 0 0 0 0
 16 92794.000 85215.000 0 0 0.000 0.000 0.000 0.142 0 1 0 0 0 0
 17 116360.000 98503.000 0 0 0.000 0.000 0.000 0.140 0 1 0 0 0 0
 18 86645.000 110822.000 0 0 0.000 0.000 0.000 0.130 0 1 0 0 0 0
 19 107821.000 84157.000 0 0 0.000 0.000 0.000 0.133 0 1 0 0 0 0
 20 81810.000 99227.000 0 0 0.000 0.000 0.000 0.140 0 1 0 0 0 0
 21 107263.000 117035.000 0 0 0.000 0.000 0.000 0.141 0 1 0 0 0 0
 22 80345.000 101867.000 0 0 0.000 0.000 0.000 0.151 0 1 0 0 0 0
 23 109969.000 116837.000 0 0 0.000 0.000 0.000 0.140 0 1 0 0 0 0
 24 104687.000 119104.000 0 0 0.000 0.000 0.000 0.146 0 1 0 0 0 0
 25 107112.000 118725.000 0 0 0.000 0.000 0.000 0.132 0 1 0 0 0 0
 26 79745.000 97860.000 0 0 0.000 0.000 0.000 0.138 0 1 0 0 0 0
 27 81511.000 90536.000 0 0 0.000 0.000 0.000 0.134 0 1 0 0 0 0
 28 100956.000 79517.000 0 0 0.000 0.000 0.000 0.180 0 1 0 0 0 0
 29 108007.000 80866.000 0 0 0.000 0.000 0.000 0.131 0 1 0 0 0 0
 30 87749.000 117487.000 0 0 0.000 0.000 0.000 0.137 0 1 0 0 0 0
 31 81380.000 89486.000 0 0 0.000 0.000 0.000 0.139 0 1 0 0 0 0
 32 117451.000 112217.000 0 0 0.000 0.000 0.000 0.146 0 1 0 0 0 0
 33 108949.000 80616.000 0 0 0.000 0.000 0.000 0.164 0 1 0 0 0 0
 34 119261.000 90651.000 0 0 0.000 0.000 0.000 0.139 0 1 0 0 0 0
 35 109304.000 119759.000 0 0 0.000 0.000 0.000 0.131 0 1 0 0 0 0
 36 119779.000 90922.000 0 0 0.000 0.000 0.000 0.148 0 1 0 0 0 0
 37 116194.000 114799.000 0 0 0.000 0.000 0.000 0.132 0 1 0 0 0 0
 38 110995.000 119553.000 0 0 0.000 0.000 0.000 0.138 0 1 0 0 0 0
 39 122640.000 105211.000 0 0 0.000 0.000 0.000 0.134 0 1 0 0 0 0
 40 113727.000 81024.000 0 0 0.000 0.000 0.000 0.130 0 1 0 0 0 0
 41 111813.000 79498.000 0 0 0.000 0.000 0.000 0.142 0 1 0 0 0 0
 42 122968.000 105561.000 0 0 0.000 0.000 0.000 0.142 0 1 0 0 0 0
 43 100219.000 123815.000 0 0 0.000 0.000 0.000 0.166 0 1 0 0 0 0
 44 123656.000 102469.000 0 0 0.000 0.000 0.000 0.131 0 1 0 0 0 0
 45 105814.000 123328.000 0 0 0.000 0.000 0.000 0.138 0 1 0 0 0 0
 46 90303.000 122571.000 0 0 0.000 0.000 0.000 0.135 0 1 0 0 0 0
 47 122776.000 108104.000 0 0 0.000 0.000 0.000 0.130 0 1 0 0 0 0
 48 80327.000 115715.000 0 0 0.000 0.000 0.000 0.134 0 1 0 0 0 0
 49 82458.000 81665.000 0 0 0.000 0.000 0.000 0.132 0 1 0 0 0 0
 50 125025.000 101607.000 0 0 0.000 0.000 0.000 0.139 0 1 0 0 0 0
 51 116232.000 119470.000 0 0 0.000 0.000 0.000 0.140 0 1 0 0 0 0
 52 91118.000 76013.000 0 0 0.000 0.000 0.000 0.141 0 1 0 0 0 0
 53 113670.000 77860.000 0 0 0.000 0.000 0.000 0.146 0 1 0 0 0 0
 54 73930.000 95645.000 0 0 0.000 0.000 0.000 0.131 0 1 0 0 0 0
 55 126114.000 96493.000 0 0 0.000 0.000 0.000 0.137 0 1 0 0 0 0
 56 108703.000 75001.000 0 0 0.000 0.000 0.000 0.144 0 1 0 0 0 0
 57 73033.000 103725.000 0 0 0.000 0.000 0.000 0.155 0 1 0 0 0 0
 58 107557.000 126137.000 0 0 0.000 0.000 0.000 0.138 0 1 0 0 0 0
 59 72538.000 103645.000 0 0 0.000 0.000 0.000 0.144 0 1 0 0 0 0
 60 126812.000 106922.000 0 0 0.000 0.000 0.000 0.131 0 1 0 0 0 0
 61 97958.000 128457.000 0 0 0.000 0.000 0.000 0.138 0 1 0 0 0 0
 62 82341.000 122561.000 0 0 0.000 0.000 0.000 0.131 0 1 0 0 0 0
 63 73402.000 110786.000 0 0 0.000 0.000 0.000 0.136 0 1 0 0 0 0
 64 123314.000 116486.000 0 0 0.000 0.000 0.000 0.131 0 1 0 0 0 0
 65 106134.000 128308.000 0 0 0.000 0.000 0.000 0.130 0 1 0 0 0 0
 66 72074.000 91698.000 0 0 0.000 0.000 0.000 0.140 0 1 0 0 0 0
 67 79361.000 120773.000 0 0 0.000 0.000 0.000 0.145 0 1 0 0 0 0
 68 85347.000 74565.000 0 0 0.000 0.000 0.000 0.142 0 1 0 0 0 0
 69 114320.000 74330.000 0 0 0.000 0.000 0.000 0.135 0 1 0 0 0 0
 70 125753.000 115273.000 0 0 0.000 0.000 0.000 0.131 0 1 0 0 0 0
 71 76151.000 119116.000 0 0 0.000 0.000 0.000 0.145 0 1 0 0 0 0
 72 78720.000 77872.000 0 0 0.000 0.000 0.000 0.131 0 1 0 0 0 0
 73 82704.000 74612.000 0 0 0.000 0.000 0.000 0.137 0 1 0 0 0 0
 74 77247.000 78982.000 0 0 0.000 0.000 0.000 0.135 0 1 0 0 0 0
 75 128811.000 89418.000 0 0 0.000 0.000 0.000 0.150 0 1 0 0 0 0
 76 104805.000 130789.000 0 0 0.000 0.000 0.000 0.139 0 1 0 0 0 0
 77 119184.000 124706.000 0 0 0.000 0.000 0.000 0.153 0 1 0 0 0 0
 78 86340.000 128671.000 0 0 0.000 0.000 0.000 0.137 0 1 0 0 0 0
 79 81553.000 126193.000 0 0 0.000 0.000 0.000 0.147 0 1 0 0 0 0
 80 125667.000 119382.000 0 0 0.000 0.000 0.000 0.134 0 1 0 0 0 0
 81 75385.000 78697.000 0 0 0.000 0.000 0.000 0.146 0 1 0 0 0 0
 82 88473.000 130587.000 0 0 0.000 0.000 0.000 0.132 0 1 0 0 0 0
 83 81471.000 127757.000 0 0 0.000 0.000 0.000 0.140 0 1 0 0 0 0
 84 66995.000 106132.000 0 0 0.000 0.000 0.000 0.159 0 1 0 0 0 0
 85 74358.000 121946.000 0 0 0.000 0.000 0.000 0.133 0 1 0 0 0 0
 86 131544.000 88444.000 0 0 0.000 0.000 0.000 0.153 0 1 0 0 0 0
 87 110800.000 67821.000 0 0 0.000 0.000 0.000 0.134 0 1 0 0 0 0
 88 129594.000 116714.000 0 0 0.000 0.000 0.000 0.136 0 1 0 0 0 0
 89 104665.000 134075.000 0 0 0.000 0.000 0.000 0.130 0 1 0 0 0 0
 90 104325.000 65971.000 0 0 0.000 0.000 0.000 0.141 0 1 0 0 0 0
 91 73362.000 122241.000 0 0 0.000 0.000 0.000 0.169 0 1 0 0 0 0
 92 68629.000 115141.000 0 0 0.000 0.000 0.000 0.130 0 1 0 0 0 0
 93 131603.000 114723.000 0 0 0.000 0.000 0.000 0.134 0 1 0 0 0 0
 94 134688.000 104504.000 0 0 0.000 0.000 0.000 0.133 0 1 0 0 0 0
 95 70528.000 79247.000 0 0 0.000 0.000 0.000 0.141 0 1 0 0 0 0
 96 64228.000 107511.000 0 0 0.000 0.000 0.000 0.153 0 1 0 0 0 0
 97 126626.000 74753.000 0 0 0.000 0.000 0.000 0.136 0 1 0 0 0 0
 98 95417.000 137211.000 0 0 0.000 0.000 0.000 0.146 0 1 0 0 0 0
 99 63602.000 90214.000 0 0 0.000 0.000 0.000 0.143 0 1 0 0 0 0
 100 89669.000 136304.000 0 0 0.000 0.000 0.000 0.144 0 1 0 0 0 0
 101 132182.000 119320.000 0 0 0.000 0.000 0.000 0.142 0 1 0 0 0 0
 102 66392.000 117906.000 0 0 0.000 0.000 0.000 0.131 0 1 0 0 0 0
 103 102329.000 137989.000 0 0 0.000 0.000 0.000 0.149 0 1 0 0 0 0
 104 137981.000 100819.000 0 0 0.000 0.000 0.000 0.139 0 1 0 0 0 0
 105 133015.000 118759.000 0 0 0.000 0.000 0.000 0.159 0 1 0 0 0 0
 106 103375.000 61526.000 0 0 0.000 0.000 0.000 0.141 0 1 0 0 0 0
 107 121668.000 67990.000 0 0 0.000 0.000 0.000 0.145 0 1 0 0 0 0
 108 135122.000 82729.000 0 0 0.000 0.000 0.000 0.148 0 1 0 0 0 0
 109 94777.000 139288.000 0 0 0.000 0.000 0.000 0.142 0 1 0 0 0 0
 110 61538.000 90041.000 0 0 0.000 0.000 0.000 0.132 0 1 0 0 0 0
 111 139653.000 98015.000 0 0 0.000 0.000 0.000 0.133 0 1 0 0 0 0
 112 64041.000 118084.000 0 0 0.000 0.000 0.000 0.132 0 1 0 0 0 0
 113 140378.000 100148.000 0 0 0.000 0.000 0.000 0.132 0 1 0 0 0 0
 114 71245.000 129154.000 0 0 0.000 0.000 0.000 0.139 0 1 0 0 0 0
 115 125102.000 67846.000 0 0 0.000 0.000 0.000 0.134 0 1 0 0 0 0
 116 108475.000 59406.000 0 0 0.000 0.000 0.000 0.132 0 1 0 0 0 0
 117 140302.000 90375.000 0 0 0.000 0.000 0.000 0.141 0 1 0 0 0 0
 118 118420.000 137612.000 0 0 0.000 0.000 0.000 0.145 0 1 0 0 0 0
 119 141319.000 107236.000 0 0 0.000 0.000 0.000 0.133 0 1 0 0 0 0
 120 64530.000 123499.000 0 0 0.000 0.000 0.000 0.142 0 1 0 0 0 0
 121 121516.000 63901.000 0 0 0.000 0.000 0.000 0.133 0 1 0 0 0 0
 122 141473.000 92120.000 0 0 0.000 0.000 0.000 0.134 0 1 0 0 0 0
 123 105862.000 142631.000 0 0 0.000 0.000 0.000 0.143 0 1 0 0 0 0
 124 84233.000 140502.000 0 0 0.000 0.000 0.000 0.142 0 1 0 0 0 0
 125 69555.000 131126.000 0 0 0.000 0.000 0.000 0.131 0 1 0 0 0 0
 126 132853.000 128301.000 0 0 0.000 0.000 0.000 0.141 0 1 0 0 0 0
 127 143747.000 98101.000 0 0 0.000 0.000 0.000 0.140 0 1 0 0 0 0
 128 100534.000 55744.000 0 0 0.000 0.000 0.000 0.131 0 1 0 0 0 0
 129 130580.000 132121.000 0 0 0.000 0.000 0.000 0.130 0 1 0 0 0 0
 130 127746.000 134776.000 0 0 0.000 0.000 0.000 0.132 0 1 0 0 0 0
 131 129850.000 133441.000 0 0 0.000 0.000 0.000 0.150 0 1 0 0 0 0
 132 98372.000 145246.000 0 0 0.000 0.000 0.000 0.137 0 1 0 0 0 0
 133 131737.000 67578.000 0 0 0.000 0.000 0.000 0.142 0 1 0 0 0 0
 134 80388.000 58464.000 0 0 0.000 0.000 0.000 0.149 0 1 0 0 0 0
 135 96386.000 145900.000 0 0 0.000 0.000 0.000 0.138 0 1 0 0 0 0
 136 74556.000 61411.000 0 0 0.000 0.000 0.000 0.134 0 1 0 0 0 0
 137 57532.000 81179.000 0 0 0.000 0.000 0.000 0.155 0 1 0 0 0 0
 138 53412.000 103847.000 0 0 0.000 0.000 0.000 0.135 0 1 0 0 0 0
 139 133543.000 67969.000 0 0 0.000 0.000 0.000 0.134 0 1 0 0 0 0
 140 113484.000 144654.000 0 0 0.000 0.000 0.000 0.134 0 1 0 0 0 0
 141 103896.000 53458.000 0 0 0.000 0.000 0.000 0.135 0 1 0 0 0 0
 142 130906.000 135844.000 0 0 0.000 0.000 0.000 0.136 0 1 0 0 0 0
 143 145854.000 111701.000 0 0 0.000 0.000 0.000 0.140 0 1 0 0 0 0
 144 82639.000 144800.000 0 0 0.000 0.000 0.000 0.136 0 1 0 0 0 0
 145 120978.000 56928.000 0 0 0.000 0.000 0.000 0.143 0 1 0 0 0 0
 146 143404.000 79985.000 0 0 0.000 0.000 0.000 0.130 0 1 0 0 0 0
 147 53082.000 88322.000 0 0 0.000 0.000 0.000 0.131 0 1 0 0 0 0
 148 61799.000 69752.000 0 0 0.000 0.000 0.000 0.134 0 1 0 0 0 0
 149 148301.000 101648.000 0 0 0.000 0.000 0.000 0.133 0 1 0 0 0 0
 150 88093.000 147313.000 0 0 0.000 0.000 0.000 0.142 0 1 0 0 0 0
 151 51945.000 90054.000 0 0 0.000 0.000 0.000 0.139 0 1 0 0 0 0
 152 143994.000 124179.000 0 0 0.000 0.000 0.000 0.132 0 1 0 0 0 0
 153 79663.000 53904.000 0 0 0.000 0.000 0.000 0.156 0 1 0 0 0 0
 154 83467.000 52207.000 0 0 0.000 0.000 0.000 0.140 0 1 0 0 0 0
 155 87525.000 50537.000 0 0 0.000 0.000 0.000 0.130 0 1 0 0 0 0
 156 67070.000 60483.000 0 0 0.000 0.000 0.000 0.136 0 1 0 0 0 0
 157 99868.000 47899.000 0 0 0.000 0.000 0.000 0.152 0 1 0 0 0 0
 158 89335.000 48881.000 0 0 0.000 0.000 0.000 0.132 0 1 0 0 0 0
 159 121095.000 52113.000 0 0 0.000 0.000 0.000 0.143 0 1 0 0 0 0
 160 151913.000 92486.000 0 0 0.000 0.000 0.000 0.146 0 1 0 0 0 0
 161 81666.000 149814.000 0 0 0.000 0.000 0.000 0.140 0 1 0 0 0 0
 162 68949.000 143307.000 0 0 0.000 0.000 0.000 0.144 0 1 0 0 0 0
 163 127970.000 145354.000 0 0 0.000 0.000 0.000 0.130 0 1 0 0 0 0
 164 55357.000 69274.000 0 0 0.000 0.000 0.000 0.130 0 1 0 0 0 0
 165 80696.000 49355.000 0 0 0.000 0.000 0.000 0.132 0 1 0 0 0 0
 166 65968.000 57540.000 0 0 0.000 0.000 0.000 0.148 0 1 0 0 0 0
 167 54199.000 69896.000 0 0 0.000 0.000 0.000 0.152 0 1 0 0 0 0
 168 138912.000 60803.000 0 0 0.000 0.000 0.000 0.133 0 1 0 0 0 0
 169 58121.000 63224.000 0 0 0.000 0.000 0.000 0.133 0 1 0 0 0 0
 170 101287.000 44448.000 0 0 0.000 0.000 0.000 0.131 0 1 0 0 0 0
 171 155498.000 105875.000 0 0 0.000 0.000 0.000 0.134 0 1 0 0 0 0
 172 129183.000 148074.000 0 0 0.000 0.000 0.000 0.140 0 1 0 0 0 0
 173 47768.000 78090.000 0 0 0.000 0.000 0.000 0.144 0 1 0 0 0 0
 174 149512.000 73087.000 0 0 0.000 0.000 0.000 0.142 0 1 0 0 0 0
 175 47852.000 77165.000 0 0 0.000 0.000 0.000 0.157 0 1 0 0 0 0
 176 150529.000 125841.000 0 0 0.000 0.000 0.000 0.135 0 1 0 0 0 0
 177 53694.000 134279.000 0 0 0.000 0.000 0.000 0.137 0 1 0 0 0 0
 178 52804.000 134794.000 0 0 0.000 0.000 0.000 0.132 0 1 0 0 0 0
 179 156865.000 84575.000 0 0 0.000 0.000 0.000 0.139 0 1 0 0 0 0
 180 59764.000 144242.000 0 0 0.000 0.000 0.000 0.156 0 1 0 0 0 0
 181 73766.000 46508.000 0 0 0.000 0.000 0.000 0.130 0 1 0 0 0 0
 182 146658.000 63051.000 0 0 0.000 0.000 0.000 0.133 0 1 0 0 0 0
 183 126230.000 45681.000 0 0 0.000 0.000 0.000 0.135 0 1 0 0 0 0
 184 138840.000 53689.000 0 0 0.000 0.000 0.000 0.131 0 1 0 0 0 0
 185 86553.000 40102.000 0 0 0.000 0.000 0.000 0.141 0 1 0 0 0 0
 186 160024.000 112374.000 0 0 0.000 0.000 0.000 0.147 0 1 0 0 0 0
 187 138944.000 147697.000 0 0 0.000 0.000 0.000 0.140 0 1 0 0 0 0
 188 160525.000 112549.000 0 0 0.000 0.000 0.000 0.155 0 1 0 0 0 0
 189 61535.000 148975.000 0 0 0.000 0.000 0.000 0.131 0 1 0 0 0 0
 190 38747.000 87698.000 0 0 0.000 0.000 0.000 0.160 0 1 0 0 0 0
 191 161149.000 112772.000 0 0 0.000 0.000 0.000 0.142 0 1 0 0 0 0
 192 114631.000 161009.000 0 0 0.000 0.000 0.000 0.132 0 1 0 0 0 0
 193 145995.000 143009.000 0 0 0.000 0.000 0.000 0.132 0 1 0 0 0 0
 194 161399.000 113939.000 0 0 54.000 34.000 1836.000 42.848 0 1 1 210 0 0
 195 123437.000 41460.000 0 0 0.000 0.000 0.000 0.130 0 1 0 0 0 0
 196 162565.000 114319.000 0 0 54.000 34.000 1836.000 42.848 0 1 1 210 0 0
 197 48960.000 59885.000 0 0 0.000 0.000 0.000 0.146 0 1 0 0 0 0
 198 130681.000 43216.000 0 0 0.000 0.000 0.000 0.135 0 1 0 0 0 0
 199 163443.000 114595.000 0 0 54.000 34.000 1836.000 42.848 0 1 1 210 0 0
 200 164009.000 114791.000 0 0 54.000 34.000 1836.000 42.848 0 1 1 210 0 0
 201 165180.000 89675.000 0 0 0.000 0.000 0.000 0.131 0 1 0 0 0 0
 202 164263.000 114896.000 0 0 54.000 34.000 1836.000 42.848 0 1 1 210 0 0
 203 164515.000 114999.000 0 0 54.000 34.000 1836.000 42.848 0 1 1 210 0 0
 204 144853.000 50814.000 0 0 0.000 0.000 0.000 0.139 0 1 0 0 0 0
 205 164827.000 115117.000 0 0 54.000 34.000 1836.000 42.848 0 1 1 210 0 0
 206 165043.000 115193.000 0 0 54.000 34.000 1836.000 42.848 0 1 1 210 0 0
 207 165225.000 115265.000 0 0 54.000 34.000 1836.000 42.848 0 1 1 210 0 0
 208 95272.000 167075.000 0 0 0.000 0.000 0.000 0.160 0 1 0 0 0 0
 209 127072.000 38516.000 0 0 0.000 0.000 0.000 0.144 0 1 0 0 0 0
 210 163407.000 77603.000 0 0 0.000 0.000 0.000 0.138 0 1 0 0 0 0
 211 167006.000 87485.000 0 0 0.000 0.000 0.000 0.145 0 1 0 0 0 0
 212 99946.000 31607.000 0 0 0.000 0.000 0.000 0.134 0 1 0 0 0 0
 213 55878.000 47245.000 0 0 0.000 0.000 0.000 0.133 0 1 0 0 0 0
 214 167341.000 116098.000 0 0 54.000 34.000 1836.000 42.848 0 1 1 210 0 0
 215 161936.000 68508.000 0 0 0.000 0.000 0.000 0.138 0 1 0 0 0 0
 216 167858.000 116296.000 0 0 54.000 34.000 1836.000 42.848 0 1 1 210 0 0
 217 168327.000 116485.000 0 0 54.000 34.000 1836.000 42.848 0 1 1 210 0 0
 218 35753.000 70110.000 0 0 0.000 0.000 0.000 0.134 0 1 0 0 0 0
 219 168753.000 116370.000 0 0 54.000 34.000 1836.000 42.848 0 1 1 210 0 0
 220 93863.000 170964.000 0 0 0.000 0.000 0.000 0.142 0 1 0 0 0 0
 221 169076.000 116512.000 0 0 54.000 34.000 1836.000 42.848 0 1 1 210 0 0
 222 169277.000 116606.000 0 0 54.000 34.000 1836.000 42.848 0 1 1 210 0 0
 223 171511.000 105581.000 0 0 0.000 0.000 0.000 0.131 0 1 0 0 0 0
 224 101336.000 172045.000 0 0 0.000 0.000 0.000 0.138 0 1 0 0 0 0
 225 27478.000 93747.000 0 0 0.000 0.000 0.000 0.131 0 1 0 0 0 0
 226 120907.000 28876.000 0 0 0.000 0.000 0.000 0.144 0 1 0 0 0 0
 227 108914.000 174010.000 0 0 0.000 0.000 0.000 0.137 0 1 0 0 0 0
 228 62356.000 164797.000 0 0 0.000 0.000 0.000 0.143 0 1 0 0 0 0
 229 172790.000 118343.000 0 0 54.000 36.000 1944.000 44.090 0 1 2 210 0 0
 230 173341.000 118601.000 0 0 54.000 36.000 1944.000 44.090 0 1 2 210 0 0
 231 173528.000 118742.000 0 0 54.000 36.000 1944.000 44.090 0 1 2 210 0 0
 232 52490.000 159870.000 0 0 0.000 0.000 0.000 0.154 0 1 0 0 0 0
 233 23719.000 107422.000 0 0 0.000 0.000 0.000 0.133 0 1 0 0 0 0
 234 173995.000 118947.000 0 0 54.000 36.000 1944.000 44.090 0 1 2 210 0 0
 235 52989.000 160725.000 0 0 0.000 0.000 0.000 0.130 0 1 0 0 0 0
 236 37844.000 54975.000 0 0 0.000 0.000 0.000 0.140 0 1 0 0 0 0
 237 28524.000 66546.000 0 0 0.000 0.000 0.000 0.130 0 1 0 0 0 0
 238 116945.000 22815.000 0 0 0.000 0.000 0.000 0.144 0 1 0 0 0 0
 239 177206.000 121737.000 0 0 0.000 0.000 0.000 0.136 0 1 0 0 0 0
 240 19633.000 89333.000 0 0 0.000 0.000 0.000 0.146 0 1 0 0 0 0
 241 81669.000 179291.000 0 0 0.000 0.000 0.000 0.143 0 1 0 0 0 0
 242 59684.000 28495.000 0 0 0.000 0.000 0.000 0.148 0 1 0 0 0 0
 243 16738.000 107358.000 0 0 0.000 0.000 0.000 0.131 0 1 0 0 0 0
 244 158428.000 39569.000 0 0 0.000 0.000 0.000 0.426 0 1 0 0 0 0
 245 171717.000 151285.000 0 0 0.000 0.000 0.000 0.131 0 1 0 0 0 0
 246 160668.000 113722.000 0 0 3.288 14.541 47.826 6.915 0 1 1 210 0 0
 247 160835.000 113759.000 0 0 4.617 20.413 94.251 9.708 0 1 1 210 0 0
 248 160995.000 113825.000 0 0 9.941 43.859 436.029 20.881 0 1 1 210 0 0
 249 161160.000 113868.000 0 0 11.302 49.841 563.315 23.734 0 1 1 210 0 0
 250 161320.000 113925.000 0 0 9.345 41.153 384.604 19.611 0 1 1 210 0 0
 251 161491.000 113938.000 0 0 2.672 11.790 31.514 5.613 0 1 1 210 0 0
 252 161483.000 113975.000 0 0 11.389 50.104 570.662 23.888 0 1 1 210 0 0
 253 161646.000 114026.000 0 0 13.447 59.102 794.795 28.192 0 1 1 210 0 0
 254 161809.000 114076.000 0 0 14.170 62.222 881.746 29.694 0 1 1 210 0 0
 255 161972.000 114134.000 0 0 12.196 53.474 652.186 25.537 0 1 1 210 0 0
 256 162134.000 114179.000 0 0 8.836 38.721 342.148 18.497 0 1 1 210 0 0
 257 162296.000 114240.000 0 0 14.335 62.712 898.997 29.983 0 1 1 210 0 0
 258 162460.000 114288.000 0 0 14.383 62.877 904.419 30.073 0 1 1 210 0 0
 259 162624.000 114331.000 0 0 6.183 27.018 167.053 12.924 0 1 1 210 0 0
 260 162789.000 114371.000 0 0 2.066 9.029 18.662 4.320 0 1 1 210 0 0
 261 166953.000 115983.000 0 0 4.597 19.257 88.531 9.409 0 1 1 210 0 0
 262 167114.000 116041.000 0 0 13.841 57.910 801.598 28.312 0 1 1 210 0 0
 263 167277.000 116088.000 0 0 10.026 41.926 420.368 20.502 0 1 1 210 0 0
 264 167432.000 116168.000 0 0 10.850 45.255 491.063 22.159 0 1 1 210 0 0
 265 167595.000 116226.000 0 0 16.334 68.047 1111.507 33.339 0 1 1 210 0 0
 266 167756.000 116278.000 0 0 14.826 61.713 915.004 30.249 0 1 1 210 0 0
 267 167918.000 116334.000 0 0 10.179 42.325 430.835 20.756 0 1 1 210 0 0
 268 168073.000 116410.000 0 0 11.013 45.685 503.159 22.431 0 1 1 210 0 0
 269 168235.000 116470.000 0 0 9.474 39.252 371.894 19.284 0 1 1 210 0 0
 270 173608.000 118821.000 0 0 17.142 67.042 1149.255 33.900 0 1 2 210 0 0
 271 173767.000 118885.000 0 0 23.538 91.941 2164.177 46.520 0 1 2 210 0 0
 272 173923.000 118957.000 0 0 18.175 70.873 1288.137 35.890 0 1 2 210 0 0
 273 174076.000 119045.000 0 0 14.607 56.816 829.948 28.808 0 1 2 210 0 0
 274 174228.000 119140.000 0 0 29.361 113.865 3343.301 57.821 0 1 2 210 0 0
 275 174383.000 119223.000 0 0 28.566 110.535 3157.591 56.192 0 1 2 210 0 0
 276 174550.000 119259.000 0 0 2.769 10.720 29.688 5.448 0 1 2 210 0 0
 277 174533.000 119321.000 0 0 7.409 28.583 211.790 14.552 0 1 2 210 0 0;
ProcessEquipmentIDList 1
  "R375" ;
SummarySpec 5
  TESTNO    NDEFECT    DEFDENSITY    NDIE    NDEFDIE  ;
SummaryList 
  1    277    1.013    1    1  ;
EndOfFile;
