FileVersion 1 2;
FileTimestamp 01-01-26 21:23:07;
InspectionStationID "KLA-Tencor" "SFSSP1" "0901-0728-TBI";
SampleType WAFER;
ResultTimestamp 01-01-26 21:10:44;
LotID "2580";
SampleSize 1 200;
DeviceID "None";
SetupID "T2-2580NR" 01-01-26 21:10:44;
StepID "6391P";
SampleOrientationMarkType NOTCH;
OrientationMarkLocation DOWN;
DiePitch 200000 200000;
DieOrigin 0 0;
WaferID "20";
Slot 20;
SampleCenterLocation 100000 100000;
ClassLookup 1
  0 "0"  ;
OrientationInstructions "Front";
CoordinatesMirrored No;
InspectionTest 1;
SampleTestPlan 1
  0 0 ;
AreaPerTest 2.73512e+010;
DefectRecordSpec 15 DEFECTID XREL YREL XINDEX YINDEX XSIZE YSIZE DEFECTAREA DSIZE CLASSNUMBER TEST CLUSTERNUMBER ROUGHBINNUMBER FINEBINNUMBER REVIEWSAMPLE ;
DefectList
 1 98700.000 96594.000 0 0 0.000 0.000 0.000 0.148 0 1 0 0 0 0
 2 103715.000 98511.000 0 0 0.000 0.000 0.000 0.144 0 1 0 0 0 0
 3 101195.000 95824.000 0 0 0.000 0.000 0.000 0.130 0 1 0 0 0 0
 4 98218.000 104937.000 0 0 0.000 0.000 0.000 0.134 0 1 0 0 0 0
 5 99755.000 95012.000 0 0 0.000 0.000 0.000 0.156 0 1 0 0 0 0
 6 99075.000 94847.000 0 0 0.000 0.000 0.000 0.132 0 1 0 0 0 0
 7 105890.000 99906.000 0 0 0.000 0.000 0.000 0.137 0 1 0 0 0 0
 8 91732.000 100703.000 0 0 0.000 0.000 0.000 0.149 0 1 0 0 0 0
 9 108026.000 94247.000 0 0 0.000 0.000 0.000 0.133 0 1 0 0 0 0
 10 109128.000 95060.000 0 0 0.000 0.000 0.000 0.145 0 1 0 0 0 0
 11 108806.000 107815.000 0 0 0.000 0.000 0.000 0.141 0 1 0 0 0 0
 12 113070.000 102194.000 0 0 0.000 0.000 0.000 0.137 0 1 0 0 0 0
 13 92232.000 111255.000 0 0 0.000 0.000 0.000 0.140 0 1 0 0 0 0
 14 91626.000 89598.000 0 0 0.000 0.000 0.000 0.137 0 1 0 0 0 0
 15 113693.000 101200.000 0 0 0.000 0.000 0.000 0.137 0 1 0 0 0 0
 16 89925.000 110266.000 0 0 0.000 0.000 0.000 0.151 0 1 0 0 0 0
 17 87103.000 106252.000 0 0 0.000 0.000 0.000 0.142 0 1 0 0 0 0
 18 94430.000 86566.000 0 0 0.000 0.000 0.000 0.166 0 1 0 0 0 0
 19 102180.000 85681.000 0 0 0.000 0.000 0.000 0.130 0 1 0 0 0 0
 20 110917.000 89038.000 0 0 0.000 0.000 0.000 0.171 0 1 0 0 0 0
 21 117091.000 101330.000 0 0 0.000 0.000 0.000 0.131 0 1 0 0 0 0
 22 84627.000 92135.000 0 0 0.000 0.000 0.000 0.138 0 1 0 0 0 0
 23 84168.000 108764.000 0 0 0.000 0.000 0.000 0.136 0 1 0 0 0 0
 24 82222.000 103120.000 0 0 0.000 0.000 0.000 0.163 0 1 0 0 0 0
 25 103132.000 82262.000 0 0 0.000 0.000 0.000 0.132 0 1 0 0 0 0
 26 110241.000 115600.000 0 0 0.000 0.000 0.000 0.133 0 1 0 0 0 0
 27 87706.000 85049.000 0 0 0.000 0.000 0.000 0.150 0 1 0 0 0 0
 28 116767.000 90200.000 0 0 0.000 0.000 0.000 0.137 0 1 0 0 0 0
 29 99487.000 120134.000 0 0 0.000 0.000 0.000 0.132 0 1 0 0 0 0
 30 82805.000 110647.000 0 0 0.000 0.000 0.000 0.139 0 1 0 0 0 0
 31 108188.000 118665.000 0 0 0.000 0.000 0.000 0.138 0 1 0 0 0 0
 32 84676.000 113349.000 0 0 0.000 0.000 0.000 0.144 0 1 0 0 0 0
 33 117730.000 90212.000 0 0 0.000 0.000 0.000 0.167 0 1 0 0 0 0
 34 82625.000 111086.000 0 0 0.000 0.000 0.000 0.148 0 1 0 0 0 0
 35 121795.000 98392.000 0 0 0.000 0.000 0.000 0.130 0 1 0 0 0 0
 36 118828.000 111717.000 0 0 0.000 0.000 0.000 0.133 0 1 0 0 0 0
 37 86642.000 118374.000 0 0 0.000 0.000 0.000 0.156 0 1 0 0 0 0
 38 120058.000 89880.000 0 0 0.000 0.000 0.000 0.137 0 1 0 0 0 0
 39 87786.000 119872.000 0 0 0.000 0.000 0.000 0.147 0 1 0 0 0 0
 40 117310.000 116171.000 0 0 0.000 0.000 0.000 0.133 0 1 0 0 0 0
 41 76788.000 95626.000 0 0 0.000 0.000 0.000 0.157 0 1 0 0 0 0
 42 119945.000 112830.000 0 0 0.000 0.000 0.000 0.138 0 1 0 0 0 0
 43 107148.000 122856.000 0 0 0.000 0.000 0.000 0.141 0 1 0 0 0 0
 44 116835.000 83132.000 0 0 0.000 0.000 0.000 0.145 0 1 0 0 0 0
 45 123829.000 97797.000 0 0 0.000 0.000 0.000 0.148 0 1 0 0 0 0
 46 99350.000 75917.000 0 0 0.000 0.000 0.000 0.131 0 1 0 0 0 0
 47 75794.000 104630.000 0 0 0.000 0.000 0.000 0.209 0 1 0 0 0 0
 48 119305.000 116410.000 0 0 0.000 0.000 0.000 0.136 0 1 0 0 0 0
 49 102763.000 125381.000 0 0 0.000 0.000 0.000 0.133 0 1 0 0 0 0
 50 91625.000 76123.000 0 0 0.000 0.000 0.000 0.130 0 1 0 0 0 0
 51 117422.000 81719.000 0 0 0.000 0.000 0.000 0.131 0 1 0 0 0 0
 52 75309.000 92019.000 0 0 0.000 0.000 0.000 0.146 0 1 0 0 0 0
 53 112723.000 123157.000 0 0 0.000 0.000 0.000 0.161 0 1 0 0 0 0
 54 94121.000 126203.000 0 0 0.000 0.000 0.000 0.134 0 1 0 0 0 0
 55 98692.000 73606.000 0 0 0.000 0.000 0.000 0.133 0 1 0 0 0 0
 56 123896.000 88517.000 0 0 0.000 0.000 0.000 0.141 0 1 0 0 0 0
 57 116585.000 121147.000 0 0 0.000 0.000 0.000 0.137 0 1 0 0 0 0
 58 94480.000 126498.000 0 0 0.000 0.000 0.000 0.135 0 1 0 0 0 0
 59 123274.000 114616.000 0 0 0.000 0.000 0.000 0.137 0 1 0 0 0 0
 60 77716.000 116436.000 0 0 0.000 0.000 0.000 0.146 0 1 0 0 0 0
 61 126394.000 108738.000 0 0 0.000 0.000 0.000 0.148 0 1 0 0 0 0
 62 84068.000 123203.000 0 0 0.000 0.000 0.000 0.138 0 1 0 0 0 0
 63 122022.000 83114.000 0 0 0.000 0.000 0.000 0.147 0 1 0 0 0 0
 64 108030.000 73322.000 0 0 0.000 0.000 0.000 0.141 0 1 0 0 0 0
 65 127996.000 100347.000 0 0 0.000 0.000 0.000 0.140 0 1 0 0 0 0
 66 118965.000 79242.000 0 0 0.000 0.000 0.000 0.132 0 1 0 0 0 0
 67 111333.000 73972.000 0 0 0.000 0.000 0.000 0.132 0 1 0 0 0 0
 68 126137.000 111889.000 0 0 0.000 0.000 0.000 0.139 0 1 0 0 0 0
 69 113461.000 125931.000 0 0 0.000 0.000 0.000 0.148 0 1 0 0 0 0
 70 70937.000 104663.000 0 0 0.000 0.000 0.000 0.139 0 1 0 0 0 0
 71 124832.000 84244.000 0 0 0.000 0.000 0.000 0.149 0 1 0 0 0 0
 72 121403.000 120836.000 0 0 0.000 0.000 0.000 0.134 0 1 0 0 0 0
 73 94749.000 129603.000 0 0 0.000 0.000 0.000 0.171 0 1 0 0 0 0
 74 76262.000 81927.000 0 0 0.000 0.000 0.000 0.135 0 1 0 0 0 0
 75 78714.000 121426.000 0 0 0.000 0.000 0.000 0.134 0 1 0 0 0 0
 76 70852.000 92301.000 0 0 0.000 0.000 0.000 0.137 0 1 0 0 0 0
 77 127173.000 87186.000 0 0 0.000 0.000 0.000 0.137 0 1 0 0 0 0
 78 95320.000 130812.000 0 0 0.000 0.000 0.000 0.131 0 1 0 0 0 0
 79 68850.000 100910.000 0 0 0.000 0.000 0.000 0.142 0 1 0 0 0 0
 80 69462.000 94106.000 0 0 0.000 0.000 0.000 0.139 0 1 0 0 0 0
 81 78547.000 77737.000 0 0 0.000 0.000 0.000 0.136 0 1 0 0 0 0
 82 130948.000 104053.000 0 0 0.000 0.000 0.000 0.140 0 1 0 0 0 0
 83 92703.000 69793.000 0 0 0.000 0.000 0.000 0.153 0 1 0 0 0 0
 84 116276.000 73311.000 0 0 0.000 0.000 0.000 0.132 0 1 0 0 0 0
 85 130147.000 109176.000 0 0 0.000 0.000 0.000 0.146 0 1 0 0 0 0
 86 131207.000 93497.000 0 0 0.000 0.000 0.000 0.151 0 1 0 0 0 0
 87 117579.000 72917.000 0 0 0.000 0.000 0.000 0.138 0 1 0 0 0 0
 88 121228.000 124986.000 0 0 0.000 0.000 0.000 0.145 0 1 0 0 0 0
 89 132812.000 98995.000 0 0 0.000 0.000 0.000 0.142 0 1 0 0 0 0
 90 117888.000 128386.000 0 0 0.000 0.000 0.000 0.163 0 1 0 0 0 0
 91 108183.000 132567.000 0 0 0.000 0.000 0.000 0.156 0 1 0 0 0 0
 92 69335.000 114379.000 0 0 0.000 0.000 0.000 0.138 0 1 0 0 0 0
 93 66805.000 94164.000 0 0 0.000 0.000 0.000 0.145 0 1 0 0 0 0
 94 84667.000 130431.000 0 0 0.000 0.000 0.000 0.143 0 1 0 0 0 0
 95 132918.000 108395.000 0 0 0.000 0.000 0.000 0.142 0 1 0 0 0 0
 96 95964.000 134047.000 0 0 0.000 0.000 0.000 0.133 0 1 0 0 0 0
 97 69002.000 114689.000 0 0 0.000 0.000 0.000 0.130 0 1 0 0 0 0
 98 67412.000 89440.000 0 0 0.000 0.000 0.000 0.130 0 1 0 0 0 0
 99 104496.000 66152.000 0 0 0.000 0.000 0.000 0.140 0 1 0 0 0 0
 100 121236.000 127169.000 0 0 0.000 0.000 0.000 0.133 0 1 0 0 0 0
 101 118512.000 129202.000 0 0 0.000 0.000 0.000 0.134 0 1 0 0 0 0
 102 97698.000 65836.000 0 0 0.000 0.000 0.000 0.130 0 1 0 0 0 0
 103 132359.000 88324.000 0 0 0.000 0.000 0.000 0.154 0 1 0 0 0 0
 104 127880.000 79379.000 0 0 0.000 0.000 0.000 0.134 0 1 0 0 0 0
 105 123647.000 125849.000 0 0 0.000 0.000 0.000 0.136 0 1 0 0 0 0
 106 134677.000 105370.000 0 0 0.000 0.000 0.000 0.132 0 1 0 0 0 0
 107 71832.000 121379.000 0 0 0.000 0.000 0.000 0.138 0 1 0 0 0 0
 108 134122.000 108847.000 0 0 0.000 0.000 0.000 0.134 0 1 0 0 0 0
 109 73716.000 76463.000 0 0 0.000 0.000 0.000 0.145 0 1 0 0 0 0
 110 70026.000 80747.000 0 0 0.000 0.000 0.000 0.139 0 1 0 0 0 0
 111 84500.000 68070.000 0 0 0.000 0.000 0.000 0.168 0 1 0 0 0 0
 112 130397.000 119026.000 0 0 0.000 0.000 0.000 0.140 0 1 0 0 0 0
 113 131060.000 118264.000 0 0 0.000 0.000 0.000 0.132 0 1 0 0 0 0
 114 113068.000 66619.000 0 0 0.000 0.000 0.000 0.137 0 1 0 0 0 0
 115 65463.000 89289.000 0 0 0.000 0.000 0.000 0.159 0 1 0 0 0 0
 116 136466.000 99852.000 0 0 0.000 0.000 0.000 0.143 0 1 0 0 0 0
 117 133882.000 114010.000 0 0 0.000 0.000 0.000 0.158 0 1 0 0 0 0
 118 73465.000 74890.000 0 0 0.000 0.000 0.000 0.163 0 1 0 0 0 0
 119 108044.000 136228.000 0 0 0.000 0.000 0.000 0.130 0 1 0 0 0 0
 120 78341.000 130291.000 0 0 0.000 0.000 0.000 0.167 0 1 0 0 0 0
 121 66670.000 116548.000 0 0 0.000 0.000 0.000 0.165 0 1 0 0 0 0
 122 83830.000 66775.000 0 0 0.000 0.000 0.000 0.130 0 1 0 0 0 0
 123 106902.000 63174.000 0 0 0.000 0.000 0.000 0.133 0 1 0 0 0 0
 124 69140.000 122311.000 0 0 0.000 0.000 0.000 0.137 0 1 0 0 0 0
 125 88922.000 63793.000 0 0 0.000 0.000 0.000 0.144 0 1 0 0 0 0
 126 70001.000 76198.000 0 0 0.000 0.000 0.000 0.133 0 1 0 0 0 0
 127 128730.000 125707.000 0 0 0.000 0.000 0.000 0.142 0 1 0 0 0 0
 128 95791.000 61827.000 0 0 0.000 0.000 0.000 0.131 0 1 0 0 0 0
 129 130997.000 77366.000 0 0 0.000 0.000 0.000 0.138 0 1 0 0 0 0
 130 109267.000 138077.000 0 0 0.000 0.000 0.000 0.154 0 1 0 0 0 0
 131 60975.000 103745.000 0 0 0.000 0.000 0.000 0.131 0 1 0 0 0 0
 132 135341.000 118311.000 0 0 0.000 0.000 0.000 0.153 0 1 0 0 0 0
 133 127643.000 128857.000 0 0 0.000 0.000 0.000 0.135 0 1 0 0 0 0
 134 60944.000 91642.000 0 0 0.000 0.000 0.000 0.132 0 1 0 0 0 0
 135 137846.000 86316.000 0 0 0.000 0.000 0.000 0.137 0 1 0 0 0 0
 136 136132.000 118227.000 0 0 0.000 0.000 0.000 0.133 0 1 0 0 0 0
 137 73204.000 69625.000 0 0 0.000 0.000 0.000 0.144 0 1 0 0 0 0
 138 137022.000 83692.000 0 0 0.000 0.000 0.000 0.152 0 1 0 0 0 0
 139 74518.000 132183.000 0 0 0.000 0.000 0.000 0.135 0 1 0 0 0 0
 140 59623.000 105408.000 0 0 0.000 0.000 0.000 0.130 0 1 0 0 0 0
 141 63167.000 82730.000 0 0 0.000 0.000 0.000 0.135 0 1 0 0 0 0
 142 63459.000 81637.000 0 0 0.000 0.000 0.000 0.133 0 1 0 0 0 0
 143 141020.000 99489.000 0 0 0.000 0.000 0.000 0.135 0 1 0 0 0 0
 144 130858.000 127503.000 0 0 0.000 0.000 0.000 0.138 0 1 0 0 0 0
 145 67900.000 126131.000 0 0 0.000 0.000 0.000 0.131 0 1 0 0 0 0
 146 111519.000 139954.000 0 0 0.000 0.000 0.000 0.133 0 1 0 0 0 0
 147 100779.000 141684.000 0 0 0.000 0.000 0.000 0.131 0 1 0 0 0 0
 148 105433.000 58478.000 0 0 0.000 0.000 0.000 0.167 0 1 0 0 0 0
 149 58011.000 94396.000 0 0 0.000 0.000 0.000 0.139 0 1 0 0 0 0
 150 140625.000 112605.000 0 0 0.000 0.000 0.000 0.131 0 1 0 0 0 0
 151 87619.000 141063.000 0 0 0.000 0.000 0.000 0.142 0 1 0 0 0 0
 152 85178.000 60248.000 0 0 0.000 0.000 0.000 0.138 0 1 0 0 0 0
 153 135808.000 123913.000 0 0 0.000 0.000 0.000 0.139 0 1 0 0 0 0
 154 114360.000 140723.000 0 0 0.000 0.000 0.000 0.137 0 1 0 0 0 0
 155 117844.000 61244.000 0 0 0.000 0.000 0.000 0.166 0 1 0 0 0 0
 156 62291.000 79230.000 0 0 0.000 0.000 0.000 0.134 0 1 0 0 0 0
 157 58704.000 114570.000 0 0 0.000 0.000 0.000 0.132 0 1 0 0 0 0
 158 85813.000 141883.000 0 0 0.000 0.000 0.000 0.154 0 1 0 0 0 0
 159 98296.000 144427.000 0 0 0.000 0.000 0.000 0.136 0 1 0 0 0 0
 160 134478.000 128330.000 0 0 0.000 0.000 0.000 0.139 0 1 0 0 0 0
 161 144721.000 101612.000 0 0 0.000 0.000 0.000 0.134 0 1 0 0 0 0
 162 136270.000 73477.000 0 0 0.000 0.000 0.000 0.132 0 1 0 0 0 0
 163 83101.000 142772.000 0 0 0.000 0.000 0.000 0.138 0 1 0 0 0 0
 164 129906.000 65566.000 0 0 0.000 0.000 0.000 0.131 0 1 0 0 0 0
 165 141988.000 118757.000 0 0 0.000 0.000 0.000 0.134 0 1 0 0 0 0
 166 133351.000 132037.000 0 0 0.000 0.000 0.000 0.157 0 1 0 0 0 0
 167 102575.000 146350.000 0 0 0.000 0.000 0.000 0.141 0 1 0 0 0 0
 168 105388.000 54303.000 0 0 0.000 0.000 0.000 0.137 0 1 0 0 0 0
 169 141049.000 78920.000 0 0 0.000 0.000 0.000 0.142 0 1 0 0 0 0
 170 59321.000 122841.000 0 0 0.000 0.000 0.000 0.131 0 1 0 0 0 0
 171 142545.000 119059.000 0 0 0.000 0.000 0.000 0.130 0 1 0 0 0 0
 172 113661.000 144889.000 0 0 0.000 0.000 0.000 0.135 0 1 0 0 0 0
 173 108024.000 146399.000 0 0 0.000 0.000 0.000 0.170 0 1 0 0 0 0
 174 145485.000 88192.000 0 0 0.000 0.000 0.000 0.143 0 1 0 0 0 0
 175 109774.000 53819.000 0 0 0.000 0.000 0.000 0.140 0 1 0 0 0 0
 176 143640.000 81250.000 0 0 0.000 0.000 0.000 0.135 0 1 0 0 0 0
 177 52425.000 95848.000 0 0 0.000 0.000 0.000 0.133 0 1 0 0 0 0
 178 138928.000 127963.000 0 0 0.000 0.000 0.000 0.151 0 1 0 0 0 0
 179 117225.000 144897.000 0 0 0.000 0.000 0.000 0.147 0 1 0 0 0 0
 180 100544.000 52295.000 0 0 0.000 0.000 0.000 0.157 0 1 0 0 0 0
 181 128297.000 139226.000 0 0 0.000 0.000 0.000 0.136 0 1 0 0 0 0
 182 89906.000 147805.000 0 0 0.000 0.000 0.000 0.132 0 1 0 0 0 0
 183 72453.000 140362.000 0 0 0.000 0.000 0.000 0.131 0 1 0 0 0 0
 184 111124.000 147840.000 0 0 0.000 0.000 0.000 0.157 0 1 0 0 0 0
 185 76088.000 57453.000 0 0 0.000 0.000 0.000 0.139 0 1 0 0 0 0
 186 81204.000 54743.000 0 0 0.000 0.000 0.000 0.142 0 1 0 0 0 0
 187 94248.000 149160.000 0 0 0.000 0.000 0.000 0.147 0 1 0 0 0 0
 188 81861.000 54354.000 0 0 0.000 0.000 0.000 0.131 0 1 0 0 0 0
 189 122803.000 56267.000 0 0 0.000 0.000 0.000 0.130 0 1 0 0 0 0
 190 148642.000 90353.000 0 0 0.000 0.000 0.000 0.134 0 1 0 0 0 0
 191 53190.000 82770.000 0 0 0.000 0.000 0.000 0.142 0 1 0 0 0 0
 192 79753.000 146013.000 0 0 0.000 0.000 0.000 0.132 0 1 0 0 0 0
 193 150032.000 100557.000 0 0 0.000 0.000 0.000 0.131 0 1 0 0 0 0
 194 55187.000 123258.000 0 0 0.000 0.000 0.000 0.139 0 1 0 0 0 0
 195 127720.000 142380.000 0 0 0.000 0.000 0.000 0.136 0 1 0 0 0 0
 196 49691.000 104753.000 0 0 0.000 0.000 0.000 0.130 0 1 0 0 0 0
 197 49963.000 93658.000 0 0 0.000 0.000 0.000 0.162 0 1 0 0 0 0
 198 57871.000 128267.000 0 0 0.000 0.000 0.000 0.135 0 1 0 0 0 0
 199 148594.000 85848.000 0 0 0.000 0.000 0.000 0.152 0 1 0 0 0 0
 200 56383.000 127457.000 0 0 0.000 0.000 0.000 0.148 0 1 0 0 0 0
 201 68885.000 59211.000 0 0 0.000 0.000 0.000 0.156 0 1 0 0 0 0
 202 140222.000 132774.000 0 0 0.000 0.000 0.000 0.130 0 1 0 0 0 0
 203 55660.000 126965.000 0 0 0.000 0.000 0.000 0.131 0 1 0 0 0 0
 204 72957.000 144600.000 0 0 0.000 0.000 0.000 0.137 0 1 0 0 0 0
 205 111767.000 49467.000 0 0 0.000 0.000 0.000 0.137 0 1 0 0 0 0
 206 139008.000 65032.000 0 0 0.000 0.000 0.000 0.132 0 1 0 0 0 0
 207 148006.000 78845.000 0 0 0.000 0.000 0.000 0.135 0 1 0 0 0 0
 208 107202.000 48006.000 0 0 0.000 0.000 0.000 0.131 0 1 0 0 0 0
 209 147529.000 122794.000 0 0 0.000 0.000 0.000 0.132 0 1 0 0 0 0
 210 49850.000 83716.000 0 0 0.000 0.000 0.000 0.130 0 1 0 0 0 0
 211 81144.000 149787.000 0 0 0.000 0.000 0.000 0.133 0 1 0 0 0 0
 212 70543.000 56092.000 0 0 0.000 0.000 0.000 0.153 0 1 0 0 0 0
 213 46218.000 100888.000 0 0 0.000 0.000 0.000 0.134 0 1 0 0 0 0
 214 55427.000 70159.000 0 0 0.000 0.000 0.000 0.134 0 1 0 0 0 0
 215 147314.000 126100.000 0 0 0.000 0.000 0.000 0.146 0 1 0 0 0 0
 216 150855.000 118772.000 0 0 0.000 0.000 0.000 0.135 0 1 0 0 0 0
 217 46381.000 109041.000 0 0 0.000 0.000 0.000 0.139 0 1 0 0 0 0
 218 139563.000 137427.000 0 0 0.000 0.000 0.000 0.139 0 1 0 0 0 0
 219 78274.000 150438.000 0 0 0.000 0.000 0.000 0.145 0 1 0 0 0 0
 220 149879.000 76863.000 0 0 0.000 0.000 0.000 0.135 0 1 0 0 0 0
 221 45341.000 108769.000 0 0 0.000 0.000 0.000 0.136 0 1 0 0 0 0
 222 84116.000 47217.000 0 0 0.000 0.000 0.000 0.137 0 1 0 0 0 0
 223 102617.000 155542.000 0 0 0.000 0.000 0.000 0.167 0 1 0 0 0 0
 224 83985.000 47178.000 0 0 0.000 0.000 0.000 0.132 0 1 0 0 0 0
 225 103555.000 155597.000 0 0 0.000 0.000 0.000 0.137 0 1 0 0 0 0
 226 140918.000 62803.000 0 0 0.000 0.000 0.000 0.155 0 1 0 0 0 0
 227 108855.000 44889.000 0 0 0.000 0.000 0.000 0.166 0 1 0 0 0 0
 228 127889.000 148906.000 0 0 0.000 0.000 0.000 0.165 0 1 0 0 0 0
 229 47925.000 121385.000 0 0 0.000 0.000 0.000 0.167 0 1 0 0 0 0
 230 83914.000 46154.000 0 0 0.000 0.000 0.000 0.134 0 1 0 0 0 0
 231 155651.000 91315.000 0 0 0.000 0.000 0.000 0.131 0 1 0 0 0 0
 232 49107.000 74892.000 0 0 0.000 0.000 0.000 0.136 0 1 0 0 0 0
 233 49989.000 72823.000 0 0 0.000 0.000 0.000 0.130 0 1 0 0 0 0
 234 147546.000 131527.000 0 0 0.000 0.000 0.000 0.135 0 1 0 0 0 0
 235 133365.000 53856.000 0 0 0.000 0.000 0.000 0.151 0 1 0 0 0 0
 236 59069.000 59840.000 0 0 0.000 0.000 0.000 0.138 0 1 0 0 0 0
 237 154705.000 117662.000 0 0 0.000 0.000 0.000 0.131 0 1 0 0 0 0
 238 140725.000 140736.000 0 0 0.000 0.000 0.000 0.136 0 1 0 0 0 0
 239 105560.000 157464.000 0 0 0.000 0.000 0.000 0.153 0 1 0 0 0 0
 240 152242.000 124416.000 0 0 0.000 0.000 0.000 0.141 0 1 0 0 0 0
 241 48400.000 73801.000 0 0 0.000 0.000 0.000 0.133 0 1 0 0 0 0
 242 75778.000 47575.000 0 0 0.000 0.000 0.000 0.142 0 1 0 0 0 0
 243 48216.000 126544.000 0 0 0.000 0.000 0.000 0.142 0 1 0 0 0 0
 244 125063.000 47779.000 0 0 0.000 0.000 0.000 0.150 0 1 0 0 0 0
 245 83459.000 156571.000 0 0 0.000 0.000 0.000 0.147 0 1 0 0 0 0
 246 106540.000 41717.000 0 0 0.000 0.000 0.000 0.147 0 1 0 0 0 0
 247 41447.000 110215.000 0 0 0.000 0.000 0.000 0.134 0 1 0 0 0 0
 248 101023.000 40868.000 0 0 0.000 0.000 0.000 0.153 0 1 0 0 0 0
 249 40647.000 106160.000 0 0 0.000 0.000 0.000 0.149 0 1 0 0 0 0
 250 98553.000 40653.000 0 0 0.000 0.000 0.000 0.132 0 1 0 0 0 0
 251 159865.000 100651.000 0 0 0.000 0.000 0.000 0.132 0 1 0 0 0 0
 252 76699.000 155496.000 0 0 0.000 0.000 0.000 0.131 0 1 0 0 0 0
 253 41073.000 112349.000 0 0 0.000 0.000 0.000 0.140 0 1 0 0 0 0
 254 149238.000 135006.000 0 0 0.000 0.000 0.000 0.135 0 1 0 0 0 0
 255 77216.000 156094.000 0 0 0.000 0.000 0.000 0.138 0 1 0 0 0 0
 256 147046.000 138090.000 0 0 0.000 0.000 0.000 0.130 0 1 0 0 0 0
 257 159344.000 88343.000 0 0 0.000 0.000 0.000 0.151 0 1 0 0 0 0
 258 98625.000 39503.000 0 0 0.000 0.000 0.000 0.139 0 1 0 0 0 0
 259 76293.000 156462.000 0 0 0.000 0.000 0.000 0.130 0 1 0 0 0 0
 260 121815.000 43326.000 0 0 0.000 0.000 0.000 0.143 0 1 0 0 0 0
 261 88522.000 160493.000 0 0 0.000 0.000 0.000 0.155 0 1 0 0 0 0
 262 73011.000 155429.000 0 0 0.000 0.000 0.000 0.139 0 1 0 0 0 0
 263 60936.000 52808.000 0 0 0.000 0.000 0.000 0.134 0 1 0 0 0 0
 264 159769.000 86024.000 0 0 0.000 0.000 0.000 0.138 0 1 0 0 0 0
 265 161023.000 93812.000 0 0 0.000 0.000 0.000 0.135 0 1 0 0 0 0
 266 159964.000 86987.000 0 0 0.000 0.000 0.000 0.131 0 1 0 0 0 0
 267 89035.000 39487.000 0 0 0.000 0.000 0.000 0.135 0 1 0 0 0 0
 268 74808.000 156643.000 0 0 0.000 0.000 0.000 0.132 0 1 0 0 0 0
 269 41299.000 120422.000 0 0 0.000 0.000 0.000 0.134 0 1 0 0 0 0
 270 85636.000 160838.000 0 0 0.000 0.000 0.000 0.139 0 1 0 0 0 0
 271 57491.000 146141.000 0 0 0.000 0.000 0.000 0.131 0 1 0 0 0 0
 272 41833.000 77041.000 0 0 0.000 0.000 0.000 0.133 0 1 0 0 0 0
 273 108830.000 38065.000 0 0 0.000 0.000 0.000 0.138 0 1 0 0 0 0
 274 121344.000 41230.000 0 0 0.000 0.000 0.000 0.166 0 1 0 0 0 0
 275 54733.000 56011.000 0 0 0.000 0.000 0.000 0.149 0 1 0 0 0 0
 276 163360.000 102997.000 0 0 0.000 0.000 0.000 0.153 0 1 0 0 0 0
 277 99031.000 163733.000 0 0 0.000 0.000 0.000 0.137 0 1 0 0 0 0
 278 99342.000 36669.000 0 0 0.000 0.000 0.000 0.135 0 1 0 0 0 0
 279 155726.000 69714.000 0 0 0.000 0.000 0.000 0.137 0 1 0 0 0 0
 280 75348.000 41416.000 0 0 0.000 0.000 0.000 0.133 0 1 0 0 0 0
 281 159785.000 78287.000 0 0 0.000 0.000 0.000 0.144 0 1 0 0 0 0
 282 153384.000 134975.000 0 0 0.000 0.000 0.000 0.136 0 1 0 0 0 0
 283 163898.000 103084.000 0 0 0.000 0.000 0.000 0.135 0 1 0 0 0 0
 284 111512.000 163087.000 0 0 0.000 0.000 0.000 0.132 0 1 0 0 0 0
 285 133380.000 45524.000 0 0 0.000 0.000 0.000 0.131 0 1 0 0 0 0
 286 163812.000 93835.000 0 0 0.000 0.000 0.000 0.135 0 1 0 0 0 0
 287 142069.000 148606.000 0 0 0.000 0.000 0.000 0.149 0 1 0 0 0 0
 288 42014.000 71724.000 0 0 0.000 0.000 0.000 0.132 0 1 0 0 0 0
 289 134543.000 45446.000 0 0 0.000 0.000 0.000 0.130 0 1 0 0 0 0
 290 57762.000 50959.000 0 0 0.000 0.000 0.000 0.147 0 1 0 0 0 0
 291 153069.000 137773.000 0 0 0.000 0.000 0.000 0.152 0 1 0 0 0 0
 292 55129.000 147692.000 0 0 0.000 0.000 0.000 0.153 0 1 0 0 0 0
 293 135824.000 45755.000 0 0 0.000 0.000 0.000 0.132 0 1 0 0 0 0
 294 121606.000 38170.000 0 0 0.000 0.000 0.000 0.151 0 1 0 0 0 0
 295 90930.000 34748.000 0 0 0.000 0.000 0.000 0.132 0 1 0 0 0 0
 296 138728.000 155787.000 0 0 0.000 0.000 0.000 0.148 0 1 0 0 0 0
 297 153425.000 142100.000 0 0 0.000 0.000 0.000 0.134 0 1 0 0 0 0
 298 36540.000 75654.000 0 0 0.000 0.000 0.000 0.136 0 1 0 0 0 0
 299 53653.000 150164.000 0 0 0.000 0.000 0.000 0.130 0 1 0 0 0 0
 300 37754.000 72593.000 0 0 0.000 0.000 0.000 0.155 0 1 0 0 0 0
 301 168015.000 103118.000 0 0 0.000 0.000 0.000 0.130 0 1 0 0 0 0
 302 31891.000 109328.000 0 0 0.000 0.000 0.000 0.130 0 1 0 0 0 0
 303 167417.000 114440.000 0 0 0.000 0.000 0.000 0.133 0 1 0 0 0 0
 304 160860.000 135689.000 0 0 0.000 0.000 0.000 0.132 0 1 0 0 0 0
 305 112987.000 30980.000 0 0 0.000 0.000 0.000 0.130 0 1 0 0 0 0
 306 165382.000 126802.000 0 0 0.000 0.000 0.000 0.142 0 1 0 0 0 0
 307 54861.000 154961.000 0 0 0.000 0.000 0.000 0.163 0 1 0 0 0 0
 308 33795.000 74371.000 0 0 0.000 0.000 0.000 0.152 0 1 0 0 0 0
 309 36641.000 68154.000 0 0 0.000 0.000 0.000 0.145 0 1 0 0 0 0
 310 57260.000 43492.000 0 0 0.000 0.000 0.000 0.142 0 1 0 0 0 0
 311 169801.000 114955.000 0 0 0.000 0.000 0.000 0.141 0 1 0 0 0 0
 312 36365.000 132777.000 0 0 0.000 0.000 0.000 0.130 0 1 0 0 0 0
 313 168817.000 119978.000 0 0 0.000 0.000 0.000 0.140 0 1 0 0 0 0
 314 32554.000 125774.000 0 0 0.000 0.000 0.000 0.160 0 1 0 0 0 0
 315 30593.000 119959.000 0 0 0.000 0.000 0.000 0.136 0 1 0 0 0 0
 316 61903.000 161540.000 0 0 0.000 0.000 0.000 0.130 0 1 0 0 0 0
 317 81142.000 170131.000 0 0 0.000 0.000 0.000 0.144 0 1 0 0 0 0
 318 166404.000 70509.000 0 0 0.000 0.000 0.000 0.135 0 1 0 0 0 0
 319 48631.000 47685.000 0 0 0.000 0.000 0.000 0.134 0 1 0 0 0 0
 320 26292.000 104633.000 0 0 0.000 0.000 0.000 0.132 0 1 0 0 0 0
 321 26329.000 103764.000 0 0 0.000 0.000 0.000 0.145 0 1 0 0 0 0
 322 170877.000 79176.000 0 0 0.000 0.000 0.000 0.135 0 1 0 0 0 0
 323 160475.000 57158.000 0 0 0.000 0.000 0.000 0.140 0 1 0 0 0 0
 324 27379.000 117480.000 0 0 0.000 0.000 0.000 0.139 0 1 0 0 0 0
 325 170931.000 123071.000 0 0 0.000 0.000 0.000 0.132 0 1 0 0 0 0
 326 138795.000 164839.000 0 0 0.000 0.000 0.000 0.130 0 1 0 0 0 0
 327 169951.000 129598.000 0 0 0.000 0.000 0.000 0.130 0 1 0 0 0 0
 328 176564.000 101152.000 0 0 0.000 0.000 0.000 0.146 0 1 0 0 0 0
 329 135171.000 31986.000 0 0 0.000 0.000 0.000 0.133 0 1 0 0 0 0
 330 101277.000 21728.000 0 0 0.000 0.000 0.000 0.133 0 1 0 0 0 0
 331 25117.000 124808.000 0 0 0.000 0.000 0.000 0.155 0 1 0 0 0 0
 332 36927.000 147857.000 0 0 0.000 0.000 0.000 0.137 0 1 0 0 0 0
 333 179151.000 98877.000 0 0 0.000 0.000 0.000 0.136 0 1 0 0 0 0
 334 22535.000 82985.000 0 0 0.000 0.000 0.000 0.133 0 1 0 0 0 0
 335 28209.000 65608.000 0 0 0.000 0.000 0.000 0.134 0 1 0 0 0 0
 336 180179.000 99372.000 0 0 0.000 0.000 0.000 0.154 0 1 0 0 0 0
 337 22376.000 77168.000 0 0 0.000 0.000 0.000 0.136 0 1 0 0 0 0
 338 73921.000 177167.000 0 0 0.000 0.000 0.000 0.133 0 1 0 0 0 0
 339 27679.000 137367.000 0 0 0.000 0.000 0.000 0.135 0 1 0 0 0 0
 340 178916.000 120214.000 0 0 0.000 0.000 0.000 0.142 0 1 0 0 0 0
 341 23425.000 72144.000 0 0 0.000 0.000 0.000 0.136 0 1 0 0 0 0
 342 178083.000 125703.000 0 0 0.000 0.000 0.000 0.134 0 1 0 0 0 0
 343 63032.000 173987.000 0 0 0.000 0.000 0.000 0.133 0 1 0 0 0 0
 344 57251.000 171071.000 0 0 0.000 0.000 0.000 0.132 0 1 0 0 0 0
 345 126076.000 21410.000 0 0 0.000 0.000 0.000 0.130 0 1 0 0 0 0
 346 133355.000 177026.000 0 0 0.000 0.000 0.000 0.137 0 1 0 0 0 0
 347 27798.000 56619.000 0 0 0.000 0.000 0.000 0.145 0 1 0 0 0 0
 348 35165.000 43665.000 0 0 0.000 0.000 0.000 0.132 0 1 0 0 0 0
 349 48499.000 169757.000 0 0 0.000 0.000 0.000 0.142 0 1 0 0 0 0
 350 49395.000 171807.000 0 0 0.000 0.000 0.000 0.137 0 1 0 0 0 0
 351 188498.000 105167.000 0 0 0.000 0.000 0.000 0.156 0 1 0 0 0 0
 352 187459.000 118286.000 0 0 0.000 0.000 0.000 0.207 0 1 0 0 0 0
 353 10135.000 104281.000 0 0 0.000 0.000 0.000 0.134 0 1 0 0 0 0
 354 72728.000 186950.000 0 0 0.000 0.000 0.000 0.143 0 1 0 0 0 0
 355 41673.000 171934.000 0 0 0.000 0.000 0.000 0.133 0 1 0 0 0 0
 356 159861.000 27978.000 0 0 0.000 0.000 0.000 0.133 0 1 0 0 0 0;
ProcessEquipmentIDList 1
  "R375" ;
SummarySpec 5
  TESTNO    NDEFECT    DEFDENSITY    NDIE    NDEFDIE  ;
SummaryList 
  1    356    1.302    1    1  ;
EndOfFile;
