FileVersion 1 2;
FileTimestamp 01-03-26 19:40:45;
InspectionStationID "KLA-Tencor" "SFSSP1" "0901-0728-TBI";
SampleType WAFER;
ResultTimestamp 01-03-26 19:29:48;
LotID "2850";
SampleSize 1 200;
DeviceID "None";
SetupID "T2-2850A" 01-03-26 19:29:48;
StepID "6343";
SampleOrientationMarkType NOTCH;
OrientationMarkLocation DOWN;
DiePitch 200000 200000;
DieOrigin 0 0;
WaferID "18";
Slot 18;
SampleCenterLocation 100000 100000;
ClassLookup 1
  0 "0"  ;
OrientationInstructions "Front";
CoordinatesMirrored No;
InspectionTest 1;
SampleTestPlan 1
  0 0 ;
AreaPerTest 2.85011e+010;
ClusterClassificationList 2
  2 210 
  1 210 ;
DefectRecordSpec 15 DEFECTID XREL YREL XINDEX YINDEX XSIZE YSIZE DEFECTAREA DSIZE CLASSNUMBER TEST CLUSTERNUMBER ROUGHBINNUMBER FINEBINNUMBER REVIEWSAMPLE ;
DefectList
 1 104585.000 99317.000 0 0 0.000 0.000 0.000 0.125 0 1 0 0 0 0
 2 107316.000 100106.000 0 0 0.000 0.000 0.000 0.268 0 1 0 0 0 0
 3 88721.000 101812.000 0 0 0.000 0.000 0.000 0.208 0 1 0 0 0 0
 4 116985.000 95733.000 0 0 0.000 0.000 0.000 0.135 0 1 0 0 0 0
 5 109356.000 115919.000 0 0 0.000 0.000 0.000 0.225 0 1 0 0 0 0
 6 86213.000 114148.000 0 0 0.000 0.000 0.000 0.121 0 1 0 0 0 0
 7 81595.000 109349.000 0 0 0.000 0.000 0.000 0.122 0 1 0 0 0 0
 8 75258.000 94571.000 0 0 0.000 0.000 0.000 0.133 0 1 0 0 0 0
 9 89673.000 73226.000 0 0 0.000 0.000 0.000 0.125 0 1 0 0 0 0
 10 71798.000 88863.000 0 0 0.000 0.000 0.000 0.132 0 1 0 0 0 0
 11 71055.000 84164.000 0 0 0.000 0.000 0.000 0.135 0 1 0 0 0 0
 12 66963.000 105617.000 0 0 0.000 0.000 0.000 0.203 0 1 0 0 0 0
 13 109366.000 132186.000 0 0 0.000 0.000 0.000 0.133 0 1 0 0 0 0
 14 78788.000 72167.000 0 0 0.000 0.000 0.000 0.132 0 1 0 0 0 0
 15 104055.000 64523.000 0 0 0.000 0.000 0.000 0.133 0 1 0 0 0 0
 16 72743.000 124323.000 0 0 0.000 0.000 0.000 0.143 0 1 0 0 0 0
 17 76592.000 70092.000 0 0 0.000 0.000 0.000 0.126 0 1 0 0 0 0
 18 95591.000 138837.000 0 0 0.000 0.000 0.000 0.124 0 1 0 0 0 0
 19 60966.000 106647.000 0 0 0.000 0.000 0.000 0.125 0 1 0 0 0 0
 20 59821.000 99451.000 0 0 0.000 0.000 0.000 0.211 0 1 0 0 0 0
 21 60724.000 109555.000 0 0 0.000 0.000 0.000 0.135 0 1 0 0 0 0
 22 135641.000 77396.000 0 0 0.000 0.000 0.000 0.138 0 1 0 0 0 0
 23 62885.000 79748.000 0 0 0.000 0.000 0.000 0.144 0 1 0 0 0 0
 24 125313.000 137700.000 0 0 0.000 0.000 0.000 0.125 0 1 0 0 0 0
 25 54873.000 109540.000 0 0 0.000 0.000 0.000 0.225 0 1 0 0 0 0
 26 60231.000 124010.000 0 0 0.000 0.000 0.000 0.131 0 1 0 0 0 0
 27 57883.000 76498.000 0 0 0.000 0.000 0.000 0.123 0 1 0 0 0 0
 28 55972.000 120580.000 0 0 0.000 0.000 0.000 0.121 0 1 0 0 0 0
 29 107595.000 51211.000 0 0 0.000 0.000 0.000 0.121 0 1 0 0 0 0
 30 107687.000 51155.000 0 0 0.000 0.000 0.000 0.140 0 1 0 0 0 0
 31 52753.000 85290.000 0 0 0.000 0.000 0.000 0.148 0 1 0 0 0 0
 32 50325.000 110911.000 0 0 0.000 0.000 0.000 0.274 0 1 0 0 0 0
 33 66182.000 139977.000 0 0 0.000 0.000 0.000 0.126 0 1 0 0 0 0
 34 51599.000 120642.000 0 0 0.000 0.000 0.000 0.152 0 1 0 0 0 0
 35 49390.000 114671.000 0 0 0.000 0.000 0.000 0.128 0 1 0 0 0 0
 36 56715.000 68594.000 0 0 0.000 0.000 0.000 0.133 0 1 0 0 0 0
 37 153679.000 96621.000 0 0 0.000 0.000 0.000 0.120 0 1 0 0 0 0
 38 58061.000 65100.000 0 0 0.000 0.000 0.000 0.135 0 1 0 0 0 0
 39 136123.000 58098.000 0 0 0.000 0.000 0.000 0.130 0 1 0 0 0 0
 40 45165.000 93967.000 0 0 0.000 0.000 0.000 0.121 0 1 0 0 0 0
 41 45373.000 113262.000 0 0 0.000 0.000 0.000 0.159 0 1 0 0 0 0
 42 50781.000 71399.000 0 0 0.000 0.000 0.000 0.139 0 1 0 0 0 0
 43 43063.000 96827.000 0 0 0.000 0.000 0.000 0.330 0 1 0 0 0 0
 44 151548.000 128734.000 0 0 0.000 0.000 0.000 0.128 0 1 0 0 0 0
 45 104847.000 158670.000 0 0 0.000 0.000 0.000 0.122 0 1 0 0 0 0
 46 52804.000 63628.000 0 0 0.000 0.000 0.000 0.142 0 1 0 0 0 0
 47 91032.000 160020.000 0 0 0.000 0.000 0.000 0.237 0 1 0 0 0 0
 48 87619.000 159463.000 0 0 0.000 0.000 0.000 0.283 0 1 0 0 0 0
 49 121463.000 157333.000 0 0 0.000 0.000 0.000 0.122 0 1 0 0 0 0
 50 102947.000 161362.000 0 0 0.000 0.000 0.000 0.253 0 1 0 0 0 0
 51 55089.000 57407.000 0 0 0.000 0.000 0.000 0.136 0 1 0 0 0 0
 52 57623.000 54045.000 0 0 0.000 0.000 0.000 0.123 0 1 0 0 0 0
 53 61589.000 49963.000 0 0 0.000 0.000 0.000 0.138 0 1 0 0 0 0
 54 87398.000 161515.000 0 0 0.000 0.000 0.000 0.393 0 1 0 0 0 0
 55 87966.000 37833.000 0 0 0.000 0.000 0.000 0.126 0 1 0 0 0 0
 56 52616.000 141446.000 0 0 0.000 0.000 0.000 0.125 0 1 0 0 0 0
 57 37628.000 110632.000 0 0 0.000 0.000 0.000 0.126 0 1 0 0 0 0
 58 66230.000 153742.000 0 0 0.000 0.000 0.000 0.130 0 1 0 0 0 0
 59 54127.000 55459.000 0 0 0.000 0.000 0.000 0.206 0 1 0 0 0 0
 60 48064.000 62190.000 0 0 0.000 0.000 0.000 0.138 0 1 0 0 0 0
 61 79614.000 160480.000 0 0 0.000 0.000 0.000 0.201 0 1 0 0 0 0
 62 100123.000 165114.000 0 0 0.000 0.000 0.000 0.273 0 1 0 0 0 0
 63 34687.000 101683.000 0 0 0.000 0.000 0.000 0.121 0 1 0 0 0 0
 64 40686.000 72256.000 0 0 0.000 0.000 0.000 0.235 0 1 0 0 0 0
 65 84042.000 35883.000 0 0 0.000 0.000 0.000 0.129 0 1 0 0 0 0
 66 120726.000 162391.000 0 0 0.000 0.000 0.000 0.189 0 1 0 0 0 0
 67 33597.000 105957.000 0 0 0.000 0.000 0.000 0.207 0 1 0 0 0 0
 68 33637.000 89094.000 0 0 0.000 0.000 0.000 0.120 0 1 0 0 0 0
 69 41073.000 133135.000 0 0 0.000 0.000 0.000 0.123 0 1 0 0 0 0
 70 33441.000 116827.000 0 0 0.000 0.000 0.000 0.231 0 1 0 0 0 0
 71 39485.000 133377.000 0 0 0.000 0.000 0.000 0.272 0 1 0 0 0 0
 72 77473.000 165409.000 0 0 0.000 0.000 0.000 0.122 0 1 0 0 0 0
 73 32070.000 81873.000 0 0 0.000 0.000 0.000 0.120 0 1 0 0 0 0
 74 107129.000 170253.000 0 0 0.000 0.000 0.000 0.136 0 1 0 0 0 0
 75 52314.000 152487.000 0 0 0.000 0.000 0.000 0.138 0 1 0 0 0 0
 76 98145.000 171337.000 0 0 0.000 0.000 0.000 0.140 0 1 0 0 0 0
 77 169177.000 120159.000 0 0 0.000 0.000 0.000 0.123 0 1 0 0 0 0
 78 73006.000 167647.000 0 0 0.000 0.000 0.000 0.138 0 1 0 0 0 0
 79 87822.000 27114.000 0 0 0.000 0.000 0.000 0.240 0 1 0 0 0 0
 80 60452.000 162004.000 0 0 0.000 0.000 0.000 0.138 0 1 0 0 0 0
 81 33072.000 130743.000 0 0 0.000 0.000 0.000 0.228 0 1 0 0 0 0
 82 26872.000 111694.000 0 0 0.000 0.000 0.000 0.216 0 1 0 0 0 0
 83 60758.000 36880.000 0 0 0.000 0.000 0.000 0.149 0 1 0 0 0 0
 84 46636.000 151443.000 0 0 0.000 0.000 0.000 0.133 0 1 0 0 0 0
 85 62574.000 35626.000 0 0 0.000 0.000 0.000 0.124 0 1 0 0 0 0
 86 65759.000 166600.000 0 0 0.000 0.000 0.000 0.125 0 1 0 0 0 0
 87 39604.000 144824.000 0 0 0.000 0.000 0.000 0.260 0 1 0 0 0 0
 88 25576.000 114627.000 0 0 0.000 0.000 0.000 0.259 0 1 0 0 0 0
 89 25821.000 117184.000 0 0 0.000 0.000 0.000 0.123 0 1 0 0 0 0
 90 28220.000 125563.000 0 0 0.000 0.000 0.000 0.202 0 1 0 0 0 0
 91 24974.000 114576.000 0 0 0.000 0.000 0.000 0.124 0 1 0 0 0 0
 92 160483.000 147538.000 0 0 0.000 0.000 0.000 0.127 0 1 0 0 0 0
 93 39283.000 146941.000 0 0 0.000 0.000 0.000 0.159 0 1 0 0 0 0
 94 30144.000 133611.000 0 0 0.000 0.000 0.000 0.274 0 1 0 0 0 0
 95 22803.000 107777.000 0 0 0.000 0.000 0.000 0.120 0 1 0 0 0 0
 96 28322.000 69048.000 0 0 0.000 0.000 0.000 0.127 0 1 0 0 0 0
 97 104236.000 178389.000 0 0 0.000 0.000 0.000 0.150 0 1 0 0 0 0
 98 96913.000 20598.000 0 0 0.000 0.000 0.000 200000.000 0 1 0 200 0 0
 99 26482.000 133462.000 0 0 0.000 0.000 0.000 0.309 0 1 0 0 0 0
 100 67126.000 25340.000 0 0 0.000 0.000 0.000 0.133 0 1 0 0 0 0
 101 18054.000 102537.000 0 0 0.000 0.000 0.000 0.120 0 1 0 0 0 0
 102 18397.000 88820.000 0 0 0.000 0.000 0.000 0.130 0 1 0 0 0 0
 103 19535.000 81831.000 0 0 0.000 0.000 0.000 0.136 0 1 0 0 0 0
 104 55839.000 169629.000 0 0 0.000 0.000 0.000 0.127 0 1 0 0 0 0
 105 42429.000 159889.000 0 0 0.000 0.000 0.000 0.220 0 1 0 0 0 0
 106 30711.000 53629.000 0 0 0.000 0.000 0.000 0.201 0 1 0 0 0 0
 107 31156.000 147021.000 0 0 0.000 0.000 0.000 0.123 0 1 0 0 0 0
 108 46371.000 35561.000 0 0 50.000 54.000 2700.000 51.961 0 1 2 210 0 0
 109 46671.000 35502.000 0 0 50.000 54.000 2700.000 51.961 0 1 2 210 0 0
 110 46279.000 34873.000 0 0 50.000 54.000 2700.000 51.961 0 1 2 210 0 0
 111 77823.000 181136.000 0 0 0.000 0.000 0.000 0.131 0 1 0 0 0 0
 112 45961.000 35153.000 0 0 52.000 54.000 2808.000 52.990 0 1 2 210 0 0
 113 40478.000 159717.000 0 0 0.000 0.000 0.000 0.126 0 1 0 0 0 0
 114 45683.000 34929.000 0 0 52.000 54.000 2808.000 52.990 0 1 2 210 0 0
 115 46078.000 34864.000 0 0 50.000 54.000 2700.000 51.961 0 1 2 210 0 0
 116 45788.000 34864.000 0 0 50.000 54.000 2700.000 51.961 0 1 2 210 0 0
 117 46070.000 34658.000 0 0 50.000 54.000 2700.000 51.961 0 1 2 210 0 0
 118 183698.000 112626.000 0 0 0.000 0.000 0.000 0.160 0 1 0 0 0 0
 119 45858.000 34638.000 0 0 50.000 54.000 2700.000 51.961 0 1 2 210 0 0
 120 128383.000 179749.000 0 0 0.000 0.000 0.000 0.130 0 1 0 0 0 0
 121 38135.000 157889.000 0 0 0.000 0.000 0.000 0.152 0 1 0 0 0 0
 122 39056.000 159362.000 0 0 0.000 0.000 0.000 0.205 0 1 0 0 0 0
 123 45064.000 34471.000 0 0 52.000 54.000 2808.000 52.990 0 1 2 210 0 0
 124 99608.000 185309.000 0 0 0.000 0.000 0.000 0.127 0 1 0 0 0 0
 125 29723.000 148721.000 0 0 0.000 0.000 0.000 0.226 0 1 0 0 0 0
 126 27621.000 145557.000 0 0 0.000 0.000 0.000 0.223 0 1 0 0 0 0
 127 40601.000 37977.000 0 0 0.000 0.000 0.000 0.146 0 1 0 0 0 0
 128 68745.000 19842.000 0 0 0.000 0.000 0.000 0.144 0 1 0 0 0 0
 129 44566.000 34020.000 0 0 52.000 54.000 2808.000 52.990 0 1 2 210 0 0
 130 63163.000 21944.000 0 0 0.000 0.000 0.000 0.130 0 1 0 0 0 0
 131 45109.000 33642.000 0 0 50.000 54.000 2700.000 51.961 0 1 2 210 0 0
 132 15926.000 81429.000 0 0 0.000 0.000 0.000 0.142 0 1 0 0 0 0
 133 44701.000 33235.000 0 0 50.000 54.000 2700.000 51.961 0 1 2 210 0 0
 134 45477.000 34020.000 0 0 50.000 54.000 2700.000 51.961 0 1 2 210 0 0
 135 44120.000 33608.000 0 0 52.000 54.000 2808.000 52.990 0 1 2 210 0 0
 136 19595.000 132802.000 0 0 0.000 0.000 0.000 0.216 0 1 0 0 0 0
 137 159561.000 36102.000 0 0 0.000 0.000 0.000 0.130 0 1 0 0 0 0
 138 17299.000 72445.000 0 0 0.000 0.000 0.000 0.210 0 1 0 0 0 0
 139 37694.000 38719.000 0 0 0.000 0.000 0.000 0.125 0 1 0 0 0 0
 140 43693.000 33239.000 0 0 52.000 54.000 2808.000 52.990 0 1 2 210 0 0
 141 131868.000 181689.000 0 0 0.000 0.000 0.000 0.139 0 1 0 0 0 0
 142 45474.000 168635.000 0 0 0.000 0.000 0.000 0.213 0 1 0 0 0 0
 143 43175.000 32811.000 0 0 52.000 54.000 2808.000 52.990 0 1 2 210 0 0
 144 42812.000 32488.000 0 0 52.000 54.000 2808.000 52.990 0 1 2 210 0 0
 145 17195.000 67918.000 0 0 0.000 0.000 0.000 0.349 0 1 0 0 0 0
 146 53634.000 23497.000 0 0 0.000 0.000 0.000 0.120 0 1 0 0 0 0
 147 107234.000 189033.000 0 0 0.000 0.000 0.000 0.156 0 1 0 0 0 0
 148 58950.000 179416.000 0 0 0.000 0.000 0.000 0.130 0 1 0 0 0 0
 149 185851.000 127171.000 0 0 0.000 0.000 0.000 0.126 0 1 0 0 0 0
 150 64101.000 182813.000 0 0 0.000 0.000 0.000 0.125 0 1 0 0 0 0
 151 190584.000 89916.000 0 0 0.000 0.000 0.000 0.135 0 1 0 0 0 0
 152 10383.000 83272.000 0 0 0.000 0.000 0.000 0.123 0 1 0 0 0 0
 153 75803.000 187997.000 0 0 0.000 0.000 0.000 0.127 0 1 0 0 0 0
 154 9752.000 81418.000 0 0 0.000 0.000 0.000 0.124 0 1 0 0 0 0
 155 141379.000 182366.000 0 0 0.000 0.000 0.000 0.122 0 1 0 0 0 0
 156 149320.000 21218.000 0 0 0.000 0.000 0.000 0.127 0 1 0 0 0 0
 157 38322.000 28852.000 0 0 0.000 0.000 0.000 0.135 0 1 0 0 0 0
 158 5769.000 83078.000 0 0 0.000 0.000 0.000 0.218 0 1 0 0 0 0
 159 36860.000 27906.000 0 0 52.000 52.000 2704.000 52.000 0 1 1 210 0 0
 160 36930.000 27825.000 0 0 52.000 52.000 2704.000 52.000 0 1 1 210 0 0
 161 36424.000 27543.000 0 0 52.000 52.000 2704.000 52.000 0 1 1 210 0 0
 162 31637.000 31991.000 0 0 0.000 0.000 0.000 0.417 0 1 0 0 0 0
 163 36299.000 27479.000 0 0 52.000 52.000 2704.000 52.000 0 1 1 210 0 0
 164 179949.000 154140.000 0 0 0.000 0.000 0.000 0.143 0 1 0 0 0 0
 165 36010.000 27285.000 0 0 52.000 52.000 2704.000 52.000 0 1 1 210 0 0
 166 14433.000 145394.000 0 0 0.000 0.000 0.000 0.213 0 1 0 0 0 0
 167 46520.000 35858.000 0 0 30.738 25.628 787.795 28.067 0 1 2 210 0 0
 168 46584.000 35804.000 0 0 49.222 40.956 2016.012 44.900 0 1 2 210 0 0
 169 46404.000 35732.000 0 0 49.278 41.095 2025.097 45.001 0 1 2 210 0 0
 170 46474.000 35675.000 0 0 83.245 69.271 5766.499 75.937 0 1 2 210 0 0
 171 46287.000 35608.000 0 0 46.302 38.623 1788.380 42.289 0 1 2 210 0 0
 172 46361.000 35548.000 0 0 67.981 56.577 3846.238 62.018 0 1 2 210 0 0
 173 46225.000 35440.000 0 0 64.987 54.130 3517.770 59.310 0 1 2 210 0 0
 174 46052.000 35363.000 0 0 30.975 25.853 800.823 28.298 0 1 2 210 0 0
 175 46112.000 35313.000 0 0 80.629 67.169 5415.880 73.592 0 1 2 210 0 0
 176 45910.000 35260.000 0 0 9.322 7.789 72.619 8.521 0 1 2 210 0 0
 177 45971.000 35209.000 0 0 93.179 77.701 7240.201 85.089 0 1 2 210 0 0
 178 46037.000 35154.000 0 0 9.338 7.770 72.567 8.518 0 1 2 210 0 0
 179 45829.000 35106.000 0 0 59.103 49.337 2915.978 53.999 0 1 2 210 0 0
 180 45883.000 35061.000 0 0 31.120 25.934 807.082 28.409 0 1 2 210 0 0
 181 45926.000 35024.000 0 0 34.267 28.518 977.237 31.260 0 1 2 210 0 0
 182 45713.000 34981.000 0 0 46.753 39.036 1825.081 42.720 0 1 2 210 0 0
 183 45816.000 34896.000 0 0 28.095 23.382 656.939 25.630 0 1 2 210 0 0
 184 45694.000 34776.000 0 0 31.256 26.024 813.458 28.521 0 1 2 210 0 0
 185 45572.000 34657.000 0 0 37.577 31.300 1176.164 34.295 0 1 2 210 0 0
 186 45453.000 34534.000 0 0 12.549 10.456 131.215 11.454 0 1 2 210 0 0
 187 36620.000 27779.000 0 0 41.549 36.462 1514.994 38.922 0 1 1 210 0 0
 188 36497.000 27661.000 0 0 69.350 60.879 4221.987 64.976 0 1 1 210 0 0
 189 36352.000 27563.000 0 0 52.087 45.767 2383.945 48.825 0 1 1 210 0 0
 190 36201.000 27469.000 0 0 59.107 51.990 3073.030 55.434 0 1 1 210 0 0
 191 36073.000 27355.000 0 0 34.830 30.650 1067.576 32.673 0 1 1 210 0 0
 192 36103.000 27329.000 0 0 17.412 15.310 266.601 16.327 0 1 1 210 0 0;
ProcessEquipmentIDList 1
  "6448" ;
SummarySpec 5
  TESTNO    NDEFECT    DEFDENSITY    NDIE    NDEFDIE  ;
SummaryList 
  1    192    0.6737    1    1  ;
EndOfFile;
