FileVersion 1 2;
FileTimestamp 01-03-26 23:48:34;
InspectionStationID "KLA-Tencor" "SFSSP1" "0901-0728-TBI";
SampleType WAFER;
ResultTimestamp 01-03-26 23:36:06;
LotID "2850";
SampleSize 1 200;
DeviceID "None";
SetupID "T2-2850A" 01-03-26 23:36:06;
StepID "6343";
SampleOrientationMarkType NOTCH;
OrientationMarkLocation DOWN;
DiePitch 200000 200000;
DieOrigin 0 0;
WaferID "21";
Slot 21;
SampleCenterLocation 100000 100000;
ClassLookup 1
  0 "0"  ;
OrientationInstructions "Front";
CoordinatesMirrored No;
InspectionTest 1;
SampleTestPlan 1
  0 0 ;
AreaPerTest 2.85008e+010;
ClusterClassificationList 3
  3 210 
  2 210 
  1 210 ;
DefectRecordSpec 15 DEFECTID XREL YREL XINDEX YINDEX XSIZE YSIZE DEFECTAREA DSIZE CLASSNUMBER TEST CLUSTERNUMBER ROUGHBINNUMBER FINEBINNUMBER REVIEWSAMPLE ;
DefectList
 1 97106.000 90852.000 0 0 0.000 0.000 0.000 0.125 0 1 0 0 0 0
 2 108416.000 95460.000 0 0 56.000 44.000 2464.000 49.638 0 1 3 210 0 0
 3 108400.000 95584.000 0 0 56.000 44.000 2464.000 49.638 0 1 3 210 0 0
 4 108439.000 95673.000 0 0 56.000 44.000 2464.000 49.638 0 1 3 210 0 0
 5 108455.000 95834.000 0 0 56.000 44.000 2464.000 49.638 0 1 3 210 0 0
 6 108156.000 94500.000 0 0 54.000 46.000 2484.000 49.839 0 1 3 210 0 0
 7 108239.000 94719.000 0 0 56.000 48.000 2688.000 51.845 0 1 3 210 0 0
 8 108295.000 94893.000 0 0 56.000 48.000 2688.000 51.845 0 1 3 210 0 0
 9 108342.000 95159.000 0 0 56.000 46.000 2576.000 50.754 0 1 3 210 0 0
 10 108382.000 95313.000 0 0 54.000 46.000 2484.000 49.839 0 1 3 210 0 0
 11 108448.000 95492.000 0 0 56.000 44.000 2464.000 49.638 0 1 3 210 0 0
 12 108123.000 94213.000 0 0 54.000 48.000 2592.000 50.911 0 1 3 210 0 0
 13 108122.000 94332.000 0 0 54.000 48.000 2592.000 50.911 0 1 3 210 0 0
 14 108152.000 94391.000 0 0 54.000 48.000 2592.000 50.911 0 1 3 210 0 0
 15 108225.000 94573.000 0 0 54.000 48.000 2592.000 50.911 0 1 3 210 0 0
 16 108363.000 94981.000 0 0 56.000 46.000 2576.000 50.754 0 1 3 210 0 0
 17 107896.000 93523.000 0 0 54.000 50.000 2700.000 51.961 0 1 3 210 0 0
 18 107989.000 93575.000 0 0 54.000 50.000 2700.000 51.961 0 1 3 210 0 0
 19 107986.000 93653.000 0 0 54.000 50.000 2700.000 51.961 0 1 3 210 0 0
 20 107797.000 93095.000 0 0 52.000 50.000 2600.000 50.990 0 1 3 210 0 0
 21 107809.000 93163.000 0 0 52.000 52.000 2704.000 52.000 0 1 3 210 0 0
 22 107485.000 92468.000 0 0 52.000 52.000 2704.000 52.000 0 1 3 210 0 0
 23 107513.000 92546.000 0 0 52.000 52.000 2704.000 52.000 0 1 3 210 0 0
 24 107594.000 92640.000 0 0 52.000 52.000 2704.000 52.000 0 1 3 210 0 0
 25 107615.000 92696.000 0 0 54.000 52.000 2808.000 52.990 0 1 3 210 0 0
 26 116248.000 67870.000 0 0 0.000 0.000 0.000 0.121 0 1 0 0 0 0
 27 116282.000 67731.000 0 0 0.000 0.000 0.000 0.126 0 1 0 0 0 0
 28 73217.000 125776.000 0 0 0.000 0.000 0.000 0.121 0 1 0 0 0 0
 29 116584.000 66752.000 0 0 44.000 56.000 2464.000 49.638 0 1 2 210 0 0
 30 116682.000 66410.000 0 0 44.000 56.000 2464.000 49.638 0 1 2 210 0 0
 31 116778.000 66087.000 0 0 44.000 56.000 2464.000 49.638 0 1 2 210 0 0
 32 116923.000 65590.000 0 0 44.000 56.000 2464.000 49.638 0 1 2 210 0 0
 33 117074.000 65105.000 0 0 42.000 56.000 2352.000 48.497 0 1 2 210 0 0
 34 60398.000 115420.000 0 0 0.000 0.000 0.000 0.143 0 1 0 0 0 0
 35 60036.000 124194.000 0 0 0.000 0.000 0.000 0.124 0 1 0 0 0 0
 36 119582.000 55856.000 0 0 0.000 0.000 0.000 200000.000 0 1 0 200 0 0
 37 119794.000 55023.000 0 0 0.000 0.000 0.000 0.233 0 1 0 0 0 0
 38 143752.000 77196.000 0 0 0.000 0.000 0.000 0.124 0 1 0 0 0 0
 39 51457.000 118636.000 0 0 0.000 0.000 0.000 0.131 0 1 0 0 0 0
 40 137815.000 137799.000 0 0 0.000 0.000 0.000 0.120 0 1 0 0 0 0
 41 159295.000 80713.000 0 0 0.000 0.000 0.000 0.120 0 1 0 0 0 0
 42 36359.000 119930.000 0 0 0.000 0.000 0.000 0.147 0 1 0 0 0 0
 43 44012.000 136598.000 0 0 0.000 0.000 0.000 0.125 0 1 0 0 0 0
 44 164240.000 126140.000 0 0 0.000 0.000 0.000 0.120 0 1 0 0 0 0
 45 149549.000 45121.000 0 0 0.000 0.000 0.000 0.129 0 1 0 0 0 0
 46 149771.000 45315.000 0 0 0.000 0.000 0.000 0.131 0 1 0 0 0 0
 47 149795.000 45457.000 0 0 0.000 0.000 0.000 0.149 0 1 0 0 0 0
 48 150285.000 45991.000 0 0 0.000 0.000 0.000 0.152 0 1 0 0 0 0
 49 59230.000 33205.000 0 0 0.000 0.000 0.000 0.125 0 1 0 0 0 0
 50 31274.000 58444.000 0 0 0.000 0.000 0.000 0.124 0 1 0 0 0 0
 51 106649.000 13853.000 0 0 0.000 0.000 0.000 0.124 0 1 0 0 0 0
 52 181489.000 70494.000 0 0 0.000 0.000 0.000 0.123 0 1 0 0 0 0
 53 74585.000 15525.000 0 0 0.000 0.000 0.000 0.124 0 1 0 0 0 0
 54 73711.000 15211.000 0 0 0.000 0.000 0.000 0.147 0 1 0 0 0 0
 55 71449.000 14939.000 0 0 0.000 0.000 0.000 0.219 0 1 0 0 0 0
 56 65808.000 183233.000 0 0 0.000 0.000 0.000 0.148 0 1 0 0 0 0
 57 156613.000 174954.000 0 0 0.000 0.000 0.000 0.125 0 1 0 0 0 0
 58 63145.000 186531.000 0 0 0.000 0.000 0.000 0.121 0 1 0 0 0 0
 59 63562.000 187314.000 0 0 0.000 0.000 0.000 0.145 0 1 0 0 0 0
 60 62590.000 188211.000 0 0 0.000 0.000 0.000 0.127 0 1 0 0 0 0
 61 108065.000 95865.000 0 0 3.370 6.572 22.151 4.706 0 1 3 210 0 0
 62 108085.000 95908.000 0 0 1.373 2.714 3.729 1.930 0 1 3 210 0 0
 63 108104.000 95949.000 0 0 0.971 1.943 1.889 1.374 0 1 3 210 0 0
 64 108135.000 96012.000 0 0 25.239 51.480 1299.351 36.046 0 1 3 210 0 0
 65 108056.000 95476.000 0 0 35.353 62.952 2225.597 47.176 0 1 3 210 0 0
 66 108203.000 95762.000 0 0 244.910 474.019 116092.273 340.723 0 1 3 210 0 0
 67 107928.000 94917.000 0 0 1.219 1.901 2.319 1.522 0 1 3 210 0 0
 68 107948.000 94946.000 0 0 0.727 1.144 0.833 0.912 0 1 3 210 0 0
 69 107960.000 94966.000 0 0 5.792 9.159 53.058 7.284 0 1 3 210 0 0
 70 108008.000 95047.000 0 0 45.596 73.710 3360.901 57.973 0 1 3 210 0 0
 71 108324.000 95624.000 0 0 308.519 586.879 181063.746 425.515 0 1 3 210 0 0
 72 107800.000 94410.000 0 0 0.804 1.123 0.904 0.950 0 1 3 210 0 0
 73 108045.000 94783.000 0 0 394.122 607.718 239515.845 489.403 0 1 3 210 0 0
 74 108351.000 95308.000 0 0 62.986 112.103 7061.011 84.029 0 1 3 210 0 0
 75 108420.000 95440.000 0 0 76.741 141.690 10873.512 104.276 0 1 3 210 0 0
 76 108471.000 95537.000 0 0 0.642 1.219 0.784 0.885 0 1 3 210 0 0
 77 108477.000 95549.000 0 0 0.853 1.624 1.387 1.177 0 1 3 210 0 0
 78 108478.000 95554.000 0 0 0.640 1.220 0.782 0.884 0 1 3 210 0 0
 79 108495.000 95583.000 0 0 7.412 14.254 105.663 10.279 0 1 3 210 0 0
 80 107556.000 93794.000 0 0 10.711 13.040 139.676 11.818 0 1 3 210 0 0
 81 107608.000 93861.000 0 0 1.176 1.458 1.717 1.310 0 1 3 210 0 0
 82 107668.000 93936.000 0 0 8.140 10.293 83.797 9.154 0 1 3 210 0 0
 83 108077.000 94517.000 0 0 336.335 495.412 166624.739 408.196 0 1 3 210 0 0
 84 108249.000 94789.000 0 0 0.750 1.188 0.892 0.944 0 1 3 210 0 0
 85 108255.000 94798.000 0 0 7.730 12.266 94.818 9.737 0 1 3 210 0 0
 86 108267.000 94816.000 0 0 8.449 13.473 113.843 10.669 0 1 3 210 0 0
 87 108300.000 94874.000 0 0 53.328 86.342 4604.489 67.856 0 1 3 210 0 0
 88 108354.000 94966.000 0 0 5.549 9.210 51.117 7.149 0 1 3 210 0 0
 89 108364.000 94986.000 0 0 10.576 17.641 186.595 13.659 0 1 3 210 0 0
 90 108376.000 95006.000 0 0 7.660 12.848 98.435 9.921 0 1 3 210 0 0
 91 107638.000 93622.000 0 0 1.222 1.464 1.790 1.337 0 1 3 210 0 0
 92 107769.000 93787.000 0 0 205.849 257.380 52981.539 230.177 0 1 3 210 0 0
 93 108053.000 94177.000 0 0 4.745 6.562 31.143 5.580 0 1 3 210 0 0
 94 108066.000 94196.000 0 0 18.088 25.135 454.682 21.323 0 1 3 210 0 0
 95 108094.000 94234.000 0 0 28.193 39.575 1115.799 33.403 0 1 3 210 0 0
 96 108123.000 94279.000 0 0 22.765 32.319 735.767 27.125 0 1 3 210 0 0
 97 108150.000 94319.000 0 0 14.433 20.706 298.869 17.287 0 1 3 210 0 0
 98 108159.000 94335.000 0 0 0.815 1.175 0.959 0.979 0 1 3 210 0 0
 99 108168.000 94346.000 0 0 14.365 20.753 298.142 17.266 0 1 3 210 0 0
 100 108175.000 94360.000 0 0 0.812 1.177 0.956 0.977 0 1 3 210 0 0
 101 108186.000 94373.000 0 0 7.553 10.988 83.003 9.110 0 1 3 210 0 0
 102 108217.000 94419.000 0 0 12.306 18.119 222.989 14.932 0 1 3 210 0 0
 103 107870.000 93640.000 0 0 222.607 275.451 61317.558 247.623 0 1 3 210 0 0
 104 107996.000 93808.000 0 0 13.059 16.865 220.260 14.841 0 1 3 210 0 0
 105 107940.000 93455.000 0 0 1.570 1.904 2.990 1.729 0 1 3 210 0 0
 106 107954.000 93473.000 0 0 21.278 25.928 551.717 23.488 0 1 3 210 0 0
 107 108018.000 93553.000 0 0 0.928 1.154 1.072 1.035 0 1 3 210 0 0
 108 108056.000 93605.000 0 0 3.677 4.632 17.038 4.127 0 1 3 210 0 0
 109 116577.000 66656.000 0 0 31.974 15.896 508.289 22.545 0 1 2 210 0 0
 110 116630.000 66493.000 0 0 33.729 16.740 564.639 23.762 0 1 2 210 0 0
 111 116678.000 66325.000 0 0 30.669 15.189 465.872 21.584 0 1 2 210 0 0
 112 116727.000 66161.000 0 0 30.819 15.234 469.516 21.668 0 1 2 210 0 0
 113 116775.000 65994.000 0 0 32.609 16.086 524.576 22.903 0 1 2 210 0 0
 114 116823.000 65828.000 0 0 31.122 15.322 476.867 21.837 0 1 2 210 0 0
 115 116873.000 65663.000 0 0 27.982 13.750 384.783 19.615 0 1 2 210 0 0
 116 125765.000 24507.000 0 0 43.413 14.816 643.255 25.362 0 1 1 210 0 0
 117 125803.000 24341.000 0 0 72.551 24.743 1795.214 42.369 0 1 1 210 0 0
 118 125829.000 24170.000 0 0 79.983 27.244 2179.086 46.680 0 1 1 210 0 0
 119 125856.000 23998.000 0 0 80.164 27.272 2186.245 46.757 0 1 1 210 0 0
 120 125878.000 23826.000 0 0 80.345 27.295 2193.070 46.830 0 1 1 210 0 0
 121 125904.000 23656.000 0 0 80.525 27.322 2200.190 46.906 0 1 1 210 0 0
 122 125926.000 23483.000 0 0 80.707 27.346 2207.030 46.979 0 1 1 210 0 0
 123 125952.000 23313.000 0 0 80.887 27.373 2214.170 47.054 0 1 1 210 0 0
 124 125976.000 23141.000 0 0 84.733 28.637 2426.530 49.259 0 1 1 210 0 0
 125 125999.000 22970.000 0 0 81.249 27.423 2228.115 47.202 0 1 1 210 0 0
 126 126023.000 22799.000 0 0 85.111 28.689 2441.782 49.414 0 1 1 210 0 0
 127 126046.000 22627.000 0 0 81.610 27.472 2242.091 47.350 0 1 1 210 0 0
 128 126067.000 22455.000 0 0 89.224 29.993 2676.171 51.731 0 1 1 210 0 0
 129 126095.000 22284.000 0 0 81.972 27.524 2256.297 47.500 0 1 1 210 0 0
 130 126117.000 22112.000 0 0 82.154 27.548 2263.199 47.573 0 1 1 210 0 0
 131 126143.000 21941.000 0 0 86.056 28.822 2480.337 49.802 0 1 1 210 0 0
 132 126166.000 21771.000 0 0 82.514 27.599 2277.320 47.721 0 1 1 210 0 0
 133 126188.000 21598.000 0 0 86.434 28.871 2495.538 49.955 0 1 1 210 0 0
 134 126213.000 21427.000 0 0 79.092 26.386 2086.983 45.683 0 1 1 210 0 0
 135 126233.000 21254.000 0 0 79.266 26.406 2093.159 45.751 0 1 1 210 0 0
 136 126256.000 21082.000 0 0 79.439 26.430 2099.601 45.821 0 1 1 210 0 0
 137 126281.000 20911.000 0 0 79.611 26.455 2106.153 45.892 0 1 1 210 0 0
 138 126301.000 20739.000 0 0 79.784 26.475 2112.319 45.959 0 1 1 210 0 0
 139 126328.000 20569.000 0 0 79.955 26.502 2119.034 46.032 0 1 1 210 0 0
 140 126347.000 20397.000 0 0 80.129 26.521 2125.178 46.099 0 1 1 210 0 0
 141 126371.000 20225.000 0 0 80.302 26.545 2131.630 46.169 0 1 1 210 0 0
 142 126394.000 20054.000 0 0 80.474 26.568 2138.089 46.239 0 1 1 210 0 0
 143 126415.000 19883.000 0 0 76.826 25.330 1946.019 44.113 0 1 1 210 0 0
 144 126437.000 19709.000 0 0 80.821 26.611 2150.820 46.376 0 1 1 210 0 0
 145 126452.000 19536.000 0 0 88.707 29.162 2586.904 50.861 0 1 1 210 0 0
 146 126467.000 19361.000 0 0 104.358 34.252 3574.496 59.787 0 1 1 210 0 0
 147 126492.000 19192.000 0 0 112.322 36.824 4136.259 64.313 0 1 1 210 0 0
 148 126517.000 19021.000 0 0 124.221 40.677 5053.085 71.085 0 1 1 210 0 0
 149 126538.000 18849.000 0 0 120.577 39.431 4754.502 68.952 0 1 1 210 0 0
 150 126560.000 18676.000 0 0 120.834 39.463 4768.579 69.054 0 1 1 210 0 0
 151 126584.000 18505.000 0 0 117.202 38.232 4480.897 66.939 0 1 1 210 0 0
 152 126606.000 18334.000 0 0 117.447 38.263 4493.991 67.037 0 1 1 210 0 0
 153 126620.000 18160.000 0 0 133.385 43.386 5787.172 76.073 0 1 1 210 0 0
 154 126656.000 17991.000 0 0 106.131 34.496 3661.175 60.507 0 1 1 210 0 0
 155 126706.000 17829.000 0 0 55.130 17.917 987.803 31.429 0 1 1 210 0 0;
ProcessEquipmentIDList 1
  "6448" ;
SummarySpec 5
  TESTNO    NDEFECT    DEFDENSITY    NDIE    NDEFDIE  ;
SummaryList 
  1    155    0.5438    1    1  ;
EndOfFile;
