FileVersion 1 2;
FileTimestamp 01-03-26 23:15:34;
InspectionStationID "KLA-Tencor" "SFSSP1" "0901-0728-TBI";
SampleType WAFER;
ResultTimestamp 01-03-26 23:12:11;
LotID "2850";
SampleSize 1 200;
DeviceID "None";
SetupID "T2-2850A" 01-03-26 23:12:11;
StepID "6343";
SampleOrientationMarkType NOTCH;
OrientationMarkLocation DOWN;
DiePitch 200000 200000;
DieOrigin 0 0;
WaferID "05";
Slot 5;
SampleCenterLocation 100000 100000;
ClassLookup 1
  0 "0"  ;
OrientationInstructions "Front";
CoordinatesMirrored No;
InspectionTest 1;
SampleTestPlan 1
  0 0 ;
AreaPerTest 2.85005e+010;
ClusterClassificationList 4
  2 210 
  3 210 
  4 210 
  1 200 ;
DefectRecordSpec 15 DEFECTID XREL YREL XINDEX YINDEX XSIZE YSIZE DEFECTAREA DSIZE CLASSNUMBER TEST CLUSTERNUMBER ROUGHBINNUMBER FINEBINNUMBER REVIEWSAMPLE ;
DefectList
 1 98798.000 104179.000 0 0 0.000 0.000 0.000 0.122 0 1 0 0 0 0
 2 97119.000 90843.000 0 0 0.000 0.000 0.000 0.120 0 1 0 0 0 0
 3 84169.000 97059.000 0 0 0.000 0.000 0.000 0.138 0 1 0 0 0 0
 4 97598.000 119824.000 0 0 0.000 0.000 0.000 0.120 0 1 0 0 0 0
 5 93063.000 121995.000 0 0 0.000 0.000 0.000 0.124 0 1 0 0 0 0
 6 97557.000 75144.000 0 0 0.000 0.000 0.000 0.124 0 1 0 0 0 0
 7 87267.000 76708.000 0 0 0.000 0.000 0.000 0.122 0 1 0 0 0 0
 8 82756.000 78374.000 0 0 0.000 0.000 0.000 0.122 0 1 0 0 0 0
 9 86914.000 68248.000 0 0 0.000 0.000 0.000 0.155 0 1 0 0 0 0
 10 130942.000 82875.000 0 0 0.000 0.000 0.000 0.129 0 1 0 0 0 0
 11 134226.000 90593.000 0 0 0.000 0.000 0.000 0.203 0 1 0 0 0 0
 12 122434.000 130458.000 0 0 0.000 0.000 0.000 0.146 0 1 0 0 0 0
 13 99617.000 140525.000 0 0 0.000 0.000 0.000 0.139 0 1 0 0 0 0
 14 111613.000 60377.000 0 0 0.000 0.000 0.000 0.273 0 1 0 0 0 0
 15 60629.000 112264.000 0 0 0.000 0.000 0.000 0.123 0 1 0 0 0 0
 16 123255.000 137183.000 0 0 0.000 0.000 0.000 0.146 0 1 0 0 0 0
 17 90125.000 143911.000 0 0 0.000 0.000 0.000 0.138 0 1 0 0 0 0
 18 142437.000 83195.000 0 0 0.000 0.000 0.000 0.125 0 1 0 0 0 0
 19 127270.000 61222.000 0 0 0.000 0.000 0.000 0.246 0 1 0 0 0 0
 20 135584.000 67830.000 0 0 0.000 0.000 0.000 0.139 0 1 0 0 0 0
 21 114417.000 52481.000 0 0 0.000 0.000 0.000 0.124 0 1 0 0 0 0
 22 148044.000 88084.000 0 0 0.000 0.000 0.000 0.120 0 1 0 0 0 0
 23 72355.000 140796.000 0 0 0.000 0.000 0.000 0.121 0 1 0 0 0 0
 24 139429.000 68885.000 0 0 0.000 0.000 0.000 0.371 0 1 0 0 0 0
 25 141372.000 69793.000 0 0 0.000 0.000 0.000 0.120 0 1 0 0 0 0
 26 151681.000 111986.000 0 0 0.000 0.000 0.000 0.144 0 1 0 0 0 0
 27 78607.000 148818.000 0 0 0.000 0.000 0.000 0.121 0 1 0 0 0 0
 28 139709.000 63120.000 0 0 0.000 0.000 0.000 0.291 0 1 0 0 0 0
 29 46702.000 88600.000 0 0 0.000 0.000 0.000 0.153 0 1 0 0 0 0
 30 109035.000 154179.000 0 0 0.000 0.000 0.000 0.136 0 1 0 0 0 0
 31 45871.000 109765.000 0 0 0.000 0.000 0.000 0.128 0 1 0 0 0 0
 32 89433.000 42261.000 0 0 0.000 0.000 0.000 0.139 0 1 0 0 0 0
 33 61660.000 54460.000 0 0 0.000 0.000 0.000 0.127 0 1 0 0 0 0
 34 56386.000 140296.000 0 0 0.000 0.000 0.000 0.168 0 1 0 0 0 0
 35 134126.000 50593.000 0 0 0.000 0.000 0.000 0.302 0 1 0 0 0 0
 36 142655.000 142436.000 0 0 0.000 0.000 0.000 0.131 0 1 0 0 0 0
 37 56029.000 140623.000 0 0 0.000 0.000 0.000 0.130 0 1 0 0 0 0
 38 142522.000 142683.000 0 0 0.000 0.000 0.000 0.123 0 1 0 0 0 0
 39 142387.000 142923.000 0 0 0.000 0.000 0.000 0.145 0 1 0 0 0 0
 40 132216.000 151557.000 0 0 0.000 0.000 0.000 0.127 0 1 0 0 0 0
 41 55348.000 143336.000 0 0 0.000 0.000 0.000 0.158 0 1 0 0 0 0
 42 159396.000 122618.000 0 0 0.000 0.000 0.000 0.133 0 1 0 0 0 0
 43 54004.000 54694.000 0 0 0.000 0.000 0.000 0.122 0 1 0 0 0 0
 44 53502.000 145002.000 0 0 0.000 0.000 0.000 0.127 0 1 0 0 0 0
 45 49713.000 56940.000 0 0 0.000 0.000 0.000 0.121 0 1 0 0 0 0
 46 134457.000 156704.000 0 0 46.000 56.000 2576.000 50.754 0 1 2 210 0 0
 47 71329.000 39857.000 0 0 0.000 0.000 0.000 0.227 0 1 0 0 0 0
 48 134400.000 156782.000 0 0 46.000 56.000 2576.000 50.754 0 1 2 210 0 0
 49 133970.000 157460.000 0 0 46.000 56.000 2576.000 50.754 0 1 2 210 0 0
 50 133901.000 157577.000 0 0 46.000 56.000 2576.000 50.754 0 1 2 210 0 0
 51 133778.000 157766.000 0 0 46.000 56.000 2576.000 50.754 0 1 2 210 0 0
 52 133323.000 158478.000 0 0 46.000 54.000 2484.000 49.839 0 1 2 210 0 0
 53 133080.000 158866.000 0 0 46.000 54.000 2484.000 49.839 0 1 2 210 0 0
 54 132838.000 159247.000 0 0 46.000 54.000 2484.000 49.839 0 1 2 210 0 0
 55 132462.000 159826.000 0 0 44.000 54.000 2376.000 48.744 0 1 2 210 0 0
 56 141809.000 45319.000 0 0 0.000 0.000 0.000 0.136 0 1 0 0 0 0
 57 149538.000 52141.000 0 0 0.000 0.000 0.000 0.135 0 1 0 0 0 0
 58 37398.000 71735.000 0 0 0.000 0.000 0.000 0.121 0 1 0 0 0 0
 59 131714.000 160963.000 0 0 44.000 56.000 2464.000 49.638 0 1 2 210 0 0
 60 131557.000 161192.000 0 0 44.000 56.000 2464.000 49.638 0 1 2 210 0 0
 61 131454.000 161332.000 0 0 44.000 56.000 2464.000 49.638 0 1 2 210 0 0
 62 68952.000 38055.000 0 0 0.000 0.000 0.000 0.124 0 1 0 0 0 0
 63 131325.000 161534.000 0 0 44.000 56.000 2464.000 49.638 0 1 2 210 0 0
 64 131050.000 161947.000 0 0 44.000 56.000 2464.000 49.638 0 1 2 210 0 0
 65 130929.000 162132.000 0 0 44.000 56.000 2464.000 49.638 0 1 2 210 0 0
 66 130815.000 162307.000 0 0 44.000 56.000 2464.000 49.638 0 1 2 210 0 0
 67 130441.000 162856.000 0 0 42.000 56.000 2352.000 48.497 0 1 2 210 0 0
 68 130440.000 162853.000 0 0 42.000 56.000 2352.000 48.497 0 1 2 210 0 0
 69 143298.000 155431.000 0 0 0.000 0.000 0.000 0.133 0 1 0 0 0 0
 70 130102.000 163347.000 0 0 42.000 56.000 2352.000 48.497 0 1 2 210 0 0
 71 130047.000 163430.000 0 0 42.000 56.000 2352.000 48.497 0 1 2 210 0 0
 72 37614.000 67407.000 0 0 0.000 0.000 0.000 0.120 0 1 0 0 0 0
 73 129802.000 163801.000 0 0 42.000 56.000 2352.000 48.497 0 1 2 210 0 0
 74 154073.000 54052.000 0 0 0.000 0.000 0.000 0.201 0 1 0 0 0 0
 75 129438.000 164323.000 0 0 42.000 54.000 2268.000 47.623 0 1 2 210 0 0
 76 129168.000 164701.000 0 0 42.000 54.000 2268.000 47.623 0 1 2 210 0 0
 77 129008.000 164928.000 0 0 42.000 54.000 2268.000 47.623 0 1 2 210 0 0
 78 117990.000 30834.000 0 0 0.000 0.000 0.000 0.244 0 1 0 0 0 0
 79 130806.000 35104.000 0 0 0.000 0.000 0.000 0.123 0 1 0 0 0 0
 80 136893.000 38378.000 0 0 0.000 0.000 0.000 0.166 0 1 0 0 0 0
 81 128662.000 165445.000 0 0 42.000 54.000 2268.000 47.623 0 1 2 210 0 0
 82 128528.000 165638.000 0 0 42.000 54.000 2268.000 47.623 0 1 2 210 0 0
 83 145771.000 155367.000 0 0 0.000 0.000 0.000 0.138 0 1 0 0 0 0
 84 128252.000 166014.000 0 0 42.000 54.000 2268.000 47.623 0 1 2 210 0 0
 85 128192.000 166131.000 0 0 42.000 54.000 2268.000 47.623 0 1 2 210 0 0
 86 128043.000 166346.000 0 0 42.000 56.000 2352.000 48.497 0 1 2 210 0 0
 87 127960.000 166454.000 0 0 42.000 56.000 2352.000 48.497 0 1 2 210 0 0
 88 127802.000 166670.000 0 0 42.000 56.000 2352.000 48.497 0 1 2 210 0 0
 89 119231.000 29829.000 0 0 0.000 0.000 0.000 0.131 0 1 0 0 0 0
 90 137330.000 37459.000 0 0 0.000 0.000 0.000 0.131 0 1 0 0 0 0
 91 127615.000 166937.000 0 0 42.000 56.000 2352.000 48.497 0 1 2 210 0 0
 92 129413.000 33157.000 0 0 0.000 0.000 0.000 0.139 0 1 0 0 0 0
 93 127353.000 167291.000 0 0 42.000 56.000 2352.000 48.497 0 1 2 210 0 0
 94 127225.000 167479.000 0 0 42.000 56.000 2352.000 48.497 0 1 2 210 0 0
 95 118951.000 29194.000 0 0 0.000 0.000 0.000 0.129 0 1 0 0 0 0
 96 160404.000 58048.000 0 0 0.000 0.000 0.000 0.122 0 1 0 0 0 0
 97 126901.000 167934.000 0 0 42.000 56.000 2352.000 48.497 0 1 2 210 0 0
 98 126805.000 168073.000 0 0 42.000 56.000 2352.000 48.497 0 1 2 210 0 0
 99 126590.000 168356.000 0 0 42.000 56.000 2352.000 48.497 0 1 2 210 0 0
 100 126278.000 168798.000 0 0 40.000 56.000 2240.000 47.328 0 1 2 210 0 0
 101 43937.000 51967.000 0 0 0.000 0.000 0.000 0.237 0 1 0 0 0 0
 102 126182.000 168925.000 0 0 40.000 56.000 2240.000 47.328 0 1 2 210 0 0
 103 125986.000 169201.000 0 0 40.000 56.000 2240.000 47.328 0 1 2 210 0 0
 104 125891.000 169330.000 0 0 40.000 56.000 2240.000 47.328 0 1 2 210 0 0
 105 143522.000 160138.000 0 0 0.000 0.000 0.000 0.147 0 1 0 0 0 0
 106 125795.000 169449.000 0 0 40.000 56.000 2240.000 47.328 0 1 2 210 0 0
 107 125708.000 169578.000 0 0 40.000 56.000 2240.000 47.328 0 1 2 210 0 0
 108 125593.000 169749.000 0 0 40.000 56.000 2240.000 47.328 0 1 2 210 0 0
 109 125393.000 170016.000 0 0 40.000 56.000 2240.000 47.328 0 1 2 210 0 0
 110 125284.000 27091.000 0 0 0.000 0.000 0.000 0.120 0 1 0 0 0 0
 111 128908.000 28524.000 0 0 0.000 0.000 0.000 0.154 0 1 0 0 0 0
 112 42149.000 150573.000 0 0 0.000 0.000 0.000 0.154 0 1 0 0 0 0
 113 94830.000 22830.000 0 0 0.000 0.000 0.000 0.242 0 1 0 0 0 0
 114 119867.000 24102.000 0 0 0.000 0.000 0.000 0.283 0 1 0 0 0 0
 115 118238.000 23190.000 0 0 0.000 0.000 0.000 0.227 0 1 0 0 0 0
 116 173920.000 72450.000 0 0 0.000 0.000 0.000 0.130 0 1 0 0 0 0
 117 64917.000 29215.000 0 0 0.000 0.000 0.000 0.136 0 1 0 0 0 0
 118 160286.000 150739.000 0 0 0.000 0.000 0.000 0.123 0 1 0 0 0 0
 119 104935.000 20909.000 0 0 0.000 0.000 0.000 0.140 0 1 0 0 0 0
 120 88412.000 21492.000 0 0 0.000 0.000 0.000 0.294 0 1 0 0 0 0
 121 120302.000 176677.000 0 0 36.000 56.000 2016.000 44.899 0 1 3 210 0 0
 122 120159.000 176854.000 0 0 36.000 56.000 2016.000 44.899 0 1 3 210 0 0
 123 178009.000 117646.000 0 0 0.000 0.000 0.000 0.264 0 1 0 0 0 0
 124 119788.000 177332.000 0 0 36.000 54.000 1944.000 44.090 0 1 3 210 0 0
 125 119879.000 177224.000 0 0 36.000 54.000 1944.000 44.090 0 1 3 210 0 0
 126 178400.000 83011.000 0 0 0.000 0.000 0.000 0.136 0 1 0 0 0 0
 127 148250.000 35848.000 0 0 0.000 0.000 0.000 0.316 0 1 0 0 0 0
 128 176663.000 123194.000 0 0 0.000 0.000 0.000 0.134 0 1 0 0 0 0
 129 119665.000 177485.000 0 0 36.000 54.000 1944.000 44.090 0 1 3 210 0 0
 130 119393.000 177829.000 0 0 36.000 54.000 1944.000 44.090 0 1 3 210 0 0
 131 39432.000 152524.000 0 0 0.000 0.000 0.000 0.141 0 1 0 0 0 0
 132 119086.000 178200.000 0 0 34.000 54.000 1836.000 42.848 0 1 3 210 0 0
 133 118555.000 178866.000 0 0 0.000 0.000 0.000 0.162 0 1 0 0 0 0
 134 117995.000 179568.000 0 0 0.000 0.000 0.000 0.208 0 1 0 0 0 0
 135 117692.000 179925.000 0 0 0.000 0.000 0.000 0.133 0 1 0 0 0 0
 136 148096.000 33127.000 0 0 0.000 0.000 0.000 0.240 0 1 0 0 0 0
 137 117357.000 180336.000 0 0 0.000 0.000 0.000 0.253 0 1 0 0 0 0
 138 39703.000 156805.000 0 0 0.000 0.000 0.000 0.121 0 1 0 0 0 0
 139 39451.000 157008.000 0 0 0.000 0.000 0.000 0.126 0 1 0 0 0 0
 140 179064.000 127081.000 0 0 0.000 0.000 0.000 0.125 0 1 0 0 0 0
 141 115326.000 182767.000 0 0 0.000 0.000 0.000 0.122 0 1 0 0 0 0
 142 23726.000 135706.000 0 0 0.000 0.000 0.000 0.135 0 1 0 0 0 0
 143 58843.000 26097.000 0 0 0.000 0.000 0.000 0.252 0 1 0 0 0 0
 144 37448.000 156508.000 0 0 0.000 0.000 0.000 0.131 0 1 0 0 0 0
 145 91104.000 15249.000 0 0 0.000 0.000 0.000 0.121 0 1 0 0 0 0
 146 114246.000 184061.000 0 0 0.000 0.000 0.000 0.121 0 1 0 0 0 0
 147 22759.000 62968.000 0 0 0.000 0.000 0.000 0.130 0 1 0 0 0 0
 148 136247.000 21903.000 0 0 0.000 0.000 0.000 0.120 0 1 0 0 0 0
 149 42931.000 35364.000 0 0 0.000 0.000 0.000 0.125 0 1 0 0 0 0
 150 185425.000 112816.000 0 0 0.000 0.000 0.000 0.123 0 1 0 0 0 0
 151 113067.000 185417.000 0 0 30.000 52.000 1560.000 39.496 0 1 4 210 0 0
 152 112702.000 185839.000 0 0 30.000 52.000 1560.000 39.496 0 1 4 210 0 0
 153 36509.000 159354.000 0 0 0.000 0.000 0.000 0.121 0 1 0 0 0 0
 154 114428.000 13746.000 0 0 0.000 0.000 0.000 0.141 0 1 0 0 0 0
 155 112322.000 186291.000 0 0 30.000 52.000 1560.000 39.496 0 1 4 210 0 0
 156 112193.000 186427.000 0 0 30.000 52.000 1560.000 39.496 0 1 4 210 0 0
 157 24310.000 143226.000 0 0 0.000 0.000 0.000 0.124 0 1 0 0 0 0
 158 111956.000 186705.000 0 0 30.000 52.000 1560.000 39.496 0 1 4 210 0 0
 159 187879.000 91285.000 0 0 0.000 0.000 0.000 0.129 0 1 0 0 0 0
 160 110756.000 188061.000 0 0 0.000 0.000 0.000 0.137 0 1 0 0 0 0
 161 189062.000 93404.000 0 0 0.000 0.000 0.000 0.123 0 1 0 0 0 0
 162 188567.000 112006.000 0 0 0.000 0.000 0.000 0.141 0 1 0 0 0 0
 163 109666.000 189288.000 0 0 0.000 0.000 0.000 0.121 0 1 0 0 0 0
 164 34836.000 162769.000 0 0 0.000 0.000 0.000 0.124 0 1 0 0 0 0
 165 31404.000 159007.000 0 0 0.000 0.000 0.000 0.127 0 1 0 0 0 0
 166 161460.000 166964.000 0 0 0.000 0.000 0.000 0.120 0 1 0 0 0 0
 167 103583.000 8735.000 0 0 0.000 0.000 0.000 0.120 0 1 0 0 0 0
 168 30925.000 159373.000 0 0 0.000 0.000 0.000 0.131 0 1 0 0 0 0
 169 111449.000 8861.000 0 0 0.000 0.000 0.000 0.139 0 1 0 0 0 0
 170 154058.000 25494.000 0 0 0.000 0.000 0.000 0.324 0 1 0 0 0 0
 171 136311.000 14609.000 0 0 0.000 0.000 0.000 0.123 0 1 0 0 0 0
 172 140495.000 15761.000 0 0 0.000 0.000 0.000 200000.000 0 1 0 200 0 0
 173 193298.000 100478.000 0 0 0.000 0.000 0.000 0.158 0 1 0 0 0 0
 174 131423.000 11626.000 0 0 40.000 56.000 2240.000 47.328 0 1 1 200 0 0
 175 28715.000 160868.000 0 0 0.000 0.000 0.000 0.121 0 1 0 0 0 0
 176 131719.000 10290.000 0 0 40.000 56.000 2240.000 47.328 0 1 1 200 0 0
 177 27823.000 161708.000 0 0 0.000 0.000 0.000 0.130 0 1 0 0 0 0
 178 131556.000 11161.000 0 0 40.000 56.000 2240.000 47.328 0 1 1 200 0 0
 179 132211.000 9749.000 0 0 40.000 56.000 2240.000 47.328 0 1 1 200 0 0
 180 131863.000 9287.000 0 0 40.000 54.000 2160.000 46.475 0 1 1 200 0 0
 181 132716.000 9185.000 0 0 40.000 56.000 2240.000 47.328 0 1 1 200 0 0
 182 42337.000 177673.000 0 0 0.000 0.000 0.000 0.154 0 1 0 0 0 0
 183 36681.000 173329.000 0 0 0.000 0.000 0.000 0.124 0 1 0 0 0 0
 184 132434.000 8613.000 0 0 40.000 56.000 2240.000 47.328 0 1 1 200 0 0
 185 132485.000 8631.000 0 0 40.000 56.000 2240.000 47.328 0 1 1 200 0 0
 186 131418.000 11499.000 0 0 21.227 7.535 159.960 12.647 0 1 1 200 0 0
 187 131468.000 11517.000 0 0 25.442 9.048 230.205 15.172 0 1 1 200 0 0
 188 131401.000 11314.000 0 0 42.500 15.048 639.570 25.289 0 1 1 200 0 0
 189 131513.000 11353.000 0 0 165.741 58.920 9765.580 98.820 0 1 1 200 0 0
 190 131545.000 11184.000 0 0 217.132 77.120 16745.417 129.404 0 1 1 200 0 0
 191 131595.000 11023.000 0 0 221.813 78.764 17471.062 132.178 0 1 1 200 0 0
 192 131581.000 10836.000 0 0 89.752 31.790 2853.279 53.416 0 1 1 200 0 0
 193 131718.000 10884.000 0 0 21.374 7.607 162.610 12.751 0 1 1 200 0 0
 194 131623.000 10671.000 0 0 94.221 33.355 3142.826 56.060 0 1 1 200 0 0
 195 131650.000 10499.000 0 0 60.047 21.234 1275.103 35.708 0 1 1 200 0 0
 196 131709.000 10340.000 0 0 64.471 22.801 1470.027 38.340 0 1 1 200 0 0
 197 131791.000 10189.000 0 0 90.404 32.001 2893.096 53.787 0 1 1 200 0 0
 198 131904.000 10049.000 0 0 90.545 32.114 2907.858 53.924 0 1 1 200 0 0
 199 132292.000 9824.000 0 0 69.143 24.760 1712.010 41.376 0 1 1 200 0 0
 200 132420.000 9689.000 0 0 82.251 29.526 2428.637 49.281 0 1 1 200 0 0
 201 132551.000 9557.000 0 0 82.372 29.646 2442.080 49.417 0 1 1 200 0 0
 202 132647.000 9411.000 0 0 99.870 35.992 3594.575 59.954 0 1 1 200 0 0
 203 132703.000 9250.000 0 0 130.511 47.031 6138.194 78.346 0 1 1 200 0 0
 204 132684.000 9062.000 0 0 47.959 17.237 826.692 28.752 0 1 1 200 0 0;
ProcessEquipmentIDList 1
  "6448" ;
SummarySpec 5
  TESTNO    NDEFECT    DEFDENSITY    NDIE    NDEFDIE  ;
SummaryList 
  1    204    0.7158    1    1  ;
EndOfFile;
