FileVersion 1 2;
FileTimestamp 01-03-26 21:39:12;
InspectionStationID "KLA-Tencor" "SFSSP1" "0901-0728-TBI";
SampleType WAFER;
ResultTimestamp 01-03-26 21:38:06;
LotID "2850";
SampleSize 1 200;
DeviceID "None";
SetupID "T2-2850A" 01-03-26 21:38:06;
StepID "6343";
SampleOrientationMarkType NOTCH;
OrientationMarkLocation DOWN;
DiePitch 200000 200000;
DieOrigin 0 0;
WaferID "01";
Slot 1;
SampleCenterLocation 100000 100000;
ClassLookup 1
  0 "0"  ;
OrientationInstructions "Front";
CoordinatesMirrored No;
InspectionTest 1;
SampleTestPlan 1
  0 0 ;
AreaPerTest 2.85017e+010;
DefectRecordSpec 15 DEFECTID XREL YREL XINDEX YINDEX XSIZE YSIZE DEFECTAREA DSIZE CLASSNUMBER TEST CLUSTERNUMBER ROUGHBINNUMBER FINEBINNUMBER REVIEWSAMPLE ;
DefectList
 1 105317.000 99496.000 0 0 0.000 0.000 0.000 0.159 0 1 0 0 0 0
 2 101682.000 105175.000 0 0 0.000 0.000 0.000 0.120 0 1 0 0 0 0
 3 96175.000 105951.000 0 0 0.000 0.000 0.000 0.252 0 1 0 0 0 0
 4 102859.000 106941.000 0 0 0.000 0.000 0.000 0.216 0 1 0 0 0 0
 5 104902.000 93137.000 0 0 0.000 0.000 0.000 0.312 0 1 0 0 0 0
 6 91596.000 101838.000 0 0 0.000 0.000 0.000 0.121 0 1 0 0 0 0
 7 90981.000 104148.000 0 0 0.000 0.000 0.000 0.130 0 1 0 0 0 0
 8 89189.000 95333.000 0 0 0.000 0.000 0.000 0.136 0 1 0 0 0 0
 9 88311.000 102445.000 0 0 0.000 0.000 0.000 0.134 0 1 0 0 0 0
 10 102755.000 87382.000 0 0 0.000 0.000 0.000 0.205 0 1 0 0 0 0
 11 100804.000 113767.000 0 0 0.000 0.000 0.000 0.128 0 1 0 0 0 0
 12 92286.000 86609.000 0 0 0.000 0.000 0.000 0.227 0 1 0 0 0 0
 13 94912.000 115111.000 0 0 0.000 0.000 0.000 0.201 0 1 0 0 0 0
 14 83397.000 97954.000 0 0 0.000 0.000 0.000 0.209 0 1 0 0 0 0
 15 106477.000 81353.000 0 0 0.000 0.000 0.000 0.145 0 1 0 0 0 0
 16 119439.000 102266.000 0 0 0.000 0.000 0.000 0.122 0 1 0 0 0 0
 17 86676.000 114642.000 0 0 0.000 0.000 0.000 0.138 0 1 0 0 0 0
 18 87369.000 116086.000 0 0 0.000 0.000 0.000 0.126 0 1 0 0 0 0
 19 90428.000 118348.000 0 0 0.000 0.000 0.000 0.143 0 1 0 0 0 0
 20 111303.000 78902.000 0 0 0.000 0.000 0.000 0.131 0 1 0 0 0 0
 21 93014.000 124184.000 0 0 0.000 0.000 0.000 0.140 0 1 0 0 0 0
 22 117102.000 80669.000 0 0 0.000 0.000 0.000 0.132 0 1 0 0 0 0
 23 87314.000 123614.000 0 0 0.000 0.000 0.000 0.130 0 1 0 0 0 0
 24 127051.000 104235.000 0 0 0.000 0.000 0.000 0.129 0 1 0 0 0 0
 25 77930.000 81081.000 0 0 0.000 0.000 0.000 0.225 0 1 0 0 0 0
 26 84090.000 124444.000 0 0 0.000 0.000 0.000 0.131 0 1 0 0 0 0
 27 95586.000 70522.000 0 0 0.000 0.000 0.000 0.121 0 1 0 0 0 0
 28 103740.000 130148.000 0 0 0.000 0.000 0.000 0.148 0 1 0 0 0 0
 29 84416.000 73355.000 0 0 0.000 0.000 0.000 0.134 0 1 0 0 0 0
 30 69105.000 105875.000 0 0 0.000 0.000 0.000 0.283 0 1 0 0 0 0
 31 108031.000 130487.000 0 0 0.000 0.000 0.000 0.282 0 1 0 0 0 0
 32 78348.000 123298.000 0 0 0.000 0.000 0.000 0.244 0 1 0 0 0 0
 33 119956.000 125262.000 0 0 0.000 0.000 0.000 0.124 0 1 0 0 0 0
 34 75024.000 120341.000 0 0 0.000 0.000 0.000 0.127 0 1 0 0 0 0
 35 73098.000 81485.000 0 0 0.000 0.000 0.000 0.126 0 1 0 0 0 0
 36 96334.000 132260.000 0 0 0.000 0.000 0.000 0.132 0 1 0 0 0 0
 37 69484.000 87558.000 0 0 0.000 0.000 0.000 0.248 0 1 0 0 0 0
 38 109544.000 131237.000 0 0 0.000 0.000 0.000 0.136 0 1 0 0 0 0
 39 89452.000 131371.000 0 0 0.000 0.000 0.000 0.243 0 1 0 0 0 0
 40 66441.000 100383.000 0 0 0.000 0.000 0.000 0.327 0 1 0 0 0 0
 41 83038.000 129015.000 0 0 0.000 0.000 0.000 0.124 0 1 0 0 0 0
 42 75714.000 75661.000 0 0 0.000 0.000 0.000 0.120 0 1 0 0 0 0
 43 66491.000 108249.000 0 0 0.000 0.000 0.000 0.129 0 1 0 0 0 0
 44 132056.000 112877.000 0 0 0.000 0.000 0.000 0.126 0 1 0 0 0 0
 45 77947.000 72919.000 0 0 0.000 0.000 0.000 0.135 0 1 0 0 0 0
 46 67043.000 111136.000 0 0 0.000 0.000 0.000 0.127 0 1 0 0 0 0
 47 70696.000 80854.000 0 0 0.000 0.000 0.000 0.205 0 1 0 0 0 0
 48 64953.000 98732.000 0 0 0.000 0.000 0.000 0.135 0 1 0 0 0 0
 49 69694.000 81829.000 0 0 0.000 0.000 0.000 0.141 0 1 0 0 0 0
 50 70052.000 80323.000 0 0 0.000 0.000 0.000 0.237 0 1 0 0 0 0
 51 78168.000 128327.000 0 0 0.000 0.000 0.000 0.121 0 1 0 0 0 0
 52 70276.000 79069.000 0 0 0.000 0.000 0.000 0.250 0 1 0 0 0 0
 53 71147.000 123585.000 0 0 0.000 0.000 0.000 0.238 0 1 0 0 0 0
 54 80137.000 68140.000 0 0 0.000 0.000 0.000 0.146 0 1 0 0 0 0
 55 130682.000 76497.000 0 0 0.000 0.000 0.000 0.138 0 1 0 0 0 0
 56 63538.000 112488.000 0 0 0.000 0.000 0.000 0.277 0 1 0 0 0 0
 57 122555.000 131708.000 0 0 0.000 0.000 0.000 0.132 0 1 0 0 0 0
 58 70359.000 73340.000 0 0 0.000 0.000 0.000 0.215 0 1 0 0 0 0
 59 67567.000 76477.000 0 0 0.000 0.000 0.000 0.158 0 1 0 0 0 0
 60 69521.000 125774.000 0 0 0.000 0.000 0.000 0.123 0 1 0 0 0 0
 61 76814.000 67003.000 0 0 0.000 0.000 0.000 0.131 0 1 0 0 0 0
 62 97278.000 58916.000 0 0 0.000 0.000 0.000 0.133 0 1 0 0 0 0
 63 118557.000 136733.000 0 0 0.000 0.000 0.000 0.139 0 1 0 0 0 0
 64 64606.000 76535.000 0 0 0.000 0.000 0.000 0.126 0 1 0 0 0 0
 65 83412.000 138994.000 0 0 0.000 0.000 0.000 0.125 0 1 0 0 0 0
 66 59866.000 114822.000 0 0 0.000 0.000 0.000 0.147 0 1 0 0 0 0
 67 99602.000 143763.000 0 0 0.000 0.000 0.000 0.150 0 1 0 0 0 0
 68 65651.000 71779.000 0 0 0.000 0.000 0.000 0.128 0 1 0 0 0 0
 69 130385.000 132194.000 0 0 0.000 0.000 0.000 0.235 0 1 0 0 0 0
 70 118906.000 142027.000 0 0 0.000 0.000 0.000 0.122 0 1 0 0 0 0
 71 128317.000 138726.000 0 0 0.000 0.000 0.000 0.291 0 1 0 0 0 0
 72 51977.000 104069.000 0 0 0.000 0.000 0.000 0.129 0 1 0 0 0 0
 73 62534.000 132576.000 0 0 0.000 0.000 0.000 0.269 0 1 0 0 0 0
 74 52802.000 117859.000 0 0 0.000 0.000 0.000 0.240 0 1 0 0 0 0
 75 61050.000 67395.000 0 0 0.000 0.000 0.000 0.120 0 1 0 0 0 0
 76 97812.000 48483.000 0 0 0.000 0.000 0.000 0.132 0 1 0 0 0 0
 77 76990.000 146546.000 0 0 0.000 0.000 0.000 0.121 0 1 0 0 0 0
 78 59984.000 134424.000 0 0 0.000 0.000 0.000 0.129 0 1 0 0 0 0
 79 49729.000 82485.000 0 0 0.000 0.000 0.000 0.126 0 1 0 0 0 0
 80 46957.000 96376.000 0 0 0.000 0.000 0.000 0.140 0 1 0 0 0 0
 81 71274.000 144619.000 0 0 0.000 0.000 0.000 0.140 0 1 0 0 0 0
 82 56132.000 69158.000 0 0 0.000 0.000 0.000 0.234 0 1 0 0 0 0
 83 48005.000 86041.000 0 0 0.000 0.000 0.000 0.135 0 1 0 0 0 0
 84 56306.000 131573.000 0 0 0.000 0.000 0.000 0.206 0 1 0 0 0 0
 85 73163.000 52731.000 0 0 0.000 0.000 0.000 0.137 0 1 0 0 0 0
 86 78413.000 50028.000 0 0 0.000 0.000 0.000 0.137 0 1 0 0 0 0
 87 55991.000 66732.000 0 0 0.000 0.000 0.000 0.124 0 1 0 0 0 0
 88 55710.000 66720.000 0 0 0.000 0.000 0.000 0.274 0 1 0 0 0 0
 89 57162.000 135209.000 0 0 0.000 0.000 0.000 0.142 0 1 0 0 0 0
 90 102682.000 44100.000 0 0 0.000 0.000 0.000 0.144 0 1 0 0 0 0
 91 98745.000 155530.000 0 0 0.000 0.000 0.000 0.203 0 1 0 0 0 0
 92 44254.000 95823.000 0 0 0.000 0.000 0.000 0.337 0 1 0 0 0 0
 93 91248.000 155134.000 0 0 0.000 0.000 0.000 0.272 0 1 0 0 0 0
 94 45749.000 84739.000 0 0 0.000 0.000 0.000 0.127 0 1 0 0 0 0
 95 71814.000 148611.000 0 0 0.000 0.000 0.000 0.248 0 1 0 0 0 0
 96 75195.000 48427.000 0 0 0.000 0.000 0.000 0.149 0 1 0 0 0 0
 97 88090.000 155625.000 0 0 0.000 0.000 0.000 0.322 0 1 0 0 0 0
 98 42393.000 107861.000 0 0 0.000 0.000 0.000 0.226 0 1 0 0 0 0
 99 69037.000 149039.000 0 0 0.000 0.000 0.000 0.160 0 1 0 0 0 0
 100 64922.000 147112.000 0 0 0.000 0.000 0.000 0.139 0 1 0 0 0 0
 101 44084.000 119579.000 0 0 0.000 0.000 0.000 0.126 0 1 0 0 0 0
 102 80365.000 43660.000 0 0 0.000 0.000 0.000 0.120 0 1 0 0 0 0
 103 67705.000 149758.000 0 0 0.000 0.000 0.000 0.126 0 1 0 0 0 0
 104 42752.000 80751.000 0 0 0.000 0.000 0.000 0.123 0 1 0 0 0 0
 105 43908.000 77165.000 0 0 0.000 0.000 0.000 0.124 0 1 0 0 0 0
 106 137174.000 150400.000 0 0 0.000 0.000 0.000 0.125 0 1 0 0 0 0
 107 46435.000 66596.000 0 0 0.000 0.000 0.000 0.133 0 1 0 0 0 0
 108 37527.000 90853.000 0 0 0.000 0.000 0.000 0.150 0 1 0 0 0 0
 109 84140.000 161001.000 0 0 0.000 0.000 0.000 0.219 0 1 0 0 0 0
 110 122601.000 39766.000 0 0 0.000 0.000 0.000 0.125 0 1 0 0 0 0
 111 97008.000 163718.000 0 0 0.000 0.000 0.000 0.201 0 1 0 0 0 0
 112 35497.000 104193.000 0 0 0.000 0.000 0.000 0.135 0 1 0 0 0 0
 113 41472.000 127866.000 0 0 0.000 0.000 0.000 0.124 0 1 0 0 0 0
 114 36404.000 85627.000 0 0 0.000 0.000 0.000 0.200 0 1 0 0 0 0
 115 109365.000 164326.000 0 0 0.000 0.000 0.000 0.120 0 1 0 0 0 0
 116 34745.000 99173.000 0 0 0.000 0.000 0.000 0.133 0 1 0 0 0 0
 117 54271.000 52977.000 0 0 0.000 0.000 0.000 0.154 0 1 0 0 0 0
 118 124376.000 160632.000 0 0 0.000 0.000 0.000 0.161 0 1 0 0 0 0
 119 73216.000 39505.000 0 0 0.000 0.000 0.000 0.127 0 1 0 0 0 0
 120 69813.000 158740.000 0 0 0.000 0.000 0.000 0.138 0 1 0 0 0 0
 121 34665.000 88390.000 0 0 0.000 0.000 0.000 0.135 0 1 0 0 0 0
 122 33732.000 93764.000 0 0 0.000 0.000 0.000 0.235 0 1 0 0 0 0
 123 39983.000 129220.000 0 0 0.000 0.000 0.000 0.252 0 1 0 0 0 0
 124 52492.000 147168.000 0 0 0.000 0.000 0.000 0.123 0 1 0 0 0 0
 125 95690.000 32702.000 0 0 0.000 0.000 0.000 0.139 0 1 0 0 0 0
 126 76649.000 163105.000 0 0 0.000 0.000 0.000 0.131 0 1 0 0 0 0
 127 47463.000 142104.000 0 0 0.000 0.000 0.000 0.141 0 1 0 0 0 0
 128 33081.000 88768.000 0 0 0.000 0.000 0.000 0.130 0 1 0 0 0 0
 129 74117.000 162733.000 0 0 0.000 0.000 0.000 0.141 0 1 0 0 0 0
 130 100699.000 168176.000 0 0 0.000 0.000 0.000 0.223 0 1 0 0 0 0
 131 32420.000 111278.000 0 0 0.000 0.000 0.000 0.270 0 1 0 0 0 0
 132 34829.000 78089.000 0 0 0.000 0.000 0.000 0.128 0 1 0 0 0 0
 133 69407.000 38133.000 0 0 0.000 0.000 0.000 0.121 0 1 0 0 0 0
 134 119258.000 33523.000 0 0 0.000 0.000 0.000 0.124 0 1 0 0 0 0
 135 38999.000 134586.000 0 0 0.000 0.000 0.000 0.152 0 1 0 0 0 0
 136 36788.000 132381.000 0 0 0.000 0.000 0.000 0.130 0 1 0 0 0 0
 137 168274.000 119965.000 0 0 0.000 0.000 0.000 0.142 0 1 0 0 0 0
 138 115959.000 169744.000 0 0 0.000 0.000 0.000 0.133 0 1 0 0 0 0
 139 29278.000 87090.000 0 0 0.000 0.000 0.000 0.132 0 1 0 0 0 0
 140 95538.000 27916.000 0 0 0.000 0.000 0.000 0.141 0 1 0 0 0 0
 141 47902.000 149496.000 0 0 0.000 0.000 0.000 0.138 0 1 0 0 0 0
 142 34196.000 129328.000 0 0 0.000 0.000 0.000 0.228 0 1 0 0 0 0
 143 171955.000 92504.000 0 0 0.000 0.000 0.000 0.133 0 1 0 0 0 0
 144 33997.000 129216.000 0 0 0.000 0.000 0.000 0.201 0 1 0 0 0 0
 145 172437.000 99144.000 0 0 0.000 0.000 0.000 0.140 0 1 0 0 0 0
 146 39811.000 139925.000 0 0 0.000 0.000 0.000 0.128 0 1 0 0 0 0
 147 27106.000 97861.000 0 0 0.000 0.000 0.000 0.134 0 1 0 0 0 0
 148 90107.000 172101.000 0 0 0.000 0.000 0.000 0.201 0 1 0 0 0 0
 149 26863.000 97900.000 0 0 0.000 0.000 0.000 0.139 0 1 0 0 0 0
 150 42073.000 144460.000 0 0 0.000 0.000 0.000 0.121 0 1 0 0 0 0
 151 26833.000 94007.000 0 0 0.000 0.000 0.000 0.121 0 1 0 0 0 0
 152 93053.000 26457.000 0 0 0.000 0.000 0.000 0.126 0 1 0 0 0 0
 153 28243.000 80166.000 0 0 0.000 0.000 0.000 0.147 0 1 0 0 0 0
 154 35561.000 62139.000 0 0 0.000 0.000 0.000 0.253 0 1 0 0 0 0
 155 31822.000 68902.000 0 0 0.000 0.000 0.000 0.144 0 1 0 0 0 0
 156 92991.000 174590.000 0 0 0.000 0.000 0.000 0.140 0 1 0 0 0 0
 157 38714.000 55563.000 0 0 0.000 0.000 0.000 0.206 0 1 0 0 0 0
 158 125188.000 171483.000 0 0 0.000 0.000 0.000 0.126 0 1 0 0 0 0
 159 87921.000 174861.000 0 0 0.000 0.000 0.000 0.120 0 1 0 0 0 0
 160 34405.000 60642.000 0 0 0.000 0.000 0.000 0.266 0 1 0 0 0 0
 161 95854.000 176147.000 0 0 0.000 0.000 0.000 0.200 0 1 0 0 0 0
 162 31373.000 65364.000 0 0 0.000 0.000 0.000 0.124 0 1 0 0 0 0
 163 37088.000 144083.000 0 0 0.000 0.000 0.000 0.152 0 1 0 0 0 0
 164 26522.000 75974.000 0 0 0.000 0.000 0.000 0.125 0 1 0 0 0 0
 165 45064.000 45259.000 0 0 0.000 0.000 0.000 0.303 0 1 0 0 0 0
 166 23078.000 112022.000 0 0 0.000 0.000 0.000 0.223 0 1 0 0 0 0
 167 23564.000 84694.000 0 0 0.000 0.000 0.000 0.125 0 1 0 0 0 0
 168 24520.000 80829.000 0 0 0.000 0.000 0.000 0.146 0 1 0 0 0 0
 169 86746.000 22354.000 0 0 0.000 0.000 0.000 0.120 0 1 0 0 0 0
 170 157997.000 45894.000 0 0 0.000 0.000 0.000 0.137 0 1 0 0 0 0
 171 52021.000 163262.000 0 0 0.000 0.000 0.000 0.141 0 1 0 0 0 0
 172 119767.000 22333.000 0 0 0.000 0.000 0.000 0.135 0 1 0 0 0 0
 173 133086.000 26582.000 0 0 0.000 0.000 0.000 200000.000 0 1 0 200 0 0
 174 34729.000 52916.000 0 0 0.000 0.000 0.000 0.126 0 1 0 0 0 0
 175 26497.000 132436.000 0 0 0.000 0.000 0.000 0.122 0 1 0 0 0 0
 176 28299.000 63500.000 0 0 0.000 0.000 0.000 0.246 0 1 0 0 0 0
 177 132342.000 173488.000 0 0 0.000 0.000 0.000 0.215 0 1 0 0 0 0
 178 142945.000 168388.000 0 0 0.000 0.000 0.000 0.238 0 1 0 0 0 0
 179 28958.000 59295.000 0 0 0.000 0.000 0.000 0.127 0 1 0 0 0 0
 180 33746.000 50988.000 0 0 0.000 0.000 0.000 0.125 0 1 0 0 0 0
 181 77246.000 178976.000 0 0 0.000 0.000 0.000 0.382 0 1 0 0 0 0
 182 30362.000 55814.000 0 0 0.000 0.000 0.000 0.256 0 1 0 0 0 0
 183 99949.000 182508.000 0 0 0.000 0.000 0.000 0.139 0 1 0 0 0 0
 184 24986.000 64936.000 0 0 0.000 0.000 0.000 0.144 0 1 0 0 0 0
 185 47030.000 35229.000 0 0 0.000 0.000 0.000 0.436 0 1 0 0 0 0
 186 95484.000 16201.000 0 0 0.000 0.000 0.000 0.235 0 1 0 0 0 0
 187 16676.000 110002.000 0 0 0.000 0.000 0.000 0.121 0 1 0 0 0 0
 188 73129.000 20182.000 0 0 0.000 0.000 0.000 0.124 0 1 0 0 0 0
 189 19369.000 75611.000 0 0 0.000 0.000 0.000 0.140 0 1 0 0 0 0
 190 69176.000 21235.000 0 0 0.000 0.000 0.000 0.123 0 1 0 0 0 0
 191 59701.000 174067.000 0 0 0.000 0.000 0.000 0.218 0 1 0 0 0 0
 192 45440.000 164623.000 0 0 0.000 0.000 0.000 0.128 0 1 0 0 0 0
 193 43116.000 36989.000 0 0 0.000 0.000 0.000 0.270 0 1 0 0 0 0
 194 24709.000 138571.000 0 0 0.000 0.000 0.000 0.220 0 1 0 0 0 0
 195 19129.000 74355.000 0 0 0.000 0.000 0.000 0.210 0 1 0 0 0 0
 196 19097.000 74248.000 0 0 0.000 0.000 0.000 0.202 0 1 0 0 0 0
 197 48366.000 167145.000 0 0 0.000 0.000 0.000 0.223 0 1 0 0 0 0
 198 71208.000 179991.000 0 0 0.000 0.000 0.000 0.127 0 1 0 0 0 0
 199 55333.000 27198.000 0 0 0.000 0.000 0.000 0.125 0 1 0 0 0 0
 200 14725.000 101320.000 0 0 0.000 0.000 0.000 0.125 0 1 0 0 0 0
 201 43586.000 163930.000 0 0 0.000 0.000 0.000 0.127 0 1 0 0 0 0
 202 43084.000 164123.000 0 0 0.000 0.000 0.000 0.216 0 1 0 0 0 0
 203 119382.000 184252.000 0 0 0.000 0.000 0.000 0.144 0 1 0 0 0 0
 204 89765.000 186264.000 0 0 0.000 0.000 0.000 0.136 0 1 0 0 0 0
 205 84786.000 185655.000 0 0 0.000 0.000 0.000 0.231 0 1 0 0 0 0
 206 19463.000 66202.000 0 0 0.000 0.000 0.000 0.207 0 1 0 0 0 0
 207 97881.000 187516.000 0 0 0.000 0.000 0.000 0.273 0 1 0 0 0 0
 208 81886.000 186222.000 0 0 0.000 0.000 0.000 0.246 0 1 0 0 0 0
 209 39836.000 34956.000 0 0 0.000 0.000 0.000 0.133 0 1 0 0 0 0
 210 92907.000 188508.000 0 0 0.000 0.000 0.000 0.219 0 1 0 0 0 0
 211 66548.000 182303.000 0 0 0.000 0.000 0.000 0.271 0 1 0 0 0 0
 212 37089.000 36673.000 0 0 0.000 0.000 0.000 200000.000 0 1 0 200 0 0
 213 80994.000 187030.000 0 0 0.000 0.000 0.000 0.204 0 1 0 0 0 0
 214 45583.000 28653.000 0 0 0.000 0.000 0.000 0.137 0 1 0 0 0 0
 215 14846.000 72152.000 0 0 0.000 0.000 0.000 0.141 0 1 0 0 0 0
 216 33192.000 39199.000 0 0 0.000 0.000 0.000 0.142 0 1 0 0 0 0
 217 46851.000 26911.000 0 0 0.000 0.000 0.000 0.129 0 1 0 0 0 0
 218 67739.000 184151.000 0 0 0.000 0.000 0.000 0.277 0 1 0 0 0 0
 219 21058.000 54466.000 0 0 0.000 0.000 0.000 0.122 0 1 0 0 0 0
 220 63101.000 183791.000 0 0 0.000 0.000 0.000 0.133 0 1 0 0 0 0
 221 22311.000 148698.000 0 0 0.000 0.000 0.000 0.126 0 1 0 0 0 0
 222 40819.000 29247.000 0 0 0.000 0.000 0.000 0.168 0 1 0 0 0 0
 223 79696.000 189964.000 0 0 0.000 0.000 0.000 0.289 0 1 0 0 0 0
 224 8372.000 113796.000 0 0 0.000 0.000 0.000 0.125 0 1 0 0 0 0
 225 18725.000 145838.000 0 0 0.000 0.000 0.000 0.124 0 1 0 0 0 0
 226 64652.000 187291.000 0 0 0.000 0.000 0.000 0.211 0 1 0 0 0 0
 227 17201.000 145570.000 0 0 0.000 0.000 0.000 0.152 0 1 0 0 0 0
 228 16410.000 144568.000 0 0 0.000 0.000 0.000 0.138 0 1 0 0 0 0
 229 6222.000 113633.000 0 0 0.000 0.000 0.000 0.123 0 1 0 0 0 0
 230 62766.000 188462.000 0 0 0.000 0.000 0.000 0.128 0 1 0 0 0 0
 231 23310.000 41811.000 0 0 0.000 0.000 0.000 0.153 0 1 0 0 0 0
 232 55105.000 185893.000 0 0 0.000 0.000 0.000 0.202 0 1 0 0 0 0;
ProcessEquipmentIDList 1
  "6448" ;
SummarySpec 5
  TESTNO    NDEFECT    DEFDENSITY    NDIE    NDEFDIE  ;
SummaryList 
  1    232    0.814    1    1  ;
EndOfFile;
