FileVersion 1 2;
FileTimestamp 01-03-26 23:25:14;
InspectionStationID "KLA-Tencor" "SFSSP1" "0901-0728-TBI";
SampleType WAFER;
ResultTimestamp 01-03-26 23:12:11;
LotID "2850";
SampleSize 1 200;
DeviceID "None";
SetupID "T2-2850A" 01-03-26 23:12:11;
StepID "6343";
SampleOrientationMarkType NOTCH;
OrientationMarkLocation DOWN;
DiePitch 200000 200000;
DieOrigin 0 0;
WaferID "22";
Slot 22;
SampleCenterLocation 100000 100000;
ClassLookup 1
  0 "0"  ;
OrientationInstructions "Front";
CoordinatesMirrored No;
InspectionTest 1;
SampleTestPlan 1
  0 0 ;
AreaPerTest 2.85005e+010;
ClusterClassificationList 1
  1 210 ;
DefectRecordSpec 15 DEFECTID XREL YREL XINDEX YINDEX XSIZE YSIZE DEFECTAREA DSIZE CLASSNUMBER TEST CLUSTERNUMBER ROUGHBINNUMBER FINEBINNUMBER REVIEWSAMPLE ;
DefectList
 1 119059.000 106902.000 0 0 0.000 0.000 0.000 0.140 0 1 0 0 0 0
 2 123289.000 124228.000 0 0 0.000 0.000 0.000 200000.000 0 1 0 200 0 0
 3 164120.000 100478.000 0 0 0.000 0.000 0.000 0.139 0 1 0 0 0 0
 4 98901.000 172274.000 0 0 0.000 0.000 0.000 0.126 0 1 0 0 0 0
 5 21386.000 79675.000 0 0 56.000 36.000 2016.000 44.899 0 1 1 210 0 0
 6 20263.000 83797.000 0 0 0.000 0.000 0.000 0.122 0 1 0 0 0 0
 7 20911.000 80159.000 0 0 54.000 36.000 1944.000 44.090 0 1 1 210 0 0
 8 20400.000 80693.000 0 0 54.000 34.000 1836.000 42.848 0 1 1 210 0 0
 9 20259.000 80825.000 0 0 54.000 34.000 1836.000 42.848 0 1 1 210 0 0
 10 19951.000 81149.000 0 0 54.000 34.000 1836.000 42.848 0 1 1 210 0 0
 11 78231.000 15598.000 0 0 0.000 0.000 0.000 0.127 0 1 0 0 0 0
 12 126404.000 184907.000 0 0 0.000 0.000 0.000 0.139 0 1 0 0 0 0
 13 189289.000 113166.000 0 0 0.000 0.000 0.000 0.159 0 1 0 0 0 0
 14 188646.000 116378.000 0 0 0.000 0.000 0.000 0.155 0 1 0 0 0 0
 15 190562.000 107224.000 0 0 0.000 0.000 0.000 0.185 0 1 0 0 0 0
 16 190918.000 105661.000 0 0 0.000 0.000 0.000 0.145 0 1 0 0 0 0
 17 11624.000 124463.000 0 0 0.000 0.000 0.000 0.129 0 1 0 0 0 0
 18 188315.000 126643.000 0 0 0.000 0.000 0.000 0.127 0 1 0 0 0 0
 19 156314.000 173904.000 0 0 0.000 0.000 0.000 0.134 0 1 0 0 0 0
 20 194238.000 92741.000 0 0 0.000 0.000 0.000 0.188 0 1 0 0 0 0
 21 72395.000 190485.000 0 0 0.000 0.000 0.000 0.167 0 1 0 0 0 0;
ProcessEquipmentIDList 1
  "6448" ;
SummarySpec 5
  TESTNO    NDEFECT    DEFDENSITY    NDIE    NDEFDIE  ;
SummaryList 
  1    21    0.07368    1    1  ;
EndOfFile;
