FileVersion 1 2;
FileTimestamp 01-03-26 19:24:36;
InspectionStationID "KLA-Tencor" "SFSSP1" "0901-0728-TBI";
SampleType WAFER;
ResultTimestamp 01-03-26 18:56:51;
LotID "2850";
SampleSize 1 200;
DeviceID "None";
SetupID "T2-2850A" 01-03-26 18:56:51;
StepID "6343";
SampleOrientationMarkType NOTCH;
OrientationMarkLocation DOWN;
DiePitch 200000 200000;
DieOrigin 0 0;
WaferID "18";
Slot 18;
SampleCenterLocation 100000 100000;
ClassLookup 1
  0 "0"  ;
OrientationInstructions "Front";
CoordinatesMirrored No;
InspectionTest 1;
SampleTestPlan 1
  0 0 ;
AreaPerTest 2.85008e+010;
ClusterClassificationList 9
  9 210 
  8 210 
  5 210 
  6 200 
  7 200 
  4 200 
  3 210 
  2 210 
  1 200 ;
DefectRecordSpec 15 DEFECTID XREL YREL XINDEX YINDEX XSIZE YSIZE DEFECTAREA DSIZE CLASSNUMBER TEST CLUSTERNUMBER ROUGHBINNUMBER FINEBINNUMBER REVIEWSAMPLE ;
DefectList
 1 103351.000 94567.000 0 0 0.000 0.000 0.000 0.145 0 1 0 0 0 0
 2 98318.000 91255.000 0 0 0.000 0.000 0.000 0.136 0 1 0 0 0 0
 3 91825.000 107633.000 0 0 0.000 0.000 0.000 0.125 0 1 0 0 0 0
 4 98093.000 111998.000 0 0 0.000 0.000 0.000 0.120 0 1 0 0 0 0
 5 99288.000 84652.000 0 0 0.000 0.000 0.000 0.201 0 1 0 0 0 0
 6 84348.000 103190.000 0 0 0.000 0.000 0.000 0.126 0 1 0 0 0 0
 7 107667.000 114009.000 0 0 0.000 0.000 0.000 0.125 0 1 0 0 0 0
 8 99507.000 116045.000 0 0 0.000 0.000 0.000 0.120 0 1 0 0 0 0
 9 106240.000 115215.000 0 0 0.000 0.000 0.000 0.129 0 1 0 0 0 0
 10 83237.000 97032.000 0 0 0.000 0.000 0.000 0.261 0 1 0 0 0 0
 11 85382.000 90476.000 0 0 0.000 0.000 0.000 0.208 0 1 0 0 0 0
 12 100864.000 118070.000 0 0 0.000 0.000 0.000 0.251 0 1 0 0 0 0
 13 93923.000 117630.000 0 0 0.000 0.000 0.000 0.156 0 1 0 0 0 0
 14 81333.000 101976.000 0 0 0.000 0.000 0.000 0.128 0 1 0 0 0 0
 15 77883.000 105906.000 0 0 0.000 0.000 0.000 0.200 0 1 0 0 0 0
 16 97032.000 75276.000 0 0 0.000 0.000 0.000 0.221 0 1 0 0 0 0
 17 78704.000 114744.000 0 0 0.000 0.000 0.000 0.124 0 1 0 0 0 0
 18 78738.000 84536.000 0 0 0.000 0.000 0.000 0.123 0 1 0 0 0 0
 19 123235.000 87604.000 0 0 0.000 0.000 0.000 0.134 0 1 0 0 0 0
 20 91028.000 74065.000 0 0 0.000 0.000 0.000 0.213 0 1 0 0 0 0
 21 80949.000 122673.000 0 0 0.000 0.000 0.000 0.125 0 1 0 0 0 0
 22 111365.000 127566.000 0 0 0.000 0.000 0.000 0.131 0 1 0 0 0 0
 23 72498.000 86329.000 0 0 0.000 0.000 0.000 0.219 0 1 0 0 0 0
 24 106314.000 130489.000 0 0 0.000 0.000 0.000 0.128 0 1 0 0 0 0
 25 96996.000 131474.000 0 0 0.000 0.000 0.000 0.132 0 1 0 0 0 0
 26 89457.000 70097.000 0 0 0.000 0.000 0.000 0.161 0 1 0 0 0 0
 27 131520.000 93635.000 0 0 0.000 0.000 0.000 0.122 0 1 0 0 0 0
 28 84769.000 129220.000 0 0 0.000 0.000 0.000 0.142 0 1 0 0 0 0
 29 72181.000 82115.000 0 0 0.000 0.000 0.000 0.141 0 1 0 0 0 0
 30 101220.000 133635.000 0 0 0.000 0.000 0.000 0.129 0 1 0 0 0 0
 31 126135.000 121278.000 0 0 0.000 0.000 0.000 0.128 0 1 0 0 0 0
 32 130321.000 84959.000 0 0 0.000 0.000 0.000 0.135 0 1 0 0 0 0
 33 88873.000 132813.000 0 0 0.000 0.000 0.000 0.120 0 1 0 0 0 0
 34 75606.000 75420.000 0 0 0.000 0.000 0.000 0.121 0 1 0 0 0 0
 35 132870.000 111806.000 0 0 0.000 0.000 0.000 0.129 0 1 0 0 0 0
 36 104335.000 136329.000 0 0 0.000 0.000 0.000 0.126 0 1 0 0 0 0
 37 83123.000 67838.000 0 0 0.000 0.000 0.000 0.247 0 1 0 0 0 0
 38 72072.000 74637.000 0 0 0.000 0.000 0.000 0.125 0 1 0 0 0 0
 39 103043.000 138150.000 0 0 0.000 0.000 0.000 0.128 0 1 0 0 0 0
 40 92683.000 62928.000 0 0 0.000 0.000 0.000 0.483 0 1 0 0 0 0
 41 132641.000 119925.000 0 0 0.000 0.000 0.000 0.129 0 1 0 0 0 0
 42 99412.000 138598.000 0 0 0.000 0.000 0.000 0.139 0 1 0 0 0 0
 43 102782.000 138753.000 0 0 0.000 0.000 0.000 0.133 0 1 0 0 0 0
 44 61185.000 98270.000 0 0 0.000 0.000 0.000 0.149 0 1 0 0 0 0
 45 104807.000 138657.000 0 0 0.000 0.000 0.000 0.147 0 1 0 0 0 0
 46 61166.000 96863.000 0 0 0.000 0.000 0.000 0.125 0 1 0 0 0 0
 47 118921.000 65708.000 0 0 0.000 0.000 0.000 0.224 0 1 0 0 0 0
 48 63592.000 83901.000 0 0 0.000 0.000 0.000 0.215 0 1 0 0 0 0
 49 86240.000 62784.000 0 0 0.000 0.000 0.000 0.224 0 1 0 0 0 0
 50 97930.000 60161.000 0 0 0.000 0.000 0.000 0.123 0 1 0 0 0 0
 51 120288.000 65575.000 0 0 0.000 0.000 0.000 0.259 0 1 0 0 0 0
 52 59200.000 96231.000 0 0 0.000 0.000 0.000 0.121 0 1 0 0 0 0
 53 124027.000 66488.000 0 0 0.000 0.000 0.000 0.129 0 1 0 0 0 0
 54 91542.000 59462.000 0 0 0.000 0.000 0.000 0.123 0 1 0 0 0 0
 55 111125.000 60036.000 0 0 0.000 0.000 0.000 0.134 0 1 0 0 0 0
 56 71108.000 69180.000 0 0 0.000 0.000 0.000 0.147 0 1 0 0 0 0
 57 107211.000 57946.000 0 0 0.000 0.000 0.000 0.129 0 1 0 0 0 0
 58 60702.000 80923.000 0 0 0.000 0.000 0.000 0.122 0 1 0 0 0 0
 59 91284.000 143350.000 0 0 0.000 0.000 0.000 0.133 0 1 0 0 0 0
 60 102044.000 56283.000 0 0 0.000 0.000 0.000 0.126 0 1 0 0 0 0
 61 134016.000 72588.000 0 0 0.000 0.000 0.000 0.150 0 1 0 0 0 0
 62 102989.000 144189.000 0 0 0.000 0.000 0.000 0.121 0 1 0 0 0 0
 63 58118.000 84825.000 0 0 0.000 0.000 0.000 0.120 0 1 0 0 0 0
 64 64779.000 127728.000 0 0 0.000 0.000 0.000 0.128 0 1 0 0 0 0
 65 100124.000 55353.000 0 0 0.000 0.000 0.000 0.203 0 1 0 0 0 0
 66 76186.000 61666.000 0 0 0.000 0.000 0.000 0.220 0 1 0 0 0 0
 67 93124.000 55021.000 0 0 0.000 0.000 0.000 0.146 0 1 0 0 0 0
 68 115285.000 56939.000 0 0 0.000 0.000 0.000 0.129 0 1 0 0 0 0
 69 57652.000 81995.000 0 0 0.000 0.000 0.000 0.128 0 1 0 0 0 0
 70 128293.000 136664.000 0 0 0.000 0.000 0.000 0.150 0 1 0 0 0 0
 71 53664.000 106847.000 0 0 0.000 0.000 0.000 0.131 0 1 0 0 0 0
 72 62234.000 72537.000 0 0 0.000 0.000 0.000 0.124 0 1 0 0 0 0
 73 52628.000 93876.000 0 0 0.000 0.000 0.000 0.151 0 1 0 0 0 0
 74 67836.000 64907.000 0 0 0.000 0.000 0.000 0.203 0 1 0 0 0 0
 75 82986.000 55580.000 0 0 0.000 0.000 0.000 0.275 0 1 0 0 0 0
 76 57009.000 78901.000 0 0 0.000 0.000 0.000 0.124 0 1 0 0 0 0
 77 66339.000 65936.000 0 0 0.000 0.000 0.000 0.227 0 1 0 0 0 0
 78 84051.000 55023.000 0 0 0.000 0.000 0.000 0.218 0 1 0 0 0 0
 79 148726.000 102326.000 0 0 0.000 0.000 0.000 0.121 0 1 0 0 0 0
 80 64515.000 66327.000 0 0 0.000 0.000 0.000 0.128 0 1 0 0 0 0
 81 87466.000 147610.000 0 0 0.000 0.000 0.000 0.121 0 1 0 0 0 0
 82 145067.000 120189.000 0 0 0.000 0.000 0.000 0.131 0 1 0 0 0 0
 83 66442.000 63762.000 0 0 0.000 0.000 0.000 0.138 0 1 0 0 0 0
 84 57917.000 126650.000 0 0 0.000 0.000 0.000 0.158 0 1 0 0 0 0
 85 52181.000 86577.000 0 0 0.000 0.000 0.000 0.136 0 1 0 0 0 0
 86 108065.000 51211.000 0 0 0.000 0.000 0.000 0.244 0 1 0 0 0 0
 87 111567.000 51694.000 0 0 0.000 0.000 0.000 0.126 0 1 0 0 0 0
 88 122390.000 144909.000 0 0 0.000 0.000 0.000 0.124 0 1 0 0 0 0
 89 51797.000 114338.000 0 0 0.000 0.000 0.000 0.200 0 1 0 0 0 0
 90 118399.000 53540.000 0 0 0.000 0.000 0.000 0.132 0 1 0 0 0 0
 91 129858.000 140699.000 0 0 0.000 0.000 0.000 0.125 0 1 0 0 0 0
 92 61975.000 65963.000 0 0 0.000 0.000 0.000 0.131 0 1 0 0 0 0
 93 92100.000 49577.000 0 0 0.000 0.000 0.000 0.130 0 1 0 0 0 0
 94 50809.000 85196.000 0 0 0.000 0.000 0.000 0.268 0 1 0 0 0 0
 95 61323.000 65950.000 0 0 0.000 0.000 0.000 0.200 0 1 0 0 0 0
 96 151238.000 107335.000 0 0 0.000 0.000 0.000 0.137 0 1 0 0 0 0
 97 149555.000 84613.000 0 0 0.000 0.000 0.000 0.135 0 1 0 0 0 0
 98 47452.000 99272.000 0 0 0.000 0.000 0.000 0.235 0 1 0 0 0 0
 99 62645.000 63257.000 0 0 0.000 0.000 0.000 0.200 0 1 0 0 0 0
 100 54264.000 73505.000 0 0 0.000 0.000 0.000 0.254 0 1 0 0 0 0
 101 76377.000 147683.000 0 0 0.000 0.000 0.000 0.120 0 1 0 0 0 0
 102 62354.000 63006.000 0 0 0.000 0.000 0.000 0.201 0 1 0 0 0 0
 103 75831.000 52904.000 0 0 0.000 0.000 0.000 0.149 0 1 0 0 0 0
 104 84924.000 49126.000 0 0 0.000 0.000 0.000 0.268 0 1 0 0 0 0
 105 85623.000 48061.000 0 0 0.000 0.000 0.000 0.121 0 1 0 0 0 0
 106 84336.000 48270.000 0 0 38.000 54.000 2052.000 45.299 0 1 9 210 0 0
 107 116581.000 48498.000 0 0 0.000 0.000 0.000 0.200 0 1 0 0 0 0
 108 144609.000 68873.000 0 0 0.000 0.000 0.000 0.136 0 1 0 0 0 0
 109 142779.000 133918.000 0 0 0.000 0.000 0.000 0.123 0 1 0 0 0 0
 110 153658.000 89334.000 0 0 0.000 0.000 0.000 0.125 0 1 0 0 0 0
 111 83935.000 47956.000 0 0 38.000 54.000 2052.000 45.299 0 1 9 210 0 0
 112 83740.000 47696.000 0 0 38.000 54.000 2052.000 45.299 0 1 9 210 0 0
 113 52994.000 71363.000 0 0 0.000 0.000 0.000 0.123 0 1 0 0 0 0
 114 74949.000 51081.000 0 0 0.000 0.000 0.000 0.154 0 1 0 0 0 0
 115 55532.000 67149.000 0 0 0.000 0.000 0.000 0.142 0 1 0 0 0 0
 116 83540.000 47430.000 0 0 38.000 54.000 2052.000 45.299 0 1 9 210 0 0
 117 88498.000 46003.000 0 0 34.000 54.000 1836.000 42.848 0 1 8 210 0 0
 118 88652.000 45880.000 0 0 34.000 54.000 1836.000 42.848 0 1 8 210 0 0
 119 118892.000 48146.000 0 0 0.000 0.000 0.000 0.120 0 1 0 0 0 0
 120 88390.000 45933.000 0 0 34.000 54.000 1836.000 42.848 0 1 8 210 0 0
 121 44548.000 106861.000 0 0 0.000 0.000 0.000 0.152 0 1 0 0 0 0
 122 66020.000 56034.000 0 0 0.000 0.000 0.000 0.202 0 1 0 0 0 0
 123 54285.000 68258.000 0 0 0.000 0.000 0.000 0.127 0 1 0 0 0 0
 124 83344.000 47113.000 0 0 38.000 54.000 2052.000 45.299 0 1 9 210 0 0
 125 87712.000 45946.000 0 0 34.000 54.000 1836.000 42.848 0 1 8 210 0 0
 126 90930.000 45303.000 0 0 0.000 0.000 0.000 0.237 0 1 0 0 0 0
 127 89232.000 45576.000 0 0 32.000 54.000 1728.000 41.569 0 1 8 210 0 0
 128 47967.000 79453.000 0 0 0.000 0.000 0.000 0.130 0 1 0 0 0 0
 129 86869.000 45908.000 0 0 34.000 54.000 1836.000 42.848 0 1 8 210 0 0
 130 119197.000 153051.000 0 0 0.000 0.000 0.000 0.135 0 1 0 0 0 0
 131 46820.000 118680.000 0 0 0.000 0.000 0.000 0.136 0 1 0 0 0 0
 132 92163.000 44558.000 0 0 0.000 0.000 0.000 0.241 0 1 0 0 0 0
 133 48291.000 76674.000 0 0 0.000 0.000 0.000 0.122 0 1 0 0 0 0
 134 80664.000 47020.000 0 0 0.000 0.000 0.000 0.222 0 1 0 0 0 0
 135 107705.000 43998.000 0 0 0.000 0.000 0.000 0.126 0 1 0 0 0 0
 136 42966.000 99375.000 0 0 0.000 0.000 0.000 0.146 0 1 0 0 0 0
 137 56386.000 63392.000 0 0 0.000 0.000 0.000 0.135 0 1 0 0 0 0
 138 92671.000 43818.000 0 0 0.000 0.000 0.000 0.215 0 1 0 0 0 0
 139 55141.000 135572.000 0 0 0.000 0.000 0.000 0.125 0 1 0 0 0 0
 140 46186.000 81226.000 0 0 0.000 0.000 0.000 0.151 0 1 0 0 0 0
 141 69257.000 51880.000 0 0 0.000 0.000 0.000 0.200 0 1 0 0 0 0
 142 83059.000 45563.000 0 0 38.000 54.000 2052.000 45.299 0 1 5 210 0 0
 143 85619.000 44788.000 0 0 36.000 56.000 2016.000 44.899 0 1 6 200 0 0
 144 83033.000 45190.000 0 0 38.000 54.000 2052.000 45.299 0 1 5 210 0 0
 145 148266.000 131669.000 0 0 0.000 0.000 0.000 0.122 0 1 0 0 0 0
 146 83074.000 45010.000 0 0 38.000 54.000 2052.000 45.299 0 1 5 210 0 0
 147 85445.000 44298.000 0 0 36.000 56.000 2016.000 44.899 0 1 6 200 0 0
 148 83109.000 44925.000 0 0 38.000 54.000 2052.000 45.299 0 1 5 210 0 0
 149 56093.000 62420.000 0 0 0.000 0.000 0.000 0.202 0 1 0 0 0 0
 150 59717.000 58551.000 0 0 0.000 0.000 0.000 0.201 0 1 0 0 0 0
 151 83235.000 44632.000 0 0 38.000 54.000 2052.000 45.299 0 1 5 210 0 0
 152 41799.000 104581.000 0 0 0.000 0.000 0.000 0.270 0 1 0 0 0 0
 153 58901.000 58810.000 0 0 0.000 0.000 0.000 0.144 0 1 0 0 0 0
 154 83316.000 44446.000 0 0 38.000 54.000 2052.000 45.299 0 1 5 210 0 0
 155 83400.000 44375.000 0 0 38.000 54.000 2052.000 45.299 0 1 5 210 0 0
 156 85081.000 43983.000 0 0 36.000 56.000 2016.000 44.899 0 1 6 200 0 0
 157 100888.000 41887.000 0 0 0.000 0.000 0.000 0.127 0 1 0 0 0 0
 158 83791.000 44005.000 0 0 36.000 56.000 2016.000 44.899 0 1 5 210 0 0
 159 85051.000 43815.000 0 0 36.000 56.000 2016.000 44.899 0 1 6 200 0 0
 160 85152.000 43613.000 0 0 36.000 56.000 2016.000 44.899 0 1 6 200 0 0
 161 85208.000 43383.000 0 0 36.000 56.000 2016.000 44.899 0 1 6 200 0 0
 162 142383.000 59925.000 0 0 0.000 0.000 0.000 0.121 0 1 0 0 0 0
 163 48193.000 72218.000 0 0 0.000 0.000 0.000 0.120 0 1 0 0 0 0
 164 102157.000 41506.000 0 0 0.000 0.000 0.000 0.205 0 1 0 0 0 0
 165 63328.000 54048.000 0 0 0.000 0.000 0.000 0.139 0 1 0 0 0 0
 166 83949.000 43510.000 0 0 36.000 56.000 2016.000 44.899 0 1 5 210 0 0
 167 83968.000 43430.000 0 0 36.000 56.000 2016.000 44.899 0 1 5 210 0 0
 168 84040.000 43435.000 0 0 36.000 56.000 2016.000 44.899 0 1 5 210 0 0
 169 127550.000 152528.000 0 0 0.000 0.000 0.000 0.211 0 1 0 0 0 0
 170 151478.000 70466.000 0 0 0.000 0.000 0.000 0.144 0 1 0 0 0 0
 171 86341.000 158303.000 0 0 0.000 0.000 0.000 0.133 0 1 0 0 0 0
 172 84247.000 42887.000 0 0 36.000 56.000 2016.000 44.899 0 1 5 210 0 0
 173 76890.000 45108.000 0 0 0.000 0.000 0.000 0.132 0 1 0 0 0 0
 174 84294.000 42697.000 0 0 36.000 56.000 2016.000 44.899 0 1 5 210 0 0
 175 84287.000 42761.000 0 0 36.000 56.000 2016.000 44.899 0 1 5 210 0 0
 176 91471.000 41124.000 0 0 0.000 0.000 0.000 0.252 0 1 0 0 0 0
 177 145287.000 61547.000 0 0 0.000 0.000 0.000 0.255 0 1 0 0 0 0
 178 84399.000 42509.000 0 0 36.000 56.000 2016.000 44.899 0 1 5 210 0 0
 179 91181.000 41049.000 0 0 0.000 0.000 0.000 0.252 0 1 0 0 0 0
 180 39949.000 103494.000 0 0 0.000 0.000 0.000 0.128 0 1 0 0 0 0
 181 52902.000 62940.000 0 0 0.000 0.000 0.000 0.223 0 1 0 0 0 0
 182 91023.000 40975.000 0 0 0.000 0.000 0.000 0.254 0 1 0 0 0 0
 183 121859.000 44357.000 0 0 42.000 56.000 2352.000 48.497 0 1 7 200 0 0
 184 79051.000 156555.000 0 0 0.000 0.000 0.000 0.128 0 1 0 0 0 0
 185 84193.000 43056.000 0 0 36.000 56.000 2016.000 44.899 0 1 5 210 0 0
 186 83421.000 42400.000 0 0 0.000 0.000 0.000 0.237 0 1 0 0 0 0
 187 92187.000 40438.000 0 0 30.000 52.000 1560.000 39.496 0 1 4 200 0 0
 188 102407.000 40125.000 0 0 0.000 0.000 0.000 0.222 0 1 0 0 0 0
 189 121580.000 44150.000 0 0 42.000 56.000 2352.000 48.497 0 1 7 200 0 0
 190 141590.000 56617.000 0 0 0.000 0.000 0.000 0.122 0 1 0 0 0 0
 191 92030.000 40124.000 0 0 30.000 52.000 1560.000 39.496 0 1 4 200 0 0
 192 121726.000 43725.000 0 0 42.000 56.000 2352.000 48.497 0 1 7 200 0 0
 193 90412.000 40116.000 0 0 30.000 52.000 1560.000 39.496 0 1 4 200 0 0
 194 91802.000 39934.000 0 0 30.000 52.000 1560.000 39.496 0 1 4 200 0 0
 195 91880.000 39981.000 0 0 30.000 52.000 1560.000 39.496 0 1 4 200 0 0
 196 121825.000 43575.000 0 0 42.000 56.000 2352.000 48.497 0 1 7 200 0 0
 197 121982.000 43484.000 0 0 42.000 56.000 2352.000 48.497 0 1 7 200 0 0
 198 122087.000 43520.000 0 0 42.000 56.000 2352.000 48.497 0 1 7 200 0 0
 199 122244.000 43592.000 0 0 42.000 56.000 2352.000 48.497 0 1 7 200 0 0
 200 152085.000 68959.000 0 0 0.000 0.000 0.000 0.122 0 1 0 0 0 0
 201 122404.000 43758.000 0 0 42.000 56.000 2352.000 48.497 0 1 7 200 0 0
 202 124657.000 155805.000 0 0 0.000 0.000 0.000 0.138 0 1 0 0 0 0
 203 122486.000 43865.000 0 0 42.000 56.000 2352.000 48.497 0 1 7 200 0 0
 204 122537.000 43886.000 0 0 42.000 56.000 2352.000 48.497 0 1 7 200 0 0
 205 91226.000 39899.000 0 0 30.000 52.000 1560.000 39.496 0 1 4 200 0 0
 206 90549.000 39862.000 0 0 30.000 52.000 1560.000 39.496 0 1 4 200 0 0
 207 122437.000 44298.000 0 0 42.000 56.000 2352.000 48.497 0 1 7 200 0 0
 208 38694.000 103453.000 0 0 0.000 0.000 0.000 0.140 0 1 0 0 0 0
 209 56694.000 56396.000 0 0 0.000 0.000 0.000 0.214 0 1 0 0 0 0
 210 92417.000 161446.000 0 0 0.000 0.000 0.000 0.140 0 1 0 0 0 0
 211 58397.000 54775.000 0 0 0.000 0.000 0.000 0.211 0 1 0 0 0 0
 212 104784.000 161892.000 0 0 0.000 0.000 0.000 0.137 0 1 0 0 0 0
 213 66119.000 151997.000 0 0 0.000 0.000 0.000 0.133 0 1 0 0 0 0
 214 46141.000 69308.000 0 0 0.000 0.000 0.000 0.131 0 1 0 0 0 0
 215 72301.000 156190.000 0 0 0.000 0.000 0.000 0.122 0 1 0 0 0 0
 216 61628.000 51253.000 0 0 0.000 0.000 0.000 0.200 0 1 0 0 0 0
 217 58807.000 147129.000 0 0 0.000 0.000 0.000 0.137 0 1 0 0 0 0
 218 146163.000 142195.000 0 0 0.000 0.000 0.000 0.127 0 1 0 0 0 0
 219 63152.000 49874.000 0 0 0.000 0.000 0.000 0.207 0 1 0 0 0 0
 220 102020.000 37573.000 0 0 0.000 0.000 0.000 0.124 0 1 0 0 0 0
 221 149042.000 139461.000 0 0 0.000 0.000 0.000 0.142 0 1 0 0 0 0
 222 63079.000 48739.000 0 0 0.000 0.000 0.000 0.129 0 1 0 0 0 0
 223 156854.000 72607.000 0 0 0.000 0.000 0.000 0.128 0 1 0 0 0 0
 224 65509.000 46467.000 0 0 0.000 0.000 0.000 0.130 0 1 0 0 0 0
 225 163361.000 93144.000 0 0 0.000 0.000 0.000 0.132 0 1 0 0 0 0
 226 120146.000 39404.000 0 0 0.000 0.000 0.000 0.263 0 1 0 0 0 0
 227 82151.000 161897.000 0 0 0.000 0.000 0.000 0.129 0 1 0 0 0 0
 228 52168.000 56856.000 0 0 0.000 0.000 0.000 0.130 0 1 0 0 0 0
 229 137804.000 48229.000 0 0 0.000 0.000 0.000 0.281 0 1 0 0 0 0
 230 154689.000 65939.000 0 0 0.000 0.000 0.000 0.130 0 1 0 0 0 0
 231 164478.000 103463.000 0 0 0.000 0.000 0.000 0.129 0 1 0 0 0 0
 232 35279.000 106721.000 0 0 0.000 0.000 0.000 0.127 0 1 0 0 0 0
 233 55939.000 52626.000 0 0 0.000 0.000 0.000 0.259 0 1 0 0 0 0
 234 76945.000 161124.000 0 0 0.000 0.000 0.000 0.139 0 1 0 0 0 0
 235 65004.000 45340.000 0 0 0.000 0.000 0.000 0.130 0 1 0 0 0 0
 236 41288.000 128942.000 0 0 0.000 0.000 0.000 0.126 0 1 0 0 0 0
 237 36980.000 82930.000 0 0 0.000 0.000 0.000 0.212 0 1 0 0 0 0
 238 48115.000 60603.000 0 0 0.000 0.000 0.000 0.125 0 1 0 0 0 0
 239 73483.000 40556.000 0 0 0.000 0.000 0.000 0.370 0 1 0 0 0 0
 240 130494.000 157933.000 0 0 0.000 0.000 0.000 0.130 0 1 0 0 0 0
 241 81068.000 37604.000 0 0 0.000 0.000 0.000 0.258 0 1 0 0 0 0
 242 161779.000 79026.000 0 0 0.000 0.000 0.000 0.133 0 1 0 0 0 0
 243 121474.000 38409.000 0 0 40.000 54.000 2160.000 46.475 0 1 3 210 0 0
 244 55187.000 52284.000 0 0 0.000 0.000 0.000 0.201 0 1 0 0 0 0
 245 67110.000 43458.000 0 0 0.000 0.000 0.000 0.201 0 1 0 0 0 0
 246 95878.000 34539.000 0 0 0.000 0.000 0.000 0.128 0 1 0 0 0 0
 247 121623.000 38322.000 0 0 40.000 54.000 2160.000 46.475 0 1 3 210 0 0
 248 121803.000 38180.000 0 0 40.000 54.000 2160.000 46.475 0 1 3 210 0 0
 249 152905.000 139214.000 0 0 0.000 0.000 0.000 0.149 0 1 0 0 0 0
 250 34415.000 93348.000 0 0 0.000 0.000 0.000 0.120 0 1 0 0 0 0
 251 54463.000 52448.000 0 0 0.000 0.000 0.000 0.135 0 1 0 0 0 0
 252 113908.000 164741.000 0 0 0.000 0.000 0.000 0.125 0 1 0 0 0 0
 253 41765.000 68742.000 0 0 0.000 0.000 0.000 0.201 0 1 0 0 0 0
 254 42537.000 133379.000 0 0 0.000 0.000 0.000 0.120 0 1 0 0 0 0
 255 54997.000 51741.000 0 0 0.000 0.000 0.000 0.200 0 1 0 0 0 0
 256 121953.000 37850.000 0 0 40.000 54.000 2160.000 46.475 0 1 3 210 0 0
 257 112698.000 35088.000 0 0 32.000 54.000 1728.000 41.569 0 1 2 210 0 0
 258 112219.000 34932.000 0 0 32.000 54.000 1728.000 41.569 0 1 2 210 0 0
 259 140777.000 47814.000 0 0 0.000 0.000 0.000 0.136 0 1 0 0 0 0
 260 112571.000 35009.000 0 0 32.000 54.000 1728.000 41.569 0 1 2 210 0 0
 261 165371.000 88351.000 0 0 0.000 0.000 0.000 0.128 0 1 0 0 0 0
 262 122116.000 37707.000 0 0 40.000 56.000 2240.000 47.328 0 1 3 210 0 0
 263 111870.000 34787.000 0 0 32.000 54.000 1728.000 41.569 0 1 2 210 0 0
 264 47397.000 59298.000 0 0 0.000 0.000 0.000 0.200 0 1 0 0 0 0
 265 112125.000 34829.000 0 0 32.000 54.000 1728.000 41.569 0 1 2 210 0 0
 266 119552.000 36484.000 0 0 0.000 0.000 0.000 0.240 0 1 0 0 0 0
 267 163213.000 79258.000 0 0 0.000 0.000 0.000 0.123 0 1 0 0 0 0
 268 35919.000 119255.000 0 0 0.000 0.000 0.000 0.134 0 1 0 0 0 0
 269 157226.000 65827.000 0 0 0.000 0.000 0.000 0.141 0 1 0 0 0 0
 270 33988.000 89083.000 0 0 0.000 0.000 0.000 0.156 0 1 0 0 0 0
 271 111480.000 34522.000 0 0 32.000 54.000 1728.000 41.569 0 1 2 210 0 0
 272 111231.000 34307.000 0 0 32.000 54.000 1728.000 41.569 0 1 2 210 0 0
 273 45299.000 61255.000 0 0 0.000 0.000 0.000 0.200 0 1 0 0 0 0
 274 111084.000 34160.000 0 0 32.000 52.000 1664.000 40.792 0 1 2 210 0 0
 275 110973.000 33966.000 0 0 32.000 52.000 1664.000 40.792 0 1 2 210 0 0
 276 122470.000 37057.000 0 0 40.000 56.000 2240.000 47.328 0 1 3 210 0 0
 277 160083.000 130126.000 0 0 0.000 0.000 0.000 0.127 0 1 0 0 0 0
 278 167311.000 95448.000 0 0 0.000 0.000 0.000 0.130 0 1 0 0 0 0
 279 57174.000 48079.000 0 0 0.000 0.000 0.000 0.205 0 1 0 0 0 0
 280 110815.000 33598.000 0 0 32.000 52.000 1664.000 40.792 0 1 2 210 0 0
 281 110908.000 33787.000 0 0 32.000 52.000 1664.000 40.792 0 1 2 210 0 0
 282 120877.000 36125.000 0 0 0.000 0.000 0.000 0.234 0 1 0 0 0 0
 283 32303.000 103472.000 0 0 0.000 0.000 0.000 0.129 0 1 0 0 0 0
 284 122552.000 36664.000 0 0 40.000 56.000 2240.000 47.328 0 1 3 210 0 0
 285 86630.000 166610.000 0 0 0.000 0.000 0.000 0.125 0 1 0 0 0 0
 286 136259.000 157644.000 0 0 0.000 0.000 0.000 0.121 0 1 0 0 0 0
 287 82670.000 166165.000 0 0 0.000 0.000 0.000 0.135 0 1 0 0 0 0
 288 37392.000 73187.000 0 0 0.000 0.000 0.000 0.211 0 1 0 0 0 0
 289 153089.000 142878.000 0 0 0.000 0.000 0.000 0.137 0 1 0 0 0 0
 290 135760.000 158298.000 0 0 0.000 0.000 0.000 0.128 0 1 0 0 0 0
 291 122803.000 35942.000 0 0 40.000 56.000 2240.000 47.328 0 1 3 210 0 0
 292 92838.000 32094.000 0 0 0.000 0.000 0.000 0.150 0 1 0 0 0 0
 293 32762.000 85566.000 0 0 0.000 0.000 0.000 0.132 0 1 0 0 0 0
 294 41798.000 63511.000 0 0 0.000 0.000 0.000 0.124 0 1 0 0 0 0
 295 114267.000 33103.000 0 0 0.000 0.000 0.000 0.262 0 1 0 0 0 0
 296 167884.000 109911.000 0 0 0.000 0.000 0.000 0.123 0 1 0 0 0 0
 297 31368.000 92884.000 0 0 0.000 0.000 0.000 0.127 0 1 0 0 0 0
 298 53942.000 49068.000 0 0 0.000 0.000 0.000 0.207 0 1 0 0 0 0
 299 144962.000 152386.000 0 0 0.000 0.000 0.000 0.139 0 1 0 0 0 0
 300 134278.000 159927.000 0 0 0.000 0.000 0.000 0.146 0 1 0 0 0 0
 301 115993.000 167283.000 0 0 0.000 0.000 0.000 0.139 0 1 0 0 0 0
 302 127695.000 163548.000 0 0 0.000 0.000 0.000 0.121 0 1 0 0 0 0
 303 60933.000 43146.000 0 0 0.000 0.000 0.000 0.200 0 1 0 0 0 0
 304 75658.000 35353.000 0 0 0.000 0.000 0.000 0.233 0 1 0 0 0 0
 305 117803.000 33222.000 0 0 0.000 0.000 0.000 0.120 0 1 0 0 0 0
 306 159439.000 135897.000 0 0 0.000 0.000 0.000 0.126 0 1 0 0 0 0
 307 59204.000 43885.000 0 0 0.000 0.000 0.000 0.203 0 1 0 0 0 0
 308 69862.000 37579.000 0 0 0.000 0.000 0.000 0.202 0 1 0 0 0 0
 309 84311.000 32425.000 0 0 0.000 0.000 0.000 0.247 0 1 0 0 0 0
 310 169516.000 97227.000 0 0 0.000 0.000 0.000 0.135 0 1 0 0 0 0
 311 118574.000 32971.000 0 0 0.000 0.000 0.000 0.131 0 1 0 0 0 0
 312 121804.000 33836.000 0 0 0.000 0.000 0.000 0.204 0 1 0 0 0 0
 313 121778.000 33708.000 0 0 0.000 0.000 0.000 0.200 0 1 0 0 0 0
 314 139733.000 157939.000 0 0 0.000 0.000 0.000 0.153 0 1 0 0 0 0
 315 106711.000 170047.000 0 0 0.000 0.000 0.000 0.148 0 1 0 0 0 0
 316 44628.000 143286.000 0 0 0.000 0.000 0.000 0.120 0 1 0 0 0 0
 317 88505.000 169525.000 0 0 0.000 0.000 0.000 0.142 0 1 0 0 0 0
 318 34573.000 126890.000 0 0 0.000 0.000 0.000 0.121 0 1 0 0 0 0
 319 121941.000 33462.000 0 0 0.000 0.000 0.000 0.245 0 1 0 0 0 0
 320 62271.000 40611.000 0 0 0.000 0.000 0.000 0.222 0 1 0 0 0 0
 321 66133.000 38243.000 0 0 0.000 0.000 0.000 0.129 0 1 0 0 0 0
 322 67965.000 37419.000 0 0 0.000 0.000 0.000 0.120 0 1 0 0 0 0
 323 36680.000 68417.000 0 0 0.000 0.000 0.000 0.127 0 1 0 0 0 0
 324 110600.000 31182.000 0 0 0.000 0.000 0.000 0.330 0 1 0 0 0 0
 325 78349.000 32842.000 0 0 0.000 0.000 0.000 0.122 0 1 0 0 0 0
 326 153479.000 146610.000 0 0 0.000 0.000 0.000 0.123 0 1 0 0 0 0
 327 57520.000 43490.000 0 0 0.000 0.000 0.000 0.201 0 1 0 0 0 0
 328 99031.000 29249.000 0 0 0.000 0.000 0.000 0.246 0 1 0 0 0 0
 329 163680.000 68892.000 0 0 0.000 0.000 0.000 0.145 0 1 0 0 0 0
 330 53803.000 154331.000 0 0 0.000 0.000 0.000 0.153 0 1 0 0 0 0
 331 28922.000 94267.000 0 0 0.000 0.000 0.000 0.129 0 1 0 0 0 0
 332 39511.000 62215.000 0 0 0.000 0.000 0.000 0.147 0 1 0 0 0 0
 333 83792.000 30764.000 0 0 0.000 0.000 0.000 0.200 0 1 0 0 0 0
 334 96025.000 171534.000 0 0 0.000 0.000 0.000 0.124 0 1 0 0 0 0
 335 100962.000 28690.000 0 0 0.000 0.000 0.000 0.221 0 1 0 0 0 0
 336 109548.000 29205.000 0 0 0.000 0.000 0.000 0.431 0 1 0 0 0 0
 337 39212.000 61836.000 0 0 0.000 0.000 0.000 0.215 0 1 0 0 0 0
 338 29967.000 116547.000 0 0 0.000 0.000 0.000 0.207 0 1 0 0 0 0
 339 141972.000 41771.000 0 0 0.000 0.000 0.000 0.140 0 1 0 0 0 0
 340 45991.000 52518.000 0 0 0.000 0.000 0.000 0.202 0 1 0 0 0 0
 341 67487.000 35683.000 0 0 0.000 0.000 0.000 0.138 0 1 0 0 0 0
 342 117966.000 30227.000 0 0 0.000 0.000 0.000 0.138 0 1 0 0 0 0
 343 152901.000 51149.000 0 0 0.000 0.000 0.000 0.129 0 1 0 0 0 0
 344 46817.000 51102.000 0 0 0.000 0.000 0.000 0.201 0 1 0 0 0 0
 345 85319.000 29291.000 0 0 34.000 54.000 1836.000 42.848 0 1 1 200 0 0
 346 39671.000 59812.000 0 0 0.000 0.000 0.000 0.154 0 1 0 0 0 0
 347 51724.000 45953.000 0 0 0.000 0.000 0.000 0.203 0 1 0 0 0 0
 348 140365.000 39891.000 0 0 0.000 0.000 0.000 0.136 0 1 0 0 0 0
 349 33577.000 70298.000 0 0 0.000 0.000 0.000 0.130 0 1 0 0 0 0
 350 84506.000 29011.000 0 0 34.000 54.000 1836.000 42.848 0 1 1 200 0 0
 351 84843.000 28867.000 0 0 34.000 54.000 1836.000 42.848 0 1 1 200 0 0
 352 85014.000 28810.000 0 0 34.000 54.000 1836.000 42.848 0 1 1 200 0 0
 353 85084.000 28773.000 0 0 34.000 54.000 1836.000 42.848 0 1 1 200 0 0
 354 85203.000 28885.000 0 0 34.000 54.000 1836.000 42.848 0 1 1 200 0 0
 355 152628.000 49917.000 0 0 0.000 0.000 0.000 0.120 0 1 0 0 0 0
 356 163049.000 63648.000 0 0 0.000 0.000 0.000 0.146 0 1 0 0 0 0
 357 41304.000 56543.000 0 0 0.000 0.000 0.000 0.132 0 1 0 0 0 0
 358 154863.000 52032.000 0 0 0.000 0.000 0.000 0.120 0 1 0 0 0 0
 359 26638.000 102319.000 0 0 0.000 0.000 0.000 0.126 0 1 0 0 0 0
 360 77066.000 30457.000 0 0 0.000 0.000 0.000 0.289 0 1 0 0 0 0
 361 173284.000 104038.000 0 0 0.000 0.000 0.000 0.137 0 1 0 0 0 0
 362 117062.000 28887.000 0 0 0.000 0.000 0.000 0.212 0 1 0 0 0 0
 363 84350.000 29168.000 0 0 34.000 54.000 1836.000 42.848 0 1 1 200 0 0
 364 71550.000 32370.000 0 0 0.000 0.000 0.000 0.253 0 1 0 0 0 0
 365 122591.000 30304.000 0 0 0.000 0.000 0.000 0.153 0 1 0 0 0 0
 366 28490.000 118919.000 0 0 0.000 0.000 0.000 0.174 0 1 0 0 0 0
 367 120437.000 29257.000 0 0 0.000 0.000 0.000 0.263 0 1 0 0 0 0
 368 120501.000 29214.000 0 0 0.000 0.000 0.000 0.304 0 1 0 0 0 0
 369 75226.000 170275.000 0 0 0.000 0.000 0.000 0.124 0 1 0 0 0 0
 370 26160.000 90818.000 0 0 0.000 0.000 0.000 0.125 0 1 0 0 0 0
 371 41048.000 54999.000 0 0 0.000 0.000 0.000 0.121 0 1 0 0 0 0
 372 115661.000 27599.000 0 0 0.000 0.000 0.000 0.137 0 1 0 0 0 0
 373 53031.000 42304.000 0 0 0.000 0.000 0.000 0.134 0 1 0 0 0 0
 374 121174.000 28993.000 0 0 0.000 0.000 0.000 0.282 0 1 0 0 0 0
 375 64838.000 34406.000 0 0 0.000 0.000 0.000 0.125 0 1 0 0 0 0
 376 140984.000 37830.000 0 0 0.000 0.000 0.000 0.129 0 1 0 0 0 0
 377 161514.000 58238.000 0 0 0.000 0.000 0.000 0.136 0 1 0 0 0 0
 378 27159.000 82764.000 0 0 0.000 0.000 0.000 0.141 0 1 0 0 0 0
 379 172701.000 82216.000 0 0 0.000 0.000 0.000 0.121 0 1 0 0 0 0
 380 41399.000 53471.000 0 0 0.000 0.000 0.000 0.264 0 1 0 0 0 0
 381 155143.000 150916.000 0 0 0.000 0.000 0.000 0.120 0 1 0 0 0 0
 382 76122.000 28960.000 0 0 0.000 0.000 0.000 0.135 0 1 0 0 0 0
 383 119704.000 27596.000 0 0 0.000 0.000 0.000 0.219 0 1 0 0 0 0
 384 173545.000 83384.000 0 0 0.000 0.000 0.000 0.141 0 1 0 0 0 0
 385 120051.000 27523.000 0 0 0.000 0.000 0.000 0.226 0 1 0 0 0 0
 386 173705.000 84380.000 0 0 0.000 0.000 0.000 0.130 0 1 0 0 0 0
 387 120173.000 27512.000 0 0 0.000 0.000 0.000 0.224 0 1 0 0 0 0
 388 101690.000 175803.000 0 0 0.000 0.000 0.000 0.120 0 1 0 0 0 0
 389 59605.000 164401.000 0 0 0.000 0.000 0.000 0.154 0 1 0 0 0 0
 390 24864.000 111447.000 0 0 0.000 0.000 0.000 0.132 0 1 0 0 0 0
 391 40312.000 53457.000 0 0 0.000 0.000 0.000 0.222 0 1 0 0 0 0
 392 68245.000 30961.000 0 0 0.000 0.000 0.000 0.163 0 1 0 0 0 0
 393 68607.000 30582.000 0 0 0.000 0.000 0.000 0.123 0 1 0 0 0 0
 394 121144.000 26972.000 0 0 0.000 0.000 0.000 200000.000 0 1 0 200 0 0
 395 121136.000 26262.000 0 0 0.000 0.000 0.000 200000.000 0 1 0 200 0 0
 396 163385.000 56780.000 0 0 0.000 0.000 0.000 0.161 0 1 0 0 0 0
 397 78518.000 25972.000 0 0 0.000 0.000 0.000 0.128 0 1 0 0 0 0
 398 23731.000 88453.000 0 0 0.000 0.000 0.000 0.311 0 1 0 0 0 0
 399 37343.000 54312.000 0 0 0.000 0.000 0.000 0.146 0 1 0 0 0 0
 400 27107.000 71926.000 0 0 0.000 0.000 0.000 0.217 0 1 0 0 0 0
 401 64351.000 30672.000 0 0 0.000 0.000 0.000 0.373 0 1 0 0 0 0
 402 91670.000 178115.000 0 0 0.000 0.000 0.000 0.154 0 1 0 0 0 0
 403 54369.000 36314.000 0 0 0.000 0.000 0.000 0.143 0 1 0 0 0 0
 404 165163.000 56495.000 0 0 0.000 0.000 0.000 0.131 0 1 0 0 0 0
 405 178240.000 106340.000 0 0 0.000 0.000 0.000 0.141 0 1 0 0 0 0
 406 53567.000 163832.000 0 0 0.000 0.000 0.000 0.167 0 1 0 0 0 0
 407 21206.000 98349.000 0 0 0.000 0.000 0.000 0.139 0 1 0 0 0 0
 408 92121.000 21896.000 0 0 0.000 0.000 0.000 0.160 0 1 0 0 0 0
 409 44910.000 43714.000 0 0 0.000 0.000 0.000 0.122 0 1 0 0 0 0
 410 42362.000 154211.000 0 0 0.000 0.000 0.000 0.139 0 1 0 0 0 0
 411 93696.000 21521.000 0 0 0.000 0.000 0.000 0.146 0 1 0 0 0 0
 412 172940.000 70126.000 0 0 0.000 0.000 0.000 0.208 0 1 0 0 0 0
 413 45319.000 157584.000 0 0 0.000 0.000 0.000 0.121 0 1 0 0 0 0
 414 56640.000 33939.000 0 0 0.000 0.000 0.000 0.123 0 1 0 0 0 0
 415 154891.000 157531.000 0 0 0.000 0.000 0.000 0.126 0 1 0 0 0 0
 416 173658.000 70024.000 0 0 0.000 0.000 0.000 0.127 0 1 0 0 0 0
 417 20016.000 101896.000 0 0 0.000 0.000 0.000 0.130 0 1 0 0 0 0
 418 49733.000 38008.000 0 0 0.000 0.000 0.000 0.266 0 1 0 0 0 0
 419 66074.000 27714.000 0 0 0.000 0.000 0.000 0.132 0 1 0 0 0 0
 420 69838.000 26049.000 0 0 0.000 0.000 0.000 0.201 0 1 0 0 0 0
 421 26274.000 68297.000 0 0 0.000 0.000 0.000 0.144 0 1 0 0 0 0
 422 159686.000 154170.000 0 0 0.000 0.000 0.000 0.128 0 1 0 0 0 0
 423 34087.000 53813.000 0 0 0.000 0.000 0.000 0.243 0 1 0 0 0 0
 424 77433.000 22885.000 0 0 0.000 0.000 0.000 0.163 0 1 0 0 0 0
 425 19880.000 88010.000 0 0 0.000 0.000 0.000 0.138 0 1 0 0 0 0
 426 99456.000 19428.000 0 0 0.000 0.000 0.000 0.339 0 1 0 0 0 0
 427 108224.000 19722.000 0 0 0.000 0.000 0.000 0.120 0 1 0 0 0 0
 428 175450.000 69928.000 0 0 0.000 0.000 0.000 0.146 0 1 0 0 0 0
 429 19870.000 84976.000 0 0 0.000 0.000 0.000 0.274 0 1 0 0 0 0
 430 89812.000 19321.000 0 0 0.000 0.000 0.000 0.132 0 1 0 0 0 0
 431 31444.000 55563.000 0 0 0.000 0.000 0.000 0.294 0 1 0 0 0 0
 432 56569.000 169732.000 0 0 0.000 0.000 0.000 0.136 0 1 0 0 0 0
 433 18106.000 97877.000 0 0 0.000 0.000 0.000 0.368 0 1 0 0 0 0
 434 41366.000 42751.000 0 0 0.000 0.000 0.000 0.219 0 1 0 0 0 0
 435 22702.000 128451.000 0 0 0.000 0.000 0.000 0.143 0 1 0 0 0 0
 436 82763.000 19387.000 0 0 0.000 0.000 0.000 0.130 0 1 0 0 0 0
 437 89612.000 18390.000 0 0 0.000 0.000 0.000 0.162 0 1 0 0 0 0
 438 29266.000 143346.000 0 0 0.000 0.000 0.000 0.138 0 1 0 0 0 0
 439 26148.000 62320.000 0 0 0.000 0.000 0.000 0.243 0 1 0 0 0 0
 440 165439.000 49141.000 0 0 0.000 0.000 0.000 0.138 0 1 0 0 0 0
 441 183006.000 99047.000 0 0 0.000 0.000 0.000 0.127 0 1 0 0 0 0
 442 181323.000 116590.000 0 0 0.000 0.000 0.000 0.143 0 1 0 0 0 0
 443 102479.000 183441.000 0 0 0.000 0.000 0.000 0.133 0 1 0 0 0 0
 444 19656.000 78174.000 0 0 0.000 0.000 0.000 0.127 0 1 0 0 0 0
 445 144509.000 29851.000 0 0 0.000 0.000 0.000 0.130 0 1 0 0 0 0
 446 106415.000 183309.000 0 0 0.000 0.000 0.000 0.134 0 1 0 0 0 0
 447 48507.000 165919.000 0 0 0.000 0.000 0.000 0.147 0 1 0 0 0 0
 448 29985.000 54285.000 0 0 0.000 0.000 0.000 0.210 0 1 0 0 0 0
 449 20157.000 74363.000 0 0 0.000 0.000 0.000 0.142 0 1 0 0 0 0
 450 35833.000 46255.000 0 0 0.000 0.000 0.000 0.130 0 1 0 0 0 0
 451 40533.000 41065.000 0 0 0.000 0.000 0.000 0.124 0 1 0 0 0 0
 452 123360.000 180772.000 0 0 0.000 0.000 0.000 0.131 0 1 0 0 0 0
 453 29112.000 55049.000 0 0 0.000 0.000 0.000 0.126 0 1 0 0 0 0
 454 62547.000 24734.000 0 0 0.000 0.000 0.000 0.234 0 1 0 0 0 0
 455 83690.000 17498.000 0 0 0.000 0.000 0.000 0.126 0 1 0 0 0 0
 456 150301.000 32341.000 0 0 0.000 0.000 0.000 0.122 0 1 0 0 0 0
 457 112322.000 16780.000 0 0 0.000 0.000 0.000 0.365 0 1 0 0 0 0
 458 101748.000 184864.000 0 0 0.000 0.000 0.000 0.236 0 1 0 0 0 0
 459 41392.000 161401.000 0 0 0.000 0.000 0.000 0.123 0 1 0 0 0 0
 460 15213.000 97928.000 0 0 0.000 0.000 0.000 0.123 0 1 0 0 0 0
 461 178721.000 69040.000 0 0 0.000 0.000 0.000 0.124 0 1 0 0 0 0
 462 19147.000 73637.000 0 0 0.000 0.000 0.000 0.213 0 1 0 0 0 0
 463 59516.000 25552.000 0 0 0.000 0.000 0.000 0.146 0 1 0 0 0 0
 464 101633.000 185382.000 0 0 0.000 0.000 0.000 0.187 0 1 0 0 0 0
 465 29457.000 52024.000 0 0 0.000 0.000 0.000 0.238 0 1 0 0 0 0
 466 183620.000 82252.000 0 0 0.000 0.000 0.000 0.128 0 1 0 0 0 0
 467 26096.000 143627.000 0 0 0.000 0.000 0.000 0.137 0 1 0 0 0 0
 468 14282.000 101249.000 0 0 0.000 0.000 0.000 0.267 0 1 0 0 0 0
 469 90785.000 14994.000 0 0 0.000 0.000 0.000 0.137 0 1 0 0 0 0
 470 179467.000 68546.000 0 0 0.000 0.000 0.000 0.131 0 1 0 0 0 0
 471 181046.000 72695.000 0 0 0.000 0.000 0.000 0.145 0 1 0 0 0 0
 472 182616.000 124237.000 0 0 0.000 0.000 0.000 0.157 0 1 0 0 0 0
 473 171237.000 148692.000 0 0 0.000 0.000 0.000 0.120 0 1 0 0 0 0
 474 107298.000 186207.000 0 0 0.000 0.000 0.000 0.141 0 1 0 0 0 0
 475 155591.000 34180.000 0 0 0.000 0.000 0.000 0.138 0 1 0 0 0 0
 476 168657.000 47592.000 0 0 0.000 0.000 0.000 0.123 0 1 0 0 0 0
 477 37353.000 40172.000 0 0 0.000 0.000 0.000 0.138 0 1 0 0 0 0
 478 167126.000 155026.000 0 0 0.000 0.000 0.000 0.142 0 1 0 0 0 0
 479 74207.000 183103.000 0 0 0.000 0.000 0.000 0.134 0 1 0 0 0 0
 480 24018.000 142346.000 0 0 0.000 0.000 0.000 0.122 0 1 0 0 0 0
 481 180439.000 67294.000 0 0 0.000 0.000 0.000 0.153 0 1 0 0 0 0
 482 43590.000 33384.000 0 0 0.000 0.000 0.000 0.248 0 1 0 0 0 0
 483 81661.000 14746.000 0 0 0.000 0.000 0.000 0.228 0 1 0 0 0 0
 484 128988.000 182694.000 0 0 0.000 0.000 0.000 0.131 0 1 0 0 0 0
 485 81745.000 14577.000 0 0 0.000 0.000 0.000 0.134 0 1 0 0 0 0
 486 25593.000 146895.000 0 0 0.000 0.000 0.000 0.124 0 1 0 0 0 0
 487 83368.000 186416.000 0 0 0.000 0.000 0.000 0.124 0 1 0 0 0 0
 488 181751.000 68232.000 0 0 0.000 0.000 0.000 0.131 0 1 0 0 0 0
 489 33806.000 42373.000 0 0 0.000 0.000 0.000 0.220 0 1 0 0 0 0
 490 75373.000 184677.000 0 0 0.000 0.000 0.000 0.124 0 1 0 0 0 0
 491 22832.000 142527.000 0 0 0.000 0.000 0.000 0.171 0 1 0 0 0 0
 492 37814.000 37848.000 0 0 0.000 0.000 0.000 0.134 0 1 0 0 0 0
 493 42177.000 33756.000 0 0 0.000 0.000 0.000 0.236 0 1 0 0 0 0
 494 112901.000 13091.000 0 0 0.000 0.000 0.000 0.121 0 1 0 0 0 0
 495 14570.000 122795.000 0 0 0.000 0.000 0.000 0.127 0 1 0 0 0 0
 496 14963.000 76371.000 0 0 0.000 0.000 0.000 0.233 0 1 0 0 0 0
 497 47757.000 28820.000 0 0 0.000 0.000 0.000 0.271 0 1 0 0 0 0
 498 18134.000 66002.000 0 0 0.000 0.000 0.000 0.230 0 1 0 0 0 0
 499 182531.000 68278.000 0 0 0.000 0.000 0.000 0.132 0 1 0 0 0 0
 500 17440.000 132879.000 0 0 0.000 0.000 0.000 0.131 0 1 0 0 0 0
 501 12656.000 82197.000 0 0 0.000 0.000 0.000 0.135 0 1 0 0 0 0
 502 182930.000 132451.000 0 0 0.000 0.000 0.000 0.151 0 1 0 0 0 0
 503 160606.000 34896.000 0 0 0.000 0.000 0.000 0.122 0 1 0 0 0 0
 504 26773.000 48721.000 0 0 0.000 0.000 0.000 0.135 0 1 0 0 0 0
 505 32566.000 159451.000 0 0 0.000 0.000 0.000 0.217 0 1 0 0 0 0
 506 35286.000 37583.000 0 0 0.000 0.000 0.000 0.123 0 1 0 0 0 0
 507 20694.000 144112.000 0 0 0.000 0.000 0.000 0.125 0 1 0 0 0 0
 508 134481.000 16539.000 0 0 0.000 0.000 0.000 0.124 0 1 0 0 0 0
 509 31926.000 39945.000 0 0 0.000 0.000 0.000 0.121 0 1 0 0 0 0
 510 20034.000 56308.000 0 0 0.000 0.000 0.000 0.220 0 1 0 0 0 0
 511 134277.000 15575.000 0 0 0.000 0.000 0.000 0.129 0 1 0 0 0 0
 512 156484.000 28552.000 0 0 0.000 0.000 0.000 0.200 0 1 0 0 0 0
 513 159643.000 30827.000 0 0 0.000 0.000 0.000 0.138 0 1 0 0 0 0
 514 165314.000 35852.000 0 0 0.000 0.000 0.000 0.128 0 1 0 0 0 0
 515 32106.000 38179.000 0 0 0.000 0.000 0.000 0.124 0 1 0 0 0 0
 516 183201.000 61235.000 0 0 0.000 0.000 0.000 0.134 0 1 0 0 0 0
 517 31378.000 161553.000 0 0 0.000 0.000 0.000 0.163 0 1 0 0 0 0
 518 22141.000 50862.000 0 0 0.000 0.000 0.000 0.272 0 1 0 0 0 0
 519 12844.000 69188.000 0 0 0.000 0.000 0.000 0.238 0 1 0 0 0 0
 520 105108.000 8009.000 0 0 0.000 0.000 0.000 0.152 0 1 0 0 0 0
 521 10781.000 73212.000 0 0 0.000 0.000 0.000 0.142 0 1 0 0 0 0
 522 25383.000 44273.000 0 0 0.000 0.000 0.000 0.132 0 1 0 0 0 0
 523 33954.000 34330.000 0 0 0.000 0.000 0.000 0.143 0 1 0 0 0 0
 524 192757.000 90877.000 0 0 0.000 0.000 0.000 0.145 0 1 0 0 0 0
 525 6483.000 96894.000 0 0 0.000 0.000 0.000 0.144 0 1 0 0 0 0
 526 25892.000 43143.000 0 0 0.000 0.000 0.000 0.120 0 1 0 0 0 0
 527 29504.000 38611.000 0 0 0.000 0.000 0.000 0.133 0 1 0 0 0 0
 528 9755.000 126349.000 0 0 0.000 0.000 0.000 0.139 0 1 0 0 0 0
 529 178964.000 150957.000 0 0 0.000 0.000 0.000 0.127 0 1 0 0 0 0
 530 26935.000 40978.000 0 0 0.000 0.000 0.000 0.152 0 1 0 0 0 0
 531 33346.000 33735.000 0 0 0.000 0.000 0.000 0.124 0 1 0 0 0 0
 532 46880.000 22671.000 0 0 0.000 0.000 0.000 0.133 0 1 0 0 0 0
 533 8259.000 78115.000 0 0 0.000 0.000 0.000 0.121 0 1 0 0 0 0
 534 11703.000 134220.000 0 0 0.000 0.000 0.000 0.135 0 1 0 0 0 0
 535 8374.000 125116.000 0 0 0.000 0.000 0.000 0.139 0 1 0 0 0 0
 536 155606.000 22937.000 0 0 0.000 0.000 0.000 0.133 0 1 0 0 0 0
 537 183970.000 54637.000 0 0 0.000 0.000 0.000 0.134 0 1 0 0 0 0
 538 25361.000 160414.000 0 0 0.000 0.000 0.000 0.129 0 1 0 0 0 0
 539 191853.000 73024.000 0 0 0.000 0.000 0.000 0.149 0 1 0 0 0 0
 540 23698.000 159375.000 0 0 0.000 0.000 0.000 0.125 0 1 0 0 0 0
 541 26199.000 37998.000 0 0 0.000 0.000 0.000 0.214 0 1 0 0 0 0
 542 3956.000 88181.000 0 0 0.000 0.000 0.000 0.129 0 1 0 0 0 0
 543 122219.000 44491.000 0 0 21.280 8.518 181.279 13.464 0 1 7 200 0 0
 544 122262.000 44509.000 0 0 15.955 6.401 102.137 10.106 0 1 7 200 0 0
 545 122358.000 44363.000 0 0 170.694 68.594 11708.730 108.206 0 1 7 200 0 0
 546 122456.000 44403.000 0 0 18.663 7.538 140.694 11.861 0 1 7 200 0 0
 547 122439.000 44214.000 0 0 10.693 4.301 45.999 6.782 0 1 7 200 0 0
 548 122496.000 44235.000 0 0 77.512 31.269 2423.811 49.232 0 1 7 200 0 0
 549 122555.000 44077.000 0 0 37.519 15.132 567.775 23.828 0 1 7 200 0 0
 550 122585.000 44088.000 0 0 10.717 4.329 46.401 6.811 0 1 7 200 0 0;
ProcessEquipmentIDList 1
  "6448" ;
SummarySpec 5
  TESTNO    NDEFECT    DEFDENSITY    NDIE    NDEFDIE  ;
SummaryList 
  1    550    1.93    1    1  ;
EndOfFile;
