FileVersion 1 2;
FileTimestamp 01-03-26 20:45:46;
InspectionStationID "KLA-Tencor" "SFSSP1" "0901-0728-TBI";
SampleType WAFER;
ResultTimestamp 01-03-26 20:35:46;
LotID "2850";
SampleSize 1 200;
DeviceID "None";
SetupID "T2-2850A" 01-03-26 20:35:46;
StepID "6343";
SampleOrientationMarkType NOTCH;
OrientationMarkLocation DOWN;
DiePitch 200000 200000;
DieOrigin 0 0;
WaferID "15";
Slot 15;
SampleCenterLocation 100000 100000;
ClassLookup 1
  0 "0"  ;
OrientationInstructions "Front";
CoordinatesMirrored No;
InspectionTest 1;
SampleTestPlan 1
  0 0 ;
AreaPerTest 2.85007e+010;
ClusterClassificationList 2
  1 200 
  2 210 ;
DefectRecordSpec 15 DEFECTID XREL YREL XINDEX YINDEX XSIZE YSIZE DEFECTAREA DSIZE CLASSNUMBER TEST CLUSTERNUMBER ROUGHBINNUMBER FINEBINNUMBER REVIEWSAMPLE ;
DefectList
 1 131108.000 78239.000 0 0 0.000 0.000 0.000 0.158 0 1 0 0 0 0
 2 113662.000 49313.000 0 0 0.000 0.000 0.000 0.219 0 1 0 0 0 0
 3 151504.000 81282.000 0 0 0.000 0.000 0.000 0.122 0 1 0 0 0 0
 4 121641.000 152701.000 0 0 0.000 0.000 0.000 0.264 0 1 0 0 0 0
 5 53167.000 65817.000 0 0 0.000 0.000 0.000 0.201 0 1 0 0 0 0
 6 48442.000 62566.000 0 0 0.000 0.000 0.000 0.144 0 1 0 0 0 0
 7 163881.000 92514.000 0 0 0.000 0.000 0.000 0.277 0 1 0 0 0 0
 8 44652.000 59716.000 0 0 0.000 0.000 0.000 0.246 0 1 0 0 0 0
 9 36595.000 125326.000 0 0 0.000 0.000 0.000 0.138 0 1 0 0 0 0
 10 161808.000 70424.000 0 0 0.000 0.000 0.000 0.239 0 1 0 0 0 0
 11 30031.000 99353.000 0 0 0.000 0.000 0.000 0.210 0 1 0 0 0 0
 12 30138.000 97417.000 0 0 0.000 0.000 0.000 0.121 0 1 0 0 0 0
 13 169913.000 100462.000 0 0 0.000 0.000 0.000 0.425 0 1 0 0 0 0
 14 141157.000 38234.000 0 0 0.000 0.000 0.000 0.128 0 1 0 0 0 0
 15 138856.000 36451.000 0 0 0.000 0.000 0.000 0.120 0 1 0 0 0 0
 16 138880.000 36481.000 0 0 0.000 0.000 0.000 0.123 0 1 0 0 0 0
 17 136006.000 33598.000 0 0 0.000 0.000 0.000 0.122 0 1 0 0 0 0
 18 136155.000 33545.000 0 0 0.000 0.000 0.000 0.125 0 1 0 0 0 0
 19 136816.000 34044.000 0 0 0.000 0.000 0.000 0.122 0 1 0 0 0 0
 20 136234.000 33581.000 0 0 0.000 0.000 0.000 0.123 0 1 0 0 0 0
 21 23617.000 93632.000 0 0 0.000 0.000 0.000 0.293 0 1 0 0 0 0
 22 102703.000 21299.000 0 0 0.000 0.000 0.000 0.243 0 1 0 0 0 0
 23 162651.000 148940.000 0 0 0.000 0.000 0.000 0.431 0 1 0 0 0 0
 24 174937.000 128914.000 0 0 0.000 0.000 0.000 0.124 0 1 0 0 0 0
 25 137451.000 170917.000 0 0 0.000 0.000 0.000 0.167 0 1 0 0 0 0
 26 176014.000 126860.000 0 0 54.000 40.000 2160.000 46.475 0 1 1 200 0 0
 27 175851.000 127130.000 0 0 56.000 40.000 2240.000 47.328 0 1 1 200 0 0
 28 175746.000 127669.000 0 0 56.000 40.000 2240.000 47.328 0 1 1 200 0 0
 29 176285.000 126072.000 0 0 54.000 40.000 2160.000 46.475 0 1 1 200 0 0
 30 175547.000 128268.000 0 0 56.000 40.000 2240.000 47.328 0 1 1 200 0 0
 31 176369.000 126491.000 0 0 54.000 40.000 2160.000 46.475 0 1 1 200 0 0
 32 177181.000 124988.000 0 0 0.000 0.000 0.000 0.128 0 1 0 0 0 0
 33 176412.000 127187.000 0 0 56.000 40.000 2240.000 47.328 0 1 1 200 0 0
 34 177685.000 124691.000 0 0 0.000 0.000 0.000 0.129 0 1 0 0 0 0
 35 177573.000 125451.000 0 0 0.000 0.000 0.000 0.123 0 1 0 0 0 0
 36 176307.000 130560.000 0 0 0.000 0.000 0.000 0.126 0 1 0 0 0 0
 37 177738.000 128122.000 0 0 0.000 0.000 0.000 0.126 0 1 0 0 0 0
 38 178833.000 126697.000 0 0 0.000 0.000 0.000 0.124 0 1 0 0 0 0
 39 179777.000 124285.000 0 0 0.000 0.000 0.000 0.134 0 1 0 0 0 0
 40 178380.000 129935.000 0 0 0.000 0.000 0.000 0.120 0 1 0 0 0 0
 41 179207.000 129670.000 0 0 0.000 0.000 0.000 0.121 0 1 0 0 0 0
 42 181133.000 124425.000 0 0 0.000 0.000 0.000 0.122 0 1 0 0 0 0
 43 184296.000 122050.000 0 0 0.000 0.000 0.000 0.122 0 1 0 0 0 0
 44 57407.000 182235.000 0 0 44.000 56.000 2464.000 49.638 0 1 2 210 0 0
 45 194969.000 98246.000 0 0 0.000 0.000 0.000 0.122 0 1 0 0 0 0
 46 57826.000 181399.000 0 0 42.928 22.241 954.809 30.899 0 1 2 210 0 0
 47 57750.000 181550.000 0 0 46.916 24.306 1140.375 33.769 0 1 2 210 0 0
 48 57670.000 181701.000 0 0 74.410 38.552 2868.697 53.560 0 1 2 210 0 0
 49 57615.000 181672.000 0 0 27.397 14.218 389.549 19.737 0 1 2 210 0 0
 50 57588.000 181850.000 0 0 160.878 83.362 13411.212 115.806 0 1 2 210 0 0
 51 57515.000 182002.000 0 0 169.037 87.577 14803.934 121.671 0 1 2 210 0 0
 52 57443.000 182157.000 0 0 149.651 77.519 11600.938 107.707 0 1 2 210 0 0
 53 57359.000 182304.000 0 0 51.294 26.575 1363.158 36.920 0 1 2 210 0 0;
ProcessEquipmentIDList 1
  "6448" ;
SummarySpec 5
  TESTNO    NDEFECT    DEFDENSITY    NDIE    NDEFDIE  ;
SummaryList 
  1    53    0.186    1    1  ;
EndOfFile;
