FileVersion 1 2;
FileTimestamp 01-03-26 21:57:35;
InspectionStationID "KLA-Tencor" "SFSSP1" "0901-0728-TBI";
SampleType WAFER;
ResultTimestamp 01-03-26 21:53:39;
LotID "2850";
SampleSize 1 200;
DeviceID "None";
SetupID "T2-2850A" 01-03-26 21:53:39;
StepID "6343";
SampleOrientationMarkType NOTCH;
OrientationMarkLocation DOWN;
DiePitch 200000 200000;
DieOrigin 0 0;
WaferID "06";
Slot 6;
SampleCenterLocation 100000 100000;
ClassLookup 1
  0 "0"  ;
OrientationInstructions "Front";
CoordinatesMirrored No;
InspectionTest 1;
SampleTestPlan 1
  0 0 ;
AreaPerTest 2.85005e+010;
DefectRecordSpec 15 DEFECTID XREL YREL XINDEX YINDEX XSIZE YSIZE DEFECTAREA DSIZE CLASSNUMBER TEST CLUSTERNUMBER ROUGHBINNUMBER FINEBINNUMBER REVIEWSAMPLE ;
DefectList
 1 95015.000 68632.000 0 0 0.000 0.000 0.000 0.149 0 1 0 0 0 0
 2 95093.000 68542.000 0 0 0.000 0.000 0.000 0.149 0 1 0 0 0 0
 3 82364.000 139409.000 0 0 0.000 0.000 0.000 0.120 0 1 0 0 0 0
 4 58096.000 85738.000 0 0 0.000 0.000 0.000 200000.000 0 1 0 200 0 0
 5 58240.000 85841.000 0 0 0.000 0.000 0.000 200000.000 0 1 0 200 0 0
 6 161869.000 109304.000 0 0 0.000 0.000 0.000 0.122 0 1 0 0 0 0
 7 48451.000 136870.000 0 0 0.000 0.000 0.000 0.219 0 1 0 0 0 0
 8 44962.000 135873.000 0 0 0.000 0.000 0.000 0.123 0 1 0 0 0 0
 9 75149.000 165304.000 0 0 0.000 0.000 0.000 0.231 0 1 0 0 0 0
 10 100349.000 173666.000 0 0 0.000 0.000 0.000 0.121 0 1 0 0 0 0
 11 145846.000 162262.000 0 0 0.000 0.000 0.000 0.141 0 1 0 0 0 0
 12 36844.000 54291.000 0 0 0.000 0.000 0.000 0.244 0 1 0 0 0 0
 13 151388.000 160774.000 0 0 0.000 0.000 0.000 0.131 0 1 0 0 0 0
 14 61791.000 173654.000 0 0 0.000 0.000 0.000 0.276 0 1 0 0 0 0
 15 98892.000 12471.000 0 0 0.000 0.000 0.000 0.203 0 1 0 0 0 0
 16 176279.000 145994.000 0 0 0.000 0.000 0.000 0.280 0 1 0 0 0 0
 17 188327.000 112736.000 0 0 0.000 0.000 0.000 0.274 0 1 0 0 0 0
 18 176786.000 145926.000 0 0 0.000 0.000 0.000 0.127 0 1 0 0 0 0
 19 64028.000 17236.000 0 0 0.000 0.000 0.000 200000.000 0 1 0 200 0 0
 20 171024.000 42516.000 0 0 0.000 0.000 0.000 0.121 0 1 0 0 0 0
 21 191431.000 113252.000 0 0 0.000 0.000 0.000 0.120 0 1 0 0 0 0
 22 40563.000 26159.000 0 0 0.000 0.000 0.000 200000.000 0 1 0 200 0 0
 23 34226.000 31587.000 0 0 0.000 0.000 0.000 0.209 0 1 0 0 0 0
 24 33698.000 31086.000 0 0 0.000 0.000 0.000 200000.000 0 1 0 200 0 0
 25 18819.000 46964.000 0 0 0.000 0.000 0.000 200000.000 0 1 0 200 0 0;
ProcessEquipmentIDList 1
  "6448" ;
SummarySpec 5
  TESTNO    NDEFECT    DEFDENSITY    NDIE    NDEFDIE  ;
SummaryList 
  1    25    0.08772    1    1  ;
EndOfFile;
