FileVersion 1 2;
FileTimestamp 01-03-26 23:27:37;
InspectionStationID "KLA-Tencor" "SFSSP1" "0901-0728-TBI";
SampleType WAFER;
ResultTimestamp 01-03-26 23:12:11;
LotID "2850";
SampleSize 1 200;
DeviceID "None";
SetupID "T2-2850A" 01-03-26 23:12:11;
StepID "6343";
SampleOrientationMarkType NOTCH;
OrientationMarkLocation DOWN;
DiePitch 200000 200000;
DieOrigin 0 0;
WaferID "25";
Slot 25;
SampleCenterLocation 100000 100000;
ClassLookup 1
  0 "0"  ;
OrientationInstructions "Front";
CoordinatesMirrored No;
InspectionTest 1;
SampleTestPlan 1
  0 0 ;
AreaPerTest 2.85005e+010;
ClusterClassificationList 2
  1 210 
  2 210 ;
DefectRecordSpec 15 DEFECTID XREL YREL XINDEX YINDEX XSIZE YSIZE DEFECTAREA DSIZE CLASSNUMBER TEST CLUSTERNUMBER ROUGHBINNUMBER FINEBINNUMBER REVIEWSAMPLE ;
DefectList
 1 89906.000 88881.000 0 0 0.000 0.000 0.000 0.142 0 1 0 0 0 0
 2 95289.000 78779.000 0 0 0.000 0.000 0.000 0.161 0 1 0 0 0 0
 3 124927.000 100431.000 0 0 0.000 0.000 0.000 0.364 0 1 0 0 0 0
 4 97907.000 73917.000 0 0 0.000 0.000 0.000 0.165 0 1 0 0 0 0
 5 98078.000 73548.000 0 0 0.000 0.000 0.000 0.132 0 1 0 0 0 0
 6 98169.000 73569.000 0 0 0.000 0.000 0.000 0.125 0 1 0 0 0 0
 7 98534.000 72506.000 0 0 0.000 0.000 0.000 0.124 0 1 0 0 0 0
 8 98871.000 72261.000 0 0 0.000 0.000 0.000 200000.000 0 1 0 200 0 0
 9 73434.000 121012.000 0 0 0.000 0.000 0.000 0.131 0 1 0 0 0 0
 10 135309.000 93227.000 0 0 0.000 0.000 0.000 0.148 0 1 0 0 0 0
 11 115361.000 63678.000 0 0 0.000 0.000 0.000 0.124 0 1 0 0 0 0
 12 131901.000 136476.000 0 0 0.000 0.000 0.000 0.372 0 1 0 0 0 0
 13 111314.000 48000.000 0 0 34.000 54.000 1836.000 42.848 0 1 1 210 0 0
 14 111863.000 46886.000 0 0 34.000 54.000 1836.000 42.848 0 1 1 210 0 0
 15 68624.000 53406.000 0 0 0.000 0.000 0.000 0.228 0 1 0 0 0 0
 16 145754.000 64765.000 0 0 0.000 0.000 0.000 0.135 0 1 0 0 0 0
 17 40784.000 108348.000 0 0 0.000 0.000 0.000 0.131 0 1 0 0 0 0
 18 162408.000 95350.000 0 0 0.000 0.000 0.000 0.257 0 1 0 0 0 0
 19 162349.000 95744.000 0 0 0.000 0.000 0.000 0.365 0 1 0 0 0 0
 20 116810.000 37256.000 0 0 0.000 0.000 0.000 0.217 0 1 0 0 0 0
 21 117069.000 36989.000 0 0 0.000 0.000 0.000 0.136 0 1 0 0 0 0
 22 163658.000 85106.000 0 0 0.000 0.000 0.000 0.133 0 1 0 0 0 0
 23 163778.000 84708.000 0 0 0.000 0.000 0.000 200000.000 0 1 0 200 0 0
 24 163918.000 83849.000 0 0 0.000 0.000 0.000 200000.000 0 1 0 200 0 0
 25 107749.000 165910.000 0 0 0.000 0.000 0.000 0.121 0 1 0 0 0 0
 26 164761.000 77974.000 0 0 0.000 0.000 0.000 0.125 0 1 0 0 0 0
 27 165468.000 72997.000 0 0 0.000 0.000 0.000 0.144 0 1 0 0 0 0
 28 165634.000 72643.000 0 0 0.000 0.000 0.000 0.152 0 1 0 0 0 0
 29 165970.000 70643.000 0 0 0.000 0.000 0.000 0.123 0 1 0 0 0 0
 30 166017.000 69622.000 0 0 0.000 0.000 0.000 0.135 0 1 0 0 0 0
 31 166061.000 69843.000 0 0 0.000 0.000 0.000 0.126 0 1 0 0 0 0
 32 120684.000 29577.000 0 0 0.000 0.000 0.000 0.208 0 1 0 0 0 0
 33 166112.000 68330.000 0 0 0.000 0.000 0.000 0.134 0 1 0 0 0 0
 34 166382.000 66082.000 0 0 0.000 0.000 0.000 0.254 0 1 0 0 0 0
 35 121314.000 28381.000 0 0 0.000 0.000 0.000 0.167 0 1 0 0 0 0
 36 121448.000 28181.000 0 0 0.000 0.000 0.000 0.126 0 1 0 0 0 0
 37 166361.000 64894.000 0 0 56.000 44.000 2464.000 49.638 0 1 2 210 0 0
 38 121266.000 28699.000 0 0 0.000 0.000 0.000 0.124 0 1 0 0 0 0
 39 166382.000 64740.000 0 0 56.000 44.000 2464.000 49.638 0 1 2 210 0 0
 40 166434.000 64619.000 0 0 56.000 44.000 2464.000 49.638 0 1 2 210 0 0
 41 166590.000 64402.000 0 0 56.000 44.000 2464.000 49.638 0 1 2 210 0 0
 42 166660.000 63404.000 0 0 54.000 46.000 2484.000 49.839 0 1 2 210 0 0
 43 166846.000 63891.000 0 0 54.000 44.000 2376.000 48.744 0 1 2 210 0 0
 44 166749.000 62878.000 0 0 54.000 46.000 2484.000 49.839 0 1 2 210 0 0
 45 166734.000 62965.000 0 0 54.000 46.000 2484.000 49.839 0 1 2 210 0 0
 46 166814.000 62725.000 0 0 54.000 46.000 2484.000 49.839 0 1 2 210 0 0
 47 122339.000 26276.000 0 0 0.000 0.000 0.000 0.122 0 1 0 0 0 0
 48 167139.000 60982.000 0 0 56.000 46.000 2576.000 50.754 0 1 2 210 0 0
 49 167043.000 60697.000 0 0 56.000 46.000 2576.000 50.754 0 1 2 210 0 0
 50 167069.000 60454.000 0 0 56.000 46.000 2576.000 50.754 0 1 2 210 0 0
 51 167194.000 60160.000 0 0 56.000 46.000 2576.000 50.754 0 1 2 210 0 0
 52 167289.000 59887.000 0 0 56.000 46.000 2576.000 50.754 0 1 2 210 0 0
 53 167371.000 58509.000 0 0 0.000 0.000 0.000 0.138 0 1 0 0 0 0
 54 123367.000 24330.000 0 0 0.000 0.000 0.000 0.143 0 1 0 0 0 0
 55 167397.000 58332.000 0 0 0.000 0.000 0.000 0.126 0 1 0 0 0 0
 56 167584.000 57239.000 0 0 0.000 0.000 0.000 0.125 0 1 0 0 0 0
 57 167597.000 56955.000 0 0 0.000 0.000 0.000 0.137 0 1 0 0 0 0
 58 167592.000 57139.000 0 0 0.000 0.000 0.000 0.120 0 1 0 0 0 0
 59 167556.000 56757.000 0 0 0.000 0.000 0.000 0.139 0 1 0 0 0 0
 60 124033.000 22863.000 0 0 0.000 0.000 0.000 0.120 0 1 0 0 0 0
 61 167740.000 55869.000 0 0 0.000 0.000 0.000 0.162 0 1 0 0 0 0
 62 124213.000 22649.000 0 0 0.000 0.000 0.000 0.124 0 1 0 0 0 0
 63 167820.000 55327.000 0 0 0.000 0.000 0.000 0.153 0 1 0 0 0 0
 64 167951.000 54277.000 0 0 0.000 0.000 0.000 0.120 0 1 0 0 0 0
 65 168127.000 52543.000 0 0 0.000 0.000 0.000 0.219 0 1 0 0 0 0
 66 168158.000 52424.000 0 0 0.000 0.000 0.000 0.120 0 1 0 0 0 0
 67 45824.000 163707.000 0 0 0.000 0.000 0.000 0.121 0 1 0 0 0 0
 68 168440.000 50880.000 0 0 0.000 0.000 0.000 0.124 0 1 0 0 0 0
 69 38208.000 158279.000 0 0 0.000 0.000 0.000 0.134 0 1 0 0 0 0
 70 168635.000 48638.000 0 0 0.000 0.000 0.000 0.127 0 1 0 0 0 0
 71 71877.000 18048.000 0 0 0.000 0.000 0.000 0.128 0 1 0 0 0 0
 72 50280.000 174689.000 0 0 0.000 0.000 0.000 0.143 0 1 0 0 0 0
 73 27630.000 153013.000 0 0 0.000 0.000 0.000 0.149 0 1 0 0 0 0
 74 62772.000 181816.000 0 0 0.000 0.000 0.000 0.120 0 1 0 0 0 0
 75 169601.000 39944.000 0 0 0.000 0.000 0.000 0.126 0 1 0 0 0 0
 76 4164.000 93509.000 0 0 0.000 0.000 0.000 0.124 0 1 0 0 0 0
 77 111775.000 47301.000 0 0 154.090 34.432 5305.732 72.840 0 1 1 210 0 0
 78 111798.000 47132.000 0 0 210.349 46.941 9874.170 99.368 0 1 1 210 0 0
 79 111834.000 46967.000 0 0 205.922 45.953 9462.844 97.277 0 1 1 210 0 0
 80 111910.000 46809.000 0 0 94.353 21.126 1993.358 44.647 0 1 1 210 0 0;
ProcessEquipmentIDList 1
  "6448" ;
SummarySpec 5
  TESTNO    NDEFECT    DEFDENSITY    NDIE    NDEFDIE  ;
SummaryList 
  1    80    0.2807    1    1  ;
EndOfFile;
