FileVersion 1 2;
FileTimestamp 01-04-26 01:46:53;
InspectionStationID "KLA-Tencor" "SFSSP1" "0901-0728-TBI";
SampleType WAFER;
ResultTimestamp 01-04-26 01:36:31;
LotID "2850";
SampleSize 1 200;
DeviceID "None";
SetupID "T2-2850A" 01-04-26 01:36:31;
StepID "6343";
SampleOrientationMarkType NOTCH;
OrientationMarkLocation DOWN;
DiePitch 200000 200000;
DieOrigin 0 0;
WaferID "15";
Slot 15;
SampleCenterLocation 100000 100000;
ClassLookup 1
  0 "0"  ;
OrientationInstructions "Front";
CoordinatesMirrored No;
InspectionTest 1;
SampleTestPlan 1
  0 0 ;
AreaPerTest 2.85036e+010;
ClusterClassificationList 9
  5 210 
  4 200 
  3 210 
  2 200 
  1 200 
  9 210 
  8 210 
  7 200 
  6 200 ;
DefectRecordSpec 15 DEFECTID XREL YREL XINDEX YINDEX XSIZE YSIZE DEFECTAREA DSIZE CLASSNUMBER TEST CLUSTERNUMBER ROUGHBINNUMBER FINEBINNUMBER REVIEWSAMPLE ;
DefectList
 1 120791.000 113688.000 0 0 0.000 0.000 0.000 200000.000 0 1 0 200 0 0
 2 122295.000 113212.000 0 0 0.000 0.000 0.000 200000.000 0 1 0 200 0 0
 3 72237.000 77018.000 0 0 0.000 0.000 0.000 0.120 0 1 0 0 0 0
 4 63979.000 119844.000 0 0 0.000 0.000 0.000 0.134 0 1 0 0 0 0
 5 64192.000 43727.000 0 0 0.000 0.000 0.000 0.122 0 1 0 0 0 0
 6 65719.000 42369.000 0 0 0.000 0.000 0.000 0.148 0 1 0 0 0 0
 7 62929.000 42199.000 0 0 0.000 0.000 0.000 0.161 0 1 0 0 0 0
 8 96113.000 29866.000 0 0 26.000 50.000 1300.000 36.055 0 1 5 210 0 0
 9 95991.000 29664.000 0 0 26.000 50.000 1300.000 36.055 0 1 5 210 0 0
 10 95889.000 29539.000 0 0 26.000 50.000 1300.000 36.055 0 1 5 210 0 0
 11 74011.000 33478.000 0 0 0.000 0.000 0.000 0.252 0 1 0 0 0 0
 12 95212.000 28166.000 0 0 26.000 50.000 1300.000 36.055 0 1 5 210 0 0
 13 95439.000 28435.000 0 0 26.000 50.000 1300.000 36.055 0 1 5 210 0 0
 14 95324.000 27742.000 0 0 26.000 50.000 1300.000 36.055 0 1 5 210 0 0
 15 95185.000 27632.000 0 0 26.000 50.000 1300.000 36.055 0 1 5 210 0 0
 16 94607.000 26847.000 0 0 26.000 50.000 1300.000 36.055 0 1 5 210 0 0
 17 94832.000 26999.000 0 0 26.000 50.000 1300.000 36.055 0 1 5 210 0 0
 18 76739.000 30144.000 0 0 0.000 0.000 0.000 0.229 0 1 0 0 0 0
 19 76750.000 30142.000 0 0 0.000 0.000 0.000 0.183 0 1 0 0 0 0
 20 94267.000 26623.000 0 0 26.000 50.000 1300.000 36.055 0 1 5 210 0 0
 21 80636.000 24994.000 0 0 36.000 54.000 1944.000 44.090 0 1 4 200 0 0
 22 65929.000 170459.000 0 0 0.000 0.000 0.000 200000.000 0 1 0 200 0 0
 23 131314.000 28151.000 0 0 0.000 0.000 0.000 0.276 0 1 0 0 0 0
 24 81400.000 23394.000 0 0 0.000 0.000 0.000 0.208 0 1 0 0 0 0
 25 81390.000 23387.000 0 0 0.000 0.000 0.000 0.141 0 1 0 0 0 0
 26 72946.000 25616.000 0 0 0.000 0.000 0.000 0.129 0 1 0 0 0 0
 27 81751.000 23097.000 0 0 0.000 0.000 0.000 0.203 0 1 0 0 0 0
 28 29660.000 135941.000 0 0 0.000 0.000 0.000 0.142 0 1 0 0 0 0
 29 90988.000 21320.000 0 0 28.000 52.000 1456.000 38.157 0 1 3 210 0 0
 30 90895.000 20726.000 0 0 28.000 52.000 1456.000 38.157 0 1 3 210 0 0
 31 90323.000 19111.000 0 0 28.000 52.000 1456.000 38.157 0 1 2 200 0 0
 32 89781.000 18921.000 0 0 30.000 52.000 1560.000 39.496 0 1 2 200 0 0
 33 90089.000 18796.000 0 0 30.000 52.000 1560.000 39.496 0 1 2 200 0 0
 34 90156.000 18893.000 0 0 30.000 52.000 1560.000 39.496 0 1 2 200 0 0
 35 89844.000 18474.000 0 0 30.000 52.000 1560.000 39.496 0 1 2 200 0 0
 36 86048.000 17272.000 0 0 0.000 0.000 0.000 0.127 0 1 0 0 0 0
 37 86211.000 17125.000 0 0 0.000 0.000 0.000 0.121 0 1 0 0 0 0
 38 88498.000 16855.000 0 0 30.000 52.000 1560.000 39.496 0 1 1 200 0 0
 39 86344.000 16891.000 0 0 0.000 0.000 0.000 0.142 0 1 0 0 0 0
 40 87318.000 16594.000 0 0 30.000 52.000 1560.000 39.496 0 1 1 200 0 0
 41 88106.000 16120.000 0 0 30.000 52.000 1560.000 39.496 0 1 1 200 0 0
 42 87675.000 15855.000 0 0 30.000 52.000 1560.000 39.496 0 1 1 200 0 0
 43 87875.000 15498.000 0 0 30.000 52.000 1560.000 39.496 0 1 1 200 0 0
 44 93518.000 13898.000 0 0 0.000 0.000 0.000 0.120 0 1 0 0 0 0
 45 49435.000 29225.000 0 0 0.000 0.000 0.000 0.251 0 1 0 0 0 0
 46 53761.000 25820.000 0 0 0.000 0.000 0.000 0.142 0 1 0 0 0 0
 47 62284.000 17229.000 0 0 0.000 0.000 0.000 0.220 0 1 0 0 0 0
 48 67627.000 14377.000 0 0 0.000 0.000 0.000 0.145 0 1 0 0 0 0
 49 27044.000 44348.000 0 0 54.000 50.000 2700.000 51.961 0 1 9 210 0 0
 50 26795.000 44309.000 0 0 54.000 50.000 2700.000 51.961 0 1 9 210 0 0
 51 26596.000 44296.000 0 0 54.000 50.000 2700.000 51.961 0 1 9 210 0 0
 52 26134.000 44140.000 0 0 54.000 50.000 2700.000 51.961 0 1 9 210 0 0
 53 25592.000 43870.000 0 0 54.000 50.000 2700.000 51.961 0 1 9 210 0 0
 54 26484.000 42293.000 0 0 54.000 50.000 2700.000 51.961 0 1 8 210 0 0
 55 20898.000 50572.000 0 0 0.000 0.000 0.000 0.132 0 1 0 0 0 0
 56 25361.000 43815.000 0 0 54.000 50.000 2700.000 51.961 0 1 9 210 0 0
 57 25228.000 43775.000 0 0 54.000 50.000 2700.000 51.961 0 1 9 210 0 0
 58 13353.000 136805.000 0 0 0.000 0.000 0.000 0.160 0 1 0 0 0 0
 59 13358.000 137808.000 0 0 0.000 0.000 0.000 0.167 0 1 0 0 0 0
 60 25562.000 40819.000 0 0 54.000 50.000 2700.000 51.961 0 1 7 200 0 0
 61 31710.000 31442.000 0 0 0.000 0.000 0.000 0.135 0 1 0 0 0 0
 62 143003.000 186320.000 0 0 0.000 0.000 0.000 200000.000 0 1 0 200 0 0
 63 96275.000 30366.000 0 0 96.790 5.178 501.230 22.388 0 1 5 210 0 0
 64 96214.000 30199.000 0 0 187.388 10.164 1904.717 43.643 0 1 5 210 0 0
 65 96108.000 30034.000 0 0 241.479 13.433 3243.936 56.955 0 1 5 210 0 0
 66 96011.000 29869.000 0 0 238.704 13.579 3241.454 56.933 0 1 5 210 0 0
 67 95898.000 29706.000 0 0 245.995 14.358 3532.088 59.431 0 1 5 210 0 0
 68 95810.000 29540.000 0 0 185.764 11.046 2052.125 45.300 0 1 5 210 0 0
 69 95738.000 29374.000 0 0 57.554 3.473 199.906 14.138 0 1 5 210 0 0
 70 95537.000 29046.000 0 0 10.217 0.642 6.568 2.562 0 1 5 210 0 0
 71 95567.000 28874.000 0 0 146.618 9.139 1340.002 36.606 0 1 5 210 0 0
 72 95534.000 28705.000 0 0 187.964 11.776 2213.635 47.049 0 1 5 210 0 0
 73 95500.000 28537.000 0 0 157.569 9.922 1563.467 39.540 0 1 5 210 0 0
 74 94889.000 27384.000 0 0 111.392 7.840 873.382 29.553 0 1 5 210 0 0
 75 94756.000 27223.000 0 0 355.843 25.640 9124.079 95.520 0 1 5 210 0 0
 76 94694.000 27057.000 0 0 346.185 25.186 8719.068 93.375 0 1 5 210 0 0
 77 94611.000 26894.000 0 0 196.261 14.469 2839.791 53.289 0 1 5 210 0 0
 78 78893.000 27652.000 0 0 142.203 41.488 5899.731 76.809 0 1 6 200 0 0
 79 78826.000 27494.000 0 0 180.751 52.786 9541.193 97.679 0 1 6 200 0 0
 80 80842.000 25358.000 0 0 17.902 4.595 82.268 9.070 0 1 4 200 0 0
 81 80510.000 25267.000 0 0 10.761 2.806 30.206 5.495 0 1 4 200 0 0
 82 80720.000 25213.000 0 0 211.508 54.526 11532.845 107.391 0 1 4 200 0 0
 83 80535.000 25087.000 0 0 474.028 123.172 58387.489 241.635 0 1 4 200 0 0
 84 90827.000 20759.000 0 0 34.195 3.958 135.377 11.635 0 1 3 210 0 0
 85 90846.000 20586.000 0 0 57.104 6.582 375.899 19.388 0 1 3 210 0 0
 86 90788.000 20421.000 0 0 133.533 15.457 2064.162 45.433 0 1 3 210 0 0
 87 90681.000 20262.000 0 0 141.442 16.530 2338.161 48.354 0 1 3 210 0 0
 88 90511.000 20111.000 0 0 30.627 3.638 111.427 10.555 0 1 3 210 0 0
 89 90617.000 20099.000 0 0 137.884 16.192 2232.634 47.250 0 1 3 210 0 0
 90 90526.000 19938.000 0 0 130.487 15.442 2015.018 44.888 0 1 3 210 0 0
 91 30269.000 44768.000 0 0 15.881 20.050 318.421 17.844 0 1 8 210 0 0
 92 30139.000 44660.000 0 0 37.115 46.854 1739.020 41.701 0 1 8 210 0 0
 93 29998.000 44562.000 0 0 50.491 63.755 3219.083 56.736 0 1 8 210 0 0
 94 29866.000 44457.000 0 0 50.586 63.876 3231.276 56.844 0 1 8 210 0 0
 95 29708.000 44381.000 0 0 55.986 70.757 3961.452 62.940 0 1 8 210 0 0
 96 29551.000 44307.000 0 0 34.709 43.906 1523.965 39.037 0 1 8 210 0 0
 97 29405.000 44217.000 0 0 32.092 40.613 1303.398 36.102 0 1 8 210 0 0
 98 29261.000 44125.000 0 0 26.790 33.916 908.630 30.143 0 1 8 210 0 0
 99 29120.000 44029.000 0 0 32.160 40.727 1309.798 36.191 0 1 8 210 0 0
 100 28982.000 43929.000 0 0 29.571 37.454 1107.561 33.280 0 1 8 210 0 0
 101 28842.000 43833.000 0 0 32.313 40.937 1322.843 36.370 0 1 8 210 0 0
 102 28705.000 43732.000 0 0 32.371 41.016 1327.770 36.438 0 1 8 210 0 0
 103 28569.000 43629.000 0 0 27.027 34.248 925.671 30.424 0 1 8 210 0 0
 104 28435.000 43526.000 0 0 35.196 44.601 1569.825 39.621 0 1 8 210 0 0
 105 28299.000 43422.000 0 0 37.972 48.122 1827.337 42.747 0 1 8 210 0 0
 106 28153.000 43335.000 0 0 65.186 82.651 5387.804 73.401 0 1 8 210 0 0
 107 28001.000 43251.000 0 0 62.563 79.375 4966.040 70.470 0 1 8 210 0 0
 108 26823.000 44501.000 0 0 10.638 14.027 149.231 12.216 0 1 9 210 0 0
 109 27852.000 43167.000 0 0 51.761 65.710 3401.269 58.320 0 1 8 210 0 0
 110 26693.000 44391.000 0 0 69.314 91.374 6333.571 79.583 0 1 9 210 0 0
 111 27673.000 43119.000 0 0 16.355 20.796 340.134 18.442 0 1 8 210 0 0
 112 27705.000 43077.000 0 0 38.203 48.521 1853.702 43.054 0 1 8 210 0 0
 113 26498.000 44365.000 0 0 85.343 112.751 9622.646 98.095 0 1 9 210 0 0
 114 27536.000 43018.000 0 0 16.384 20.835 341.382 18.476 0 1 8 210 0 0
 115 27571.000 42972.000 0 0 38.274 48.611 1860.554 43.134 0 1 8 210 0 0
 116 26348.000 44281.000 0 0 77.461 102.392 7931.511 89.059 0 1 9 210 0 0
 117 27433.000 42874.000 0 0 60.146 76.402 4595.334 67.788 0 1 8 210 0 0
 118 26198.000 44201.000 0 0 45.472 60.143 2734.836 52.295 0 1 9 210 0 0
 119 27269.000 42807.000 0 0 16.444 20.912 343.905 18.544 0 1 8 210 0 0
 120 27303.000 42764.000 0 0 46.642 59.242 2763.207 52.566 0 1 8 210 0 0
 121 26066.000 44094.000 0 0 37.521 49.620 1861.846 43.149 0 1 9 210 0 0
 122 27160.000 42671.000 0 0 65.949 83.793 5526.160 74.338 0 1 8 210 0 0
 123 27025.000 42568.000 0 0 63.316 80.451 5093.915 71.371 0 1 8 210 0 0
 124 26877.000 42482.000 0 0 33.090 42.068 1392.077 37.310 0 1 8 210 0 0
 125 25211.000 43817.000 0 0 26.937 35.858 965.952 31.079 0 1 9 210 0 0
 126 25038.000 43761.000 0 0 16.170 21.554 348.548 18.669 0 1 9 210 0 0
 127 25069.000 43719.000 0 0 24.287 32.335 785.353 28.024 0 1 9 210 0 0
 128 24902.000 43662.000 0 0 13.499 17.994 242.912 15.585 0 1 9 210 0 0
 129 24931.000 43623.000 0 0 24.329 32.395 788.146 28.073 0 1 9 210 0 0
 130 24762.000 43564.000 0 0 13.522 18.028 243.790 15.613 0 1 9 210 0 0
 131 24792.000 43524.000 0 0 24.371 32.455 790.999 28.124 0 1 9 210 0 0
 132 24626.000 43464.000 0 0 10.837 14.448 156.585 12.513 0 1 9 210 0 0
 133 24656.000 43421.000 0 0 24.415 32.513 793.860 28.175 0 1 9 210 0 0
 134 24488.000 43363.000 0 0 13.571 18.093 245.550 15.670 0 1 9 210 0 0
 135 24517.000 43322.000 0 0 24.458 32.574 796.723 28.226 0 1 9 210 0 0
 136 24355.000 43256.000 0 0 16.315 21.750 354.880 18.838 0 1 9 210 0 0
 137 24385.000 43216.000 0 0 27.226 36.254 987.064 31.417 0 1 9 210 0 0
 138 24227.000 43144.000 0 0 19.072 25.418 484.805 22.018 0 1 9 210 0 0
 139 24257.000 43104.000 0 0 35.459 47.205 1673.878 40.913 0 1 9 210 0 0
 140 24095.000 43038.000 0 0 21.838 29.100 635.499 25.209 0 1 9 210 0 0
 141 24134.000 42984.000 0 0 51.928 69.096 3588.025 59.900 0 1 9 210 0 0
 142 24006.000 42872.000 0 0 73.946 98.365 7273.737 85.286 0 1 9 210 0 0
 143 25726.000 40650.000 0 0 133.720 167.345 22377.454 149.590 0 1 7 200 0 0
 144 23877.000 42761.000 0 0 65.846 87.570 5766.243 75.935 0 1 9 210 0 0
 145 25640.000 40483.000 0 0 207.658 259.443 53875.692 232.111 0 1 7 200 0 0
 146 23755.000 42637.000 0 0 13.744 18.269 251.106 15.846 0 1 9 210 0 0
 147 25597.000 40265.000 0 0 194.261 241.961 47004.000 216.804 0 1 7 200 0 0
 148 25549.000 40053.000 0 0 175.299 217.710 38164.369 195.357 0 1 7 200 0 0
 149 25484.000 39863.000 0 0 149.903 185.743 27843.654 166.864 0 1 7 200 0 0
 150 25407.000 39688.000 0 0 127.215 157.339 20016.126 141.478 0 1 7 200 0 0
 151 25316.000 39530.000 0 0 95.658 118.143 11301.480 106.308 0 1 7 200 0 0
 152 25209.000 39391.000 0 0 72.642 89.640 6511.690 80.695 0 1 7 200 0 0
 153 25103.000 39253.000 0 0 64.059 78.981 5059.523 71.130 0 1 7 200 0 0
 154 24984.000 39128.000 0 0 52.522 64.727 3399.646 58.306 0 1 7 200 0 0
 155 24879.000 38988.000 0 0 64.339 79.217 5096.804 71.391 0 1 7 200 0 0
 156 24759.000 38865.000 0 0 55.679 68.526 3815.511 61.769 0 1 7 200 0 0;
ProcessEquipmentIDList 1
  "6448" ;
SummarySpec 5
  TESTNO    NDEFECT    DEFDENSITY    NDIE    NDEFDIE  ;
SummaryList 
  1    156    0.5473    1    1  ;
EndOfFile;
