FileVersion 1 2;
FileTimestamp 01-04-26 01:54:33;
InspectionStationID "KLA-Tencor" "SFSSP1" "0901-0728-TBI";
SampleType WAFER;
ResultTimestamp 01-04-26 01:52:53;
LotID "2850";
SampleSize 1 200;
DeviceID "None";
SetupID "T2-2850A" 01-04-26 01:52:53;
StepID "6343";
SampleOrientationMarkType NOTCH;
OrientationMarkLocation DOWN;
DiePitch 200000 200000;
DieOrigin 0 0;
WaferID "02";
Slot 2;
SampleCenterLocation 100000 100000;
ClassLookup 1
  0 "0"  ;
OrientationInstructions "Front";
CoordinatesMirrored No;
InspectionTest 1;
SampleTestPlan 1
  0 0 ;
AreaPerTest 2.85014e+010;
ClusterClassificationList 3
  1 200 
  2 210 
  3 200 ;
DefectRecordSpec 15 DEFECTID XREL YREL XINDEX YINDEX XSIZE YSIZE DEFECTAREA DSIZE CLASSNUMBER TEST CLUSTERNUMBER ROUGHBINNUMBER FINEBINNUMBER REVIEWSAMPLE ;
DefectList
 1 102750.000 101463.000 0 0 0.000 0.000 0.000 0.272 0 1 0 0 0 0
 2 84647.000 87794.000 0 0 0.000 0.000 0.000 0.215 0 1 0 0 0 0
 3 89689.000 78940.000 0 0 0.000 0.000 0.000 0.226 0 1 0 0 0 0
 4 119214.000 78900.000 0 0 0.000 0.000 0.000 0.127 0 1 0 0 0 0
 5 91814.000 72594.000 0 0 0.000 0.000 0.000 0.132 0 1 0 0 0 0
 6 88705.000 70032.000 0 0 40.000 56.000 2240.000 47.328 0 1 1 200 0 0
 7 115127.000 65274.000 0 0 0.000 0.000 0.000 200000.000 0 1 0 200 0 0
 8 76132.000 57639.000 0 0 0.000 0.000 0.000 200000.000 0 1 0 200 0 0
 9 148213.000 85872.000 0 0 0.000 0.000 0.000 0.122 0 1 0 0 0 0
 10 93420.000 149777.000 0 0 0.000 0.000 0.000 0.120 0 1 0 0 0 0
 11 127909.000 56939.000 0 0 0.000 0.000 0.000 0.127 0 1 0 0 0 0
 12 82487.000 51323.000 0 0 0.000 0.000 0.000 200000.000 0 1 0 200 0 0
 13 98448.000 152479.000 0 0 0.000 0.000 0.000 0.177 0 1 0 0 0 0
 14 137837.000 62042.000 0 0 0.000 0.000 0.000 0.211 0 1 0 0 0 0
 15 130294.000 55046.000 0 0 0.000 0.000 0.000 0.127 0 1 0 0 0 0
 16 46142.000 98732.000 0 0 0.000 0.000 0.000 0.164 0 1 0 0 0 0
 17 87969.000 153289.000 0 0 34.000 54.000 1836.000 42.848 0 1 2 210 0 0
 18 89093.000 153742.000 0 0 32.000 54.000 1728.000 41.569 0 1 2 210 0 0
 19 89093.000 154036.000 0 0 32.000 54.000 1728.000 41.569 0 1 2 210 0 0
 20 87651.000 153899.000 0 0 34.000 54.000 1836.000 42.848 0 1 2 210 0 0
 21 87720.000 153990.000 0 0 34.000 54.000 1836.000 42.848 0 1 2 210 0 0
 22 87507.000 154775.000 0 0 34.000 54.000 1836.000 42.848 0 1 2 210 0 0
 23 87155.000 154127.000 0 0 34.000 54.000 1836.000 42.848 0 1 2 210 0 0
 24 87039.000 154767.000 0 0 34.000 54.000 1836.000 42.848 0 1 2 210 0 0
 25 86845.000 154777.000 0 0 34.000 54.000 1836.000 42.848 0 1 2 210 0 0
 26 86228.000 155127.000 0 0 36.000 54.000 1944.000 44.090 0 1 2 210 0 0
 27 83570.000 154593.000 0 0 0.000 0.000 0.000 200000.000 0 1 0 200 0 0
 28 85889.000 155764.000 0 0 36.000 54.000 1944.000 44.090 0 1 2 210 0 0
 29 85915.000 155607.000 0 0 36.000 54.000 1944.000 44.090 0 1 2 210 0 0
 30 151860.000 125854.000 0 0 0.000 0.000 0.000 0.269 0 1 0 0 0 0
 31 84850.000 155899.000 0 0 36.000 56.000 2016.000 44.899 0 1 2 210 0 0
 32 84669.000 156674.000 0 0 36.000 56.000 2016.000 44.899 0 1 2 210 0 0
 33 84681.000 156963.000 0 0 36.000 56.000 2016.000 44.899 0 1 2 210 0 0
 34 86112.000 42263.000 0 0 0.000 0.000 0.000 0.211 0 1 0 0 0 0
 35 110475.000 158306.000 0 0 0.000 0.000 0.000 0.147 0 1 0 0 0 0
 36 83417.000 157533.000 0 0 36.000 56.000 2016.000 44.899 0 1 2 210 0 0
 37 94695.000 39961.000 0 0 0.000 0.000 0.000 200000.000 0 1 0 200 0 0
 38 93798.000 39851.000 0 0 0.000 0.000 0.000 0.219 0 1 0 0 0 0
 39 49271.000 65989.000 0 0 0.000 0.000 0.000 0.127 0 1 0 0 0 0
 40 82004.000 168428.000 0 0 36.000 56.000 2016.000 44.899 0 1 3 200 0 0
 41 81785.000 168482.000 0 0 36.000 56.000 2016.000 44.899 0 1 3 200 0 0
 42 181107.000 100704.000 0 0 0.000 0.000 0.000 0.145 0 1 0 0 0 0
 43 19293.000 108730.000 0 0 0.000 0.000 0.000 0.201 0 1 0 0 0 0
 44 19798.000 76360.000 0 0 0.000 0.000 0.000 0.122 0 1 0 0 0 0
 45 134191.000 22444.000 0 0 0.000 0.000 0.000 0.131 0 1 0 0 0 0
 46 150585.000 168222.000 0 0 0.000 0.000 0.000 0.122 0 1 0 0 0 0
 47 189241.000 96429.000 0 0 0.000 0.000 0.000 0.144 0 1 0 0 0 0
 48 164867.000 38134.000 0 0 0.000 0.000 0.000 0.226 0 1 0 0 0 0
 49 171968.000 46220.000 0 0 0.000 0.000 0.000 0.154 0 1 0 0 0 0
 50 11484.000 125394.000 0 0 0.000 0.000 0.000 0.259 0 1 0 0 0 0
 51 7802.000 100099.000 0 0 0.000 0.000 0.000 0.121 0 1 0 0 0 0
 52 11118.000 125356.000 0 0 0.000 0.000 0.000 0.180 0 1 0 0 0 0
 53 10827.000 125278.000 0 0 0.000 0.000 0.000 0.120 0 1 0 0 0 0
 54 191579.000 116429.000 0 0 0.000 0.000 0.000 0.252 0 1 0 0 0 0
 55 88682.000 70713.000 0 0 137.584 53.169 7315.366 85.529 0 1 1 200 0 0
 56 88605.000 70561.000 0 0 186.323 72.123 13438.256 115.923 0 1 1 200 0 0
 57 88541.000 70405.000 0 0 194.370 75.260 14628.286 120.947 0 1 1 200 0 0
 58 88649.000 70361.000 0 0 8.522 3.263 27.817 5.274 0 1 1 200 0 0
 59 88476.000 70248.000 0 0 249.553 96.666 24123.443 155.317 0 1 1 200 0 0
 60 88400.000 70094.000 0 0 240.848 93.423 22500.872 150.002 0 1 1 200 0 0
 61 88330.000 69941.000 0 0 260.816 101.257 26409.710 162.510 0 1 1 200 0 0
 62 88291.000 69773.000 0 0 275.794 106.839 29465.618 171.655 0 1 1 200 0 0
 63 88242.000 69608.000 0 0 202.515 78.350 15867.277 125.965 0 1 1 200 0 0
 64 88170.000 69455.000 0 0 147.897 57.282 8471.883 92.042 0 1 1 200 0 0
 65 88261.000 69417.000 0 0 8.793 3.375 29.683 5.448 0 1 1 200 0 0
 66 89136.000 152413.000 0 0 22.612 4.686 105.984 10.294 0 1 2 210 0 0
 67 89100.000 152580.000 0 0 40.328 8.360 337.156 18.361 0 1 2 210 0 0
 68 88960.000 152551.000 0 0 10.073 2.116 21.318 4.617 0 1 2 210 0 0
 69 89065.000 152746.000 0 0 126.844 26.297 3335.687 57.755 0 1 2 210 0 0
 70 88935.000 152719.000 0 0 69.350 14.556 1009.503 31.772 0 1 2 210 0 0
 71 88601.000 152648.000 0 0 30.282 6.556 198.548 14.090 0 1 2 210 0 0
 72 89035.000 152913.000 0 0 145.022 30.053 4358.441 66.018 0 1 2 210 0 0
 73 88908.000 152888.000 0 0 81.129 17.015 1380.485 37.154 0 1 2 210 0 0
 74 88542.000 152810.000 0 0 116.453 25.266 2942.418 54.244 0 1 2 210 0 0
 75 88949.000 153069.000 0 0 290.012 60.396 17515.743 132.347 0 1 2 210 0 0
 76 88540.000 152982.000 0 0 147.605 31.928 4712.839 68.650 0 1 2 210 0 0
 77 88930.000 153239.000 0 0 273.075 56.782 15505.945 124.522 0 1 2 210 0 0
 78 88786.000 153209.000 0 0 12.755 2.688 34.293 5.855 0 1 2 210 0 0
 79 88502.000 153148.000 0 0 160.751 34.777 5590.552 74.769 0 1 2 210 0 0
 80 88344.000 153113.000 0 0 96.754 21.233 2054.439 45.325 0 1 2 210 0 0
 81 88167.000 153073.000 0 0 78.871 17.585 1386.955 37.241 0 1 2 210 0 0
 82 88105.000 153061.000 0 0 12.720 2.851 36.274 6.022 0 1 2 210 0 0
 83 88898.000 153406.000 0 0 289.369 60.155 17407.154 131.936 0 1 2 210 0 0
 84 88421.000 153304.000 0 0 323.731 70.326 22767.063 150.887 0 1 2 210 0 0
 85 88099.000 153232.000 0 0 150.555 33.659 5067.610 71.187 0 1 2 210 0 0
 86 88856.000 153571.000 0 0 277.349 57.697 16002.357 126.500 0 1 2 210 0 0
 87 88455.000 153486.000 0 0 206.296 44.529 9186.268 95.845 0 1 2 210 0 0
 88 88278.000 153447.000 0 0 94.800 20.792 1971.116 44.397 0 1 2 210 0 0
 89 88062.000 153398.000 0 0 94.714 21.174 2005.572 44.783 0 1 2 210 0 0
 90 88796.000 153733.000 0 0 244.702 51.024 12485.911 111.740 0 1 2 210 0 0
 91 88421.000 153652.000 0 0 221.189 47.737 10559.070 102.757 0 1 2 210 0 0
 92 88235.000 153612.000 0 0 107.938 23.688 2556.923 50.566 0 1 2 210 0 0
 93 88019.000 153563.000 0 0 123.247 27.568 3397.820 58.290 0 1 2 210 0 0
 94 87555.000 153457.000 0 0 35.877 8.352 299.687 17.311 0 1 2 210 0 0
 95 88821.000 153911.000 0 0 90.449 18.755 1696.452 41.188 0 1 2 210 0 0
 96 88713.000 153888.000 0 0 56.833 11.904 676.550 26.010 0 1 2 210 0 0
 97 88310.000 153802.000 0 0 350.762 76.214 26733.033 163.502 0 1 2 210 0 0
 98 87999.000 153733.000 0 0 149.397 33.368 4985.150 70.605 0 1 2 210 0 0
 99 87911.000 153714.000 0 0 15.451 3.477 53.732 7.330 0 1 2 210 0 0
 100 87513.000 153622.000 0 0 77.116 17.958 1384.899 37.214 0 1 2 210 0 0
 101 87463.000 153611.000 0 0 7.707 1.802 13.893 3.727 0 1 2 210 0 0
 102 88804.000 154081.000 0 0 67.403 13.954 940.583 30.668 0 1 2 210 0 0
 103 88234.000 153959.000 0 0 274.482 59.852 16428.390 128.173 0 1 2 210 0 0
 104 87958.000 153897.000 0 0 173.106 38.677 6695.247 81.824 0 1 2 210 0 0
 105 87599.000 153817.000 0 0 67.074 15.456 1036.724 32.198 0 1 2 210 0 0
 106 87480.000 153790.000 0 0 126.347 29.408 3715.699 60.956 0 1 2 210 0 0
 107 88258.000 154138.000 0 0 83.047 18.012 1495.895 38.676 0 1 2 210 0 0
 108 88140.000 154113.000 0 0 137.486 30.134 4143.068 64.366 0 1 2 210 0 0
 109 87944.000 154070.000 0 0 194.459 43.359 8431.601 91.823 0 1 2 210 0 0
 110 87564.000 153984.000 0 0 64.695 14.903 964.197 31.051 0 1 2 210 0 0
 111 87439.000 153954.000 0 0 113.800 26.494 3015.115 54.910 0 1 2 210 0 0
 112 88211.000 154301.000 0 0 57.269 12.433 712.068 26.684 0 1 2 210 0 0
 113 88110.000 154280.000 0 0 33.829 7.410 250.697 15.833 0 1 2 210 0 0
 114 88071.000 154272.000 0 0 33.823 7.435 251.482 15.858 0 1 2 210 0 0
 115 87990.000 154254.000 0 0 13.006 2.879 37.449 6.119 0 1 2 210 0 0
 116 87893.000 154232.000 0 0 171.582 38.306 6572.783 81.072 0 1 2 210 0 0
 117 87461.000 154134.000 0 0 283.263 65.613 18585.989 136.330 0 1 2 210 0 0
 118 87829.000 154392.000 0 0 198.161 44.341 8786.725 93.737 0 1 2 210 0 0
 119 87438.000 154303.000 0 0 267.815 61.957 16593.178 128.814 0 1 2 210 0 0
 120 87294.000 154269.000 0 0 7.802 1.826 14.253 3.775 0 1 2 210 0 0
 121 87269.000 154263.000 0 0 31.211 7.322 228.559 15.118 0 1 2 210 0 0
 122 87807.000 154562.000 0 0 104.621 23.380 2446.099 49.458 0 1 2 210 0 0
 123 87731.000 154545.000 0 0 20.917 4.705 98.424 9.920 0 1 2 210 0 0
 124 87402.000 154470.000 0 0 258.504 59.787 15455.392 124.319 0 1 2 210 0 0
 125 87223.000 154427.000 0 0 52.178 12.249 639.182 25.282 0 1 2 210 0 0
 126 86657.000 154291.000 0 0 15.616 3.838 59.943 7.742 0 1 2 210 0 0
 127 87746.000 154722.000 0 0 57.712 12.924 745.899 27.311 0 1 2 210 0 0
 128 87316.000 154624.000 0 0 332.555 77.221 25680.278 160.250 0 1 2 210 0 0
 129 86726.000 154483.000 0 0 73.126 17.816 1302.854 36.095 0 1 2 210 0 0
 130 86607.000 154454.000 0 0 70.477 17.334 1221.672 34.952 0 1 2 210 0 0
 131 87727.000 154892.000 0 0 36.841 8.237 303.469 17.420 0 1 2 210 0 0
 132 87223.000 154777.000 0 0 226.211 52.764 11936.045 109.252 0 1 2 210 0 0
 133 86703.000 154652.000 0 0 96.938 23.585 2286.349 47.815 0 1 2 210 0 0
 134 86574.000 154621.000 0 0 96.882 23.814 2307.213 48.033 0 1 2 210 0 0
 135 87219.000 154950.000 0 0 105.365 24.508 2582.338 50.816 0 1 2 210 0 0
 136 87143.000 154932.000 0 0 18.433 4.314 79.533 8.918 0 1 2 210 0 0
 137 87106.000 154924.000 0 0 47.391 11.125 527.267 22.962 0 1 2 210 0 0
 138 86658.000 154816.000 0 0 105.109 25.583 2689.108 51.856 0 1 2 210 0 0
 139 86530.000 154786.000 0 0 126.061 30.996 3907.452 62.509 0 1 2 210 0 0
 140 86434.000 154762.000 0 0 65.628 16.258 1067.014 32.665 0 1 2 210 0 0
 141 87175.000 155115.000 0 0 18.495 4.303 79.600 8.921 0 1 2 210 0 0
 142 87150.000 155110.000 0 0 26.416 6.159 162.717 12.756 0 1 2 210 0 0
 143 86534.000 154960.000 0 0 349.608 85.662 29948.240 173.055 0 1 2 210 0 0
 144 86530.000 155136.000 0 0 277.711 67.850 18842.892 137.269 0 1 2 210 0 0
 145 86348.000 155090.000 0 0 73.941 18.324 1354.940 36.809 0 1 2 210 0 0
 146 86446.000 155289.000 0 0 368.406 90.314 33272.388 182.407 0 1 2 210 0 0
 147 86399.000 155453.000 0 0 350.887 86.063 30198.708 173.777 0 1 2 210 0 0
 148 85292.000 155171.000 0 0 18.514 4.935 91.379 9.559 0 1 2 210 0 0
 149 86452.000 155642.000 0 0 80.021 19.485 1559.241 39.487 0 1 2 210 0 0
 150 86295.000 155602.000 0 0 216.509 53.365 11554.180 107.490 0 1 2 210 0 0
 151 85374.000 155367.000 0 0 98.206 25.944 2547.867 50.476 0 1 2 210 0 0
 152 85288.000 155345.000 0 0 23.877 6.347 151.559 12.310 0 1 2 210 0 0
 153 85257.000 155336.000 0 0 21.221 5.654 119.987 10.953 0 1 2 210 0 0
 154 86400.000 155804.000 0 0 10.697 2.607 27.888 5.280 0 1 2 210 0 0
 155 86282.000 155774.000 0 0 104.273 25.648 2674.460 51.715 0 1 2 210 0 0
 156 86210.000 155756.000 0 0 16.038 3.966 63.625 7.976 0 1 2 210 0 0
 157 85294.000 155522.000 0 0 187.020 49.536 9264.290 96.251 0 1 2 210 0 0
 158 86225.000 155935.000 0 0 64.353 15.848 1019.881 31.935 0 1 2 210 0 0
 159 85268.000 155691.000 0 0 221.991 58.726 13036.898 114.179 0 1 2 210 0 0
 160 84712.000 155540.000 0 0 197.018 54.232 10684.790 103.367 0 1 2 210 0 0
 161 85220.000 155854.000 0 0 252.372 66.782 16854.052 129.823 0 1 2 210 0 0
 162 84668.000 155705.000 0 0 210.958 58.064 12249.151 110.675 0 1 2 210 0 0
 163 85187.000 156021.000 0 0 252.439 66.749 16850.324 129.808 0 1 2 210 0 0
 164 84615.000 155867.000 0 0 232.996 64.164 14950.189 122.270 0 1 2 210 0 0
 165 84290.000 155776.000 0 0 26.736 7.530 201.337 14.189 0 1 2 210 0 0
 166 85134.000 156182.000 0 0 245.086 64.852 15894.527 126.073 0 1 2 210 0 0
 167 84580.000 156033.000 0 0 201.454 55.440 11168.771 105.682 0 1 2 210 0 0
 168 84374.000 155975.000 0 0 10.729 2.995 32.140 5.669 0 1 2 210 0 0
 169 84323.000 155962.000 0 0 16.097 4.509 72.593 8.520 0 1 2 210 0 0
 170 84217.000 155931.000 0 0 147.466 41.614 6136.708 78.337 0 1 2 210 0 0
 171 85070.000 156342.000 0 0 189.251 50.150 9491.116 97.422 0 1 2 210 0 0
 172 84556.000 156203.000 0 0 257.332 70.714 18197.187 134.896 0 1 2 210 0 0
 173 84327.000 156139.000 0 0 137.245 38.317 5258.914 72.518 0 1 2 210 0 0
 174 84195.000 156102.000 0 0 115.640 32.579 3767.480 61.379 0 1 2 210 0 0
 175 84121.000 156082.000 0 0 18.819 5.328 100.285 10.014 0 1 2 210 0 0
 176 84985.000 156495.000 0 0 70.755 18.805 1330.577 36.477 0 1 2 210 0 0
 177 84511.000 156367.000 0 0 270.204 74.253 20063.611 141.646 0 1 2 210 0 0
 178 84290.000 156305.000 0 0 16.196 4.519 73.192 8.555 0 1 2 210 0 0
 179 84119.000 156258.000 0 0 148.327 41.873 6210.998 78.809 0 1 2 210 0 0
 180 84461.000 156528.000 0 0 279.113 76.726 21415.324 146.339 0 1 2 210 0 0
 181 84256.000 156473.000 0 0 87.248 24.324 2122.276 46.068 0 1 2 210 0 0
 182 84075.000 156422.000 0 0 158.984 44.874 7134.279 84.464 0 1 2 210 0 0
 183 84252.000 156647.000 0 0 597.788 166.193 99348.636 315.196 0 1 2 210 0 0
 184 84432.000 156874.000 0 0 54.524 14.924 813.772 28.526 0 1 2 210 0 0
 185 84309.000 156840.000 0 0 27.246 7.521 204.934 14.315 0 1 2 210 0 0
 186 84090.000 156779.000 0 0 399.906 112.062 44814.463 211.694 0 1 2 210 0 0
 187 84276.000 157008.000 0 0 106.580 29.397 3133.182 55.974 0 1 2 210 0 0
 188 84028.000 156938.000 0 0 376.667 105.661 39799.230 199.497 0 1 2 210 0 0
 189 84201.000 157163.000 0 0 68.505 18.934 1297.145 36.015 0 1 2 210 0 0
 190 83771.000 157042.000 0 0 459.390 130.705 60044.775 245.040 0 1 2 210 0 0
 191 83839.000 157238.000 0 0 183.836 51.907 9542.552 97.685 0 1 2 210 0 0
 192 83787.000 157401.000 0 0 173.353 48.965 8488.399 92.132 0 1 2 210 0 0
 193 83704.000 157553.000 0 0 212.440 60.151 12778.723 113.043 0 1 2 210 0 0
 194 83744.000 157741.000 0 0 8.301 2.337 19.402 4.404 0 1 2 210 0 0
 195 83730.000 157737.000 0 0 8.300 2.339 19.417 4.406 0 1 2 210 0 0
 196 83655.000 157716.000 0 0 124.505 35.260 4390.083 66.257 0 1 2 210 0 0
 197 82007.000 167665.000 0 0 19.464 5.175 100.744 10.037 0 1 3 200 0 0
 198 81881.000 167632.000 0 0 22.695 6.080 137.999 11.747 0 1 3 200 0 0
 199 81965.000 167830.000 0 0 55.275 14.697 812.411 28.502 0 1 3 200 0 0
 200 81839.000 167796.000 0 0 90.995 24.375 2218.083 47.096 0 1 3 200 0 0
 201 82012.000 168018.000 0 0 16.306 4.312 70.317 8.385 0 1 3 200 0 0
 202 81914.000 167993.000 0 0 61.925 16.472 1020.089 31.938 0 1 3 200 0 0
 203 81806.000 167963.000 0 0 107.512 28.782 3094.422 55.627 0 1 3 200 0 0
 204 81848.000 168150.000 0 0 284.225 75.707 21518.043 146.690 0 1 3 200 0 0
 205 81798.000 168314.000 0 0 294.729 78.530 23145.208 152.135 0 1 3 200 0 0
 206 81878.000 168510.000 0 0 29.556 7.818 231.088 15.201 0 1 3 200 0 0
 207 81732.000 168471.000 0 0 256.023 68.309 17488.939 132.245 0 1 3 200 0 0
 208 81668.000 168631.000 0 0 197.395 52.727 10408.255 102.020 0 1 3 200 0 0
 209 81584.000 168784.000 0 0 98.921 26.485 2619.962 51.185 0 1 3 200 0 0;
ProcessEquipmentIDList 1
  "6448" ;
SummarySpec 5
  TESTNO    NDEFECT    DEFDENSITY    NDIE    NDEFDIE  ;
SummaryList 
  1    209    0.7333    1    1  ;
EndOfFile;
