FileVersion 1 2;
FileTimestamp 01-04-26 01:38:46;
InspectionStationID "KLA-Tencor" "SFSSP1" "0901-0728-TBI";
SampleType WAFER;
ResultTimestamp 01-04-26 01:36:31;
LotID "2850";
SampleSize 1 200;
DeviceID "None";
SetupID "T2-2850A" 01-04-26 01:36:31;
StepID "6343";
SampleOrientationMarkType NOTCH;
OrientationMarkLocation DOWN;
DiePitch 200000 200000;
DieOrigin 0 0;
WaferID "03";
Slot 3;
SampleCenterLocation 100000 100000;
ClassLookup 1
  0 "0"  ;
OrientationInstructions "Front";
CoordinatesMirrored No;
InspectionTest 1;
SampleTestPlan 1
  0 0 ;
AreaPerTest 2.8501e+010;
ClusterClassificationList 2
  1 200 
  2 200 ;
DefectRecordSpec 15 DEFECTID XREL YREL XINDEX YINDEX XSIZE YSIZE DEFECTAREA DSIZE CLASSNUMBER TEST CLUSTERNUMBER ROUGHBINNUMBER FINEBINNUMBER REVIEWSAMPLE ;
DefectList
 1 78168.000 68572.000 0 0 0.000 0.000 0.000 0.126 0 1 0 0 0 0
 2 137705.000 83487.000 0 0 0.000 0.000 0.000 0.129 0 1 0 0 0 0
 3 140091.000 125433.000 0 0 0.000 0.000 0.000 0.164 0 1 0 0 0 0
 4 116919.000 52341.000 0 0 0.000 0.000 0.000 0.126 0 1 0 0 0 0
 5 72467.000 142291.000 0 0 0.000 0.000 0.000 0.240 0 1 0 0 0 0
 6 65494.000 139700.000 0 0 0.000 0.000 0.000 0.140 0 1 0 0 0 0
 7 109399.000 47959.000 0 0 0.000 0.000 0.000 0.135 0 1 0 0 0 0
 8 152452.000 153327.000 0 0 0.000 0.000 0.000 0.189 0 1 0 0 0 0
 9 180661.000 94528.000 0 0 0.000 0.000 0.000 0.122 0 1 0 0 0 0
 10 179175.000 122270.000 0 0 0.000 0.000 0.000 0.127 0 1 0 0 0 0
 11 38162.000 155179.000 0 0 0.000 0.000 0.000 0.135 0 1 0 0 0 0
 12 16008.000 113135.000 0 0 52.000 30.000 1560.000 39.496 0 1 1 200 0 0
 13 15447.000 112970.000 0 0 52.000 30.000 1560.000 39.496 0 1 1 200 0 0
 14 15291.000 113248.000 0 0 52.000 30.000 1560.000 39.496 0 1 1 200 0 0
 15 15359.000 113146.000 0 0 52.000 30.000 1560.000 39.496 0 1 1 200 0 0
 16 15210.000 113594.000 0 0 52.000 30.000 1560.000 39.496 0 1 1 200 0 0
 17 14544.000 113589.000 0 0 52.000 30.000 1560.000 39.496 0 1 1 200 0 0
 18 14514.000 114158.000 0 0 52.000 32.000 1664.000 40.792 0 1 1 200 0 0
 19 14520.000 113799.000 0 0 52.000 30.000 1560.000 39.496 0 1 1 200 0 0
 20 14560.000 113713.000 0 0 52.000 30.000 1560.000 39.496 0 1 1 200 0 0
 21 14340.000 114102.000 0 0 52.000 32.000 1664.000 40.792 0 1 1 200 0 0
 22 49132.000 174929.000 0 0 0.000 0.000 0.000 200000.000 0 1 0 200 0 0
 23 43025.000 170855.000 0 0 0.000 0.000 0.000 200000.000 0 1 0 200 0 0
 24 48298.000 174793.000 0 0 0.000 0.000 0.000 0.366 0 1 0 0 0 0
 25 43193.000 172874.000 0 0 50.000 54.000 2700.000 51.961 0 1 2 200 0 0
 26 43801.000 173665.000 0 0 50.000 54.000 2700.000 51.961 0 1 2 200 0 0
 27 43112.000 173189.000 0 0 50.000 54.000 2700.000 51.961 0 1 2 200 0 0
 28 43131.000 173078.000 0 0 50.000 54.000 2700.000 51.961 0 1 2 200 0 0
 29 187185.000 131667.000 0 0 0.000 0.000 0.000 200000.000 0 1 0 200 0 0
 30 43532.000 173621.000 0 0 50.000 54.000 2700.000 51.961 0 1 2 200 0 0
 31 43351.000 173493.000 0 0 50.000 54.000 2700.000 51.961 0 1 2 200 0 0
 32 40878.000 172619.000 0 0 0.000 0.000 0.000 200000.000 0 1 0 200 0 0
 33 19724.000 152842.000 0 0 0.000 0.000 0.000 200000.000 0 1 0 200 0 0
 34 15866.000 145826.000 0 0 0.000 0.000 0.000 200000.000 0 1 0 200 0 0
 35 38544.000 173733.000 0 0 0.000 0.000 0.000 0.201 0 1 0 0 0 0
 36 14940.000 145516.000 0 0 0.000 0.000 0.000 200000.000 0 1 0 200 0 0
 37 28413.000 164571.000 0 0 0.000 0.000 0.000 0.230 0 1 0 0 0 0
 38 43297.000 178295.000 0 0 0.000 0.000 0.000 200000.000 0 1 0 200 0 0
 39 30001.000 167014.000 0 0 0.000 0.000 0.000 200000.000 0 1 0 200 0 0
 40 15899.000 112905.000 0 0 16.086 104.828 1686.284 41.064 0 1 1 200 0 0
 41 15771.000 113182.000 0 0 10.742 68.639 737.377 27.154 0 1 1 200 0 0
 42 15739.000 112979.000 0 0 47.287 306.986 14516.658 120.485 0 1 1 200 0 0
 43 15630.000 113376.000 0 0 3.846 24.259 93.307 9.659 0 1 1 200 0 0
 44 15613.000 113274.000 0 0 1.908 12.132 23.154 4.811 0 1 1 200 0 0
 45 15577.000 113043.000 0 0 60.651 392.557 23809.268 154.302 0 1 1 200 0 0
 46 15463.000 113413.000 0 0 18.004 113.474 2043.047 45.200 0 1 1 200 0 0
 47 15420.000 113138.000 0 0 62.350 401.395 25027.164 158.199 0 1 1 200 0 0
 48 15296.000 113443.000 0 0 14.176 89.323 1266.276 35.584 0 1 1 200 0 0
 49 15138.000 113527.000 0 0 2.593 16.267 42.183 6.494 0 1 1 200 0 0
 50 15128.000 113474.000 0 0 7.751 48.827 378.504 19.455 0 1 1 200 0 0
 51 14963.000 113507.000 0 0 22.662 142.672 3233.298 56.862 0 1 1 200 0 0
 52 14836.000 113793.000 0 0 3.966 24.487 97.120 9.854 0 1 1 200 0 0
 53 14816.000 113669.000 0 0 5.898 36.760 216.845 14.725 0 1 1 200 0 0
 54 14795.000 113540.000 0 0 24.663 155.203 3827.941 61.870 0 1 1 200 0 0
 55 14659.000 113762.000 0 0 27.049 167.740 4537.347 67.359 0 1 1 200 0 0
 56 14626.000 113562.000 0 0 21.454 135.054 2897.528 53.828 0 1 1 200 0 0
 57 14514.000 113922.000 0 0 5.337 32.773 174.931 13.226 0 1 1 200 0 0
 58 14492.000 113791.000 0 0 3.965 24.586 97.500 9.874 0 1 1 200 0 0
 59 14456.000 113573.000 0 0 9.760 61.512 600.372 24.502 0 1 1 200 0 0
 60 14337.000 113899.000 0 0 37.981 234.077 8890.636 94.290 0 1 1 200 0 0
 61 14289.000 113606.000 0 0 5.216 32.859 171.410 13.092 0 1 1 200 0 0
 62 14168.000 113920.000 0 0 41.373 255.104 10554.515 102.735 0 1 1 200 0 0
 63 14018.000 114053.000 0 0 4.714 28.843 135.976 11.660 0 1 1 200 0 0
 64 13998.000 113927.000 0 0 32.047 197.889 6341.958 79.636 0 1 1 200 0 0
 65 43466.000 172606.000 0 0 10.438 8.127 84.841 9.210 0 1 2 200 0 0
 66 43337.000 172720.000 0 0 87.157 67.912 5919.106 76.935 0 1 2 200 0 0
 67 43368.000 172959.000 0 0 13.985 10.855 151.825 12.321 0 1 2 200 0 0
 68 43243.000 172864.000 0 0 94.313 73.464 6928.735 83.239 0 1 2 200 0 0
 69 43232.000 173069.000 0 0 161.128 125.181 20170.248 142.021 0 1 2 200 0 0
 70 43111.000 172976.000 0 0 17.485 13.631 238.356 15.438 0 1 2 200 0 0
 71 43149.000 173219.000 0 0 115.827 89.934 10416.835 102.062 0 1 2 200 0 0;
ProcessEquipmentIDList 1
  "6448" ;
SummarySpec 5
  TESTNO    NDEFECT    DEFDENSITY    NDIE    NDEFDIE  ;
SummaryList 
  1    71    0.2491    1    1  ;
EndOfFile;
