FileVersion 1 2;
FileTimestamp 01-05-26 22:14:55;
InspectionStationID "KLA-Tencor" "SFSSP1" "0901-0728-TBI";
SampleType WAFER;
ResultTimestamp 01-05-26 22:13:40;
LotID "2580";
SampleSize 1 200;
DeviceID "None";
SetupID "T2-2580NR" 01-05-26 22:13:40;
StepID "5481";
SampleOrientationMarkType NOTCH;
OrientationMarkLocation DOWN;
DiePitch 200000 200000;
DieOrigin 0 0;
WaferID "01";
Slot 1;
SampleCenterLocation 100000 100000;
ClassLookup 1
  0 "0"  ;
OrientationInstructions "Front";
CoordinatesMirrored No;
InspectionTest 1;
SampleTestPlan 1
  0 0 ;
AreaPerTest 2.73522e+010;
DefectRecordSpec 15 DEFECTID XREL YREL XINDEX YINDEX XSIZE YSIZE DEFECTAREA DSIZE CLASSNUMBER TEST CLUSTERNUMBER ROUGHBINNUMBER FINEBINNUMBER REVIEWSAMPLE ;
DefectList
 1 97006.000 106580.000 0 0 0.000 0.000 0.000 0.133 0 1 0 0 0 0
 2 107096.000 96979.000 0 0 0.000 0.000 0.000 0.131 0 1 0 0 0 0
 3 107784.000 98741.000 0 0 0.000 0.000 0.000 0.148 0 1 0 0 0 0
 4 102486.000 107855.000 0 0 0.000 0.000 0.000 0.140 0 1 0 0 0 0
 5 102015.000 107972.000 0 0 0.000 0.000 0.000 0.130 0 1 0 0 0 0
 6 99814.000 108614.000 0 0 0.000 0.000 0.000 0.132 0 1 0 0 0 0
 7 93960.000 94023.000 0 0 0.000 0.000 0.000 0.136 0 1 0 0 0 0
 8 108371.000 94815.000 0 0 0.000 0.000 0.000 0.131 0 1 0 0 0 0
 9 109043.000 91781.000 0 0 0.000 0.000 0.000 0.331 0 1 0 0 0 0
 10 106639.000 88125.000 0 0 0.000 0.000 0.000 0.137 0 1 0 0 0 0
 11 111448.000 108621.000 0 0 0.000 0.000 0.000 0.171 0 1 0 0 0 0
 12 84731.000 105703.000 0 0 0.000 0.000 0.000 0.141 0 1 0 0 0 0
 13 83827.000 103439.000 0 0 0.000 0.000 0.000 0.133 0 1 0 0 0 0
 14 84702.000 93628.000 0 0 0.000 0.000 0.000 0.154 0 1 0 0 0 0
 15 116796.000 105189.000 0 0 0.000 0.000 0.000 0.131 0 1 0 0 0 0
 16 107138.000 116648.000 0 0 0.000 0.000 0.000 0.131 0 1 0 0 0 0
 17 115250.000 110656.000 0 0 0.000 0.000 0.000 0.154 0 1 0 0 0 0
 18 94906.000 118183.000 0 0 0.000 0.000 0.000 0.133 0 1 0 0 0 0
 19 118740.000 97536.000 0 0 0.000 0.000 0.000 0.136 0 1 0 0 0 0
 20 118866.000 100448.000 0 0 0.000 0.000 0.000 0.138 0 1 0 0 0 0
 21 103752.000 81159.000 0 0 0.000 0.000 0.000 0.130 0 1 0 0 0 0
 22 119045.000 96163.000 0 0 0.000 0.000 0.000 0.143 0 1 0 0 0 0
 23 110100.000 117341.000 0 0 0.000 0.000 0.000 0.130 0 1 0 0 0 0
 24 106204.000 119038.000 0 0 0.000 0.000 0.000 0.149 0 1 0 0 0 0
 25 79869.000 104945.000 0 0 0.000 0.000 0.000 0.147 0 1 0 0 0 0
 26 80416.000 91550.000 0 0 0.000 0.000 0.000 0.137 0 1 0 0 0 0
 27 79787.000 108053.000 0 0 0.000 0.000 0.000 0.132 0 1 0 0 0 0
 28 118484.000 87199.000 0 0 0.000 0.000 0.000 0.132 0 1 0 0 0 0
 29 85171.000 117567.000 0 0 0.000 0.000 0.000 0.140 0 1 0 0 0 0
 30 101942.000 77273.000 0 0 0.000 0.000 0.000 0.132 0 1 0 0 0 0
 31 122938.000 104266.000 0 0 0.000 0.000 0.000 0.137 0 1 0 0 0 0
 32 89768.000 121382.000 0 0 0.000 0.000 0.000 0.139 0 1 0 0 0 0
 33 75690.000 100565.000 0 0 0.000 0.000 0.000 0.139 0 1 0 0 0 0
 34 75499.000 103116.000 0 0 0.000 0.000 0.000 0.131 0 1 0 0 0 0
 35 79546.000 86227.000 0 0 0.000 0.000 0.000 0.143 0 1 0 0 0 0
 36 93868.000 124229.000 0 0 0.000 0.000 0.000 0.134 0 1 0 0 0 0
 37 83650.000 81537.000 0 0 0.000 0.000 0.000 0.155 0 1 0 0 0 0
 38 103830.000 125280.000 0 0 0.000 0.000 0.000 0.143 0 1 0 0 0 0
 39 75572.000 107374.000 0 0 0.000 0.000 0.000 0.147 0 1 0 0 0 0
 40 125045.000 96101.000 0 0 0.000 0.000 0.000 0.131 0 1 0 0 0 0
 41 87643.000 123015.000 0 0 0.000 0.000 0.000 0.150 0 1 0 0 0 0
 42 118433.000 118929.000 0 0 0.000 0.000 0.000 0.165 0 1 0 0 0 0
 43 77771.000 86092.000 0 0 0.000 0.000 0.000 0.167 0 1 0 0 0 0
 44 116339.000 78126.000 0 0 0.000 0.000 0.000 0.136 0 1 0 0 0 0
 45 76160.000 84956.000 0 0 0.000 0.000 0.000 0.146 0 1 0 0 0 0
 46 73609.000 89803.000 0 0 0.000 0.000 0.000 0.163 0 1 0 0 0 0
 47 78057.000 121164.000 0 0 0.000 0.000 0.000 0.140 0 1 0 0 0 0
 48 72732.000 84921.000 0 0 0.000 0.000 0.000 0.138 0 1 0 0 0 0
 49 89434.000 70661.000 0 0 0.000 0.000 0.000 0.141 0 1 0 0 0 0
 50 98469.000 131550.000 0 0 0.000 0.000 0.000 0.165 0 1 0 0 0 0
 51 79078.000 124427.000 0 0 0.000 0.000 0.000 0.132 0 1 0 0 0 0
 52 78764.000 76119.000 0 0 0.000 0.000 0.000 0.146 0 1 0 0 0 0
 53 130233.000 111250.000 0 0 0.000 0.000 0.000 0.151 0 1 0 0 0 0
 54 125662.000 120316.000 0 0 0.000 0.000 0.000 0.134 0 1 0 0 0 0
 55 86821.000 130095.000 0 0 0.000 0.000 0.000 0.153 0 1 0 0 0 0
 56 67424.000 97169.000 0 0 0.000 0.000 0.000 0.133 0 1 0 0 0 0
 57 69754.000 87224.000 0 0 0.000 0.000 0.000 0.143 0 1 0 0 0 0
 58 97979.000 67024.000 0 0 0.000 0.000 0.000 0.137 0 1 0 0 0 0
 59 67029.000 105415.000 0 0 0.000 0.000 0.000 0.151 0 1 0 0 0 0
 60 66034.000 102233.000 0 0 0.000 0.000 0.000 0.158 0 1 0 0 0 0
 61 91223.000 67363.000 0 0 0.000 0.000 0.000 0.144 0 1 0 0 0 0
 62 131644.000 87709.000 0 0 0.000 0.000 0.000 0.137 0 1 0 0 0 0
 63 116417.000 70225.000 0 0 0.000 0.000 0.000 0.139 0 1 0 0 0 0
 64 66543.000 91488.000 0 0 0.000 0.000 0.000 0.130 0 1 0 0 0 0
 65 65049.000 104218.000 0 0 0.000 0.000 0.000 0.143 0 1 0 0 0 0
 66 113370.000 66921.000 0 0 0.000 0.000 0.000 0.130 0 1 0 0 0 0
 67 113666.000 66615.000 0 0 0.000 0.000 0.000 0.134 0 1 0 0 0 0
 68 77388.000 129218.000 0 0 0.000 0.000 0.000 0.162 0 1 0 0 0 0
 69 65312.000 114270.000 0 0 0.000 0.000 0.000 0.130 0 1 0 0 0 0
 70 83444.000 66208.000 0 0 0.000 0.000 0.000 0.153 0 1 0 0 0 0
 71 66714.000 118480.000 0 0 0.000 0.000 0.000 0.142 0 1 0 0 0 0
 72 121916.000 68591.000 0 0 0.000 0.000 0.000 0.147 0 1 0 0 0 0
 73 102647.000 60793.000 0 0 0.000 0.000 0.000 0.133 0 1 0 0 0 0
 74 138858.000 93685.000 0 0 0.000 0.000 0.000 0.153 0 1 0 0 0 0
 75 118319.000 65181.000 0 0 0.000 0.000 0.000 0.152 0 1 0 0 0 0
 76 139500.000 107334.000 0 0 0.000 0.000 0.000 0.149 0 1 0 0 0 0
 77 95542.000 140200.000 0 0 0.000 0.000 0.000 0.146 0 1 0 0 0 0
 78 131396.000 74877.000 0 0 0.000 0.000 0.000 0.133 0 1 0 0 0 0
 79 126874.000 69648.000 0 0 0.000 0.000 0.000 0.131 0 1 0 0 0 0
 80 59087.000 100231.000 0 0 0.000 0.000 0.000 0.131 0 1 0 0 0 0
 81 136233.000 81319.000 0 0 0.000 0.000 0.000 0.165 0 1 0 0 0 0
 82 137202.000 117641.000 0 0 0.000 0.000 0.000 0.133 0 1 0 0 0 0
 83 90003.000 140173.000 0 0 0.000 0.000 0.000 0.174 0 1 0 0 0 0
 84 58641.000 100866.000 0 0 0.000 0.000 0.000 0.146 0 1 0 0 0 0
 85 108945.000 59900.000 0 0 0.000 0.000 0.000 0.131 0 1 0 0 0 0
 86 134740.000 77775.000 0 0 0.000 0.000 0.000 0.131 0 1 0 0 0 0
 87 96372.000 141598.000 0 0 0.000 0.000 0.000 0.135 0 1 0 0 0 0
 88 115406.000 139148.000 0 0 0.000 0.000 0.000 0.134 0 1 0 0 0 0
 89 89031.000 140585.000 0 0 0.000 0.000 0.000 0.150 0 1 0 0 0 0
 90 95753.000 142008.000 0 0 0.000 0.000 0.000 0.143 0 1 0 0 0 0
 91 142144.000 99811.000 0 0 0.000 0.000 0.000 0.132 0 1 0 0 0 0
 92 99707.000 142492.000 0 0 0.000 0.000 0.000 0.131 0 1 0 0 0 0
 93 61043.000 82956.000 0 0 0.000 0.000 0.000 0.130 0 1 0 0 0 0
 94 140517.000 114056.000 0 0 0.000 0.000 0.000 0.138 0 1 0 0 0 0
 95 98562.000 57365.000 0 0 0.000 0.000 0.000 0.134 0 1 0 0 0 0
 96 139573.000 116781.000 0 0 0.000 0.000 0.000 0.168 0 1 0 0 0 0
 97 92373.000 142592.000 0 0 0.000 0.000 0.000 0.138 0 1 0 0 0 0
 98 114901.000 59659.000 0 0 0.000 0.000 0.000 0.137 0 1 0 0 0 0
 99 140895.000 114636.000 0 0 0.000 0.000 0.000 0.147 0 1 0 0 0 0
 100 126856.000 66035.000 0 0 0.000 0.000 0.000 0.149 0 1 0 0 0 0
 101 143400.000 105975.000 0 0 0.000 0.000 0.000 0.142 0 1 0 0 0 0
 102 61069.000 121021.000 0 0 0.000 0.000 0.000 0.146 0 1 0 0 0 0
 103 97817.000 56177.000 0 0 0.000 0.000 0.000 0.142 0 1 0 0 0 0
 104 97345.000 144710.000 0 0 0.000 0.000 0.000 0.157 0 1 0 0 0 0
 105 98999.000 144823.000 0 0 0.000 0.000 0.000 0.150 0 1 0 0 0 0
 106 100493.000 55168.000 0 0 0.000 0.000 0.000 0.142 0 1 0 0 0 0
 107 141655.000 119606.000 0 0 0.000 0.000 0.000 0.136 0 1 0 0 0 0
 108 117611.000 143541.000 0 0 0.000 0.000 0.000 0.135 0 1 0 0 0 0
 109 53594.000 94123.000 0 0 0.000 0.000 0.000 0.148 0 1 0 0 0 0
 110 80409.000 57347.000 0 0 0.000 0.000 0.000 0.131 0 1 0 0 0 0
 111 82216.000 56636.000 0 0 0.000 0.000 0.000 0.132 0 1 0 0 0 0
 112 144386.000 84535.000 0 0 0.000 0.000 0.000 0.133 0 1 0 0 0 0
 113 53434.000 91622.000 0 0 0.000 0.000 0.000 0.146 0 1 0 0 0 0
 114 134261.000 133240.000 0 0 0.000 0.000 0.000 0.154 0 1 0 0 0 0
 115 64818.000 132656.000 0 0 0.000 0.000 0.000 0.139 0 1 0 0 0 0
 116 53336.000 110404.000 0 0 0.000 0.000 0.000 0.133 0 1 0 0 0 0
 117 146247.000 87627.000 0 0 0.000 0.000 0.000 0.133 0 1 0 0 0 0
 118 130740.000 62834.000 0 0 0.000 0.000 0.000 0.138 0 1 0 0 0 0
 119 104776.000 148472.000 0 0 0.000 0.000 0.000 0.136 0 1 0 0 0 0
 120 94320.000 51329.000 0 0 0.000 0.000 0.000 0.144 0 1 0 0 0 0
 121 51549.000 109519.000 0 0 0.000 0.000 0.000 0.136 0 1 0 0 0 0
 122 76320.000 56872.000 0 0 0.000 0.000 0.000 0.138 0 1 0 0 0 0
 123 82649.000 53949.000 0 0 0.000 0.000 0.000 0.133 0 1 0 0 0 0
 124 70538.000 60473.000 0 0 0.000 0.000 0.000 0.131 0 1 0 0 0 0
 125 147530.000 85087.000 0 0 0.000 0.000 0.000 0.135 0 1 0 0 0 0
 126 142985.000 125903.000 0 0 0.000 0.000 0.000 0.130 0 1 0 0 0 0
 127 77395.000 55385.000 0 0 0.000 0.000 0.000 0.154 0 1 0 0 0 0
 128 146440.000 81181.000 0 0 0.000 0.000 0.000 0.140 0 1 0 0 0 0
 129 51810.000 116859.000 0 0 0.000 0.000 0.000 0.140 0 1 0 0 0 0
 130 48449.000 99884.000 0 0 0.000 0.000 0.000 0.138 0 1 0 0 0 0
 131 99767.000 48103.000 0 0 0.000 0.000 0.000 0.135 0 1 0 0 0 0
 132 47746.000 103243.000 0 0 0.000 0.000 0.000 0.139 0 1 0 0 0 0
 133 102125.000 48101.000 0 0 0.000 0.000 0.000 0.135 0 1 0 0 0 0
 134 151609.000 110435.000 0 0 0.000 0.000 0.000 0.131 0 1 0 0 0 0
 135 51557.000 79249.000 0 0 0.000 0.000 0.000 0.131 0 1 0 0 0 0
 136 108155.000 47981.000 0 0 0.000 0.000 0.000 0.132 0 1 0 0 0 0
 137 80596.000 150123.000 0 0 0.000 0.000 0.000 0.132 0 1 0 0 0 0
 138 79284.000 50652.000 0 0 0.000 0.000 0.000 0.139 0 1 0 0 0 0
 139 89324.000 47440.000 0 0 0.000 0.000 0.000 0.139 0 1 0 0 0 0
 140 112066.000 47729.000 0 0 0.000 0.000 0.000 0.138 0 1 0 0 0 0
 141 151599.000 116008.000 0 0 0.000 0.000 0.000 0.291 0 1 0 0 0 0
 142 62896.000 60471.000 0 0 0.000 0.000 0.000 0.133 0 1 0 0 0 0
 143 119834.000 49360.000 0 0 0.000 0.000 0.000 0.141 0 1 0 0 0 0
 144 154289.000 93864.000 0 0 0.000 0.000 0.000 0.141 0 1 0 0 0 0
 145 141906.000 135235.000 0 0 0.000 0.000 0.000 0.171 0 1 0 0 0 0
 146 49485.000 121881.000 0 0 0.000 0.000 0.000 0.143 0 1 0 0 0 0
 147 46398.000 87692.000 0 0 0.000 0.000 0.000 0.130 0 1 0 0 0 0
 148 111286.000 45584.000 0 0 0.000 0.000 0.000 0.140 0 1 0 0 0 0
 149 134439.000 144230.000 0 0 0.000 0.000 0.000 0.137 0 1 0 0 0 0
 150 94320.000 155794.000 0 0 0.000 0.000 0.000 0.130 0 1 0 0 0 0
 151 150943.000 123293.000 0 0 0.000 0.000 0.000 0.132 0 1 0 0 0 0
 152 123496.000 151339.000 0 0 0.000 0.000 0.000 0.131 0 1 0 0 0 0
 153 155989.000 93948.000 0 0 0.000 0.000 0.000 0.131 0 1 0 0 0 0
 154 48395.000 76542.000 0 0 0.000 0.000 0.000 0.139 0 1 0 0 0 0
 155 60864.000 58932.000 0 0 0.000 0.000 0.000 0.134 0 1 0 0 0 0
 156 43770.000 109837.000 0 0 0.000 0.000 0.000 0.133 0 1 0 0 0 0
 157 143980.000 136438.000 0 0 0.000 0.000 0.000 0.132 0 1 0 0 0 0
 158 115216.000 44543.000 0 0 0.000 0.000 0.000 0.130 0 1 0 0 0 0
 159 45063.000 120385.000 0 0 0.000 0.000 0.000 0.133 0 1 0 0 0 0
 160 143617.000 61209.000 0 0 0.000 0.000 0.000 0.143 0 1 0 0 0 0
 161 126554.000 47965.000 0 0 0.000 0.000 0.000 0.131 0 1 0 0 0 0
 162 59233.000 143170.000 0 0 0.000 0.000 0.000 0.150 0 1 0 0 0 0
 163 53985.000 63047.000 0 0 0.000 0.000 0.000 0.144 0 1 0 0 0 0
 164 40362.000 96272.000 0 0 0.000 0.000 0.000 0.148 0 1 0 0 0 0
 165 63891.000 148585.000 0 0 0.000 0.000 0.000 0.137 0 1 0 0 0 0
 166 100524.000 39604.000 0 0 0.000 0.000 0.000 0.130 0 1 0 0 0 0
 167 49672.000 63789.000 0 0 0.000 0.000 0.000 0.136 0 1 0 0 0 0
 168 75864.000 42697.000 0 0 0.000 0.000 0.000 0.131 0 1 0 0 0 0
 169 154989.000 68670.000 0 0 0.000 0.000 0.000 0.131 0 1 0 0 0 0
 170 158619.000 124855.000 0 0 0.000 0.000 0.000 0.133 0 1 0 0 0 0
 171 90484.000 163148.000 0 0 0.000 0.000 0.000 0.130 0 1 0 0 0 0
 172 54533.000 144966.000 0 0 0.000 0.000 0.000 0.139 0 1 0 0 0 0
 173 159418.000 124905.000 0 0 0.000 0.000 0.000 200000.000 0 1 0 200 0 0
 174 86766.000 163227.000 0 0 0.000 0.000 0.000 0.132 0 1 0 0 0 0
 175 143859.000 149012.000 0 0 0.000 0.000 0.000 0.136 0 1 0 0 0 0
 176 37877.000 77311.000 0 0 0.000 0.000 0.000 0.153 0 1 0 0 0 0
 177 132445.000 157987.000 0 0 0.000 0.000 0.000 0.137 0 1 0 0 0 0
 178 109603.000 166085.000 0 0 0.000 0.000 0.000 0.152 0 1 0 0 0 0
 179 99577.000 33388.000 0 0 0.000 0.000 0.000 0.137 0 1 0 0 0 0
 180 132095.000 41556.000 0 0 0.000 0.000 0.000 0.136 0 1 0 0 0 0
 181 41489.000 132877.000 0 0 0.000 0.000 0.000 0.137 0 1 0 0 0 0
 182 167057.000 104886.000 0 0 0.000 0.000 0.000 0.131 0 1 0 0 0 0
 183 62520.000 43997.000 0 0 0.000 0.000 0.000 0.136 0 1 0 0 0 0
 184 161038.000 70882.000 0 0 0.000 0.000 0.000 0.139 0 1 0 0 0 0
 185 78885.000 35076.000 0 0 0.000 0.000 0.000 0.292 0 1 0 0 0 0
 186 86124.000 167699.000 0 0 0.000 0.000 0.000 0.133 0 1 0 0 0 0
 187 104355.000 169154.000 0 0 0.000 0.000 0.000 0.151 0 1 0 0 0 0
 188 56622.000 154206.000 0 0 0.000 0.000 0.000 0.131 0 1 0 0 0 0
 189 30446.000 112191.000 0 0 0.000 0.000 0.000 0.134 0 1 0 0 0 0
 190 165732.000 73815.000 0 0 0.000 0.000 0.000 0.136 0 1 0 0 0 0
 191 137133.000 39255.000 0 0 0.000 0.000 0.000 0.134 0 1 0 0 0 0
 192 35273.000 132843.000 0 0 0.000 0.000 0.000 0.132 0 1 0 0 0 0
 193 55222.000 43210.000 0 0 0.000 0.000 0.000 0.136 0 1 0 0 0 0
 194 153654.000 48748.000 0 0 0.000 0.000 0.000 0.134 0 1 0 0 0 0
 195 175961.000 102743.000 0 0 0.000 0.000 0.000 0.132 0 1 0 0 0 0
 196 56640.000 166888.000 0 0 0.000 0.000 0.000 0.138 0 1 0 0 0 0
 197 25119.000 131249.000 0 0 0.000 0.000 0.000 0.132 0 1 0 0 0 0
 198 180099.000 81462.000 0 0 0.000 0.000 0.000 0.130 0 1 0 0 0 0
 199 9880.000 96518.000 0 0 0.000 0.000 0.000 0.302 0 1 0 0 0 0;
ProcessEquipmentIDList 1
  "6500" ;
SummarySpec 5
  TESTNO    NDEFECT    DEFDENSITY    NDIE    NDEFDIE  ;
SummaryList 
  1    199    0.7275    1    1  ;
EndOfFile;
