FileVersion 1 2;
FileTimestamp 01-05-26 22:27:43;
InspectionStationID "KLA-Tencor" "SFSSP1" "0901-0728-TBI";
SampleType WAFER;
ResultTimestamp 01-05-26 22:13:40;
LotID "2580";
SampleSize 1 200;
DeviceID "None";
SetupID "T2-2580NR" 01-05-26 22:13:40;
StepID "5481";
SampleOrientationMarkType NOTCH;
OrientationMarkLocation DOWN;
DiePitch 200000 200000;
DieOrigin 0 0;
WaferID "24";
Slot 24;
SampleCenterLocation 100000 100000;
ClassLookup 1
  0 "0"  ;
OrientationInstructions "Front";
CoordinatesMirrored No;
InspectionTest 1;
SampleTestPlan 1
  0 0 ;
AreaPerTest 2.73516e+010;
DefectRecordSpec 15 DEFECTID XREL YREL XINDEX YINDEX XSIZE YSIZE DEFECTAREA DSIZE CLASSNUMBER TEST CLUSTERNUMBER ROUGHBINNUMBER FINEBINNUMBER REVIEWSAMPLE ;
DefectList
 1 98329.000 96633.000 0 0 0.000 0.000 0.000 0.149 0 1 0 0 0 0
 2 99258.000 106810.000 0 0 0.000 0.000 0.000 0.141 0 1 0 0 0 0
 3 92585.000 97303.000 0 0 0.000 0.000 0.000 0.130 0 1 0 0 0 0
 4 99854.000 91868.000 0 0 0.000 0.000 0.000 0.130 0 1 0 0 0 0
 5 104870.000 92598.000 0 0 0.000 0.000 0.000 0.153 0 1 0 0 0 0
 6 99454.000 90983.000 0 0 0.000 0.000 0.000 0.171 0 1 0 0 0 0
 7 109245.000 105250.000 0 0 0.000 0.000 0.000 0.132 0 1 0 0 0 0
 8 91196.000 92569.000 0 0 0.000 0.000 0.000 0.144 0 1 0 0 0 0
 9 92887.000 110048.000 0 0 0.000 0.000 0.000 0.142 0 1 0 0 0 0
 10 104584.000 88522.000 0 0 0.000 0.000 0.000 0.150 0 1 0 0 0 0
 11 96593.000 86824.000 0 0 0.000 0.000 0.000 0.137 0 1 0 0 0 0
 12 107132.000 112136.000 0 0 0.000 0.000 0.000 0.137 0 1 0 0 0 0
 13 86334.000 104362.000 0 0 0.000 0.000 0.000 0.143 0 1 0 0 0 0
 14 97326.000 114354.000 0 0 0.000 0.000 0.000 0.143 0 1 0 0 0 0
 15 105563.000 86850.000 0 0 0.000 0.000 0.000 0.134 0 1 0 0 0 0
 16 88315.000 110488.000 0 0 0.000 0.000 0.000 0.136 0 1 0 0 0 0
 17 86099.000 93325.000 0 0 0.000 0.000 0.000 0.174 0 1 0 0 0 0
 18 97511.000 84629.000 0 0 0.000 0.000 0.000 0.133 0 1 0 0 0 0
 19 92844.000 114544.000 0 0 0.000 0.000 0.000 0.133 0 1 0 0 0 0
 20 109020.000 86992.000 0 0 0.000 0.000 0.000 0.135 0 1 0 0 0 0
 21 90757.000 113845.000 0 0 0.000 0.000 0.000 0.135 0 1 0 0 0 0
 22 111496.000 111825.000 0 0 0.000 0.000 0.000 0.157 0 1 0 0 0 0
 23 100901.000 83669.000 0 0 0.000 0.000 0.000 0.151 0 1 0 0 0 0
 24 108732.000 115499.000 0 0 0.000 0.000 0.000 0.163 0 1 0 0 0 0
 25 95292.000 82611.000 0 0 0.000 0.000 0.000 0.133 0 1 0 0 0 0
 26 82243.000 94599.000 0 0 0.000 0.000 0.000 0.132 0 1 0 0 0 0
 27 88104.000 86003.000 0 0 0.000 0.000 0.000 0.130 0 1 0 0 0 0
 28 117457.000 94096.000 0 0 0.000 0.000 0.000 0.160 0 1 0 0 0 0
 29 85771.000 113516.000 0 0 0.000 0.000 0.000 0.149 0 1 0 0 0 0
 30 103629.000 81002.000 0 0 0.000 0.000 0.000 0.131 0 1 0 0 0 0
 31 103821.000 119639.000 0 0 0.000 0.000 0.000 0.131 0 1 0 0 0 0
 32 101000.000 80369.000 0 0 0.000 0.000 0.000 0.135 0 1 0 0 0 0
 33 82673.000 89713.000 0 0 0.000 0.000 0.000 200000.000 0 1 0 200 0 0
 34 101078.000 79604.000 0 0 0.000 0.000 0.000 0.132 0 1 0 0 0 0
 35 120527.000 103760.000 0 0 0.000 0.000 0.000 0.133 0 1 0 0 0 0
 36 83394.000 86549.000 0 0 0.000 0.000 0.000 0.151 0 1 0 0 0 0
 37 87756.000 118831.000 0 0 0.000 0.000 0.000 0.152 0 1 0 0 0 0
 38 102679.000 77940.000 0 0 0.000 0.000 0.000 0.147 0 1 0 0 0 0
 39 82752.000 84284.000 0 0 0.000 0.000 0.000 0.156 0 1 0 0 0 0
 40 76967.000 93843.000 0 0 0.000 0.000 0.000 0.131 0 1 0 0 0 0
 41 77423.000 111673.000 0 0 0.000 0.000 0.000 0.136 0 1 0 0 0 0
 42 78867.000 85999.000 0 0 0.000 0.000 0.000 0.135 0 1 0 0 0 0
 43 125360.000 100156.000 0 0 0.000 0.000 0.000 0.133 0 1 0 0 0 0
 44 111719.000 122770.000 0 0 0.000 0.000 0.000 0.149 0 1 0 0 0 0
 45 76627.000 110551.000 0 0 0.000 0.000 0.000 0.132 0 1 0 0 0 0
 46 86370.000 78121.000 0 0 0.000 0.000 0.000 0.158 0 1 0 0 0 0
 47 124061.000 87907.000 0 0 0.000 0.000 0.000 0.130 0 1 0 0 0 0
 48 72731.000 100670.000 0 0 0.000 0.000 0.000 0.139 0 1 0 0 0 0
 49 81384.000 80330.000 0 0 0.000 0.000 0.000 0.145 0 1 0 0 0 0
 50 72677.000 94989.000 0 0 0.000 0.000 0.000 0.132 0 1 0 0 0 0
 51 114913.000 123712.000 0 0 0.000 0.000 0.000 0.133 0 1 0 0 0 0
 52 98038.000 128040.000 0 0 0.000 0.000 0.000 0.146 0 1 0 0 0 0
 53 72064.000 98042.000 0 0 0.000 0.000 0.000 0.140 0 1 0 0 0 0
 54 125215.000 87790.000 0 0 0.000 0.000 0.000 0.132 0 1 0 0 0 0
 55 124598.000 86135.000 0 0 0.000 0.000 0.000 0.132 0 1 0 0 0 0
 56 111816.000 126973.000 0 0 0.000 0.000 0.000 0.132 0 1 0 0 0 0
 57 95386.000 71061.000 0 0 0.000 0.000 0.000 0.134 0 1 0 0 0 0
 58 102409.000 129738.000 0 0 0.000 0.000 0.000 0.154 0 1 0 0 0 0
 59 129955.000 97966.000 0 0 0.000 0.000 0.000 0.140 0 1 0 0 0 0
 60 128307.000 110144.000 0 0 0.000 0.000 0.000 0.139 0 1 0 0 0 0
 61 122668.000 119856.000 0 0 0.000 0.000 0.000 0.144 0 1 0 0 0 0
 62 84351.000 74464.000 0 0 0.000 0.000 0.000 0.136 0 1 0 0 0 0
 63 74225.000 84054.000 0 0 0.000 0.000 0.000 0.130 0 1 0 0 0 0
 64 122494.000 79302.000 0 0 0.000 0.000 0.000 0.130 0 1 0 0 0 0
 65 102101.000 131112.000 0 0 0.000 0.000 0.000 0.156 0 1 0 0 0 0
 66 87665.000 128684.000 0 0 0.000 0.000 0.000 0.134 0 1 0 0 0 0
 67 128515.000 86433.000 0 0 0.000 0.000 0.000 0.138 0 1 0 0 0 0
 68 109820.000 131434.000 0 0 0.000 0.000 0.000 0.134 0 1 0 0 0 0
 69 130262.000 87766.000 0 0 0.000 0.000 0.000 0.143 0 1 0 0 0 0
 70 67126.000 94285.000 0 0 0.000 0.000 0.000 0.134 0 1 0 0 0 0
 71 67389.000 93314.000 0 0 0.000 0.000 0.000 0.149 0 1 0 0 0 0
 72 129583.000 115689.000 0 0 0.000 0.000 0.000 0.135 0 1 0 0 0 0
 73 81830.000 71705.000 0 0 0.000 0.000 0.000 0.138 0 1 0 0 0 0
 74 122035.000 125737.000 0 0 0.000 0.000 0.000 0.153 0 1 0 0 0 0
 75 133944.000 103192.000 0 0 0.000 0.000 0.000 0.131 0 1 0 0 0 0
 76 67009.000 110916.000 0 0 0.000 0.000 0.000 0.143 0 1 0 0 0 0
 77 122882.000 126190.000 0 0 0.000 0.000 0.000 0.134 0 1 0 0 0 0
 78 78719.000 128001.000 0 0 0.000 0.000 0.000 0.133 0 1 0 0 0 0
 79 66432.000 109881.000 0 0 0.000 0.000 0.000 0.145 0 1 0 0 0 0
 80 134849.000 97935.000 0 0 0.000 0.000 0.000 0.136 0 1 0 0 0 0
 81 96207.000 135214.000 0 0 0.000 0.000 0.000 0.132 0 1 0 0 0 0
 82 120292.000 71181.000 0 0 0.000 0.000 0.000 0.151 0 1 0 0 0 0
 83 124797.000 125615.000 0 0 0.000 0.000 0.000 0.143 0 1 0 0 0 0
 84 127857.000 78193.000 0 0 0.000 0.000 0.000 0.133 0 1 0 0 0 0
 85 76504.000 73092.000 0 0 0.000 0.000 0.000 0.153 0 1 0 0 0 0
 86 95388.000 136382.000 0 0 0.000 0.000 0.000 0.135 0 1 0 0 0 0
 87 84617.000 66642.000 0 0 0.000 0.000 0.000 0.139 0 1 0 0 0 0
 88 124891.000 72983.000 0 0 0.000 0.000 0.000 0.143 0 1 0 0 0 0
 89 133084.000 83636.000 0 0 0.000 0.000 0.000 0.139 0 1 0 0 0 0
 90 63622.000 92773.000 0 0 0.000 0.000 0.000 0.132 0 1 0 0 0 0
 91 133994.000 115034.000 0 0 0.000 0.000 0.000 0.134 0 1 0 0 0 0
 92 130820.000 79150.000 0 0 0.000 0.000 0.000 0.131 0 1 0 0 0 0
 93 137020.000 106610.000 0 0 0.000 0.000 0.000 0.137 0 1 0 0 0 0
 94 96688.000 137687.000 0 0 0.000 0.000 0.000 0.132 0 1 0 0 0 0
 95 77611.000 69837.000 0 0 0.000 0.000 0.000 0.137 0 1 0 0 0 0
 96 95182.000 62755.000 0 0 0.000 0.000 0.000 0.132 0 1 0 0 0 0
 97 62809.000 92709.000 0 0 0.000 0.000 0.000 0.150 0 1 0 0 0 0
 98 126460.000 73082.000 0 0 0.000 0.000 0.000 0.132 0 1 0 0 0 0
 99 102112.000 138250.000 0 0 0.000 0.000 0.000 0.133 0 1 0 0 0 0
 100 63759.000 112437.000 0 0 0.000 0.000 0.000 0.132 0 1 0 0 0 0
 101 61708.000 98899.000 0 0 0.000 0.000 0.000 0.141 0 1 0 0 0 0
 102 137718.000 92194.000 0 0 0.000 0.000 0.000 0.143 0 1 0 0 0 0
 103 138433.000 100580.000 0 0 0.000 0.000 0.000 0.132 0 1 0 0 0 0
 104 76500.000 69413.000 0 0 0.000 0.000 0.000 0.131 0 1 0 0 0 0
 105 85507.000 136495.000 0 0 0.000 0.000 0.000 0.147 0 1 0 0 0 0
 106 80583.000 65514.000 0 0 0.000 0.000 0.000 0.133 0 1 0 0 0 0
 107 120893.000 134180.000 0 0 0.000 0.000 0.000 0.133 0 1 0 0 0 0
 108 119908.000 135721.000 0 0 0.000 0.000 0.000 0.149 0 1 0 0 0 0
 109 83020.000 63035.000 0 0 0.000 0.000 0.000 0.142 0 1 0 0 0 0
 110 131752.000 126561.000 0 0 0.000 0.000 0.000 0.134 0 1 0 0 0 0
 111 132519.000 127229.000 0 0 0.000 0.000 0.000 0.134 0 1 0 0 0 0
 112 142806.000 103426.000 0 0 0.000 0.000 0.000 0.141 0 1 0 0 0 0
 113 137854.000 120637.000 0 0 0.000 0.000 0.000 0.133 0 1 0 0 0 0
 114 132716.000 127951.000 0 0 0.000 0.000 0.000 0.142 0 1 0 0 0 0
 115 139599.000 118243.000 0 0 0.000 0.000 0.000 0.130 0 1 0 0 0 0
 116 104826.000 143871.000 0 0 0.000 0.000 0.000 0.152 0 1 0 0 0 0
 117 71482.000 66814.000 0 0 0.000 0.000 0.000 0.139 0 1 0 0 0 0
 118 125424.000 136136.000 0 0 0.000 0.000 0.000 0.137 0 1 0 0 0 0
 119 122556.000 61723.000 0 0 0.000 0.000 0.000 0.130 0 1 0 0 0 0
 120 144939.000 104671.000 0 0 0.000 0.000 0.000 0.138 0 1 0 0 0 0
 121 55009.000 105599.000 0 0 0.000 0.000 0.000 0.144 0 1 0 0 0 0
 122 143599.000 88297.000 0 0 0.000 0.000 0.000 0.154 0 1 0 0 0 0
 123 135252.000 71536.000 0 0 0.000 0.000 0.000 0.152 0 1 0 0 0 0
 124 57664.000 83373.000 0 0 0.000 0.000 0.000 0.153 0 1 0 0 0 0
 125 85013.000 57090.000 0 0 0.000 0.000 0.000 0.138 0 1 0 0 0 0
 126 54178.000 103727.000 0 0 0.000 0.000 0.000 0.138 0 1 0 0 0 0
 127 64060.000 70800.000 0 0 0.000 0.000 0.000 0.136 0 1 0 0 0 0
 128 53896.000 90031.000 0 0 0.000 0.000 0.000 0.132 0 1 0 0 0 0
 129 138523.000 128722.000 0 0 0.000 0.000 0.000 0.148 0 1 0 0 0 0
 130 58270.000 124291.000 0 0 0.000 0.000 0.000 0.136 0 1 0 0 0 0
 131 98814.000 51916.000 0 0 0.000 0.000 0.000 0.130 0 1 0 0 0 0
 132 51348.000 98840.000 0 0 0.000 0.000 0.000 0.137 0 1 0 0 0 0
 133 142874.000 77416.000 0 0 0.000 0.000 0.000 0.165 0 1 0 0 0 0
 134 80418.000 145036.000 0 0 0.000 0.000 0.000 0.138 0 1 0 0 0 0
 135 61547.000 130430.000 0 0 0.000 0.000 0.000 0.135 0 1 0 0 0 0
 136 121839.000 56315.000 0 0 0.000 0.000 0.000 0.132 0 1 0 0 0 0
 137 149354.000 98300.000 0 0 0.000 0.000 0.000 0.137 0 1 0 0 0 0
 138 149127.000 93802.000 0 0 0.000 0.000 0.000 0.135 0 1 0 0 0 0
 139 134218.000 64282.000 0 0 0.000 0.000 0.000 0.133 0 1 0 0 0 0
 140 148214.000 112453.000 0 0 0.000 0.000 0.000 0.145 0 1 0 0 0 0
 141 60404.000 130885.000 0 0 0.000 0.000 0.000 0.133 0 1 0 0 0 0
 142 149961.000 96043.000 0 0 0.000 0.000 0.000 0.134 0 1 0 0 0 0
 143 75615.000 144676.000 0 0 0.000 0.000 0.000 0.131 0 1 0 0 0 0
 144 88993.000 149805.000 0 0 0.000 0.000 0.000 0.149 0 1 0 0 0 0
 145 65124.000 137330.000 0 0 0.000 0.000 0.000 0.144 0 1 0 0 0 0
 146 82767.000 51877.000 0 0 0.000 0.000 0.000 0.134 0 1 0 0 0 0
 147 118991.000 147805.000 0 0 0.000 0.000 0.000 0.130 0 1 0 0 0 0
 148 78137.000 146953.000 0 0 0.000 0.000 0.000 0.144 0 1 0 0 0 0
 149 49390.000 110844.000 0 0 0.000 0.000 0.000 0.134 0 1 0 0 0 0
 150 93743.000 48657.000 0 0 0.000 0.000 0.000 0.147 0 1 0 0 0 0
 151 74045.000 145406.000 0 0 0.000 0.000 0.000 0.161 0 1 0 0 0 0
 152 98835.000 48007.000 0 0 0.000 0.000 0.000 0.148 0 1 0 0 0 0
 153 106719.000 48441.000 0 0 0.000 0.000 0.000 0.132 0 1 0 0 0 0
 154 74151.000 145758.000 0 0 0.000 0.000 0.000 0.132 0 1 0 0 0 0
 155 111451.000 151475.000 0 0 0.000 0.000 0.000 0.155 0 1 0 0 0 0
 156 136905.000 137762.000 0 0 0.000 0.000 0.000 0.135 0 1 0 0 0 0
 157 47212.000 96416.000 0 0 0.000 0.000 0.000 0.152 0 1 0 0 0 0
 158 143762.000 130456.000 0 0 0.000 0.000 0.000 0.132 0 1 0 0 0 0
 159 143347.000 131740.000 0 0 0.000 0.000 0.000 0.132 0 1 0 0 0 0
 160 98330.000 153922.000 0 0 0.000 0.000 0.000 0.142 0 1 0 0 0 0
 161 69634.000 55812.000 0 0 0.000 0.000 0.000 0.136 0 1 0 0 0 0
 162 108532.000 153600.000 0 0 0.000 0.000 0.000 0.135 0 1 0 0 0 0
 163 153977.000 96128.000 0 0 0.000 0.000 0.000 0.144 0 1 0 0 0 0
 164 145418.000 70473.000 0 0 0.000 0.000 0.000 0.135 0 1 0 0 0 0
 165 51240.000 74872.000 0 0 0.000 0.000 0.000 0.134 0 1 0 0 0 0
 166 107634.000 45871.000 0 0 0.000 0.000 0.000 0.130 0 1 0 0 0 0
 167 132418.000 144758.000 0 0 0.000 0.000 0.000 0.137 0 1 0 0 0 0
 168 56359.000 133963.000 0 0 0.000 0.000 0.000 0.133 0 1 0 0 0 0
 169 117767.000 47847.000 0 0 0.000 0.000 0.000 0.142 0 1 0 0 0 0
 170 95121.000 44852.000 0 0 0.000 0.000 0.000 0.134 0 1 0 0 0 0
 171 44316.000 104760.000 0 0 0.000 0.000 0.000 0.136 0 1 0 0 0 0
 172 99010.000 156169.000 0 0 0.000 0.000 0.000 0.135 0 1 0 0 0 0
 173 98500.000 157176.000 0 0 0.000 0.000 0.000 0.132 0 1 0 0 0 0
 174 88717.000 156047.000 0 0 0.000 0.000 0.000 0.138 0 1 0 0 0 0
 175 106445.000 43095.000 0 0 0.000 0.000 0.000 0.134 0 1 0 0 0 0
 176 144161.000 63335.000 0 0 0.000 0.000 0.000 0.135 0 1 0 0 0 0
 177 66957.000 52888.000 0 0 0.000 0.000 0.000 0.134 0 1 0 0 0 0
 178 44504.000 117900.000 0 0 0.000 0.000 0.000 0.132 0 1 0 0 0 0
 179 80333.000 155196.000 0 0 0.000 0.000 0.000 0.146 0 1 0 0 0 0
 180 131334.000 149481.000 0 0 0.000 0.000 0.000 0.133 0 1 0 0 0 0
 181 153164.000 75673.000 0 0 0.000 0.000 0.000 0.161 0 1 0 0 0 0
 182 135851.000 146699.000 0 0 0.000 0.000 0.000 0.134 0 1 0 0 0 0
 183 90932.000 158908.000 0 0 0.000 0.000 0.000 0.153 0 1 0 0 0 0
 184 41502.000 90106.000 0 0 0.000 0.000 0.000 0.136 0 1 0 0 0 0
 185 96256.000 159660.000 0 0 0.000 0.000 0.000 0.137 0 1 0 0 0 0
 186 94468.000 160228.000 0 0 0.000 0.000 0.000 0.131 0 1 0 0 0 0
 187 104049.000 160674.000 0 0 0.000 0.000 0.000 0.218 0 1 0 0 0 0
 188 47414.000 130512.000 0 0 0.000 0.000 0.000 0.138 0 1 0 0 0 0
 189 121387.000 157456.000 0 0 0.000 0.000 0.000 0.139 0 1 0 0 0 0
 190 42413.000 79611.000 0 0 0.000 0.000 0.000 0.147 0 1 0 0 0 0
 191 42698.000 79079.000 0 0 0.000 0.000 0.000 0.142 0 1 0 0 0 0
 192 88858.000 40121.000 0 0 0.000 0.000 0.000 0.148 0 1 0 0 0 0
 193 109478.000 39805.000 0 0 0.000 0.000 0.000 0.132 0 1 0 0 0 0
 194 44127.000 74870.000 0 0 0.000 0.000 0.000 0.137 0 1 0 0 0 0
 195 46928.000 131139.000 0 0 0.000 0.000 0.000 0.130 0 1 0 0 0 0
 196 126620.000 44444.000 0 0 0.000 0.000 0.000 0.135 0 1 0 0 0 0
 197 152791.000 132694.000 0 0 0.000 0.000 0.000 0.148 0 1 0 0 0 0
 198 67564.000 153106.000 0 0 0.000 0.000 0.000 0.143 0 1 0 0 0 0
 199 60372.000 52248.000 0 0 0.000 0.000 0.000 0.133 0 1 0 0 0 0
 200 37837.000 94206.000 0 0 0.000 0.000 0.000 0.134 0 1 0 0 0 0
 201 37460.000 95815.000 0 0 0.000 0.000 0.000 0.133 0 1 0 0 0 0
 202 123893.000 158221.000 0 0 0.000 0.000 0.000 0.131 0 1 0 0 0 0
 203 42565.000 125494.000 0 0 0.000 0.000 0.000 0.135 0 1 0 0 0 0
 204 72543.000 43705.000 0 0 0.000 0.000 0.000 0.138 0 1 0 0 0 0
 205 118797.000 160316.000 0 0 0.000 0.000 0.000 0.142 0 1 0 0 0 0
 206 160948.000 84661.000 0 0 0.000 0.000 0.000 0.132 0 1 0 0 0 0
 207 100332.000 37068.000 0 0 0.000 0.000 0.000 0.134 0 1 0 0 0 0
 208 146572.000 57135.000 0 0 0.000 0.000 0.000 0.132 0 1 0 0 0 0
 209 48363.000 138080.000 0 0 0.000 0.000 0.000 0.135 0 1 0 0 0 0
 210 84203.000 38239.000 0 0 0.000 0.000 0.000 0.135 0 1 0 0 0 0
 211 124498.000 41133.000 0 0 0.000 0.000 0.000 0.131 0 1 0 0 0 0
 212 50073.000 141175.000 0 0 0.000 0.000 0.000 0.134 0 1 0 0 0 0
 213 37099.000 85168.000 0 0 0.000 0.000 0.000 0.138 0 1 0 0 0 0
 214 163838.000 89557.000 0 0 0.000 0.000 0.000 0.130 0 1 0 0 0 0
 215 133078.000 44185.000 0 0 0.000 0.000 0.000 0.138 0 1 0 0 0 0
 216 101528.000 165294.000 0 0 0.000 0.000 0.000 0.196 0 1 0 0 0 0
 217 115864.000 36824.000 0 0 0.000 0.000 0.000 0.141 0 1 0 0 0 0
 218 123902.000 39388.000 0 0 0.000 0.000 0.000 0.134 0 1 0 0 0 0
 219 125661.000 39963.000 0 0 0.000 0.000 0.000 0.147 0 1 0 0 0 0
 220 101084.000 166160.000 0 0 0.000 0.000 0.000 0.292 0 1 0 0 0 0
 221 45029.000 136713.000 0 0 0.000 0.000 0.000 0.136 0 1 0 0 0 0
 222 33898.000 86701.000 0 0 0.000 0.000 0.000 0.133 0 1 0 0 0 0
 223 80612.000 35715.000 0 0 0.000 0.000 0.000 0.133 0 1 0 0 0 0
 224 36936.000 124572.000 0 0 0.000 0.000 0.000 0.130 0 1 0 0 0 0
 225 163543.000 123813.000 0 0 0.000 0.000 0.000 0.134 0 1 0 0 0 0
 226 54599.000 49775.000 0 0 0.000 0.000 0.000 0.137 0 1 0 0 0 0
 227 90914.000 167882.000 0 0 0.000 0.000 0.000 0.131 0 1 0 0 0 0
 228 166654.000 117585.000 0 0 0.000 0.000 0.000 0.138 0 1 0 0 0 0
 229 90233.000 168483.000 0 0 0.000 0.000 0.000 0.131 0 1 0 0 0 0
 230 30459.000 96161.000 0 0 0.000 0.000 0.000 0.130 0 1 0 0 0 0
 231 92054.000 169811.000 0 0 0.000 0.000 0.000 0.157 0 1 0 0 0 0
 232 105730.000 29988.000 0 0 0.000 0.000 0.000 0.140 0 1 0 0 0 0
 233 152056.000 52820.000 0 0 0.000 0.000 0.000 0.131 0 1 0 0 0 0
 234 43200.000 142798.000 0 0 0.000 0.000 0.000 0.131 0 1 0 0 0 0
 235 164769.000 71345.000 0 0 0.000 0.000 0.000 0.145 0 1 0 0 0 0
 236 41969.000 58658.000 0 0 0.000 0.000 0.000 0.131 0 1 0 0 0 0
 237 81888.000 169766.000 0 0 0.000 0.000 0.000 0.139 0 1 0 0 0 0
 238 135344.000 163086.000 0 0 0.000 0.000 0.000 0.150 0 1 0 0 0 0
 239 104349.000 172125.000 0 0 0.000 0.000 0.000 0.140 0 1 0 0 0 0
 240 85871.000 171388.000 0 0 0.000 0.000 0.000 0.131 0 1 0 0 0 0
 241 166312.000 70798.000 0 0 0.000 0.000 0.000 0.131 0 1 0 0 0 0
 242 30609.000 77981.000 0 0 0.000 0.000 0.000 0.137 0 1 0 0 0 0
 243 133359.000 165004.000 0 0 0.000 0.000 0.000 0.153 0 1 0 0 0 0
 244 33943.000 68922.000 0 0 0.000 0.000 0.000 0.138 0 1 0 0 0 0
 245 32727.000 70893.000 0 0 0.000 0.000 0.000 0.138 0 1 0 0 0 0
 246 31594.000 128620.000 0 0 0.000 0.000 0.000 0.133 0 1 0 0 0 0
 247 173835.000 104633.000 0 0 0.000 0.000 0.000 0.136 0 1 0 0 0 0
 248 174373.000 104468.000 0 0 0.000 0.000 0.000 0.138 0 1 0 0 0 0
 249 124974.000 29817.000 0 0 0.000 0.000 0.000 0.132 0 1 0 0 0 0
 250 79384.000 28019.000 0 0 0.000 0.000 0.000 0.132 0 1 0 0 0 0
 251 55168.000 160498.000 0 0 0.000 0.000 0.000 0.150 0 1 0 0 0 0
 252 96513.000 176164.000 0 0 0.000 0.000 0.000 0.130 0 1 0 0 0 0
 253 165274.000 61213.000 0 0 0.000 0.000 0.000 0.136 0 1 0 0 0 0
 254 175028.000 120965.000 0 0 0.000 0.000 0.000 0.141 0 1 0 0 0 0
 255 150135.000 159680.000 0 0 0.000 0.000 0.000 0.141 0 1 0 0 0 0
 256 157510.000 46219.000 0 0 0.000 0.000 0.000 0.143 0 1 0 0 0 0
 257 90553.000 178678.000 0 0 0.000 0.000 0.000 0.141 0 1 0 0 0 0
 258 20856.000 92950.000 0 0 0.000 0.000 0.000 0.130 0 1 0 0 0 0
 259 159508.000 153764.000 0 0 0.000 0.000 0.000 0.133 0 1 0 0 0 0
 260 94623.000 180202.000 0 0 0.000 0.000 0.000 0.130 0 1 0 0 0 0
 261 70198.000 25573.000 0 0 0.000 0.000 0.000 0.141 0 1 0 0 0 0
 262 102363.000 181108.000 0 0 0.000 0.000 0.000 0.137 0 1 0 0 0 0
 263 97920.000 18783.000 0 0 0.000 0.000 0.000 0.141 0 1 0 0 0 0
 264 60501.000 28777.000 0 0 0.000 0.000 0.000 0.134 0 1 0 0 0 0
 265 36580.000 48534.000 0 0 0.000 0.000 0.000 0.131 0 1 0 0 0 0
 266 71787.000 178465.000 0 0 0.000 0.000 0.000 0.137 0 1 0 0 0 0
 267 78958.000 182024.000 0 0 0.000 0.000 0.000 0.143 0 1 0 0 0 0
 268 11521.000 123086.000 0 0 0.000 0.000 0.000 0.210 0 1 0 0 0 0
 269 7328.000 84775.000 0 0 0.000 0.000 0.000 0.268 0 1 0 0 0 0;
ProcessEquipmentIDList 1
  "6500" ;
SummarySpec 5
  TESTNO    NDEFECT    DEFDENSITY    NDIE    NDEFDIE  ;
SummaryList 
  1    269    0.9835    1    1  ;
EndOfFile;
