FileVersion 1 2;
FileTimestamp 01-05-26 22:26:03;
InspectionStationID "KLA-Tencor" "SFSSP1" "0901-0728-TBI";
SampleType WAFER;
ResultTimestamp 01-05-26 22:13:40;
LotID "2580";
SampleSize 1 200;
DeviceID "None";
SetupID "T2-2580NR" 01-05-26 22:13:40;
StepID "5481";
SampleOrientationMarkType NOTCH;
OrientationMarkLocation DOWN;
DiePitch 200000 200000;
DieOrigin 0 0;
WaferID "21";
Slot 21;
SampleCenterLocation 100000 100000;
ClassLookup 1
  0 "0"  ;
OrientationInstructions "Front";
CoordinatesMirrored No;
InspectionTest 1;
SampleTestPlan 1
  0 0 ;
AreaPerTest 2.73531e+010;
DefectRecordSpec 15 DEFECTID XREL YREL XINDEX YINDEX XSIZE YSIZE DEFECTAREA DSIZE CLASSNUMBER TEST CLUSTERNUMBER ROUGHBINNUMBER FINEBINNUMBER REVIEWSAMPLE ;
DefectList
 1 95369.000 99913.000 0 0 0.000 0.000 0.000 0.153 0 1 0 0 0 0
 2 95841.000 98298.000 0 0 0.000 0.000 0.000 0.131 0 1 0 0 0 0
 3 98650.000 93856.000 0 0 0.000 0.000 0.000 0.135 0 1 0 0 0 0
 4 106054.000 98106.000 0 0 0.000 0.000 0.000 0.142 0 1 0 0 0 0
 5 92999.000 99688.000 0 0 0.000 0.000 0.000 0.163 0 1 0 0 0 0
 6 95706.000 107163.000 0 0 0.000 0.000 0.000 0.151 0 1 0 0 0 0
 7 91826.000 104488.000 0 0 0.000 0.000 0.000 0.160 0 1 0 0 0 0
 8 94974.000 92289.000 0 0 0.000 0.000 0.000 0.130 0 1 0 0 0 0
 9 92149.000 94527.000 0 0 0.000 0.000 0.000 0.130 0 1 0 0 0 0
 10 100774.000 110014.000 0 0 0.000 0.000 0.000 0.140 0 1 0 0 0 0
 11 94596.000 109945.000 0 0 0.000 0.000 0.000 0.139 0 1 0 0 0 0
 12 109821.000 94622.000 0 0 0.000 0.000 0.000 0.149 0 1 0 0 0 0
 13 92616.000 109788.000 0 0 0.000 0.000 0.000 0.161 0 1 0 0 0 0
 14 87074.000 96687.000 0 0 0.000 0.000 0.000 0.144 0 1 0 0 0 0
 15 86392.000 98056.000 0 0 0.000 0.000 0.000 0.138 0 1 0 0 0 0
 16 89932.000 112323.000 0 0 0.000 0.000 0.000 0.144 0 1 0 0 0 0
 17 105091.000 84003.000 0 0 0.000 0.000 0.000 0.151 0 1 0 0 0 0
 18 96954.000 83190.000 0 0 0.000 0.000 0.000 0.130 0 1 0 0 0 0
 19 111225.000 114221.000 0 0 0.000 0.000 0.000 0.130 0 1 0 0 0 0
 20 85059.000 88436.000 0 0 0.000 0.000 0.000 0.141 0 1 0 0 0 0
 21 109784.000 83242.000 0 0 0.000 0.000 0.000 0.146 0 1 0 0 0 0
 22 84363.000 88364.000 0 0 0.000 0.000 0.000 0.148 0 1 0 0 0 0
 23 81294.000 93395.000 0 0 0.000 0.000 0.000 0.133 0 1 0 0 0 0
 24 119665.000 103531.000 0 0 0.000 0.000 0.000 0.135 0 1 0 0 0 0
 25 113869.000 116113.000 0 0 0.000 0.000 0.000 0.152 0 1 0 0 0 0
 26 103618.000 79083.000 0 0 0.000 0.000 0.000 0.142 0 1 0 0 0 0
 27 99505.000 78672.000 0 0 0.000 0.000 0.000 0.161 0 1 0 0 0 0
 28 120293.000 92349.000 0 0 0.000 0.000 0.000 0.157 0 1 0 0 0 0
 29 77487.000 100538.000 0 0 0.000 0.000 0.000 0.143 0 1 0 0 0 0
 30 78414.000 107461.000 0 0 0.000 0.000 0.000 0.131 0 1 0 0 0 0
 31 121256.000 91895.000 0 0 0.000 0.000 0.000 0.137 0 1 0 0 0 0
 32 77406.000 103896.000 0 0 0.000 0.000 0.000 0.131 0 1 0 0 0 0
 33 95665.000 123565.000 0 0 0.000 0.000 0.000 0.139 0 1 0 0 0 0
 34 123734.000 101384.000 0 0 0.000 0.000 0.000 0.165 0 1 0 0 0 0
 35 86909.000 121309.000 0 0 0.000 0.000 0.000 0.153 0 1 0 0 0 0
 36 110223.000 77700.000 0 0 0.000 0.000 0.000 0.151 0 1 0 0 0 0
 37 118230.000 83426.000 0 0 0.000 0.000 0.000 0.135 0 1 0 0 0 0
 38 123667.000 92679.000 0 0 0.000 0.000 0.000 0.135 0 1 0 0 0 0
 39 122777.000 110933.000 0 0 0.000 0.000 0.000 0.176 0 1 0 0 0 0
 40 105518.000 124938.000 0 0 0.000 0.000 0.000 0.136 0 1 0 0 0 0
 41 119090.000 83063.000 0 0 0.000 0.000 0.000 0.137 0 1 0 0 0 0
 42 121731.000 86219.000 0 0 0.000 0.000 0.000 0.144 0 1 0 0 0 0
 43 117259.000 120486.000 0 0 0.000 0.000 0.000 0.130 0 1 0 0 0 0
 44 74232.000 108653.000 0 0 0.000 0.000 0.000 0.139 0 1 0 0 0 0
 45 113649.000 123722.000 0 0 0.000 0.000 0.000 0.138 0 1 0 0 0 0
 46 120945.000 82925.000 0 0 0.000 0.000 0.000 0.142 0 1 0 0 0 0
 47 97982.000 127508.000 0 0 0.000 0.000 0.000 0.131 0 1 0 0 0 0
 48 119645.000 81202.000 0 0 0.000 0.000 0.000 0.133 0 1 0 0 0 0
 49 72879.000 94345.000 0 0 0.000 0.000 0.000 0.177 0 1 0 0 0 0
 50 127157.000 106030.000 0 0 0.000 0.000 0.000 0.132 0 1 0 0 0 0
 51 93601.000 73039.000 0 0 0.000 0.000 0.000 0.134 0 1 0 0 0 0
 52 73431.000 90951.000 0 0 0.000 0.000 0.000 0.135 0 1 0 0 0 0
 53 79747.000 80591.000 0 0 0.000 0.000 0.000 0.141 0 1 0 0 0 0
 54 113919.000 75757.000 0 0 0.000 0.000 0.000 0.142 0 1 0 0 0 0
 55 105988.000 128272.000 0 0 0.000 0.000 0.000 0.136 0 1 0 0 0 0
 56 105725.000 72074.000 0 0 0.000 0.000 0.000 0.145 0 1 0 0 0 0
 57 114240.000 75300.000 0 0 0.000 0.000 0.000 0.144 0 1 0 0 0 0
 58 121164.000 80148.000 0 0 0.000 0.000 0.000 0.137 0 1 0 0 0 0
 59 115711.000 75419.000 0 0 0.000 0.000 0.000 0.130 0 1 0 0 0 0
 60 90131.000 72281.000 0 0 0.000 0.000 0.000 0.140 0 1 0 0 0 0
 61 83003.000 75374.000 0 0 0.000 0.000 0.000 0.136 0 1 0 0 0 0
 62 81920.000 124946.000 0 0 0.000 0.000 0.000 0.132 0 1 0 0 0 0
 63 72446.000 114367.000 0 0 0.000 0.000 0.000 0.148 0 1 0 0 0 0
 64 69089.000 100966.000 0 0 0.000 0.000 0.000 0.133 0 1 0 0 0 0
 65 85234.000 127792.000 0 0 0.000 0.000 0.000 0.144 0 1 0 0 0 0
 66 69092.000 105825.000 0 0 0.000 0.000 0.000 0.133 0 1 0 0 0 0
 67 74302.000 82103.000 0 0 0.000 0.000 0.000 0.142 0 1 0 0 0 0
 68 106321.000 131198.000 0 0 0.000 0.000 0.000 0.165 0 1 0 0 0 0
 69 119242.000 125847.000 0 0 0.000 0.000 0.000 0.151 0 1 0 0 0 0
 70 68952.000 92324.000 0 0 0.000 0.000 0.000 0.155 0 1 0 0 0 0
 71 131583.000 94766.000 0 0 0.000 0.000 0.000 0.136 0 1 0 0 0 0
 72 90794.000 131117.000 0 0 0.000 0.000 0.000 0.139 0 1 0 0 0 0
 73 131159.000 108667.000 0 0 0.000 0.000 0.000 0.139 0 1 0 0 0 0
 74 69646.000 111776.000 0 0 0.000 0.000 0.000 0.145 0 1 0 0 0 0
 75 119962.000 126064.000 0 0 0.000 0.000 0.000 0.145 0 1 0 0 0 0
 76 126267.000 119841.000 0 0 0.000 0.000 0.000 0.131 0 1 0 0 0 0
 77 84216.000 70982.000 0 0 0.000 0.000 0.000 0.146 0 1 0 0 0 0
 78 128900.000 117535.000 0 0 0.000 0.000 0.000 0.136 0 1 0 0 0 0
 79 101320.000 133965.000 0 0 0.000 0.000 0.000 0.141 0 1 0 0 0 0
 80 101939.000 134346.000 0 0 0.000 0.000 0.000 0.147 0 1 0 0 0 0
 81 111057.000 132896.000 0 0 0.000 0.000 0.000 0.142 0 1 0 0 0 0
 82 77368.000 73933.000 0 0 0.000 0.000 0.000 0.130 0 1 0 0 0 0
 83 96266.000 65557.000 0 0 0.000 0.000 0.000 0.135 0 1 0 0 0 0
 84 133761.000 90652.000 0 0 0.000 0.000 0.000 0.144 0 1 0 0 0 0
 85 132715.000 113177.000 0 0 0.000 0.000 0.000 0.137 0 1 0 0 0 0
 86 109413.000 65790.000 0 0 0.000 0.000 0.000 0.138 0 1 0 0 0 0
 87 111246.000 134105.000 0 0 0.000 0.000 0.000 0.132 0 1 0 0 0 0
 88 105241.000 135829.000 0 0 0.000 0.000 0.000 0.130 0 1 0 0 0 0
 89 94186.000 135825.000 0 0 0.000 0.000 0.000 0.137 0 1 0 0 0 0
 90 117188.000 68588.000 0 0 0.000 0.000 0.000 0.141 0 1 0 0 0 0
 91 63970.000 104083.000 0 0 0.000 0.000 0.000 0.153 0 1 0 0 0 0
 92 135027.000 109261.000 0 0 0.000 0.000 0.000 0.131 0 1 0 0 0 0
 93 89943.000 135124.000 0 0 0.000 0.000 0.000 0.139 0 1 0 0 0 0
 94 75836.000 127262.000 0 0 0.000 0.000 0.000 0.131 0 1 0 0 0 0
 95 68013.000 82307.000 0 0 0.000 0.000 0.000 0.142 0 1 0 0 0 0
 96 80489.000 69132.000 0 0 0.000 0.000 0.000 0.137 0 1 0 0 0 0
 97 126084.000 73285.000 0 0 0.000 0.000 0.000 0.131 0 1 0 0 0 0
 98 121767.000 69468.000 0 0 0.000 0.000 0.000 0.132 0 1 0 0 0 0
 99 137207.000 93727.000 0 0 0.000 0.000 0.000 0.139 0 1 0 0 0 0
 100 72002.000 74510.000 0 0 0.000 0.000 0.000 0.135 0 1 0 0 0 0
 101 138412.000 98781.000 0 0 0.000 0.000 0.000 0.137 0 1 0 0 0 0
 102 63042.000 89313.000 0 0 0.000 0.000 0.000 0.162 0 1 0 0 0 0
 103 107437.000 138627.000 0 0 0.000 0.000 0.000 0.140 0 1 0 0 0 0
 104 67326.000 78213.000 0 0 0.000 0.000 0.000 0.130 0 1 0 0 0 0
 105 137248.000 87207.000 0 0 0.000 0.000 0.000 0.133 0 1 0 0 0 0
 106 131355.000 76144.000 0 0 0.000 0.000 0.000 0.134 0 1 0 0 0 0
 107 130912.000 125082.000 0 0 0.000 0.000 0.000 0.149 0 1 0 0 0 0
 108 60443.000 93755.000 0 0 0.000 0.000 0.000 0.132 0 1 0 0 0 0
 109 71260.000 72219.000 0 0 0.000 0.000 0.000 0.134 0 1 0 0 0 0
 110 93083.000 140165.000 0 0 0.000 0.000 0.000 0.133 0 1 0 0 0 0
 111 140546.000 103192.000 0 0 0.000 0.000 0.000 0.138 0 1 0 0 0 0
 112 96485.000 59621.000 0 0 0.000 0.000 0.000 0.150 0 1 0 0 0 0
 113 140931.000 101854.000 0 0 0.000 0.000 0.000 0.133 0 1 0 0 0 0
 114 64780.000 121595.000 0 0 0.000 0.000 0.000 0.133 0 1 0 0 0 0
 115 129542.000 71669.000 0 0 0.000 0.000 0.000 0.137 0 1 0 0 0 0
 116 127205.000 131069.000 0 0 0.000 0.000 0.000 0.130 0 1 0 0 0 0
 117 71156.000 70546.000 0 0 0.000 0.000 0.000 0.133 0 1 0 0 0 0
 118 117336.000 62531.000 0 0 0.000 0.000 0.000 0.135 0 1 0 0 0 0
 119 81537.000 137450.000 0 0 0.000 0.000 0.000 0.134 0 1 0 0 0 0
 120 141911.000 103178.000 0 0 0.000 0.000 0.000 0.145 0 1 0 0 0 0
 121 129556.000 131623.000 0 0 0.000 0.000 0.000 0.133 0 1 0 0 0 0
 122 72456.000 133584.000 0 0 0.000 0.000 0.000 0.138 0 1 0 0 0 0
 123 56505.000 104075.000 0 0 0.000 0.000 0.000 0.136 0 1 0 0 0 0
 124 127042.000 65996.000 0 0 0.000 0.000 0.000 0.143 0 1 0 0 0 0
 125 108183.000 143569.000 0 0 0.000 0.000 0.000 0.133 0 1 0 0 0 0
 126 70577.000 133104.000 0 0 0.000 0.000 0.000 0.145 0 1 0 0 0 0
 127 142452.000 113357.000 0 0 0.000 0.000 0.000 0.149 0 1 0 0 0 0
 128 127900.000 134884.000 0 0 0.000 0.000 0.000 0.136 0 1 0 0 0 0
 129 117322.000 58750.000 0 0 0.000 0.000 0.000 0.149 0 1 0 0 0 0
 130 83426.000 56941.000 0 0 0.000 0.000 0.000 0.134 0 1 0 0 0 0
 131 61047.000 73373.000 0 0 0.000 0.000 0.000 0.135 0 1 0 0 0 0
 132 132240.000 135578.000 0 0 0.000 0.000 0.000 0.133 0 1 0 0 0 0
 133 134884.000 67235.000 0 0 0.000 0.000 0.000 0.138 0 1 0 0 0 0
 134 135689.000 132372.000 0 0 0.000 0.000 0.000 0.134 0 1 0 0 0 0
 135 107693.000 52671.000 0 0 0.000 0.000 0.000 0.132 0 1 0 0 0 0
 136 52796.000 111912.000 0 0 0.000 0.000 0.000 0.138 0 1 0 0 0 0
 137 69346.000 62208.000 0 0 0.000 0.000 0.000 0.149 0 1 0 0 0 0
 138 55225.000 79824.000 0 0 0.000 0.000 0.000 0.143 0 1 0 0 0 0
 139 148203.000 109904.000 0 0 0.000 0.000 0.000 0.152 0 1 0 0 0 0
 140 73187.000 58790.000 0 0 0.000 0.000 0.000 0.135 0 1 0 0 0 0
 141 98316.000 51067.000 0 0 0.000 0.000 0.000 0.131 0 1 0 0 0 0
 142 149371.000 91311.000 0 0 0.000 0.000 0.000 0.143 0 1 0 0 0 0
 143 138980.000 132666.000 0 0 0.000 0.000 0.000 0.131 0 1 0 0 0 0
 144 59950.000 131552.000 0 0 0.000 0.000 0.000 0.130 0 1 0 0 0 0
 145 128303.000 56970.000 0 0 0.000 0.000 0.000 0.131 0 1 0 0 0 0
 146 119833.000 52379.000 0 0 0.000 0.000 0.000 0.137 0 1 0 0 0 0
 147 86988.000 49823.000 0 0 0.000 0.000 0.000 0.135 0 1 0 0 0 0
 148 111085.000 48359.000 0 0 0.000 0.000 0.000 0.148 0 1 0 0 0 0
 149 75959.000 52820.000 0 0 0.000 0.000 0.000 0.133 0 1 0 0 0 0
 150 142198.000 133091.000 0 0 0.000 0.000 0.000 0.138 0 1 0 0 0 0
 151 72562.000 146452.000 0 0 0.000 0.000 0.000 0.133 0 1 0 0 0 0
 152 128545.000 54776.000 0 0 0.000 0.000 0.000 0.136 0 1 0 0 0 0
 153 70933.000 54894.000 0 0 0.000 0.000 0.000 0.131 0 1 0 0 0 0
 154 148713.000 125097.000 0 0 0.000 0.000 0.000 0.139 0 1 0 0 0 0
 155 154739.000 98365.000 0 0 0.000 0.000 0.000 0.131 0 1 0 0 0 0
 156 77186.000 150320.000 0 0 0.000 0.000 0.000 0.138 0 1 0 0 0 0
 157 46027.000 111079.000 0 0 0.000 0.000 0.000 0.135 0 1 0 0 0 0
 158 45047.000 97506.000 0 0 0.000 0.000 0.000 0.135 0 1 0 0 0 0
 159 66563.000 56135.000 0 0 0.000 0.000 0.000 0.136 0 1 0 0 0 0
 160 135456.000 57557.000 0 0 0.000 0.000 0.000 0.146 0 1 0 0 0 0
 161 152315.000 120253.000 0 0 0.000 0.000 0.000 0.169 0 1 0 0 0 0
 162 121651.000 152091.000 0 0 0.000 0.000 0.000 0.147 0 1 0 0 0 0
 163 43972.000 95339.000 0 0 0.000 0.000 0.000 0.137 0 1 0 0 0 0
 164 109812.000 156035.000 0 0 0.000 0.000 0.000 0.147 0 1 0 0 0 0
 165 146604.000 67694.000 0 0 0.000 0.000 0.000 0.134 0 1 0 0 0 0
 166 83980.000 45721.000 0 0 0.000 0.000 0.000 0.131 0 1 0 0 0 0
 167 48205.000 75707.000 0 0 0.000 0.000 0.000 0.130 0 1 0 0 0 0
 168 143691.000 63040.000 0 0 0.000 0.000 0.000 0.135 0 1 0 0 0 0
 169 72657.000 49521.000 0 0 0.000 0.000 0.000 0.161 0 1 0 0 0 0
 170 103746.000 158508.000 0 0 0.000 0.000 0.000 0.136 0 1 0 0 0 0
 171 73877.000 47652.000 0 0 0.000 0.000 0.000 0.141 0 1 0 0 0 0
 172 60462.000 144026.000 0 0 0.000 0.000 0.000 0.133 0 1 0 0 0 0
 173 151018.000 70254.000 0 0 0.000 0.000 0.000 0.131 0 1 0 0 0 0
 174 54668.000 61826.000 0 0 0.000 0.000 0.000 0.140 0 1 0 0 0 0
 175 69562.000 49178.000 0 0 0.000 0.000 0.000 0.136 0 1 0 0 0 0
 176 113966.000 41823.000 0 0 0.000 0.000 0.000 0.146 0 1 0 0 0 0
 177 147431.000 63182.000 0 0 0.000 0.000 0.000 0.146 0 1 0 0 0 0
 178 93012.000 160159.000 0 0 0.000 0.000 0.000 0.136 0 1 0 0 0 0
 179 46522.000 128173.000 0 0 0.000 0.000 0.000 0.132 0 1 0 0 0 0
 180 158226.000 81522.000 0 0 0.000 0.000 0.000 0.139 0 1 0 0 0 0
 181 50339.000 63076.000 0 0 0.000 0.000 0.000 0.137 0 1 0 0 0 0
 182 63701.000 49030.000 0 0 0.000 0.000 0.000 0.134 0 1 0 0 0 0
 183 151520.000 63254.000 0 0 0.000 0.000 0.000 0.136 0 1 0 0 0 0
 184 124349.000 160022.000 0 0 0.000 0.000 0.000 0.155 0 1 0 0 0 0
 185 153562.000 137351.000 0 0 0.000 0.000 0.000 0.132 0 1 0 0 0 0
 186 34909.000 105579.000 0 0 0.000 0.000 0.000 0.138 0 1 0 0 0 0
 187 165813.000 91898.000 0 0 0.000 0.000 0.000 0.131 0 1 0 0 0 0
 188 163340.000 121582.000 0 0 0.000 0.000 0.000 0.137 0 1 0 0 0 0
 189 48633.000 143798.000 0 0 0.000 0.000 0.000 0.139 0 1 0 0 0 0
 190 87166.000 34218.000 0 0 0.000 0.000 0.000 0.137 0 1 0 0 0 0
 191 138057.000 156559.000 0 0 0.000 0.000 0.000 0.139 0 1 0 0 0 0
 192 167433.000 110580.000 0 0 0.000 0.000 0.000 0.143 0 1 0 0 0 0
 193 31957.000 91492.000 0 0 0.000 0.000 0.000 0.142 0 1 0 0 0 0
 194 142880.000 46093.000 0 0 0.000 0.000 0.000 0.132 0 1 0 0 0 0
 195 30724.000 106457.000 0 0 0.000 0.000 0.000 0.150 0 1 0 0 0 0
 196 139169.000 157631.000 0 0 0.000 0.000 0.000 0.155 0 1 0 0 0 0
 197 170076.000 99617.000 0 0 0.000 0.000 0.000 0.135 0 1 0 0 0 0
 198 159316.000 62275.000 0 0 0.000 0.000 0.000 0.137 0 1 0 0 0 0
 199 148030.000 47623.000 0 0 0.000 0.000 0.000 0.138 0 1 0 0 0 0
 200 140699.000 160643.000 0 0 0.000 0.000 0.000 0.144 0 1 0 0 0 0
 201 27289.000 114438.000 0 0 0.000 0.000 0.000 0.131 0 1 0 0 0 0
 202 40308.000 144353.000 0 0 0.000 0.000 0.000 0.136 0 1 0 0 0 0
 203 80327.000 27959.000 0 0 0.000 0.000 0.000 0.133 0 1 0 0 0 0
 204 21842.000 98365.000 0 0 0.000 0.000 0.000 0.132 0 1 0 0 0 0
 205 25064.000 128301.000 0 0 0.000 0.000 0.000 0.132 0 1 0 0 0 0
 206 124485.000 178996.000 0 0 0.000 0.000 0.000 0.459 0 1 0 0 0 0
 207 23149.000 67981.000 0 0 0.000 0.000 0.000 0.148 0 1 0 0 0 0;
ProcessEquipmentIDList 1
  "6500" ;
SummarySpec 5
  TESTNO    NDEFECT    DEFDENSITY    NDIE    NDEFDIE  ;
SummaryList 
  1    207    0.7568    1    1  ;
EndOfFile;
