FileVersion 1 2;
FileTimestamp 01-05-26 22:24:23;
InspectionStationID "KLA-Tencor" "SFSSP1" "0901-0728-TBI";
SampleType WAFER;
ResultTimestamp 01-05-26 22:13:40;
LotID "2580";
SampleSize 1 200;
DeviceID "None";
SetupID "T2-2580NR" 01-05-26 22:13:40;
StepID "5481";
SampleOrientationMarkType NOTCH;
OrientationMarkLocation DOWN;
DiePitch 200000 200000;
DieOrigin 0 0;
WaferID "18";
Slot 18;
SampleCenterLocation 100000 100000;
ClassLookup 1
  0 "0"  ;
OrientationInstructions "Front";
CoordinatesMirrored No;
InspectionTest 1;
SampleTestPlan 1
  0 0 ;
AreaPerTest 2.73517e+010;
DefectRecordSpec 15 DEFECTID XREL YREL XINDEX YINDEX XSIZE YSIZE DEFECTAREA DSIZE CLASSNUMBER TEST CLUSTERNUMBER ROUGHBINNUMBER FINEBINNUMBER REVIEWSAMPLE ;
DefectList
 1 101397.000 100342.000 0 0 0.000 0.000 0.000 0.142 0 1 0 0 0 0
 2 98317.000 91432.000 0 0 0.000 0.000 0.000 0.145 0 1 0 0 0 0
 3 92840.000 93825.000 0 0 0.000 0.000 0.000 0.140 0 1 0 0 0 0
 4 104253.000 91300.000 0 0 0.000 0.000 0.000 0.134 0 1 0 0 0 0
 5 89258.000 103809.000 0 0 0.000 0.000 0.000 0.153 0 1 0 0 0 0
 6 91075.000 91798.000 0 0 0.000 0.000 0.000 0.138 0 1 0 0 0 0
 7 98234.000 86537.000 0 0 0.000 0.000 0.000 0.138 0 1 0 0 0 0
 8 111936.000 93231.000 0 0 0.000 0.000 0.000 0.134 0 1 0 0 0 0
 9 111649.000 108856.000 0 0 0.000 0.000 0.000 0.135 0 1 0 0 0 0
 10 102405.000 85619.000 0 0 0.000 0.000 0.000 0.184 0 1 0 0 0 0
 11 91349.000 113532.000 0 0 0.000 0.000 0.000 0.146 0 1 0 0 0 0
 12 112664.000 90469.000 0 0 0.000 0.000 0.000 0.150 0 1 0 0 0 0
 13 85044.000 107395.000 0 0 0.000 0.000 0.000 0.138 0 1 0 0 0 0
 14 88518.000 112258.000 0 0 0.000 0.000 0.000 0.140 0 1 0 0 0 0
 15 108128.000 116005.000 0 0 0.000 0.000 0.000 0.140 0 1 0 0 0 0
 16 105726.000 117201.000 0 0 0.000 0.000 0.000 0.144 0 1 0 0 0 0
 17 106991.000 83359.000 0 0 0.000 0.000 0.000 0.140 0 1 0 0 0 0
 18 103212.000 118166.000 0 0 0.000 0.000 0.000 0.155 0 1 0 0 0 0
 19 115224.000 110870.000 0 0 0.000 0.000 0.000 0.143 0 1 0 0 0 0
 20 114877.000 87986.000 0 0 0.000 0.000 0.000 200000.000 0 1 0 200 0 0
 21 90084.000 83606.000 0 0 0.000 0.000 0.000 0.140 0 1 0 0 0 0
 22 91809.000 118280.000 0 0 0.000 0.000 0.000 0.134 0 1 0 0 0 0
 23 80372.000 97067.000 0 0 0.000 0.000 0.000 0.132 0 1 0 0 0 0
 24 79600.000 103095.000 0 0 0.000 0.000 0.000 0.133 0 1 0 0 0 0
 25 119457.000 92892.000 0 0 0.000 0.000 0.000 0.143 0 1 0 0 0 0
 26 82402.000 111512.000 0 0 0.000 0.000 0.000 0.138 0 1 0 0 0 0
 27 80637.000 108274.000 0 0 0.000 0.000 0.000 0.151 0 1 0 0 0 0
 28 101623.000 121118.000 0 0 0.000 0.000 0.000 0.174 0 1 0 0 0 0
 29 80168.000 107986.000 0 0 0.000 0.000 0.000 0.140 0 1 0 0 0 0
 30 83109.000 87052.000 0 0 0.000 0.000 0.000 0.173 0 1 0 0 0 0
 31 91411.000 79963.000 0 0 0.000 0.000 0.000 0.142 0 1 0 0 0 0
 32 117685.000 87332.000 0 0 0.000 0.000 0.000 0.135 0 1 0 0 0 0
 33 78589.000 93994.000 0 0 0.000 0.000 0.000 0.133 0 1 0 0 0 0
 34 107747.000 121927.000 0 0 0.000 0.000 0.000 0.141 0 1 0 0 0 0
 35 122186.000 93198.000 0 0 0.000 0.000 0.000 0.135 0 1 0 0 0 0
 36 113298.000 80679.000 0 0 0.000 0.000 0.000 0.137 0 1 0 0 0 0
 37 96452.000 76487.000 0 0 0.000 0.000 0.000 0.138 0 1 0 0 0 0
 38 85952.000 119890.000 0 0 0.000 0.000 0.000 0.147 0 1 0 0 0 0
 39 102921.000 124384.000 0 0 0.000 0.000 0.000 0.131 0 1 0 0 0 0
 40 101713.000 75788.000 0 0 0.000 0.000 0.000 0.152 0 1 0 0 0 0
 41 118342.000 84076.000 0 0 0.000 0.000 0.000 0.131 0 1 0 0 0 0
 42 123799.000 94369.000 0 0 0.000 0.000 0.000 0.141 0 1 0 0 0 0
 43 85520.000 79364.000 0 0 0.000 0.000 0.000 0.133 0 1 0 0 0 0
 44 83519.000 120372.000 0 0 0.000 0.000 0.000 0.131 0 1 0 0 0 0
 45 113058.000 77477.000 0 0 0.000 0.000 0.000 0.135 0 1 0 0 0 0
 46 126321.000 106299.000 0 0 0.000 0.000 0.000 0.142 0 1 0 0 0 0
 47 124509.000 111815.000 0 0 0.000 0.000 0.000 0.141 0 1 0 0 0 0
 48 90054.000 125904.000 0 0 0.000 0.000 0.000 0.131 0 1 0 0 0 0
 49 126143.000 91839.000 0 0 0.000 0.000 0.000 0.133 0 1 0 0 0 0
 50 78417.000 82906.000 0 0 0.000 0.000 0.000 0.132 0 1 0 0 0 0
 51 127532.000 103237.000 0 0 0.000 0.000 0.000 0.132 0 1 0 0 0 0
 52 85702.000 76254.000 0 0 0.000 0.000 0.000 0.131 0 1 0 0 0 0
 53 122170.000 83360.000 0 0 0.000 0.000 0.000 0.136 0 1 0 0 0 0
 54 119188.000 120547.000 0 0 0.000 0.000 0.000 0.133 0 1 0 0 0 0
 55 126626.000 90455.000 0 0 0.000 0.000 0.000 0.132 0 1 0 0 0 0
 56 113064.000 125503.000 0 0 0.000 0.000 0.000 0.148 0 1 0 0 0 0
 57 72141.000 91945.000 0 0 0.000 0.000 0.000 0.146 0 1 0 0 0 0
 58 128953.000 96554.000 0 0 0.000 0.000 0.000 0.133 0 1 0 0 0 0
 59 120416.000 76970.000 0 0 0.000 0.000 0.000 0.131 0 1 0 0 0 0
 60 129484.000 110418.000 0 0 0.000 0.000 0.000 0.146 0 1 0 0 0 0
 61 111151.000 71050.000 0 0 0.000 0.000 0.000 0.168 0 1 0 0 0 0
 62 93617.000 69191.000 0 0 0.000 0.000 0.000 0.151 0 1 0 0 0 0
 63 119007.000 125526.000 0 0 0.000 0.000 0.000 0.142 0 1 0 0 0 0
 64 69276.000 111481.000 0 0 0.000 0.000 0.000 0.159 0 1 0 0 0 0
 65 71223.000 116410.000 0 0 0.000 0.000 0.000 0.132 0 1 0 0 0 0
 66 124181.000 77272.000 0 0 0.000 0.000 0.000 0.130 0 1 0 0 0 0
 67 132485.000 108599.000 0 0 0.000 0.000 0.000 0.138 0 1 0 0 0 0
 68 107398.000 133044.000 0 0 0.000 0.000 0.000 0.150 0 1 0 0 0 0
 69 69794.000 116243.000 0 0 0.000 0.000 0.000 0.148 0 1 0 0 0 0
 70 65805.000 110143.000 0 0 0.000 0.000 0.000 0.158 0 1 0 0 0 0
 71 131787.000 83678.000 0 0 0.000 0.000 0.000 0.136 0 1 0 0 0 0
 72 126563.000 75856.000 0 0 0.000 0.000 0.000 0.147 0 1 0 0 0 0
 73 104679.000 136483.000 0 0 0.000 0.000 0.000 0.141 0 1 0 0 0 0
 74 71427.000 123691.000 0 0 0.000 0.000 0.000 0.144 0 1 0 0 0 0
 75 103481.000 63139.000 0 0 0.000 0.000 0.000 0.133 0 1 0 0 0 0
 76 62368.000 99654.000 0 0 0.000 0.000 0.000 0.139 0 1 0 0 0 0
 77 80024.000 68178.000 0 0 0.000 0.000 0.000 0.141 0 1 0 0 0 0
 78 127859.000 125751.000 0 0 0.000 0.000 0.000 0.138 0 1 0 0 0 0
 79 136691.000 112998.000 0 0 0.000 0.000 0.000 0.140 0 1 0 0 0 0
 80 77527.000 132042.000 0 0 0.000 0.000 0.000 0.138 0 1 0 0 0 0
 81 103069.000 61201.000 0 0 0.000 0.000 0.000 0.140 0 1 0 0 0 0
 82 135706.000 83581.000 0 0 0.000 0.000 0.000 0.138 0 1 0 0 0 0
 83 67784.000 75995.000 0 0 0.000 0.000 0.000 0.144 0 1 0 0 0 0
 84 140169.000 102148.000 0 0 0.000 0.000 0.000 0.130 0 1 0 0 0 0
 85 140344.000 102431.000 0 0 0.000 0.000 0.000 0.131 0 1 0 0 0 0
 86 88473.000 60403.000 0 0 0.000 0.000 0.000 0.156 0 1 0 0 0 0
 87 140145.000 88986.000 0 0 0.000 0.000 0.000 0.138 0 1 0 0 0 0
 88 113500.000 60259.000 0 0 0.000 0.000 0.000 0.143 0 1 0 0 0 0
 89 117487.000 138932.000 0 0 0.000 0.000 0.000 0.141 0 1 0 0 0 0
 90 88902.000 141777.000 0 0 0.000 0.000 0.000 0.130 0 1 0 0 0 0
 91 140789.000 113754.000 0 0 0.000 0.000 0.000 0.160 0 1 0 0 0 0
 92 143346.000 101943.000 0 0 0.000 0.000 0.000 0.151 0 1 0 0 0 0
 93 124067.000 63968.000 0 0 0.000 0.000 0.000 0.139 0 1 0 0 0 0
 94 87312.000 142063.000 0 0 0.000 0.000 0.000 0.136 0 1 0 0 0 0
 95 76638.000 63328.000 0 0 0.000 0.000 0.000 0.130 0 1 0 0 0 0
 96 138922.000 120417.000 0 0 0.000 0.000 0.000 0.136 0 1 0 0 0 0
 97 71013.000 133668.000 0 0 0.000 0.000 0.000 0.133 0 1 0 0 0 0
 98 133730.000 128917.000 0 0 0.000 0.000 0.000 0.135 0 1 0 0 0 0
 99 93564.000 144129.000 0 0 0.000 0.000 0.000 0.134 0 1 0 0 0 0
 100 55519.000 103973.000 0 0 0.000 0.000 0.000 0.135 0 1 0 0 0 0
 101 86607.000 56919.000 0 0 0.000 0.000 0.000 0.151 0 1 0 0 0 0
 102 88525.000 144391.000 0 0 0.000 0.000 0.000 0.138 0 1 0 0 0 0
 103 106815.000 145463.000 0 0 0.000 0.000 0.000 0.145 0 1 0 0 0 0
 104 93531.000 54748.000 0 0 0.000 0.000 0.000 0.132 0 1 0 0 0 0
 105 91355.000 145452.000 0 0 0.000 0.000 0.000 0.138 0 1 0 0 0 0
 106 57752.000 81707.000 0 0 0.000 0.000 0.000 0.151 0 1 0 0 0 0
 107 142822.000 82238.000 0 0 0.000 0.000 0.000 0.141 0 1 0 0 0 0
 108 84959.000 144304.000 0 0 0.000 0.000 0.000 0.150 0 1 0 0 0 0
 109 56305.000 83957.000 0 0 0.000 0.000 0.000 0.133 0 1 0 0 0 0
 110 132990.000 67169.000 0 0 0.000 0.000 0.000 0.132 0 1 0 0 0 0
 111 89347.000 145929.000 0 0 0.000 0.000 0.000 0.132 0 1 0 0 0 0
 112 108987.000 53788.000 0 0 0.000 0.000 0.000 0.148 0 1 0 0 0 0
 113 94409.000 147216.000 0 0 0.000 0.000 0.000 0.133 0 1 0 0 0 0
 114 80065.000 57136.000 0 0 0.000 0.000 0.000 0.168 0 1 0 0 0 0
 115 139649.000 73892.000 0 0 0.000 0.000 0.000 0.131 0 1 0 0 0 0
 116 53225.000 90526.000 0 0 0.000 0.000 0.000 0.137 0 1 0 0 0 0
 117 125519.000 140749.000 0 0 0.000 0.000 0.000 0.133 0 1 0 0 0 0
 118 147710.000 106137.000 0 0 0.000 0.000 0.000 0.142 0 1 0 0 0 0
 119 73297.000 140466.000 0 0 0.000 0.000 0.000 0.136 0 1 0 0 0 0
 120 91198.000 148047.000 0 0 0.000 0.000 0.000 0.160 0 1 0 0 0 0
 121 102679.000 148838.000 0 0 0.000 0.000 0.000 0.138 0 1 0 0 0 0
 122 56117.000 121729.000 0 0 0.000 0.000 0.000 0.133 0 1 0 0 0 0
 123 53204.000 85606.000 0 0 0.000 0.000 0.000 0.133 0 1 0 0 0 0
 124 135679.000 134894.000 0 0 0.000 0.000 0.000 0.149 0 1 0 0 0 0
 125 52081.000 86608.000 0 0 0.000 0.000 0.000 0.137 0 1 0 0 0 0
 126 146809.000 83013.000 0 0 0.000 0.000 0.000 0.135 0 1 0 0 0 0
 127 58082.000 72598.000 0 0 0.000 0.000 0.000 0.146 0 1 0 0 0 0
 128 131117.000 60874.000 0 0 0.000 0.000 0.000 0.141 0 1 0 0 0 0
 129 59824.000 69498.000 0 0 0.000 0.000 0.000 0.139 0 1 0 0 0 0
 130 117773.000 52752.000 0 0 0.000 0.000 0.000 0.134 0 1 0 0 0 0
 131 82826.000 148224.000 0 0 0.000 0.000 0.000 0.135 0 1 0 0 0 0
 132 150397.000 107505.000 0 0 0.000 0.000 0.000 0.156 0 1 0 0 0 0
 133 105687.000 151427.000 0 0 0.000 0.000 0.000 0.135 0 1 0 0 0 0
 134 57047.000 71648.000 0 0 0.000 0.000 0.000 0.138 0 1 0 0 0 0
 135 140540.000 133223.000 0 0 0.000 0.000 0.000 0.140 0 1 0 0 0 0
 136 138861.000 135697.000 0 0 0.000 0.000 0.000 0.141 0 1 0 0 0 0
 137 52385.000 123364.000 0 0 0.000 0.000 0.000 0.138 0 1 0 0 0 0
 138 74891.000 53375.000 0 0 0.000 0.000 0.000 0.131 0 1 0 0 0 0
 139 141540.000 133811.000 0 0 0.000 0.000 0.000 0.130 0 1 0 0 0 0
 140 66498.000 56602.000 0 0 0.000 0.000 0.000 0.130 0 1 0 0 0 0
 141 125543.000 149452.000 0 0 0.000 0.000 0.000 0.130 0 1 0 0 0 0
 142 136177.000 142765.000 0 0 0.000 0.000 0.000 0.134 0 1 0 0 0 0
 143 44437.000 92003.000 0 0 0.000 0.000 0.000 0.133 0 1 0 0 0 0
 144 44654.000 88831.000 0 0 0.000 0.000 0.000 0.135 0 1 0 0 0 0
 145 61078.000 59274.000 0 0 0.000 0.000 0.000 0.131 0 1 0 0 0 0
 146 156185.000 105807.000 0 0 0.000 0.000 0.000 0.150 0 1 0 0 0 0
 147 112163.000 155464.000 0 0 0.000 0.000 0.000 0.130 0 1 0 0 0 0
 148 43977.000 91571.000 0 0 0.000 0.000 0.000 0.130 0 1 0 0 0 0
 149 156776.000 95018.000 0 0 0.000 0.000 0.000 0.132 0 1 0 0 0 0
 150 139080.000 142059.000 0 0 0.000 0.000 0.000 0.141 0 1 0 0 0 0
 151 71198.000 149918.000 0 0 0.000 0.000 0.000 0.144 0 1 0 0 0 0
 152 46787.000 76300.000 0 0 0.000 0.000 0.000 0.134 0 1 0 0 0 0
 153 143366.000 61389.000 0 0 0.000 0.000 0.000 0.132 0 1 0 0 0 0
 154 42262.000 109574.000 0 0 0.000 0.000 0.000 0.130 0 1 0 0 0 0
 155 57738.000 59589.000 0 0 0.000 0.000 0.000 0.138 0 1 0 0 0 0
 156 156372.000 84182.000 0 0 0.000 0.000 0.000 0.132 0 1 0 0 0 0
 157 40931.000 105557.000 0 0 0.000 0.000 0.000 0.131 0 1 0 0 0 0
 158 42093.000 86325.000 0 0 0.000 0.000 0.000 0.131 0 1 0 0 0 0
 159 80164.000 44030.000 0 0 0.000 0.000 0.000 0.142 0 1 0 0 0 0
 160 49440.000 132491.000 0 0 0.000 0.000 0.000 200000.000 0 1 0 200 0 0
 161 110792.000 41261.000 0 0 0.000 0.000 0.000 0.141 0 1 0 0 0 0
 162 106047.000 160063.000 0 0 0.000 0.000 0.000 0.141 0 1 0 0 0 0
 163 69473.000 48325.000 0 0 0.000 0.000 0.000 0.133 0 1 0 0 0 0
 164 155137.000 125649.000 0 0 0.000 0.000 0.000 0.151 0 1 0 0 0 0
 165 39806.000 88861.000 0 0 0.000 0.000 0.000 0.146 0 1 0 0 0 0
 166 107098.000 161382.000 0 0 0.000 0.000 0.000 0.136 0 1 0 0 0 0
 167 145234.000 142928.000 0 0 0.000 0.000 0.000 0.141 0 1 0 0 0 0
 168 57068.000 145154.000 0 0 0.000 0.000 0.000 0.168 0 1 0 0 0 0
 169 48280.000 64731.000 0 0 0.000 0.000 0.000 0.136 0 1 0 0 0 0
 170 66696.000 46473.000 0 0 0.000 0.000 0.000 0.131 0 1 0 0 0 0
 171 66670.000 154280.000 0 0 0.000 0.000 0.000 0.136 0 1 0 0 0 0
 172 85033.000 162289.000 0 0 0.000 0.000 0.000 0.166 0 1 0 0 0 0
 173 152126.000 137677.000 0 0 0.000 0.000 0.000 0.136 0 1 0 0 0 0
 174 36554.000 114569.000 0 0 0.000 0.000 0.000 0.130 0 1 0 0 0 0
 175 165806.000 91293.000 0 0 0.000 0.000 0.000 0.143 0 1 0 0 0 0
 176 75425.000 162288.000 0 0 0.000 0.000 0.000 0.132 0 1 0 0 0 0
 177 166837.000 101479.000 0 0 0.000 0.000 0.000 0.131 0 1 0 0 0 0
 178 149704.000 145127.000 0 0 0.000 0.000 0.000 0.134 0 1 0 0 0 0
 179 143195.000 152373.000 0 0 0.000 0.000 0.000 0.130 0 1 0 0 0 0
 180 100012.000 32099.000 0 0 0.000 0.000 0.000 0.133 0 1 0 0 0 0
 181 34946.000 121241.000 0 0 0.000 0.000 0.000 0.131 0 1 0 0 0 0
 182 31639.000 97532.000 0 0 0.000 0.000 0.000 0.135 0 1 0 0 0 0
 183 153046.000 56837.000 0 0 0.000 0.000 0.000 0.144 0 1 0 0 0 0
 184 118122.000 32458.000 0 0 0.000 0.000 0.000 0.131 0 1 0 0 0 0
 185 120608.000 33207.000 0 0 0.000 0.000 0.000 0.133 0 1 0 0 0 0
 186 38936.000 64979.000 0 0 0.000 0.000 0.000 0.130 0 1 0 0 0 0
 187 54339.000 44654.000 0 0 0.000 0.000 0.000 0.130 0 1 0 0 0 0
 188 74891.000 167723.000 0 0 0.000 0.000 0.000 0.223 0 1 0 0 0 0
 189 110841.000 172424.000 0 0 0.000 0.000 0.000 0.134 0 1 0 0 0 0
 190 73030.000 168092.000 0 0 0.000 0.000 0.000 0.219 0 1 0 0 0 0
 191 44600.000 148984.000 0 0 0.000 0.000 0.000 0.141 0 1 0 0 0 0
 192 76311.000 30255.000 0 0 0.000 0.000 0.000 0.142 0 1 0 0 0 0
 193 172992.000 118533.000 0 0 0.000 0.000 0.000 0.136 0 1 0 0 0 0
 194 138864.000 35498.000 0 0 0.000 0.000 0.000 0.130 0 1 0 0 0 0
 195 169273.000 130373.000 0 0 0.000 0.000 0.000 0.132 0 1 0 0 0 0
 196 171446.000 75707.000 0 0 0.000 0.000 0.000 0.132 0 1 0 0 0 0
 197 66130.000 168454.000 0 0 0.000 0.000 0.000 0.218 0 1 0 0 0 0
 198 152833.000 156612.000 0 0 0.000 0.000 0.000 0.133 0 1 0 0 0 0
 199 94700.000 177714.000 0 0 0.000 0.000 0.000 0.136 0 1 0 0 0 0
 200 21782.000 105859.000 0 0 0.000 0.000 0.000 0.156 0 1 0 0 0 0
 201 145669.000 36052.000 0 0 0.000 0.000 0.000 0.215 0 1 0 0 0 0
 202 67024.000 176448.000 0 0 0.000 0.000 0.000 0.203 0 1 0 0 0 0
 203 61817.000 180164.000 0 0 0.000 0.000 0.000 0.178 0 1 0 0 0 0;
ProcessEquipmentIDList 1
  "6500" ;
SummarySpec 5
  TESTNO    NDEFECT    DEFDENSITY    NDIE    NDEFDIE  ;
SummaryList 
  1    203    0.7422    1    1  ;
EndOfFile;
