FileVersion 1 2;
FileTimestamp 01-06-26 13:16:39;
InspectionStationID "KLA-Tencor" "SFSSP1" "0901-0728-TBI";
SampleType WAFER;
ResultTimestamp 01-06-26 13:08:09;
LotID "2580";
SampleSize 1 200;
DeviceID "None";
SetupID "T2-2580NR" 01-06-26 13:08:09;
StepID "6552";
SampleOrientationMarkType NOTCH;
OrientationMarkLocation DOWN;
DiePitch 200000 200000;
DieOrigin 0 0;
WaferID "12";
Slot 12;
SampleCenterLocation 100000 100000;
ClassLookup 1
  0 "0"  ;
OrientationInstructions "Front";
CoordinatesMirrored No;
InspectionTest 1;
SampleTestPlan 1
  0 0 ;
AreaPerTest 2.73517e+010;
ClusterClassificationList 1
  1 200 ;
DefectRecordSpec 15 DEFECTID XREL YREL XINDEX YINDEX XSIZE YSIZE DEFECTAREA DSIZE CLASSNUMBER TEST CLUSTERNUMBER ROUGHBINNUMBER FINEBINNUMBER REVIEWSAMPLE ;
DefectList
 1 94154.000 96524.000 0 0 0.000 0.000 0.000 0.138 0 1 0 0 0 0
 2 92001.000 98018.000 0 0 0.000 0.000 0.000 0.135 0 1 0 0 0 0
 3 106103.000 93780.000 0 0 0.000 0.000 0.000 0.138 0 1 0 0 0 0
 4 88665.000 94876.000 0 0 0.000 0.000 0.000 0.146 0 1 0 0 0 0
 5 105362.000 88915.000 0 0 0.000 0.000 0.000 0.132 0 1 0 0 0 0
 6 94472.000 112120.000 0 0 0.000 0.000 0.000 0.150 0 1 0 0 0 0
 7 87217.000 94465.000 0 0 0.000 0.000 0.000 0.141 0 1 0 0 0 0
 8 93782.000 112998.000 0 0 0.000 0.000 0.000 0.155 0 1 0 0 0 0
 9 107722.000 112659.000 0 0 0.000 0.000 0.000 0.169 0 1 0 0 0 0
 10 93267.000 113419.000 0 0 0.000 0.000 0.000 0.140 0 1 0 0 0 0
 11 113801.000 106088.000 0 0 0.000 0.000 0.000 0.136 0 1 0 0 0 0
 12 98718.000 115798.000 0 0 0.000 0.000 0.000 0.137 0 1 0 0 0 0
 13 84891.000 94952.000 0 0 0.000 0.000 0.000 0.136 0 1 0 0 0 0
 14 98708.000 116429.000 0 0 0.000 0.000 0.000 0.132 0 1 0 0 0 0
 15 110379.000 112763.000 0 0 0.000 0.000 0.000 0.137 0 1 0 0 0 0
 16 99272.000 116573.000 0 0 0.000 0.000 0.000 0.149 0 1 0 0 0 0
 17 112936.000 89616.000 0 0 0.000 0.000 0.000 0.153 0 1 0 0 0 0
 18 114969.000 109288.000 0 0 0.000 0.000 0.000 0.208 0 1 0 0 0 0
 19 114582.000 109730.000 0 0 0.000 0.000 0.000 0.151 0 1 0 0 0 0
 20 103868.000 83111.000 0 0 0.000 0.000 0.000 0.140 0 1 0 0 0 0
 21 115775.000 109528.000 0 0 0.000 0.000 0.000 0.154 0 1 0 0 0 0
 22 81817.000 96957.000 0 0 0.000 0.000 0.000 0.132 0 1 0 0 0 0
 23 118167.000 97093.000 0 0 0.000 0.000 0.000 0.140 0 1 0 0 0 0
 24 92081.000 116984.000 0 0 0.000 0.000 0.000 0.145 0 1 0 0 0 0
 25 110520.000 116855.000 0 0 0.000 0.000 0.000 0.151 0 1 0 0 0 0
 26 110111.000 82951.000 0 0 0.000 0.000 0.000 0.135 0 1 0 0 0 0
 27 79803.000 94268.000 0 0 0.000 0.000 0.000 0.136 0 1 0 0 0 0
 28 78446.000 98534.000 0 0 0.000 0.000 0.000 0.131 0 1 0 0 0 0
 29 79643.000 109285.000 0 0 0.000 0.000 0.000 0.136 0 1 0 0 0 0
 30 81308.000 87627.000 0 0 0.000 0.000 0.000 0.168 0 1 0 0 0 0
 31 79134.000 109240.000 0 0 0.000 0.000 0.000 0.140 0 1 0 0 0 0
 32 121954.000 93581.000 0 0 0.000 0.000 0.000 0.146 0 1 0 0 0 0
 33 78638.000 109370.000 0 0 0.000 0.000 0.000 0.158 0 1 0 0 0 0
 34 77768.000 107036.000 0 0 0.000 0.000 0.000 0.131 0 1 0 0 0 0
 35 76965.000 96914.000 0 0 0.000 0.000 0.000 0.143 0 1 0 0 0 0
 36 117716.000 115916.000 0 0 0.000 0.000 0.000 0.140 0 1 0 0 0 0
 37 76380.000 98756.000 0 0 0.000 0.000 0.000 0.155 0 1 0 0 0 0
 38 118229.000 85093.000 0 0 0.000 0.000 0.000 0.137 0 1 0 0 0 0
 39 117780.000 84328.000 0 0 0.000 0.000 0.000 0.136 0 1 0 0 0 0
 40 121667.000 89923.000 0 0 0.000 0.000 0.000 0.130 0 1 0 0 0 0
 41 77267.000 91236.000 0 0 0.000 0.000 0.000 0.167 0 1 0 0 0 0
 42 120352.000 85227.000 0 0 0.000 0.000 0.000 0.132 0 1 0 0 0 0
 43 124473.000 94225.000 0 0 0.000 0.000 0.000 0.162 0 1 0 0 0 0
 44 122733.000 88504.000 0 0 0.000 0.000 0.000 0.137 0 1 0 0 0 0
 45 124118.000 88902.000 0 0 0.000 0.000 0.000 0.144 0 1 0 0 0 0
 46 111742.000 124429.000 0 0 0.000 0.000 0.000 0.138 0 1 0 0 0 0
 47 85884.000 123093.000 0 0 0.000 0.000 0.000 0.156 0 1 0 0 0 0
 48 85625.000 77505.000 0 0 0.000 0.000 0.000 0.133 0 1 0 0 0 0
 49 121782.000 84064.000 0 0 0.000 0.000 0.000 0.151 0 1 0 0 0 0
 50 125809.000 91310.000 0 0 0.000 0.000 0.000 0.165 0 1 0 0 0 0
 51 75850.000 113474.000 0 0 0.000 0.000 0.000 0.131 0 1 0 0 0 0
 52 107848.000 72991.000 0 0 0.000 0.000 0.000 0.143 0 1 0 0 0 0
 53 122600.000 82857.000 0 0 0.000 0.000 0.000 0.135 0 1 0 0 0 0
 54 91080.000 127501.000 0 0 0.000 0.000 0.000 0.142 0 1 0 0 0 0
 55 75986.000 116221.000 0 0 0.000 0.000 0.000 0.148 0 1 0 0 0 0
 56 88672.000 73504.000 0 0 0.000 0.000 0.000 0.136 0 1 0 0 0 0
 57 127675.000 91592.000 0 0 0.000 0.000 0.000 0.132 0 1 0 0 0 0
 58 92734.000 128496.000 0 0 0.000 0.000 0.000 0.148 0 1 0 0 0 0
 59 114685.000 125762.000 0 0 0.000 0.000 0.000 0.140 0 1 0 0 0 0
 60 97060.000 129968.000 0 0 0.000 0.000 0.000 0.140 0 1 0 0 0 0
 61 83727.000 75230.000 0 0 0.000 0.000 0.000 0.130 0 1 0 0 0 0
 62 122298.000 80380.000 0 0 0.000 0.000 0.000 0.144 0 1 0 0 0 0
 63 126913.000 87403.000 0 0 0.000 0.000 0.000 0.136 0 1 0 0 0 0
 64 129743.000 94142.000 0 0 0.000 0.000 0.000 0.158 0 1 0 0 0 0
 65 83844.000 126148.000 0 0 0.000 0.000 0.000 0.163 0 1 0 0 0 0
 66 68687.000 101466.000 0 0 0.000 0.000 0.000 0.139 0 1 0 0 0 0
 67 129363.000 111283.000 0 0 0.000 0.000 0.000 0.131 0 1 0 0 0 0
 68 71585.000 113828.000 0 0 0.000 0.000 0.000 0.136 0 1 0 0 0 0
 69 100931.000 68102.000 0 0 0.000 0.000 0.000 0.136 0 1 0 0 0 0
 70 89665.000 130701.000 0 0 0.000 0.000 0.000 0.143 0 1 0 0 0 0
 71 74437.000 120102.000 0 0 0.000 0.000 0.000 0.137 0 1 0 0 0 0
 72 71743.000 116856.000 0 0 0.000 0.000 0.000 0.146 0 1 0 0 0 0
 73 67021.000 95464.000 0 0 0.000 0.000 0.000 0.145 0 1 0 0 0 0
 74 100970.000 66996.000 0 0 0.000 0.000 0.000 0.136 0 1 0 0 0 0
 75 120616.000 73891.000 0 0 0.000 0.000 0.000 0.150 0 1 0 0 0 0
 76 81662.000 128648.000 0 0 0.000 0.000 0.000 0.137 0 1 0 0 0 0
 77 97278.000 134385.000 0 0 0.000 0.000 0.000 0.132 0 1 0 0 0 0
 78 81837.000 129256.000 0 0 0.000 0.000 0.000 0.130 0 1 0 0 0 0
 79 116915.000 130530.000 0 0 0.000 0.000 0.000 0.130 0 1 0 0 0 0
 80 87972.000 67532.000 0 0 0.000 0.000 0.000 0.135 0 1 0 0 0 0
 81 128320.000 79953.000 0 0 0.000 0.000 0.000 0.146 0 1 0 0 0 0
 82 108520.000 134465.000 0 0 0.000 0.000 0.000 0.135 0 1 0 0 0 0
 83 132082.000 84491.000 0 0 0.000 0.000 0.000 0.139 0 1 0 0 0 0
 84 114569.000 133067.000 0 0 0.000 0.000 0.000 0.140 0 1 0 0 0 0
 85 85877.000 67211.000 0 0 0.000 0.000 0.000 0.156 0 1 0 0 0 0
 86 77728.000 71356.000 0 0 0.000 0.000 0.000 0.144 0 1 0 0 0 0
 87 89351.000 135975.000 0 0 0.000 0.000 0.000 0.138 0 1 0 0 0 0
 88 74526.000 127549.000 0 0 0.000 0.000 0.000 0.141 0 1 0 0 0 0
 89 135864.000 89035.000 0 0 0.000 0.000 0.000 0.133 0 1 0 0 0 0
 90 119952.000 68167.000 0 0 0.000 0.000 0.000 0.140 0 1 0 0 0 0
 91 96692.000 138028.000 0 0 0.000 0.000 0.000 0.139 0 1 0 0 0 0
 92 71884.000 74473.000 0 0 0.000 0.000 0.000 0.137 0 1 0 0 0 0
 93 65274.000 116188.000 0 0 0.000 0.000 0.000 0.130 0 1 0 0 0 0
 94 80084.000 67410.000 0 0 0.000 0.000 0.000 0.136 0 1 0 0 0 0
 95 124064.000 69760.000 0 0 0.000 0.000 0.000 0.144 0 1 0 0 0 0
 96 71239.000 73870.000 0 0 0.000 0.000 0.000 0.155 0 1 0 0 0 0
 97 137015.000 87763.000 0 0 0.000 0.000 0.000 0.144 0 1 0 0 0 0
 98 70289.000 74528.000 0 0 0.000 0.000 0.000 0.133 0 1 0 0 0 0
 99 139276.000 105678.000 0 0 0.000 0.000 0.000 0.148 0 1 0 0 0 0
 100 61120.000 91462.000 0 0 0.000 0.000 0.000 0.133 0 1 0 0 0 0
 101 61926.000 88480.000 0 0 0.000 0.000 0.000 0.143 0 1 0 0 0 0
 102 61255.000 89615.000 0 0 0.000 0.000 0.000 0.182 0 1 0 0 0 0
 103 127803.000 70953.000 0 0 0.000 0.000 0.000 0.139 0 1 0 0 0 0
 104 137371.000 115426.000 0 0 0.000 0.000 0.000 0.132 0 1 0 0 0 0
 105 80220.000 64914.000 0 0 0.000 0.000 0.000 0.149 0 1 0 0 0 0
 106 111183.000 139394.000 0 0 0.000 0.000 0.000 0.141 0 1 0 0 0 0
 107 116691.000 137786.000 0 0 0.000 0.000 0.000 0.142 0 1 0 0 0 0
 108 122010.000 65369.000 0 0 0.000 0.000 0.000 0.133 0 1 0 0 0 0
 109 122711.000 134665.000 0 0 0.000 0.000 0.000 0.137 0 1 0 0 0 0
 110 59264.000 108668.000 0 0 0.000 0.000 0.000 0.140 0 1 0 0 0 0
 111 62804.000 119581.000 0 0 0.000 0.000 0.000 0.137 0 1 0 0 0 0
 112 60982.000 116654.000 0 0 0.000 0.000 0.000 0.138 0 1 0 0 0 0
 113 142259.000 102018.000 0 0 0.000 0.000 0.000 0.130 0 1 0 0 0 0
 114 65594.000 75238.000 0 0 0.000 0.000 0.000 0.149 0 1 0 0 0 0
 115 72362.000 133479.000 0 0 0.000 0.000 0.000 0.133 0 1 0 0 0 0
 116 56627.000 97700.000 0 0 0.000 0.000 0.000 0.154 0 1 0 0 0 0
 117 87124.000 58621.000 0 0 0.000 0.000 0.000 0.137 0 1 0 0 0 0
 118 79202.000 138450.000 0 0 0.000 0.000 0.000 0.150 0 1 0 0 0 0
 119 63182.000 123768.000 0 0 0.000 0.000 0.000 0.138 0 1 0 0 0 0
 120 106237.000 56999.000 0 0 0.000 0.000 0.000 0.135 0 1 0 0 0 0
 121 97947.000 144118.000 0 0 0.000 0.000 0.000 0.149 0 1 0 0 0 0
 122 84743.000 142031.000 0 0 0.000 0.000 0.000 0.149 0 1 0 0 0 0
 123 115571.000 58447.000 0 0 0.000 0.000 0.000 0.135 0 1 0 0 0 0
 124 144540.000 96370.000 0 0 0.000 0.000 0.000 0.148 0 1 0 0 0 0
 125 144344.000 106984.000 0 0 0.000 0.000 0.000 0.137 0 1 0 0 0 0
 126 128314.000 135161.000 0 0 0.000 0.000 0.000 0.130 0 1 0 0 0 0
 127 54979.000 102834.000 0 0 0.000 0.000 0.000 0.148 0 1 0 0 0 0
 128 122134.000 60883.000 0 0 0.000 0.000 0.000 0.135 0 1 0 0 0 0
 129 108946.000 55505.000 0 0 0.000 0.000 0.000 0.138 0 1 0 0 0 0
 130 92407.000 145440.000 0 0 0.000 0.000 0.000 0.138 0 1 0 0 0 0
 131 59673.000 122081.000 0 0 54.000 46.000 2484.000 49.839 0 1 1 200 0 0
 132 59511.000 121894.000 0 0 54.000 44.000 2376.000 48.744 0 1 1 200 0 0
 133 87754.000 55988.000 0 0 0.000 0.000 0.000 0.144 0 1 0 0 0 0
 134 68150.000 133722.000 0 0 0.000 0.000 0.000 0.134 0 1 0 0 0 0
 135 59553.000 122287.000 0 0 54.000 46.000 2484.000 49.839 0 1 1 200 0 0
 136 59509.000 122896.000 0 0 54.000 46.000 2484.000 49.839 0 1 1 200 0 0
 137 59172.000 122535.000 0 0 54.000 46.000 2484.000 49.839 0 1 1 200 0 0
 138 143150.000 81545.000 0 0 0.000 0.000 0.000 0.130 0 1 0 0 0 0
 139 125004.000 60133.000 0 0 0.000 0.000 0.000 0.146 0 1 0 0 0 0
 140 123191.000 141842.000 0 0 0.000 0.000 0.000 0.134 0 1 0 0 0 0
 141 142711.000 122379.000 0 0 0.000 0.000 0.000 0.144 0 1 0 0 0 0
 142 148258.000 105052.000 0 0 0.000 0.000 0.000 0.138 0 1 0 0 0 0
 143 54027.000 83698.000 0 0 0.000 0.000 0.000 0.130 0 1 0 0 0 0
 144 56639.000 123286.000 0 0 0.000 0.000 0.000 0.167 0 1 0 0 0 0
 145 128229.000 141312.000 0 0 0.000 0.000 0.000 0.134 0 1 0 0 0 0
 146 114583.000 52100.000 0 0 0.000 0.000 0.000 0.134 0 1 0 0 0 0
 147 127363.000 57587.000 0 0 0.000 0.000 0.000 0.135 0 1 0 0 0 0
 148 145289.000 122914.000 0 0 0.000 0.000 0.000 0.153 0 1 0 0 0 0
 149 54694.000 77318.000 0 0 0.000 0.000 0.000 0.130 0 1 0 0 0 0
 150 63152.000 64987.000 0 0 0.000 0.000 0.000 0.133 0 1 0 0 0 0
 151 96091.000 151081.000 0 0 0.000 0.000 0.000 0.132 0 1 0 0 0 0
 152 54738.000 124183.000 0 0 0.000 0.000 0.000 0.164 0 1 0 0 0 0
 153 137467.000 135659.000 0 0 0.000 0.000 0.000 0.136 0 1 0 0 0 0
 154 151328.000 106169.000 0 0 0.000 0.000 0.000 0.139 0 1 0 0 0 0
 155 53010.000 122041.000 0 0 0.000 0.000 0.000 0.166 0 1 0 0 0 0
 156 151750.000 100292.000 0 0 0.000 0.000 0.000 0.132 0 1 0 0 0 0
 157 54087.000 125313.000 0 0 0.000 0.000 0.000 0.132 0 1 0 0 0 0
 158 62660.000 63624.000 0 0 0.000 0.000 0.000 0.137 0 1 0 0 0 0
 159 70906.000 143841.000 0 0 0.000 0.000 0.000 0.130 0 1 0 0 0 0
 160 137855.000 137394.000 0 0 0.000 0.000 0.000 0.155 0 1 0 0 0 0
 161 52778.000 124439.000 0 0 0.000 0.000 0.000 200000.000 0 1 0 200 0 0
 162 140816.000 65340.000 0 0 0.000 0.000 0.000 0.139 0 1 0 0 0 0
 163 52265.000 125663.000 0 0 0.000 0.000 0.000 0.224 0 1 0 0 0 0
 164 48334.000 117710.000 0 0 0.000 0.000 0.000 0.143 0 1 0 0 0 0
 165 152274.000 85104.000 0 0 0.000 0.000 0.000 0.131 0 1 0 0 0 0
 166 86587.000 46626.000 0 0 0.000 0.000 0.000 0.147 0 1 0 0 0 0
 167 45457.000 111688.000 0 0 0.000 0.000 0.000 0.150 0 1 0 0 0 0
 168 50166.000 74831.000 0 0 0.000 0.000 0.000 0.138 0 1 0 0 0 0
 169 82271.000 153794.000 0 0 0.000 0.000 0.000 0.133 0 1 0 0 0 0
 170 43675.000 95018.000 0 0 0.000 0.000 0.000 0.137 0 1 0 0 0 0
 171 49547.000 126124.000 0 0 0.000 0.000 0.000 0.324 0 1 0 0 0 0
 172 43533.000 106059.000 0 0 0.000 0.000 0.000 0.132 0 1 0 0 0 0
 173 156734.000 101356.000 0 0 0.000 0.000 0.000 0.139 0 1 0 0 0 0
 174 156323.000 90043.000 0 0 0.000 0.000 0.000 0.134 0 1 0 0 0 0
 175 58867.000 140615.000 0 0 0.000 0.000 0.000 0.134 0 1 0 0 0 0
 176 152011.000 75720.000 0 0 0.000 0.000 0.000 0.134 0 1 0 0 0 0
 177 145273.000 64467.000 0 0 0.000 0.000 0.000 0.131 0 1 0 0 0 0
 178 74653.000 152654.000 0 0 0.000 0.000 0.000 0.132 0 1 0 0 0 0
 179 142520.000 140069.000 0 0 0.000 0.000 0.000 0.132 0 1 0 0 0 0
 180 92559.000 42385.000 0 0 0.000 0.000 0.000 0.131 0 1 0 0 0 0
 181 98983.000 159486.000 0 0 0.000 0.000 0.000 0.140 0 1 0 0 0 0
 182 42802.000 118227.000 0 0 0.000 0.000 0.000 0.136 0 1 0 0 0 0
 183 113986.000 159489.000 0 0 0.000 0.000 0.000 0.149 0 1 0 0 0 0
 184 115243.000 40126.000 0 0 0.000 0.000 0.000 0.134 0 1 0 0 0 0
 185 154713.000 129947.000 0 0 0.000 0.000 0.000 0.146 0 1 0 0 0 0
 186 50158.000 137534.000 0 0 0.000 0.000 0.000 0.144 0 1 0 0 0 0
 187 154822.000 130632.000 0 0 0.000 0.000 0.000 0.139 0 1 0 0 0 0
 188 54476.000 143666.000 0 0 0.000 0.000 0.000 0.139 0 1 0 0 0 0
 189 48109.000 136015.000 0 0 0.000 0.000 0.000 0.135 0 1 0 0 0 0
 190 131249.000 45400.000 0 0 0.000 0.000 0.000 0.146 0 1 0 0 0 0
 191 159673.000 121750.000 0 0 0.000 0.000 0.000 0.149 0 1 0 0 0 0
 192 87561.000 162470.000 0 0 0.000 0.000 0.000 0.131 0 1 0 0 0 0
 193 50061.000 60793.000 0 0 0.000 0.000 0.000 0.137 0 1 0 0 0 0
 194 157110.000 129080.000 0 0 0.000 0.000 0.000 0.146 0 1 0 0 0 0
 195 164679.000 106630.000 0 0 0.000 0.000 0.000 0.130 0 1 0 0 0 0
 196 164810.000 89848.000 0 0 0.000 0.000 0.000 0.138 0 1 0 0 0 0
 197 69988.000 158996.000 0 0 0.000 0.000 0.000 0.131 0 1 0 0 0 0
 198 94598.000 166302.000 0 0 0.000 0.000 0.000 0.130 0 1 0 0 0 0
 199 91020.000 34249.000 0 0 0.000 0.000 0.000 0.130 0 1 0 0 0 0
 200 33748.000 89186.000 0 0 0.000 0.000 0.000 0.144 0 1 0 0 0 0
 201 122797.000 36757.000 0 0 0.000 0.000 0.000 0.130 0 1 0 0 0 0
 202 39558.000 68466.000 0 0 0.000 0.000 0.000 0.168 0 1 0 0 0 0
 203 98585.000 168724.000 0 0 0.000 0.000 0.000 0.130 0 1 0 0 0 0
 204 141651.000 155633.000 0 0 0.000 0.000 0.000 0.132 0 1 0 0 0 0
 205 81620.000 167191.000 0 0 0.000 0.000 0.000 0.131 0 1 0 0 0 0
 206 168936.000 110002.000 0 0 0.000 0.000 0.000 0.130 0 1 0 0 0 0
 207 76814.000 165957.000 0 0 0.000 0.000 0.000 0.131 0 1 0 0 0 0
 208 167351.000 81635.000 0 0 0.000 0.000 0.000 0.132 0 1 0 0 0 0
 209 37195.000 131741.000 0 0 0.000 0.000 0.000 0.153 0 1 0 0 0 0
 210 96514.000 26982.000 0 0 0.000 0.000 0.000 0.137 0 1 0 0 0 0
 211 171526.000 119593.000 0 0 0.000 0.000 0.000 0.134 0 1 0 0 0 0
 212 31394.000 131231.000 0 0 0.000 0.000 0.000 0.145 0 1 0 0 0 0
 213 129326.000 170471.000 0 0 0.000 0.000 0.000 200000.000 0 1 0 200 0 0
 214 82445.000 175614.000 0 0 0.000 0.000 0.000 0.136 0 1 0 0 0 0
 215 106084.000 22768.000 0 0 0.000 0.000 0.000 0.142 0 1 0 0 0 0
 216 152160.000 39395.000 0 0 0.000 0.000 0.000 0.151 0 1 0 0 0 0
 217 80641.000 180730.000 0 0 0.000 0.000 0.000 200000.000 0 1 0 200 0 0
 218 18458.000 115841.000 0 0 0.000 0.000 0.000 200000.000 0 1 0 200 0 0
 219 46116.000 35521.000 0 0 0.000 0.000 0.000 0.131 0 1 0 0 0 0
 220 104375.000 12351.000 0 0 0.000 0.000 0.000 0.147 0 1 0 0 0 0;
ProcessEquipmentIDList 1
  "6632" ;
SummarySpec 5
  TESTNO    NDEFECT    DEFDENSITY    NDIE    NDEFDIE  ;
SummaryList 
  1    220    0.8043    1    1  ;
EndOfFile;
