FileVersion 1 2;
FileTimestamp 01-06-26 19:28:06;
InspectionStationID "KLA-Tencor" "SFSSP1" "0901-0728-TBI";
SampleType WAFER;
ResultTimestamp 01-06-26 19:22:44;
LotID "2580";
SampleSize 1 200;
DeviceID "None";
SetupID "T2-2580NR" 01-06-26 19:22:44;
StepID "6552";
SampleOrientationMarkType NOTCH;
OrientationMarkLocation DOWN;
DiePitch 200000 200000;
DieOrigin 0 0;
WaferID "08";
Slot 8;
SampleCenterLocation 100000 100000;
ClassLookup 1
  0 "0"  ;
OrientationInstructions "Front";
CoordinatesMirrored No;
InspectionTest 1;
SampleTestPlan 1
  0 0 ;
AreaPerTest 2.73525e+010;
DefectRecordSpec 15 DEFECTID XREL YREL XINDEX YINDEX XSIZE YSIZE DEFECTAREA DSIZE CLASSNUMBER TEST CLUSTERNUMBER ROUGHBINNUMBER FINEBINNUMBER REVIEWSAMPLE ;
DefectList
 1 98971.000 91011.000 0 0 0.000 0.000 0.000 0.143 0 1 0 0 0 0
 2 99338.000 90823.000 0 0 0.000 0.000 0.000 0.131 0 1 0 0 0 0
 3 109852.000 101578.000 0 0 0.000 0.000 0.000 0.137 0 1 0 0 0 0
 4 90249.000 103931.000 0 0 0.000 0.000 0.000 0.139 0 1 0 0 0 0
 5 96121.000 110617.000 0 0 0.000 0.000 0.000 0.130 0 1 0 0 0 0
 6 101262.000 111581.000 0 0 0.000 0.000 0.000 0.142 0 1 0 0 0 0
 7 88827.000 93110.000 0 0 0.000 0.000 0.000 0.144 0 1 0 0 0 0
 8 114108.000 101022.000 0 0 0.000 0.000 0.000 0.134 0 1 0 0 0 0
 9 85125.000 104035.000 0 0 0.000 0.000 0.000 0.131 0 1 0 0 0 0
 10 98313.000 84797.000 0 0 0.000 0.000 0.000 0.145 0 1 0 0 0 0
 11 109360.000 85119.000 0 0 0.000 0.000 0.000 0.166 0 1 0 0 0 0
 12 114058.000 111582.000 0 0 0.000 0.000 0.000 0.131 0 1 0 0 0 0
 13 104864.000 117702.000 0 0 0.000 0.000 0.000 0.153 0 1 0 0 0 0
 14 101479.000 81342.000 0 0 0.000 0.000 0.000 0.136 0 1 0 0 0 0
 15 112794.000 115323.000 0 0 0.000 0.000 0.000 0.131 0 1 0 0 0 0
 16 99137.000 79122.000 0 0 0.000 0.000 0.000 0.150 0 1 0 0 0 0
 17 78469.000 104007.000 0 0 0.000 0.000 0.000 0.141 0 1 0 0 0 0
 18 83586.000 85125.000 0 0 0.000 0.000 0.000 0.139 0 1 0 0 0 0
 19 122838.000 103008.000 0 0 0.000 0.000 0.000 0.148 0 1 0 0 0 0
 20 123364.000 97239.000 0 0 0.000 0.000 0.000 0.132 0 1 0 0 0 0
 21 114024.000 119331.000 0 0 0.000 0.000 0.000 0.154 0 1 0 0 0 0
 22 92190.000 123398.000 0 0 0.000 0.000 0.000 0.133 0 1 0 0 0 0
 23 108965.000 76812.000 0 0 0.000 0.000 0.000 0.134 0 1 0 0 0 0
 24 82219.000 82397.000 0 0 0.000 0.000 0.000 0.137 0 1 0 0 0 0
 25 90038.000 123765.000 0 0 0.000 0.000 0.000 0.147 0 1 0 0 0 0
 26 103192.000 125992.000 0 0 0.000 0.000 0.000 0.130 0 1 0 0 0 0
 27 126514.000 101680.000 0 0 0.000 0.000 0.000 0.171 0 1 0 0 0 0
 28 115184.000 122635.000 0 0 0.000 0.000 0.000 0.133 0 1 0 0 0 0
 29 99684.000 127232.000 0 0 0.000 0.000 0.000 0.133 0 1 0 0 0 0
 30 72497.000 104608.000 0 0 0.000 0.000 0.000 0.136 0 1 0 0 0 0
 31 106157.000 128460.000 0 0 0.000 0.000 0.000 0.131 0 1 0 0 0 0
 32 86070.000 74759.000 0 0 0.000 0.000 0.000 0.138 0 1 0 0 0 0
 33 128452.000 94149.000 0 0 0.000 0.000 0.000 0.137 0 1 0 0 0 0
 34 101056.000 129210.000 0 0 0.000 0.000 0.000 0.166 0 1 0 0 0 0
 35 128889.000 104683.000 0 0 0.000 0.000 0.000 0.133 0 1 0 0 0 0
 36 128317.000 92072.000 0 0 0.000 0.000 0.000 0.133 0 1 0 0 0 0
 37 105612.000 129305.000 0 0 0.000 0.000 0.000 0.146 0 1 0 0 0 0
 38 122541.000 119570.000 0 0 0.000 0.000 0.000 0.138 0 1 0 0 0 0
 39 87545.000 72204.000 0 0 0.000 0.000 0.000 0.130 0 1 0 0 0 0
 40 106944.000 131230.000 0 0 0.000 0.000 0.000 0.138 0 1 0 0 0 0
 41 108340.000 131109.000 0 0 0.000 0.000 0.000 0.143 0 1 0 0 0 0
 42 78824.000 124158.000 0 0 0.000 0.000 0.000 0.147 0 1 0 0 0 0
 43 91050.000 69462.000 0 0 0.000 0.000 0.000 0.133 0 1 0 0 0 0
 44 128962.000 114289.000 0 0 0.000 0.000 0.000 0.130 0 1 0 0 0 0
 45 87969.000 130186.000 0 0 0.000 0.000 0.000 0.146 0 1 0 0 0 0
 46 108988.000 131439.000 0 0 0.000 0.000 0.000 0.134 0 1 0 0 0 0
 47 94219.000 68111.000 0 0 0.000 0.000 0.000 0.130 0 1 0 0 0 0
 48 86672.000 70003.000 0 0 0.000 0.000 0.000 0.134 0 1 0 0 0 0
 49 132989.000 98683.000 0 0 0.000 0.000 0.000 0.152 0 1 0 0 0 0
 50 89784.000 131782.000 0 0 0.000 0.000 0.000 0.147 0 1 0 0 0 0
 51 78716.000 126390.000 0 0 0.000 0.000 0.000 0.131 0 1 0 0 0 0
 52 131207.000 113400.000 0 0 0.000 0.000 0.000 0.133 0 1 0 0 0 0
 53 112604.000 131546.000 0 0 0.000 0.000 0.000 0.132 0 1 0 0 0 0
 54 109031.000 67122.000 0 0 0.000 0.000 0.000 0.137 0 1 0 0 0 0
 55 94428.000 134090.000 0 0 0.000 0.000 0.000 0.148 0 1 0 0 0 0
 56 109085.000 133990.000 0 0 0.000 0.000 0.000 0.135 0 1 0 0 0 0
 57 108131.000 135626.000 0 0 0.000 0.000 0.000 0.132 0 1 0 0 0 0
 58 63528.000 101243.000 0 0 0.000 0.000 0.000 0.138 0 1 0 0 0 0
 59 94549.000 64251.000 0 0 0.000 0.000 0.000 0.131 0 1 0 0 0 0
 60 130542.000 120385.000 0 0 0.000 0.000 0.000 0.143 0 1 0 0 0 0
 61 92367.000 64162.000 0 0 0.000 0.000 0.000 0.143 0 1 0 0 0 0
 62 118040.000 68140.000 0 0 0.000 0.000 0.000 0.148 0 1 0 0 0 0
 63 129694.000 122994.000 0 0 0.000 0.000 0.000 0.132 0 1 0 0 0 0
 64 63353.000 108303.000 0 0 0.000 0.000 0.000 0.133 0 1 0 0 0 0
 65 79051.000 69032.000 0 0 0.000 0.000 0.000 0.154 0 1 0 0 0 0
 66 95750.000 137797.000 0 0 0.000 0.000 0.000 0.140 0 1 0 0 0 0
 67 67335.000 80585.000 0 0 0.000 0.000 0.000 0.134 0 1 0 0 0 0
 68 132113.000 120970.000 0 0 0.000 0.000 0.000 0.139 0 1 0 0 0 0
 69 76361.000 68692.000 0 0 0.000 0.000 0.000 0.135 0 1 0 0 0 0
 70 135273.000 118018.000 0 0 0.000 0.000 0.000 0.138 0 1 0 0 0 0
 71 83157.000 136120.000 0 0 0.000 0.000 0.000 0.138 0 1 0 0 0 0
 72 60490.000 95600.000 0 0 0.000 0.000 0.000 0.136 0 1 0 0 0 0
 73 118994.000 135531.000 0 0 0.000 0.000 0.000 0.148 0 1 0 0 0 0
 74 78915.000 134500.000 0 0 0.000 0.000 0.000 0.144 0 1 0 0 0 0
 75 76484.000 67370.000 0 0 0.000 0.000 0.000 0.133 0 1 0 0 0 0
 76 98670.000 141067.000 0 0 0.000 0.000 0.000 0.141 0 1 0 0 0 0
 77 96241.000 141213.000 0 0 0.000 0.000 0.000 0.144 0 1 0 0 0 0
 78 135885.000 120418.000 0 0 0.000 0.000 0.000 0.130 0 1 0 0 0 0
 79 128763.000 70471.000 0 0 0.000 0.000 0.000 0.130 0 1 0 0 0 0
 80 141354.000 106521.000 0 0 0.000 0.000 0.000 0.136 0 1 0 0 0 0
 81 141162.000 107481.000 0 0 0.000 0.000 0.000 0.135 0 1 0 0 0 0
 82 61611.000 116779.000 0 0 0.000 0.000 0.000 0.130 0 1 0 0 0 0
 83 88467.000 59432.000 0 0 0.000 0.000 0.000 0.151 0 1 0 0 0 0
 84 62895.000 121253.000 0 0 0.000 0.000 0.000 0.151 0 1 0 0 0 0
 85 57478.000 103994.000 0 0 0.000 0.000 0.000 0.139 0 1 0 0 0 0
 86 95054.000 142898.000 0 0 0.000 0.000 0.000 0.148 0 1 0 0 0 0
 87 125031.000 64065.000 0 0 0.000 0.000 0.000 0.140 0 1 0 0 0 0
 88 110342.000 57371.000 0 0 0.000 0.000 0.000 0.136 0 1 0 0 0 0
 89 57677.000 85640.000 0 0 0.000 0.000 0.000 0.134 0 1 0 0 0 0
 90 96268.000 145204.000 0 0 0.000 0.000 0.000 0.137 0 1 0 0 0 0
 91 128354.000 135749.000 0 0 0.000 0.000 0.000 0.131 0 1 0 0 0 0
 92 79939.000 141301.000 0 0 0.000 0.000 0.000 0.140 0 1 0 0 0 0
 93 141778.000 80284.000 0 0 0.000 0.000 0.000 0.136 0 1 0 0 0 0
 94 54971.000 89031.000 0 0 0.000 0.000 0.000 0.130 0 1 0 0 0 0
 95 54345.000 111475.000 0 0 0.000 0.000 0.000 0.148 0 1 0 0 0 0
 96 118532.000 143804.000 0 0 0.000 0.000 0.000 0.137 0 1 0 0 0 0
 97 70644.000 63049.000 0 0 0.000 0.000 0.000 0.132 0 1 0 0 0 0
 98 96752.000 52682.000 0 0 0.000 0.000 0.000 0.130 0 1 0 0 0 0
 99 145455.000 85460.000 0 0 0.000 0.000 0.000 0.133 0 1 0 0 0 0
 100 54017.000 114842.000 0 0 0.000 0.000 0.000 0.145 0 1 0 0 0 0
 101 53318.000 114115.000 0 0 0.000 0.000 0.000 0.130 0 1 0 0 0 0
 102 107756.000 148958.000 0 0 0.000 0.000 0.000 0.134 0 1 0 0 0 0
 103 82821.000 146449.000 0 0 0.000 0.000 0.000 0.144 0 1 0 0 0 0
 104 104039.000 51085.000 0 0 0.000 0.000 0.000 0.146 0 1 0 0 0 0
 105 56489.000 76469.000 0 0 0.000 0.000 0.000 0.146 0 1 0 0 0 0
 106 91652.000 149376.000 0 0 0.000 0.000 0.000 0.139 0 1 0 0 0 0
 107 69320.000 139799.000 0 0 0.000 0.000 0.000 0.138 0 1 0 0 0 0
 108 54932.000 123371.000 0 0 0.000 0.000 0.000 0.140 0 1 0 0 0 0
 109 150751.000 96912.000 0 0 0.000 0.000 0.000 0.153 0 1 0 0 0 0
 110 147133.000 120152.000 0 0 0.000 0.000 0.000 0.135 0 1 0 0 0 0
 111 72726.000 143899.000 0 0 0.000 0.000 0.000 0.136 0 1 0 0 0 0
 112 142158.000 70771.000 0 0 0.000 0.000 0.000 0.133 0 1 0 0 0 0
 113 109142.000 48813.000 0 0 0.000 0.000 0.000 0.132 0 1 0 0 0 0
 114 148005.000 77934.000 0 0 0.000 0.000 0.000 0.136 0 1 0 0 0 0
 115 118078.000 49814.000 0 0 0.000 0.000 0.000 0.142 0 1 0 0 0 0
 116 149292.000 121814.000 0 0 0.000 0.000 0.000 0.134 0 1 0 0 0 0
 117 130327.000 145125.000 0 0 0.000 0.000 0.000 0.139 0 1 0 0 0 0
 118 118255.000 151975.000 0 0 0.000 0.000 0.000 0.146 0 1 0 0 0 0
 119 73118.000 148265.000 0 0 0.000 0.000 0.000 0.130 0 1 0 0 0 0
 120 107263.000 155948.000 0 0 0.000 0.000 0.000 0.130 0 1 0 0 0 0
 121 68852.000 52332.000 0 0 0.000 0.000 0.000 0.130 0 1 0 0 0 0
 122 75250.000 48364.000 0 0 0.000 0.000 0.000 0.144 0 1 0 0 0 0
 123 102838.000 42606.000 0 0 0.000 0.000 0.000 0.134 0 1 0 0 0 0
 124 157875.000 105782.000 0 0 0.000 0.000 0.000 0.138 0 1 0 0 0 0
 125 91044.000 42499.000 0 0 0.000 0.000 0.000 0.131 0 1 0 0 0 0
 126 134804.000 53138.000 0 0 0.000 0.000 0.000 0.130 0 1 0 0 0 0
 127 41313.000 103497.000 0 0 0.000 0.000 0.000 0.132 0 1 0 0 0 0
 128 128825.000 152903.000 0 0 0.000 0.000 0.000 0.132 0 1 0 0 0 0
 129 159999.000 98130.000 0 0 0.000 0.000 0.000 0.130 0 1 0 0 0 0
 130 151037.000 133466.000 0 0 0.000 0.000 0.000 0.130 0 1 0 0 0 0
 131 39365.000 92883.000 0 0 0.000 0.000 0.000 0.133 0 1 0 0 0 0
 132 40564.000 85391.000 0 0 0.000 0.000 0.000 0.149 0 1 0 0 0 0
 133 159464.000 117922.000 0 0 0.000 0.000 0.000 0.151 0 1 0 0 0 0
 134 161000.000 112420.000 0 0 0.000 0.000 0.000 0.131 0 1 0 0 0 0
 135 156053.000 72896.000 0 0 0.000 0.000 0.000 0.146 0 1 0 0 0 0
 136 50327.000 62423.000 0 0 0.000 0.000 0.000 0.136 0 1 0 0 0 0
 137 100844.000 37480.000 0 0 0.000 0.000 0.000 0.134 0 1 0 0 0 0
 138 101182.000 163052.000 0 0 0.000 0.000 0.000 0.169 0 1 0 0 0 0
 139 103394.000 36955.000 0 0 0.000 0.000 0.000 0.137 0 1 0 0 0 0
 140 90651.000 163706.000 0 0 0.000 0.000 0.000 0.145 0 1 0 0 0 0
 141 38156.000 83237.000 0 0 0.000 0.000 0.000 0.254 0 1 0 0 0 0
 142 162876.000 84409.000 0 0 0.000 0.000 0.000 0.145 0 1 0 0 0 0
 143 121466.000 38503.000 0 0 0.000 0.000 0.000 0.130 0 1 0 0 0 0
 144 155266.000 136520.000 0 0 0.000 0.000 0.000 0.133 0 1 0 0 0 0
 145 62249.000 155530.000 0 0 0.000 0.000 0.000 0.134 0 1 0 0 0 0
 146 32703.000 99951.000 0 0 0.000 0.000 0.000 0.133 0 1 0 0 0 0
 147 127960.000 162424.000 0 0 0.000 0.000 0.000 0.134 0 1 0 0 0 0
 148 164626.000 78598.000 0 0 0.000 0.000 0.000 0.130 0 1 0 0 0 0
 149 160228.000 133531.000 0 0 0.000 0.000 0.000 0.140 0 1 0 0 0 0
 150 45521.000 143577.000 0 0 0.000 0.000 0.000 0.142 0 1 0 0 0 0
 151 50900.000 149821.000 0 0 0.000 0.000 0.000 0.139 0 1 0 0 0 0
 152 67664.000 37645.000 0 0 0.000 0.000 0.000 0.130 0 1 0 0 0 0
 153 73258.000 188607.000 0 0 0.000 0.000 0.000 200000.000 0 1 0 200 0 0
 154 126826.000 189815.000 0 0 0.000 0.000 0.000 0.178 0 1 0 0 0 0
 155 125194.000 9891.000 0 0 0.000 0.000 0.000 0.148 0 1 0 0 0 0
 156 125428.000 9870.000 0 0 0.000 0.000 0.000 0.143 0 1 0 0 0 0;
ProcessEquipmentIDList 1
  "6632" ;
SummarySpec 5
  TESTNO    NDEFECT    DEFDENSITY    NDIE    NDEFDIE  ;
SummaryList 
  1    156    0.5703    1    1  ;
EndOfFile;
