FileVersion 1 2;
FileTimestamp 01-06-26 13:57:40;
InspectionStationID "KLA-Tencor" "SFSSP1" "0901-0728-TBI";
SampleType WAFER;
ResultTimestamp 01-06-26 13:47:45;
LotID "2580";
SampleSize 1 200;
DeviceID "None";
SetupID "T2-2580NR" 01-06-26 13:47:45;
StepID "6552";
SampleOrientationMarkType NOTCH;
OrientationMarkLocation DOWN;
DiePitch 200000 200000;
DieOrigin 0 0;
WaferID "11";
Slot 11;
SampleCenterLocation 100000 100000;
ClassLookup 1
  0 "0"  ;
OrientationInstructions "Front";
CoordinatesMirrored No;
InspectionTest 1;
SampleTestPlan 1
  0 0 ;
AreaPerTest 2.73523e+010;
DefectRecordSpec 15 DEFECTID XREL YREL XINDEX YINDEX XSIZE YSIZE DEFECTAREA DSIZE CLASSNUMBER TEST CLUSTERNUMBER ROUGHBINNUMBER FINEBINNUMBER REVIEWSAMPLE ;
DefectList
 1 96880.000 103402.000 0 0 0.000 0.000 0.000 0.150 0 1 0 0 0 0
 2 100492.000 95548.000 0 0 0.000 0.000 0.000 0.132 0 1 0 0 0 0
 3 94458.000 105506.000 0 0 0.000 0.000 0.000 0.136 0 1 0 0 0 0
 4 100394.000 108548.000 0 0 0.000 0.000 0.000 0.144 0 1 0 0 0 0
 5 95619.000 92647.000 0 0 0.000 0.000 0.000 0.244 0 1 0 0 0 0
 6 101998.000 109155.000 0 0 0.000 0.000 0.000 0.139 0 1 0 0 0 0
 7 96079.000 91749.000 0 0 0.000 0.000 0.000 0.140 0 1 0 0 0 0
 8 90863.000 102784.000 0 0 0.000 0.000 0.000 0.168 0 1 0 0 0 0
 9 90269.000 98982.000 0 0 0.000 0.000 0.000 0.176 0 1 0 0 0 0
 10 93234.000 93115.000 0 0 0.000 0.000 0.000 0.146 0 1 0 0 0 0
 11 103540.000 109560.000 0 0 0.000 0.000 0.000 0.165 0 1 0 0 0 0
 12 104425.000 109432.000 0 0 0.000 0.000 0.000 0.150 0 1 0 0 0 0
 13 108619.000 94587.000 0 0 0.000 0.000 0.000 0.135 0 1 0 0 0 0
 14 90952.000 106313.000 0 0 0.000 0.000 0.000 0.158 0 1 0 0 0 0
 15 110656.000 103015.000 0 0 0.000 0.000 0.000 0.142 0 1 0 0 0 0
 16 109331.000 105907.000 0 0 0.000 0.000 0.000 0.149 0 1 0 0 0 0
 17 95714.000 110422.000 0 0 0.000 0.000 0.000 0.147 0 1 0 0 0 0
 18 102633.000 111384.000 0 0 0.000 0.000 0.000 0.144 0 1 0 0 0 0
 19 109399.000 107335.000 0 0 0.000 0.000 0.000 0.136 0 1 0 0 0 0
 20 98835.000 88585.000 0 0 0.000 0.000 0.000 0.168 0 1 0 0 0 0
 21 107932.000 91371.000 0 0 0.000 0.000 0.000 0.137 0 1 0 0 0 0
 22 87874.000 96590.000 0 0 0.000 0.000 0.000 0.140 0 1 0 0 0 0
 23 97693.000 113245.000 0 0 0.000 0.000 0.000 0.149 0 1 0 0 0 0
 24 104773.000 113717.000 0 0 0.000 0.000 0.000 0.153 0 1 0 0 0 0
 25 98026.000 85783.000 0 0 0.000 0.000 0.000 0.136 0 1 0 0 0 0
 26 102603.000 85776.000 0 0 0.000 0.000 0.000 0.144 0 1 0 0 0 0
 27 88503.000 109695.000 0 0 0.000 0.000 0.000 0.142 0 1 0 0 0 0
 28 92273.000 85463.000 0 0 0.000 0.000 0.000 0.140 0 1 0 0 0 0
 29 99220.000 116867.000 0 0 0.000 0.000 0.000 0.143 0 1 0 0 0 0
 30 109554.000 85874.000 0 0 0.000 0.000 0.000 0.142 0 1 0 0 0 0
 31 84875.000 108828.000 0 0 0.000 0.000 0.000 0.132 0 1 0 0 0 0
 32 100013.000 117813.000 0 0 0.000 0.000 0.000 0.151 0 1 0 0 0 0
 33 96476.000 82778.000 0 0 0.000 0.000 0.000 0.136 0 1 0 0 0 0
 34 113454.000 88700.000 0 0 0.000 0.000 0.000 0.144 0 1 0 0 0 0
 35 112942.000 115267.000 0 0 0.000 0.000 0.000 0.168 0 1 0 0 0 0
 36 92150.000 118473.000 0 0 0.000 0.000 0.000 0.150 0 1 0 0 0 0
 37 80094.000 100995.000 0 0 0.000 0.000 0.000 0.144 0 1 0 0 0 0
 38 95956.000 80691.000 0 0 0.000 0.000 0.000 0.135 0 1 0 0 0 0
 39 83622.000 112343.000 0 0 0.000 0.000 0.000 0.153 0 1 0 0 0 0
 40 98945.000 79830.000 0 0 0.000 0.000 0.000 0.134 0 1 0 0 0 0
 41 80210.000 106173.000 0 0 0.000 0.000 0.000 0.145 0 1 0 0 0 0
 42 86908.000 116536.000 0 0 0.000 0.000 0.000 0.138 0 1 0 0 0 0
 43 108551.000 119273.000 0 0 0.000 0.000 0.000 0.137 0 1 0 0 0 0
 44 102547.000 79501.000 0 0 0.000 0.000 0.000 0.130 0 1 0 0 0 0
 45 93862.000 121146.000 0 0 0.000 0.000 0.000 0.134 0 1 0 0 0 0
 46 110439.000 80797.000 0 0 0.000 0.000 0.000 0.146 0 1 0 0 0 0
 47 79554.000 91048.000 0 0 0.000 0.000 0.000 0.154 0 1 0 0 0 0
 48 80264.000 89629.000 0 0 0.000 0.000 0.000 0.146 0 1 0 0 0 0
 49 77563.000 103345.000 0 0 0.000 0.000 0.000 0.133 0 1 0 0 0 0
 50 77478.000 94175.000 0 0 0.000 0.000 0.000 0.143 0 1 0 0 0 0
 51 84479.000 82672.000 0 0 0.000 0.000 0.000 0.144 0 1 0 0 0 0
 52 77426.000 92533.000 0 0 0.000 0.000 0.000 0.163 0 1 0 0 0 0
 53 80225.000 113886.000 0 0 0.000 0.000 0.000 0.158 0 1 0 0 0 0
 54 119805.000 86531.000 0 0 0.000 0.000 0.000 0.160 0 1 0 0 0 0
 55 80928.000 85215.000 0 0 0.000 0.000 0.000 0.143 0 1 0 0 0 0
 56 123787.000 104946.000 0 0 0.000 0.000 0.000 0.137 0 1 0 0 0 0
 57 113497.000 120606.000 0 0 0.000 0.000 0.000 0.137 0 1 0 0 0 0
 58 81115.000 84171.000 0 0 0.000 0.000 0.000 0.147 0 1 0 0 0 0
 59 92618.000 123933.000 0 0 0.000 0.000 0.000 0.147 0 1 0 0 0 0
 60 89541.000 122862.000 0 0 0.000 0.000 0.000 0.147 0 1 0 0 0 0
 61 76475.000 110084.000 0 0 0.000 0.000 0.000 0.160 0 1 0 0 0 0
 62 106913.000 75546.000 0 0 0.000 0.000 0.000 0.139 0 1 0 0 0 0
 63 110803.000 76855.000 0 0 0.000 0.000 0.000 0.164 0 1 0 0 0 0
 64 86434.000 78169.000 0 0 0.000 0.000 0.000 0.146 0 1 0 0 0 0
 65 119076.000 82216.000 0 0 0.000 0.000 0.000 0.137 0 1 0 0 0 0
 66 121549.000 115443.000 0 0 0.000 0.000 0.000 0.134 0 1 0 0 0 0
 67 82514.000 80046.000 0 0 0.000 0.000 0.000 0.134 0 1 0 0 0 0
 68 126300.000 104305.000 0 0 0.000 0.000 0.000 0.136 0 1 0 0 0 0
 69 120801.000 83200.000 0 0 0.000 0.000 0.000 0.139 0 1 0 0 0 0
 70 81154.000 119759.000 0 0 0.000 0.000 0.000 0.152 0 1 0 0 0 0
 71 82992.000 78830.000 0 0 0.000 0.000 0.000 0.133 0 1 0 0 0 0
 72 99722.000 72936.000 0 0 0.000 0.000 0.000 0.136 0 1 0 0 0 0
 73 88499.000 125267.000 0 0 0.000 0.000 0.000 0.134 0 1 0 0 0 0
 74 125197.000 88335.000 0 0 0.000 0.000 0.000 0.144 0 1 0 0 0 0
 75 90112.000 74025.000 0 0 0.000 0.000 0.000 0.133 0 1 0 0 0 0
 76 95013.000 71798.000 0 0 0.000 0.000 0.000 0.135 0 1 0 0 0 0
 77 124562.000 115516.000 0 0 0.000 0.000 0.000 0.143 0 1 0 0 0 0
 78 83722.000 75806.000 0 0 0.000 0.000 0.000 0.148 0 1 0 0 0 0
 79 97675.000 70969.000 0 0 0.000 0.000 0.000 0.130 0 1 0 0 0 0
 80 128630.000 93693.000 0 0 0.000 0.000 0.000 0.131 0 1 0 0 0 0
 81 114342.000 126327.000 0 0 0.000 0.000 0.000 0.141 0 1 0 0 0 0
 82 119892.000 122920.000 0 0 0.000 0.000 0.000 0.140 0 1 0 0 0 0
 83 116544.000 74690.000 0 0 0.000 0.000 0.000 0.134 0 1 0 0 0 0
 84 103643.000 69902.000 0 0 0.000 0.000 0.000 0.132 0 1 0 0 0 0
 85 107043.000 70564.000 0 0 0.000 0.000 0.000 0.144 0 1 0 0 0 0
 86 118181.000 75646.000 0 0 0.000 0.000 0.000 0.143 0 1 0 0 0 0
 87 95472.000 130636.000 0 0 0.000 0.000 0.000 0.134 0 1 0 0 0 0
 88 116750.000 126117.000 0 0 0.000 0.000 0.000 0.131 0 1 0 0 0 0
 89 125546.000 118026.000 0 0 0.000 0.000 0.000 0.140 0 1 0 0 0 0
 90 92743.000 130648.000 0 0 0.000 0.000 0.000 0.133 0 1 0 0 0 0
 91 83193.000 73551.000 0 0 0.000 0.000 0.000 0.141 0 1 0 0 0 0
 92 129877.000 110524.000 0 0 0.000 0.000 0.000 0.138 0 1 0 0 0 0
 93 130552.000 91873.000 0 0 0.000 0.000 0.000 0.144 0 1 0 0 0 0
 94 116920.000 127165.000 0 0 0.000 0.000 0.000 0.153 0 1 0 0 0 0
 95 75029.000 80112.000 0 0 0.000 0.000 0.000 0.165 0 1 0 0 0 0
 96 124164.000 121379.000 0 0 0.000 0.000 0.000 0.140 0 1 0 0 0 0
 97 117891.000 126793.000 0 0 0.000 0.000 0.000 0.154 0 1 0 0 0 0
 98 117170.000 72689.000 0 0 0.000 0.000 0.000 0.134 0 1 0 0 0 0
 99 96740.000 132711.000 0 0 0.000 0.000 0.000 0.154 0 1 0 0 0 0
 100 123460.000 77406.000 0 0 0.000 0.000 0.000 0.148 0 1 0 0 0 0
 101 89360.000 131340.000 0 0 0.000 0.000 0.000 0.156 0 1 0 0 0 0
 102 100373.000 67158.000 0 0 0.000 0.000 0.000 0.131 0 1 0 0 0 0
 103 127539.000 81942.000 0 0 0.000 0.000 0.000 0.136 0 1 0 0 0 0
 104 125519.000 121182.000 0 0 0.000 0.000 0.000 0.153 0 1 0 0 0 0
 105 132940.000 104695.000 0 0 0.000 0.000 0.000 0.138 0 1 0 0 0 0
 106 117234.000 128810.000 0 0 0.000 0.000 0.000 0.140 0 1 0 0 0 0
 107 103076.000 133473.000 0 0 0.000 0.000 0.000 0.165 0 1 0 0 0 0
 108 68848.000 87669.000 0 0 0.000 0.000 0.000 0.162 0 1 0 0 0 0
 109 125845.000 121679.000 0 0 0.000 0.000 0.000 0.135 0 1 0 0 0 0
 110 86558.000 69197.000 0 0 0.000 0.000 0.000 0.135 0 1 0 0 0 0
 111 73835.000 78720.000 0 0 0.000 0.000 0.000 0.146 0 1 0 0 0 0
 112 124942.000 77400.000 0 0 0.000 0.000 0.000 0.162 0 1 0 0 0 0
 113 66275.000 94748.000 0 0 0.000 0.000 0.000 0.141 0 1 0 0 0 0
 114 86851.000 131770.000 0 0 0.000 0.000 0.000 0.143 0 1 0 0 0 0
 115 125761.000 123170.000 0 0 0.000 0.000 0.000 0.139 0 1 0 0 0 0
 116 115412.000 131188.000 0 0 0.000 0.000 0.000 0.134 0 1 0 0 0 0
 117 65188.000 103865.000 0 0 0.000 0.000 0.000 0.130 0 1 0 0 0 0
 118 123635.000 126012.000 0 0 0.000 0.000 0.000 0.147 0 1 0 0 0 0
 119 134189.000 90822.000 0 0 0.000 0.000 0.000 0.139 0 1 0 0 0 0
 120 69886.000 119128.000 0 0 0.000 0.000 0.000 0.159 0 1 0 0 0 0
 121 95033.000 64901.000 0 0 0.000 0.000 0.000 0.135 0 1 0 0 0 0
 122 111921.000 66648.000 0 0 0.000 0.000 0.000 0.134 0 1 0 0 0 0
 123 82363.000 69151.000 0 0 0.000 0.000 0.000 0.146 0 1 0 0 0 0
 124 76870.000 127938.000 0 0 0.000 0.000 0.000 0.144 0 1 0 0 0 0
 125 74435.000 125849.000 0 0 0.000 0.000 0.000 0.149 0 1 0 0 0 0
 126 65918.000 88288.000 0 0 0.000 0.000 0.000 0.136 0 1 0 0 0 0
 127 136252.000 98225.000 0 0 0.000 0.000 0.000 0.137 0 1 0 0 0 0
 128 77724.000 129073.000 0 0 0.000 0.000 0.000 0.158 0 1 0 0 0 0
 129 136582.000 97670.000 0 0 0.000 0.000 0.000 0.141 0 1 0 0 0 0
 130 68476.000 80826.000 0 0 0.000 0.000 0.000 0.136 0 1 0 0 0 0
 131 136662.000 95403.000 0 0 0.000 0.000 0.000 0.150 0 1 0 0 0 0
 132 137101.000 99665.000 0 0 0.000 0.000 0.000 0.138 0 1 0 0 0 0
 133 65409.000 86269.000 0 0 0.000 0.000 0.000 0.174 0 1 0 0 0 0
 134 62833.000 106368.000 0 0 0.000 0.000 0.000 0.146 0 1 0 0 0 0
 135 64812.000 115215.000 0 0 0.000 0.000 0.000 0.137 0 1 0 0 0 0
 136 131829.000 121186.000 0 0 0.000 0.000 0.000 0.150 0 1 0 0 0 0
 137 85081.000 135584.000 0 0 0.000 0.000 0.000 0.135 0 1 0 0 0 0
 138 104894.000 138360.000 0 0 0.000 0.000 0.000 0.163 0 1 0 0 0 0
 139 80056.000 67146.000 0 0 0.000 0.000 0.000 0.147 0 1 0 0 0 0
 140 116912.000 65384.000 0 0 0.000 0.000 0.000 0.140 0 1 0 0 0 0
 141 137598.000 90124.000 0 0 0.000 0.000 0.000 0.143 0 1 0 0 0 0
 142 128258.000 127989.000 0 0 0.000 0.000 0.000 0.145 0 1 0 0 0 0
 143 139782.000 103307.000 0 0 0.000 0.000 0.000 0.139 0 1 0 0 0 0
 144 133317.000 122750.000 0 0 0.000 0.000 0.000 0.139 0 1 0 0 0 0
 145 111319.000 61525.000 0 0 0.000 0.000 0.000 0.157 0 1 0 0 0 0
 146 67876.000 75556.000 0 0 0.000 0.000 0.000 0.157 0 1 0 0 0 0
 147 99417.000 59766.000 0 0 0.000 0.000 0.000 0.134 0 1 0 0 0 0
 148 86783.000 61674.000 0 0 0.000 0.000 0.000 0.146 0 1 0 0 0 0
 149 116272.000 62921.000 0 0 0.000 0.000 0.000 0.151 0 1 0 0 0 0
 150 59213.000 98014.000 0 0 0.000 0.000 0.000 0.131 0 1 0 0 0 0
 151 63865.000 79889.000 0 0 0.000 0.000 0.000 0.133 0 1 0 0 0 0
 152 57731.000 98215.000 0 0 0.000 0.000 0.000 0.143 0 1 0 0 0 0
 153 114338.000 60469.000 0 0 0.000 0.000 0.000 0.136 0 1 0 0 0 0
 154 129001.000 131039.000 0 0 0.000 0.000 0.000 0.150 0 1 0 0 0 0
 155 70985.000 131519.000 0 0 0.000 0.000 0.000 0.141 0 1 0 0 0 0
 156 69947.000 70024.000 0 0 0.000 0.000 0.000 0.130 0 1 0 0 0 0
 157 66273.000 126436.000 0 0 0.000 0.000 0.000 0.144 0 1 0 0 0 0
 158 62875.000 121517.000 0 0 0.000 0.000 0.000 0.139 0 1 0 0 0 0
 159 110419.000 141714.000 0 0 0.000 0.000 0.000 0.147 0 1 0 0 0 0
 160 58293.000 88333.000 0 0 0.000 0.000 0.000 0.136 0 1 0 0 0 0
 161 142635.000 107917.000 0 0 0.000 0.000 0.000 0.136 0 1 0 0 0 0
 162 84888.000 59589.000 0 0 0.000 0.000 0.000 0.132 0 1 0 0 0 0
 163 57312.000 109123.000 0 0 0.000 0.000 0.000 0.140 0 1 0 0 0 0
 164 95516.000 56819.000 0 0 0.000 0.000 0.000 0.144 0 1 0 0 0 0
 165 127347.000 135322.000 0 0 0.000 0.000 0.000 0.135 0 1 0 0 0 0
 166 120746.000 139664.000 0 0 0.000 0.000 0.000 0.170 0 1 0 0 0 0
 167 74760.000 137258.000 0 0 0.000 0.000 0.000 0.159 0 1 0 0 0 0
 168 105920.000 55741.000 0 0 0.000 0.000 0.000 0.144 0 1 0 0 0 0
 169 128916.000 135196.000 0 0 0.000 0.000 0.000 0.144 0 1 0 0 0 0
 170 106704.000 55021.000 0 0 0.000 0.000 0.000 0.132 0 1 0 0 0 0
 171 87694.000 55787.000 0 0 0.000 0.000 0.000 0.134 0 1 0 0 0 0
 172 106858.000 54384.000 0 0 0.000 0.000 0.000 0.144 0 1 0 0 0 0
 173 144313.000 86809.000 0 0 0.000 0.000 0.000 0.164 0 1 0 0 0 0
 174 134032.000 131869.000 0 0 0.000 0.000 0.000 0.149 0 1 0 0 0 0
 175 134373.000 68568.000 0 0 0.000 0.000 0.000 0.133 0 1 0 0 0 0
 176 53112.000 97418.000 0 0 0.000 0.000 0.000 0.142 0 1 0 0 0 0
 177 52802.000 102951.000 0 0 0.000 0.000 0.000 0.140 0 1 0 0 0 0
 178 78630.000 58298.000 0 0 0.000 0.000 0.000 0.205 0 1 0 0 0 0
 179 64297.000 131447.000 0 0 0.000 0.000 0.000 0.137 0 1 0 0 0 0
 180 67590.000 65456.000 0 0 0.000 0.000 0.000 0.132 0 1 0 0 0 0
 181 72692.000 61188.000 0 0 0.000 0.000 0.000 0.140 0 1 0 0 0 0
 182 54227.000 114976.000 0 0 0.000 0.000 0.000 0.131 0 1 0 0 0 0
 183 52112.000 95892.000 0 0 0.000 0.000 0.000 0.146 0 1 0 0 0 0
 184 134956.000 66836.000 0 0 0.000 0.000 0.000 0.145 0 1 0 0 0 0
 185 116137.000 54506.000 0 0 0.000 0.000 0.000 0.132 0 1 0 0 0 0
 186 144058.000 78864.000 0 0 0.000 0.000 0.000 0.137 0 1 0 0 0 0
 187 71665.000 140339.000 0 0 0.000 0.000 0.000 0.138 0 1 0 0 0 0
 188 138361.000 69635.000 0 0 0.000 0.000 0.000 0.132 0 1 0 0 0 0
 189 64087.000 66575.000 0 0 0.000 0.000 0.000 0.141 0 1 0 0 0 0
 190 63177.000 67312.000 0 0 0.000 0.000 0.000 0.147 0 1 0 0 0 0
 191 97512.000 50970.000 0 0 0.000 0.000 0.000 0.152 0 1 0 0 0 0
 192 93730.000 149407.000 0 0 0.000 0.000 0.000 0.147 0 1 0 0 0 0
 193 79397.000 55060.000 0 0 0.000 0.000 0.000 0.137 0 1 0 0 0 0
 194 146721.000 83547.000 0 0 0.000 0.000 0.000 0.135 0 1 0 0 0 0
 195 145055.000 120724.000 0 0 0.000 0.000 0.000 0.160 0 1 0 0 0 0
 196 111095.000 148609.000 0 0 0.000 0.000 0.000 0.132 0 1 0 0 0 0
 197 130390.000 139915.000 0 0 0.000 0.000 0.000 0.151 0 1 0 0 0 0
 198 146903.000 82544.000 0 0 0.000 0.000 0.000 0.148 0 1 0 0 0 0
 199 125763.000 57126.000 0 0 0.000 0.000 0.000 0.141 0 1 0 0 0 0
 200 144638.000 123184.000 0 0 0.000 0.000 0.000 0.156 0 1 0 0 0 0
 201 63867.000 64559.000 0 0 0.000 0.000 0.000 0.138 0 1 0 0 0 0
 202 140637.000 69773.000 0 0 0.000 0.000 0.000 0.133 0 1 0 0 0 0
 203 53443.000 120883.000 0 0 0.000 0.000 0.000 0.144 0 1 0 0 0 0
 204 94043.000 151374.000 0 0 0.000 0.000 0.000 0.130 0 1 0 0 0 0
 205 48460.000 93879.000 0 0 0.000 0.000 0.000 0.132 0 1 0 0 0 0
 206 47810.000 102049.000 0 0 0.000 0.000 0.000 0.160 0 1 0 0 0 0
 207 76427.000 53648.000 0 0 0.000 0.000 0.000 0.162 0 1 0 0 0 0
 208 107061.000 48498.000 0 0 0.000 0.000 0.000 0.140 0 1 0 0 0 0
 209 150952.000 87914.000 0 0 0.000 0.000 0.000 0.137 0 1 0 0 0 0
 210 142912.000 130689.000 0 0 0.000 0.000 0.000 0.142 0 1 0 0 0 0
 211 136223.000 138492.000 0 0 0.000 0.000 0.000 0.138 0 1 0 0 0 0
 212 56931.000 131940.000 0 0 0.000 0.000 0.000 0.145 0 1 0 0 0 0
 213 70209.000 55635.000 0 0 0.000 0.000 0.000 0.172 0 1 0 0 0 0
 214 140512.000 135556.000 0 0 0.000 0.000 0.000 0.139 0 1 0 0 0 0
 215 60489.000 137037.000 0 0 0.000 0.000 0.000 0.130 0 1 0 0 0 0
 216 148001.000 124875.000 0 0 0.000 0.000 0.000 0.141 0 1 0 0 0 0
 217 88669.000 153517.000 0 0 0.000 0.000 0.000 0.133 0 1 0 0 0 0
 218 153044.000 112602.000 0 0 0.000 0.000 0.000 0.149 0 1 0 0 0 0
 219 75463.000 149521.000 0 0 0.000 0.000 0.000 0.131 0 1 0 0 0 0
 220 152576.000 118239.000 0 0 0.000 0.000 0.000 0.156 0 1 0 0 0 0
 221 67457.000 54329.000 0 0 0.000 0.000 0.000 0.135 0 1 0 0 0 0
 222 47791.000 121946.000 0 0 0.000 0.000 0.000 0.132 0 1 0 0 0 0
 223 99808.000 156907.000 0 0 0.000 0.000 0.000 0.138 0 1 0 0 0 0
 224 46928.000 120350.000 0 0 0.000 0.000 0.000 0.135 0 1 0 0 0 0
 225 46571.000 119335.000 0 0 0.000 0.000 0.000 0.142 0 1 0 0 0 0
 226 89047.000 44681.000 0 0 0.000 0.000 0.000 0.161 0 1 0 0 0 0
 227 136150.000 143975.000 0 0 0.000 0.000 0.000 0.131 0 1 0 0 0 0
 228 156736.000 106713.000 0 0 0.000 0.000 0.000 0.134 0 1 0 0 0 0
 229 135299.000 145151.000 0 0 0.000 0.000 0.000 0.141 0 1 0 0 0 0
 230 44284.000 113281.000 0 0 0.000 0.000 0.000 0.130 0 1 0 0 0 0
 231 58422.000 60952.000 0 0 0.000 0.000 0.000 0.130 0 1 0 0 0 0
 232 48941.000 126771.000 0 0 0.000 0.000 0.000 0.132 0 1 0 0 0 0
 233 138214.000 57126.000 0 0 0.000 0.000 0.000 0.135 0 1 0 0 0 0
 234 149084.000 70154.000 0 0 0.000 0.000 0.000 0.133 0 1 0 0 0 0
 235 43682.000 87574.000 0 0 0.000 0.000 0.000 0.140 0 1 0 0 0 0
 236 114665.000 44173.000 0 0 0.000 0.000 0.000 0.145 0 1 0 0 0 0
 237 124313.000 47693.000 0 0 0.000 0.000 0.000 0.145 0 1 0 0 0 0
 238 125211.000 48038.000 0 0 0.000 0.000 0.000 0.134 0 1 0 0 0 0
 239 153793.000 121738.000 0 0 0.000 0.000 0.000 0.145 0 1 0 0 0 0
 240 48686.000 127299.000 0 0 0.000 0.000 0.000 0.152 0 1 0 0 0 0
 241 45442.000 80007.000 0 0 0.000 0.000 0.000 0.131 0 1 0 0 0 0
 242 113031.000 43069.000 0 0 0.000 0.000 0.000 0.147 0 1 0 0 0 0
 243 157269.000 112828.000 0 0 0.000 0.000 0.000 0.137 0 1 0 0 0 0
 244 154091.000 123230.000 0 0 0.000 0.000 0.000 0.132 0 1 0 0 0 0
 245 128629.000 48747.000 0 0 0.000 0.000 0.000 0.153 0 1 0 0 0 0
 246 65606.000 148181.000 0 0 0.000 0.000 0.000 0.138 0 1 0 0 0 0
 247 140297.000 143674.000 0 0 0.000 0.000 0.000 0.138 0 1 0 0 0 0
 248 54087.000 62407.000 0 0 0.000 0.000 0.000 0.141 0 1 0 0 0 0
 249 40335.000 102183.000 0 0 0.000 0.000 0.000 0.139 0 1 0 0 0 0
 250 69339.000 151591.000 0 0 0.000 0.000 0.000 0.140 0 1 0 0 0 0
 251 61458.000 145998.000 0 0 0.000 0.000 0.000 0.130 0 1 0 0 0 0
 252 151307.000 69326.000 0 0 0.000 0.000 0.000 0.160 0 1 0 0 0 0
 253 55960.000 59320.000 0 0 0.000 0.000 0.000 0.135 0 1 0 0 0 0
 254 100467.000 160940.000 0 0 0.000 0.000 0.000 0.132 0 1 0 0 0 0
 255 131349.000 152316.000 0 0 0.000 0.000 0.000 0.137 0 1 0 0 0 0
 256 160449.000 92921.000 0 0 0.000 0.000 0.000 0.141 0 1 0 0 0 0
 257 74578.000 44648.000 0 0 0.000 0.000 0.000 0.132 0 1 0 0 0 0
 258 156220.000 75617.000 0 0 0.000 0.000 0.000 0.136 0 1 0 0 0 0
 259 128472.000 154567.000 0 0 0.000 0.000 0.000 0.132 0 1 0 0 0 0
 260 115244.000 159800.000 0 0 0.000 0.000 0.000 0.133 0 1 0 0 0 0
 261 50996.000 138164.000 0 0 0.000 0.000 0.000 0.135 0 1 0 0 0 0
 262 54852.000 57754.000 0 0 0.000 0.000 0.000 0.132 0 1 0 0 0 0
 263 104295.000 162530.000 0 0 0.000 0.000 0.000 0.151 0 1 0 0 0 0
 264 47581.000 66217.000 0 0 0.000 0.000 0.000 0.142 0 1 0 0 0 0
 265 54482.000 56864.000 0 0 0.000 0.000 0.000 0.134 0 1 0 0 0 0
 266 63369.000 151699.000 0 0 0.000 0.000 0.000 0.143 0 1 0 0 0 0
 267 99223.000 163569.000 0 0 0.000 0.000 0.000 0.144 0 1 0 0 0 0
 268 160599.000 81389.000 0 0 0.000 0.000 0.000 0.140 0 1 0 0 0 0
 269 96313.000 36737.000 0 0 0.000 0.000 0.000 0.152 0 1 0 0 0 0
 270 155571.000 132848.000 0 0 0.000 0.000 0.000 0.138 0 1 0 0 0 0
 271 78551.000 161049.000 0 0 0.000 0.000 0.000 0.132 0 1 0 0 0 0
 272 152856.000 137366.000 0 0 0.000 0.000 0.000 0.130 0 1 0 0 0 0
 273 56809.000 148326.000 0 0 0.000 0.000 0.000 0.144 0 1 0 0 0 0
 274 40905.000 126255.000 0 0 0.000 0.000 0.000 0.162 0 1 0 0 0 0
 275 148665.000 142771.000 0 0 0.000 0.000 0.000 0.150 0 1 0 0 0 0
 276 68248.000 43184.000 0 0 0.000 0.000 0.000 0.132 0 1 0 0 0 0
 277 36763.000 82219.000 0 0 0.000 0.000 0.000 0.144 0 1 0 0 0 0
 278 126197.000 39944.000 0 0 0.000 0.000 0.000 0.139 0 1 0 0 0 0
 279 163025.000 118720.000 0 0 0.000 0.000 0.000 0.141 0 1 0 0 0 0
 280 77876.000 162428.000 0 0 0.000 0.000 0.000 0.134 0 1 0 0 0 0
 281 128443.000 160199.000 0 0 0.000 0.000 0.000 0.140 0 1 0 0 0 0
 282 78445.000 37076.000 0 0 0.000 0.000 0.000 0.137 0 1 0 0 0 0
 283 166246.000 91231.000 0 0 0.000 0.000 0.000 0.134 0 1 0 0 0 0
 284 37264.000 123757.000 0 0 0.000 0.000 0.000 0.133 0 1 0 0 0 0
 285 163602.000 121761.000 0 0 0.000 0.000 0.000 0.132 0 1 0 0 0 0
 286 43102.000 64302.000 0 0 0.000 0.000 0.000 0.132 0 1 0 0 0 0
 287 60732.000 44598.000 0 0 0.000 0.000 0.000 0.139 0 1 0 0 0 0
 288 36975.000 126733.000 0 0 0.000 0.000 0.000 0.140 0 1 0 0 0 0
 289 132300.000 160366.000 0 0 0.000 0.000 0.000 0.133 0 1 0 0 0 0
 290 50685.000 52655.000 0 0 0.000 0.000 0.000 0.138 0 1 0 0 0 0
 291 74353.000 36672.000 0 0 0.000 0.000 0.000 0.142 0 1 0 0 0 0
 292 55883.000 153074.000 0 0 0.000 0.000 0.000 0.154 0 1 0 0 0 0
 293 148999.000 51280.000 0 0 0.000 0.000 0.000 0.131 0 1 0 0 0 0
 294 129598.000 162894.000 0 0 0.000 0.000 0.000 0.137 0 1 0 0 0 0
 295 31752.000 86933.000 0 0 0.000 0.000 0.000 0.145 0 1 0 0 0 0
 296 108447.000 30888.000 0 0 0.000 0.000 0.000 0.143 0 1 0 0 0 0
 297 159353.000 137033.000 0 0 0.000 0.000 0.000 0.144 0 1 0 0 0 0
 298 47999.000 53425.000 0 0 0.000 0.000 0.000 0.133 0 1 0 0 0 0
 299 158658.000 62283.000 0 0 0.000 0.000 0.000 0.147 0 1 0 0 0 0
 300 56600.000 44403.000 0 0 0.000 0.000 0.000 0.137 0 1 0 0 0 0
 301 48860.000 50660.000 0 0 0.000 0.000 0.000 0.137 0 1 0 0 0 0
 302 31069.000 119998.000 0 0 0.000 0.000 0.000 0.136 0 1 0 0 0 0
 303 33202.000 74125.000 0 0 0.000 0.000 0.000 0.140 0 1 0 0 0 0
 304 167828.000 75891.000 0 0 0.000 0.000 0.000 0.133 0 1 0 0 0 0
 305 92017.000 28082.000 0 0 0.000 0.000 0.000 0.137 0 1 0 0 0 0
 306 110680.000 172871.000 0 0 0.000 0.000 0.000 0.130 0 1 0 0 0 0
 307 46844.000 151134.000 0 0 0.000 0.000 0.000 0.138 0 1 0 0 0 0
 308 31127.000 127156.000 0 0 0.000 0.000 0.000 0.133 0 1 0 0 0 0
 309 35630.000 60769.000 0 0 0.000 0.000 0.000 0.134 0 1 0 0 0 0
 310 170558.000 126695.000 0 0 0.000 0.000 0.000 0.131 0 1 0 0 0 0
 311 154040.000 153218.000 0 0 0.000 0.000 0.000 0.148 0 1 0 0 0 0
 312 42530.000 149745.000 0 0 0.000 0.000 0.000 0.138 0 1 0 0 0 0
 313 120060.000 173628.000 0 0 0.000 0.000 0.000 0.131 0 1 0 0 0 0
 314 24294.000 89754.000 0 0 0.000 0.000 0.000 0.130 0 1 0 0 0 0
 315 175569.000 86806.000 0 0 0.000 0.000 0.000 0.142 0 1 0 0 0 0
 316 176675.000 103568.000 0 0 0.000 0.000 0.000 0.136 0 1 0 0 0 0
 317 176812.000 90334.000 0 0 0.000 0.000 0.000 0.134 0 1 0 0 0 0
 318 22603.000 91475.000 0 0 0.000 0.000 0.000 0.139 0 1 0 0 0 0
 319 22153.000 104694.000 0 0 0.000 0.000 0.000 0.134 0 1 0 0 0 0
 320 34522.000 57612.000 0 0 0.000 0.000 0.000 0.137 0 1 0 0 0 0
 321 180179.000 95258.000 0 0 0.000 0.000 0.000 0.135 0 1 0 0 0 0
 322 111809.000 19470.000 0 0 0.000 0.000 0.000 0.150 0 1 0 0 0 0
 323 152318.000 37587.000 0 0 0.000 0.000 0.000 0.132 0 1 0 0 0 0
 324 58883.000 28958.000 0 0 0.000 0.000 0.000 0.130 0 1 0 0 0 0
 325 135273.000 176245.000 0 0 0.000 0.000 0.000 0.131 0 1 0 0 0 0
 326 49078.000 32860.000 0 0 0.000 0.000 0.000 0.135 0 1 0 0 0 0
 327 161682.000 27878.000 0 0 0.000 0.000 0.000 0.142 0 1 0 0 0 0;
ProcessEquipmentIDList 1
  "6632" ;
SummarySpec 5
  TESTNO    NDEFECT    DEFDENSITY    NDIE    NDEFDIE  ;
SummaryList 
  1    327    1.196    1    1  ;
EndOfFile;
