FileVersion 1 2;
FileTimestamp 01-06-26 19:31:59;
InspectionStationID "KLA-Tencor" "SFSSP1" "0901-0728-TBI";
SampleType WAFER;
ResultTimestamp 01-06-26 19:22:44;
LotID "2580";
SampleSize 1 200;
DeviceID "None";
SetupID "T2-2580NR" 01-06-26 19:22:44;
StepID "6552";
SampleOrientationMarkType NOTCH;
OrientationMarkLocation DOWN;
DiePitch 200000 200000;
DieOrigin 0 0;
WaferID "15";
Slot 15;
SampleCenterLocation 100000 100000;
ClassLookup 1
  0 "0"  ;
OrientationInstructions "Front";
CoordinatesMirrored No;
InspectionTest 1;
SampleTestPlan 1
  0 0 ;
AreaPerTest 2.73522e+010;
DefectRecordSpec 15 DEFECTID XREL YREL XINDEX YINDEX XSIZE YSIZE DEFECTAREA DSIZE CLASSNUMBER TEST CLUSTERNUMBER ROUGHBINNUMBER FINEBINNUMBER REVIEWSAMPLE ;
DefectList
 1 96935.000 103692.000 0 0 0.000 0.000 0.000 0.155 0 1 0 0 0 0
 2 106230.000 105438.000 0 0 0.000 0.000 0.000 0.133 0 1 0 0 0 0
 3 98136.000 92077.000 0 0 0.000 0.000 0.000 0.145 0 1 0 0 0 0
 4 108411.000 94957.000 0 0 0.000 0.000 0.000 0.148 0 1 0 0 0 0
 5 97641.000 110294.000 0 0 0.000 0.000 0.000 0.132 0 1 0 0 0 0
 6 107917.000 92952.000 0 0 0.000 0.000 0.000 0.140 0 1 0 0 0 0
 7 97023.000 111480.000 0 0 0.000 0.000 0.000 0.137 0 1 0 0 0 0
 8 97224.000 112952.000 0 0 0.000 0.000 0.000 0.141 0 1 0 0 0 0
 9 85645.000 99835.000 0 0 0.000 0.000 0.000 0.139 0 1 0 0 0 0
 10 110135.000 89326.000 0 0 0.000 0.000 0.000 0.147 0 1 0 0 0 0
 11 99645.000 115254.000 0 0 0.000 0.000 0.000 0.132 0 1 0 0 0 0
 12 114872.000 98156.000 0 0 0.000 0.000 0.000 0.149 0 1 0 0 0 0
 13 88808.000 110586.000 0 0 0.000 0.000 0.000 0.145 0 1 0 0 0 0
 14 113561.000 107000.000 0 0 0.000 0.000 0.000 0.130 0 1 0 0 0 0
 15 109046.000 87605.000 0 0 0.000 0.000 0.000 0.156 0 1 0 0 0 0
 16 106959.000 115099.000 0 0 0.000 0.000 0.000 0.155 0 1 0 0 0 0
 17 112393.000 112195.000 0 0 0.000 0.000 0.000 0.133 0 1 0 0 0 0
 18 82974.000 94078.000 0 0 0.000 0.000 0.000 0.134 0 1 0 0 0 0
 19 81795.000 97074.000 0 0 0.000 0.000 0.000 0.132 0 1 0 0 0 0
 20 81227.000 103476.000 0 0 0.000 0.000 0.000 0.139 0 1 0 0 0 0
 21 119301.000 98250.000 0 0 0.000 0.000 0.000 0.146 0 1 0 0 0 0
 22 119318.000 105634.000 0 0 0.000 0.000 0.000 0.130 0 1 0 0 0 0
 23 95026.000 80165.000 0 0 0.000 0.000 0.000 0.141 0 1 0 0 0 0
 24 79591.000 96403.000 0 0 0.000 0.000 0.000 0.130 0 1 0 0 0 0
 25 88465.000 82026.000 0 0 0.000 0.000 0.000 0.130 0 1 0 0 0 0
 26 83316.000 114962.000 0 0 0.000 0.000 0.000 0.157 0 1 0 0 0 0
 27 84097.000 84459.000 0 0 0.000 0.000 0.000 0.148 0 1 0 0 0 0
 28 97698.000 122933.000 0 0 0.000 0.000 0.000 0.143 0 1 0 0 0 0
 29 99698.000 123328.000 0 0 0.000 0.000 0.000 0.137 0 1 0 0 0 0
 30 123360.000 101722.000 0 0 0.000 0.000 0.000 0.131 0 1 0 0 0 0
 31 102777.000 123673.000 0 0 0.000 0.000 0.000 0.132 0 1 0 0 0 0
 32 83819.000 118247.000 0 0 0.000 0.000 0.000 0.141 0 1 0 0 0 0
 33 106167.000 76758.000 0 0 0.000 0.000 0.000 0.153 0 1 0 0 0 0
 34 75541.000 99393.000 0 0 0.000 0.000 0.000 0.133 0 1 0 0 0 0
 35 116526.000 82050.000 0 0 0.000 0.000 0.000 0.130 0 1 0 0 0 0
 36 108036.000 76918.000 0 0 0.000 0.000 0.000 0.145 0 1 0 0 0 0
 37 103473.000 124997.000 0 0 0.000 0.000 0.000 0.150 0 1 0 0 0 0
 38 122053.000 85821.000 0 0 0.000 0.000 0.000 0.158 0 1 0 0 0 0
 39 85745.000 123012.000 0 0 0.000 0.000 0.000 0.136 0 1 0 0 0 0
 40 86387.000 76953.000 0 0 0.000 0.000 0.000 0.131 0 1 0 0 0 0
 41 87741.000 75682.000 0 0 0.000 0.000 0.000 0.144 0 1 0 0 0 0
 42 127917.000 100676.000 0 0 0.000 0.000 0.000 0.135 0 1 0 0 0 0
 43 105353.000 127802.000 0 0 0.000 0.000 0.000 0.141 0 1 0 0 0 0
 44 85361.000 124385.000 0 0 0.000 0.000 0.000 0.136 0 1 0 0 0 0
 45 128367.000 103795.000 0 0 0.000 0.000 0.000 0.134 0 1 0 0 0 0
 46 72773.000 91606.000 0 0 0.000 0.000 0.000 0.135 0 1 0 0 0 0
 47 80389.000 78687.000 0 0 0.000 0.000 0.000 0.137 0 1 0 0 0 0
 48 129193.000 102124.000 0 0 0.000 0.000 0.000 0.132 0 1 0 0 0 0
 49 124860.000 116297.000 0 0 0.000 0.000 0.000 0.140 0 1 0 0 0 0
 50 108133.000 71447.000 0 0 0.000 0.000 0.000 0.174 0 1 0 0 0 0
 51 69687.000 105550.000 0 0 0.000 0.000 0.000 0.144 0 1 0 0 0 0
 52 84646.000 127148.000 0 0 0.000 0.000 0.000 0.138 0 1 0 0 0 0
 53 102511.000 131527.000 0 0 0.000 0.000 0.000 0.136 0 1 0 0 0 0
 54 94811.000 131889.000 0 0 0.000 0.000 0.000 0.137 0 1 0 0 0 0
 55 89134.000 130568.000 0 0 0.000 0.000 0.000 0.135 0 1 0 0 0 0
 56 121562.000 76181.000 0 0 0.000 0.000 0.000 0.133 0 1 0 0 0 0
 57 77959.000 124629.000 0 0 0.000 0.000 0.000 0.130 0 1 0 0 0 0
 58 120133.000 127046.000 0 0 0.000 0.000 0.000 0.142 0 1 0 0 0 0
 59 133128.000 94995.000 0 0 0.000 0.000 0.000 0.146 0 1 0 0 0 0
 60 111634.000 68577.000 0 0 0.000 0.000 0.000 0.141 0 1 0 0 0 0
 61 124657.000 123608.000 0 0 0.000 0.000 0.000 0.137 0 1 0 0 0 0
 62 93007.000 134063.000 0 0 0.000 0.000 0.000 0.145 0 1 0 0 0 0
 63 91136.000 66335.000 0 0 0.000 0.000 0.000 0.150 0 1 0 0 0 0
 64 128469.000 120774.000 0 0 0.000 0.000 0.000 0.146 0 1 0 0 0 0
 65 108478.000 134997.000 0 0 0.000 0.000 0.000 0.130 0 1 0 0 0 0
 66 73909.000 74652.000 0 0 0.000 0.000 0.000 0.130 0 1 0 0 0 0
 67 132263.000 118716.000 0 0 0.000 0.000 0.000 0.132 0 1 0 0 0 0
 68 129552.000 122836.000 0 0 0.000 0.000 0.000 0.136 0 1 0 0 0 0
 69 68383.000 120699.000 0 0 0.000 0.000 0.000 0.136 0 1 0 0 0 0
 70 118351.000 67312.000 0 0 0.000 0.000 0.000 0.143 0 1 0 0 0 0
 71 92103.000 137433.000 0 0 0.000 0.000 0.000 0.131 0 1 0 0 0 0
 72 96862.000 139015.000 0 0 0.000 0.000 0.000 0.132 0 1 0 0 0 0
 73 76712.000 68407.000 0 0 0.000 0.000 0.000 0.131 0 1 0 0 0 0
 74 138455.000 90205.000 0 0 0.000 0.000 0.000 0.138 0 1 0 0 0 0
 75 123471.000 68122.000 0 0 0.000 0.000 0.000 0.132 0 1 0 0 0 0
 76 120863.000 134211.000 0 0 0.000 0.000 0.000 0.136 0 1 0 0 0 0
 77 108775.000 139586.000 0 0 0.000 0.000 0.000 0.132 0 1 0 0 0 0
 78 69833.000 127114.000 0 0 0.000 0.000 0.000 0.131 0 1 0 0 0 0
 79 140564.000 98305.000 0 0 0.000 0.000 0.000 0.139 0 1 0 0 0 0
 80 140107.000 92289.000 0 0 0.000 0.000 0.000 0.130 0 1 0 0 0 0
 81 67539.000 74670.000 0 0 0.000 0.000 0.000 0.131 0 1 0 0 0 0
 82 87021.000 139547.000 0 0 0.000 0.000 0.000 0.154 0 1 0 0 0 0
 83 58979.000 107374.000 0 0 0.000 0.000 0.000 0.140 0 1 0 0 0 0
 84 141394.000 97317.000 0 0 0.000 0.000 0.000 0.130 0 1 0 0 0 0
 85 96035.000 141813.000 0 0 0.000 0.000 0.000 0.130 0 1 0 0 0 0
 86 80120.000 62474.000 0 0 0.000 0.000 0.000 0.134 0 1 0 0 0 0
 87 102885.000 57543.000 0 0 0.000 0.000 0.000 0.134 0 1 0 0 0 0
 88 103115.000 57266.000 0 0 0.000 0.000 0.000 0.133 0 1 0 0 0 0
 89 77384.000 137164.000 0 0 0.000 0.000 0.000 0.139 0 1 0 0 0 0
 90 58307.000 88603.000 0 0 0.000 0.000 0.000 0.138 0 1 0 0 0 0
 91 134602.000 126215.000 0 0 0.000 0.000 0.000 0.130 0 1 0 0 0 0
 92 99056.000 143622.000 0 0 0.000 0.000 0.000 0.145 0 1 0 0 0 0
 93 143067.000 106555.000 0 0 0.000 0.000 0.000 0.136 0 1 0 0 0 0
 94 102895.000 56747.000 0 0 0.000 0.000 0.000 0.133 0 1 0 0 0 0
 95 100887.000 56538.000 0 0 0.000 0.000 0.000 0.136 0 1 0 0 0 0
 96 139973.000 118207.000 0 0 0.000 0.000 0.000 0.133 0 1 0 0 0 0
 97 136692.000 124137.000 0 0 0.000 0.000 0.000 0.136 0 1 0 0 0 0
 98 111186.000 142956.000 0 0 0.000 0.000 0.000 0.132 0 1 0 0 0 0
 99 143612.000 91070.000 0 0 0.000 0.000 0.000 0.130 0 1 0 0 0 0
 100 61135.000 122869.000 0 0 0.000 0.000 0.000 0.142 0 1 0 0 0 0
 101 96968.000 146590.000 0 0 0.000 0.000 0.000 0.143 0 1 0 0 0 0
 102 102002.000 146864.000 0 0 0.000 0.000 0.000 0.130 0 1 0 0 0 0
 103 110115.000 146749.000 0 0 0.000 0.000 0.000 0.134 0 1 0 0 0 0
 104 147501.000 96566.000 0 0 0.000 0.000 0.000 0.142 0 1 0 0 0 0
 105 53432.000 110732.000 0 0 0.000 0.000 0.000 0.132 0 1 0 0 0 0
 106 132989.000 135074.000 0 0 0.000 0.000 0.000 0.141 0 1 0 0 0 0
 107 134822.000 133454.000 0 0 0.000 0.000 0.000 0.131 0 1 0 0 0 0
 108 137250.000 130723.000 0 0 0.000 0.000 0.000 0.154 0 1 0 0 0 0
 109 125204.000 141405.000 0 0 0.000 0.000 0.000 0.157 0 1 0 0 0 0
 110 84508.000 145914.000 0 0 0.000 0.000 0.000 0.131 0 1 0 0 0 0
 111 109622.000 52836.000 0 0 0.000 0.000 0.000 0.130 0 1 0 0 0 0
 112 119326.000 144935.000 0 0 0.000 0.000 0.000 0.134 0 1 0 0 0 0
 113 148262.000 108307.000 0 0 0.000 0.000 0.000 0.130 0 1 0 0 0 0
 114 145401.000 119038.000 0 0 0.000 0.000 0.000 0.138 0 1 0 0 0 0
 115 139576.000 130027.000 0 0 0.000 0.000 0.000 0.146 0 1 0 0 0 0
 116 111569.000 51907.000 0 0 0.000 0.000 0.000 0.131 0 1 0 0 0 0
 117 140462.000 71294.000 0 0 0.000 0.000 0.000 0.132 0 1 0 0 0 0
 118 147518.000 115384.000 0 0 0.000 0.000 0.000 0.136 0 1 0 0 0 0
 119 54196.000 79939.000 0 0 0.000 0.000 0.000 0.132 0 1 0 0 0 0
 120 149051.000 89922.000 0 0 0.000 0.000 0.000 0.141 0 1 0 0 0 0
 121 144178.000 124035.000 0 0 0.000 0.000 0.000 0.142 0 1 0 0 0 0
 122 135699.000 64347.000 0 0 0.000 0.000 0.000 0.130 0 1 0 0 0 0
 123 55474.000 125401.000 0 0 0.000 0.000 0.000 0.132 0 1 0 0 0 0
 124 49863.000 112136.000 0 0 0.000 0.000 0.000 0.133 0 1 0 0 0 0
 125 104583.000 48308.000 0 0 0.000 0.000 0.000 0.137 0 1 0 0 0 0
 126 49365.000 86653.000 0 0 0.000 0.000 0.000 0.130 0 1 0 0 0 0
 127 48171.000 111126.000 0 0 0.000 0.000 0.000 0.131 0 1 0 0 0 0
 128 100637.000 153399.000 0 0 0.000 0.000 0.000 0.132 0 1 0 0 0 0
 129 82483.000 150653.000 0 0 0.000 0.000 0.000 0.135 0 1 0 0 0 0
 130 49182.000 116726.000 0 0 0.000 0.000 0.000 0.144 0 1 0 0 0 0
 131 153258.000 105254.000 0 0 0.000 0.000 0.000 0.133 0 1 0 0 0 0
 132 153586.000 107069.000 0 0 0.000 0.000 0.000 0.137 0 1 0 0 0 0
 133 140746.000 137249.000 0 0 0.000 0.000 0.000 0.131 0 1 0 0 0 0
 134 151577.000 121437.000 0 0 0.000 0.000 0.000 0.133 0 1 0 0 0 0
 135 95338.000 44557.000 0 0 0.000 0.000 0.000 0.143 0 1 0 0 0 0
 136 109594.000 45277.000 0 0 0.000 0.000 0.000 0.135 0 1 0 0 0 0
 137 152141.000 120112.000 0 0 0.000 0.000 0.000 0.132 0 1 0 0 0 0
 138 149642.000 74241.000 0 0 0.000 0.000 0.000 0.132 0 1 0 0 0 0
 139 155100.000 88679.000 0 0 0.000 0.000 0.000 0.141 0 1 0 0 0 0
 140 128222.000 149523.000 0 0 0.000 0.000 0.000 0.150 0 1 0 0 0 0
 141 89391.000 43852.000 0 0 0.000 0.000 0.000 0.139 0 1 0 0 0 0
 142 88703.000 43793.000 0 0 0.000 0.000 0.000 0.132 0 1 0 0 0 0
 143 48587.000 73935.000 0 0 0.000 0.000 0.000 0.140 0 1 0 0 0 0
 144 62102.000 144120.000 0 0 0.000 0.000 0.000 0.132 0 1 0 0 0 0
 145 50322.000 70392.000 0 0 0.000 0.000 0.000 0.130 0 1 0 0 0 0
 146 157785.000 106404.000 0 0 0.000 0.000 0.000 0.159 0 1 0 0 0 0
 147 144316.000 61056.000 0 0 0.000 0.000 0.000 0.148 0 1 0 0 0 0
 148 40328.000 103943.000 0 0 0.000 0.000 0.000 0.133 0 1 0 0 0 0
 149 120859.000 43451.000 0 0 0.000 0.000 0.000 0.142 0 1 0 0 0 0
 150 69825.000 46026.000 0 0 0.000 0.000 0.000 0.133 0 1 0 0 0 0
 151 79466.000 41596.000 0 0 0.000 0.000 0.000 0.130 0 1 0 0 0 0
 152 119737.000 41302.000 0 0 0.000 0.000 0.000 0.139 0 1 0 0 0 0
 153 123409.000 42511.000 0 0 0.000 0.000 0.000 0.137 0 1 0 0 0 0
 154 40567.000 80629.000 0 0 0.000 0.000 0.000 0.131 0 1 0 0 0 0
 155 42212.000 75883.000 0 0 0.000 0.000 0.000 0.133 0 1 0 0 0 0
 156 51525.000 57575.000 0 0 0.000 0.000 0.000 0.136 0 1 0 0 0 0
 157 142598.000 149316.000 0 0 0.000 0.000 0.000 0.141 0 1 0 0 0 0
 158 139162.000 153474.000 0 0 0.000 0.000 0.000 0.130 0 1 0 0 0 0
 159 63365.000 44915.000 0 0 0.000 0.000 0.000 0.138 0 1 0 0 0 0
 160 165482.000 111419.000 0 0 0.000 0.000 0.000 0.137 0 1 0 0 0 0
 161 107728.000 32572.000 0 0 0.000 0.000 0.000 0.150 0 1 0 0 0 0
 162 154435.000 141779.000 0 0 0.000 0.000 0.000 0.130 0 1 0 0 0 0
 163 126434.000 36540.000 0 0 0.000 0.000 0.000 0.144 0 1 0 0 0 0
 164 117209.000 167867.000 0 0 0.000 0.000 0.000 0.134 0 1 0 0 0 0
 165 80775.000 168371.000 0 0 0.000 0.000 0.000 0.133 0 1 0 0 0 0
 166 123628.000 167749.000 0 0 0.000 0.000 0.000 0.144 0 1 0 0 0 0
 167 66130.000 163309.000 0 0 0.000 0.000 0.000 0.150 0 1 0 0 0 0
 168 46657.000 148605.000 0 0 0.000 0.000 0.000 0.132 0 1 0 0 0 0
 169 168364.000 123557.000 0 0 0.000 0.000 0.000 0.132 0 1 0 0 0 0
 170 103522.000 173770.000 0 0 0.000 0.000 0.000 0.140 0 1 0 0 0 0
 171 168022.000 128953.000 0 0 0.000 0.000 0.000 0.131 0 1 0 0 0 0
 172 137809.000 35707.000 0 0 0.000 0.000 0.000 0.140 0 1 0 0 0 0
 173 113425.000 26478.000 0 0 0.000 0.000 0.000 0.130 0 1 0 0 0 0
 174 45140.000 48857.000 0 0 0.000 0.000 0.000 0.146 0 1 0 0 0 0
 175 78443.000 27965.000 0 0 0.000 0.000 0.000 0.130 0 1 0 0 0 0
 176 171767.000 76088.000 0 0 0.000 0.000 0.000 0.134 0 1 0 0 0 0
 177 42542.000 174760.000 0 0 0.000 0.000 0.000 0.235 0 1 0 0 0 0;
ProcessEquipmentIDList 1
  "6632" ;
SummarySpec 5
  TESTNO    NDEFECT    DEFDENSITY    NDIE    NDEFDIE  ;
SummaryList 
  1    177    0.6471    1    1  ;
EndOfFile;
