FileVersion 1 2;
FileTimestamp 01-06-26 19:33:39;
InspectionStationID "KLA-Tencor" "SFSSP1" "0901-0728-TBI";
SampleType WAFER;
ResultTimestamp 01-06-26 19:22:44;
LotID "2580";
SampleSize 1 200;
DeviceID "None";
SetupID "T2-2580NR" 01-06-26 19:22:44;
StepID "6552";
SampleOrientationMarkType NOTCH;
OrientationMarkLocation DOWN;
DiePitch 200000 200000;
DieOrigin 0 0;
WaferID "18";
Slot 18;
SampleCenterLocation 100000 100000;
ClassLookup 1
  0 "0"  ;
OrientationInstructions "Front";
CoordinatesMirrored No;
InspectionTest 1;
SampleTestPlan 1
  0 0 ;
AreaPerTest 2.73517e+010;
DefectRecordSpec 15 DEFECTID XREL YREL XINDEX YINDEX XSIZE YSIZE DEFECTAREA DSIZE CLASSNUMBER TEST CLUSTERNUMBER ROUGHBINNUMBER FINEBINNUMBER REVIEWSAMPLE ;
DefectList
 1 100249.000 102478.000 0 0 0.000 0.000 0.000 0.139 0 1 0 0 0 0
 2 94075.000 100340.000 0 0 0.000 0.000 0.000 0.140 0 1 0 0 0 0
 3 91689.000 94331.000 0 0 0.000 0.000 0.000 0.130 0 1 0 0 0 0
 4 92319.000 111374.000 0 0 0.000 0.000 0.000 0.132 0 1 0 0 0 0
 5 114982.000 95702.000 0 0 0.000 0.000 0.000 0.132 0 1 0 0 0 0
 6 92807.000 84806.000 0 0 0.000 0.000 0.000 0.134 0 1 0 0 0 0
 7 97341.000 82505.000 0 0 0.000 0.000 0.000 0.133 0 1 0 0 0 0
 8 117072.000 93270.000 0 0 0.000 0.000 0.000 0.137 0 1 0 0 0 0
 9 82635.000 94001.000 0 0 0.000 0.000 0.000 0.164 0 1 0 0 0 0
 10 80963.000 91445.000 0 0 0.000 0.000 0.000 0.138 0 1 0 0 0 0
 11 113011.000 83100.000 0 0 0.000 0.000 0.000 0.132 0 1 0 0 0 0
 12 80193.000 91302.000 0 0 0.000 0.000 0.000 0.140 0 1 0 0 0 0
 13 106770.000 121464.000 0 0 0.000 0.000 0.000 0.133 0 1 0 0 0 0
 14 114893.000 117052.000 0 0 0.000 0.000 0.000 0.130 0 1 0 0 0 0
 15 83381.000 116414.000 0 0 0.000 0.000 0.000 0.131 0 1 0 0 0 0
 16 114843.000 80854.000 0 0 0.000 0.000 0.000 0.132 0 1 0 0 0 0
 17 89615.000 122753.000 0 0 0.000 0.000 0.000 0.154 0 1 0 0 0 0
 18 123390.000 89373.000 0 0 0.000 0.000 0.000 0.136 0 1 0 0 0 0
 19 74159.000 99886.000 0 0 0.000 0.000 0.000 0.137 0 1 0 0 0 0
 20 79400.000 84586.000 0 0 0.000 0.000 0.000 0.141 0 1 0 0 0 0
 21 91933.000 127145.000 0 0 0.000 0.000 0.000 0.143 0 1 0 0 0 0
 22 78347.000 118167.000 0 0 0.000 0.000 0.000 0.142 0 1 0 0 0 0
 23 110324.000 72728.000 0 0 0.000 0.000 0.000 0.146 0 1 0 0 0 0
 24 73165.000 84761.000 0 0 0.000 0.000 0.000 0.141 0 1 0 0 0 0
 25 129979.000 111076.000 0 0 0.000 0.000 0.000 0.139 0 1 0 0 0 0
 26 70474.000 114495.000 0 0 0.000 0.000 0.000 0.130 0 1 0 0 0 0
 27 134377.000 107364.000 0 0 0.000 0.000 0.000 0.135 0 1 0 0 0 0
 28 91048.000 66207.000 0 0 0.000 0.000 0.000 0.134 0 1 0 0 0 0
 29 77950.000 128325.000 0 0 0.000 0.000 0.000 0.130 0 1 0 0 0 0
 30 80083.000 69922.000 0 0 0.000 0.000 0.000 0.130 0 1 0 0 0 0
 31 137359.000 98051.000 0 0 0.000 0.000 0.000 0.146 0 1 0 0 0 0
 32 89896.000 63646.000 0 0 0.000 0.000 0.000 0.146 0 1 0 0 0 0
 33 138359.000 94686.000 0 0 0.000 0.000 0.000 0.134 0 1 0 0 0 0
 34 134285.000 118546.000 0 0 0.000 0.000 0.000 0.136 0 1 0 0 0 0
 35 95187.000 139212.000 0 0 0.000 0.000 0.000 0.137 0 1 0 0 0 0
 36 118295.000 135101.000 0 0 0.000 0.000 0.000 0.134 0 1 0 0 0 0
 37 80241.000 65923.000 0 0 0.000 0.000 0.000 0.131 0 1 0 0 0 0
 38 113901.000 137518.000 0 0 0.000 0.000 0.000 0.130 0 1 0 0 0 0
 39 129073.000 128107.000 0 0 0.000 0.000 0.000 0.147 0 1 0 0 0 0
 40 140709.000 94451.000 0 0 0.000 0.000 0.000 0.130 0 1 0 0 0 0
 41 84779.000 138604.000 0 0 0.000 0.000 0.000 0.133 0 1 0 0 0 0
 42 68623.000 127065.000 0 0 0.000 0.000 0.000 0.133 0 1 0 0 0 0
 43 134681.000 77650.000 0 0 0.000 0.000 0.000 0.142 0 1 0 0 0 0
 44 58182.000 103711.000 0 0 0.000 0.000 0.000 0.133 0 1 0 0 0 0
 45 129995.000 70219.000 0 0 0.000 0.000 0.000 0.143 0 1 0 0 0 0
 46 107812.000 58495.000 0 0 0.000 0.000 0.000 0.146 0 1 0 0 0 0
 47 86417.000 141320.000 0 0 0.000 0.000 0.000 0.138 0 1 0 0 0 0
 48 72220.000 134129.000 0 0 0.000 0.000 0.000 0.138 0 1 0 0 0 0
 49 132428.000 130340.000 0 0 0.000 0.000 0.000 0.150 0 1 0 0 0 0
 50 113870.000 57879.000 0 0 0.000 0.000 0.000 0.158 0 1 0 0 0 0
 51 88281.000 143598.000 0 0 0.000 0.000 0.000 0.136 0 1 0 0 0 0
 52 144733.000 96746.000 0 0 0.000 0.000 0.000 0.142 0 1 0 0 0 0
 53 77007.000 139268.000 0 0 0.000 0.000 0.000 0.133 0 1 0 0 0 0
 54 104029.000 145883.000 0 0 0.000 0.000 0.000 0.131 0 1 0 0 0 0
 55 90635.000 55123.000 0 0 0.000 0.000 0.000 0.136 0 1 0 0 0 0
 56 139339.000 124183.000 0 0 0.000 0.000 0.000 0.133 0 1 0 0 0 0
 57 54120.000 106664.000 0 0 0.000 0.000 0.000 0.134 0 1 0 0 0 0
 58 146182.000 106743.000 0 0 0.000 0.000 0.000 0.133 0 1 0 0 0 0
 59 132687.000 65293.000 0 0 0.000 0.000 0.000 0.132 0 1 0 0 0 0
 60 50824.000 93363.000 0 0 0.000 0.000 0.000 0.131 0 1 0 0 0 0
 61 131445.000 61086.000 0 0 0.000 0.000 0.000 0.140 0 1 0 0 0 0
 62 136364.000 65578.000 0 0 0.000 0.000 0.000 0.130 0 1 0 0 0 0
 63 124515.000 145094.000 0 0 0.000 0.000 0.000 0.133 0 1 0 0 0 0
 64 53451.000 121209.000 0 0 0.000 0.000 0.000 0.131 0 1 0 0 0 0
 65 135645.000 62964.000 0 0 0.000 0.000 0.000 0.139 0 1 0 0 0 0
 66 58108.000 131477.000 0 0 0.000 0.000 0.000 0.140 0 1 0 0 0 0
 67 88240.000 151595.000 0 0 0.000 0.000 0.000 0.137 0 1 0 0 0 0
 68 152419.000 110179.000 0 0 0.000 0.000 0.000 0.145 0 1 0 0 0 0
 69 130682.000 56106.000 0 0 0.000 0.000 0.000 0.132 0 1 0 0 0 0
 70 75324.000 149019.000 0 0 0.000 0.000 0.000 0.138 0 1 0 0 0 0
 71 74744.000 149041.000 0 0 0.000 0.000 0.000 0.131 0 1 0 0 0 0
 72 117721.000 47957.000 0 0 0.000 0.000 0.000 0.130 0 1 0 0 0 0
 73 60882.000 61086.000 0 0 0.000 0.000 0.000 0.146 0 1 0 0 0 0
 74 82571.000 45453.000 0 0 0.000 0.000 0.000 0.149 0 1 0 0 0 0
 75 47556.000 76078.000 0 0 0.000 0.000 0.000 0.130 0 1 0 0 0 0
 76 134699.000 148629.000 0 0 0.000 0.000 0.000 0.136 0 1 0 0 0 0
 77 73029.000 153890.000 0 0 0.000 0.000 0.000 0.147 0 1 0 0 0 0
 78 137901.000 52780.000 0 0 0.000 0.000 0.000 0.158 0 1 0 0 0 0
 79 132042.000 47962.000 0 0 0.000 0.000 0.000 0.131 0 1 0 0 0 0
 80 152996.000 137330.000 0 0 0.000 0.000 0.000 0.130 0 1 0 0 0 0
 81 156491.000 66010.000 0 0 0.000 0.000 0.000 0.139 0 1 0 0 0 0
 82 143782.000 48585.000 0 0 0.000 0.000 0.000 0.137 0 1 0 0 0 0
 83 106833.000 29633.000 0 0 0.000 0.000 0.000 0.368 0 1 0 0 0 0
 84 107727.000 27697.000 0 0 0.000 0.000 0.000 0.315 0 1 0 0 0 0
 85 107079.000 26916.000 0 0 0.000 0.000 0.000 0.201 0 1 0 0 0 0
 86 125906.000 169312.000 0 0 0.000 0.000 0.000 0.152 0 1 0 0 0 0
 87 149486.000 161240.000 0 0 0.000 0.000 0.000 0.147 0 1 0 0 0 0
 88 107639.000 19516.000 0 0 0.000 0.000 0.000 0.131 0 1 0 0 0 0
 89 170530.000 150146.000 0 0 0.000 0.000 0.000 0.144 0 1 0 0 0 0;
ProcessEquipmentIDList 1
  "6632" ;
SummarySpec 5
  TESTNO    NDEFECT    DEFDENSITY    NDIE    NDEFDIE  ;
SummaryList 
  1    89    0.3254    1    1  ;
EndOfFile;
