FileVersion 1 2;
FileTimestamp 01-06-26 11:34:38;
InspectionStationID "KLA-Tencor" "SFSSP1" "0901-0728-TBI";
SampleType WAFER;
ResultTimestamp 01-06-26 11:30:35;
LotID "2580";
SampleSize 1 200;
DeviceID "None";
SetupID "T2-2580NR" 01-06-26 11:30:35;
StepID "6552";
SampleOrientationMarkType NOTCH;
OrientationMarkLocation DOWN;
DiePitch 200000 200000;
DieOrigin 0 0;
WaferID "06";
Slot 6;
SampleCenterLocation 100000 100000;
ClassLookup 1
  0 "0"  ;
OrientationInstructions "Front";
CoordinatesMirrored No;
InspectionTest 1;
SampleTestPlan 1
  0 0 ;
AreaPerTest 2.73525e+010;
DefectRecordSpec 15 DEFECTID XREL YREL XINDEX YINDEX XSIZE YSIZE DEFECTAREA DSIZE CLASSNUMBER TEST CLUSTERNUMBER ROUGHBINNUMBER FINEBINNUMBER REVIEWSAMPLE ;
DefectList
 1 100217.000 106048.000 0 0 0.000 0.000 0.000 0.158 0 1 0 0 0 0
 2 94043.000 98267.000 0 0 0.000 0.000 0.000 0.137 0 1 0 0 0 0
 3 102990.000 94825.000 0 0 0.000 0.000 0.000 0.137 0 1 0 0 0 0
 4 98014.000 93323.000 0 0 0.000 0.000 0.000 0.148 0 1 0 0 0 0
 5 105884.000 106134.000 0 0 0.000 0.000 0.000 0.130 0 1 0 0 0 0
 6 107982.000 105377.000 0 0 0.000 0.000 0.000 0.131 0 1 0 0 0 0
 7 102524.000 110131.000 0 0 0.000 0.000 0.000 0.151 0 1 0 0 0 0
 8 104323.000 110023.000 0 0 0.000 0.000 0.000 0.132 0 1 0 0 0 0
 9 109713.000 105134.000 0 0 0.000 0.000 0.000 0.150 0 1 0 0 0 0
 10 88911.000 103183.000 0 0 0.000 0.000 0.000 0.133 0 1 0 0 0 0
 11 110991.000 96049.000 0 0 0.000 0.000 0.000 0.137 0 1 0 0 0 0
 12 97128.000 111729.000 0 0 0.000 0.000 0.000 0.150 0 1 0 0 0 0
 13 89338.000 94362.000 0 0 0.000 0.000 0.000 0.137 0 1 0 0 0 0
 14 87642.000 100160.000 0 0 0.000 0.000 0.000 0.148 0 1 0 0 0 0
 15 98836.000 114285.000 0 0 0.000 0.000 0.000 0.130 0 1 0 0 0 0
 16 114619.000 107758.000 0 0 0.000 0.000 0.000 0.154 0 1 0 0 0 0
 17 95956.000 83860.000 0 0 0.000 0.000 0.000 0.147 0 1 0 0 0 0
 18 97043.000 83584.000 0 0 0.000 0.000 0.000 0.133 0 1 0 0 0 0
 19 90874.000 114992.000 0 0 0.000 0.000 0.000 0.161 0 1 0 0 0 0
 20 83312.000 93621.000 0 0 0.000 0.000 0.000 0.131 0 1 0 0 0 0
 21 118409.000 101938.000 0 0 0.000 0.000 0.000 0.169 0 1 0 0 0 0
 22 89625.000 84428.000 0 0 0.000 0.000 0.000 0.151 0 1 0 0 0 0
 23 117071.000 108201.000 0 0 0.000 0.000 0.000 0.150 0 1 0 0 0 0
 24 116428.000 90517.000 0 0 0.000 0.000 0.000 0.133 0 1 0 0 0 0
 25 80576.000 103730.000 0 0 0.000 0.000 0.000 0.142 0 1 0 0 0 0
 26 82669.000 90511.000 0 0 0.000 0.000 0.000 0.144 0 1 0 0 0 0
 27 93669.000 81238.000 0 0 0.000 0.000 0.000 0.138 0 1 0 0 0 0
 28 119882.000 100350.000 0 0 0.000 0.000 0.000 0.152 0 1 0 0 0 0
 29 111201.000 117265.000 0 0 0.000 0.000 0.000 0.137 0 1 0 0 0 0
 30 81081.000 108485.000 0 0 0.000 0.000 0.000 0.130 0 1 0 0 0 0
 31 119832.000 105877.000 0 0 0.000 0.000 0.000 0.135 0 1 0 0 0 0
 32 99221.000 120882.000 0 0 0.000 0.000 0.000 0.134 0 1 0 0 0 0
 33 119962.000 106771.000 0 0 0.000 0.000 0.000 0.148 0 1 0 0 0 0
 34 114940.000 115295.000 0 0 0.000 0.000 0.000 0.142 0 1 0 0 0 0
 35 119034.000 109698.000 0 0 0.000 0.000 0.000 0.153 0 1 0 0 0 0
 36 111202.000 118448.000 0 0 0.000 0.000 0.000 0.138 0 1 0 0 0 0
 37 105271.000 121537.000 0 0 0.000 0.000 0.000 0.138 0 1 0 0 0 0
 38 83240.000 85729.000 0 0 0.000 0.000 0.000 0.130 0 1 0 0 0 0
 39 111091.000 119594.000 0 0 0.000 0.000 0.000 0.132 0 1 0 0 0 0
 40 76910.000 93980.000 0 0 0.000 0.000 0.000 0.132 0 1 0 0 0 0
 41 119504.000 86603.000 0 0 0.000 0.000 0.000 0.146 0 1 0 0 0 0
 42 116557.000 82890.000 0 0 0.000 0.000 0.000 0.140 0 1 0 0 0 0
 43 76349.000 104953.000 0 0 0.000 0.000 0.000 0.134 0 1 0 0 0 0
 44 107680.000 123249.000 0 0 0.000 0.000 0.000 0.131 0 1 0 0 0 0
 45 84448.000 81526.000 0 0 0.000 0.000 0.000 0.140 0 1 0 0 0 0
 46 86740.000 120769.000 0 0 0.000 0.000 0.000 0.134 0 1 0 0 0 0
 47 76036.000 106614.000 0 0 0.000 0.000 0.000 0.137 0 1 0 0 0 0
 48 105774.000 76262.000 0 0 0.000 0.000 0.000 0.146 0 1 0 0 0 0
 49 101127.000 75489.000 0 0 0.000 0.000 0.000 0.142 0 1 0 0 0 0
 50 75848.000 106863.000 0 0 0.000 0.000 0.000 0.130 0 1 0 0 0 0
 51 118076.000 117786.000 0 0 0.000 0.000 0.000 0.157 0 1 0 0 0 0
 52 84686.000 80078.000 0 0 0.000 0.000 0.000 0.149 0 1 0 0 0 0
 53 112880.000 78208.000 0 0 0.000 0.000 0.000 0.143 0 1 0 0 0 0
 54 82979.000 119351.000 0 0 0.000 0.000 0.000 0.155 0 1 0 0 0 0
 55 111166.000 77098.000 0 0 0.000 0.000 0.000 0.145 0 1 0 0 0 0
 56 123757.000 110441.000 0 0 0.000 0.000 0.000 0.144 0 1 0 0 0 0
 57 92897.000 125185.000 0 0 0.000 0.000 0.000 0.132 0 1 0 0 0 0
 58 99996.000 74283.000 0 0 0.000 0.000 0.000 0.143 0 1 0 0 0 0
 59 115496.000 78754.000 0 0 0.000 0.000 0.000 0.137 0 1 0 0 0 0
 60 106527.000 126632.000 0 0 0.000 0.000 0.000 0.135 0 1 0 0 0 0
 61 77589.000 115745.000 0 0 0.000 0.000 0.000 0.148 0 1 0 0 0 0
 62 123444.000 85713.000 0 0 0.000 0.000 0.000 0.139 0 1 0 0 0 0
 63 127694.000 99438.000 0 0 0.000 0.000 0.000 0.149 0 1 0 0 0 0
 64 116529.000 122496.000 0 0 0.000 0.000 0.000 0.131 0 1 0 0 0 0
 65 84251.000 76962.000 0 0 0.000 0.000 0.000 0.131 0 1 0 0 0 0
 66 125665.000 111483.000 0 0 0.000 0.000 0.000 0.160 0 1 0 0 0 0
 67 126017.000 111117.000 0 0 0.000 0.000 0.000 0.141 0 1 0 0 0 0
 68 105698.000 72211.000 0 0 0.000 0.000 0.000 0.135 0 1 0 0 0 0
 69 122328.000 118467.000 0 0 0.000 0.000 0.000 0.146 0 1 0 0 0 0
 70 98242.000 71294.000 0 0 0.000 0.000 0.000 0.135 0 1 0 0 0 0
 71 72366.000 90039.000 0 0 0.000 0.000 0.000 0.138 0 1 0 0 0 0
 72 74410.000 85656.000 0 0 0.000 0.000 0.000 0.135 0 1 0 0 0 0
 73 128667.000 93105.000 0 0 0.000 0.000 0.000 0.135 0 1 0 0 0 0
 74 78347.000 78996.000 0 0 0.000 0.000 0.000 0.143 0 1 0 0 0 0
 75 74561.000 117552.000 0 0 0.000 0.000 0.000 0.136 0 1 0 0 0 0
 76 113529.000 128088.000 0 0 0.000 0.000 0.000 0.157 0 1 0 0 0 0
 77 114969.000 72900.000 0 0 0.000 0.000 0.000 0.131 0 1 0 0 0 0
 78 83200.000 73824.000 0 0 0.000 0.000 0.000 0.132 0 1 0 0 0 0
 79 70558.000 111368.000 0 0 0.000 0.000 0.000 0.144 0 1 0 0 0 0
 80 84597.000 72731.000 0 0 0.000 0.000 0.000 0.131 0 1 0 0 0 0
 81 112410.000 71435.000 0 0 0.000 0.000 0.000 0.131 0 1 0 0 0 0
 82 121755.000 76769.000 0 0 0.000 0.000 0.000 0.146 0 1 0 0 0 0
 83 121723.000 124239.000 0 0 0.000 0.000 0.000 0.135 0 1 0 0 0 0
 84 90509.000 69156.000 0 0 0.000 0.000 0.000 0.131 0 1 0 0 0 0
 85 108141.000 68190.000 0 0 0.000 0.000 0.000 0.138 0 1 0 0 0 0
 86 130109.000 84743.000 0 0 0.000 0.000 0.000 0.149 0 1 0 0 0 0
 87 100287.000 134633.000 0 0 0.000 0.000 0.000 0.138 0 1 0 0 0 0
 88 134457.000 99168.000 0 0 0.000 0.000 0.000 0.132 0 1 0 0 0 0
 89 79197.000 72087.000 0 0 0.000 0.000 0.000 0.154 0 1 0 0 0 0
 90 93697.000 134845.000 0 0 0.000 0.000 0.000 0.130 0 1 0 0 0 0
 91 68387.000 116082.000 0 0 0.000 0.000 0.000 0.138 0 1 0 0 0 0
 92 65599.000 91859.000 0 0 0.000 0.000 0.000 0.136 0 1 0 0 0 0
 93 93190.000 135241.000 0 0 0.000 0.000 0.000 0.136 0 1 0 0 0 0
 94 110473.000 135032.000 0 0 0.000 0.000 0.000 0.150 0 1 0 0 0 0
 95 114898.000 66562.000 0 0 0.000 0.000 0.000 0.130 0 1 0 0 0 0
 96 134052.000 115181.000 0 0 0.000 0.000 0.000 0.131 0 1 0 0 0 0
 97 79898.000 68566.000 0 0 0.000 0.000 0.000 0.137 0 1 0 0 0 0
 98 123373.000 129592.000 0 0 0.000 0.000 0.000 0.149 0 1 0 0 0 0
 99 70571.000 124094.000 0 0 0.000 0.000 0.000 0.134 0 1 0 0 0 0
 100 105942.000 137909.000 0 0 0.000 0.000 0.000 0.134 0 1 0 0 0 0
 101 68572.000 122652.000 0 0 0.000 0.000 0.000 0.139 0 1 0 0 0 0
 102 124060.000 69963.000 0 0 0.000 0.000 0.000 0.145 0 1 0 0 0 0
 103 66295.000 119412.000 0 0 0.000 0.000 0.000 0.141 0 1 0 0 0 0
 104 105539.000 139164.000 0 0 0.000 0.000 0.000 0.147 0 1 0 0 0 0
 105 78679.000 133517.000 0 0 0.000 0.000 0.000 0.135 0 1 0 0 0 0
 106 121533.000 133289.000 0 0 0.000 0.000 0.000 0.135 0 1 0 0 0 0
 107 118393.000 64855.000 0 0 0.000 0.000 0.000 0.130 0 1 0 0 0 0
 108 77665.000 133872.000 0 0 0.000 0.000 0.000 0.138 0 1 0 0 0 0
 109 74674.000 68703.000 0 0 0.000 0.000 0.000 0.134 0 1 0 0 0 0
 110 69927.000 127477.000 0 0 0.000 0.000 0.000 0.131 0 1 0 0 0 0
 111 77220.000 134554.000 0 0 0.000 0.000 0.000 0.136 0 1 0 0 0 0
 112 61044.000 114611.000 0 0 0.000 0.000 0.000 0.131 0 1 0 0 0 0
 113 73882.000 133028.000 0 0 0.000 0.000 0.000 0.137 0 1 0 0 0 0
 114 101857.000 142179.000 0 0 0.000 0.000 0.000 0.149 0 1 0 0 0 0
 115 138761.000 117265.000 0 0 0.000 0.000 0.000 0.137 0 1 0 0 0 0
 116 137505.000 120202.000 0 0 0.000 0.000 0.000 0.132 0 1 0 0 0 0
 117 64330.000 76136.000 0 0 0.000 0.000 0.000 0.131 0 1 0 0 0 0
 118 136161.000 124613.000 0 0 0.000 0.000 0.000 0.133 0 1 0 0 0 0
 119 114679.000 58189.000 0 0 0.000 0.000 0.000 0.130 0 1 0 0 0 0
 120 113678.000 57465.000 0 0 0.000 0.000 0.000 0.148 0 1 0 0 0 0
 121 104314.000 55405.000 0 0 0.000 0.000 0.000 0.145 0 1 0 0 0 0
 122 108989.000 145080.000 0 0 0.000 0.000 0.000 0.143 0 1 0 0 0 0
 123 137512.000 126567.000 0 0 0.000 0.000 0.000 0.132 0 1 0 0 0 0
 124 132285.000 132760.000 0 0 0.000 0.000 0.000 0.130 0 1 0 0 0 0
 125 146084.000 97370.000 0 0 0.000 0.000 0.000 0.132 0 1 0 0 0 0
 126 53365.000 96886.000 0 0 0.000 0.000 0.000 0.159 0 1 0 0 0 0
 127 142599.000 119647.000 0 0 0.000 0.000 0.000 0.132 0 1 0 0 0 0
 128 53141.000 101990.000 0 0 0.000 0.000 0.000 0.133 0 1 0 0 0 0
 129 107254.000 53936.000 0 0 0.000 0.000 0.000 0.131 0 1 0 0 0 0
 130 101551.000 147318.000 0 0 0.000 0.000 0.000 0.134 0 1 0 0 0 0
 131 52866.000 103740.000 0 0 0.000 0.000 0.000 0.164 0 1 0 0 0 0
 132 132021.000 65531.000 0 0 0.000 0.000 0.000 0.142 0 1 0 0 0 0
 133 140745.000 74670.000 0 0 0.000 0.000 0.000 0.130 0 1 0 0 0 0
 134 128290.000 61067.000 0 0 0.000 0.000 0.000 0.150 0 1 0 0 0 0
 135 141580.000 124882.000 0 0 0.000 0.000 0.000 0.132 0 1 0 0 0 0
 136 71065.000 139126.000 0 0 0.000 0.000 0.000 0.142 0 1 0 0 0 0
 137 55912.000 78824.000 0 0 0.000 0.000 0.000 0.152 0 1 0 0 0 0
 138 78873.000 56025.000 0 0 0.000 0.000 0.000 0.139 0 1 0 0 0 0
 139 145899.000 118321.000 0 0 0.000 0.000 0.000 0.136 0 1 0 0 0 0
 140 121598.000 144759.000 0 0 0.000 0.000 0.000 0.140 0 1 0 0 0 0
 141 137617.000 67538.000 0 0 0.000 0.000 0.000 0.138 0 1 0 0 0 0
 142 97222.000 150132.000 0 0 0.000 0.000 0.000 0.135 0 1 0 0 0 0
 143 99103.000 49891.000 0 0 0.000 0.000 0.000 0.142 0 1 0 0 0 0
 144 72504.000 143231.000 0 0 0.000 0.000 0.000 0.153 0 1 0 0 0 0
 145 108890.000 49972.000 0 0 0.000 0.000 0.000 0.153 0 1 0 0 0 0
 146 50470.000 114673.000 0 0 0.000 0.000 0.000 0.139 0 1 0 0 0 0
 147 73918.000 55837.000 0 0 0.000 0.000 0.000 0.135 0 1 0 0 0 0
 148 57650.000 70228.000 0 0 0.000 0.000 0.000 0.136 0 1 0 0 0 0
 149 132655.000 60064.000 0 0 0.000 0.000 0.000 0.131 0 1 0 0 0 0
 150 105647.000 48523.000 0 0 0.000 0.000 0.000 0.130 0 1 0 0 0 0
 151 82534.000 149714.000 0 0 0.000 0.000 0.000 0.135 0 1 0 0 0 0
 152 64608.000 139492.000 0 0 0.000 0.000 0.000 0.151 0 1 0 0 0 0
 153 127497.000 145453.000 0 0 0.000 0.000 0.000 0.144 0 1 0 0 0 0
 154 122645.000 52277.000 0 0 0.000 0.000 0.000 0.144 0 1 0 0 0 0
 155 65091.000 59761.000 0 0 0.000 0.000 0.000 0.134 0 1 0 0 0 0
 156 105322.000 46896.000 0 0 0.000 0.000 0.000 0.130 0 1 0 0 0 0
 157 154092.000 100175.000 0 0 0.000 0.000 0.000 0.137 0 1 0 0 0 0
 158 55571.000 68027.000 0 0 0.000 0.000 0.000 0.135 0 1 0 0 0 0
 159 129417.000 146487.000 0 0 0.000 0.000 0.000 0.145 0 1 0 0 0 0
 160 69756.000 54315.000 0 0 0.000 0.000 0.000 0.147 0 1 0 0 0 0
 161 149135.000 125176.000 0 0 0.000 0.000 0.000 0.140 0 1 0 0 0 0
 162 143324.000 134311.000 0 0 0.000 0.000 0.000 0.135 0 1 0 0 0 0
 163 44406.000 101215.000 0 0 0.000 0.000 0.000 0.139 0 1 0 0 0 0
 164 78654.000 151768.000 0 0 0.000 0.000 0.000 0.137 0 1 0 0 0 0
 165 118367.000 47521.000 0 0 0.000 0.000 0.000 0.137 0 1 0 0 0 0
 166 114072.000 154516.000 0 0 0.000 0.000 0.000 0.136 0 1 0 0 0 0
 167 113468.000 45838.000 0 0 0.000 0.000 0.000 0.134 0 1 0 0 0 0
 168 142739.000 63529.000 0 0 0.000 0.000 0.000 0.138 0 1 0 0 0 0
 169 42806.000 108999.000 0 0 0.000 0.000 0.000 0.130 0 1 0 0 0 0
 170 137167.000 56018.000 0 0 0.000 0.000 0.000 0.130 0 1 0 0 0 0
 171 41857.000 105523.000 0 0 0.000 0.000 0.000 0.139 0 1 0 0 0 0
 172 117729.000 44455.000 0 0 0.000 0.000 0.000 0.137 0 1 0 0 0 0
 173 45668.000 77085.000 0 0 0.000 0.000 0.000 0.138 0 1 0 0 0 0
 174 158171.000 85885.000 0 0 0.000 0.000 0.000 0.142 0 1 0 0 0 0
 175 42430.000 117477.000 0 0 0.000 0.000 0.000 0.139 0 1 0 0 0 0
 176 39814.000 103069.000 0 0 0.000 0.000 0.000 0.135 0 1 0 0 0 0
 177 42441.000 82711.000 0 0 0.000 0.000 0.000 0.131 0 1 0 0 0 0
 178 39535.000 100153.000 0 0 0.000 0.000 0.000 0.134 0 1 0 0 0 0
 179 40765.000 86868.000 0 0 0.000 0.000 0.000 0.133 0 1 0 0 0 0
 180 160804.000 101265.000 0 0 0.000 0.000 0.000 0.130 0 1 0 0 0 0
 181 41731.000 122101.000 0 0 0.000 0.000 0.000 0.140 0 1 0 0 0 0
 182 70950.000 44958.000 0 0 0.000 0.000 0.000 0.135 0 1 0 0 0 0
 183 83975.000 160950.000 0 0 0.000 0.000 0.000 0.134 0 1 0 0 0 0
 184 55295.000 56250.000 0 0 0.000 0.000 0.000 0.152 0 1 0 0 0 0
 185 63737.000 151617.000 0 0 0.000 0.000 0.000 0.151 0 1 0 0 0 0
 186 39909.000 80905.000 0 0 0.000 0.000 0.000 0.145 0 1 0 0 0 0
 187 136191.000 48618.000 0 0 0.000 0.000 0.000 0.135 0 1 0 0 0 0
 188 55457.000 146647.000 0 0 0.000 0.000 0.000 0.131 0 1 0 0 0 0
 189 44071.000 132338.000 0 0 0.000 0.000 0.000 0.154 0 1 0 0 0 0
 190 123759.000 39751.000 0 0 0.000 0.000 0.000 0.137 0 1 0 0 0 0
 191 55161.000 147425.000 0 0 0.000 0.000 0.000 0.134 0 1 0 0 0 0
 192 56092.000 49246.000 0 0 0.000 0.000 0.000 0.133 0 1 0 0 0 0
 193 32483.000 96662.000 0 0 0.000 0.000 0.000 0.139 0 1 0 0 0 0
 194 106848.000 32968.000 0 0 0.000 0.000 0.000 0.131 0 1 0 0 0 0
 195 34277.000 119177.000 0 0 0.000 0.000 0.000 0.144 0 1 0 0 0 0
 196 74417.000 33919.000 0 0 0.000 0.000 0.000 0.136 0 1 0 0 0 0
 197 168555.000 119695.000 0 0 0.000 0.000 0.000 0.131 0 1 0 0 0 0
 198 34974.000 131583.000 0 0 0.000 0.000 0.000 0.131 0 1 0 0 0 0;
ProcessEquipmentIDList 1
  "6632" ;
SummarySpec 5
  TESTNO    NDEFECT    DEFDENSITY    NDIE    NDEFDIE  ;
SummaryList 
  1    198    0.7239    1    1  ;
EndOfFile;
