FileVersion 1 2;
FileTimestamp 01-06-26 20:06:57;
InspectionStationID "KLA-Tencor" "SFSSP1" "0901-0728-TBI";
SampleType WAFER;
ResultTimestamp 01-06-26 19:50:09;
LotID "2580";
SampleSize 1 200;
DeviceID "None";
SetupID "T2-2580NR" 01-06-26 19:50:09;
StepID "6552";
SampleOrientationMarkType NOTCH;
OrientationMarkLocation DOWN;
DiePitch 200000 200000;
DieOrigin 0 0;
WaferID "18";
Slot 18;
SampleCenterLocation 100000 100000;
ClassLookup 1
  0 "0"  ;
OrientationInstructions "Front";
CoordinatesMirrored No;
InspectionTest 1;
SampleTestPlan 1
  0 0 ;
AreaPerTest 2.73517e+010;
DefectRecordSpec 15 DEFECTID XREL YREL XINDEX YINDEX XSIZE YSIZE DEFECTAREA DSIZE CLASSNUMBER TEST CLUSTERNUMBER ROUGHBINNUMBER FINEBINNUMBER REVIEWSAMPLE ;
DefectList
 1 95485.000 101708.000 0 0 0.000 0.000 0.000 0.142 0 1 0 0 0 0
 2 93092.000 100279.000 0 0 0.000 0.000 0.000 0.141 0 1 0 0 0 0
 3 107347.000 103586.000 0 0 0.000 0.000 0.000 0.158 0 1 0 0 0 0
 4 98136.000 108561.000 0 0 0.000 0.000 0.000 0.144 0 1 0 0 0 0
 5 101042.000 91578.000 0 0 0.000 0.000 0.000 0.147 0 1 0 0 0 0
 6 93806.000 106886.000 0 0 0.000 0.000 0.000 0.148 0 1 0 0 0 0
 7 90537.000 103411.000 0 0 0.000 0.000 0.000 0.150 0 1 0 0 0 0
 8 100381.000 90183.000 0 0 0.000 0.000 0.000 0.130 0 1 0 0 0 0
 9 90201.000 97117.000 0 0 0.000 0.000 0.000 0.166 0 1 0 0 0 0
 10 107107.000 91474.000 0 0 0.000 0.000 0.000 0.137 0 1 0 0 0 0
 11 94204.000 110596.000 0 0 0.000 0.000 0.000 0.154 0 1 0 0 0 0
 12 111727.000 95404.000 0 0 0.000 0.000 0.000 0.146 0 1 0 0 0 0
 13 110145.000 92219.000 0 0 0.000 0.000 0.000 0.142 0 1 0 0 0 0
 14 101605.000 113104.000 0 0 0.000 0.000 0.000 0.147 0 1 0 0 0 0
 15 113473.000 98129.000 0 0 0.000 0.000 0.000 0.167 0 1 0 0 0 0
 16 105164.000 86156.000 0 0 0.000 0.000 0.000 0.133 0 1 0 0 0 0
 17 114139.000 93932.000 0 0 0.000 0.000 0.000 0.168 0 1 0 0 0 0
 18 90552.000 87161.000 0 0 0.000 0.000 0.000 0.133 0 1 0 0 0 0
 19 111037.000 113147.000 0 0 0.000 0.000 0.000 0.152 0 1 0 0 0 0
 20 104463.000 83341.000 0 0 0.000 0.000 0.000 0.135 0 1 0 0 0 0
 21 111880.000 86619.000 0 0 0.000 0.000 0.000 0.139 0 1 0 0 0 0
 22 108377.000 82998.000 0 0 0.000 0.000 0.000 0.130 0 1 0 0 0 0
 23 107144.000 81956.000 0 0 0.000 0.000 0.000 0.135 0 1 0 0 0 0
 24 81882.000 110064.000 0 0 0.000 0.000 0.000 0.149 0 1 0 0 0 0
 25 96331.000 121147.000 0 0 0.000 0.000 0.000 0.162 0 1 0 0 0 0
 26 98158.000 121587.000 0 0 0.000 0.000 0.000 0.132 0 1 0 0 0 0
 27 108010.000 80388.000 0 0 0.000 0.000 0.000 0.131 0 1 0 0 0 0
 28 88464.000 81630.000 0 0 0.000 0.000 0.000 0.133 0 1 0 0 0 0
 29 108369.000 80062.000 0 0 0.000 0.000 0.000 0.134 0 1 0 0 0 0
 30 94643.000 78994.000 0 0 0.000 0.000 0.000 0.145 0 1 0 0 0 0
 31 119996.000 91302.000 0 0 0.000 0.000 0.000 0.141 0 1 0 0 0 0
 32 94656.000 78714.000 0 0 0.000 0.000 0.000 0.137 0 1 0 0 0 0
 33 77521.000 98257.000 0 0 0.000 0.000 0.000 0.138 0 1 0 0 0 0
 34 119281.000 88676.000 0 0 0.000 0.000 0.000 0.136 0 1 0 0 0 0
 35 82899.000 85310.000 0 0 0.000 0.000 0.000 0.136 0 1 0 0 0 0
 36 110943.000 80273.000 0 0 0.000 0.000 0.000 0.133 0 1 0 0 0 0
 37 98848.000 123760.000 0 0 0.000 0.000 0.000 0.136 0 1 0 0 0 0
 38 93712.000 123073.000 0 0 0.000 0.000 0.000 0.147 0 1 0 0 0 0
 39 81360.000 85135.000 0 0 0.000 0.000 0.000 0.132 0 1 0 0 0 0
 40 78562.000 111778.000 0 0 0.000 0.000 0.000 0.136 0 1 0 0 0 0
 41 123751.000 95300.000 0 0 0.000 0.000 0.000 0.132 0 1 0 0 0 0
 42 119711.000 116040.000 0 0 0.000 0.000 0.000 0.134 0 1 0 0 0 0
 43 74782.000 105898.000 0 0 0.000 0.000 0.000 0.149 0 1 0 0 0 0
 44 125767.000 96215.000 0 0 0.000 0.000 0.000 0.142 0 1 0 0 0 0
 45 78644.000 115392.000 0 0 0.000 0.000 0.000 0.135 0 1 0 0 0 0
 46 102402.000 73828.000 0 0 0.000 0.000 0.000 0.147 0 1 0 0 0 0
 47 119505.000 118217.000 0 0 0.000 0.000 0.000 0.139 0 1 0 0 0 0
 48 108831.000 125566.000 0 0 0.000 0.000 0.000 0.130 0 1 0 0 0 0
 49 125956.000 92347.000 0 0 0.000 0.000 0.000 0.130 0 1 0 0 0 0
 50 77442.000 84567.000 0 0 0.000 0.000 0.000 0.139 0 1 0 0 0 0
 51 109026.000 126233.000 0 0 0.000 0.000 0.000 0.148 0 1 0 0 0 0
 52 72383.000 100868.000 0 0 0.000 0.000 0.000 0.148 0 1 0 0 0 0
 53 105301.000 73101.000 0 0 0.000 0.000 0.000 0.134 0 1 0 0 0 0
 54 103758.000 72667.000 0 0 0.000 0.000 0.000 0.141 0 1 0 0 0 0
 55 94673.000 72870.000 0 0 0.000 0.000 0.000 0.137 0 1 0 0 0 0
 56 127123.000 93508.000 0 0 0.000 0.000 0.000 0.138 0 1 0 0 0 0
 57 127648.000 103406.000 0 0 0.000 0.000 0.000 0.141 0 1 0 0 0 0
 58 128232.000 96456.000 0 0 0.000 0.000 0.000 0.135 0 1 0 0 0 0
 59 72227.000 93598.000 0 0 0.000 0.000 0.000 0.174 0 1 0 0 0 0
 60 77162.000 83196.000 0 0 0.000 0.000 0.000 0.165 0 1 0 0 0 0
 61 77341.000 82879.000 0 0 0.000 0.000 0.000 0.132 0 1 0 0 0 0
 62 88835.000 73968.000 0 0 0.000 0.000 0.000 0.131 0 1 0 0 0 0
 63 75089.000 114953.000 0 0 0.000 0.000 0.000 0.131 0 1 0 0 0 0
 64 107656.000 72054.000 0 0 0.000 0.000 0.000 0.134 0 1 0 0 0 0
 65 107146.000 128711.000 0 0 0.000 0.000 0.000 0.136 0 1 0 0 0 0
 66 82338.000 123799.000 0 0 0.000 0.000 0.000 0.139 0 1 0 0 0 0
 67 82212.000 123929.000 0 0 0.000 0.000 0.000 0.133 0 1 0 0 0 0
 68 81623.000 123396.000 0 0 0.000 0.000 0.000 0.202 0 1 0 0 0 0
 69 72582.000 89218.000 0 0 0.000 0.000 0.000 0.153 0 1 0 0 0 0
 70 123212.000 118687.000 0 0 0.000 0.000 0.000 0.134 0 1 0 0 0 0
 71 102755.000 129863.000 0 0 0.000 0.000 0.000 0.144 0 1 0 0 0 0
 72 86769.000 126794.000 0 0 0.000 0.000 0.000 0.165 0 1 0 0 0 0
 73 77489.000 120048.000 0 0 0.000 0.000 0.000 0.138 0 1 0 0 0 0
 74 71869.000 88870.000 0 0 0.000 0.000 0.000 0.144 0 1 0 0 0 0
 75 74990.000 83216.000 0 0 0.000 0.000 0.000 0.146 0 1 0 0 0 0
 76 79978.000 77299.000 0 0 0.000 0.000 0.000 0.140 0 1 0 0 0 0
 77 73028.000 115244.000 0 0 0.000 0.000 0.000 0.133 0 1 0 0 0 0
 78 114507.000 127534.000 0 0 0.000 0.000 0.000 0.131 0 1 0 0 0 0
 79 91751.000 70274.000 0 0 0.000 0.000 0.000 0.143 0 1 0 0 0 0
 80 77228.000 79026.000 0 0 0.000 0.000 0.000 0.140 0 1 0 0 0 0
 81 117943.000 74691.000 0 0 0.000 0.000 0.000 0.140 0 1 0 0 0 0
 82 130516.000 105831.000 0 0 0.000 0.000 0.000 0.166 0 1 0 0 0 0
 83 127593.000 114547.000 0 0 0.000 0.000 0.000 0.151 0 1 0 0 0 0
 84 96610.000 68865.000 0 0 0.000 0.000 0.000 0.148 0 1 0 0 0 0
 85 113994.000 71973.000 0 0 0.000 0.000 0.000 0.137 0 1 0 0 0 0
 86 93384.000 131127.000 0 0 0.000 0.000 0.000 0.162 0 1 0 0 0 0
 87 123877.000 121032.000 0 0 0.000 0.000 0.000 0.140 0 1 0 0 0 0
 88 106676.000 69244.000 0 0 0.000 0.000 0.000 0.158 0 1 0 0 0 0
 89 68548.000 93825.000 0 0 0.000 0.000 0.000 0.133 0 1 0 0 0 0
 90 72923.000 117652.000 0 0 0.000 0.000 0.000 0.135 0 1 0 0 0 0
 91 67640.000 98124.000 0 0 0.000 0.000 0.000 0.141 0 1 0 0 0 0
 92 122645.000 123479.000 0 0 0.000 0.000 0.000 0.137 0 1 0 0 0 0
 93 68449.000 108347.000 0 0 0.000 0.000 0.000 0.131 0 1 0 0 0 0
 94 127343.000 82069.000 0 0 0.000 0.000 0.000 0.130 0 1 0 0 0 0
 95 69582.000 113065.000 0 0 0.000 0.000 0.000 0.145 0 1 0 0 0 0
 96 109346.000 68581.000 0 0 0.000 0.000 0.000 0.168 0 1 0 0 0 0
 97 127097.000 80695.000 0 0 0.000 0.000 0.000 0.137 0 1 0 0 0 0
 98 111738.000 68840.000 0 0 0.000 0.000 0.000 0.138 0 1 0 0 0 0
 99 66658.000 95148.000 0 0 0.000 0.000 0.000 0.144 0 1 0 0 0 0
 100 128340.000 118827.000 0 0 0.000 0.000 0.000 0.137 0 1 0 0 0 0
 101 133935.000 104269.000 0 0 0.000 0.000 0.000 0.141 0 1 0 0 0 0
 102 128574.000 81407.000 0 0 0.000 0.000 0.000 0.204 0 1 0 0 0 0
 103 132220.000 112789.000 0 0 0.000 0.000 0.000 0.130 0 1 0 0 0 0
 104 93177.000 134305.000 0 0 0.000 0.000 0.000 0.148 0 1 0 0 0 0
 105 131413.000 84962.000 0 0 0.000 0.000 0.000 0.136 0 1 0 0 0 0
 106 82827.000 69635.000 0 0 0.000 0.000 0.000 0.140 0 1 0 0 0 0
 107 72922.000 122651.000 0 0 0.000 0.000 0.000 0.146 0 1 0 0 0 0
 108 132616.000 113454.000 0 0 0.000 0.000 0.000 0.133 0 1 0 0 0 0
 109 101254.000 135442.000 0 0 0.000 0.000 0.000 0.158 0 1 0 0 0 0
 110 70843.000 80228.000 0 0 0.000 0.000 0.000 0.130 0 1 0 0 0 0
 111 116012.000 68406.000 0 0 0.000 0.000 0.000 0.138 0 1 0 0 0 0
 112 124996.000 125780.000 0 0 0.000 0.000 0.000 0.130 0 1 0 0 0 0
 113 134863.000 108815.000 0 0 0.000 0.000 0.000 0.141 0 1 0 0 0 0
 114 64221.000 95854.000 0 0 0.000 0.000 0.000 0.131 0 1 0 0 0 0
 115 65035.000 90725.000 0 0 0.000 0.000 0.000 0.133 0 1 0 0 0 0
 116 133941.000 112755.000 0 0 0.000 0.000 0.000 0.137 0 1 0 0 0 0
 117 132938.000 85056.000 0 0 0.000 0.000 0.000 0.130 0 1 0 0 0 0
 118 98920.000 136820.000 0 0 0.000 0.000 0.000 0.139 0 1 0 0 0 0
 119 65058.000 88609.000 0 0 0.000 0.000 0.000 0.141 0 1 0 0 0 0
 120 128309.000 76784.000 0 0 0.000 0.000 0.000 0.152 0 1 0 0 0 0
 121 130099.000 79193.000 0 0 0.000 0.000 0.000 0.170 0 1 0 0 0 0
 122 106053.000 63773.000 0 0 0.000 0.000 0.000 0.140 0 1 0 0 0 0
 123 131231.000 80269.000 0 0 0.000 0.000 0.000 0.132 0 1 0 0 0 0
 124 63218.000 107094.000 0 0 0.000 0.000 0.000 0.138 0 1 0 0 0 0
 125 65651.000 115485.000 0 0 0.000 0.000 0.000 0.154 0 1 0 0 0 0
 126 103235.000 62764.000 0 0 0.000 0.000 0.000 0.146 0 1 0 0 0 0
 127 108342.000 63545.000 0 0 0.000 0.000 0.000 0.142 0 1 0 0 0 0
 128 130158.000 123891.000 0 0 0.000 0.000 0.000 0.137 0 1 0 0 0 0
 129 63051.000 88149.000 0 0 0.000 0.000 0.000 0.155 0 1 0 0 0 0
 130 117968.000 65689.000 0 0 0.000 0.000 0.000 0.140 0 1 0 0 0 0
 131 127419.000 72703.000 0 0 0.000 0.000 0.000 0.149 0 1 0 0 0 0
 132 138849.000 99172.000 0 0 0.000 0.000 0.000 0.133 0 1 0 0 0 0
 133 74954.000 130513.000 0 0 0.000 0.000 0.000 0.134 0 1 0 0 0 0
 134 120476.000 66419.000 0 0 0.000 0.000 0.000 0.147 0 1 0 0 0 0
 135 129908.000 74554.000 0 0 0.000 0.000 0.000 0.142 0 1 0 0 0 0
 136 109637.000 139095.000 0 0 0.000 0.000 0.000 0.134 0 1 0 0 0 0
 137 90490.000 60820.000 0 0 0.000 0.000 0.000 0.156 0 1 0 0 0 0
 138 60142.000 91851.000 0 0 0.000 0.000 0.000 0.134 0 1 0 0 0 0
 139 63570.000 82117.000 0 0 0.000 0.000 0.000 0.132 0 1 0 0 0 0
 140 59813.000 92703.000 0 0 0.000 0.000 0.000 0.148 0 1 0 0 0 0
 141 61471.000 114320.000 0 0 0.000 0.000 0.000 0.131 0 1 0 0 0 0
 142 75568.000 67409.000 0 0 0.000 0.000 0.000 0.131 0 1 0 0 0 0
 143 112671.000 61226.000 0 0 0.000 0.000 0.000 0.136 0 1 0 0 0 0
 144 130127.000 127973.000 0 0 0.000 0.000 0.000 0.165 0 1 0 0 0 0
 145 93703.000 140846.000 0 0 0.000 0.000 0.000 0.134 0 1 0 0 0 0
 146 131359.000 126898.000 0 0 0.000 0.000 0.000 0.137 0 1 0 0 0 0
 147 71113.000 70677.000 0 0 0.000 0.000 0.000 0.132 0 1 0 0 0 0
 148 140081.000 89721.000 0 0 0.000 0.000 0.000 0.141 0 1 0 0 0 0
 149 139787.000 113280.000 0 0 0.000 0.000 0.000 0.130 0 1 0 0 0 0
 150 75469.000 134555.000 0 0 0.000 0.000 0.000 0.132 0 1 0 0 0 0
 151 123120.000 64892.000 0 0 0.000 0.000 0.000 0.140 0 1 0 0 0 0
 152 136387.000 121467.000 0 0 0.000 0.000 0.000 0.153 0 1 0 0 0 0
 153 60238.000 115780.000 0 0 0.000 0.000 0.000 0.145 0 1 0 0 0 0
 154 65022.000 75612.000 0 0 0.000 0.000 0.000 0.157 0 1 0 0 0 0
 155 95786.000 57059.000 0 0 0.000 0.000 0.000 0.142 0 1 0 0 0 0
 156 143430.000 98320.000 0 0 0.000 0.000 0.000 0.153 0 1 0 0 0 0
 157 58022.000 87272.000 0 0 0.000 0.000 0.000 0.144 0 1 0 0 0 0
 158 83147.000 141007.000 0 0 0.000 0.000 0.000 0.138 0 1 0 0 0 0
 159 119523.000 139796.000 0 0 0.000 0.000 0.000 0.140 0 1 0 0 0 0
 160 92409.000 56598.000 0 0 0.000 0.000 0.000 0.130 0 1 0 0 0 0
 161 137534.000 123744.000 0 0 0.000 0.000 0.000 0.132 0 1 0 0 0 0
 162 138205.000 77364.000 0 0 0.000 0.000 0.000 0.155 0 1 0 0 0 0
 163 127715.000 65196.000 0 0 0.000 0.000 0.000 0.140 0 1 0 0 0 0
 164 142404.000 114259.000 0 0 0.000 0.000 0.000 0.147 0 1 0 0 0 0
 165 61866.000 123830.000 0 0 0.000 0.000 0.000 0.141 0 1 0 0 0 0
 166 99085.000 55303.000 0 0 0.000 0.000 0.000 0.138 0 1 0 0 0 0
 167 134015.000 70832.000 0 0 0.000 0.000 0.000 0.156 0 1 0 0 0 0
 168 109773.000 144383.000 0 0 0.000 0.000 0.000 0.141 0 1 0 0 0 0
 169 139804.000 78014.000 0 0 0.000 0.000 0.000 0.158 0 1 0 0 0 0
 170 106894.000 145428.000 0 0 0.000 0.000 0.000 0.214 0 1 0 0 0 0
 171 65964.000 69326.000 0 0 0.000 0.000 0.000 0.163 0 1 0 0 0 0
 172 55777.000 113828.000 0 0 0.000 0.000 0.000 0.139 0 1 0 0 0 0
 173 114199.000 55994.000 0 0 0.000 0.000 0.000 0.143 0 1 0 0 0 0
 174 133181.000 132862.000 0 0 0.000 0.000 0.000 0.142 0 1 0 0 0 0
 175 67163.000 133405.000 0 0 0.000 0.000 0.000 0.135 0 1 0 0 0 0
 176 142728.000 81814.000 0 0 0.000 0.000 0.000 0.132 0 1 0 0 0 0
 177 146400.000 105164.000 0 0 0.000 0.000 0.000 0.164 0 1 0 0 0 0
 178 134112.000 132565.000 0 0 0.000 0.000 0.000 0.135 0 1 0 0 0 0
 179 105395.000 146886.000 0 0 0.000 0.000 0.000 0.131 0 1 0 0 0 0
 180 77920.000 142201.000 0 0 0.000 0.000 0.000 0.137 0 1 0 0 0 0
 181 145896.000 115375.000 0 0 0.000 0.000 0.000 0.137 0 1 0 0 0 0
 182 52110.000 92288.000 0 0 0.000 0.000 0.000 0.134 0 1 0 0 0 0
 183 85992.000 53211.000 0 0 0.000 0.000 0.000 0.138 0 1 0 0 0 0
 184 73774.000 141680.000 0 0 0.000 0.000 0.000 0.154 0 1 0 0 0 0
 185 50793.000 98325.000 0 0 0.000 0.000 0.000 0.134 0 1 0 0 0 0
 186 63975.000 66309.000 0 0 0.000 0.000 0.000 0.138 0 1 0 0 0 0
 187 50342.000 95238.000 0 0 0.000 0.000 0.000 0.146 0 1 0 0 0 0
 188 141956.000 127632.000 0 0 0.000 0.000 0.000 0.135 0 1 0 0 0 0
 189 58361.000 128661.000 0 0 0.000 0.000 0.000 0.147 0 1 0 0 0 0
 190 84206.000 52184.000 0 0 0.000 0.000 0.000 0.141 0 1 0 0 0 0
 191 86879.000 51425.000 0 0 0.000 0.000 0.000 0.152 0 1 0 0 0 0
 192 122344.000 54685.000 0 0 0.000 0.000 0.000 0.134 0 1 0 0 0 0
 193 106019.000 150732.000 0 0 0.000 0.000 0.000 0.138 0 1 0 0 0 0
 194 129932.000 141616.000 0 0 0.000 0.000 0.000 0.130 0 1 0 0 0 0
 195 73962.000 144446.000 0 0 0.000 0.000 0.000 0.133 0 1 0 0 0 0
 196 89476.000 49956.000 0 0 0.000 0.000 0.000 0.151 0 1 0 0 0 0
 197 92876.000 49380.000 0 0 0.000 0.000 0.000 0.133 0 1 0 0 0 0
 198 127187.000 56658.000 0 0 0.000 0.000 0.000 0.130 0 1 0 0 0 0
 199 49885.000 87905.000 0 0 0.000 0.000 0.000 0.148 0 1 0 0 0 0
 200 70405.000 57872.000 0 0 0.000 0.000 0.000 0.130 0 1 0 0 0 0
 201 81860.000 51829.000 0 0 0.000 0.000 0.000 0.132 0 1 0 0 0 0
 202 104121.000 48730.000 0 0 0.000 0.000 0.000 0.140 0 1 0 0 0 0
 203 132116.000 140810.000 0 0 0.000 0.000 0.000 0.159 0 1 0 0 0 0
 204 92410.000 151490.000 0 0 0.000 0.000 0.000 0.142 0 1 0 0 0 0
 205 87403.000 49868.000 0 0 0.000 0.000 0.000 0.138 0 1 0 0 0 0
 206 128648.000 143571.000 0 0 0.000 0.000 0.000 0.151 0 1 0 0 0 0
 207 94981.000 151893.000 0 0 0.000 0.000 0.000 0.148 0 1 0 0 0 0
 208 72696.000 144549.000 0 0 0.000 0.000 0.000 0.138 0 1 0 0 0 0
 209 49403.000 86821.000 0 0 0.000 0.000 0.000 0.148 0 1 0 0 0 0
 210 151429.000 110080.000 0 0 0.000 0.000 0.000 0.132 0 1 0 0 0 0
 211 116800.000 149935.000 0 0 0.000 0.000 0.000 0.134 0 1 0 0 0 0
 212 49991.000 83684.000 0 0 0.000 0.000 0.000 0.134 0 1 0 0 0 0
 213 78367.000 52246.000 0 0 0.000 0.000 0.000 0.140 0 1 0 0 0 0
 214 54537.000 127269.000 0 0 0.000 0.000 0.000 0.132 0 1 0 0 0 0
 215 147584.000 123978.000 0 0 0.000 0.000 0.000 0.140 0 1 0 0 0 0
 216 66758.000 58069.000 0 0 0.000 0.000 0.000 0.135 0 1 0 0 0 0
 217 93443.000 47139.000 0 0 0.000 0.000 0.000 0.130 0 1 0 0 0 0
 218 61543.000 137679.000 0 0 0.000 0.000 0.000 0.156 0 1 0 0 0 0
 219 46821.000 108479.000 0 0 0.000 0.000 0.000 0.132 0 1 0 0 0 0
 220 153497.000 103699.000 0 0 0.000 0.000 0.000 0.130 0 1 0 0 0 0
 221 117947.000 151070.000 0 0 0.000 0.000 0.000 0.137 0 1 0 0 0 0
 222 152404.000 86746.000 0 0 0.000 0.000 0.000 0.145 0 1 0 0 0 0
 223 97323.000 154332.000 0 0 0.000 0.000 0.000 0.144 0 1 0 0 0 0
 224 139883.000 137031.000 0 0 0.000 0.000 0.000 0.172 0 1 0 0 0 0
 225 120262.000 150556.000 0 0 0.000 0.000 0.000 0.132 0 1 0 0 0 0
 226 45467.000 103831.000 0 0 0.000 0.000 0.000 0.146 0 1 0 0 0 0
 227 124429.000 51385.000 0 0 0.000 0.000 0.000 0.138 0 1 0 0 0 0
 228 150498.000 121327.000 0 0 0.000 0.000 0.000 0.131 0 1 0 0 0 0
 229 120220.000 49138.000 0 0 0.000 0.000 0.000 0.145 0 1 0 0 0 0
 230 147788.000 73110.000 0 0 0.000 0.000 0.000 0.131 0 1 0 0 0 0
 231 108074.000 154611.000 0 0 0.000 0.000 0.000 0.134 0 1 0 0 0 0
 232 66587.000 144521.000 0 0 0.000 0.000 0.000 0.157 0 1 0 0 0 0
 233 107361.000 44849.000 0 0 0.000 0.000 0.000 0.145 0 1 0 0 0 0
 234 155728.000 98448.000 0 0 0.000 0.000 0.000 0.157 0 1 0 0 0 0
 235 146823.000 130572.000 0 0 0.000 0.000 0.000 0.136 0 1 0 0 0 0
 236 64327.000 143318.000 0 0 0.000 0.000 0.000 0.147 0 1 0 0 0 0
 237 44319.000 105147.000 0 0 0.000 0.000 0.000 0.132 0 1 0 0 0 0
 238 71332.000 148490.000 0 0 0.000 0.000 0.000 0.145 0 1 0 0 0 0
 239 46362.000 83470.000 0 0 0.000 0.000 0.000 0.132 0 1 0 0 0 0
 240 62987.000 142557.000 0 0 0.000 0.000 0.000 0.155 0 1 0 0 0 0
 241 98881.000 156683.000 0 0 0.000 0.000 0.000 0.139 0 1 0 0 0 0
 242 96611.000 156751.000 0 0 0.000 0.000 0.000 0.143 0 1 0 0 0 0
 243 98935.000 157297.000 0 0 0.000 0.000 0.000 0.133 0 1 0 0 0 0
 244 157360.000 101524.000 0 0 0.000 0.000 0.000 0.137 0 1 0 0 0 0
 245 58720.000 59991.000 0 0 0.000 0.000 0.000 0.147 0 1 0 0 0 0
 246 146075.000 135346.000 0 0 0.000 0.000 0.000 0.137 0 1 0 0 0 0
 247 136913.000 55209.000 0 0 0.000 0.000 0.000 0.152 0 1 0 0 0 0
 248 136741.000 145600.000 0 0 0.000 0.000 0.000 0.130 0 1 0 0 0 0
 249 51604.000 67363.000 0 0 0.000 0.000 0.000 0.155 0 1 0 0 0 0
 250 70607.000 49707.000 0 0 0.000 0.000 0.000 0.132 0 1 0 0 0 0
 251 157315.000 88563.000 0 0 0.000 0.000 0.000 0.136 0 1 0 0 0 0
 252 104217.000 158761.000 0 0 0.000 0.000 0.000 0.143 0 1 0 0 0 0
 253 41262.000 102708.000 0 0 0.000 0.000 0.000 0.143 0 1 0 0 0 0
 254 121908.000 154637.000 0 0 0.000 0.000 0.000 0.130 0 1 0 0 0 0
 255 44010.000 118248.000 0 0 0.000 0.000 0.000 0.133 0 1 0 0 0 0
 256 51234.000 67238.000 0 0 0.000 0.000 0.000 0.144 0 1 0 0 0 0
 257 58613.000 58226.000 0 0 0.000 0.000 0.000 0.156 0 1 0 0 0 0
 258 128229.000 48221.000 0 0 0.000 0.000 0.000 0.157 0 1 0 0 0 0
 259 95872.000 159851.000 0 0 0.000 0.000 0.000 0.136 0 1 0 0 0 0
 260 40554.000 92819.000 0 0 0.000 0.000 0.000 0.131 0 1 0 0 0 0
 261 54115.000 61807.000 0 0 0.000 0.000 0.000 0.151 0 1 0 0 0 0
 262 93439.000 159912.000 0 0 0.000 0.000 0.000 0.132 0 1 0 0 0 0
 263 58460.000 56613.000 0 0 0.000 0.000 0.000 0.138 0 1 0 0 0 0
 264 95676.000 160644.000 0 0 0.000 0.000 0.000 0.137 0 1 0 0 0 0
 265 44045.000 76894.000 0 0 0.000 0.000 0.000 0.140 0 1 0 0 0 0
 266 158037.000 118447.000 0 0 0.000 0.000 0.000 0.130 0 1 0 0 0 0
 267 64087.000 149746.000 0 0 0.000 0.000 0.000 0.137 0 1 0 0 0 0
 268 160159.000 111906.000 0 0 0.000 0.000 0.000 0.145 0 1 0 0 0 0
 269 120939.000 158038.000 0 0 0.000 0.000 0.000 0.138 0 1 0 0 0 0
 270 90605.000 161038.000 0 0 0.000 0.000 0.000 0.145 0 1 0 0 0 0
 271 45101.000 72107.000 0 0 0.000 0.000 0.000 0.132 0 1 0 0 0 0
 272 154403.000 70152.000 0 0 0.000 0.000 0.000 0.146 0 1 0 0 0 0
 273 159564.000 118768.000 0 0 0.000 0.000 0.000 0.132 0 1 0 0 0 0
 274 37660.000 107204.000 0 0 0.000 0.000 0.000 0.135 0 1 0 0 0 0
 275 162035.000 90264.000 0 0 0.000 0.000 0.000 0.135 0 1 0 0 0 0
 276 149106.000 61056.000 0 0 0.000 0.000 0.000 0.130 0 1 0 0 0 0
 277 131196.000 45314.000 0 0 0.000 0.000 0.000 0.143 0 1 0 0 0 0
 278 148272.000 140906.000 0 0 0.000 0.000 0.000 0.133 0 1 0 0 0 0
 279 66102.000 46754.000 0 0 0.000 0.000 0.000 0.139 0 1 0 0 0 0
 280 109943.000 37440.000 0 0 0.000 0.000 0.000 0.138 0 1 0 0 0 0
 281 36877.000 88823.000 0 0 0.000 0.000 0.000 0.132 0 1 0 0 0 0
 282 41389.000 74042.000 0 0 0.000 0.000 0.000 0.139 0 1 0 0 0 0
 283 45225.000 66061.000 0 0 0.000 0.000 0.000 0.139 0 1 0 0 0 0
 284 41125.000 73015.000 0 0 0.000 0.000 0.000 0.138 0 1 0 0 0 0
 285 68216.000 157017.000 0 0 0.000 0.000 0.000 0.131 0 1 0 0 0 0
 286 55033.000 147926.000 0 0 0.000 0.000 0.000 0.142 0 1 0 0 0 0
 287 160486.000 75142.000 0 0 0.000 0.000 0.000 0.146 0 1 0 0 0 0
 288 99759.000 165683.000 0 0 0.000 0.000 0.000 0.130 0 1 0 0 0 0
 289 117688.000 163489.000 0 0 0.000 0.000 0.000 0.148 0 1 0 0 0 0
 290 155946.000 65561.000 0 0 0.000 0.000 0.000 0.133 0 1 0 0 0 0
 291 33799.000 100748.000 0 0 0.000 0.000 0.000 0.138 0 1 0 0 0 0
 292 106890.000 34007.000 0 0 0.000 0.000 0.000 0.134 0 1 0 0 0 0
 293 91559.000 166473.000 0 0 0.000 0.000 0.000 200000.000 0 1 0 200 0 0
 294 35438.000 117803.000 0 0 0.000 0.000 0.000 0.132 0 1 0 0 0 0
 295 77699.000 163535.000 0 0 0.000 0.000 0.000 0.138 0 1 0 0 0 0
 296 68719.000 40649.000 0 0 0.000 0.000 0.000 0.132 0 1 0 0 0 0
 297 137426.000 44283.000 0 0 0.000 0.000 0.000 0.157 0 1 0 0 0 0
 298 100012.000 167905.000 0 0 0.000 0.000 0.000 0.130 0 1 0 0 0 0
 299 45900.000 58825.000 0 0 0.000 0.000 0.000 0.131 0 1 0 0 0 0
 300 54611.000 151315.000 0 0 0.000 0.000 0.000 0.145 0 1 0 0 0 0
 301 156640.000 138727.000 0 0 0.000 0.000 0.000 0.139 0 1 0 0 0 0
 302 32556.000 112174.000 0 0 0.000 0.000 0.000 0.133 0 1 0 0 0 0
 303 31812.000 106778.000 0 0 0.000 0.000 0.000 0.130 0 1 0 0 0 0
 304 78177.000 35211.000 0 0 0.000 0.000 0.000 0.132 0 1 0 0 0 0
 305 164370.000 74955.000 0 0 0.000 0.000 0.000 0.130 0 1 0 0 0 0
 306 74715.000 164810.000 0 0 0.000 0.000 0.000 0.140 0 1 0 0 0 0
 307 145373.000 47443.000 0 0 0.000 0.000 0.000 0.134 0 1 0 0 0 0
 308 164226.000 126999.000 0 0 0.000 0.000 0.000 0.151 0 1 0 0 0 0
 309 167838.000 116668.000 0 0 0.000 0.000 0.000 0.135 0 1 0 0 0 0
 310 129502.000 163619.000 0 0 0.000 0.000 0.000 0.157 0 1 0 0 0 0
 311 100141.000 30119.000 0 0 0.000 0.000 0.000 0.131 0 1 0 0 0 0
 312 162958.000 131059.000 0 0 0.000 0.000 0.000 0.135 0 1 0 0 0 0
 313 40619.000 62692.000 0 0 0.000 0.000 0.000 0.156 0 1 0 0 0 0
 314 84696.000 169146.000 0 0 0.000 0.000 0.000 0.132 0 1 0 0 0 0
 315 29615.000 94616.000 0 0 0.000 0.000 0.000 0.139 0 1 0 0 0 0
 316 84247.000 169093.000 0 0 0.000 0.000 0.000 0.131 0 1 0 0 0 0
 317 96549.000 29488.000 0 0 0.000 0.000 0.000 0.137 0 1 0 0 0 0
 318 137551.000 40249.000 0 0 0.000 0.000 0.000 0.130 0 1 0 0 0 0
 319 151246.000 51253.000 0 0 0.000 0.000 0.000 0.131 0 1 0 0 0 0
 320 116112.000 169329.000 0 0 0.000 0.000 0.000 0.143 0 1 0 0 0 0
 321 38257.000 64964.000 0 0 0.000 0.000 0.000 0.152 0 1 0 0 0 0
 322 129663.000 164901.000 0 0 0.000 0.000 0.000 0.133 0 1 0 0 0 0
 323 92214.000 28923.000 0 0 0.000 0.000 0.000 0.144 0 1 0 0 0 0
 324 121169.000 31679.000 0 0 0.000 0.000 0.000 0.137 0 1 0 0 0 0
 325 131314.000 165127.000 0 0 0.000 0.000 0.000 0.146 0 1 0 0 0 0
 326 53252.000 155507.000 0 0 0.000 0.000 0.000 0.140 0 1 0 0 0 0
 327 42390.000 144215.000 0 0 0.000 0.000 0.000 0.135 0 1 0 0 0 0
 328 151203.000 49002.000 0 0 0.000 0.000 0.000 0.140 0 1 0 0 0 0
 329 105905.000 172697.000 0 0 0.000 0.000 0.000 0.148 0 1 0 0 0 0
 330 154821.000 50337.000 0 0 0.000 0.000 0.000 0.131 0 1 0 0 0 0
 331 141965.000 39019.000 0 0 0.000 0.000 0.000 0.160 0 1 0 0 0 0
 332 74296.000 30347.000 0 0 0.000 0.000 0.000 0.131 0 1 0 0 0 0
 333 53392.000 41855.000 0 0 0.000 0.000 0.000 0.148 0 1 0 0 0 0
 334 115933.000 27157.000 0 0 0.000 0.000 0.000 0.146 0 1 0 0 0 0
 335 135730.000 166247.000 0 0 0.000 0.000 0.000 0.138 0 1 0 0 0 0
 336 36229.000 59981.000 0 0 0.000 0.000 0.000 0.135 0 1 0 0 0 0
 337 139061.000 35794.000 0 0 0.000 0.000 0.000 0.132 0 1 0 0 0 0
 338 166485.000 64887.000 0 0 0.000 0.000 0.000 0.137 0 1 0 0 0 0
 339 160745.000 145945.000 0 0 0.000 0.000 0.000 0.131 0 1 0 0 0 0
 340 140006.000 164862.000 0 0 0.000 0.000 0.000 0.150 0 1 0 0 0 0
 341 154175.000 153955.000 0 0 0.000 0.000 0.000 0.137 0 1 0 0 0 0
 342 26163.000 123467.000 0 0 0.000 0.000 0.000 0.144 0 1 0 0 0 0
 343 173460.000 73902.000 0 0 0.000 0.000 0.000 0.131 0 1 0 0 0 0
 344 166046.000 57340.000 0 0 0.000 0.000 0.000 0.132 0 1 0 0 0 0
 345 146685.000 35981.000 0 0 0.000 0.000 0.000 0.145 0 1 0 0 0 0
 346 20467.000 104020.000 0 0 0.000 0.000 0.000 0.135 0 1 0 0 0 0
 347 136841.000 173170.000 0 0 0.000 0.000 0.000 0.130 0 1 0 0 0 0
 348 42870.000 39238.000 0 0 0.000 0.000 0.000 0.130 0 1 0 0 0 0
 349 15638.000 110483.000 0 0 0.000 0.000 0.000 0.133 0 1 0 0 0 0
 350 18137.000 76013.000 0 0 0.000 0.000 0.000 0.136 0 1 0 0 0 0
 351 178713.000 136626.000 0 0 0.000 0.000 0.000 0.163 0 1 0 0 0 0
 352 43426.000 169397.000 0 0 0.000 0.000 0.000 0.148 0 1 0 0 0 0;
ProcessEquipmentIDList 1
  "6632" ;
SummarySpec 5
  TESTNO    NDEFECT    DEFDENSITY    NDIE    NDEFDIE  ;
SummaryList 
  1    352    1.287    1    1  ;
EndOfFile;
