FileVersion 1 2;
FileTimestamp 01-06-26 11:39:10;
InspectionStationID "KLA-Tencor" "SFSSP1" "0901-0728-TBI";
SampleType WAFER;
ResultTimestamp 01-06-26 11:30:35;
LotID "2580";
SampleSize 1 200;
DeviceID "None";
SetupID "T2-2580NR" 01-06-26 11:30:35;
StepID "6552";
SampleOrientationMarkType NOTCH;
OrientationMarkLocation DOWN;
DiePitch 200000 200000;
DieOrigin 0 0;
WaferID "14";
Slot 14;
SampleCenterLocation 100000 100000;
ClassLookup 1
  0 "0"  ;
OrientationInstructions "Front";
CoordinatesMirrored No;
InspectionTest 1;
SampleTestPlan 1
  0 0 ;
AreaPerTest 2.73525e+010;
DefectRecordSpec 15 DEFECTID XREL YREL XINDEX YINDEX XSIZE YSIZE DEFECTAREA DSIZE CLASSNUMBER TEST CLUSTERNUMBER ROUGHBINNUMBER FINEBINNUMBER REVIEWSAMPLE ;
DefectList
 1 100569.000 95607.000 0 0 0.000 0.000 0.000 0.143 0 1 0 0 0 0
 2 96891.000 104026.000 0 0 0.000 0.000 0.000 0.136 0 1 0 0 0 0
 3 104808.000 100318.000 0 0 0.000 0.000 0.000 0.131 0 1 0 0 0 0
 4 107036.000 96887.000 0 0 0.000 0.000 0.000 0.131 0 1 0 0 0 0
 5 102193.000 92587.000 0 0 0.000 0.000 0.000 0.135 0 1 0 0 0 0
 6 103707.000 91152.000 0 0 0.000 0.000 0.000 0.132 0 1 0 0 0 0
 7 100086.000 112027.000 0 0 0.000 0.000 0.000 0.135 0 1 0 0 0 0
 8 111472.000 102906.000 0 0 0.000 0.000 0.000 0.136 0 1 0 0 0 0
 9 88231.000 102786.000 0 0 0.000 0.000 0.000 0.143 0 1 0 0 0 0
 10 107232.000 111098.000 0 0 0.000 0.000 0.000 0.142 0 1 0 0 0 0
 11 109495.000 109397.000 0 0 0.000 0.000 0.000 0.135 0 1 0 0 0 0
 12 104936.000 87110.000 0 0 0.000 0.000 0.000 0.140 0 1 0 0 0 0
 13 87121.000 93081.000 0 0 0.000 0.000 0.000 0.130 0 1 0 0 0 0
 14 101012.000 115394.000 0 0 0.000 0.000 0.000 0.153 0 1 0 0 0 0
 15 104150.000 116550.000 0 0 0.000 0.000 0.000 0.131 0 1 0 0 0 0
 16 102845.000 117191.000 0 0 0.000 0.000 0.000 0.135 0 1 0 0 0 0
 17 90599.000 83466.000 0 0 0.000 0.000 0.000 0.133 0 1 0 0 0 0
 18 118533.000 95375.000 0 0 0.000 0.000 0.000 0.148 0 1 0 0 0 0
 19 88821.000 116782.000 0 0 0.000 0.000 0.000 0.145 0 1 0 0 0 0
 20 117377.000 110953.000 0 0 0.000 0.000 0.000 0.167 0 1 0 0 0 0
 21 111519.000 117415.000 0 0 0.000 0.000 0.000 0.141 0 1 0 0 0 0
 22 95920.000 123464.000 0 0 0.000 0.000 0.000 0.131 0 1 0 0 0 0
 23 83381.000 82251.000 0 0 0.000 0.000 0.000 0.146 0 1 0 0 0 0
 24 119214.000 84387.000 0 0 0.000 0.000 0.000 0.138 0 1 0 0 0 0
 25 120502.000 85827.000 0 0 0.000 0.000 0.000 0.134 0 1 0 0 0 0
 26 120467.000 85336.000 0 0 0.000 0.000 0.000 0.142 0 1 0 0 0 0
 27 94896.000 125294.000 0 0 0.000 0.000 0.000 0.141 0 1 0 0 0 0
 28 97576.000 74665.000 0 0 0.000 0.000 0.000 0.137 0 1 0 0 0 0
 29 93616.000 74799.000 0 0 0.000 0.000 0.000 0.131 0 1 0 0 0 0
 30 126902.000 100557.000 0 0 0.000 0.000 0.000 0.139 0 1 0 0 0 0
 31 79760.000 82071.000 0 0 0.000 0.000 0.000 0.134 0 1 0 0 0 0
 32 107662.000 126273.000 0 0 0.000 0.000 0.000 0.131 0 1 0 0 0 0
 33 72645.000 103181.000 0 0 0.000 0.000 0.000 0.144 0 1 0 0 0 0
 34 104870.000 127412.000 0 0 0.000 0.000 0.000 0.145 0 1 0 0 0 0
 35 95520.000 127766.000 0 0 0.000 0.000 0.000 0.149 0 1 0 0 0 0
 36 96047.000 72112.000 0 0 0.000 0.000 0.000 0.139 0 1 0 0 0 0
 37 119277.000 79214.000 0 0 0.000 0.000 0.000 0.136 0 1 0 0 0 0
 38 73975.000 87861.000 0 0 0.000 0.000 0.000 0.140 0 1 0 0 0 0
 39 96389.000 71390.000 0 0 0.000 0.000 0.000 0.132 0 1 0 0 0 0
 40 129132.000 96525.000 0 0 0.000 0.000 0.000 0.137 0 1 0 0 0 0
 41 72157.000 109863.000 0 0 0.000 0.000 0.000 0.143 0 1 0 0 0 0
 42 105734.000 71185.000 0 0 0.000 0.000 0.000 0.139 0 1 0 0 0 0
 43 69995.000 100030.000 0 0 0.000 0.000 0.000 0.132 0 1 0 0 0 0
 44 129248.000 93748.000 0 0 0.000 0.000 0.000 0.131 0 1 0 0 0 0
 45 128403.000 110380.000 0 0 0.000 0.000 0.000 0.140 0 1 0 0 0 0
 46 87027.000 127883.000 0 0 0.000 0.000 0.000 0.136 0 1 0 0 0 0
 47 78411.000 78354.000 0 0 0.000 0.000 0.000 0.145 0 1 0 0 0 0
 48 99942.000 69562.000 0 0 0.000 0.000 0.000 0.137 0 1 0 0 0 0
 49 105333.000 131800.000 0 0 0.000 0.000 0.000 0.136 0 1 0 0 0 0
 50 117399.000 127268.000 0 0 0.000 0.000 0.000 0.154 0 1 0 0 0 0
 51 103395.000 67291.000 0 0 0.000 0.000 0.000 0.151 0 1 0 0 0 0
 52 105868.000 133046.000 0 0 0.000 0.000 0.000 0.134 0 1 0 0 0 0
 53 120410.000 73796.000 0 0 0.000 0.000 0.000 0.152 0 1 0 0 0 0
 54 122675.000 125316.000 0 0 0.000 0.000 0.000 0.134 0 1 0 0 0 0
 55 93664.000 66703.000 0 0 0.000 0.000 0.000 0.134 0 1 0 0 0 0
 56 127756.000 80369.000 0 0 0.000 0.000 0.000 0.135 0 1 0 0 0 0
 57 65960.000 104370.000 0 0 0.000 0.000 0.000 0.135 0 1 0 0 0 0
 58 99828.000 65640.000 0 0 0.000 0.000 0.000 0.146 0 1 0 0 0 0
 59 112132.000 132997.000 0 0 0.000 0.000 0.000 0.145 0 1 0 0 0 0
 60 130714.000 117515.000 0 0 0.000 0.000 0.000 0.134 0 1 0 0 0 0
 61 112846.000 133270.000 0 0 0.000 0.000 0.000 0.140 0 1 0 0 0 0
 62 66501.000 111940.000 0 0 0.000 0.000 0.000 0.130 0 1 0 0 0 0
 63 107958.000 64913.000 0 0 0.000 0.000 0.000 0.145 0 1 0 0 0 0
 64 113514.000 134448.000 0 0 0.000 0.000 0.000 0.135 0 1 0 0 0 0
 65 65457.000 113131.000 0 0 0.000 0.000 0.000 0.161 0 1 0 0 0 0
 66 66010.000 85350.000 0 0 0.000 0.000 0.000 0.142 0 1 0 0 0 0
 67 66539.000 116916.000 0 0 0.000 0.000 0.000 0.135 0 1 0 0 0 0
 68 80564.000 68330.000 0 0 0.000 0.000 0.000 0.134 0 1 0 0 0 0
 69 132379.000 81717.000 0 0 0.000 0.000 0.000 0.147 0 1 0 0 0 0
 70 102980.000 137650.000 0 0 0.000 0.000 0.000 0.132 0 1 0 0 0 0
 71 70762.000 124120.000 0 0 0.000 0.000 0.000 0.145 0 1 0 0 0 0
 72 132106.000 120302.000 0 0 0.000 0.000 0.000 0.136 0 1 0 0 0 0
 73 90418.000 137705.000 0 0 0.000 0.000 0.000 0.143 0 1 0 0 0 0
 74 61298.000 98040.000 0 0 0.000 0.000 0.000 0.141 0 1 0 0 0 0
 75 99749.000 139034.000 0 0 0.000 0.000 0.000 0.135 0 1 0 0 0 0
 76 111949.000 137403.000 0 0 0.000 0.000 0.000 0.132 0 1 0 0 0 0
 77 138473.000 109738.000 0 0 0.000 0.000 0.000 0.135 0 1 0 0 0 0
 78 59965.000 104267.000 0 0 0.000 0.000 0.000 0.130 0 1 0 0 0 0
 79 76744.000 67434.000 0 0 0.000 0.000 0.000 0.132 0 1 0 0 0 0
 80 67343.000 124489.000 0 0 0.000 0.000 0.000 0.153 0 1 0 0 0 0
 81 81830.000 137183.000 0 0 0.000 0.000 0.000 0.138 0 1 0 0 0 0
 82 131732.000 126680.000 0 0 0.000 0.000 0.000 0.133 0 1 0 0 0 0
 83 130296.000 72051.000 0 0 0.000 0.000 0.000 0.137 0 1 0 0 0 0
 84 136198.000 80084.000 0 0 0.000 0.000 0.000 0.145 0 1 0 0 0 0
 85 138697.000 115181.000 0 0 0.000 0.000 0.000 0.149 0 1 0 0 0 0
 86 86748.000 139843.000 0 0 0.000 0.000 0.000 0.137 0 1 0 0 0 0
 87 141350.000 94970.000 0 0 0.000 0.000 0.000 0.133 0 1 0 0 0 0
 88 110129.000 140925.000 0 0 0.000 0.000 0.000 0.137 0 1 0 0 0 0
 89 59366.000 113851.000 0 0 0.000 0.000 0.000 0.130 0 1 0 0 0 0
 90 82629.000 60723.000 0 0 0.000 0.000 0.000 0.142 0 1 0 0 0 0
 91 84618.000 59380.000 0 0 0.000 0.000 0.000 0.130 0 1 0 0 0 0
 92 133024.000 128676.000 0 0 0.000 0.000 0.000 0.147 0 1 0 0 0 0
 93 57218.000 109466.000 0 0 0.000 0.000 0.000 0.130 0 1 0 0 0 0
 94 140306.000 82295.000 0 0 0.000 0.000 0.000 0.133 0 1 0 0 0 0
 95 81208.000 141253.000 0 0 0.000 0.000 0.000 0.134 0 1 0 0 0 0
 96 92499.000 55387.000 0 0 0.000 0.000 0.000 0.154 0 1 0 0 0 0
 97 137493.000 126104.000 0 0 0.000 0.000 0.000 0.145 0 1 0 0 0 0
 98 134800.000 129619.000 0 0 0.000 0.000 0.000 0.148 0 1 0 0 0 0
 99 66917.000 132279.000 0 0 0.000 0.000 0.000 0.146 0 1 0 0 0 0
 100 55012.000 109301.000 0 0 0.000 0.000 0.000 0.130 0 1 0 0 0 0
 101 139802.000 124078.000 0 0 0.000 0.000 0.000 0.150 0 1 0 0 0 0
 102 87739.000 54795.000 0 0 0.000 0.000 0.000 0.139 0 1 0 0 0 0
 103 75138.000 141174.000 0 0 0.000 0.000 0.000 0.136 0 1 0 0 0 0
 104 121658.000 143331.000 0 0 0.000 0.000 0.000 0.132 0 1 0 0 0 0
 105 64180.000 67144.000 0 0 0.000 0.000 0.000 0.149 0 1 0 0 0 0
 106 51743.000 109135.000 0 0 0.000 0.000 0.000 0.148 0 1 0 0 0 0
 107 134678.000 65244.000 0 0 0.000 0.000 0.000 0.148 0 1 0 0 0 0
 108 147521.000 114053.000 0 0 0.000 0.000 0.000 0.134 0 1 0 0 0 0
 109 55953.000 77241.000 0 0 0.000 0.000 0.000 0.154 0 1 0 0 0 0
 110 124020.000 56420.000 0 0 0.000 0.000 0.000 0.140 0 1 0 0 0 0
 111 103776.000 150641.000 0 0 0.000 0.000 0.000 0.133 0 1 0 0 0 0
 112 77937.000 145962.000 0 0 0.000 0.000 0.000 0.130 0 1 0 0 0 0
 113 150011.000 109227.000 0 0 0.000 0.000 0.000 0.134 0 1 0 0 0 0
 114 149004.000 114402.000 0 0 0.000 0.000 0.000 0.138 0 1 0 0 0 0
 115 48728.000 91577.000 0 0 0.000 0.000 0.000 0.138 0 1 0 0 0 0
 116 93429.000 48017.000 0 0 0.000 0.000 0.000 0.172 0 1 0 0 0 0
 117 46620.000 92146.000 0 0 0.000 0.000 0.000 0.136 0 1 0 0 0 0
 118 146492.000 72650.000 0 0 0.000 0.000 0.000 0.138 0 1 0 0 0 0
 119 153876.000 103369.000 0 0 0.000 0.000 0.000 0.131 0 1 0 0 0 0
 120 89313.000 47056.000 0 0 0.000 0.000 0.000 0.138 0 1 0 0 0 0
 121 117365.000 48731.000 0 0 0.000 0.000 0.000 0.140 0 1 0 0 0 0
 122 84075.000 152528.000 0 0 0.000 0.000 0.000 0.142 0 1 0 0 0 0
 123 154697.000 99180.000 0 0 0.000 0.000 0.000 0.139 0 1 0 0 0 0
 124 133176.000 56583.000 0 0 0.000 0.000 0.000 0.132 0 1 0 0 0 0
 125 138904.000 138866.000 0 0 0.000 0.000 0.000 0.141 0 1 0 0 0 0
 126 132988.000 144545.000 0 0 0.000 0.000 0.000 0.131 0 1 0 0 0 0
 127 51332.000 72694.000 0 0 0.000 0.000 0.000 0.136 0 1 0 0 0 0
 128 135192.000 143731.000 0 0 0.000 0.000 0.000 0.140 0 1 0 0 0 0
 129 85895.000 46071.000 0 0 0.000 0.000 0.000 0.133 0 1 0 0 0 0
 130 43239.000 101916.000 0 0 0.000 0.000 0.000 0.145 0 1 0 0 0 0
 131 55029.000 135650.000 0 0 0.000 0.000 0.000 0.137 0 1 0 0 0 0
 132 42659.000 96505.000 0 0 0.000 0.000 0.000 0.141 0 1 0 0 0 0
 133 134564.000 146598.000 0 0 0.000 0.000 0.000 0.132 0 1 0 0 0 0
 134 144031.000 62753.000 0 0 0.000 0.000 0.000 0.145 0 1 0 0 0 0
 135 142443.000 139641.000 0 0 0.000 0.000 0.000 0.132 0 1 0 0 0 0
 136 42595.000 91406.000 0 0 0.000 0.000 0.000 0.133 0 1 0 0 0 0
 137 150518.000 71559.000 0 0 0.000 0.000 0.000 0.139 0 1 0 0 0 0
 138 153552.000 122554.000 0 0 0.000 0.000 0.000 0.130 0 1 0 0 0 0
 139 144800.000 137608.000 0 0 0.000 0.000 0.000 0.136 0 1 0 0 0 0
 140 145538.000 137191.000 0 0 0.000 0.000 0.000 0.140 0 1 0 0 0 0
 141 125023.000 153910.000 0 0 0.000 0.000 0.000 0.131 0 1 0 0 0 0
 142 42771.000 122287.000 0 0 0.000 0.000 0.000 0.131 0 1 0 0 0 0
 143 92168.000 37066.000 0 0 0.000 0.000 0.000 0.132 0 1 0 0 0 0
 144 160242.000 125904.000 0 0 0.000 0.000 0.000 0.138 0 1 0 0 0 0
 145 35167.000 89311.000 0 0 0.000 0.000 0.000 0.134 0 1 0 0 0 0
 146 166250.000 104266.000 0 0 0.000 0.000 0.000 0.130 0 1 0 0 0 0
 147 42778.000 134755.000 0 0 0.000 0.000 0.000 0.140 0 1 0 0 0 0
 148 54405.000 49626.000 0 0 0.000 0.000 0.000 0.133 0 1 0 0 0 0
 149 94172.000 32327.000 0 0 0.000 0.000 0.000 0.135 0 1 0 0 0 0
 150 31633.000 99571.000 0 0 0.000 0.000 0.000 0.139 0 1 0 0 0 0
 151 31515.000 100154.000 0 0 0.000 0.000 0.000 0.171 0 1 0 0 0 0
 152 31105.000 99484.000 0 0 0.000 0.000 0.000 0.241 0 1 0 0 0 0
 153 168859.000 92755.000 0 0 0.000 0.000 0.000 0.138 0 1 0 0 0 0
 154 30536.000 94727.000 0 0 0.000 0.000 0.000 0.131 0 1 0 0 0 0
 155 32649.000 118368.000 0 0 0.000 0.000 0.000 0.131 0 1 0 0 0 0
 156 32645.000 78497.000 0 0 0.000 0.000 0.000 0.141 0 1 0 0 0 0
 157 28235.000 100892.000 0 0 0.000 0.000 0.000 0.137 0 1 0 0 0 0
 158 109800.000 28143.000 0 0 0.000 0.000 0.000 0.130 0 1 0 0 0 0
 159 26494.000 101795.000 0 0 0.000 0.000 0.000 0.139 0 1 0 0 0 0
 160 24840.000 102717.000 0 0 0.000 0.000 0.000 0.136 0 1 0 0 0 0
 161 121946.000 26995.000 0 0 0.000 0.000 0.000 0.140 0 1 0 0 0 0
 162 127659.000 173639.000 0 0 0.000 0.000 0.000 0.132 0 1 0 0 0 0
 163 14569.000 68001.000 0 0 0.000 0.000 0.000 0.135 0 1 0 0 0 0
 164 9524.000 118973.000 0 0 0.000 0.000 0.000 0.158 0 1 0 0 0 0;
ProcessEquipmentIDList 1
  "6632" ;
SummarySpec 5
  TESTNO    NDEFECT    DEFDENSITY    NDIE    NDEFDIE  ;
SummaryList 
  1    164    0.5996    1    1  ;
EndOfFile;
