FileVersion 1 2;
FileTimestamp 01-06-26 20:05:16;
InspectionStationID "KLA-Tencor" "SFSSP1" "0901-0728-TBI";
SampleType WAFER;
ResultTimestamp 01-06-26 19:50:09;
LotID "2580";
SampleSize 1 200;
DeviceID "None";
SetupID "T2-2580NR" 01-06-26 19:50:09;
StepID "6552";
SampleOrientationMarkType NOTCH;
OrientationMarkLocation DOWN;
DiePitch 200000 200000;
DieOrigin 0 0;
WaferID "15";
Slot 15;
SampleCenterLocation 100000 100000;
ClassLookup 1
  0 "0"  ;
OrientationInstructions "Front";
CoordinatesMirrored No;
InspectionTest 1;
SampleTestPlan 1
  0 0 ;
AreaPerTest 2.73516e+010;
DefectRecordSpec 15 DEFECTID XREL YREL XINDEX YINDEX XSIZE YSIZE DEFECTAREA DSIZE CLASSNUMBER TEST CLUSTERNUMBER ROUGHBINNUMBER FINEBINNUMBER REVIEWSAMPLE ;
DefectList
 1 102190.000 100748.000 0 0 0.000 0.000 0.000 0.143 0 1 0 0 0 0
 2 103290.000 98249.000 0 0 0.000 0.000 0.000 0.132 0 1 0 0 0 0
 3 97054.000 96889.000 0 0 0.000 0.000 0.000 0.137 0 1 0 0 0 0
 4 95470.000 101576.000 0 0 0.000 0.000 0.000 0.137 0 1 0 0 0 0
 5 104906.000 98300.000 0 0 0.000 0.000 0.000 0.133 0 1 0 0 0 0
 6 106061.000 99410.000 0 0 0.000 0.000 0.000 0.144 0 1 0 0 0 0
 7 98730.000 107852.000 0 0 0.000 0.000 0.000 0.455 0 1 0 0 0 0
 8 101722.000 109926.000 0 0 0.000 0.000 0.000 0.136 0 1 0 0 0 0
 9 88732.000 99302.000 0 0 0.000 0.000 0.000 0.144 0 1 0 0 0 0
 10 101334.000 87349.000 0 0 0.000 0.000 0.000 0.136 0 1 0 0 0 0
 11 99557.000 113208.000 0 0 0.000 0.000 0.000 0.146 0 1 0 0 0 0
 12 108325.000 89641.000 0 0 0.000 0.000 0.000 0.174 0 1 0 0 0 0
 13 113605.000 98254.000 0 0 0.000 0.000 0.000 0.145 0 1 0 0 0 0
 14 99822.000 114050.000 0 0 0.000 0.000 0.000 0.145 0 1 0 0 0 0
 15 91700.000 88514.000 0 0 0.000 0.000 0.000 0.152 0 1 0 0 0 0
 16 87883.000 91974.000 0 0 0.000 0.000 0.000 0.146 0 1 0 0 0 0
 17 113514.000 106012.000 0 0 0.000 0.000 0.000 0.130 0 1 0 0 0 0
 18 109672.000 88595.000 0 0 0.000 0.000 0.000 0.148 0 1 0 0 0 0
 19 85549.000 105705.000 0 0 0.000 0.000 0.000 0.140 0 1 0 0 0 0
 20 103657.000 84744.000 0 0 0.000 0.000 0.000 0.132 0 1 0 0 0 0
 21 104799.000 115756.000 0 0 0.000 0.000 0.000 0.143 0 1 0 0 0 0
 22 106596.000 84594.000 0 0 0.000 0.000 0.000 0.144 0 1 0 0 0 0
 23 82587.000 96578.000 0 0 0.000 0.000 0.000 0.141 0 1 0 0 0 0
 24 116087.000 92292.000 0 0 0.000 0.000 0.000 0.132 0 1 0 0 0 0
 25 90035.000 84315.000 0 0 0.000 0.000 0.000 0.146 0 1 0 0 0 0
 26 91915.000 118565.000 0 0 0.000 0.000 0.000 0.148 0 1 0 0 0 0
 27 117445.000 111574.000 0 0 0.000 0.000 0.000 0.139 0 1 0 0 0 0
 28 90861.000 119053.000 0 0 0.000 0.000 0.000 0.147 0 1 0 0 0 0
 29 103739.000 79518.000 0 0 0.000 0.000 0.000 0.155 0 1 0 0 0 0
 30 110293.000 118708.000 0 0 0.000 0.000 0.000 0.138 0 1 0 0 0 0
 31 104377.000 79393.000 0 0 0.000 0.000 0.000 0.158 0 1 0 0 0 0
 32 112223.000 82859.000 0 0 0.000 0.000 0.000 0.165 0 1 0 0 0 0
 33 88426.000 118195.000 0 0 0.000 0.000 0.000 0.133 0 1 0 0 0 0
 34 114256.000 116690.000 0 0 0.000 0.000 0.000 0.133 0 1 0 0 0 0
 35 114455.000 83212.000 0 0 0.000 0.000 0.000 0.153 0 1 0 0 0 0
 36 83493.000 84695.000 0 0 0.000 0.000 0.000 0.131 0 1 0 0 0 0
 37 121272.000 92434.000 0 0 0.000 0.000 0.000 0.155 0 1 0 0 0 0
 38 122267.000 104530.000 0 0 0.000 0.000 0.000 0.152 0 1 0 0 0 0
 39 114440.000 82571.000 0 0 0.000 0.000 0.000 0.161 0 1 0 0 0 0
 40 77375.000 95797.000 0 0 0.000 0.000 0.000 0.148 0 1 0 0 0 0
 41 115616.000 83385.000 0 0 0.000 0.000 0.000 0.142 0 1 0 0 0 0
 42 122679.000 96232.000 0 0 0.000 0.000 0.000 0.147 0 1 0 0 0 0
 43 123247.000 101223.000 0 0 0.000 0.000 0.000 0.143 0 1 0 0 0 0
 44 85018.000 82160.000 0 0 0.000 0.000 0.000 0.134 0 1 0 0 0 0
 45 76952.000 105529.000 0 0 0.000 0.000 0.000 0.145 0 1 0 0 0 0
 46 123810.000 97303.000 0 0 0.000 0.000 0.000 0.130 0 1 0 0 0 0
 47 106887.000 123461.000 0 0 0.000 0.000 0.000 0.137 0 1 0 0 0 0
 48 79033.000 87494.000 0 0 0.000 0.000 0.000 0.160 0 1 0 0 0 0
 49 75925.000 92693.000 0 0 0.000 0.000 0.000 0.136 0 1 0 0 0 0
 50 87370.000 78385.000 0 0 0.000 0.000 0.000 0.130 0 1 0 0 0 0
 51 100243.000 74596.000 0 0 0.000 0.000 0.000 0.132 0 1 0 0 0 0
 52 99524.000 74353.000 0 0 0.000 0.000 0.000 0.132 0 1 0 0 0 0
 53 109865.000 76095.000 0 0 0.000 0.000 0.000 0.150 0 1 0 0 0 0
 54 125799.000 104141.000 0 0 0.000 0.000 0.000 0.140 0 1 0 0 0 0
 55 75385.000 109190.000 0 0 0.000 0.000 0.000 0.134 0 1 0 0 0 0
 56 112417.000 77052.000 0 0 0.000 0.000 0.000 0.130 0 1 0 0 0 0
 57 113499.000 123958.000 0 0 0.000 0.000 0.000 0.149 0 1 0 0 0 0
 58 84831.000 122943.000 0 0 0.000 0.000 0.000 0.147 0 1 0 0 0 0
 59 87204.000 75842.000 0 0 0.000 0.000 0.000 0.142 0 1 0 0 0 0
 60 96018.000 72894.000 0 0 0.000 0.000 0.000 0.132 0 1 0 0 0 0
 61 127545.000 100103.000 0 0 0.000 0.000 0.000 0.148 0 1 0 0 0 0
 62 88232.000 125256.000 0 0 0.000 0.000 0.000 0.151 0 1 0 0 0 0
 63 87739.000 75147.000 0 0 0.000 0.000 0.000 0.132 0 1 0 0 0 0
 64 81304.000 78698.000 0 0 0.000 0.000 0.000 0.132 0 1 0 0 0 0
 65 124587.000 85117.000 0 0 0.000 0.000 0.000 0.142 0 1 0 0 0 0
 66 74460.000 114416.000 0 0 0.000 0.000 0.000 0.155 0 1 0 0 0 0
 67 104257.000 71183.000 0 0 0.000 0.000 0.000 0.136 0 1 0 0 0 0
 68 73192.000 113201.000 0 0 0.000 0.000 0.000 0.132 0 1 0 0 0 0
 69 129864.000 103200.000 0 0 0.000 0.000 0.000 0.131 0 1 0 0 0 0
 70 102163.000 69650.000 0 0 0.000 0.000 0.000 0.144 0 1 0 0 0 0
 71 100320.000 69346.000 0 0 0.000 0.000 0.000 0.134 0 1 0 0 0 0
 72 95463.000 131128.000 0 0 0.000 0.000 0.000 0.136 0 1 0 0 0 0
 73 131552.000 92170.000 0 0 0.000 0.000 0.000 0.155 0 1 0 0 0 0
 74 87500.000 130584.000 0 0 0.000 0.000 0.000 0.138 0 1 0 0 0 0
 75 70047.000 86640.000 0 0 0.000 0.000 0.000 0.144 0 1 0 0 0 0
 76 87951.000 69746.000 0 0 0.000 0.000 0.000 0.131 0 1 0 0 0 0
 77 101119.000 133109.000 0 0 0.000 0.000 0.000 0.147 0 1 0 0 0 0
 78 68670.000 88584.000 0 0 0.000 0.000 0.000 0.137 0 1 0 0 0 0
 79 127776.000 118774.000 0 0 0.000 0.000 0.000 0.148 0 1 0 0 0 0
 80 97029.000 133714.000 0 0 0.000 0.000 0.000 0.134 0 1 0 0 0 0
 81 67560.000 91244.000 0 0 0.000 0.000 0.000 0.165 0 1 0 0 0 0
 82 95446.000 134679.000 0 0 0.000 0.000 0.000 0.134 0 1 0 0 0 0
 83 102593.000 65351.000 0 0 0.000 0.000 0.000 0.131 0 1 0 0 0 0
 84 92910.000 65782.000 0 0 0.000 0.000 0.000 0.139 0 1 0 0 0 0
 85 110130.000 134244.000 0 0 0.000 0.000 0.000 0.138 0 1 0 0 0 0
 86 125620.000 125061.000 0 0 0.000 0.000 0.000 0.138 0 1 0 0 0 0
 87 76152.000 73079.000 0 0 0.000 0.000 0.000 0.139 0 1 0 0 0 0
 88 126907.000 125047.000 0 0 0.000 0.000 0.000 0.139 0 1 0 0 0 0
 89 104737.000 136996.000 0 0 0.000 0.000 0.000 0.138 0 1 0 0 0 0
 90 126571.000 126527.000 0 0 0.000 0.000 0.000 0.139 0 1 0 0 0 0
 91 131606.000 120841.000 0 0 0.000 0.000 0.000 0.130 0 1 0 0 0 0
 92 134648.000 84403.000 0 0 0.000 0.000 0.000 0.142 0 1 0 0 0 0
 93 64654.000 115028.000 0 0 0.000 0.000 0.000 0.153 0 1 0 0 0 0
 94 71005.000 74831.000 0 0 0.000 0.000 0.000 0.131 0 1 0 0 0 0
 95 86119.000 63895.000 0 0 0.000 0.000 0.000 0.135 0 1 0 0 0 0
 96 67021.000 79125.000 0 0 0.000 0.000 0.000 0.171 0 1 0 0 0 0
 97 64072.000 83992.000 0 0 0.000 0.000 0.000 0.139 0 1 0 0 0 0
 98 106253.000 139461.000 0 0 0.000 0.000 0.000 0.140 0 1 0 0 0 0
 99 63005.000 84968.000 0 0 0.000 0.000 0.000 0.130 0 1 0 0 0 0
 100 67628.000 76564.000 0 0 0.000 0.000 0.000 0.134 0 1 0 0 0 0
 101 130621.000 127840.000 0 0 0.000 0.000 0.000 0.130 0 1 0 0 0 0
 102 60332.000 112031.000 0 0 0.000 0.000 0.000 0.132 0 1 0 0 0 0
 103 138625.000 84547.000 0 0 0.000 0.000 0.000 0.133 0 1 0 0 0 0
 104 61469.000 83754.000 0 0 0.000 0.000 0.000 0.140 0 1 0 0 0 0
 105 140767.000 89114.000 0 0 0.000 0.000 0.000 0.131 0 1 0 0 0 0
 106 138423.000 118285.000 0 0 0.000 0.000 0.000 0.138 0 1 0 0 0 0
 107 59419.000 113106.000 0 0 0.000 0.000 0.000 0.136 0 1 0 0 0 0
 108 119852.000 138403.000 0 0 0.000 0.000 0.000 0.143 0 1 0 0 0 0
 109 71994.000 133600.000 0 0 0.000 0.000 0.000 0.140 0 1 0 0 0 0
 110 128067.000 133636.000 0 0 0.000 0.000 0.000 0.134 0 1 0 0 0 0
 111 109892.000 142662.000 0 0 0.000 0.000 0.000 0.141 0 1 0 0 0 0
 112 129799.000 68229.000 0 0 0.000 0.000 0.000 0.134 0 1 0 0 0 0
 113 76277.000 63313.000 0 0 0.000 0.000 0.000 0.133 0 1 0 0 0 0
 114 71813.000 134146.000 0 0 0.000 0.000 0.000 0.158 0 1 0 0 0 0
 115 115975.000 141721.000 0 0 0.000 0.000 0.000 0.140 0 1 0 0 0 0
 116 59957.000 119804.000 0 0 0.000 0.000 0.000 0.141 0 1 0 0 0 0
 117 59887.000 119688.000 0 0 0.000 0.000 0.000 0.145 0 1 0 0 0 0
 118 56753.000 87520.000 0 0 0.000 0.000 0.000 0.466 0 1 0 0 0 0
 119 76211.000 61961.000 0 0 0.000 0.000 0.000 0.137 0 1 0 0 0 0
 120 61700.000 125104.000 0 0 0.000 0.000 0.000 0.153 0 1 0 0 0 0
 121 119380.000 141640.000 0 0 0.000 0.000 0.000 0.132 0 1 0 0 0 0
 122 102051.000 146004.000 0 0 0.000 0.000 0.000 0.133 0 1 0 0 0 0
 123 126099.000 62424.000 0 0 0.000 0.000 0.000 0.132 0 1 0 0 0 0
 124 53955.000 95756.000 0 0 0.000 0.000 0.000 0.135 0 1 0 0 0 0
 125 92388.000 53583.000 0 0 0.000 0.000 0.000 0.150 0 1 0 0 0 0
 126 94492.000 147804.000 0 0 0.000 0.000 0.000 0.130 0 1 0 0 0 0
 127 146382.000 88260.000 0 0 0.000 0.000 0.000 0.142 0 1 0 0 0 0
 128 72487.000 140258.000 0 0 0.000 0.000 0.000 0.130 0 1 0 0 0 0
 129 91604.000 51725.000 0 0 0.000 0.000 0.000 0.147 0 1 0 0 0 0
 130 145187.000 120154.000 0 0 0.000 0.000 0.000 0.141 0 1 0 0 0 0
 131 133072.000 63357.000 0 0 0.000 0.000 0.000 0.131 0 1 0 0 0 0
 132 73191.000 142220.000 0 0 0.000 0.000 0.000 0.141 0 1 0 0 0 0
 133 88472.000 51821.000 0 0 0.000 0.000 0.000 0.133 0 1 0 0 0 0
 134 51752.000 86514.000 0 0 0.000 0.000 0.000 0.135 0 1 0 0 0 0
 135 51884.000 84911.000 0 0 0.000 0.000 0.000 0.133 0 1 0 0 0 0
 136 105446.000 50062.000 0 0 0.000 0.000 0.000 0.145 0 1 0 0 0 0
 137 49713.000 93469.000 0 0 0.000 0.000 0.000 0.133 0 1 0 0 0 0
 138 139144.000 68034.000 0 0 0.000 0.000 0.000 0.143 0 1 0 0 0 0
 139 60766.000 67889.000 0 0 0.000 0.000 0.000 0.136 0 1 0 0 0 0
 140 57004.000 72642.000 0 0 0.000 0.000 0.000 0.133 0 1 0 0 0 0
 141 133060.000 139863.000 0 0 0.000 0.000 0.000 0.152 0 1 0 0 0 0
 142 116426.000 51252.000 0 0 0.000 0.000 0.000 0.131 0 1 0 0 0 0
 143 47926.000 104968.000 0 0 0.000 0.000 0.000 0.136 0 1 0 0 0 0
 144 141031.000 132483.000 0 0 0.000 0.000 0.000 0.130 0 1 0 0 0 0
 145 151977.000 91325.000 0 0 0.000 0.000 0.000 0.148 0 1 0 0 0 0
 146 51138.000 79841.000 0 0 0.000 0.000 0.000 0.141 0 1 0 0 0 0
 147 152890.000 99282.000 0 0 0.000 0.000 0.000 0.143 0 1 0 0 0 0
 148 53507.000 126327.000 0 0 0.000 0.000 0.000 0.131 0 1 0 0 0 0
 149 152114.000 111930.000 0 0 0.000 0.000 0.000 0.148 0 1 0 0 0 0
 150 125188.000 52932.000 0 0 0.000 0.000 0.000 0.132 0 1 0 0 0 0
 151 51886.000 74743.000 0 0 0.000 0.000 0.000 0.134 0 1 0 0 0 0
 152 153848.000 91027.000 0 0 0.000 0.000 0.000 0.132 0 1 0 0 0 0
 153 52811.000 72596.000 0 0 0.000 0.000 0.000 0.155 0 1 0 0 0 0
 154 89810.000 154654.000 0 0 0.000 0.000 0.000 0.135 0 1 0 0 0 0
 155 125041.000 149753.000 0 0 0.000 0.000 0.000 0.144 0 1 0 0 0 0
 156 146858.000 70339.000 0 0 0.000 0.000 0.000 0.147 0 1 0 0 0 0
 157 155547.000 93032.000 0 0 0.000 0.000 0.000 0.135 0 1 0 0 0 0
 158 155766.000 104026.000 0 0 0.000 0.000 0.000 0.133 0 1 0 0 0 0
 159 96097.000 156645.000 0 0 0.000 0.000 0.000 0.140 0 1 0 0 0 0
 160 152322.000 121849.000 0 0 0.000 0.000 0.000 0.131 0 1 0 0 0 0
 161 153178.000 120554.000 0 0 0.000 0.000 0.000 0.134 0 1 0 0 0 0
 162 156682.000 87386.000 0 0 0.000 0.000 0.000 0.136 0 1 0 0 0 0
 163 77339.000 154571.000 0 0 0.000 0.000 0.000 0.140 0 1 0 0 0 0
 164 106309.000 158761.000 0 0 0.000 0.000 0.000 0.130 0 1 0 0 0 0
 165 145125.000 62368.000 0 0 0.000 0.000 0.000 0.221 0 1 0 0 0 0
 166 151469.000 70643.000 0 0 0.000 0.000 0.000 0.132 0 1 0 0 0 0
 167 81047.000 43771.000 0 0 0.000 0.000 0.000 0.139 0 1 0 0 0 0
 168 62881.000 147736.000 0 0 0.000 0.000 0.000 0.133 0 1 0 0 0 0
 169 39904.000 93099.000 0 0 0.000 0.000 0.000 0.142 0 1 0 0 0 0
 170 73716.000 45753.000 0 0 0.000 0.000 0.000 0.144 0 1 0 0 0 0
 171 131910.000 48393.000 0 0 0.000 0.000 0.000 0.143 0 1 0 0 0 0
 172 65860.000 151067.000 0 0 0.000 0.000 0.000 0.150 0 1 0 0 0 0
 173 77470.000 42886.000 0 0 0.000 0.000 0.000 0.132 0 1 0 0 0 0
 174 60849.000 147967.000 0 0 0.000 0.000 0.000 0.135 0 1 0 0 0 0
 175 149570.000 137205.000 0 0 0.000 0.000 0.000 0.157 0 1 0 0 0 0
 176 39430.000 114003.000 0 0 0.000 0.000 0.000 0.138 0 1 0 0 0 0
 177 160860.000 115109.000 0 0 0.000 0.000 0.000 0.135 0 1 0 0 0 0
 178 107920.000 162707.000 0 0 0.000 0.000 0.000 0.135 0 1 0 0 0 0
 179 144968.000 56084.000 0 0 0.000 0.000 0.000 0.130 0 1 0 0 0 0
 180 38881.000 80757.000 0 0 0.000 0.000 0.000 0.136 0 1 0 0 0 0
 181 162764.000 86290.000 0 0 0.000 0.000 0.000 0.159 0 1 0 0 0 0
 182 141511.000 48791.000 0 0 0.000 0.000 0.000 0.146 0 1 0 0 0 0
 183 128196.000 38666.000 0 0 0.000 0.000 0.000 0.130 0 1 0 0 0 0
 184 134974.000 40300.000 0 0 0.000 0.000 0.000 0.130 0 1 0 0 0 0
 185 123549.000 165649.000 0 0 0.000 0.000 0.000 0.136 0 1 0 0 0 0
 186 161555.000 65682.000 0 0 0.000 0.000 0.000 0.130 0 1 0 0 0 0
 187 168634.000 116687.000 0 0 0.000 0.000 0.000 0.131 0 1 0 0 0 0
 188 97968.000 25805.000 0 0 0.000 0.000 0.000 0.139 0 1 0 0 0 0
 189 174495.000 109102.000 0 0 0.000 0.000 0.000 0.135 0 1 0 0 0 0
 190 55376.000 37997.000 0 0 0.000 0.000 0.000 0.131 0 1 0 0 0 0
 191 136552.000 168710.000 0 0 0.000 0.000 0.000 0.132 0 1 0 0 0 0
 192 177170.000 67131.000 0 0 0.000 0.000 0.000 0.305 0 1 0 0 0 0
 193 158476.000 166048.000 0 0 0.000 0.000 0.000 0.140 0 1 0 0 0 0
 194 160202.000 166958.000 0 0 0.000 0.000 0.000 0.137 0 1 0 0 0 0
 195 161521.000 167647.000 0 0 0.000 0.000 0.000 0.161 0 1 0 0 0 0
 196 71926.000 12733.000 0 0 0.000 0.000 0.000 0.244 0 1 0 0 0 0
 197 162975.000 168401.000 0 0 0.000 0.000 0.000 0.159 0 1 0 0 0 0
 198 193100.000 104965.000 0 0 0.000 0.000 0.000 0.202 0 1 0 0 0 0
 199 163334.000 168584.000 0 0 0.000 0.000 0.000 0.227 0 1 0 0 0 0
 200 9034.000 77144.000 0 0 0.000 0.000 0.000 0.296 0 1 0 0 0 0
 201 164610.000 169247.000 0 0 0.000 0.000 0.000 0.346 0 1 0 0 0 0
 202 5491.000 92421.000 0 0 0.000 0.000 0.000 0.133 0 1 0 0 0 0
 203 7956.000 76720.000 0 0 0.000 0.000 0.000 0.143 0 1 0 0 0 0;
ProcessEquipmentIDList 1
  "6632" ;
SummarySpec 5
  TESTNO    NDEFECT    DEFDENSITY    NDIE    NDEFDIE  ;
SummaryList 
  1    203    0.7422    1    1  ;
EndOfFile;
