FileVersion 1 2;
FileTimestamp 01-06-26 19:24:44;
InspectionStationID "KLA-Tencor" "SFSSP1" "0901-0728-TBI";
SampleType WAFER;
ResultTimestamp 01-06-26 19:22:44;
LotID "2580";
SampleSize 1 200;
DeviceID "None";
SetupID "T2-2580NR" 01-06-26 19:22:44;
StepID "6552";
SampleOrientationMarkType NOTCH;
OrientationMarkLocation DOWN;
DiePitch 200000 200000;
DieOrigin 0 0;
WaferID "02";
Slot 2;
SampleCenterLocation 100000 100000;
ClassLookup 1
  0 "0"  ;
OrientationInstructions "Front";
CoordinatesMirrored No;
InspectionTest 1;
SampleTestPlan 1
  0 0 ;
AreaPerTest 2.73528e+010;
DefectRecordSpec 15 DEFECTID XREL YREL XINDEX YINDEX XSIZE YSIZE DEFECTAREA DSIZE CLASSNUMBER TEST CLUSTERNUMBER ROUGHBINNUMBER FINEBINNUMBER REVIEWSAMPLE ;
DefectList
 1 98384.000 97616.000 0 0 0.000 0.000 0.000 0.143 0 1 0 0 0 0
 2 101411.000 103084.000 0 0 0.000 0.000 0.000 0.133 0 1 0 0 0 0
 3 96696.000 99660.000 0 0 0.000 0.000 0.000 0.142 0 1 0 0 0 0
 4 96929.000 98421.000 0 0 0.000 0.000 0.000 0.159 0 1 0 0 0 0
 5 97596.000 104836.000 0 0 0.000 0.000 0.000 0.150 0 1 0 0 0 0
 6 99467.000 105657.000 0 0 0.000 0.000 0.000 0.167 0 1 0 0 0 0
 7 94622.000 101006.000 0 0 0.000 0.000 0.000 0.130 0 1 0 0 0 0
 8 104018.000 95403.000 0 0 0.000 0.000 0.000 0.140 0 1 0 0 0 0
 9 96115.000 105321.000 0 0 0.000 0.000 0.000 0.132 0 1 0 0 0 0
 10 93805.000 101841.000 0 0 0.000 0.000 0.000 0.138 0 1 0 0 0 0
 11 96157.000 105590.000 0 0 0.000 0.000 0.000 0.146 0 1 0 0 0 0
 12 106239.000 97381.000 0 0 0.000 0.000 0.000 0.144 0 1 0 0 0 0
 13 99410.000 92026.000 0 0 0.000 0.000 0.000 0.139 0 1 0 0 0 0
 14 100690.000 91888.000 0 0 0.000 0.000 0.000 0.151 0 1 0 0 0 0
 15 89779.000 101230.000 0 0 0.000 0.000 0.000 0.132 0 1 0 0 0 0
 16 106678.000 108914.000 0 0 0.000 0.000 0.000 0.161 0 1 0 0 0 0
 17 111436.000 100904.000 0 0 0.000 0.000 0.000 0.144 0 1 0 0 0 0
 18 113183.000 98897.000 0 0 0.000 0.000 0.000 0.145 0 1 0 0 0 0
 19 105350.000 113331.000 0 0 0.000 0.000 0.000 0.137 0 1 0 0 0 0
 20 89173.000 91192.000 0 0 0.000 0.000 0.000 0.131 0 1 0 0 0 0
 21 86248.000 94509.000 0 0 0.000 0.000 0.000 0.131 0 1 0 0 0 0
 22 90402.000 88989.000 0 0 0.000 0.000 0.000 0.131 0 1 0 0 0 0
 23 85017.000 103435.000 0 0 0.000 0.000 0.000 0.178 0 1 0 0 0 0
 24 84891.000 103901.000 0 0 0.000 0.000 0.000 0.130 0 1 0 0 0 0
 25 104407.000 115470.000 0 0 0.000 0.000 0.000 0.139 0 1 0 0 0 0
 26 112596.000 90582.000 0 0 0.000 0.000 0.000 0.151 0 1 0 0 0 0
 27 101171.000 116296.000 0 0 0.000 0.000 0.000 0.153 0 1 0 0 0 0
 28 105370.000 115740.000 0 0 0.000 0.000 0.000 0.131 0 1 0 0 0 0
 29 103517.000 116850.000 0 0 0.000 0.000 0.000 0.145 0 1 0 0 0 0
 30 104959.000 116731.000 0 0 0.000 0.000 0.000 0.132 0 1 0 0 0 0
 31 85414.000 110453.000 0 0 0.000 0.000 0.000 0.165 0 1 0 0 0 0
 32 86332.000 116627.000 0 0 0.000 0.000 0.000 0.139 0 1 0 0 0 0
 33 81691.000 89384.000 0 0 0.000 0.000 0.000 0.143 0 1 0 0 0 0
 34 79061.000 95824.000 0 0 0.000 0.000 0.000 0.160 0 1 0 0 0 0
 35 121917.000 100769.000 0 0 0.000 0.000 0.000 0.148 0 1 0 0 0 0
 36 104994.000 78346.000 0 0 0.000 0.000 0.000 0.145 0 1 0 0 0 0
 37 101260.000 122657.000 0 0 0.000 0.000 0.000 0.131 0 1 0 0 0 0
 38 97576.000 122866.000 0 0 0.000 0.000 0.000 0.135 0 1 0 0 0 0
 39 83322.000 116387.000 0 0 0.000 0.000 0.000 0.218 0 1 0 0 0 0
 40 104415.000 123258.000 0 0 0.000 0.000 0.000 0.133 0 1 0 0 0 0
 41 121302.000 110702.000 0 0 0.000 0.000 0.000 0.146 0 1 0 0 0 0
 42 92469.000 123117.000 0 0 0.000 0.000 0.000 0.131 0 1 0 0 0 0
 43 75880.000 101455.000 0 0 0.000 0.000 0.000 0.138 0 1 0 0 0 0
 44 108237.000 77443.000 0 0 0.000 0.000 0.000 0.144 0 1 0 0 0 0
 45 120659.000 114941.000 0 0 0.000 0.000 0.000 0.141 0 1 0 0 0 0
 46 103369.000 73749.000 0 0 0.000 0.000 0.000 0.138 0 1 0 0 0 0
 47 73973.000 94071.000 0 0 0.000 0.000 0.000 0.137 0 1 0 0 0 0
 48 98925.000 73469.000 0 0 0.000 0.000 0.000 0.131 0 1 0 0 0 0
 49 81888.000 120055.000 0 0 0.000 0.000 0.000 0.176 0 1 0 0 0 0
 50 107598.000 74233.000 0 0 0.000 0.000 0.000 0.141 0 1 0 0 0 0
 51 108960.000 74575.000 0 0 0.000 0.000 0.000 0.137 0 1 0 0 0 0
 52 127481.000 98292.000 0 0 0.000 0.000 0.000 0.140 0 1 0 0 0 0
 53 98951.000 127866.000 0 0 0.000 0.000 0.000 0.135 0 1 0 0 0 0
 54 125106.000 88618.000 0 0 0.000 0.000 0.000 0.156 0 1 0 0 0 0
 55 78604.000 117972.000 0 0 0.000 0.000 0.000 0.135 0 1 0 0 0 0
 56 127059.000 91847.000 0 0 0.000 0.000 0.000 0.137 0 1 0 0 0 0
 57 125518.000 112810.000 0 0 0.000 0.000 0.000 0.139 0 1 0 0 0 0
 58 88286.000 126186.000 0 0 0.000 0.000 0.000 0.132 0 1 0 0 0 0
 59 98013.000 71892.000 0 0 0.000 0.000 0.000 0.165 0 1 0 0 0 0
 60 105082.000 71673.000 0 0 0.000 0.000 0.000 0.137 0 1 0 0 0 0
 61 91715.000 128187.000 0 0 0.000 0.000 0.000 0.135 0 1 0 0 0 0
 62 88551.000 73355.000 0 0 0.000 0.000 0.000 0.146 0 1 0 0 0 0
 63 122589.000 81603.000 0 0 0.000 0.000 0.000 0.135 0 1 0 0 0 0
 64 97770.000 71000.000 0 0 0.000 0.000 0.000 0.130 0 1 0 0 0 0
 65 112407.000 73368.000 0 0 0.000 0.000 0.000 0.136 0 1 0 0 0 0
 66 70353.000 94841.000 0 0 0.000 0.000 0.000 0.149 0 1 0 0 0 0
 67 96120.000 70160.000 0 0 0.000 0.000 0.000 0.130 0 1 0 0 0 0
 68 91520.000 129604.000 0 0 0.000 0.000 0.000 0.136 0 1 0 0 0 0
 69 74740.000 82417.000 0 0 0.000 0.000 0.000 0.156 0 1 0 0 0 0
 70 76439.000 120247.000 0 0 0.000 0.000 0.000 0.164 0 1 0 0 0 0
 71 86435.000 128238.000 0 0 0.000 0.000 0.000 0.131 0 1 0 0 0 0
 72 102659.000 68619.000 0 0 0.000 0.000 0.000 0.143 0 1 0 0 0 0
 73 85334.000 129069.000 0 0 0.000 0.000 0.000 0.132 0 1 0 0 0 0
 74 131725.000 91347.000 0 0 0.000 0.000 0.000 0.144 0 1 0 0 0 0
 75 130525.000 114345.000 0 0 0.000 0.000 0.000 0.149 0 1 0 0 0 0
 76 132728.000 109034.000 0 0 0.000 0.000 0.000 0.144 0 1 0 0 0 0
 77 123876.000 76112.000 0 0 0.000 0.000 0.000 0.154 0 1 0 0 0 0
 78 127636.000 120209.000 0 0 0.000 0.000 0.000 0.134 0 1 0 0 0 0
 79 133783.000 107667.000 0 0 0.000 0.000 0.000 0.140 0 1 0 0 0 0
 80 110054.000 133946.000 0 0 0.000 0.000 0.000 0.142 0 1 0 0 0 0
 81 95800.000 135178.000 0 0 0.000 0.000 0.000 0.137 0 1 0 0 0 0
 82 80207.000 70873.000 0 0 0.000 0.000 0.000 0.146 0 1 0 0 0 0
 83 107783.000 135363.000 0 0 0.000 0.000 0.000 0.137 0 1 0 0 0 0
 84 88392.000 65803.000 0 0 0.000 0.000 0.000 0.139 0 1 0 0 0 0
 85 132356.000 116826.000 0 0 0.000 0.000 0.000 0.133 0 1 0 0 0 0
 86 124587.000 73018.000 0 0 0.000 0.000 0.000 0.156 0 1 0 0 0 0
 87 62952.000 99370.000 0 0 0.000 0.000 0.000 0.134 0 1 0 0 0 0
 88 91244.000 64344.000 0 0 0.000 0.000 0.000 0.134 0 1 0 0 0 0
 89 82546.000 133146.000 0 0 0.000 0.000 0.000 0.146 0 1 0 0 0 0
 90 62850.000 103544.000 0 0 0.000 0.000 0.000 0.159 0 1 0 0 0 0
 91 87860.000 135580.000 0 0 0.000 0.000 0.000 0.168 0 1 0 0 0 0
 92 66728.000 117426.000 0 0 0.000 0.000 0.000 0.138 0 1 0 0 0 0
 93 137232.000 95591.000 0 0 0.000 0.000 0.000 0.147 0 1 0 0 0 0
 94 126407.000 73172.000 0 0 0.000 0.000 0.000 0.132 0 1 0 0 0 0
 95 137934.000 100070.000 0 0 0.000 0.000 0.000 0.139 0 1 0 0 0 0
 96 78244.000 69181.000 0 0 0.000 0.000 0.000 0.132 0 1 0 0 0 0
 97 117782.000 66634.000 0 0 0.000 0.000 0.000 0.139 0 1 0 0 0 0
 98 130815.000 77906.000 0 0 0.000 0.000 0.000 0.141 0 1 0 0 0 0
 99 138021.000 98789.000 0 0 0.000 0.000 0.000 0.138 0 1 0 0 0 0
 100 119720.000 67520.000 0 0 0.000 0.000 0.000 0.136 0 1 0 0 0 0
 101 137627.000 92136.000 0 0 0.000 0.000 0.000 0.133 0 1 0 0 0 0
 102 70030.000 125196.000 0 0 0.000 0.000 0.000 0.149 0 1 0 0 0 0
 103 90901.000 62152.000 0 0 0.000 0.000 0.000 0.139 0 1 0 0 0 0
 104 123543.000 68869.000 0 0 0.000 0.000 0.000 0.172 0 1 0 0 0 0
 105 114360.000 136835.000 0 0 0.000 0.000 0.000 0.143 0 1 0 0 0 0
 106 61161.000 94126.000 0 0 0.000 0.000 0.000 0.145 0 1 0 0 0 0
 107 61690.000 90210.000 0 0 0.000 0.000 0.000 0.142 0 1 0 0 0 0
 108 109770.000 61879.000 0 0 0.000 0.000 0.000 0.134 0 1 0 0 0 0
 109 127352.000 128837.000 0 0 0.000 0.000 0.000 0.147 0 1 0 0 0 0
 110 111886.000 62298.000 0 0 0.000 0.000 0.000 0.143 0 1 0 0 0 0
 111 62942.000 115558.000 0 0 0.000 0.000 0.000 0.142 0 1 0 0 0 0
 112 118893.000 64919.000 0 0 0.000 0.000 0.000 0.134 0 1 0 0 0 0
 113 70687.000 72662.000 0 0 0.000 0.000 0.000 0.164 0 1 0 0 0 0
 114 73586.000 130900.000 0 0 0.000 0.000 0.000 0.146 0 1 0 0 0 0
 115 139632.000 111553.000 0 0 0.000 0.000 0.000 0.134 0 1 0 0 0 0
 116 59456.000 91689.000 0 0 0.000 0.000 0.000 0.134 0 1 0 0 0 0
 117 117517.000 137931.000 0 0 0.000 0.000 0.000 0.134 0 1 0 0 0 0
 118 85873.000 61221.000 0 0 0.000 0.000 0.000 0.153 0 1 0 0 0 0
 119 139528.000 113398.000 0 0 0.000 0.000 0.000 0.130 0 1 0 0 0 0
 120 58154.000 98651.000 0 0 0.000 0.000 0.000 0.149 0 1 0 0 0 0
 121 82728.000 62092.000 0 0 0.000 0.000 0.000 0.130 0 1 0 0 0 0
 122 137708.000 119135.000 0 0 0.000 0.000 0.000 0.141 0 1 0 0 0 0
 123 142233.000 102842.000 0 0 0.000 0.000 0.000 0.149 0 1 0 0 0 0
 124 96687.000 142689.000 0 0 0.000 0.000 0.000 0.140 0 1 0 0 0 0
 125 67594.000 72573.000 0 0 0.000 0.000 0.000 0.136 0 1 0 0 0 0
 126 140715.000 87648.000 0 0 0.000 0.000 0.000 0.140 0 1 0 0 0 0
 127 126016.000 134204.000 0 0 0.000 0.000 0.000 0.133 0 1 0 0 0 0
 128 58128.000 110848.000 0 0 0.000 0.000 0.000 0.130 0 1 0 0 0 0
 129 110627.000 142357.000 0 0 0.000 0.000 0.000 0.133 0 1 0 0 0 0
 130 137423.000 77530.000 0 0 0.000 0.000 0.000 0.135 0 1 0 0 0 0
 131 72858.000 65637.000 0 0 0.000 0.000 0.000 0.136 0 1 0 0 0 0
 132 98576.000 144803.000 0 0 0.000 0.000 0.000 0.142 0 1 0 0 0 0
 133 60545.000 121086.000 0 0 0.000 0.000 0.000 0.136 0 1 0 0 0 0
 134 58923.000 117465.000 0 0 0.000 0.000 0.000 0.158 0 1 0 0 0 0
 135 136191.000 126887.000 0 0 0.000 0.000 0.000 0.131 0 1 0 0 0 0
 136 56148.000 109908.000 0 0 0.000 0.000 0.000 0.136 0 1 0 0 0 0
 137 116385.000 142380.000 0 0 0.000 0.000 0.000 0.153 0 1 0 0 0 0
 138 115668.000 57344.000 0 0 0.000 0.000 0.000 0.144 0 1 0 0 0 0
 139 130829.000 66111.000 0 0 0.000 0.000 0.000 0.144 0 1 0 0 0 0
 140 114737.000 56394.000 0 0 0.000 0.000 0.000 0.137 0 1 0 0 0 0
 141 114949.000 56597.000 0 0 0.000 0.000 0.000 0.133 0 1 0 0 0 0
 142 54896.000 110878.000 0 0 0.000 0.000 0.000 0.131 0 1 0 0 0 0
 143 73426.000 138334.000 0 0 0.000 0.000 0.000 0.140 0 1 0 0 0 0
 144 53712.000 104642.000 0 0 0.000 0.000 0.000 0.143 0 1 0 0 0 0
 145 92106.000 146156.000 0 0 0.000 0.000 0.000 0.143 0 1 0 0 0 0
 146 64781.000 69576.000 0 0 0.000 0.000 0.000 0.140 0 1 0 0 0 0
 147 55917.000 84597.000 0 0 0.000 0.000 0.000 0.135 0 1 0 0 0 0
 148 125157.000 139945.000 0 0 0.000 0.000 0.000 0.147 0 1 0 0 0 0
 149 92576.000 146720.000 0 0 0.000 0.000 0.000 0.133 0 1 0 0 0 0
 150 133059.000 66403.000 0 0 0.000 0.000 0.000 0.132 0 1 0 0 0 0
 151 81803.000 144617.000 0 0 0.000 0.000 0.000 0.133 0 1 0 0 0 0
 152 144987.000 118196.000 0 0 0.000 0.000 0.000 0.146 0 1 0 0 0 0
 153 83873.000 54412.000 0 0 0.000 0.000 0.000 0.144 0 1 0 0 0 0
 154 146903.000 114738.000 0 0 0.000 0.000 0.000 0.142 0 1 0 0 0 0
 155 140273.000 128288.000 0 0 0.000 0.000 0.000 0.134 0 1 0 0 0 0
 156 72013.000 59558.000 0 0 0.000 0.000 0.000 0.143 0 1 0 0 0 0
 157 75555.000 143576.000 0 0 0.000 0.000 0.000 0.131 0 1 0 0 0 0
 158 121181.000 54595.000 0 0 0.000 0.000 0.000 0.136 0 1 0 0 0 0
 159 49982.000 108334.000 0 0 0.000 0.000 0.000 0.146 0 1 0 0 0 0
 160 65002.000 63194.000 0 0 0.000 0.000 0.000 0.132 0 1 0 0 0 0
 161 70377.000 142312.000 0 0 0.000 0.000 0.000 0.132 0 1 0 0 0 0
 162 67312.000 60442.000 0 0 0.000 0.000 0.000 0.136 0 1 0 0 0 0
 163 144240.000 73943.000 0 0 0.000 0.000 0.000 0.142 0 1 0 0 0 0
 164 142933.000 71700.000 0 0 0.000 0.000 0.000 0.130 0 1 0 0 0 0
 165 145582.000 125331.000 0 0 0.000 0.000 0.000 0.136 0 1 0 0 0 0
 166 108396.000 151646.000 0 0 0.000 0.000 0.000 0.142 0 1 0 0 0 0
 167 90913.000 151494.000 0 0 0.000 0.000 0.000 0.140 0 1 0 0 0 0
 168 48090.000 94817.000 0 0 0.000 0.000 0.000 0.155 0 1 0 0 0 0
 169 87861.000 49132.000 0 0 0.000 0.000 0.000 0.133 0 1 0 0 0 0
 170 102521.000 47822.000 0 0 0.000 0.000 0.000 0.135 0 1 0 0 0 0
 171 62560.000 137598.000 0 0 0.000 0.000 0.000 0.134 0 1 0 0 0 0
 172 127449.000 54627.000 0 0 0.000 0.000 0.000 0.147 0 1 0 0 0 0
 173 153197.000 92605.000 0 0 0.000 0.000 0.000 0.133 0 1 0 0 0 0
 174 68296.000 56833.000 0 0 0.000 0.000 0.000 0.130 0 1 0 0 0 0
 175 114506.000 152201.000 0 0 0.000 0.000 0.000 0.138 0 1 0 0 0 0
 176 128633.000 54437.000 0 0 0.000 0.000 0.000 0.141 0 1 0 0 0 0
 177 121695.000 150284.000 0 0 0.000 0.000 0.000 0.130 0 1 0 0 0 0
 178 49222.000 79582.000 0 0 0.000 0.000 0.000 0.138 0 1 0 0 0 0
 179 148657.000 74261.000 0 0 0.000 0.000 0.000 0.140 0 1 0 0 0 0
 180 109526.000 154849.000 0 0 0.000 0.000 0.000 0.153 0 1 0 0 0 0
 181 70945.000 147485.000 0 0 0.000 0.000 0.000 0.133 0 1 0 0 0 0
 182 45394.000 90080.000 0 0 0.000 0.000 0.000 0.150 0 1 0 0 0 0
 183 126089.000 50821.000 0 0 0.000 0.000 0.000 0.142 0 1 0 0 0 0
 184 145283.000 133056.000 0 0 0.000 0.000 0.000 0.137 0 1 0 0 0 0
 185 75831.000 49503.000 0 0 0.000 0.000 0.000 0.138 0 1 0 0 0 0
 186 154933.000 112492.000 0 0 0.000 0.000 0.000 0.150 0 1 0 0 0 0
 187 60523.000 59917.000 0 0 0.000 0.000 0.000 0.137 0 1 0 0 0 0
 188 131037.000 53115.000 0 0 0.000 0.000 0.000 0.151 0 1 0 0 0 0
 189 44071.000 89783.000 0 0 0.000 0.000 0.000 0.140 0 1 0 0 0 0
 190 58572.000 60864.000 0 0 0.000 0.000 0.000 0.140 0 1 0 0 0 0
 191 94260.000 157325.000 0 0 0.000 0.000 0.000 0.133 0 1 0 0 0 0
 192 63115.000 56317.000 0 0 0.000 0.000 0.000 0.130 0 1 0 0 0 0
 193 155992.000 113237.000 0 0 0.000 0.000 0.000 0.146 0 1 0 0 0 0
 194 146584.000 134216.000 0 0 0.000 0.000 0.000 0.133 0 1 0 0 0 0
 195 156987.000 90702.000 0 0 0.000 0.000 0.000 0.143 0 1 0 0 0 0
 196 142983.000 61434.000 0 0 0.000 0.000 0.000 0.136 0 1 0 0 0 0
 197 83066.000 155653.000 0 0 0.000 0.000 0.000 0.132 0 1 0 0 0 0
 198 52274.000 133460.000 0 0 0.000 0.000 0.000 0.155 0 1 0 0 0 0
 199 157952.000 92207.000 0 0 0.000 0.000 0.000 0.133 0 1 0 0 0 0
 200 144615.000 62365.000 0 0 0.000 0.000 0.000 0.147 0 1 0 0 0 0
 201 43419.000 84624.000 0 0 0.000 0.000 0.000 0.135 0 1 0 0 0 0
 202 42226.000 87540.000 0 0 0.000 0.000 0.000 0.137 0 1 0 0 0 0
 203 41001.000 95233.000 0 0 0.000 0.000 0.000 0.130 0 1 0 0 0 0
 204 96601.000 159586.000 0 0 0.000 0.000 0.000 0.135 0 1 0 0 0 0
 205 84378.000 157740.000 0 0 0.000 0.000 0.000 0.141 0 1 0 0 0 0
 206 112575.000 41745.000 0 0 0.000 0.000 0.000 0.160 0 1 0 0 0 0
 207 139408.000 55034.000 0 0 0.000 0.000 0.000 0.132 0 1 0 0 0 0
 208 147400.000 63634.000 0 0 0.000 0.000 0.000 0.150 0 1 0 0 0 0
 209 112065.000 159471.000 0 0 0.000 0.000 0.000 0.135 0 1 0 0 0 0
 210 45776.000 127075.000 0 0 0.000 0.000 0.000 0.139 0 1 0 0 0 0
 211 125761.000 45149.000 0 0 0.000 0.000 0.000 0.130 0 1 0 0 0 0
 212 160908.000 103684.000 0 0 0.000 0.000 0.000 0.134 0 1 0 0 0 0
 213 38860.000 100599.000 0 0 0.000 0.000 0.000 0.134 0 1 0 0 0 0
 214 48973.000 66482.000 0 0 0.000 0.000 0.000 0.137 0 1 0 0 0 0
 215 97923.000 38325.000 0 0 0.000 0.000 0.000 0.140 0 1 0 0 0 0
 216 155564.000 72176.000 0 0 0.000 0.000 0.000 0.133 0 1 0 0 0 0
 217 127250.000 44208.000 0 0 0.000 0.000 0.000 0.130 0 1 0 0 0 0
 218 86744.000 161295.000 0 0 0.000 0.000 0.000 0.148 0 1 0 0 0 0
 219 49446.000 63513.000 0 0 0.000 0.000 0.000 0.138 0 1 0 0 0 0
 220 119582.000 159914.000 0 0 0.000 0.000 0.000 0.134 0 1 0 0 0 0
 221 43139.000 127557.000 0 0 0.000 0.000 0.000 0.134 0 1 0 0 0 0
 222 39612.000 81785.000 0 0 0.000 0.000 0.000 0.138 0 1 0 0 0 0
 223 150338.000 61125.000 0 0 0.000 0.000 0.000 0.134 0 1 0 0 0 0
 224 155380.000 68662.000 0 0 0.000 0.000 0.000 0.144 0 1 0 0 0 0
 225 39754.000 79161.000 0 0 0.000 0.000 0.000 0.145 0 1 0 0 0 0
 226 107734.000 36688.000 0 0 0.000 0.000 0.000 0.134 0 1 0 0 0 0
 227 90956.000 165176.000 0 0 0.000 0.000 0.000 0.139 0 1 0 0 0 0
 228 115189.000 36498.000 0 0 0.000 0.000 0.000 0.130 0 1 0 0 0 0
 229 41379.000 69698.000 0 0 0.000 0.000 0.000 0.131 0 1 0 0 0 0
 230 138509.000 46587.000 0 0 0.000 0.000 0.000 0.135 0 1 0 0 0 0
 231 47652.000 141197.000 0 0 0.000 0.000 0.000 0.133 0 1 0 0 0 0
 232 145784.000 148876.000 0 0 0.000 0.000 0.000 0.135 0 1 0 0 0 0
 233 68624.000 159405.000 0 0 0.000 0.000 0.000 0.144 0 1 0 0 0 0
 234 40253.000 130817.000 0 0 0.000 0.000 0.000 0.136 0 1 0 0 0 0
 235 148215.000 53262.000 0 0 0.000 0.000 0.000 0.142 0 1 0 0 0 0
 236 39161.000 129299.000 0 0 0.000 0.000 0.000 0.136 0 1 0 0 0 0
 237 69354.000 40103.000 0 0 0.000 0.000 0.000 0.144 0 1 0 0 0 0
 238 165989.000 86350.000 0 0 0.000 0.000 0.000 0.136 0 1 0 0 0 0
 239 53459.000 50591.000 0 0 0.000 0.000 0.000 0.144 0 1 0 0 0 0
 240 104220.000 31798.000 0 0 0.000 0.000 0.000 0.137 0 1 0 0 0 0
 241 158115.000 63268.000 0 0 0.000 0.000 0.000 0.130 0 1 0 0 0 0
 242 51816.000 50508.000 0 0 0.000 0.000 0.000 0.148 0 1 0 0 0 0
 243 148805.000 51088.000 0 0 0.000 0.000 0.000 0.133 0 1 0 0 0 0
 244 137068.000 158862.000 0 0 0.000 0.000 0.000 0.130 0 1 0 0 0 0
 245 41743.000 62372.000 0 0 0.000 0.000 0.000 0.132 0 1 0 0 0 0
 246 128007.000 163962.000 0 0 0.000 0.000 0.000 0.135 0 1 0 0 0 0
 247 64541.000 39984.000 0 0 0.000 0.000 0.000 0.130 0 1 0 0 0 0
 248 164689.000 73425.000 0 0 0.000 0.000 0.000 0.133 0 1 0 0 0 0
 249 148398.000 151268.000 0 0 0.000 0.000 0.000 0.137 0 1 0 0 0 0
 250 75385.000 166516.000 0 0 0.000 0.000 0.000 0.136 0 1 0 0 0 0
 251 32127.000 121435.000 0 0 0.000 0.000 0.000 0.130 0 1 0 0 0 0
 252 165443.000 72334.000 0 0 0.000 0.000 0.000 0.134 0 1 0 0 0 0
 253 133196.000 37097.000 0 0 0.000 0.000 0.000 0.139 0 1 0 0 0 0
 254 39994.000 60556.000 0 0 0.000 0.000 0.000 0.139 0 1 0 0 0 0
 255 114938.000 29694.000 0 0 0.000 0.000 0.000 0.139 0 1 0 0 0 0
 256 137556.000 161720.000 0 0 0.000 0.000 0.000 0.138 0 1 0 0 0 0
 257 38570.000 60241.000 0 0 0.000 0.000 0.000 0.220 0 1 0 0 0 0
 258 140644.000 161541.000 0 0 0.000 0.000 0.000 0.135 0 1 0 0 0 0
 259 87837.000 27541.000 0 0 0.000 0.000 0.000 0.136 0 1 0 0 0 0
 260 82458.000 171908.000 0 0 0.000 0.000 0.000 0.136 0 1 0 0 0 0
 261 37295.000 140269.000 0 0 0.000 0.000 0.000 0.144 0 1 0 0 0 0
 262 174459.000 100309.000 0 0 0.000 0.000 0.000 0.138 0 1 0 0 0 0
 263 128835.000 31072.000 0 0 0.000 0.000 0.000 0.136 0 1 0 0 0 0
 264 172857.000 82933.000 0 0 0.000 0.000 0.000 0.132 0 1 0 0 0 0
 265 78328.000 28154.000 0 0 0.000 0.000 0.000 0.131 0 1 0 0 0 0
 266 40368.000 54123.000 0 0 0.000 0.000 0.000 0.150 0 1 0 0 0 0
 267 150604.000 157565.000 0 0 0.000 0.000 0.000 0.131 0 1 0 0 0 0
 268 133001.000 30439.000 0 0 0.000 0.000 0.000 0.135 0 1 0 0 0 0
 269 99942.000 22752.000 0 0 0.000 0.000 0.000 0.140 0 1 0 0 0 0
 270 46718.000 156447.000 0 0 0.000 0.000 0.000 0.130 0 1 0 0 0 0
 271 176358.000 86227.000 0 0 0.000 0.000 0.000 0.133 0 1 0 0 0 0
 272 171075.000 132614.000 0 0 0.000 0.000 0.000 0.151 0 1 0 0 0 0
 273 171545.000 133472.000 0 0 0.000 0.000 0.000 0.132 0 1 0 0 0 0
 274 168001.000 59805.000 0 0 0.000 0.000 0.000 0.138 0 1 0 0 0 0
 275 20352.000 105910.000 0 0 0.000 0.000 0.000 0.140 0 1 0 0 0 0
 276 28345.000 138070.000 0 0 0.000 0.000 0.000 0.137 0 1 0 0 0 0
 277 31270.000 57395.000 0 0 0.000 0.000 0.000 0.151 0 1 0 0 0 0
 278 61284.000 171840.000 0 0 0.000 0.000 0.000 0.138 0 1 0 0 0 0
 279 29918.000 141909.000 0 0 0.000 0.000 0.000 0.142 0 1 0 0 0 0
 280 167751.000 54804.000 0 0 0.000 0.000 0.000 0.131 0 1 0 0 0 0
 281 74250.000 177909.000 0 0 0.000 0.000 0.000 0.132 0 1 0 0 0 0
 282 92713.000 181888.000 0 0 0.000 0.000 0.000 0.133 0 1 0 0 0 0
 283 78560.000 179330.000 0 0 0.000 0.000 0.000 0.138 0 1 0 0 0 0
 284 102561.000 182902.000 0 0 0.000 0.000 0.000 0.266 0 1 0 0 0 0
 285 24558.000 134356.000 0 0 0.000 0.000 0.000 0.130 0 1 0 0 0 0
 286 138265.000 173837.000 0 0 0.000 0.000 0.000 0.135 0 1 0 0 0 0
 287 21194.000 74106.000 0 0 0.000 0.000 0.000 0.132 0 1 0 0 0 0
 288 142159.000 27809.000 0 0 0.000 0.000 0.000 0.148 0 1 0 0 0 0
 289 17568.000 128523.000 0 0 0.000 0.000 0.000 0.135 0 1 0 0 0 0
 290 175432.000 56024.000 0 0 0.000 0.000 0.000 0.134 0 1 0 0 0 0
 291 103433.000 11203.000 0 0 0.000 0.000 0.000 0.141 0 1 0 0 0 0
 292 132133.000 17092.000 0 0 0.000 0.000 0.000 200000.000 0 1 0 200 0 0
 293 175703.000 148213.000 0 0 0.000 0.000 0.000 0.135 0 1 0 0 0 0
 294 16621.000 134755.000 0 0 0.000 0.000 0.000 0.130 0 1 0 0 0 0
 295 172439.000 155541.000 0 0 0.000 0.000 0.000 0.130 0 1 0 0 0 0;
ProcessEquipmentIDList 1
  "6632" ;
SummarySpec 5
  TESTNO    NDEFECT    DEFDENSITY    NDIE    NDEFDIE  ;
SummaryList 
  1    295    1.079    1    1  ;
EndOfFile;
