FileVersion 1 2;
FileTimestamp 01-06-26 19:26:25;
InspectionStationID "KLA-Tencor" "SFSSP1" "0901-0728-TBI";
SampleType WAFER;
ResultTimestamp 01-06-26 19:22:44;
LotID "2580";
SampleSize 1 200;
DeviceID "None";
SetupID "T2-2580NR" 01-06-26 19:22:44;
StepID "6552";
SampleOrientationMarkType NOTCH;
OrientationMarkLocation DOWN;
DiePitch 200000 200000;
DieOrigin 0 0;
WaferID "05";
Slot 5;
SampleCenterLocation 100000 100000;
ClassLookup 1
  0 "0"  ;
OrientationInstructions "Front";
CoordinatesMirrored No;
InspectionTest 1;
SampleTestPlan 1
  0 0 ;
AreaPerTest 2.73534e+010;
DefectRecordSpec 15 DEFECTID XREL YREL XINDEX YINDEX XSIZE YSIZE DEFECTAREA DSIZE CLASSNUMBER TEST CLUSTERNUMBER ROUGHBINNUMBER FINEBINNUMBER REVIEWSAMPLE ;
DefectList
 1 103471.000 97619.000 0 0 0.000 0.000 0.000 0.138 0 1 0 0 0 0
 2 100583.000 94736.000 0 0 0.000 0.000 0.000 0.141 0 1 0 0 0 0
 3 106518.000 99829.000 0 0 0.000 0.000 0.000 0.132 0 1 0 0 0 0
 4 94304.000 103815.000 0 0 0.000 0.000 0.000 0.134 0 1 0 0 0 0
 5 102751.000 93428.000 0 0 0.000 0.000 0.000 0.149 0 1 0 0 0 0
 6 91852.000 102793.000 0 0 0.000 0.000 0.000 0.144 0 1 0 0 0 0
 7 106399.000 106434.000 0 0 0.000 0.000 0.000 0.155 0 1 0 0 0 0
 8 103883.000 91131.000 0 0 0.000 0.000 0.000 0.151 0 1 0 0 0 0
 9 108623.000 92368.000 0 0 0.000 0.000 0.000 0.140 0 1 0 0 0 0
 10 90208.000 106705.000 0 0 0.000 0.000 0.000 0.137 0 1 0 0 0 0
 11 99388.000 112598.000 0 0 0.000 0.000 0.000 0.151 0 1 0 0 0 0
 12 98459.000 112741.000 0 0 0.000 0.000 0.000 0.144 0 1 0 0 0 0
 13 101081.000 113869.000 0 0 0.000 0.000 0.000 0.140 0 1 0 0 0 0
 14 111794.000 93026.000 0 0 0.000 0.000 0.000 0.136 0 1 0 0 0 0
 15 87377.000 106108.000 0 0 0.000 0.000 0.000 0.177 0 1 0 0 0 0
 16 112724.000 108183.000 0 0 0.000 0.000 0.000 0.138 0 1 0 0 0 0
 17 88215.000 109943.000 0 0 0.000 0.000 0.000 0.137 0 1 0 0 0 0
 18 115000.000 97653.000 0 0 0.000 0.000 0.000 0.130 0 1 0 0 0 0
 19 115419.000 102860.000 0 0 0.000 0.000 0.000 0.132 0 1 0 0 0 0
 20 85829.000 92297.000 0 0 0.000 0.000 0.000 0.152 0 1 0 0 0 0
 21 90577.000 113666.000 0 0 0.000 0.000 0.000 0.130 0 1 0 0 0 0
 22 99028.000 116691.000 0 0 0.000 0.000 0.000 0.139 0 1 0 0 0 0
 23 110734.000 87459.000 0 0 0.000 0.000 0.000 0.131 0 1 0 0 0 0
 24 103720.000 117333.000 0 0 0.000 0.000 0.000 0.132 0 1 0 0 0 0
 25 110083.000 85741.000 0 0 0.000 0.000 0.000 0.140 0 1 0 0 0 0
 26 110266.000 115266.000 0 0 0.000 0.000 0.000 0.145 0 1 0 0 0 0
 27 95008.000 118117.000 0 0 0.000 0.000 0.000 0.147 0 1 0 0 0 0
 28 108855.000 83842.000 0 0 0.000 0.000 0.000 0.131 0 1 0 0 0 0
 29 84370.000 89153.000 0 0 0.000 0.000 0.000 0.138 0 1 0 0 0 0
 30 102974.000 81152.000 0 0 0.000 0.000 0.000 0.142 0 1 0 0 0 0
 31 86263.000 85974.000 0 0 0.000 0.000 0.000 0.145 0 1 0 0 0 0
 32 118694.000 108663.000 0 0 0.000 0.000 0.000 0.146 0 1 0 0 0 0
 33 81598.000 109330.000 0 0 0.000 0.000 0.000 0.173 0 1 0 0 0 0
 34 79416.000 99398.000 0 0 0.000 0.000 0.000 0.142 0 1 0 0 0 0
 35 91160.000 81240.000 0 0 0.000 0.000 0.000 0.144 0 1 0 0 0 0
 36 114481.000 85011.000 0 0 0.000 0.000 0.000 0.140 0 1 0 0 0 0
 37 86853.000 116935.000 0 0 0.000 0.000 0.000 0.144 0 1 0 0 0 0
 38 118896.000 110305.000 0 0 0.000 0.000 0.000 0.151 0 1 0 0 0 0
 39 116816.000 113278.000 0 0 0.000 0.000 0.000 0.167 0 1 0 0 0 0
 40 78480.000 104993.000 0 0 0.000 0.000 0.000 0.142 0 1 0 0 0 0
 41 120466.000 108367.000 0 0 0.000 0.000 0.000 0.140 0 1 0 0 0 0
 42 112458.000 118845.000 0 0 0.000 0.000 0.000 0.157 0 1 0 0 0 0
 43 100506.000 77730.000 0 0 0.000 0.000 0.000 0.156 0 1 0 0 0 0
 44 91941.000 122324.000 0 0 0.000 0.000 0.000 0.160 0 1 0 0 0 0
 45 79751.000 88161.000 0 0 0.000 0.000 0.000 0.144 0 1 0 0 0 0
 46 123491.000 100365.000 0 0 0.000 0.000 0.000 0.146 0 1 0 0 0 0
 47 78087.000 90714.000 0 0 0.000 0.000 0.000 0.132 0 1 0 0 0 0
 48 81498.000 85088.000 0 0 0.000 0.000 0.000 0.146 0 1 0 0 0 0
 49 103816.000 76660.000 0 0 0.000 0.000 0.000 0.140 0 1 0 0 0 0
 50 119265.000 86253.000 0 0 0.000 0.000 0.000 0.130 0 1 0 0 0 0
 51 119529.000 86141.000 0 0 0.000 0.000 0.000 0.133 0 1 0 0 0 0
 52 90857.000 122581.000 0 0 0.000 0.000 0.000 0.133 0 1 0 0 0 0
 53 110050.000 122770.000 0 0 0.000 0.000 0.000 0.134 0 1 0 0 0 0
 54 106054.000 124322.000 0 0 0.000 0.000 0.000 0.133 0 1 0 0 0 0
 55 117343.000 118530.000 0 0 0.000 0.000 0.000 0.133 0 1 0 0 0 0
 56 103212.000 125393.000 0 0 0.000 0.000 0.000 0.159 0 1 0 0 0 0
 57 93169.000 125027.000 0 0 0.000 0.000 0.000 0.143 0 1 0 0 0 0
 58 74166.000 98579.000 0 0 0.000 0.000 0.000 0.147 0 1 0 0 0 0
 59 122655.000 87356.000 0 0 0.000 0.000 0.000 0.133 0 1 0 0 0 0
 60 117794.000 119375.000 0 0 0.000 0.000 0.000 0.156 0 1 0 0 0 0
 61 116972.000 79915.000 0 0 0.000 0.000 0.000 0.146 0 1 0 0 0 0
 62 75781.000 111129.000 0 0 0.000 0.000 0.000 0.143 0 1 0 0 0 0
 63 72597.000 102275.000 0 0 0.000 0.000 0.000 0.133 0 1 0 0 0 0
 64 91082.000 74268.000 0 0 0.000 0.000 0.000 0.156 0 1 0 0 0 0
 65 127061.000 105431.000 0 0 0.000 0.000 0.000 0.139 0 1 0 0 0 0
 66 73153.000 107334.000 0 0 0.000 0.000 0.000 0.141 0 1 0 0 0 0
 67 124145.000 86582.000 0 0 0.000 0.000 0.000 0.130 0 1 0 0 0 0
 68 124992.000 113551.000 0 0 0.000 0.000 0.000 0.147 0 1 0 0 0 0
 69 128669.000 96452.000 0 0 0.000 0.000 0.000 0.141 0 1 0 0 0 0
 70 111409.000 126999.000 0 0 0.000 0.000 0.000 0.137 0 1 0 0 0 0
 71 84132.000 124927.000 0 0 0.000 0.000 0.000 0.134 0 1 0 0 0 0
 72 117853.000 77008.000 0 0 0.000 0.000 0.000 0.130 0 1 0 0 0 0
 73 121947.000 80567.000 0 0 0.000 0.000 0.000 0.137 0 1 0 0 0 0
 74 107716.000 128820.000 0 0 0.000 0.000 0.000 0.140 0 1 0 0 0 0
 75 70487.000 106321.000 0 0 0.000 0.000 0.000 0.157 0 1 0 0 0 0
 76 122454.000 79328.000 0 0 0.000 0.000 0.000 0.135 0 1 0 0 0 0
 77 71637.000 88010.000 0 0 0.000 0.000 0.000 0.149 0 1 0 0 0 0
 78 96788.000 131216.000 0 0 0.000 0.000 0.000 0.133 0 1 0 0 0 0
 79 83403.000 72813.000 0 0 0.000 0.000 0.000 0.136 0 1 0 0 0 0
 80 76284.000 122247.000 0 0 0.000 0.000 0.000 0.144 0 1 0 0 0 0
 81 132654.000 97540.000 0 0 0.000 0.000 0.000 0.142 0 1 0 0 0 0
 82 72477.000 82061.000 0 0 0.000 0.000 0.000 0.131 0 1 0 0 0 0
 83 130796.000 87939.000 0 0 0.000 0.000 0.000 0.136 0 1 0 0 0 0
 84 86385.000 69619.000 0 0 0.000 0.000 0.000 0.145 0 1 0 0 0 0
 85 111016.000 131946.000 0 0 0.000 0.000 0.000 0.132 0 1 0 0 0 0
 86 71692.000 119178.000 0 0 0.000 0.000 0.000 0.134 0 1 0 0 0 0
 87 120535.000 127447.000 0 0 0.000 0.000 0.000 0.148 0 1 0 0 0 0
 88 117306.000 130163.000 0 0 0.000 0.000 0.000 0.135 0 1 0 0 0 0
 89 128365.000 80109.000 0 0 0.000 0.000 0.000 0.136 0 1 0 0 0 0
 90 130112.000 82342.000 0 0 0.000 0.000 0.000 0.141 0 1 0 0 0 0
 91 67707.000 115424.000 0 0 0.000 0.000 0.000 0.155 0 1 0 0 0 0
 92 96752.000 64278.000 0 0 0.000 0.000 0.000 0.134 0 1 0 0 0 0
 93 113586.000 66711.000 0 0 0.000 0.000 0.000 0.135 0 1 0 0 0 0
 94 73495.000 125134.000 0 0 0.000 0.000 0.000 0.132 0 1 0 0 0 0
 95 66328.000 114571.000 0 0 0.000 0.000 0.000 0.130 0 1 0 0 0 0
 96 63844.000 106003.000 0 0 0.000 0.000 0.000 0.130 0 1 0 0 0 0
 97 136558.000 100439.000 0 0 0.000 0.000 0.000 0.153 0 1 0 0 0 0
 98 65627.000 113407.000 0 0 0.000 0.000 0.000 0.133 0 1 0 0 0 0
 99 68994.000 79876.000 0 0 0.000 0.000 0.000 0.133 0 1 0 0 0 0
 100 84319.000 134094.000 0 0 0.000 0.000 0.000 0.135 0 1 0 0 0 0
 101 138107.000 103032.000 0 0 0.000 0.000 0.000 0.140 0 1 0 0 0 0
 102 61928.000 95195.000 0 0 0.000 0.000 0.000 0.139 0 1 0 0 0 0
 103 125943.000 72018.000 0 0 0.000 0.000 0.000 0.135 0 1 0 0 0 0
 104 99405.000 138640.000 0 0 0.000 0.000 0.000 0.150 0 1 0 0 0 0
 105 119977.000 67270.000 0 0 0.000 0.000 0.000 0.154 0 1 0 0 0 0
 106 131211.000 77691.000 0 0 0.000 0.000 0.000 0.165 0 1 0 0 0 0
 107 138622.000 95487.000 0 0 0.000 0.000 0.000 0.140 0 1 0 0 0 0
 108 80389.000 134211.000 0 0 0.000 0.000 0.000 0.150 0 1 0 0 0 0
 109 115684.000 64120.000 0 0 0.000 0.000 0.000 0.162 0 1 0 0 0 0
 110 63811.000 84460.000 0 0 0.000 0.000 0.000 0.167 0 1 0 0 0 0
 111 139028.000 106861.000 0 0 0.000 0.000 0.000 0.135 0 1 0 0 0 0
 112 86502.000 137447.000 0 0 0.000 0.000 0.000 0.132 0 1 0 0 0 0
 113 66437.000 121527.000 0 0 0.000 0.000 0.000 200000.000 0 1 0 200 0 0
 114 95755.000 139697.000 0 0 0.000 0.000 0.000 0.152 0 1 0 0 0 0
 115 60274.000 97737.000 0 0 0.000 0.000 0.000 0.168 0 1 0 0 0 0
 116 100092.000 60223.000 0 0 0.000 0.000 0.000 0.136 0 1 0 0 0 0
 117 113135.000 138190.000 0 0 0.000 0.000 0.000 0.138 0 1 0 0 0 0
 118 108081.000 139695.000 0 0 0.000 0.000 0.000 0.153 0 1 0 0 0 0
 119 60010.000 94654.000 0 0 0.000 0.000 0.000 0.148 0 1 0 0 0 0
 120 60285.000 92948.000 0 0 0.000 0.000 0.000 0.169 0 1 0 0 0 0
 121 135365.000 80229.000 0 0 0.000 0.000 0.000 0.138 0 1 0 0 0 0
 122 81951.000 136541.000 0 0 0.000 0.000 0.000 0.131 0 1 0 0 0 0
 123 140382.000 105408.000 0 0 0.000 0.000 0.000 0.135 0 1 0 0 0 0
 124 126629.000 131208.000 0 0 0.000 0.000 0.000 0.134 0 1 0 0 0 0
 125 78725.000 65398.000 0 0 0.000 0.000 0.000 0.149 0 1 0 0 0 0
 126 140733.000 103368.000 0 0 0.000 0.000 0.000 0.146 0 1 0 0 0 0
 127 59939.000 91101.000 0 0 0.000 0.000 0.000 0.147 0 1 0 0 0 0
 128 66689.000 75843.000 0 0 0.000 0.000 0.000 0.140 0 1 0 0 0 0
 129 138874.000 85774.000 0 0 0.000 0.000 0.000 0.138 0 1 0 0 0 0
 130 134421.000 76910.000 0 0 0.000 0.000 0.000 0.141 0 1 0 0 0 0
 131 93378.000 141335.000 0 0 0.000 0.000 0.000 0.137 0 1 0 0 0 0
 132 92489.000 141160.000 0 0 0.000 0.000 0.000 0.140 0 1 0 0 0 0
 133 75932.000 134206.000 0 0 0.000 0.000 0.000 0.142 0 1 0 0 0 0
 134 137490.000 81793.000 0 0 0.000 0.000 0.000 0.132 0 1 0 0 0 0
 135 117931.000 62309.000 0 0 0.000 0.000 0.000 0.137 0 1 0 0 0 0
 136 108158.000 58952.000 0 0 0.000 0.000 0.000 0.164 0 1 0 0 0 0
 137 61521.000 118271.000 0 0 0.000 0.000 0.000 0.140 0 1 0 0 0 0
 138 77815.000 136805.000 0 0 0.000 0.000 0.000 0.143 0 1 0 0 0 0
 139 58447.000 90691.000 0 0 0.000 0.000 0.000 0.151 0 1 0 0 0 0
 140 61697.000 81078.000 0 0 0.000 0.000 0.000 0.132 0 1 0 0 0 0
 141 61144.000 119472.000 0 0 0.000 0.000 0.000 0.133 0 1 0 0 0 0
 142 79389.000 138645.000 0 0 0.000 0.000 0.000 0.145 0 1 0 0 0 0
 143 57265.000 91730.000 0 0 0.000 0.000 0.000 0.144 0 1 0 0 0 0
 144 97603.000 56480.000 0 0 0.000 0.000 0.000 0.164 0 1 0 0 0 0
 145 143399.000 92945.000 0 0 0.000 0.000 0.000 0.130 0 1 0 0 0 0
 146 115506.000 141440.000 0 0 0.000 0.000 0.000 0.131 0 1 0 0 0 0
 147 99358.000 144278.000 0 0 0.000 0.000 0.000 0.130 0 1 0 0 0 0
 148 92905.000 143873.000 0 0 0.000 0.000 0.000 0.130 0 1 0 0 0 0
 149 83084.000 59386.000 0 0 0.000 0.000 0.000 0.138 0 1 0 0 0 0
 150 115764.000 58927.000 0 0 0.000 0.000 0.000 0.130 0 1 0 0 0 0
 151 118166.000 59444.000 0 0 0.000 0.000 0.000 0.152 0 1 0 0 0 0
 152 142347.000 116077.000 0 0 0.000 0.000 0.000 0.139 0 1 0 0 0 0
 153 59662.000 79280.000 0 0 0.000 0.000 0.000 0.138 0 1 0 0 0 0
 154 54874.000 92188.000 0 0 0.000 0.000 0.000 0.131 0 1 0 0 0 0
 155 141759.000 80388.000 0 0 0.000 0.000 0.000 0.139 0 1 0 0 0 0
 156 111967.000 145455.000 0 0 0.000 0.000 0.000 0.148 0 1 0 0 0 0
 157 146799.000 95171.000 0 0 0.000 0.000 0.000 0.134 0 1 0 0 0 0
 158 134071.000 67363.000 0 0 0.000 0.000 0.000 0.150 0 1 0 0 0 0
 159 138663.000 127758.000 0 0 0.000 0.000 0.000 0.135 0 1 0 0 0 0
 160 70529.000 138288.000 0 0 0.000 0.000 0.000 0.143 0 1 0 0 0 0
 161 92976.000 147988.000 0 0 0.000 0.000 0.000 0.142 0 1 0 0 0 0
 162 136076.000 67833.000 0 0 0.000 0.000 0.000 0.138 0 1 0 0 0 0
 163 128320.000 139790.000 0 0 0.000 0.000 0.000 0.131 0 1 0 0 0 0
 164 59248.000 73236.000 0 0 0.000 0.000 0.000 0.162 0 1 0 0 0 0
 165 69801.000 61695.000 0 0 0.000 0.000 0.000 0.137 0 1 0 0 0 0
 166 51336.000 106996.000 0 0 0.000 0.000 0.000 0.141 0 1 0 0 0 0
 167 132922.000 63706.000 0 0 0.000 0.000 0.000 0.136 0 1 0 0 0 0
 168 105611.000 149215.000 0 0 0.000 0.000 0.000 0.138 0 1 0 0 0 0
 169 50896.000 95132.000 0 0 0.000 0.000 0.000 0.137 0 1 0 0 0 0
 170 143712.000 76684.000 0 0 0.000 0.000 0.000 0.135 0 1 0 0 0 0
 171 145251.000 79816.000 0 0 0.000 0.000 0.000 0.130 0 1 0 0 0 0
 172 128594.000 141081.000 0 0 0.000 0.000 0.000 0.143 0 1 0 0 0 0
 173 91262.000 149552.000 0 0 0.000 0.000 0.000 0.157 0 1 0 0 0 0
 174 127005.000 57738.000 0 0 0.000 0.000 0.000 0.146 0 1 0 0 0 0
 175 145554.000 121950.000 0 0 0.000 0.000 0.000 0.133 0 1 0 0 0 0
 176 138026.000 133452.000 0 0 0.000 0.000 0.000 0.143 0 1 0 0 0 0
 177 137827.000 133723.000 0 0 0.000 0.000 0.000 0.137 0 1 0 0 0 0
 178 147015.000 119425.000 0 0 0.000 0.000 0.000 0.150 0 1 0 0 0 0
 179 137921.000 134466.000 0 0 0.000 0.000 0.000 0.131 0 1 0 0 0 0
 180 150738.000 93094.000 0 0 0.000 0.000 0.000 0.132 0 1 0 0 0 0
 181 150830.000 93593.000 0 0 0.000 0.000 0.000 0.136 0 1 0 0 0 0
 182 81216.000 52417.000 0 0 0.000 0.000 0.000 0.139 0 1 0 0 0 0
 183 119933.000 147769.000 0 0 0.000 0.000 0.000 0.150 0 1 0 0 0 0
 184 123918.000 54376.000 0 0 0.000 0.000 0.000 0.136 0 1 0 0 0 0
 185 68583.000 141430.000 0 0 0.000 0.000 0.000 0.132 0 1 0 0 0 0
 186 140965.000 68419.000 0 0 0.000 0.000 0.000 0.134 0 1 0 0 0 0
 187 145001.000 126429.000 0 0 0.000 0.000 0.000 0.138 0 1 0 0 0 0
 188 149314.000 83781.000 0 0 0.000 0.000 0.000 0.130 0 1 0 0 0 0
 189 60411.000 134216.000 0 0 0.000 0.000 0.000 0.138 0 1 0 0 0 0
 190 52035.000 121000.000 0 0 0.000 0.000 0.000 0.130 0 1 0 0 0 0
 191 53316.000 123958.000 0 0 0.000 0.000 0.000 0.131 0 1 0 0 0 0
 192 142545.000 131350.000 0 0 0.000 0.000 0.000 0.136 0 1 0 0 0 0
 193 153360.000 101338.000 0 0 0.000 0.000 0.000 0.131 0 1 0 0 0 0
 194 48267.000 86061.000 0 0 0.000 0.000 0.000 0.152 0 1 0 0 0 0
 195 56337.000 69228.000 0 0 0.000 0.000 0.000 0.130 0 1 0 0 0 0
 196 60038.000 136117.000 0 0 0.000 0.000 0.000 0.152 0 1 0 0 0 0
 197 126794.000 147221.000 0 0 0.000 0.000 0.000 0.138 0 1 0 0 0 0
 198 79057.000 150199.000 0 0 0.000 0.000 0.000 0.146 0 1 0 0 0 0
 199 47572.000 81791.000 0 0 0.000 0.000 0.000 0.138 0 1 0 0 0 0
 200 95205.000 45015.000 0 0 0.000 0.000 0.000 0.133 0 1 0 0 0 0
 201 115458.000 47039.000 0 0 0.000 0.000 0.000 0.131 0 1 0 0 0 0
 202 55021.000 67554.000 0 0 0.000 0.000 0.000 0.153 0 1 0 0 0 0
 203 44569.000 109867.000 0 0 0.000 0.000 0.000 0.132 0 1 0 0 0 0
 204 104702.000 43955.000 0 0 0.000 0.000 0.000 0.133 0 1 0 0 0 0
 205 72900.000 150268.000 0 0 0.000 0.000 0.000 0.140 0 1 0 0 0 0
 206 85040.000 45260.000 0 0 0.000 0.000 0.000 0.158 0 1 0 0 0 0
 207 128285.000 149839.000 0 0 0.000 0.000 0.000 0.139 0 1 0 0 0 0
 208 133714.000 146469.000 0 0 0.000 0.000 0.000 0.149 0 1 0 0 0 0
 209 112959.000 156244.000 0 0 0.000 0.000 0.000 0.139 0 1 0 0 0 0
 210 145679.000 135257.000 0 0 0.000 0.000 0.000 0.147 0 1 0 0 0 0
 211 42627.000 94477.000 0 0 0.000 0.000 0.000 0.144 0 1 0 0 0 0
 212 44012.000 85478.000 0 0 0.000 0.000 0.000 0.150 0 1 0 0 0 0
 213 52185.000 133052.000 0 0 0.000 0.000 0.000 0.151 0 1 0 0 0 0
 214 147638.000 66692.000 0 0 0.000 0.000 0.000 0.139 0 1 0 0 0 0
 215 157795.000 90542.000 0 0 0.000 0.000 0.000 0.141 0 1 0 0 0 0
 216 85725.000 43365.000 0 0 0.000 0.000 0.000 0.131 0 1 0 0 0 0
 217 96505.000 41453.000 0 0 0.000 0.000 0.000 0.145 0 1 0 0 0 0
 218 155182.000 79768.000 0 0 0.000 0.000 0.000 0.148 0 1 0 0 0 0
 219 99151.000 159605.000 0 0 0.000 0.000 0.000 0.152 0 1 0 0 0 0
 220 83491.000 43142.000 0 0 0.000 0.000 0.000 0.135 0 1 0 0 0 0
 221 135085.000 148303.000 0 0 0.000 0.000 0.000 0.131 0 1 0 0 0 0
 222 90947.000 159339.000 0 0 0.000 0.000 0.000 0.139 0 1 0 0 0 0
 223 106734.000 160388.000 0 0 0.000 0.000 0.000 0.133 0 1 0 0 0 0
 224 79978.000 42485.000 0 0 0.000 0.000 0.000 0.148 0 1 0 0 0 0
 225 58252.000 55420.000 0 0 0.000 0.000 0.000 0.135 0 1 0 0 0 0
 226 96905.000 162507.000 0 0 0.000 0.000 0.000 0.146 0 1 0 0 0 0
 227 113564.000 39334.000 0 0 0.000 0.000 0.000 0.155 0 1 0 0 0 0
 228 161033.000 113828.000 0 0 0.000 0.000 0.000 0.134 0 1 0 0 0 0
 229 63026.000 150807.000 0 0 0.000 0.000 0.000 0.132 0 1 0 0 0 0
 230 38526.000 111588.000 0 0 0.000 0.000 0.000 0.131 0 1 0 0 0 0
 231 84714.000 39490.000 0 0 0.000 0.000 0.000 0.132 0 1 0 0 0 0
 232 141346.000 147355.000 0 0 0.000 0.000 0.000 0.136 0 1 0 0 0 0
 233 106179.000 162976.000 0 0 0.000 0.000 0.000 0.149 0 1 0 0 0 0
 234 69499.000 155613.000 0 0 0.000 0.000 0.000 0.247 0 1 0 0 0 0
 235 37324.000 92221.000 0 0 0.000 0.000 0.000 0.131 0 1 0 0 0 0
 236 56227.000 146314.000 0 0 0.000 0.000 0.000 0.134 0 1 0 0 0 0
 237 162554.000 88196.000 0 0 0.000 0.000 0.000 0.140 0 1 0 0 0 0
 238 162739.000 111686.000 0 0 0.000 0.000 0.000 0.131 0 1 0 0 0 0
 239 138412.000 151551.000 0 0 0.000 0.000 0.000 0.133 0 1 0 0 0 0
 240 55930.000 146859.000 0 0 0.000 0.000 0.000 0.146 0 1 0 0 0 0
 241 114511.000 162767.000 0 0 0.000 0.000 0.000 0.132 0 1 0 0 0 0
 242 74837.000 40515.000 0 0 0.000 0.000 0.000 0.150 0 1 0 0 0 0
 243 97147.000 166053.000 0 0 0.000 0.000 0.000 0.135 0 1 0 0 0 0
 244 144982.000 51995.000 0 0 0.000 0.000 0.000 0.132 0 1 0 0 0 0
 245 102406.000 166332.000 0 0 0.000 0.000 0.000 0.155 0 1 0 0 0 0
 246 79420.000 163284.000 0 0 0.000 0.000 0.000 0.150 0 1 0 0 0 0
 247 164866.000 118878.000 0 0 0.000 0.000 0.000 0.136 0 1 0 0 0 0
 248 164330.000 120423.000 0 0 0.000 0.000 0.000 0.136 0 1 0 0 0 0
 249 109489.000 167005.000 0 0 0.000 0.000 0.000 0.131 0 1 0 0 0 0
 250 90455.000 33171.000 0 0 0.000 0.000 0.000 0.131 0 1 0 0 0 0
 251 44634.000 60318.000 0 0 0.000 0.000 0.000 0.139 0 1 0 0 0 0
 252 104310.000 31663.000 0 0 0.000 0.000 0.000 0.130 0 1 0 0 0 0
 253 144407.000 152971.000 0 0 0.000 0.000 0.000 200000.000 0 1 0 200 0 0
 254 123833.000 35342.000 0 0 0.000 0.000 0.000 0.136 0 1 0 0 0 0
 255 164908.000 76322.000 0 0 0.000 0.000 0.000 0.134 0 1 0 0 0 0
 256 58048.000 155759.000 0 0 0.000 0.000 0.000 0.135 0 1 0 0 0 0
 257 68201.000 162258.000 0 0 0.000 0.000 0.000 0.138 0 1 0 0 0 0
 258 72492.000 36203.000 0 0 0.000 0.000 0.000 0.146 0 1 0 0 0 0
 259 154809.000 143548.000 0 0 0.000 0.000 0.000 0.146 0 1 0 0 0 0
 260 67862.000 162713.000 0 0 0.000 0.000 0.000 0.149 0 1 0 0 0 0
 261 153127.000 53893.000 0 0 0.000 0.000 0.000 0.135 0 1 0 0 0 0
 262 131059.000 163718.000 0 0 0.000 0.000 0.000 0.153 0 1 0 0 0 0
 263 49302.000 150497.000 0 0 0.000 0.000 0.000 0.130 0 1 0 0 0 0
 264 160173.000 139875.000 0 0 0.000 0.000 0.000 0.132 0 1 0 0 0 0
 265 32905.000 73352.000 0 0 0.000 0.000 0.000 0.131 0 1 0 0 0 0
 266 149018.000 154244.000 0 0 0.000 0.000 0.000 0.141 0 1 0 0 0 0
 267 92660.000 26031.000 0 0 0.000 0.000 0.000 0.143 0 1 0 0 0 0
 268 44532.000 150374.000 0 0 0.000 0.000 0.000 0.131 0 1 0 0 0 0
 269 30848.000 128912.000 0 0 0.000 0.000 0.000 0.144 0 1 0 0 0 0
 270 102731.000 175182.000 0 0 0.000 0.000 0.000 0.143 0 1 0 0 0 0
 271 39140.000 144569.000 0 0 0.000 0.000 0.000 0.146 0 1 0 0 0 0
 272 135219.000 32452.000 0 0 0.000 0.000 0.000 0.143 0 1 0 0 0 0
 273 145130.000 163051.000 0 0 0.000 0.000 0.000 0.134 0 1 0 0 0 0
 274 43137.000 153665.000 0 0 0.000 0.000 0.000 0.135 0 1 0 0 0 0
 275 146123.000 163493.000 0 0 0.000 0.000 0.000 0.140 0 1 0 0 0 0
 276 120025.000 23476.000 0 0 0.000 0.000 0.000 0.147 0 1 0 0 0 0
 277 94089.000 179445.000 0 0 0.000 0.000 0.000 0.137 0 1 0 0 0 0
 278 55042.000 34442.000 0 0 0.000 0.000 0.000 0.144 0 1 0 0 0 0
 279 121807.000 177202.000 0 0 0.000 0.000 0.000 0.139 0 1 0 0 0 0
 280 170655.000 138137.000 0 0 0.000 0.000 0.000 0.132 0 1 0 0 0 0
 281 136294.000 172871.000 0 0 0.000 0.000 0.000 0.130 0 1 0 0 0 0
 282 76022.000 178724.000 0 0 0.000 0.000 0.000 0.220 0 1 0 0 0 0
 283 75879.000 179218.000 0 0 0.000 0.000 0.000 200000.000 0 1 0 200 0 0
 284 75572.000 179302.000 0 0 0.000 0.000 0.000 200000.000 0 1 0 200 0 0
 285 122704.000 183567.000 0 0 0.000 0.000 0.000 0.132 0 1 0 0 0 0
 286 134716.000 20564.000 0 0 0.000 0.000 0.000 0.131 0 1 0 0 0 0
 287 183669.000 124166.000 0 0 0.000 0.000 0.000 0.143 0 1 0 0 0 0
 288 134216.000 19909.000 0 0 0.000 0.000 0.000 0.161 0 1 0 0 0 0
 289 181788.000 144999.000 0 0 0.000 0.000 0.000 0.445 0 1 0 0 0 0
 290 185711.000 140665.000 0 0 0.000 0.000 0.000 0.290 0 1 0 0 0 0
 291 185583.000 140842.000 0 0 0.000 0.000 0.000 0.283 0 1 0 0 0 0
 292 185533.000 140948.000 0 0 0.000 0.000 0.000 0.261 0 1 0 0 0 0;
ProcessEquipmentIDList 1
  "6632" ;
SummarySpec 5
  TESTNO    NDEFECT    DEFDENSITY    NDIE    NDEFDIE  ;
SummaryList 
  1    292    1.068    1    1  ;
EndOfFile;
