FileVersion 1 2;
FileTimestamp 01-06-26 11:40:17;
InspectionStationID "KLA-Tencor" "SFSSP1" "0901-0728-TBI";
SampleType WAFER;
ResultTimestamp 01-06-26 11:30:35;
LotID "2580";
SampleSize 1 200;
DeviceID "None";
SetupID "T2-2580NR" 01-06-26 11:30:35;
StepID "6552";
SampleOrientationMarkType NOTCH;
OrientationMarkLocation DOWN;
DiePitch 200000 200000;
DieOrigin 0 0;
WaferID "16";
Slot 16;
SampleCenterLocation 100000 100000;
ClassLookup 1
  0 "0"  ;
OrientationInstructions "Front";
CoordinatesMirrored No;
InspectionTest 1;
SampleTestPlan 1
  0 0 ;
AreaPerTest 2.73526e+010;
DefectRecordSpec 15 DEFECTID XREL YREL XINDEX YINDEX XSIZE YSIZE DEFECTAREA DSIZE CLASSNUMBER TEST CLUSTERNUMBER ROUGHBINNUMBER FINEBINNUMBER REVIEWSAMPLE ;
DefectList
 1 95032.000 101973.000 0 0 0.000 0.000 0.000 0.149 0 1 0 0 0 0
 2 99255.000 107892.000 0 0 0.000 0.000 0.000 0.133 0 1 0 0 0 0
 3 107690.000 102515.000 0 0 0.000 0.000 0.000 0.135 0 1 0 0 0 0
 4 108117.000 101280.000 0 0 0.000 0.000 0.000 0.136 0 1 0 0 0 0
 5 94662.000 92183.000 0 0 0.000 0.000 0.000 0.133 0 1 0 0 0 0
 6 93193.000 108630.000 0 0 0.000 0.000 0.000 0.155 0 1 0 0 0 0
 7 110850.000 95009.000 0 0 0.000 0.000 0.000 0.141 0 1 0 0 0 0
 8 107608.000 109764.000 0 0 0.000 0.000 0.000 0.131 0 1 0 0 0 0
 9 108358.000 109346.000 0 0 0.000 0.000 0.000 0.156 0 1 0 0 0 0
 10 112428.000 95611.000 0 0 0.000 0.000 0.000 0.138 0 1 0 0 0 0
 11 113207.000 97894.000 0 0 0.000 0.000 0.000 0.140 0 1 0 0 0 0
 12 90964.000 110369.000 0 0 0.000 0.000 0.000 0.144 0 1 0 0 0 0
 13 111787.000 93830.000 0 0 0.000 0.000 0.000 0.149 0 1 0 0 0 0
 14 102949.000 114944.000 0 0 0.000 0.000 0.000 0.221 0 1 0 0 0 0
 15 84926.000 99949.000 0 0 0.000 0.000 0.000 0.130 0 1 0 0 0 0
 16 102423.000 115214.000 0 0 0.000 0.000 0.000 0.147 0 1 0 0 0 0
 17 86350.000 89910.000 0 0 0.000 0.000 0.000 0.142 0 1 0 0 0 0
 18 85041.000 108831.000 0 0 0.000 0.000 0.000 0.151 0 1 0 0 0 0
 19 105931.000 117355.000 0 0 0.000 0.000 0.000 0.143 0 1 0 0 0 0
 20 81917.000 96319.000 0 0 0.000 0.000 0.000 0.141 0 1 0 0 0 0
 21 81380.000 102000.000 0 0 0.000 0.000 0.000 0.135 0 1 0 0 0 0
 22 116226.000 109360.000 0 0 0.000 0.000 0.000 0.149 0 1 0 0 0 0
 23 101212.000 118908.000 0 0 0.000 0.000 0.000 0.130 0 1 0 0 0 0
 24 105867.000 81816.000 0 0 0.000 0.000 0.000 0.157 0 1 0 0 0 0
 25 80971.000 95975.000 0 0 0.000 0.000 0.000 0.135 0 1 0 0 0 0
 26 87533.000 85255.000 0 0 0.000 0.000 0.000 0.144 0 1 0 0 0 0
 27 117418.000 108882.000 0 0 0.000 0.000 0.000 0.130 0 1 0 0 0 0
 28 87625.000 84626.000 0 0 0.000 0.000 0.000 0.145 0 1 0 0 0 0
 29 80561.000 105786.000 0 0 0.000 0.000 0.000 0.132 0 1 0 0 0 0
 30 120246.000 103579.000 0 0 0.000 0.000 0.000 0.148 0 1 0 0 0 0
 31 102173.000 120676.000 0 0 0.000 0.000 0.000 0.149 0 1 0 0 0 0
 32 119366.000 90482.000 0 0 0.000 0.000 0.000 0.134 0 1 0 0 0 0
 33 116760.000 86174.000 0 0 0.000 0.000 0.000 0.131 0 1 0 0 0 0
 34 120670.000 92660.000 0 0 0.000 0.000 0.000 0.135 0 1 0 0 0 0
 35 96295.000 77116.000 0 0 0.000 0.000 0.000 0.158 0 1 0 0 0 0
 36 84431.000 117831.000 0 0 0.000 0.000 0.000 0.138 0 1 0 0 0 0
 37 121282.000 111087.000 0 0 0.000 0.000 0.000 0.145 0 1 0 0 0 0
 38 123808.000 96625.000 0 0 0.000 0.000 0.000 0.145 0 1 0 0 0 0
 39 123919.000 99112.000 0 0 0.000 0.000 0.000 0.155 0 1 0 0 0 0
 40 95587.000 76307.000 0 0 0.000 0.000 0.000 0.158 0 1 0 0 0 0
 41 97352.000 75904.000 0 0 0.000 0.000 0.000 0.144 0 1 0 0 0 0
 42 84851.000 80781.000 0 0 0.000 0.000 0.000 0.143 0 1 0 0 0 0
 43 77914.000 111369.000 0 0 0.000 0.000 0.000 0.134 0 1 0 0 0 0
 44 124696.000 100081.000 0 0 0.000 0.000 0.000 0.130 0 1 0 0 0 0
 45 97092.000 75122.000 0 0 0.000 0.000 0.000 0.146 0 1 0 0 0 0
 46 123760.000 90842.000 0 0 0.000 0.000 0.000 0.147 0 1 0 0 0 0
 47 75356.000 92559.000 0 0 0.000 0.000 0.000 0.144 0 1 0 0 0 0
 48 85496.000 121937.000 0 0 0.000 0.000 0.000 0.138 0 1 0 0 0 0
 49 83682.000 120873.000 0 0 0.000 0.000 0.000 0.134 0 1 0 0 0 0
 50 79117.000 117643.000 0 0 0.000 0.000 0.000 0.131 0 1 0 0 0 0
 51 89832.000 126090.000 0 0 0.000 0.000 0.000 0.157 0 1 0 0 0 0
 52 121926.000 117712.000 0 0 0.000 0.000 0.000 0.131 0 1 0 0 0 0
 53 128326.000 99305.000 0 0 0.000 0.000 0.000 0.156 0 1 0 0 0 0
 54 87188.000 126389.000 0 0 0.000 0.000 0.000 0.212 0 1 0 0 0 0
 55 113695.000 126038.000 0 0 0.000 0.000 0.000 0.139 0 1 0 0 0 0
 56 70772.000 101657.000 0 0 0.000 0.000 0.000 0.131 0 1 0 0 0 0
 57 70580.000 100027.000 0 0 0.000 0.000 0.000 0.135 0 1 0 0 0 0
 58 129291.000 102117.000 0 0 0.000 0.000 0.000 0.132 0 1 0 0 0 0
 59 129242.000 104340.000 0 0 0.000 0.000 0.000 0.131 0 1 0 0 0 0
 60 107331.000 129327.000 0 0 0.000 0.000 0.000 0.138 0 1 0 0 0 0
 61 87350.000 127356.000 0 0 0.000 0.000 0.000 0.142 0 1 0 0 0 0
 62 115840.000 73930.000 0 0 0.000 0.000 0.000 0.153 0 1 0 0 0 0
 63 77595.000 78132.000 0 0 0.000 0.000 0.000 0.135 0 1 0 0 0 0
 64 68652.000 106452.000 0 0 0.000 0.000 0.000 0.135 0 1 0 0 0 0
 65 125776.000 119155.000 0 0 0.000 0.000 0.000 0.133 0 1 0 0 0 0
 66 86915.000 129595.000 0 0 0.000 0.000 0.000 0.140 0 1 0 0 0 0
 67 129397.000 87029.000 0 0 0.000 0.000 0.000 0.136 0 1 0 0 0 0
 68 132567.000 99000.000 0 0 0.000 0.000 0.000 0.142 0 1 0 0 0 0
 69 81409.000 72965.000 0 0 0.000 0.000 0.000 0.140 0 1 0 0 0 0
 70 107268.000 68051.000 0 0 0.000 0.000 0.000 0.136 0 1 0 0 0 0
 71 104727.000 67298.000 0 0 0.000 0.000 0.000 0.141 0 1 0 0 0 0
 72 102453.000 133424.000 0 0 0.000 0.000 0.000 0.143 0 1 0 0 0 0
 73 132989.000 105524.000 0 0 0.000 0.000 0.000 0.148 0 1 0 0 0 0
 74 91904.000 67673.000 0 0 0.000 0.000 0.000 0.155 0 1 0 0 0 0
 75 126777.000 80002.000 0 0 0.000 0.000 0.000 0.132 0 1 0 0 0 0
 76 68270.000 111863.000 0 0 0.000 0.000 0.000 0.135 0 1 0 0 0 0
 77 114295.000 69599.000 0 0 0.000 0.000 0.000 0.146 0 1 0 0 0 0
 78 65581.000 101300.000 0 0 0.000 0.000 0.000 0.130 0 1 0 0 0 0
 79 122187.000 73897.000 0 0 0.000 0.000 0.000 0.141 0 1 0 0 0 0
 80 65967.000 93213.000 0 0 0.000 0.000 0.000 0.205 0 1 0 0 0 0
 81 96540.000 134978.000 0 0 0.000 0.000 0.000 0.140 0 1 0 0 0 0
 82 65224.000 95857.000 0 0 0.000 0.000 0.000 0.140 0 1 0 0 0 0
 83 83280.000 69461.000 0 0 0.000 0.000 0.000 0.136 0 1 0 0 0 0
 84 93640.000 65300.000 0 0 0.000 0.000 0.000 0.134 0 1 0 0 0 0
 85 64758.000 105763.000 0 0 0.000 0.000 0.000 0.403 0 1 0 0 0 0
 86 66584.000 113532.000 0 0 0.000 0.000 0.000 0.134 0 1 0 0 0 0
 87 75188.000 126857.000 0 0 0.000 0.000 0.000 0.135 0 1 0 0 0 0
 88 71604.000 77073.000 0 0 0.000 0.000 0.000 0.133 0 1 0 0 0 0
 89 65550.000 114253.000 0 0 0.000 0.000 0.000 0.142 0 1 0 0 0 0
 90 62878.000 99763.000 0 0 0.000 0.000 0.000 0.147 0 1 0 0 0 0
 91 136769.000 107246.000 0 0 0.000 0.000 0.000 0.137 0 1 0 0 0 0
 92 119318.000 132182.000 0 0 0.000 0.000 0.000 0.139 0 1 0 0 0 0
 93 79551.000 68471.000 0 0 0.000 0.000 0.000 0.141 0 1 0 0 0 0
 94 105691.000 137827.000 0 0 0.000 0.000 0.000 0.137 0 1 0 0 0 0
 95 104457.000 62141.000 0 0 0.000 0.000 0.000 0.133 0 1 0 0 0 0
 96 67020.000 80340.000 0 0 0.000 0.000 0.000 0.138 0 1 0 0 0 0
 97 90309.000 62763.000 0 0 0.000 0.000 0.000 0.133 0 1 0 0 0 0
 98 60877.000 106509.000 0 0 0.000 0.000 0.000 0.135 0 1 0 0 0 0
 99 82268.000 64467.000 0 0 0.000 0.000 0.000 0.134 0 1 0 0 0 0
 100 116502.000 136896.000 0 0 0.000 0.000 0.000 0.132 0 1 0 0 0 0
 101 72912.000 70265.000 0 0 0.000 0.000 0.000 0.142 0 1 0 0 0 0
 102 110036.000 61030.000 0 0 0.000 0.000 0.000 0.144 0 1 0 0 0 0
 103 139446.000 109723.000 0 0 0.000 0.000 0.000 0.151 0 1 0 0 0 0
 104 134316.000 122183.000 0 0 0.000 0.000 0.000 0.142 0 1 0 0 0 0
 105 108124.000 60173.000 0 0 0.000 0.000 0.000 0.141 0 1 0 0 0 0
 106 92039.000 59789.000 0 0 0.000 0.000 0.000 0.134 0 1 0 0 0 0
 107 133006.000 75534.000 0 0 0.000 0.000 0.000 0.140 0 1 0 0 0 0
 108 62776.000 81283.000 0 0 0.000 0.000 0.000 0.133 0 1 0 0 0 0
 109 129986.000 70846.000 0 0 0.000 0.000 0.000 0.131 0 1 0 0 0 0
 110 141732.000 106604.000 0 0 0.000 0.000 0.000 0.138 0 1 0 0 0 0
 111 123911.000 65225.000 0 0 0.000 0.000 0.000 0.146 0 1 0 0 0 0
 112 117215.000 139874.000 0 0 0.000 0.000 0.000 0.133 0 1 0 0 0 0
 113 106760.000 142956.000 0 0 0.000 0.000 0.000 0.138 0 1 0 0 0 0
 114 56740.000 99302.000 0 0 0.000 0.000 0.000 0.131 0 1 0 0 0 0
 115 140881.000 85795.000 0 0 0.000 0.000 0.000 0.140 0 1 0 0 0 0
 116 71519.000 134328.000 0 0 0.000 0.000 0.000 0.132 0 1 0 0 0 0
 117 107693.000 144170.000 0 0 0.000 0.000 0.000 0.161 0 1 0 0 0 0
 118 95367.000 144933.000 0 0 0.000 0.000 0.000 0.137 0 1 0 0 0 0
 119 143617.000 111072.000 0 0 0.000 0.000 0.000 0.149 0 1 0 0 0 0
 120 142365.000 84768.000 0 0 0.000 0.000 0.000 0.153 0 1 0 0 0 0
 121 132829.000 68076.000 0 0 0.000 0.000 0.000 0.153 0 1 0 0 0 0
 122 117014.000 57310.000 0 0 0.000 0.000 0.000 0.143 0 1 0 0 0 0
 123 68998.000 65508.000 0 0 0.000 0.000 0.000 0.138 0 1 0 0 0 0
 124 92690.000 146280.000 0 0 0.000 0.000 0.000 0.136 0 1 0 0 0 0
 125 143349.000 81773.000 0 0 0.000 0.000 0.000 0.131 0 1 0 0 0 0
 126 144753.000 115056.000 0 0 0.000 0.000 0.000 0.148 0 1 0 0 0 0
 127 121562.000 142413.000 0 0 0.000 0.000 0.000 0.164 0 1 0 0 0 0
 128 135157.000 68264.000 0 0 0.000 0.000 0.000 0.130 0 1 0 0 0 0
 129 83975.000 145060.000 0 0 0.000 0.000 0.000 0.136 0 1 0 0 0 0
 130 68824.000 63646.000 0 0 0.000 0.000 0.000 0.131 0 1 0 0 0 0
 131 58312.000 124838.000 0 0 0.000 0.000 0.000 0.133 0 1 0 0 0 0
 132 102859.000 51913.000 0 0 0.000 0.000 0.000 0.146 0 1 0 0 0 0
 133 79751.000 55913.000 0 0 0.000 0.000 0.000 0.139 0 1 0 0 0 0
 134 88831.000 51951.000 0 0 0.000 0.000 0.000 0.147 0 1 0 0 0 0
 135 63090.000 66929.000 0 0 0.000 0.000 0.000 0.176 0 1 0 0 0 0
 136 105373.000 50679.000 0 0 0.000 0.000 0.000 0.138 0 1 0 0 0 0
 137 54932.000 78322.000 0 0 0.000 0.000 0.000 0.134 0 1 0 0 0 0
 138 73412.000 142737.000 0 0 0.000 0.000 0.000 0.131 0 1 0 0 0 0
 139 84340.000 52294.000 0 0 0.000 0.000 0.000 0.142 0 1 0 0 0 0
 140 125285.000 56703.000 0 0 0.000 0.000 0.000 0.149 0 1 0 0 0 0
 141 88208.000 51007.000 0 0 0.000 0.000 0.000 0.142 0 1 0 0 0 0
 142 127092.000 57572.000 0 0 0.000 0.000 0.000 0.131 0 1 0 0 0 0
 143 148967.000 113052.000 0 0 0.000 0.000 0.000 0.151 0 1 0 0 0 0
 144 144531.000 124429.000 0 0 0.000 0.000 0.000 0.134 0 1 0 0 0 0
 145 128319.000 143079.000 0 0 0.000 0.000 0.000 0.131 0 1 0 0 0 0
 146 98884.000 151744.000 0 0 0.000 0.000 0.000 0.139 0 1 0 0 0 0
 147 50966.000 83800.000 0 0 0.000 0.000 0.000 0.135 0 1 0 0 0 0
 148 135103.000 62297.000 0 0 0.000 0.000 0.000 0.131 0 1 0 0 0 0
 149 140414.000 68000.000 0 0 0.000 0.000 0.000 0.133 0 1 0 0 0 0
 150 52909.000 121950.000 0 0 0.000 0.000 0.000 0.133 0 1 0 0 0 0
 151 78016.000 53104.000 0 0 0.000 0.000 0.000 0.137 0 1 0 0 0 0
 152 126203.000 145301.000 0 0 0.000 0.000 0.000 0.143 0 1 0 0 0 0
 153 122760.000 53288.000 0 0 0.000 0.000 0.000 0.130 0 1 0 0 0 0
 154 148253.000 79519.000 0 0 0.000 0.000 0.000 0.134 0 1 0 0 0 0
 155 151495.000 89177.000 0 0 0.000 0.000 0.000 0.133 0 1 0 0 0 0
 156 142848.000 66231.000 0 0 0.000 0.000 0.000 0.139 0 1 0 0 0 0
 157 51468.000 125869.000 0 0 0.000 0.000 0.000 0.130 0 1 0 0 0 0
 158 155191.000 100517.000 0 0 0.000 0.000 0.000 0.145 0 1 0 0 0 0
 159 76854.000 150668.000 0 0 0.000 0.000 0.000 0.132 0 1 0 0 0 0
 160 99289.000 44604.000 0 0 0.000 0.000 0.000 0.141 0 1 0 0 0 0
 161 138354.000 59895.000 0 0 0.000 0.000 0.000 0.144 0 1 0 0 0 0
 162 155423.000 107347.000 0 0 0.000 0.000 0.000 0.130 0 1 0 0 0 0
 163 117851.000 46672.000 0 0 0.000 0.000 0.000 0.146 0 1 0 0 0 0
 164 62785.000 57313.000 0 0 0.000 0.000 0.000 0.138 0 1 0 0 0 0
 165 53682.000 66584.000 0 0 0.000 0.000 0.000 0.140 0 1 0 0 0 0
 166 109713.000 157430.000 0 0 0.000 0.000 0.000 0.144 0 1 0 0 0 0
 167 139759.000 142762.000 0 0 0.000 0.000 0.000 0.140 0 1 0 0 0 0
 168 143835.000 61279.000 0 0 0.000 0.000 0.000 0.130 0 1 0 0 0 0
 169 42326.000 112346.000 0 0 0.000 0.000 0.000 0.131 0 1 0 0 0 0
 170 41088.000 101818.000 0 0 0.000 0.000 0.000 0.133 0 1 0 0 0 0
 171 111546.000 42024.000 0 0 0.000 0.000 0.000 0.137 0 1 0 0 0 0
 172 156735.000 82918.000 0 0 0.000 0.000 0.000 0.134 0 1 0 0 0 0
 173 129284.000 48381.000 0 0 0.000 0.000 0.000 0.131 0 1 0 0 0 0
 174 40994.000 88278.000 0 0 0.000 0.000 0.000 0.134 0 1 0 0 0 0
 175 44390.000 77602.000 0 0 0.000 0.000 0.000 0.130 0 1 0 0 0 0
 176 149387.000 65803.000 0 0 0.000 0.000 0.000 0.139 0 1 0 0 0 0
 177 154016.000 128081.000 0 0 0.000 0.000 0.000 0.133 0 1 0 0 0 0
 178 60651.000 53698.000 0 0 0.000 0.000 0.000 0.134 0 1 0 0 0 0
 179 95040.000 161314.000 0 0 0.000 0.000 0.000 0.142 0 1 0 0 0 0
 180 43027.000 76933.000 0 0 0.000 0.000 0.000 0.132 0 1 0 0 0 0
 181 45997.000 70611.000 0 0 0.000 0.000 0.000 0.138 0 1 0 0 0 0
 182 76143.000 43544.000 0 0 0.000 0.000 0.000 0.132 0 1 0 0 0 0
 183 136009.000 49666.000 0 0 0.000 0.000 0.000 0.133 0 1 0 0 0 0
 184 78100.000 41275.000 0 0 0.000 0.000 0.000 0.150 0 1 0 0 0 0
 185 46335.000 134002.000 0 0 0.000 0.000 0.000 0.137 0 1 0 0 0 0
 186 49921.000 139967.000 0 0 0.000 0.000 0.000 0.131 0 1 0 0 0 0
 187 156016.000 68726.000 0 0 0.000 0.000 0.000 0.138 0 1 0 0 0 0
 188 36024.000 113117.000 0 0 0.000 0.000 0.000 0.138 0 1 0 0 0 0
 189 45172.000 64099.000 0 0 0.000 0.000 0.000 0.153 0 1 0 0 0 0
 190 164694.000 89046.000 0 0 0.000 0.000 0.000 0.139 0 1 0 0 0 0
 191 46442.000 141641.000 0 0 0.000 0.000 0.000 0.140 0 1 0 0 0 0
 192 133501.000 159110.000 0 0 0.000 0.000 0.000 0.152 0 1 0 0 0 0
 193 111597.000 32699.000 0 0 0.000 0.000 0.000 0.132 0 1 0 0 0 0
 194 119310.000 166473.000 0 0 0.000 0.000 0.000 0.132 0 1 0 0 0 0
 195 138497.000 43014.000 0 0 0.000 0.000 0.000 0.203 0 1 0 0 0 0
 196 163551.000 130848.000 0 0 0.000 0.000 0.000 0.131 0 1 0 0 0 0
 197 33929.000 125829.000 0 0 0.000 0.000 0.000 0.131 0 1 0 0 0 0
 198 161516.000 65076.000 0 0 0.000 0.000 0.000 0.136 0 1 0 0 0 0
 199 71701.000 165325.000 0 0 0.000 0.000 0.000 0.135 0 1 0 0 0 0
 200 149577.000 49254.000 0 0 0.000 0.000 0.000 0.140 0 1 0 0 0 0
 201 112235.000 29211.000 0 0 0.000 0.000 0.000 0.148 0 1 0 0 0 0
 202 35046.000 135293.000 0 0 0.000 0.000 0.000 0.146 0 1 0 0 0 0
 203 34221.000 65739.000 0 0 0.000 0.000 0.000 0.137 0 1 0 0 0 0
 204 111042.000 24449.000 0 0 0.000 0.000 0.000 0.133 0 1 0 0 0 0
 205 180757.000 89007.000 0 0 0.000 0.000 0.000 0.130 0 1 0 0 0 0
 206 114713.000 185895.000 0 0 0.000 0.000 0.000 0.135 0 1 0 0 0 0
 207 10128.000 113434.000 0 0 0.000 0.000 0.000 200000.000 0 1 0 200 0 0
 208 161546.000 167038.000 0 0 0.000 0.000 0.000 0.327 0 1 0 0 0 0
 209 164704.000 165055.000 0 0 0.000 0.000 0.000 0.130 0 1 0 0 0 0
 210 190680.000 116326.000 0 0 0.000 0.000 0.000 0.227 0 1 0 0 0 0
 211 19153.000 54330.000 0 0 0.000 0.000 0.000 200000.000 0 1 0 200 0 0
 212 194787.000 95036.000 0 0 0.000 0.000 0.000 0.156 0 1 0 0 0 0;
ProcessEquipmentIDList 1
  "6632" ;
SummarySpec 5
  TESTNO    NDEFECT    DEFDENSITY    NDIE    NDEFDIE  ;
SummaryList 
  1    212    0.7751    1    1  ;
EndOfFile;
