FileVersion 1 2;
FileTimestamp 01-06-26 13:56:33;
InspectionStationID "KLA-Tencor" "SFSSP1" "0901-0728-TBI";
SampleType WAFER;
ResultTimestamp 01-06-26 13:47:45;
LotID "2580";
SampleSize 1 200;
DeviceID "None";
SetupID "T2-2580NR" 01-06-26 13:47:45;
StepID "6552";
SampleOrientationMarkType NOTCH;
OrientationMarkLocation DOWN;
DiePitch 200000 200000;
DieOrigin 0 0;
WaferID "09";
Slot 9;
SampleCenterLocation 100000 100000;
ClassLookup 1
  0 "0"  ;
OrientationInstructions "Front";
CoordinatesMirrored No;
InspectionTest 1;
SampleTestPlan 1
  0 0 ;
AreaPerTest 2.73516e+010;
DefectRecordSpec 15 DEFECTID XREL YREL XINDEX YINDEX XSIZE YSIZE DEFECTAREA DSIZE CLASSNUMBER TEST CLUSTERNUMBER ROUGHBINNUMBER FINEBINNUMBER REVIEWSAMPLE ;
DefectList
 1 98238.000 96689.000 0 0 0.000 0.000 0.000 0.163 0 1 0 0 0 0
 2 103670.000 97492.000 0 0 0.000 0.000 0.000 0.131 0 1 0 0 0 0
 3 106101.000 98621.000 0 0 0.000 0.000 0.000 0.147 0 1 0 0 0 0
 4 97992.000 106997.000 0 0 0.000 0.000 0.000 0.201 0 1 0 0 0 0
 5 98218.000 92390.000 0 0 0.000 0.000 0.000 0.132 0 1 0 0 0 0
 6 110110.000 100828.000 0 0 0.000 0.000 0.000 0.157 0 1 0 0 0 0
 7 102273.000 111245.000 0 0 0.000 0.000 0.000 0.139 0 1 0 0 0 0
 8 104558.000 89346.000 0 0 0.000 0.000 0.000 0.131 0 1 0 0 0 0
 9 88101.000 98007.000 0 0 0.000 0.000 0.000 0.135 0 1 0 0 0 0
 10 88541.000 96006.000 0 0 0.000 0.000 0.000 0.130 0 1 0 0 0 0
 11 103415.000 88111.000 0 0 0.000 0.000 0.000 0.143 0 1 0 0 0 0
 12 89009.000 93714.000 0 0 0.000 0.000 0.000 0.139 0 1 0 0 0 0
 13 103990.000 87790.000 0 0 0.000 0.000 0.000 0.145 0 1 0 0 0 0
 14 105261.000 88283.000 0 0 0.000 0.000 0.000 0.131 0 1 0 0 0 0
 15 88570.000 92882.000 0 0 0.000 0.000 0.000 0.138 0 1 0 0 0 0
 16 113556.000 104572.000 0 0 0.000 0.000 0.000 0.153 0 1 0 0 0 0
 17 109339.000 111247.000 0 0 0.000 0.000 0.000 0.136 0 1 0 0 0 0
 18 103868.000 115709.000 0 0 0.000 0.000 0.000 0.136 0 1 0 0 0 0
 19 116655.000 99090.000 0 0 0.000 0.000 0.000 0.157 0 1 0 0 0 0
 20 114709.000 108836.000 0 0 0.000 0.000 0.000 0.143 0 1 0 0 0 0
 21 88573.000 113406.000 0 0 0.000 0.000 0.000 0.141 0 1 0 0 0 0
 22 82498.000 102456.000 0 0 0.000 0.000 0.000 0.131 0 1 0 0 0 0
 23 111247.000 113960.000 0 0 0.000 0.000 0.000 0.145 0 1 0 0 0 0
 24 105107.000 82979.000 0 0 0.000 0.000 0.000 0.141 0 1 0 0 0 0
 25 99497.000 118456.000 0 0 0.000 0.000 0.000 0.132 0 1 0 0 0 0
 26 118879.000 96392.000 0 0 0.000 0.000 0.000 0.165 0 1 0 0 0 0
 27 108509.000 82653.000 0 0 0.000 0.000 0.000 0.172 0 1 0 0 0 0
 28 90072.000 117766.000 0 0 0.000 0.000 0.000 0.139 0 1 0 0 0 0
 29 114088.000 85953.000 0 0 0.000 0.000 0.000 0.154 0 1 0 0 0 0
 30 104814.000 120265.000 0 0 0.000 0.000 0.000 0.135 0 1 0 0 0 0
 31 108828.000 119090.000 0 0 0.000 0.000 0.000 0.151 0 1 0 0 0 0
 32 79443.000 94738.000 0 0 0.000 0.000 0.000 0.145 0 1 0 0 0 0
 33 81883.000 88988.000 0 0 0.000 0.000 0.000 0.146 0 1 0 0 0 0
 34 79130.000 106159.000 0 0 0.000 0.000 0.000 0.136 0 1 0 0 0 0
 35 90719.000 80671.000 0 0 0.000 0.000 0.000 0.154 0 1 0 0 0 0
 36 82192.000 113004.000 0 0 0.000 0.000 0.000 0.134 0 1 0 0 0 0
 37 81106.000 112232.000 0 0 0.000 0.000 0.000 0.133 0 1 0 0 0 0
 38 77697.000 103980.000 0 0 0.000 0.000 0.000 0.150 0 1 0 0 0 0
 39 122076.000 105176.000 0 0 0.000 0.000 0.000 0.140 0 1 0 0 0 0
 40 83650.000 117158.000 0 0 0.000 0.000 0.000 0.133 0 1 0 0 0 0
 41 93054.000 122837.000 0 0 0.000 0.000 0.000 0.146 0 1 0 0 0 0
 42 102479.000 76728.000 0 0 0.000 0.000 0.000 0.150 0 1 0 0 0 0
 43 103795.000 76421.000 0 0 0.000 0.000 0.000 0.159 0 1 0 0 0 0
 44 103717.000 124837.000 0 0 0.000 0.000 0.000 0.143 0 1 0 0 0 0
 45 116075.000 81178.000 0 0 0.000 0.000 0.000 0.136 0 1 0 0 0 0
 46 75206.000 94643.000 0 0 0.000 0.000 0.000 0.131 0 1 0 0 0 0
 47 76489.000 90566.000 0 0 0.000 0.000 0.000 0.138 0 1 0 0 0 0
 48 124344.000 108626.000 0 0 0.000 0.000 0.000 0.131 0 1 0 0 0 0
 49 125284.000 94879.000 0 0 0.000 0.000 0.000 0.208 0 1 0 0 0 0
 50 101180.000 73409.000 0 0 0.000 0.000 0.000 0.141 0 1 0 0 0 0
 51 81031.000 120239.000 0 0 0.000 0.000 0.000 0.138 0 1 0 0 0 0
 52 105237.000 72931.000 0 0 0.000 0.000 0.000 0.134 0 1 0 0 0 0
 53 116045.000 76889.000 0 0 0.000 0.000 0.000 0.154 0 1 0 0 0 0
 54 101271.000 128755.000 0 0 0.000 0.000 0.000 0.142 0 1 0 0 0 0
 55 117769.000 77550.000 0 0 0.000 0.000 0.000 0.132 0 1 0 0 0 0
 56 122395.000 119485.000 0 0 0.000 0.000 0.000 0.143 0 1 0 0 0 0
 57 84163.000 75115.000 0 0 0.000 0.000 0.000 0.132 0 1 0 0 0 0
 58 126327.000 114626.000 0 0 0.000 0.000 0.000 0.142 0 1 0 0 0 0
 59 74700.000 83798.000 0 0 0.000 0.000 0.000 0.139 0 1 0 0 0 0
 60 112819.000 72642.000 0 0 0.000 0.000 0.000 0.139 0 1 0 0 0 0
 61 130304.000 103678.000 0 0 0.000 0.000 0.000 0.151 0 1 0 0 0 0
 62 71560.000 88777.000 0 0 0.000 0.000 0.000 0.134 0 1 0 0 0 0
 63 105794.000 69840.000 0 0 0.000 0.000 0.000 0.137 0 1 0 0 0 0
 64 118442.000 125668.000 0 0 0.000 0.000 0.000 0.139 0 1 0 0 0 0
 65 79994.000 124633.000 0 0 0.000 0.000 0.000 0.142 0 1 0 0 0 0
 66 124448.000 120632.000 0 0 0.000 0.000 0.000 0.147 0 1 0 0 0 0
 67 90844.000 69018.000 0 0 0.000 0.000 0.000 0.131 0 1 0 0 0 0
 68 67930.000 110320.000 0 0 0.000 0.000 0.000 0.148 0 1 0 0 0 0
 69 70567.000 117106.000 0 0 0.000 0.000 0.000 0.131 0 1 0 0 0 0
 70 104632.000 66737.000 0 0 0.000 0.000 0.000 0.160 0 1 0 0 0 0
 71 101871.000 134280.000 0 0 0.000 0.000 0.000 0.154 0 1 0 0 0 0
 72 90177.000 67324.000 0 0 0.000 0.000 0.000 0.140 0 1 0 0 0 0
 73 113179.000 68029.000 0 0 0.000 0.000 0.000 0.139 0 1 0 0 0 0
 74 66056.000 88719.000 0 0 0.000 0.000 0.000 0.148 0 1 0 0 0 0
 75 93702.000 64870.000 0 0 0.000 0.000 0.000 0.136 0 1 0 0 0 0
 76 110548.000 134703.000 0 0 0.000 0.000 0.000 0.142 0 1 0 0 0 0
 77 76191.000 127621.000 0 0 0.000 0.000 0.000 0.131 0 1 0 0 0 0
 78 75912.000 127260.000 0 0 0.000 0.000 0.000 0.147 0 1 0 0 0 0
 79 79237.000 130260.000 0 0 0.000 0.000 0.000 0.134 0 1 0 0 0 0
 80 132108.000 82847.000 0 0 0.000 0.000 0.000 0.130 0 1 0 0 0 0
 81 92399.000 136093.000 0 0 0.000 0.000 0.000 0.138 0 1 0 0 0 0
 82 86377.000 66281.000 0 0 0.000 0.000 0.000 0.150 0 1 0 0 0 0
 83 98037.000 62985.000 0 0 0.000 0.000 0.000 0.145 0 1 0 0 0 0
 84 127462.000 125621.000 0 0 0.000 0.000 0.000 0.146 0 1 0 0 0 0
 85 95210.000 62914.000 0 0 0.000 0.000 0.000 0.149 0 1 0 0 0 0
 86 79799.000 67752.000 0 0 0.000 0.000 0.000 0.133 0 1 0 0 0 0
 87 62319.000 92463.000 0 0 0.000 0.000 0.000 0.148 0 1 0 0 0 0
 88 136159.000 86894.000 0 0 0.000 0.000 0.000 0.144 0 1 0 0 0 0
 89 67366.000 121069.000 0 0 0.000 0.000 0.000 0.149 0 1 0 0 0 0
 90 133622.000 81291.000 0 0 0.000 0.000 0.000 0.150 0 1 0 0 0 0
 91 80928.000 66309.000 0 0 0.000 0.000 0.000 0.140 0 1 0 0 0 0
 92 105167.000 138868.000 0 0 0.000 0.000 0.000 0.141 0 1 0 0 0 0
 93 128139.000 127476.000 0 0 0.000 0.000 0.000 0.133 0 1 0 0 0 0
 94 116387.000 64532.000 0 0 0.000 0.000 0.000 0.152 0 1 0 0 0 0
 95 138303.000 90528.000 0 0 0.000 0.000 0.000 0.138 0 1 0 0 0 0
 96 60869.000 93926.000 0 0 0.000 0.000 0.000 0.150 0 1 0 0 0 0
 97 139934.000 102450.000 0 0 0.000 0.000 0.000 0.162 0 1 0 0 0 0
 98 99753.000 140274.000 0 0 0.000 0.000 0.000 0.130 0 1 0 0 0 0
 99 136443.000 82972.000 0 0 0.000 0.000 0.000 0.146 0 1 0 0 0 0
 100 136997.000 83530.000 0 0 0.000 0.000 0.000 0.130 0 1 0 0 0 0
 101 59152.000 99452.000 0 0 0.000 0.000 0.000 0.132 0 1 0 0 0 0
 102 101327.000 59340.000 0 0 0.000 0.000 0.000 0.131 0 1 0 0 0 0
 103 97574.000 141238.000 0 0 0.000 0.000 0.000 0.140 0 1 0 0 0 0
 104 113281.000 61144.000 0 0 0.000 0.000 0.000 0.146 0 1 0 0 0 0
 105 124851.000 67297.000 0 0 0.000 0.000 0.000 0.150 0 1 0 0 0 0
 106 82649.000 137786.000 0 0 0.000 0.000 0.000 0.136 0 1 0 0 0 0
 107 63112.000 81255.000 0 0 0.000 0.000 0.000 0.132 0 1 0 0 0 0
 108 130726.000 128055.000 0 0 0.000 0.000 0.000 0.135 0 1 0 0 0 0
 109 70701.000 129642.000 0 0 0.000 0.000 0.000 0.147 0 1 0 0 0 0
 110 100461.000 58597.000 0 0 0.000 0.000 0.000 0.139 0 1 0 0 0 0
 111 92268.000 141142.000 0 0 0.000 0.000 0.000 0.141 0 1 0 0 0 0
 112 61252.000 117647.000 0 0 0.000 0.000 0.000 0.135 0 1 0 0 0 0
 113 85769.000 59666.000 0 0 0.000 0.000 0.000 0.132 0 1 0 0 0 0
 114 93323.000 57793.000 0 0 0.000 0.000 0.000 0.144 0 1 0 0 0 0
 115 93227.000 57719.000 0 0 0.000 0.000 0.000 0.134 0 1 0 0 0 0
 116 69073.000 130754.000 0 0 0.000 0.000 0.000 0.173 0 1 0 0 0 0
 117 107474.000 57296.000 0 0 0.000 0.000 0.000 0.130 0 1 0 0 0 0
 118 56629.000 108316.000 0 0 0.000 0.000 0.000 0.165 0 1 0 0 0 0
 119 78964.000 139603.000 0 0 0.000 0.000 0.000 0.140 0 1 0 0 0 0
 120 57370.000 86375.000 0 0 0.000 0.000 0.000 0.133 0 1 0 0 0 0
 121 90297.000 56440.000 0 0 0.000 0.000 0.000 0.151 0 1 0 0 0 0
 122 63887.000 72626.000 0 0 0.000 0.000 0.000 0.134 0 1 0 0 0 0
 123 78714.000 59879.000 0 0 0.000 0.000 0.000 0.143 0 1 0 0 0 0
 124 91464.000 55450.000 0 0 0.000 0.000 0.000 0.155 0 1 0 0 0 0
 125 142379.000 83417.000 0 0 0.000 0.000 0.000 0.132 0 1 0 0 0 0
 126 142305.000 118381.000 0 0 0.000 0.000 0.000 0.134 0 1 0 0 0 0
 127 77003.000 59971.000 0 0 0.000 0.000 0.000 0.161 0 1 0 0 0 0
 128 131509.000 66237.000 0 0 0.000 0.000 0.000 0.132 0 1 0 0 0 0
 129 54247.000 108217.000 0 0 0.000 0.000 0.000 0.145 0 1 0 0 0 0
 130 92464.000 146517.000 0 0 0.000 0.000 0.000 0.143 0 1 0 0 0 0
 131 141620.000 122336.000 0 0 0.000 0.000 0.000 0.135 0 1 0 0 0 0
 132 69691.000 136678.000 0 0 0.000 0.000 0.000 0.137 0 1 0 0 0 0
 133 63924.000 130806.000 0 0 0.000 0.000 0.000 0.146 0 1 0 0 0 0
 134 139375.000 73725.000 0 0 0.000 0.000 0.000 0.144 0 1 0 0 0 0
 135 135154.000 67645.000 0 0 0.000 0.000 0.000 0.133 0 1 0 0 0 0
 136 62852.000 130725.000 0 0 0.000 0.000 0.000 0.135 0 1 0 0 0 0
 137 51753.000 100159.000 0 0 0.000 0.000 0.000 0.133 0 1 0 0 0 0
 138 127141.000 140803.000 0 0 0.000 0.000 0.000 0.139 0 1 0 0 0 0
 139 148950.000 100011.000 0 0 0.000 0.000 0.000 0.137 0 1 0 0 0 0
 140 63185.000 132857.000 0 0 0.000 0.000 0.000 0.142 0 1 0 0 0 0
 141 50731.000 101592.000 0 0 0.000 0.000 0.000 0.136 0 1 0 0 0 0
 142 50674.000 101182.000 0 0 0.000 0.000 0.000 0.141 0 1 0 0 0 0
 143 117601.000 54082.000 0 0 0.000 0.000 0.000 0.146 0 1 0 0 0 0
 144 148393.000 111259.000 0 0 0.000 0.000 0.000 0.151 0 1 0 0 0 0
 145 61853.000 132060.000 0 0 0.000 0.000 0.000 0.133 0 1 0 0 0 0
 146 126222.000 143062.000 0 0 0.000 0.000 0.000 0.134 0 1 0 0 0 0
 147 69994.000 140810.000 0 0 0.000 0.000 0.000 0.138 0 1 0 0 0 0
 148 56985.000 73779.000 0 0 0.000 0.000 0.000 0.140 0 1 0 0 0 0
 149 149709.000 91751.000 0 0 0.000 0.000 0.000 0.135 0 1 0 0 0 0
 150 52953.000 118972.000 0 0 0.000 0.000 0.000 0.158 0 1 0 0 0 0
 151 69365.000 59972.000 0 0 0.000 0.000 0.000 0.134 0 1 0 0 0 0
 152 146466.000 120789.000 0 0 0.000 0.000 0.000 0.141 0 1 0 0 0 0
 153 80963.000 52951.000 0 0 0.000 0.000 0.000 0.141 0 1 0 0 0 0
 154 50442.000 87687.000 0 0 0.000 0.000 0.000 0.136 0 1 0 0 0 0
 155 142551.000 128589.000 0 0 0.000 0.000 0.000 0.135 0 1 0 0 0 0
 156 49892.000 112156.000 0 0 0.000 0.000 0.000 0.132 0 1 0 0 0 0
 157 98418.000 151978.000 0 0 0.000 0.000 0.000 0.163 0 1 0 0 0 0
 158 94579.000 152122.000 0 0 0.000 0.000 0.000 0.130 0 1 0 0 0 0
 159 132933.000 59645.000 0 0 0.000 0.000 0.000 0.138 0 1 0 0 0 0
 160 143222.000 70958.000 0 0 0.000 0.000 0.000 0.132 0 1 0 0 0 0
 161 152909.000 99378.000 0 0 0.000 0.000 0.000 0.135 0 1 0 0 0 0
 162 87678.000 48387.000 0 0 0.000 0.000 0.000 0.133 0 1 0 0 0 0
 163 144979.000 71457.000 0 0 0.000 0.000 0.000 0.136 0 1 0 0 0 0
 164 46310.000 98287.000 0 0 0.000 0.000 0.000 0.143 0 1 0 0 0 0
 165 137692.000 139215.000 0 0 0.000 0.000 0.000 0.137 0 1 0 0 0 0
 166 100320.000 45937.000 0 0 0.000 0.000 0.000 0.149 0 1 0 0 0 0
 167 45447.000 96668.000 0 0 0.000 0.000 0.000 0.130 0 1 0 0 0 0
 168 93640.000 45932.000 0 0 0.000 0.000 0.000 0.134 0 1 0 0 0 0
 169 86712.000 46839.000 0 0 0.000 0.000 0.000 0.146 0 1 0 0 0 0
 170 70891.000 147727.000 0 0 0.000 0.000 0.000 0.142 0 1 0 0 0 0
 171 45659.000 113349.000 0 0 0.000 0.000 0.000 0.134 0 1 0 0 0 0
 172 53306.000 131250.000 0 0 0.000 0.000 0.000 0.134 0 1 0 0 0 0
 173 128161.000 149476.000 0 0 0.000 0.000 0.000 0.131 0 1 0 0 0 0
 174 139634.000 59184.000 0 0 0.000 0.000 0.000 0.173 0 1 0 0 0 0
 175 111634.000 44125.000 0 0 0.000 0.000 0.000 0.156 0 1 0 0 0 0
 176 74127.000 151494.000 0 0 0.000 0.000 0.000 0.130 0 1 0 0 0 0
 177 118445.000 154813.000 0 0 0.000 0.000 0.000 0.130 0 1 0 0 0 0
 178 155107.000 82773.000 0 0 0.000 0.000 0.000 0.142 0 1 0 0 0 0
 179 41971.000 98391.000 0 0 0.000 0.000 0.000 0.133 0 1 0 0 0 0
 180 97549.000 159094.000 0 0 0.000 0.000 0.000 0.131 0 1 0 0 0 0
 181 102684.000 159474.000 0 0 0.000 0.000 0.000 0.155 0 1 0 0 0 0
 182 40626.000 96369.000 0 0 0.000 0.000 0.000 0.133 0 1 0 0 0 0
 183 130079.000 151868.000 0 0 0.000 0.000 0.000 0.141 0 1 0 0 0 0
 184 151238.000 69534.000 0 0 0.000 0.000 0.000 0.143 0 1 0 0 0 0
 185 87864.000 41353.000 0 0 0.000 0.000 0.000 0.134 0 1 0 0 0 0
 186 157985.000 116443.000 0 0 0.000 0.000 0.000 0.155 0 1 0 0 0 0
 187 114192.000 159175.000 0 0 0.000 0.000 0.000 0.136 0 1 0 0 0 0
 188 81850.000 157933.000 0 0 0.000 0.000 0.000 0.132 0 1 0 0 0 0
 189 41340.000 84833.000 0 0 0.000 0.000 0.000 0.134 0 1 0 0 0 0
 190 57825.000 56239.000 0 0 0.000 0.000 0.000 0.131 0 1 0 0 0 0
 191 139384.000 52556.000 0 0 0.000 0.000 0.000 0.136 0 1 0 0 0 0
 192 161227.000 91557.000 0 0 0.000 0.000 0.000 0.137 0 1 0 0 0 0
 193 63180.000 50261.000 0 0 0.000 0.000 0.000 0.141 0 1 0 0 0 0
 194 163002.000 101614.000 0 0 0.000 0.000 0.000 0.162 0 1 0 0 0 0
 195 155991.000 129309.000 0 0 0.000 0.000 0.000 0.132 0 1 0 0 0 0
 196 147616.000 141452.000 0 0 0.000 0.000 0.000 0.151 0 1 0 0 0 0
 197 39385.000 117840.000 0 0 0.000 0.000 0.000 0.130 0 1 0 0 0 0
 198 56770.000 146456.000 0 0 0.000 0.000 0.000 0.132 0 1 0 0 0 0
 199 86666.000 38353.000 0 0 0.000 0.000 0.000 0.144 0 1 0 0 0 0
 200 41603.000 126029.000 0 0 0.000 0.000 0.000 0.133 0 1 0 0 0 0
 201 161101.000 118929.000 0 0 0.000 0.000 0.000 0.143 0 1 0 0 0 0
 202 39789.000 123072.000 0 0 0.000 0.000 0.000 0.150 0 1 0 0 0 0
 203 35066.000 95822.000 0 0 0.000 0.000 0.000 0.147 0 1 0 0 0 0
 204 147084.000 55294.000 0 0 0.000 0.000 0.000 0.142 0 1 0 0 0 0
 205 34556.000 98894.000 0 0 0.000 0.000 0.000 0.135 0 1 0 0 0 0
 206 37310.000 79709.000 0 0 0.000 0.000 0.000 0.138 0 1 0 0 0 0
 207 95671.000 33814.000 0 0 0.000 0.000 0.000 0.146 0 1 0 0 0 0
 208 151843.000 58534.000 0 0 0.000 0.000 0.000 0.142 0 1 0 0 0 0
 209 40360.000 68490.000 0 0 0.000 0.000 0.000 0.143 0 1 0 0 0 0
 210 167310.000 92101.000 0 0 0.000 0.000 0.000 0.148 0 1 0 0 0 0
 211 37374.000 126324.000 0 0 0.000 0.000 0.000 0.132 0 1 0 0 0 0
 212 142834.000 153059.000 0 0 0.000 0.000 0.000 0.148 0 1 0 0 0 0
 213 163165.000 125780.000 0 0 0.000 0.000 0.000 0.133 0 1 0 0 0 0
 214 168060.000 104197.000 0 0 0.000 0.000 0.000 0.132 0 1 0 0 0 0
 215 91299.000 168063.000 0 0 0.000 0.000 0.000 0.164 0 1 0 0 0 0
 216 100371.000 31705.000 0 0 0.000 0.000 0.000 0.148 0 1 0 0 0 0
 217 153203.000 55438.000 0 0 0.000 0.000 0.000 0.134 0 1 0 0 0 0
 218 154972.000 57209.000 0 0 0.000 0.000 0.000 0.135 0 1 0 0 0 0
 219 170344.000 102905.000 0 0 0.000 0.000 0.000 0.133 0 1 0 0 0 0
 220 32320.000 121478.000 0 0 0.000 0.000 0.000 0.130 0 1 0 0 0 0
 221 43111.000 56518.000 0 0 0.000 0.000 0.000 0.130 0 1 0 0 0 0
 222 36974.000 135333.000 0 0 0.000 0.000 0.000 0.132 0 1 0 0 0 0
 223 30369.000 120881.000 0 0 0.000 0.000 0.000 0.143 0 1 0 0 0 0
 224 170170.000 78613.000 0 0 0.000 0.000 0.000 0.134 0 1 0 0 0 0
 225 66787.000 33037.000 0 0 0.000 0.000 0.000 0.145 0 1 0 0 0 0
 226 158716.000 52852.000 0 0 0.000 0.000 0.000 0.135 0 1 0 0 0 0
 227 167697.000 133857.000 0 0 0.000 0.000 0.000 0.137 0 1 0 0 0 0
 228 25267.000 117062.000 0 0 0.000 0.000 0.000 0.149 0 1 0 0 0 0
 229 40143.000 51749.000 0 0 0.000 0.000 0.000 0.135 0 1 0 0 0 0
 230 81316.000 25558.000 0 0 0.000 0.000 0.000 0.147 0 1 0 0 0 0
 231 29204.000 134944.000 0 0 0.000 0.000 0.000 0.136 0 1 0 0 0 0
 232 183476.000 82555.000 0 0 0.000 0.000 0.000 0.133 0 1 0 0 0 0;
ProcessEquipmentIDList 1
  "6632" ;
SummarySpec 5
  TESTNO    NDEFECT    DEFDENSITY    NDIE    NDEFDIE  ;
SummaryList 
  1    232    0.8482    1    1  ;
EndOfFile;
