FileVersion 1 2;
FileTimestamp 01-06-26 20:01:21;
InspectionStationID "KLA-Tencor" "SFSSP1" "0901-0728-TBI";
SampleType WAFER;
ResultTimestamp 01-06-26 19:50:09;
LotID "2580";
SampleSize 1 200;
DeviceID "None";
SetupID "T2-2580NR" 01-06-26 19:50:09;
StepID "6552";
SampleOrientationMarkType NOTCH;
OrientationMarkLocation DOWN;
DiePitch 200000 200000;
DieOrigin 0 0;
WaferID "08";
Slot 8;
SampleCenterLocation 100000 100000;
ClassLookup 1
  0 "0"  ;
OrientationInstructions "Front";
CoordinatesMirrored No;
InspectionTest 1;
SampleTestPlan 1
  0 0 ;
AreaPerTest 2.73515e+010;
DefectRecordSpec 15 DEFECTID XREL YREL XINDEX YINDEX XSIZE YSIZE DEFECTAREA DSIZE CLASSNUMBER TEST CLUSTERNUMBER ROUGHBINNUMBER FINEBINNUMBER REVIEWSAMPLE ;
DefectList
 1 99185.000 98613.000 0 0 0.000 0.000 0.000 0.138 0 1 0 0 0 0
 2 94770.000 100078.000 0 0 0.000 0.000 0.000 0.136 0 1 0 0 0 0
 3 94326.000 99451.000 0 0 0.000 0.000 0.000 0.166 0 1 0 0 0 0
 4 94484.000 104260.000 0 0 0.000 0.000 0.000 0.138 0 1 0 0 0 0
 5 101972.000 92534.000 0 0 0.000 0.000 0.000 0.150 0 1 0 0 0 0
 6 96064.000 91467.000 0 0 0.000 0.000 0.000 0.140 0 1 0 0 0 0
 7 97071.000 91066.000 0 0 0.000 0.000 0.000 0.134 0 1 0 0 0 0
 8 90829.000 96434.000 0 0 0.000 0.000 0.000 0.146 0 1 0 0 0 0
 9 89931.000 99695.000 0 0 0.000 0.000 0.000 0.147 0 1 0 0 0 0
 10 89863.000 102312.000 0 0 0.000 0.000 0.000 0.205 0 1 0 0 0 0
 11 91534.000 94031.000 0 0 0.000 0.000 0.000 0.144 0 1 0 0 0 0
 12 110705.000 99403.000 0 0 0.000 0.000 0.000 0.145 0 1 0 0 0 0
 13 94066.000 90701.000 0 0 0.000 0.000 0.000 0.145 0 1 0 0 0 0
 14 98479.000 89066.000 0 0 0.000 0.000 0.000 0.144 0 1 0 0 0 0
 15 103254.000 111443.000 0 0 0.000 0.000 0.000 0.164 0 1 0 0 0 0
 16 90143.000 93819.000 0 0 0.000 0.000 0.000 0.165 0 1 0 0 0 0
 17 91036.000 91479.000 0 0 0.000 0.000 0.000 0.139 0 1 0 0 0 0
 18 88623.000 105790.000 0 0 0.000 0.000 0.000 0.136 0 1 0 0 0 0
 19 95678.000 112730.000 0 0 0.000 0.000 0.000 0.161 0 1 0 0 0 0
 20 86912.000 97329.000 0 0 0.000 0.000 0.000 0.130 0 1 0 0 0 0
 21 98479.000 86457.000 0 0 0.000 0.000 0.000 0.139 0 1 0 0 0 0
 22 108962.000 111251.000 0 0 0.000 0.000 0.000 0.130 0 1 0 0 0 0
 23 104167.000 86035.000 0 0 0.000 0.000 0.000 0.139 0 1 0 0 0 0
 24 98693.000 85388.000 0 0 0.000 0.000 0.000 0.130 0 1 0 0 0 0
 25 115509.000 100810.000 0 0 0.000 0.000 0.000 0.142 0 1 0 0 0 0
 26 113576.000 108074.000 0 0 0.000 0.000 0.000 0.139 0 1 0 0 0 0
 27 97116.000 115654.000 0 0 0.000 0.000 0.000 0.150 0 1 0 0 0 0
 28 84140.000 98082.000 0 0 0.000 0.000 0.000 0.151 0 1 0 0 0 0
 29 115760.000 97203.000 0 0 0.000 0.000 0.000 0.143 0 1 0 0 0 0
 30 114839.000 93610.000 0 0 0.000 0.000 0.000 0.149 0 1 0 0 0 0
 31 89111.000 87602.000 0 0 0.000 0.000 0.000 0.130 0 1 0 0 0 0
 32 113034.000 110642.000 0 0 0.000 0.000 0.000 0.144 0 1 0 0 0 0
 33 87277.000 88652.000 0 0 0.000 0.000 0.000 0.134 0 1 0 0 0 0
 34 108987.000 84878.000 0 0 0.000 0.000 0.000 0.137 0 1 0 0 0 0
 35 116364.000 93590.000 0 0 0.000 0.000 0.000 0.144 0 1 0 0 0 0
 36 116310.000 91060.000 0 0 0.000 0.000 0.000 0.142 0 1 0 0 0 0
 37 90446.000 116661.000 0 0 0.000 0.000 0.000 0.150 0 1 0 0 0 0
 38 102848.000 81372.000 0 0 0.000 0.000 0.000 0.147 0 1 0 0 0 0
 39 89161.000 84225.000 0 0 0.000 0.000 0.000 0.138 0 1 0 0 0 0
 40 104683.000 118959.000 0 0 0.000 0.000 0.000 0.137 0 1 0 0 0 0
 41 97600.000 119780.000 0 0 0.000 0.000 0.000 0.131 0 1 0 0 0 0
 42 118813.000 93499.000 0 0 0.000 0.000 0.000 0.140 0 1 0 0 0 0
 43 88558.000 116885.000 0 0 0.000 0.000 0.000 0.137 0 1 0 0 0 0
 44 79708.000 100144.000 0 0 0.000 0.000 0.000 0.146 0 1 0 0 0 0
 45 89818.000 118380.000 0 0 0.000 0.000 0.000 0.130 0 1 0 0 0 0
 46 79324.000 96541.000 0 0 0.000 0.000 0.000 0.133 0 1 0 0 0 0
 47 84182.000 86290.000 0 0 0.000 0.000 0.000 0.137 0 1 0 0 0 0
 48 110689.000 118830.000 0 0 0.000 0.000 0.000 0.157 0 1 0 0 0 0
 49 117557.000 87603.000 0 0 0.000 0.000 0.000 0.216 0 1 0 0 0 0
 50 112775.000 117977.000 0 0 0.000 0.000 0.000 0.149 0 1 0 0 0 0
 51 78473.000 104102.000 0 0 0.000 0.000 0.000 0.153 0 1 0 0 0 0
 52 99778.000 78156.000 0 0 0.000 0.000 0.000 0.149 0 1 0 0 0 0
 53 82717.000 114225.000 0 0 0.000 0.000 0.000 0.158 0 1 0 0 0 0
 54 84016.000 84754.000 0 0 0.000 0.000 0.000 0.148 0 1 0 0 0 0
 55 117076.000 85617.000 0 0 0.000 0.000 0.000 0.139 0 1 0 0 0 0
 56 104059.000 122452.000 0 0 0.000 0.000 0.000 0.144 0 1 0 0 0 0
 57 90843.000 120793.000 0 0 0.000 0.000 0.000 0.147 0 1 0 0 0 0
 58 83610.000 84587.000 0 0 0.000 0.000 0.000 0.134 0 1 0 0 0 0
 59 122658.000 100083.000 0 0 0.000 0.000 0.000 0.136 0 1 0 0 0 0
 60 108557.000 121424.000 0 0 0.000 0.000 0.000 0.138 0 1 0 0 0 0
 61 95468.000 122803.000 0 0 0.000 0.000 0.000 0.144 0 1 0 0 0 0
 62 79257.000 110754.000 0 0 0.000 0.000 0.000 0.164 0 1 0 0 0 0
 63 106190.000 77685.000 0 0 0.000 0.000 0.000 0.138 0 1 0 0 0 0
 64 80143.000 87700.000 0 0 0.000 0.000 0.000 0.160 0 1 0 0 0 0
 65 80366.000 113473.000 0 0 0.000 0.000 0.000 0.153 0 1 0 0 0 0
 66 78634.000 110610.000 0 0 0.000 0.000 0.000 0.135 0 1 0 0 0 0
 67 77314.000 106863.000 0 0 0.000 0.000 0.000 0.136 0 1 0 0 0 0
 68 122347.000 92184.000 0 0 0.000 0.000 0.000 0.134 0 1 0 0 0 0
 69 94138.000 123394.000 0 0 0.000 0.000 0.000 0.142 0 1 0 0 0 0
 70 80318.000 86175.000 0 0 0.000 0.000 0.000 0.133 0 1 0 0 0 0
 71 111107.000 78654.000 0 0 0.000 0.000 0.000 0.137 0 1 0 0 0 0
 72 76074.000 93539.000 0 0 0.000 0.000 0.000 0.139 0 1 0 0 0 0
 73 81684.000 117415.000 0 0 0.000 0.000 0.000 0.173 0 1 0 0 0 0
 74 105580.000 75773.000 0 0 0.000 0.000 0.000 0.160 0 1 0 0 0 0
 75 76965.000 110825.000 0 0 0.000 0.000 0.000 0.134 0 1 0 0 0 0
 76 104664.000 75104.000 0 0 0.000 0.000 0.000 0.143 0 1 0 0 0 0
 77 74772.000 105196.000 0 0 0.000 0.000 0.000 0.154 0 1 0 0 0 0
 78 123230.000 88832.000 0 0 0.000 0.000 0.000 0.140 0 1 0 0 0 0
 79 75550.000 91418.000 0 0 0.000 0.000 0.000 0.130 0 1 0 0 0 0
 80 105728.000 125669.000 0 0 0.000 0.000 0.000 0.152 0 1 0 0 0 0
 81 79318.000 116279.000 0 0 0.000 0.000 0.000 0.138 0 1 0 0 0 0
 82 92834.000 74970.000 0 0 0.000 0.000 0.000 0.141 0 1 0 0 0 0
 83 125515.000 106191.000 0 0 0.000 0.000 0.000 0.141 0 1 0 0 0 0
 84 101030.000 73975.000 0 0 0.000 0.000 0.000 0.153 0 1 0 0 0 0
 85 125101.000 110286.000 0 0 0.000 0.000 0.000 0.144 0 1 0 0 0 0
 86 124220.000 87808.000 0 0 0.000 0.000 0.000 0.151 0 1 0 0 0 0
 87 77811.000 116715.000 0 0 0.000 0.000 0.000 0.136 0 1 0 0 0 0
 88 72887.000 95228.000 0 0 0.000 0.000 0.000 0.150 0 1 0 0 0 0
 89 73509.000 90901.000 0 0 0.000 0.000 0.000 0.141 0 1 0 0 0 0
 90 71532.000 97229.000 0 0 0.000 0.000 0.000 0.130 0 1 0 0 0 0
 91 82214.000 76983.000 0 0 0.000 0.000 0.000 0.130 0 1 0 0 0 0
 92 98753.000 70967.000 0 0 0.000 0.000 0.000 0.146 0 1 0 0 0 0
 93 74789.000 115408.000 0 0 0.000 0.000 0.000 0.145 0 1 0 0 0 0
 94 128937.000 93455.000 0 0 0.000 0.000 0.000 0.133 0 1 0 0 0 0
 95 71462.000 89956.000 0 0 0.000 0.000 0.000 0.147 0 1 0 0 0 0
 96 110332.000 71713.000 0 0 0.000 0.000 0.000 0.152 0 1 0 0 0 0
 97 107115.000 70483.000 0 0 0.000 0.000 0.000 0.143 0 1 0 0 0 0
 98 124938.000 119215.000 0 0 0.000 0.000 0.000 0.165 0 1 0 0 0 0
 99 71274.000 113010.000 0 0 0.000 0.000 0.000 0.135 0 1 0 0 0 0
 100 91115.000 69992.000 0 0 0.000 0.000 0.000 0.142 0 1 0 0 0 0
 101 130547.000 90547.000 0 0 0.000 0.000 0.000 0.144 0 1 0 0 0 0
 102 131692.000 104244.000 0 0 0.000 0.000 0.000 0.133 0 1 0 0 0 0
 103 83085.000 127937.000 0 0 0.000 0.000 0.000 0.159 0 1 0 0 0 0
 104 127761.000 83244.000 0 0 0.000 0.000 0.000 0.146 0 1 0 0 0 0
 105 107808.000 131841.000 0 0 0.000 0.000 0.000 0.154 0 1 0 0 0 0
 106 83302.000 128147.000 0 0 0.000 0.000 0.000 0.130 0 1 0 0 0 0
 107 67884.000 93890.000 0 0 0.000 0.000 0.000 0.133 0 1 0 0 0 0
 108 74453.000 120927.000 0 0 0.000 0.000 0.000 0.143 0 1 0 0 0 0
 109 67519.000 95457.000 0 0 0.000 0.000 0.000 0.164 0 1 0 0 0 0
 110 102597.000 67457.000 0 0 0.000 0.000 0.000 0.131 0 1 0 0 0 0
 111 77013.000 124024.000 0 0 0.000 0.000 0.000 0.148 0 1 0 0 0 0
 112 118919.000 73074.000 0 0 0.000 0.000 0.000 0.159 0 1 0 0 0 0
 113 121851.000 75245.000 0 0 0.000 0.000 0.000 0.149 0 1 0 0 0 0
 114 116008.000 70705.000 0 0 0.000 0.000 0.000 0.146 0 1 0 0 0 0
 115 133184.000 107898.000 0 0 0.000 0.000 0.000 0.141 0 1 0 0 0 0
 116 127670.000 79885.000 0 0 0.000 0.000 0.000 0.130 0 1 0 0 0 0
 117 129030.000 118704.000 0 0 0.000 0.000 0.000 0.132 0 1 0 0 0 0
 118 126903.000 121781.000 0 0 0.000 0.000 0.000 0.133 0 1 0 0 0 0
 119 109076.000 133510.000 0 0 0.000 0.000 0.000 0.135 0 1 0 0 0 0
 120 106140.000 134148.000 0 0 0.000 0.000 0.000 0.140 0 1 0 0 0 0
 121 89462.000 67306.000 0 0 0.000 0.000 0.000 0.154 0 1 0 0 0 0
 122 107727.000 66584.000 0 0 0.000 0.000 0.000 0.145 0 1 0 0 0 0
 123 134058.000 105320.000 0 0 0.000 0.000 0.000 0.164 0 1 0 0 0 0
 124 134242.000 107087.000 0 0 0.000 0.000 0.000 0.144 0 1 0 0 0 0
 125 114156.000 132149.000 0 0 0.000 0.000 0.000 0.152 0 1 0 0 0 0
 126 76487.000 126251.000 0 0 0.000 0.000 0.000 0.134 0 1 0 0 0 0
 127 83386.000 131303.000 0 0 0.000 0.000 0.000 0.130 0 1 0 0 0 0
 128 117930.000 69807.000 0 0 0.000 0.000 0.000 0.144 0 1 0 0 0 0
 129 107840.000 64943.000 0 0 0.000 0.000 0.000 0.155 0 1 0 0 0 0
 130 134379.000 88786.000 0 0 0.000 0.000 0.000 0.150 0 1 0 0 0 0
 131 103114.000 136458.000 0 0 0.000 0.000 0.000 0.135 0 1 0 0 0 0
 132 65859.000 113698.000 0 0 0.000 0.000 0.000 0.140 0 1 0 0 0 0
 133 72626.000 124809.000 0 0 0.000 0.000 0.000 0.166 0 1 0 0 0 0
 134 108156.000 136333.000 0 0 0.000 0.000 0.000 0.134 0 1 0 0 0 0
 135 62678.000 96893.000 0 0 0.000 0.000 0.000 0.163 0 1 0 0 0 0
 136 125400.000 72631.000 0 0 0.000 0.000 0.000 0.132 0 1 0 0 0 0
 137 87266.000 64511.000 0 0 0.000 0.000 0.000 0.144 0 1 0 0 0 0
 138 137778.000 106265.000 0 0 0.000 0.000 0.000 0.140 0 1 0 0 0 0
 139 67233.000 120374.000 0 0 0.000 0.000 0.000 0.134 0 1 0 0 0 0
 140 137758.000 93267.000 0 0 0.000 0.000 0.000 0.152 0 1 0 0 0 0
 141 126664.000 127918.000 0 0 0.000 0.000 0.000 0.132 0 1 0 0 0 0
 142 138345.000 95765.000 0 0 0.000 0.000 0.000 0.133 0 1 0 0 0 0
 143 119193.000 134818.000 0 0 0.000 0.000 0.000 0.165 0 1 0 0 0 0
 144 62380.000 86472.000 0 0 0.000 0.000 0.000 0.143 0 1 0 0 0 0
 145 138853.000 90068.000 0 0 0.000 0.000 0.000 0.150 0 1 0 0 0 0
 146 125001.000 131574.000 0 0 0.000 0.000 0.000 0.130 0 1 0 0 0 0
 147 92157.000 60639.000 0 0 0.000 0.000 0.000 0.159 0 1 0 0 0 0
 148 59418.000 99898.000 0 0 0.000 0.000 0.000 0.136 0 1 0 0 0 0
 149 81394.000 64216.000 0 0 0.000 0.000 0.000 0.137 0 1 0 0 0 0
 150 106089.000 59801.000 0 0 0.000 0.000 0.000 0.141 0 1 0 0 0 0
 151 129841.000 72130.000 0 0 0.000 0.000 0.000 0.131 0 1 0 0 0 0
 152 137165.000 117277.000 0 0 0.000 0.000 0.000 0.167 0 1 0 0 0 0
 153 65292.000 78020.000 0 0 0.000 0.000 0.000 0.137 0 1 0 0 0 0
 154 67479.000 74210.000 0 0 0.000 0.000 0.000 0.171 0 1 0 0 0 0
 155 91047.000 141247.000 0 0 0.000 0.000 0.000 0.136 0 1 0 0 0 0
 156 111035.000 59296.000 0 0 0.000 0.000 0.000 0.130 0 1 0 0 0 0
 157 135007.000 124269.000 0 0 0.000 0.000 0.000 0.134 0 1 0 0 0 0
 158 107348.000 142242.000 0 0 0.000 0.000 0.000 0.152 0 1 0 0 0 0
 159 142267.000 106751.000 0 0 0.000 0.000 0.000 0.135 0 1 0 0 0 0
 160 104184.000 142910.000 0 0 0.000 0.000 0.000 0.136 0 1 0 0 0 0
 161 132642.000 72417.000 0 0 0.000 0.000 0.000 0.141 0 1 0 0 0 0
 162 141544.000 89806.000 0 0 0.000 0.000 0.000 0.140 0 1 0 0 0 0
 163 119700.000 138359.000 0 0 0.000 0.000 0.000 0.132 0 1 0 0 0 0
 164 132686.000 72124.000 0 0 0.000 0.000 0.000 0.138 0 1 0 0 0 0
 165 139537.000 82778.000 0 0 0.000 0.000 0.000 0.153 0 1 0 0 0 0
 166 56545.000 96239.000 0 0 0.000 0.000 0.000 0.134 0 1 0 0 0 0
 167 67147.000 129339.000 0 0 0.000 0.000 0.000 0.135 0 1 0 0 0 0
 168 56160.000 104960.000 0 0 0.000 0.000 0.000 0.131 0 1 0 0 0 0
 169 93095.000 56040.000 0 0 0.000 0.000 0.000 0.136 0 1 0 0 0 0
 170 127806.000 135598.000 0 0 0.000 0.000 0.000 0.145 0 1 0 0 0 0
 171 145010.000 99359.000 0 0 0.000 0.000 0.000 0.158 0 1 0 0 0 0
 172 143542.000 112256.000 0 0 0.000 0.000 0.000 0.130 0 1 0 0 0 0
 173 63093.000 73582.000 0 0 0.000 0.000 0.000 0.138 0 1 0 0 0 0
 174 54952.000 92545.000 0 0 0.000 0.000 0.000 0.149 0 1 0 0 0 0
 175 145806.000 98360.000 0 0 0.000 0.000 0.000 0.138 0 1 0 0 0 0
 176 132990.000 131927.000 0 0 0.000 0.000 0.000 0.137 0 1 0 0 0 0
 177 86691.000 56217.000 0 0 0.000 0.000 0.000 0.160 0 1 0 0 0 0
 178 118835.000 142530.000 0 0 0.000 0.000 0.000 0.146 0 1 0 0 0 0
 179 80488.000 142434.000 0 0 0.000 0.000 0.000 0.133 0 1 0 0 0 0
 180 69744.000 64753.000 0 0 0.000 0.000 0.000 0.131 0 1 0 0 0 0
 181 73044.000 62159.000 0 0 0.000 0.000 0.000 0.137 0 1 0 0 0 0
 182 83946.000 144299.000 0 0 0.000 0.000 0.000 0.149 0 1 0 0 0 0
 183 140641.000 76795.000 0 0 0.000 0.000 0.000 0.131 0 1 0 0 0 0
 184 146710.000 95569.000 0 0 0.000 0.000 0.000 0.134 0 1 0 0 0 0
 185 147368.000 94481.000 0 0 0.000 0.000 0.000 0.132 0 1 0 0 0 0
 186 119721.000 56201.000 0 0 0.000 0.000 0.000 0.130 0 1 0 0 0 0
 187 130217.000 62500.000 0 0 0.000 0.000 0.000 0.145 0 1 0 0 0 0
 188 72439.000 60337.000 0 0 0.000 0.000 0.000 0.138 0 1 0 0 0 0
 189 67426.000 64250.000 0 0 0.000 0.000 0.000 0.130 0 1 0 0 0 0
 190 136115.000 132897.000 0 0 0.000 0.000 0.000 0.131 0 1 0 0 0 0
 191 73116.000 140968.000 0 0 0.000 0.000 0.000 0.143 0 1 0 0 0 0
 192 118530.000 54880.000 0 0 0.000 0.000 0.000 0.144 0 1 0 0 0 0
 193 143670.000 122745.000 0 0 0.000 0.000 0.000 0.131 0 1 0 0 0 0
 194 50631.000 98677.000 0 0 0.000 0.000 0.000 0.131 0 1 0 0 0 0
 195 61587.000 69177.000 0 0 0.000 0.000 0.000 0.141 0 1 0 0 0 0
 196 92929.000 149112.000 0 0 0.000 0.000 0.000 0.171 0 1 0 0 0 0
 197 83809.000 147397.000 0 0 0.000 0.000 0.000 0.134 0 1 0 0 0 0
 198 83439.000 147211.000 0 0 0.000 0.000 0.000 0.138 0 1 0 0 0 0
 199 51787.000 87286.000 0 0 0.000 0.000 0.000 0.138 0 1 0 0 0 0
 200 149804.000 101654.000 0 0 0.000 0.000 0.000 0.130 0 1 0 0 0 0
 201 145318.000 120835.000 0 0 0.000 0.000 0.000 0.159 0 1 0 0 0 0
 202 103639.000 150129.000 0 0 0.000 0.000 0.000 0.155 0 1 0 0 0 0
 203 103136.000 150279.000 0 0 0.000 0.000 0.000 0.142 0 1 0 0 0 0
 204 86357.000 51962.000 0 0 0.000 0.000 0.000 0.138 0 1 0 0 0 0
 205 147311.000 116921.000 0 0 0.000 0.000 0.000 0.152 0 1 0 0 0 0
 206 89372.000 50651.000 0 0 0.000 0.000 0.000 0.137 0 1 0 0 0 0
 207 139704.000 68822.000 0 0 0.000 0.000 0.000 0.139 0 1 0 0 0 0
 208 140230.000 131004.000 0 0 0.000 0.000 0.000 0.143 0 1 0 0 0 0
 209 104367.000 49535.000 0 0 0.000 0.000 0.000 0.143 0 1 0 0 0 0
 210 147828.000 83151.000 0 0 0.000 0.000 0.000 0.138 0 1 0 0 0 0
 211 48984.000 102029.000 0 0 0.000 0.000 0.000 0.136 0 1 0 0 0 0
 212 64901.000 63289.000 0 0 0.000 0.000 0.000 0.133 0 1 0 0 0 0
 213 76497.000 54918.000 0 0 0.000 0.000 0.000 0.138 0 1 0 0 0 0
 214 116830.000 51828.000 0 0 0.000 0.000 0.000 0.132 0 1 0 0 0 0
 215 137734.000 65295.000 0 0 0.000 0.000 0.000 0.131 0 1 0 0 0 0
 216 101033.000 48426.000 0 0 0.000 0.000 0.000 0.134 0 1 0 0 0 0
 217 111365.000 151166.000 0 0 0.000 0.000 0.000 0.132 0 1 0 0 0 0
 218 79203.000 148122.000 0 0 0.000 0.000 0.000 0.138 0 1 0 0 0 0
 219 53644.000 124430.000 0 0 0.000 0.000 0.000 0.147 0 1 0 0 0 0
 220 144687.000 73285.000 0 0 0.000 0.000 0.000 0.170 0 1 0 0 0 0
 221 51322.000 80392.000 0 0 0.000 0.000 0.000 0.149 0 1 0 0 0 0
 222 149365.000 82407.000 0 0 0.000 0.000 0.000 0.139 0 1 0 0 0 0
 223 151133.000 87689.000 0 0 0.000 0.000 0.000 0.132 0 1 0 0 0 0
 224 68821.000 142885.000 0 0 0.000 0.000 0.000 0.133 0 1 0 0 0 0
 225 50668.000 119529.000 0 0 0.000 0.000 0.000 0.145 0 1 0 0 0 0
 226 56059.000 70860.000 0 0 0.000 0.000 0.000 0.150 0 1 0 0 0 0
 227 101677.000 47335.000 0 0 0.000 0.000 0.000 0.145 0 1 0 0 0 0
 228 67111.000 141824.000 0 0 0.000 0.000 0.000 0.132 0 1 0 0 0 0
 229 152215.000 109347.000 0 0 0.000 0.000 0.000 0.143 0 1 0 0 0 0
 230 46900.000 94620.000 0 0 0.000 0.000 0.000 0.135 0 1 0 0 0 0
 231 75679.000 52614.000 0 0 0.000 0.000 0.000 0.133 0 1 0 0 0 0
 232 141433.000 133935.000 0 0 0.000 0.000 0.000 0.148 0 1 0 0 0 0
 233 151143.000 116076.000 0 0 0.000 0.000 0.000 0.143 0 1 0 0 0 0
 234 102647.000 153785.000 0 0 0.000 0.000 0.000 0.132 0 1 0 0 0 0
 235 144589.000 69835.000 0 0 0.000 0.000 0.000 0.142 0 1 0 0 0 0
 236 53399.000 127930.000 0 0 0.000 0.000 0.000 0.138 0 1 0 0 0 0
 237 122509.000 50826.000 0 0 0.000 0.000 0.000 0.134 0 1 0 0 0 0
 238 45816.000 105902.000 0 0 0.000 0.000 0.000 0.130 0 1 0 0 0 0
 239 142015.000 135361.000 0 0 0.000 0.000 0.000 0.152 0 1 0 0 0 0
 240 154083.000 109747.000 0 0 0.000 0.000 0.000 0.133 0 1 0 0 0 0
 241 88087.000 154045.000 0 0 0.000 0.000 0.000 0.138 0 1 0 0 0 0
 242 153470.000 114083.000 0 0 0.000 0.000 0.000 0.150 0 1 0 0 0 0
 243 46963.000 83580.000 0 0 0.000 0.000 0.000 0.137 0 1 0 0 0 0
 244 130447.000 53693.000 0 0 0.000 0.000 0.000 0.132 0 1 0 0 0 0
 245 48323.000 121357.000 0 0 0.000 0.000 0.000 0.133 0 1 0 0 0 0
 246 43793.000 100590.000 0 0 0.000 0.000 0.000 0.142 0 1 0 0 0 0
 247 75860.000 151005.000 0 0 0.000 0.000 0.000 0.140 0 1 0 0 0 0
 248 82158.000 153899.000 0 0 0.000 0.000 0.000 0.132 0 1 0 0 0 0
 249 119901.000 153261.000 0 0 0.000 0.000 0.000 0.134 0 1 0 0 0 0
 250 88919.000 155837.000 0 0 0.000 0.000 0.000 0.156 0 1 0 0 0 0
 251 79123.000 153097.000 0 0 0.000 0.000 0.000 0.135 0 1 0 0 0 0
 252 62745.000 57301.000 0 0 0.000 0.000 0.000 0.144 0 1 0 0 0 0
 253 123037.000 152716.000 0 0 0.000 0.000 0.000 0.133 0 1 0 0 0 0
 254 109897.000 157158.000 0 0 0.000 0.000 0.000 0.143 0 1 0 0 0 0
 255 128775.000 150341.000 0 0 0.000 0.000 0.000 0.130 0 1 0 0 0 0
 256 130274.000 50493.000 0 0 0.000 0.000 0.000 0.143 0 1 0 0 0 0
 257 48718.000 71561.000 0 0 0.000 0.000 0.000 0.143 0 1 0 0 0 0
 258 124844.000 47078.000 0 0 0.000 0.000 0.000 0.146 0 1 0 0 0 0
 259 144614.000 138697.000 0 0 0.000 0.000 0.000 0.140 0 1 0 0 0 0
 260 146118.000 63407.000 0 0 0.000 0.000 0.000 0.132 0 1 0 0 0 0
 261 144532.000 59282.000 0 0 0.000 0.000 0.000 0.130 0 1 0 0 0 0
 262 158794.000 114941.000 0 0 0.000 0.000 0.000 0.132 0 1 0 0 0 0
 263 62727.000 52245.000 0 0 0.000 0.000 0.000 0.138 0 1 0 0 0 0
 264 41156.000 82519.000 0 0 0.000 0.000 0.000 0.135 0 1 0 0 0 0
 265 121860.000 157785.000 0 0 0.000 0.000 0.000 0.135 0 1 0 0 0 0
 266 56653.000 144375.000 0 0 0.000 0.000 0.000 0.139 0 1 0 0 0 0
 267 39682.000 86121.000 0 0 0.000 0.000 0.000 0.138 0 1 0 0 0 0
 268 155841.000 73504.000 0 0 0.000 0.000 0.000 0.141 0 1 0 0 0 0
 269 159990.000 84789.000 0 0 0.000 0.000 0.000 0.144 0 1 0 0 0 0
 270 39944.000 115554.000 0 0 0.000 0.000 0.000 0.130 0 1 0 0 0 0
 271 131393.000 46242.000 0 0 0.000 0.000 0.000 0.130 0 1 0 0 0 0
 272 120138.000 159554.000 0 0 0.000 0.000 0.000 0.132 0 1 0 0 0 0
 273 120067.000 40750.000 0 0 0.000 0.000 0.000 0.160 0 1 0 0 0 0
 274 38607.000 113751.000 0 0 0.000 0.000 0.000 0.154 0 1 0 0 0 0
 275 82117.000 39956.000 0 0 0.000 0.000 0.000 0.136 0 1 0 0 0 0
 276 92026.000 37547.000 0 0 0.000 0.000 0.000 0.141 0 1 0 0 0 0
 277 45130.000 131820.000 0 0 0.000 0.000 0.000 0.144 0 1 0 0 0 0
 278 40263.000 122628.000 0 0 0.000 0.000 0.000 0.137 0 1 0 0 0 0
 279 122797.000 160101.000 0 0 0.000 0.000 0.000 0.147 0 1 0 0 0 0
 280 66680.000 154921.000 0 0 0.000 0.000 0.000 0.138 0 1 0 0 0 0
 281 40171.000 123990.000 0 0 0.000 0.000 0.000 200000.000 0 1 0 200 0 0
 282 36084.000 107186.000 0 0 0.000 0.000 0.000 0.148 0 1 0 0 0 0
 283 92605.000 36404.000 0 0 0.000 0.000 0.000 0.138 0 1 0 0 0 0
 284 41467.000 127219.000 0 0 0.000 0.000 0.000 0.134 0 1 0 0 0 0
 285 164201.000 94958.000 0 0 0.000 0.000 0.000 0.138 0 1 0 0 0 0
 286 156700.000 130733.000 0 0 0.000 0.000 0.000 0.131 0 1 0 0 0 0
 287 43089.000 69649.000 0 0 0.000 0.000 0.000 0.142 0 1 0 0 0 0
 288 121321.000 161480.000 0 0 0.000 0.000 0.000 0.151 0 1 0 0 0 0
 289 40214.000 125825.000 0 0 0.000 0.000 0.000 0.130 0 1 0 0 0 0
 290 41319.000 128493.000 0 0 0.000 0.000 0.000 0.159 0 1 0 0 0 0
 291 127877.000 40957.000 0 0 0.000 0.000 0.000 0.142 0 1 0 0 0 0
 292 63076.000 154519.000 0 0 0.000 0.000 0.000 0.130 0 1 0 0 0 0
 293 38165.000 76590.000 0 0 0.000 0.000 0.000 0.168 0 1 0 0 0 0
 294 161604.000 74918.000 0 0 0.000 0.000 0.000 0.143 0 1 0 0 0 0
 295 150763.000 143801.000 0 0 0.000 0.000 0.000 0.141 0 1 0 0 0 0
 296 32873.000 103664.000 0 0 0.000 0.000 0.000 0.132 0 1 0 0 0 0
 297 80648.000 164642.000 0 0 0.000 0.000 0.000 0.140 0 1 0 0 0 0
 298 75613.000 37463.000 0 0 0.000 0.000 0.000 0.162 0 1 0 0 0 0
 299 166528.000 89919.000 0 0 0.000 0.000 0.000 0.134 0 1 0 0 0 0
 300 72035.000 38593.000 0 0 0.000 0.000 0.000 0.132 0 1 0 0 0 0
 301 164927.000 81134.000 0 0 0.000 0.000 0.000 0.138 0 1 0 0 0 0
 302 167908.000 96473.000 0 0 0.000 0.000 0.000 0.162 0 1 0 0 0 0
 303 44382.000 140927.000 0 0 0.000 0.000 0.000 0.139 0 1 0 0 0 0
 304 123051.000 34896.000 0 0 0.000 0.000 0.000 0.136 0 1 0 0 0 0
 305 69782.000 163170.000 0 0 0.000 0.000 0.000 0.130 0 1 0 0 0 0
 306 31046.000 88251.000 0 0 0.000 0.000 0.000 0.131 0 1 0 0 0 0
 307 78683.000 33524.000 0 0 0.000 0.000 0.000 0.137 0 1 0 0 0 0
 308 94025.000 29877.000 0 0 0.000 0.000 0.000 0.135 0 1 0 0 0 0
 309 45430.000 145725.000 0 0 0.000 0.000 0.000 0.138 0 1 0 0 0 0
 310 149744.000 151585.000 0 0 0.000 0.000 0.000 0.143 0 1 0 0 0 0
 311 169374.000 121434.000 0 0 0.000 0.000 0.000 0.134 0 1 0 0 0 0
 312 27512.000 107585.000 0 0 0.000 0.000 0.000 0.136 0 1 0 0 0 0
 313 150865.000 47822.000 0 0 0.000 0.000 0.000 0.130 0 1 0 0 0 0
 314 25471.000 92603.000 0 0 0.000 0.000 0.000 0.132 0 1 0 0 0 0
 315 84697.000 26344.000 0 0 0.000 0.000 0.000 0.142 0 1 0 0 0 0
 316 25541.000 115311.000 0 0 0.000 0.000 0.000 0.139 0 1 0 0 0 0
 317 124598.000 28348.000 0 0 0.000 0.000 0.000 0.130 0 1 0 0 0 0
 318 127386.000 171269.000 0 0 0.000 0.000 0.000 0.132 0 1 0 0 0 0
 319 158536.000 149043.000 0 0 0.000 0.000 0.000 0.157 0 1 0 0 0 0
 320 25853.000 120621.000 0 0 0.000 0.000 0.000 0.134 0 1 0 0 0 0
 321 178356.000 96120.000 0 0 0.000 0.000 0.000 0.131 0 1 0 0 0 0
 322 112793.000 178673.000 0 0 0.000 0.000 0.000 0.130 0 1 0 0 0 0
 323 56764.000 168795.000 0 0 0.000 0.000 0.000 0.131 0 1 0 0 0 0
 324 65652.000 25604.000 0 0 0.000 0.000 0.000 0.136 0 1 0 0 0 0
 325 18984.000 120412.000 0 0 0.000 0.000 0.000 0.216 0 1 0 0 0 0
 326 52369.000 171340.000 0 0 0.000 0.000 0.000 0.138 0 1 0 0 0 0
 327 17618.000 133735.000 0 0 0.000 0.000 0.000 0.159 0 1 0 0 0 0
 328 153043.000 173620.000 0 0 0.000 0.000 0.000 0.145 0 1 0 0 0 0
 329 82736.000 189530.000 0 0 0.000 0.000 0.000 0.154 0 1 0 0 0 0
 330 11391.000 122128.000 0 0 0.000 0.000 0.000 0.145 0 1 0 0 0 0;
ProcessEquipmentIDList 1
  "6632" ;
SummarySpec 5
  TESTNO    NDEFECT    DEFDENSITY    NDIE    NDEFDIE  ;
SummaryList 
  1    330    1.207    1    1  ;
EndOfFile;
