FileVersion 1 2;
FileTimestamp 01-06-26 11:31:50;
InspectionStationID "KLA-Tencor" "SFSSP1" "0901-0728-TBI";
SampleType WAFER;
ResultTimestamp 01-06-26 11:30:35;
LotID "2580";
SampleSize 1 200;
DeviceID "None";
SetupID "T2-2580NR" 01-06-26 11:30:35;
StepID "6552";
SampleOrientationMarkType NOTCH;
OrientationMarkLocation DOWN;
DiePitch 200000 200000;
DieOrigin 0 0;
WaferID "01";
Slot 1;
SampleCenterLocation 100000 100000;
ClassLookup 1
  0 "0"  ;
OrientationInstructions "Front";
CoordinatesMirrored No;
InspectionTest 1;
SampleTestPlan 1
  0 0 ;
AreaPerTest 2.73516e+010;
DefectRecordSpec 15 DEFECTID XREL YREL XINDEX YINDEX XSIZE YSIZE DEFECTAREA DSIZE CLASSNUMBER TEST CLUSTERNUMBER ROUGHBINNUMBER FINEBINNUMBER REVIEWSAMPLE ;
DefectList
 1 98573.000 97692.000 0 0 0.000 0.000 0.000 0.131 0 1 0 0 0 0
 2 102825.000 92716.000 0 0 0.000 0.000 0.000 0.135 0 1 0 0 0 0
 3 90141.000 102090.000 0 0 0.000 0.000 0.000 0.134 0 1 0 0 0 0
 4 92582.000 107060.000 0 0 0.000 0.000 0.000 0.141 0 1 0 0 0 0
 5 91043.000 92343.000 0 0 0.000 0.000 0.000 0.144 0 1 0 0 0 0
 6 99962.000 113032.000 0 0 0.000 0.000 0.000 0.164 0 1 0 0 0 0
 7 104108.000 87875.000 0 0 0.000 0.000 0.000 0.133 0 1 0 0 0 0
 8 86635.000 103386.000 0 0 0.000 0.000 0.000 0.136 0 1 0 0 0 0
 9 113736.000 98919.000 0 0 0.000 0.000 0.000 0.135 0 1 0 0 0 0
 10 96713.000 85922.000 0 0 0.000 0.000 0.000 0.142 0 1 0 0 0 0
 11 88797.000 110330.000 0 0 0.000 0.000 0.000 0.139 0 1 0 0 0 0
 12 85370.000 105261.000 0 0 0.000 0.000 0.000 0.136 0 1 0 0 0 0
 13 91875.000 113715.000 0 0 0.000 0.000 0.000 0.138 0 1 0 0 0 0
 14 114630.000 108649.000 0 0 0.000 0.000 0.000 0.137 0 1 0 0 0 0
 15 95115.000 117093.000 0 0 0.000 0.000 0.000 0.133 0 1 0 0 0 0
 16 105946.000 117252.000 0 0 0.000 0.000 0.000 0.144 0 1 0 0 0 0
 17 81355.000 103621.000 0 0 0.000 0.000 0.000 0.142 0 1 0 0 0 0
 18 113377.000 86094.000 0 0 0.000 0.000 0.000 0.136 0 1 0 0 0 0
 19 112873.000 115200.000 0 0 0.000 0.000 0.000 0.141 0 1 0 0 0 0
 20 93256.000 81435.000 0 0 0.000 0.000 0.000 0.132 0 1 0 0 0 0
 21 81588.000 91470.000 0 0 0.000 0.000 0.000 0.132 0 1 0 0 0 0
 22 79982.000 95384.000 0 0 0.000 0.000 0.000 0.149 0 1 0 0 0 0
 23 119494.000 93112.000 0 0 0.000 0.000 0.000 0.131 0 1 0 0 0 0
 24 88419.000 118974.000 0 0 0.000 0.000 0.000 0.133 0 1 0 0 0 0
 25 78740.000 106019.000 0 0 0.000 0.000 0.000 0.146 0 1 0 0 0 0
 26 78567.000 93486.000 0 0 0.000 0.000 0.000 0.144 0 1 0 0 0 0
 27 77892.000 104418.000 0 0 0.000 0.000 0.000 0.148 0 1 0 0 0 0
 28 79606.000 90426.000 0 0 0.000 0.000 0.000 0.138 0 1 0 0 0 0
 29 106339.000 122525.000 0 0 0.000 0.000 0.000 0.152 0 1 0 0 0 0
 30 100358.000 76916.000 0 0 0.000 0.000 0.000 0.132 0 1 0 0 0 0
 31 95976.000 77111.000 0 0 0.000 0.000 0.000 0.211 0 1 0 0 0 0
 32 107848.000 77779.000 0 0 0.000 0.000 0.000 0.149 0 1 0 0 0 0
 33 97330.000 124231.000 0 0 0.000 0.000 0.000 0.145 0 1 0 0 0 0
 34 79053.000 112820.000 0 0 0.000 0.000 0.000 0.138 0 1 0 0 0 0
 35 75667.000 93308.000 0 0 0.000 0.000 0.000 0.153 0 1 0 0 0 0
 36 90459.000 76877.000 0 0 0.000 0.000 0.000 0.132 0 1 0 0 0 0
 37 124456.000 92990.000 0 0 0.000 0.000 0.000 0.158 0 1 0 0 0 0
 38 74560.000 96130.000 0 0 0.000 0.000 0.000 0.141 0 1 0 0 0 0
 39 119416.000 117146.000 0 0 0.000 0.000 0.000 0.131 0 1 0 0 0 0
 40 114200.000 121824.000 0 0 0.000 0.000 0.000 0.133 0 1 0 0 0 0
 41 125360.000 105381.000 0 0 0.000 0.000 0.000 0.144 0 1 0 0 0 0
 42 74905.000 92991.000 0 0 0.000 0.000 0.000 0.133 0 1 0 0 0 0
 43 109047.000 75173.000 0 0 0.000 0.000 0.000 0.156 0 1 0 0 0 0
 44 119995.000 117942.000 0 0 0.000 0.000 0.000 0.135 0 1 0 0 0 0
 45 107693.000 126669.000 0 0 0.000 0.000 0.000 0.142 0 1 0 0 0 0
 46 80556.000 120378.000 0 0 0.000 0.000 0.000 0.143 0 1 0 0 0 0
 47 91115.000 126941.000 0 0 0.000 0.000 0.000 0.138 0 1 0 0 0 0
 48 73244.000 91565.000 0 0 0.000 0.000 0.000 0.140 0 1 0 0 0 0
 49 128062.000 94768.000 0 0 0.000 0.000 0.000 0.146 0 1 0 0 0 0
 50 122939.000 81829.000 0 0 0.000 0.000 0.000 0.134 0 1 0 0 0 0
 51 128503.000 93331.000 0 0 0.000 0.000 0.000 0.130 0 1 0 0 0 0
 52 127334.000 89101.000 0 0 0.000 0.000 0.000 0.132 0 1 0 0 0 0
 53 92718.000 128941.000 0 0 0.000 0.000 0.000 0.144 0 1 0 0 0 0
 54 109746.000 71773.000 0 0 0.000 0.000 0.000 0.143 0 1 0 0 0 0
 55 117758.000 75724.000 0 0 0.000 0.000 0.000 0.130 0 1 0 0 0 0
 56 72946.000 85985.000 0 0 0.000 0.000 0.000 0.133 0 1 0 0 0 0
 57 69758.000 105721.000 0 0 0.000 0.000 0.000 0.133 0 1 0 0 0 0
 58 128263.000 112159.000 0 0 0.000 0.000 0.000 0.136 0 1 0 0 0 0
 59 112351.000 72027.000 0 0 0.000 0.000 0.000 0.164 0 1 0 0 0 0
 60 125979.000 117389.000 0 0 0.000 0.000 0.000 0.132 0 1 0 0 0 0
 61 125141.000 81322.000 0 0 0.000 0.000 0.000 0.130 0 1 0 0 0 0
 62 99732.000 68395.000 0 0 0.000 0.000 0.000 0.146 0 1 0 0 0 0
 63 131806.000 106990.000 0 0 0.000 0.000 0.000 0.136 0 1 0 0 0 0
 64 118057.000 127663.000 0 0 0.000 0.000 0.000 0.139 0 1 0 0 0 0
 65 105132.000 132618.000 0 0 0.000 0.000 0.000 0.136 0 1 0 0 0 0
 66 67303.000 96180.000 0 0 0.000 0.000 0.000 0.131 0 1 0 0 0 0
 67 69239.000 112561.000 0 0 0.000 0.000 0.000 0.145 0 1 0 0 0 0
 68 67206.000 95965.000 0 0 0.000 0.000 0.000 0.131 0 1 0 0 0 0
 69 81237.000 72486.000 0 0 0.000 0.000 0.000 0.133 0 1 0 0 0 0
 70 66423.000 108420.000 0 0 0.000 0.000 0.000 0.139 0 1 0 0 0 0
 71 126468.000 78156.000 0 0 0.000 0.000 0.000 0.134 0 1 0 0 0 0
 72 68380.000 85746.000 0 0 0.000 0.000 0.000 0.145 0 1 0 0 0 0
 73 103652.000 134936.000 0 0 0.000 0.000 0.000 0.132 0 1 0 0 0 0
 74 65057.000 104958.000 0 0 0.000 0.000 0.000 0.150 0 1 0 0 0 0
 75 76433.000 73214.000 0 0 0.000 0.000 0.000 0.140 0 1 0 0 0 0
 76 76595.000 127451.000 0 0 0.000 0.000 0.000 0.145 0 1 0 0 0 0
 77 85334.000 133572.000 0 0 0.000 0.000 0.000 0.151 0 1 0 0 0 0
 78 68599.000 79346.000 0 0 0.000 0.000 0.000 0.130 0 1 0 0 0 0
 79 113569.000 65041.000 0 0 0.000 0.000 0.000 0.136 0 1 0 0 0 0
 80 62138.000 96922.000 0 0 0.000 0.000 0.000 0.132 0 1 0 0 0 0
 81 138139.000 99503.000 0 0 0.000 0.000 0.000 0.147 0 1 0 0 0 0
 82 66664.000 119266.000 0 0 0.000 0.000 0.000 0.134 0 1 0 0 0 0
 83 80975.000 66410.000 0 0 0.000 0.000 0.000 0.133 0 1 0 0 0 0
 84 76234.000 131349.000 0 0 0.000 0.000 0.000 0.130 0 1 0 0 0 0
 85 136651.000 86141.000 0 0 0.000 0.000 0.000 0.138 0 1 0 0 0 0
 86 61214.000 93547.000 0 0 0.000 0.000 0.000 0.134 0 1 0 0 0 0
 87 63661.000 85116.000 0 0 0.000 0.000 0.000 0.134 0 1 0 0 0 0
 88 108748.000 139126.000 0 0 0.000 0.000 0.000 0.141 0 1 0 0 0 0
 89 139412.000 105546.000 0 0 0.000 0.000 0.000 0.130 0 1 0 0 0 0
 90 138092.000 114025.000 0 0 0.000 0.000 0.000 0.139 0 1 0 0 0 0
 91 104105.000 140767.000 0 0 0.000 0.000 0.000 0.138 0 1 0 0 0 0
 92 139724.000 89843.000 0 0 0.000 0.000 0.000 0.138 0 1 0 0 0 0
 93 71479.000 70127.000 0 0 0.000 0.000 0.000 0.132 0 1 0 0 0 0
 94 83889.000 61961.000 0 0 0.000 0.000 0.000 0.138 0 1 0 0 0 0
 95 140465.000 90723.000 0 0 0.000 0.000 0.000 0.136 0 1 0 0 0 0
 96 122701.000 135201.000 0 0 0.000 0.000 0.000 0.132 0 1 0 0 0 0
 97 106844.000 141408.000 0 0 0.000 0.000 0.000 0.138 0 1 0 0 0 0
 98 91908.000 58680.000 0 0 0.000 0.000 0.000 0.135 0 1 0 0 0 0
 99 62938.000 78937.000 0 0 0.000 0.000 0.000 0.131 0 1 0 0 0 0
 100 81049.000 138785.000 0 0 0.000 0.000 0.000 0.131 0 1 0 0 0 0
 101 100310.000 56950.000 0 0 0.000 0.000 0.000 0.133 0 1 0 0 0 0
 102 138719.000 81028.000 0 0 0.000 0.000 0.000 0.134 0 1 0 0 0 0
 103 58238.000 111960.000 0 0 0.000 0.000 0.000 0.130 0 1 0 0 0 0
 104 108688.000 142889.000 0 0 0.000 0.000 0.000 0.139 0 1 0 0 0 0
 105 137209.000 123095.000 0 0 0.000 0.000 0.000 0.134 0 1 0 0 0 0
 106 56422.000 96249.000 0 0 0.000 0.000 0.000 0.154 0 1 0 0 0 0
 107 78202.000 62204.000 0 0 0.000 0.000 0.000 0.132 0 1 0 0 0 0
 108 71915.000 134519.000 0 0 0.000 0.000 0.000 0.146 0 1 0 0 0 0
 109 78610.000 61060.000 0 0 0.000 0.000 0.000 0.134 0 1 0 0 0 0
 110 139753.000 120671.000 0 0 0.000 0.000 0.000 0.130 0 1 0 0 0 0
 111 139944.000 120541.000 0 0 0.000 0.000 0.000 0.141 0 1 0 0 0 0
 112 132704.000 69314.000 0 0 0.000 0.000 0.000 0.131 0 1 0 0 0 0
 113 113671.000 57186.000 0 0 0.000 0.000 0.000 0.144 0 1 0 0 0 0
 114 126791.000 63537.000 0 0 0.000 0.000 0.000 0.147 0 1 0 0 0 0
 115 54523.000 96065.000 0 0 0.000 0.000 0.000 0.131 0 1 0 0 0 0
 116 57961.000 82279.000 0 0 0.000 0.000 0.000 0.133 0 1 0 0 0 0
 117 108706.000 145525.000 0 0 0.000 0.000 0.000 0.153 0 1 0 0 0 0
 118 129100.000 64368.000 0 0 0.000 0.000 0.000 0.149 0 1 0 0 0 0
 119 117739.000 57386.000 0 0 0.000 0.000 0.000 0.135 0 1 0 0 0 0
 120 62322.000 127605.000 0 0 0.000 0.000 0.000 0.259 0 1 0 0 0 0
 121 53565.000 102904.000 0 0 0.000 0.000 0.000 0.449 0 1 0 0 0 0
 122 128211.000 137254.000 0 0 0.000 0.000 0.000 0.152 0 1 0 0 0 0
 123 140430.000 77163.000 0 0 0.000 0.000 0.000 0.130 0 1 0 0 0 0
 124 122878.000 59183.000 0 0 0.000 0.000 0.000 0.137 0 1 0 0 0 0
 125 126716.000 139501.000 0 0 0.000 0.000 0.000 0.146 0 1 0 0 0 0
 126 87936.000 53829.000 0 0 0.000 0.000 0.000 0.133 0 1 0 0 0 0
 127 81239.000 55601.000 0 0 0.000 0.000 0.000 0.131 0 1 0 0 0 0
 128 132801.000 64708.000 0 0 0.000 0.000 0.000 0.130 0 1 0 0 0 0
 129 144604.000 119047.000 0 0 0.000 0.000 0.000 0.147 0 1 0 0 0 0
 130 132709.000 136121.000 0 0 0.000 0.000 0.000 0.140 0 1 0 0 0 0
 131 119810.000 55264.000 0 0 0.000 0.000 0.000 0.134 0 1 0 0 0 0
 132 144291.000 122783.000 0 0 0.000 0.000 0.000 0.134 0 1 0 0 0 0
 133 103301.000 150130.000 0 0 0.000 0.000 0.000 0.149 0 1 0 0 0 0
 134 63333.000 65539.000 0 0 0.000 0.000 0.000 0.130 0 1 0 0 0 0
 135 130700.000 60276.000 0 0 0.000 0.000 0.000 0.141 0 1 0 0 0 0
 136 89997.000 50391.000 0 0 0.000 0.000 0.000 0.134 0 1 0 0 0 0
 137 145447.000 123356.000 0 0 0.000 0.000 0.000 0.133 0 1 0 0 0 0
 138 74421.000 56054.000 0 0 0.000 0.000 0.000 0.130 0 1 0 0 0 0
 139 109960.000 151355.000 0 0 0.000 0.000 0.000 0.151 0 1 0 0 0 0
 140 142123.000 131102.000 0 0 0.000 0.000 0.000 0.130 0 1 0 0 0 0
 141 128907.000 144054.000 0 0 0.000 0.000 0.000 0.132 0 1 0 0 0 0
 142 132201.000 141900.000 0 0 0.000 0.000 0.000 0.139 0 1 0 0 0 0
 143 152797.000 95709.000 0 0 0.000 0.000 0.000 0.146 0 1 0 0 0 0
 144 151541.000 112358.000 0 0 0.000 0.000 0.000 0.130 0 1 0 0 0 0
 145 52787.000 124936.000 0 0 0.000 0.000 0.000 0.130 0 1 0 0 0 0
 146 85358.000 48836.000 0 0 0.000 0.000 0.000 0.160 0 1 0 0 0 0
 147 100269.000 153783.000 0 0 0.000 0.000 0.000 0.149 0 1 0 0 0 0
 148 87896.000 152724.000 0 0 0.000 0.000 0.000 0.138 0 1 0 0 0 0
 149 115608.000 152188.000 0 0 0.000 0.000 0.000 0.152 0 1 0 0 0 0
 150 106001.000 45192.000 0 0 0.000 0.000 0.000 0.132 0 1 0 0 0 0
 151 110217.000 45907.000 0 0 0.000 0.000 0.000 0.145 0 1 0 0 0 0
 152 155082.000 105863.000 0 0 0.000 0.000 0.000 0.138 0 1 0 0 0 0
 153 150207.000 76212.000 0 0 0.000 0.000 0.000 0.132 0 1 0 0 0 0
 154 152012.000 123231.000 0 0 0.000 0.000 0.000 0.134 0 1 0 0 0 0
 155 156976.000 99351.000 0 0 0.000 0.000 0.000 0.144 0 1 0 0 0 0
 156 122292.000 152768.000 0 0 0.000 0.000 0.000 0.137 0 1 0 0 0 0
 157 50048.000 128544.000 0 0 0.000 0.000 0.000 0.130 0 1 0 0 0 0
 158 48752.000 126548.000 0 0 0.000 0.000 0.000 0.135 0 1 0 0 0 0
 159 47330.000 123418.000 0 0 0.000 0.000 0.000 0.130 0 1 0 0 0 0
 160 114575.000 155970.000 0 0 0.000 0.000 0.000 0.134 0 1 0 0 0 0
 161 95473.000 41624.000 0 0 0.000 0.000 0.000 0.131 0 1 0 0 0 0
 162 137256.000 145963.000 0 0 0.000 0.000 0.000 0.135 0 1 0 0 0 0
 163 153311.000 126199.000 0 0 0.000 0.000 0.000 0.137 0 1 0 0 0 0
 164 47592.000 130372.000 0 0 0.000 0.000 0.000 0.131 0 1 0 0 0 0
 165 94562.000 39722.000 0 0 0.000 0.000 0.000 0.131 0 1 0 0 0 0
 166 65246.000 150183.000 0 0 0.000 0.000 0.000 0.131 0 1 0 0 0 0
 167 158354.000 80376.000 0 0 0.000 0.000 0.000 0.133 0 1 0 0 0 0
 168 42292.000 123399.000 0 0 0.000 0.000 0.000 0.133 0 1 0 0 0 0
 169 94976.000 38356.000 0 0 0.000 0.000 0.000 0.131 0 1 0 0 0 0
 170 40441.000 120615.000 0 0 0.000 0.000 0.000 0.144 0 1 0 0 0 0
 171 124060.000 40605.000 0 0 0.000 0.000 0.000 0.132 0 1 0 0 0 0
 172 159504.000 124607.000 0 0 0.000 0.000 0.000 0.133 0 1 0 0 0 0
 173 63726.000 153793.000 0 0 0.000 0.000 0.000 0.132 0 1 0 0 0 0
 174 36629.000 116925.000 0 0 0.000 0.000 0.000 0.132 0 1 0 0 0 0
 175 163156.000 82862.000 0 0 0.000 0.000 0.000 0.130 0 1 0 0 0 0
 176 124880.000 161056.000 0 0 0.000 0.000 0.000 0.138 0 1 0 0 0 0
 177 33893.000 98851.000 0 0 0.000 0.000 0.000 0.144 0 1 0 0 0 0
 178 135901.000 156400.000 0 0 0.000 0.000 0.000 0.134 0 1 0 0 0 0
 179 164993.000 83410.000 0 0 0.000 0.000 0.000 0.131 0 1 0 0 0 0
 180 71340.000 38530.000 0 0 0.000 0.000 0.000 0.135 0 1 0 0 0 0
 181 59495.000 155067.000 0 0 0.000 0.000 0.000 0.131 0 1 0 0 0 0
 182 41681.000 138326.000 0 0 0.000 0.000 0.000 0.147 0 1 0 0 0 0
 183 119654.000 167142.000 0 0 0.000 0.000 0.000 0.132 0 1 0 0 0 0
 184 47877.000 146998.000 0 0 0.000 0.000 0.000 0.130 0 1 0 0 0 0
 185 170146.000 103735.000 0 0 0.000 0.000 0.000 0.132 0 1 0 0 0 0
 186 141598.000 41640.000 0 0 0.000 0.000 0.000 0.133 0 1 0 0 0 0
 187 141585.000 41450.000 0 0 0.000 0.000 0.000 0.131 0 1 0 0 0 0
 188 142453.000 41883.000 0 0 0.000 0.000 0.000 0.133 0 1 0 0 0 0
 189 41707.000 54490.000 0 0 0.000 0.000 0.000 0.139 0 1 0 0 0 0
 190 101786.000 176964.000 0 0 0.000 0.000 0.000 0.133 0 1 0 0 0 0
 191 18588.000 105901.000 0 0 0.000 0.000 0.000 0.132 0 1 0 0 0 0
 192 160709.000 33615.000 0 0 0.000 0.000 0.000 200000.000 0 1 0 200 0 0;
ProcessEquipmentIDList 1
  "6632" ;
SummarySpec 5
  TESTNO    NDEFECT    DEFDENSITY    NDIE    NDEFDIE  ;
SummaryList 
  1    192    0.702    1    1  ;
EndOfFile;
