FileVersion 1 2;
FileTimestamp 01-06-26 20:04:09;
InspectionStationID "KLA-Tencor" "SFSSP1" "0901-0728-TBI";
SampleType WAFER;
ResultTimestamp 01-06-26 19:50:09;
LotID "2580";
SampleSize 1 200;
DeviceID "None";
SetupID "T2-2580NR" 01-06-26 19:50:09;
StepID "6552";
SampleOrientationMarkType NOTCH;
OrientationMarkLocation DOWN;
DiePitch 200000 200000;
DieOrigin 0 0;
WaferID "13";
Slot 13;
SampleCenterLocation 100000 100000;
ClassLookup 1
  0 "0"  ;
OrientationInstructions "Front";
CoordinatesMirrored No;
InspectionTest 1;
SampleTestPlan 1
  0 0 ;
AreaPerTest 2.73513e+010;
DefectRecordSpec 15 DEFECTID XREL YREL XINDEX YINDEX XSIZE YSIZE DEFECTAREA DSIZE CLASSNUMBER TEST CLUSTERNUMBER ROUGHBINNUMBER FINEBINNUMBER REVIEWSAMPLE ;
DefectList
 1 96216.000 100363.000 0 0 0.000 0.000 0.000 0.149 0 1 0 0 0 0
 2 96468.000 103709.000 0 0 0.000 0.000 0.000 0.161 0 1 0 0 0 0
 3 94893.000 100947.000 0 0 0.000 0.000 0.000 0.142 0 1 0 0 0 0
 4 96690.000 96338.000 0 0 0.000 0.000 0.000 0.155 0 1 0 0 0 0
 5 99705.000 93307.000 0 0 0.000 0.000 0.000 0.139 0 1 0 0 0 0
 6 107407.000 101857.000 0 0 0.000 0.000 0.000 0.131 0 1 0 0 0 0
 7 106439.000 104830.000 0 0 0.000 0.000 0.000 0.130 0 1 0 0 0 0
 8 106439.000 104832.000 0 0 0.000 0.000 0.000 0.130 0 1 0 0 0 0
 9 91698.000 100282.000 0 0 0.000 0.000 0.000 0.154 0 1 0 0 0 0
 10 96300.000 91169.000 0 0 0.000 0.000 0.000 0.134 0 1 0 0 0 0
 11 97835.000 110057.000 0 0 0.000 0.000 0.000 0.146 0 1 0 0 0 0
 12 94128.000 92045.000 0 0 0.000 0.000 0.000 0.145 0 1 0 0 0 0
 13 99319.000 110422.000 0 0 0.000 0.000 0.000 0.135 0 1 0 0 0 0
 14 95817.000 90972.000 0 0 0.000 0.000 0.000 0.131 0 1 0 0 0 0
 15 103469.000 110936.000 0 0 0.000 0.000 0.000 0.145 0 1 0 0 0 0
 16 107193.000 90745.000 0 0 0.000 0.000 0.000 0.138 0 1 0 0 0 0
 17 87836.000 102201.000 0 0 0.000 0.000 0.000 0.146 0 1 0 0 0 0
 18 88428.000 106481.000 0 0 0.000 0.000 0.000 0.141 0 1 0 0 0 0
 19 108477.000 111522.000 0 0 0.000 0.000 0.000 0.131 0 1 0 0 0 0
 20 94443.000 113376.000 0 0 0.000 0.000 0.000 0.140 0 1 0 0 0 0
 21 114842.000 101175.000 0 0 0.000 0.000 0.000 0.132 0 1 0 0 0 0
 22 84734.000 97295.000 0 0 0.000 0.000 0.000 0.133 0 1 0 0 0 0
 23 108361.000 87228.000 0 0 0.000 0.000 0.000 0.135 0 1 0 0 0 0
 24 114548.000 105460.000 0 0 0.000 0.000 0.000 0.151 0 1 0 0 0 0
 25 105940.000 114677.000 0 0 0.000 0.000 0.000 0.133 0 1 0 0 0 0
 26 105879.000 85775.000 0 0 0.000 0.000 0.000 0.133 0 1 0 0 0 0
 27 112649.000 109601.000 0 0 0.000 0.000 0.000 0.142 0 1 0 0 0 0
 28 84546.000 96942.000 0 0 0.000 0.000 0.000 0.139 0 1 0 0 0 0
 29 111826.000 110877.000 0 0 0.000 0.000 0.000 0.147 0 1 0 0 0 0
 30 85744.000 92516.000 0 0 0.000 0.000 0.000 0.142 0 1 0 0 0 0
 31 84023.000 103956.000 0 0 0.000 0.000 0.000 0.131 0 1 0 0 0 0
 32 87299.000 111270.000 0 0 0.000 0.000 0.000 0.137 0 1 0 0 0 0
 33 88880.000 87387.000 0 0 0.000 0.000 0.000 0.136 0 1 0 0 0 0
 34 90872.000 85843.000 0 0 0.000 0.000 0.000 0.141 0 1 0 0 0 0
 35 107574.000 84952.000 0 0 0.000 0.000 0.000 0.167 0 1 0 0 0 0
 36 92169.000 84815.000 0 0 0.000 0.000 0.000 0.131 0 1 0 0 0 0
 37 87664.000 112889.000 0 0 0.000 0.000 0.000 0.141 0 1 0 0 0 0
 38 117790.000 100089.000 0 0 0.000 0.000 0.000 0.131 0 1 0 0 0 0
 39 91286.000 116031.000 0 0 0.000 0.000 0.000 0.139 0 1 0 0 0 0
 40 97229.000 118523.000 0 0 0.000 0.000 0.000 0.133 0 1 0 0 0 0
 41 93282.000 117599.000 0 0 0.000 0.000 0.000 0.141 0 1 0 0 0 0
 42 100031.000 118979.000 0 0 0.000 0.000 0.000 0.131 0 1 0 0 0 0
 43 114649.000 112227.000 0 0 0.000 0.000 0.000 0.159 0 1 0 0 0 0
 44 88384.000 84589.000 0 0 0.000 0.000 0.000 0.136 0 1 0 0 0 0
 45 111735.000 115756.000 0 0 0.000 0.000 0.000 0.133 0 1 0 0 0 0
 46 106955.000 81554.000 0 0 0.000 0.000 0.000 0.152 0 1 0 0 0 0
 47 108388.000 82284.000 0 0 0.000 0.000 0.000 0.155 0 1 0 0 0 0
 48 113153.000 115463.000 0 0 0.000 0.000 0.000 0.150 0 1 0 0 0 0
 49 80200.000 95894.000 0 0 0.000 0.000 0.000 0.135 0 1 0 0 0 0
 50 96851.000 120910.000 0 0 0.000 0.000 0.000 0.134 0 1 0 0 0 0
 51 121068.000 99707.000 0 0 0.000 0.000 0.000 0.139 0 1 0 0 0 0
 52 94172.000 120870.000 0 0 0.000 0.000 0.000 0.160 0 1 0 0 0 0
 53 79067.000 106147.000 0 0 0.000 0.000 0.000 0.144 0 1 0 0 0 0
 54 107446.000 79558.000 0 0 0.000 0.000 0.000 0.147 0 1 0 0 0 0
 55 120331.000 91104.000 0 0 0.000 0.000 0.000 0.140 0 1 0 0 0 0
 56 81462.000 87280.000 0 0 0.000 0.000 0.000 0.132 0 1 0 0 0 0
 57 97416.000 77415.000 0 0 0.000 0.000 0.000 0.144 0 1 0 0 0 0
 58 103665.000 123285.000 0 0 0.000 0.000 0.000 0.139 0 1 0 0 0 0
 59 76623.000 102812.000 0 0 0.000 0.000 0.000 0.130 0 1 0 0 0 0
 60 77761.000 92536.000 0 0 0.000 0.000 0.000 0.137 0 1 0 0 0 0
 61 103444.000 123815.000 0 0 0.000 0.000 0.000 0.140 0 1 0 0 0 0
 62 106132.000 76832.000 0 0 0.000 0.000 0.000 0.132 0 1 0 0 0 0
 63 102527.000 124419.000 0 0 0.000 0.000 0.000 0.139 0 1 0 0 0 0
 64 85288.000 120044.000 0 0 0.000 0.000 0.000 0.132 0 1 0 0 0 0
 65 80848.000 115773.000 0 0 0.000 0.000 0.000 0.135 0 1 0 0 0 0
 66 82741.000 82528.000 0 0 0.000 0.000 0.000 0.141 0 1 0 0 0 0
 67 115107.000 80653.000 0 0 0.000 0.000 0.000 0.143 0 1 0 0 0 0
 68 75232.000 99056.000 0 0 0.000 0.000 0.000 0.144 0 1 0 0 0 0
 69 93712.000 76259.000 0 0 0.000 0.000 0.000 0.134 0 1 0 0 0 0
 70 86490.000 121347.000 0 0 0.000 0.000 0.000 0.133 0 1 0 0 0 0
 71 77636.000 88726.000 0 0 0.000 0.000 0.000 0.146 0 1 0 0 0 0
 72 84958.000 79773.000 0 0 0.000 0.000 0.000 0.148 0 1 0 0 0 0
 73 90585.000 76029.000 0 0 0.000 0.000 0.000 0.140 0 1 0 0 0 0
 74 119430.000 82895.000 0 0 0.000 0.000 0.000 0.282 0 1 0 0 0 0
 75 74348.000 93151.000 0 0 0.000 0.000 0.000 0.162 0 1 0 0 0 0
 76 126867.000 101443.000 0 0 0.000 0.000 0.000 0.158 0 1 0 0 0 0
 77 101457.000 127150.000 0 0 0.000 0.000 0.000 0.146 0 1 0 0 0 0
 78 118806.000 80831.000 0 0 0.000 0.000 0.000 0.136 0 1 0 0 0 0
 79 84853.000 123267.000 0 0 0.000 0.000 0.000 0.147 0 1 0 0 0 0
 80 83606.000 76533.000 0 0 0.000 0.000 0.000 0.150 0 1 0 0 0 0
 81 87045.000 126107.000 0 0 0.000 0.000 0.000 0.138 0 1 0 0 0 0
 82 78049.000 81361.000 0 0 0.000 0.000 0.000 0.153 0 1 0 0 0 0
 83 128700.000 105118.000 0 0 0.000 0.000 0.000 0.148 0 1 0 0 0 0
 84 81865.000 77270.000 0 0 0.000 0.000 0.000 0.143 0 1 0 0 0 0
 85 129199.000 99731.000 0 0 0.000 0.000 0.000 0.133 0 1 0 0 0 0
 86 109413.000 127983.000 0 0 0.000 0.000 0.000 0.142 0 1 0 0 0 0
 87 124436.000 83169.000 0 0 0.000 0.000 0.000 0.134 0 1 0 0 0 0
 88 113122.000 127045.000 0 0 0.000 0.000 0.000 0.150 0 1 0 0 0 0
 89 130026.000 102381.000 0 0 0.000 0.000 0.000 0.141 0 1 0 0 0 0
 90 129298.000 107053.000 0 0 0.000 0.000 0.000 0.144 0 1 0 0 0 0
 91 101395.000 130337.000 0 0 0.000 0.000 0.000 0.147 0 1 0 0 0 0
 92 81123.000 123932.000 0 0 0.000 0.000 0.000 0.145 0 1 0 0 0 0
 93 73677.000 84469.000 0 0 0.000 0.000 0.000 0.150 0 1 0 0 0 0
 94 82162.000 125424.000 0 0 0.000 0.000 0.000 0.151 0 1 0 0 0 0
 95 72355.000 85034.000 0 0 0.000 0.000 0.000 0.140 0 1 0 0 0 0
 96 109482.000 130264.000 0 0 0.000 0.000 0.000 0.141 0 1 0 0 0 0
 97 103862.000 68848.000 0 0 0.000 0.000 0.000 0.132 0 1 0 0 0 0
 98 72348.000 84255.000 0 0 0.000 0.000 0.000 0.141 0 1 0 0 0 0
 99 131216.000 94169.000 0 0 0.000 0.000 0.000 0.132 0 1 0 0 0 0
 100 77138.000 77890.000 0 0 0.000 0.000 0.000 0.140 0 1 0 0 0 0
 101 74840.000 120455.000 0 0 0.000 0.000 0.000 0.143 0 1 0 0 0 0
 102 68962.000 109326.000 0 0 0.000 0.000 0.000 0.135 0 1 0 0 0 0
 103 66931.000 99564.000 0 0 0.000 0.000 0.000 0.133 0 1 0 0 0 0
 104 133042.000 98041.000 0 0 0.000 0.000 0.000 0.142 0 1 0 0 0 0
 105 104174.000 67220.000 0 0 0.000 0.000 0.000 0.156 0 1 0 0 0 0
 106 72468.000 80474.000 0 0 0.000 0.000 0.000 0.147 0 1 0 0 0 0
 107 69136.000 85825.000 0 0 0.000 0.000 0.000 0.150 0 1 0 0 0 0
 108 65768.000 99141.000 0 0 0.000 0.000 0.000 0.134 0 1 0 0 0 0
 109 134134.000 97673.000 0 0 0.000 0.000 0.000 0.287 0 1 0 0 0 0
 110 68438.000 86703.000 0 0 0.000 0.000 0.000 0.140 0 1 0 0 0 0
 111 105523.000 65350.000 0 0 0.000 0.000 0.000 0.135 0 1 0 0 0 0
 112 82869.000 131918.000 0 0 0.000 0.000 0.000 0.138 0 1 0 0 0 0
 113 117914.000 68949.000 0 0 0.000 0.000 0.000 0.164 0 1 0 0 0 0
 114 71350.000 122748.000 0 0 0.000 0.000 0.000 0.163 0 1 0 0 0 0
 115 125011.000 127243.000 0 0 0.000 0.000 0.000 0.139 0 1 0 0 0 0
 116 68310.000 119308.000 0 0 0.000 0.000 0.000 0.138 0 1 0 0 0 0
 117 95985.000 137616.000 0 0 0.000 0.000 0.000 0.143 0 1 0 0 0 0
 118 99832.000 137943.000 0 0 0.000 0.000 0.000 0.135 0 1 0 0 0 0
 119 96574.000 138103.000 0 0 0.000 0.000 0.000 0.130 0 1 0 0 0 0
 120 128033.000 74188.000 0 0 0.000 0.000 0.000 0.148 0 1 0 0 0 0
 121 66270.000 118920.000 0 0 0.000 0.000 0.000 0.146 0 1 0 0 0 0
 122 134922.000 83829.000 0 0 0.000 0.000 0.000 0.142 0 1 0 0 0 0
 123 106580.000 138640.000 0 0 0.000 0.000 0.000 0.138 0 1 0 0 0 0
 124 75383.000 130370.000 0 0 0.000 0.000 0.000 0.167 0 1 0 0 0 0
 125 64587.000 116272.000 0 0 0.000 0.000 0.000 0.150 0 1 0 0 0 0
 126 65420.000 82112.000 0 0 0.000 0.000 0.000 0.147 0 1 0 0 0 0
 127 78451.000 133143.000 0 0 0.000 0.000 0.000 0.133 0 1 0 0 0 0
 128 76462.000 68567.000 0 0 0.000 0.000 0.000 0.150 0 1 0 0 0 0
 129 83995.000 136914.000 0 0 0.000 0.000 0.000 0.142 0 1 0 0 0 0
 130 133152.000 77797.000 0 0 0.000 0.000 0.000 0.134 0 1 0 0 0 0
 131 61339.000 88828.000 0 0 0.000 0.000 0.000 0.130 0 1 0 0 0 0
 132 133500.000 77822.000 0 0 0.000 0.000 0.000 0.130 0 1 0 0 0 0
 133 94147.000 141005.000 0 0 0.000 0.000 0.000 0.145 0 1 0 0 0 0
 134 141468.000 102869.000 0 0 0.000 0.000 0.000 0.135 0 1 0 0 0 0
 135 76794.000 134854.000 0 0 0.000 0.000 0.000 0.137 0 1 0 0 0 0
 136 135824.000 77441.000 0 0 0.000 0.000 0.000 0.130 0 1 0 0 0 0
 137 142443.000 103467.000 0 0 0.000 0.000 0.000 0.140 0 1 0 0 0 0
 138 80555.000 62195.000 0 0 0.000 0.000 0.000 0.157 0 1 0 0 0 0
 139 141095.000 89025.000 0 0 0.000 0.000 0.000 0.153 0 1 0 0 0 0
 140 103929.000 142817.000 0 0 0.000 0.000 0.000 0.160 0 1 0 0 0 0
 141 57991.000 108963.000 0 0 0.000 0.000 0.000 0.135 0 1 0 0 0 0
 142 95383.000 57538.000 0 0 0.000 0.000 0.000 0.133 0 1 0 0 0 0
 143 59243.000 114667.000 0 0 0.000 0.000 0.000 0.138 0 1 0 0 0 0
 144 117068.000 60619.000 0 0 0.000 0.000 0.000 0.145 0 1 0 0 0 0
 145 142628.000 92909.000 0 0 0.000 0.000 0.000 0.142 0 1 0 0 0 0
 146 95016.000 56912.000 0 0 0.000 0.000 0.000 0.135 0 1 0 0 0 0
 147 72785.000 134264.000 0 0 0.000 0.000 0.000 0.159 0 1 0 0 0 0
 148 61094.000 80301.000 0 0 0.000 0.000 0.000 0.130 0 1 0 0 0 0
 149 143128.000 92789.000 0 0 0.000 0.000 0.000 0.137 0 1 0 0 0 0
 150 113562.000 58564.000 0 0 0.000 0.000 0.000 0.146 0 1 0 0 0 0
 151 143698.000 103270.000 0 0 0.000 0.000 0.000 0.172 0 1 0 0 0 0
 152 98604.000 55764.000 0 0 0.000 0.000 0.000 0.133 0 1 0 0 0 0
 153 68400.000 132070.000 0 0 0.000 0.000 0.000 0.150 0 1 0 0 0 0
 154 113114.000 57280.000 0 0 0.000 0.000 0.000 0.131 0 1 0 0 0 0
 155 143825.000 110007.000 0 0 0.000 0.000 0.000 0.140 0 1 0 0 0 0
 156 57254.000 114530.000 0 0 0.000 0.000 0.000 0.153 0 1 0 0 0 0
 157 89660.000 56278.000 0 0 0.000 0.000 0.000 0.144 0 1 0 0 0 0
 158 124649.000 62347.000 0 0 0.000 0.000 0.000 0.139 0 1 0 0 0 0
 159 88270.000 144260.000 0 0 0.000 0.000 0.000 0.131 0 1 0 0 0 0
 160 145593.000 96645.000 0 0 0.000 0.000 0.000 0.132 0 1 0 0 0 0
 161 121759.000 59683.000 0 0 0.000 0.000 0.000 0.140 0 1 0 0 0 0
 162 78805.000 58860.000 0 0 0.000 0.000 0.000 0.143 0 1 0 0 0 0
 163 146177.000 106105.000 0 0 0.000 0.000 0.000 0.135 0 1 0 0 0 0
 164 108002.000 146357.000 0 0 0.000 0.000 0.000 0.143 0 1 0 0 0 0
 165 127752.000 62352.000 0 0 0.000 0.000 0.000 0.152 0 1 0 0 0 0
 166 98843.000 52938.000 0 0 0.000 0.000 0.000 0.151 0 1 0 0 0 0
 167 125184.000 140318.000 0 0 0.000 0.000 0.000 0.141 0 1 0 0 0 0
 168 116470.000 144653.000 0 0 0.000 0.000 0.000 0.142 0 1 0 0 0 0
 169 133181.000 134270.000 0 0 0.000 0.000 0.000 0.134 0 1 0 0 0 0
 170 82056.000 144377.000 0 0 0.000 0.000 0.000 0.137 0 1 0 0 0 0
 171 67510.000 65259.000 0 0 0.000 0.000 0.000 0.145 0 1 0 0 0 0
 172 60381.000 127283.000 0 0 0.000 0.000 0.000 0.130 0 1 0 0 0 0
 173 110771.000 53508.000 0 0 0.000 0.000 0.000 0.138 0 1 0 0 0 0
 174 147189.000 92402.000 0 0 0.000 0.000 0.000 0.160 0 1 0 0 0 0
 175 109870.000 53169.000 0 0 0.000 0.000 0.000 0.135 0 1 0 0 0 0
 176 83282.000 145641.000 0 0 0.000 0.000 0.000 0.135 0 1 0 0 0 0
 177 133604.000 135134.000 0 0 0.000 0.000 0.000 0.132 0 1 0 0 0 0
 178 126743.000 140672.000 0 0 0.000 0.000 0.000 0.132 0 1 0 0 0 0
 179 101676.000 51541.000 0 0 0.000 0.000 0.000 0.133 0 1 0 0 0 0
 180 127473.000 140668.000 0 0 0.000 0.000 0.000 0.139 0 1 0 0 0 0
 181 139828.000 71724.000 0 0 0.000 0.000 0.000 0.132 0 1 0 0 0 0
 182 140851.000 72945.000 0 0 0.000 0.000 0.000 0.137 0 1 0 0 0 0
 183 82916.000 53730.000 0 0 0.000 0.000 0.000 0.157 0 1 0 0 0 0
 184 65137.000 135480.000 0 0 0.000 0.000 0.000 0.134 0 1 0 0 0 0
 185 84773.000 53007.000 0 0 0.000 0.000 0.000 0.141 0 1 0 0 0 0
 186 119943.000 54646.000 0 0 0.000 0.000 0.000 0.133 0 1 0 0 0 0
 187 144789.000 77624.000 0 0 0.000 0.000 0.000 0.132 0 1 0 0 0 0
 188 54971.000 122833.000 0 0 0.000 0.000 0.000 0.140 0 1 0 0 0 0
 189 50019.000 93998.000 0 0 0.000 0.000 0.000 0.156 0 1 0 0 0 0
 190 60071.000 69495.000 0 0 0.000 0.000 0.000 0.131 0 1 0 0 0 0
 191 84872.000 51893.000 0 0 0.000 0.000 0.000 0.138 0 1 0 0 0 0
 192 133173.000 138623.000 0 0 0.000 0.000 0.000 0.134 0 1 0 0 0 0
 193 58282.000 71019.000 0 0 0.000 0.000 0.000 0.155 0 1 0 0 0 0
 194 87247.000 50987.000 0 0 0.000 0.000 0.000 0.135 0 1 0 0 0 0
 195 109839.000 50089.000 0 0 0.000 0.000 0.000 0.131 0 1 0 0 0 0
 196 94212.000 151233.000 0 0 0.000 0.000 0.000 0.136 0 1 0 0 0 0
 197 54162.000 123575.000 0 0 0.000 0.000 0.000 0.132 0 1 0 0 0 0
 198 108887.000 150911.000 0 0 0.000 0.000 0.000 0.134 0 1 0 0 0 0
 199 75767.000 54661.000 0 0 0.000 0.000 0.000 0.142 0 1 0 0 0 0
 200 132935.000 60594.000 0 0 0.000 0.000 0.000 0.136 0 1 0 0 0 0
 201 62773.000 136156.000 0 0 0.000 0.000 0.000 0.137 0 1 0 0 0 0
 202 144293.000 73719.000 0 0 0.000 0.000 0.000 0.136 0 1 0 0 0 0
 203 48799.000 91931.000 0 0 0.000 0.000 0.000 0.141 0 1 0 0 0 0
 204 47914.000 101729.000 0 0 0.000 0.000 0.000 0.147 0 1 0 0 0 0
 205 150839.000 88982.000 0 0 0.000 0.000 0.000 0.141 0 1 0 0 0 0
 206 60327.000 66094.000 0 0 0.000 0.000 0.000 0.132 0 1 0 0 0 0
 207 71659.000 56046.000 0 0 0.000 0.000 0.000 0.142 0 1 0 0 0 0
 208 47616.000 95459.000 0 0 0.000 0.000 0.000 0.140 0 1 0 0 0 0
 209 60361.000 65659.000 0 0 0.000 0.000 0.000 0.131 0 1 0 0 0 0
 210 137731.000 63649.000 0 0 0.000 0.000 0.000 0.132 0 1 0 0 0 0
 211 93232.000 152432.000 0 0 0.000 0.000 0.000 0.130 0 1 0 0 0 0
 212 95710.000 152946.000 0 0 0.000 0.000 0.000 0.141 0 1 0 0 0 0
 213 66594.000 59253.000 0 0 0.000 0.000 0.000 0.138 0 1 0 0 0 0
 214 56660.000 130902.000 0 0 0.000 0.000 0.000 0.148 0 1 0 0 0 0
 215 56245.000 130139.000 0 0 0.000 0.000 0.000 0.152 0 1 0 0 0 0
 216 55466.000 69670.000 0 0 0.000 0.000 0.000 0.142 0 1 0 0 0 0
 217 150751.000 118949.000 0 0 0.000 0.000 0.000 0.140 0 1 0 0 0 0
 218 109678.000 153513.000 0 0 0.000 0.000 0.000 0.139 0 1 0 0 0 0
 219 97645.000 45522.000 0 0 0.000 0.000 0.000 0.137 0 1 0 0 0 0
 220 132126.000 55812.000 0 0 0.000 0.000 0.000 0.134 0 1 0 0 0 0
 221 94363.000 155102.000 0 0 0.000 0.000 0.000 0.132 0 1 0 0 0 0
 222 146663.000 70359.000 0 0 0.000 0.000 0.000 0.133 0 1 0 0 0 0
 223 114746.000 46586.000 0 0 0.000 0.000 0.000 0.135 0 1 0 0 0 0
 224 153327.000 115788.000 0 0 0.000 0.000 0.000 0.130 0 1 0 0 0 0
 225 44937.000 109734.000 0 0 0.000 0.000 0.000 0.134 0 1 0 0 0 0
 226 58758.000 138069.000 0 0 0.000 0.000 0.000 0.143 0 1 0 0 0 0
 227 61719.000 59403.000 0 0 0.000 0.000 0.000 0.139 0 1 0 0 0 0
 228 66978.000 54999.000 0 0 0.000 0.000 0.000 0.146 0 1 0 0 0 0
 229 155657.000 94844.000 0 0 0.000 0.000 0.000 0.133 0 1 0 0 0 0
 230 131295.000 53737.000 0 0 0.000 0.000 0.000 0.137 0 1 0 0 0 0
 231 155841.000 105754.000 0 0 0.000 0.000 0.000 0.134 0 1 0 0 0 0
 232 138952.000 140620.000 0 0 0.000 0.000 0.000 0.151 0 1 0 0 0 0
 233 135370.000 143808.000 0 0 0.000 0.000 0.000 0.133 0 1 0 0 0 0
 234 126981.000 149555.000 0 0 0.000 0.000 0.000 0.131 0 1 0 0 0 0
 235 123263.000 48671.000 0 0 0.000 0.000 0.000 0.137 0 1 0 0 0 0
 236 132128.000 53534.000 0 0 0.000 0.000 0.000 0.134 0 1 0 0 0 0
 237 135586.000 56031.000 0 0 0.000 0.000 0.000 0.146 0 1 0 0 0 0
 238 43321.000 95272.000 0 0 0.000 0.000 0.000 0.155 0 1 0 0 0 0
 239 43439.000 92724.000 0 0 0.000 0.000 0.000 0.133 0 1 0 0 0 0
 240 151188.000 125058.000 0 0 0.000 0.000 0.000 0.150 0 1 0 0 0 0
 241 46590.000 120562.000 0 0 0.000 0.000 0.000 0.131 0 1 0 0 0 0
 242 44082.000 111564.000 0 0 0.000 0.000 0.000 0.160 0 1 0 0 0 0
 243 74062.000 49360.000 0 0 0.000 0.000 0.000 0.134 0 1 0 0 0 0
 244 153597.000 120592.000 0 0 0.000 0.000 0.000 0.135 0 1 0 0 0 0
 245 153215.000 122496.000 0 0 0.000 0.000 0.000 0.131 0 1 0 0 0 0
 246 133525.000 147358.000 0 0 0.000 0.000 0.000 0.137 0 1 0 0 0 0
 247 65050.000 53861.000 0 0 0.000 0.000 0.000 0.138 0 1 0 0 0 0
 248 156447.000 86870.000 0 0 0.000 0.000 0.000 0.143 0 1 0 0 0 0
 249 155560.000 117038.000 0 0 0.000 0.000 0.000 0.131 0 1 0 0 0 0
 250 87639.000 43102.000 0 0 0.000 0.000 0.000 0.147 0 1 0 0 0 0
 251 130909.000 50700.000 0 0 0.000 0.000 0.000 0.157 0 1 0 0 0 0
 252 63722.000 54242.000 0 0 0.000 0.000 0.000 0.130 0 1 0 0 0 0
 253 76135.000 46735.000 0 0 0.000 0.000 0.000 0.130 0 1 0 0 0 0
 254 50074.000 68942.000 0 0 0.000 0.000 0.000 0.150 0 1 0 0 0 0
 255 114106.000 157624.000 0 0 0.000 0.000 0.000 0.154 0 1 0 0 0 0
 256 158085.000 88840.000 0 0 0.000 0.000 0.000 0.134 0 1 0 0 0 0
 257 159231.000 103490.000 0 0 0.000 0.000 0.000 0.161 0 1 0 0 0 0
 258 107326.000 159798.000 0 0 0.000 0.000 0.000 0.139 0 1 0 0 0 0
 259 61134.000 145923.000 0 0 0.000 0.000 0.000 0.134 0 1 0 0 0 0
 260 59235.000 56147.000 0 0 0.000 0.000 0.000 0.135 0 1 0 0 0 0
 261 114975.000 158779.000 0 0 0.000 0.000 0.000 0.139 0 1 0 0 0 0
 262 52943.000 138342.000 0 0 0.000 0.000 0.000 0.144 0 1 0 0 0 0
 263 146657.000 61674.000 0 0 0.000 0.000 0.000 0.145 0 1 0 0 0 0
 264 154757.000 126143.000 0 0 0.000 0.000 0.000 0.132 0 1 0 0 0 0
 265 101159.000 161051.000 0 0 0.000 0.000 0.000 0.132 0 1 0 0 0 0
 266 66896.000 151296.000 0 0 0.000 0.000 0.000 0.144 0 1 0 0 0 0
 267 160097.000 90042.000 0 0 0.000 0.000 0.000 0.136 0 1 0 0 0 0
 268 60965.000 53367.000 0 0 0.000 0.000 0.000 0.133 0 1 0 0 0 0
 269 77931.000 43407.000 0 0 0.000 0.000 0.000 0.130 0 1 0 0 0 0
 270 141764.000 55754.000 0 0 0.000 0.000 0.000 0.131 0 1 0 0 0 0
 271 149960.000 64782.000 0 0 0.000 0.000 0.000 0.136 0 1 0 0 0 0
 272 151574.000 133681.000 0 0 0.000 0.000 0.000 0.136 0 1 0 0 0 0
 273 94431.000 38955.000 0 0 0.000 0.000 0.000 0.131 0 1 0 0 0 0
 274 76084.000 157339.000 0 0 0.000 0.000 0.000 0.145 0 1 0 0 0 0
 275 125339.000 156797.000 0 0 0.000 0.000 0.000 0.468 0 1 0 0 0 0
 276 138694.000 148779.000 0 0 0.000 0.000 0.000 0.133 0 1 0 0 0 0
 277 99272.000 162382.000 0 0 0.000 0.000 0.000 0.151 0 1 0 0 0 0
 278 120056.000 41120.000 0 0 0.000 0.000 0.000 0.131 0 1 0 0 0 0
 279 158059.000 123614.000 0 0 0.000 0.000 0.000 0.131 0 1 0 0 0 0
 280 58833.000 52609.000 0 0 0.000 0.000 0.000 0.130 0 1 0 0 0 0
 281 154577.000 68812.000 0 0 0.000 0.000 0.000 0.137 0 1 0 0 0 0
 282 38754.000 115216.000 0 0 0.000 0.000 0.000 0.134 0 1 0 0 0 0
 283 49919.000 61874.000 0 0 0.000 0.000 0.000 0.133 0 1 0 0 0 0
 284 60110.000 51317.000 0 0 0.000 0.000 0.000 0.153 0 1 0 0 0 0
 285 91975.000 162883.000 0 0 0.000 0.000 0.000 0.133 0 1 0 0 0 0
 286 91632.000 37469.000 0 0 0.000 0.000 0.000 0.133 0 1 0 0 0 0
 287 39510.000 119497.000 0 0 0.000 0.000 0.000 0.130 0 1 0 0 0 0
 288 154598.000 132579.000 0 0 0.000 0.000 0.000 0.131 0 1 0 0 0 0
 289 99346.000 163787.000 0 0 0.000 0.000 0.000 0.130 0 1 0 0 0 0
 290 144950.000 54666.000 0 0 0.000 0.000 0.000 0.151 0 1 0 0 0 0
 291 98991.000 164416.000 0 0 0.000 0.000 0.000 0.130 0 1 0 0 0 0
 292 91259.000 36347.000 0 0 0.000 0.000 0.000 0.139 0 1 0 0 0 0
 293 118501.000 162100.000 0 0 0.000 0.000 0.000 0.131 0 1 0 0 0 0
 294 136297.000 46880.000 0 0 0.000 0.000 0.000 0.131 0 1 0 0 0 0
 295 108317.000 36046.000 0 0 0.000 0.000 0.000 0.140 0 1 0 0 0 0
 296 163543.000 86815.000 0 0 0.000 0.000 0.000 0.131 0 1 0 0 0 0
 297 111419.000 164248.000 0 0 0.000 0.000 0.000 0.131 0 1 0 0 0 0
 298 126731.000 40819.000 0 0 0.000 0.000 0.000 0.136 0 1 0 0 0 0
 299 143512.000 51768.000 0 0 0.000 0.000 0.000 0.147 0 1 0 0 0 0
 300 164539.000 108429.000 0 0 0.000 0.000 0.000 0.135 0 1 0 0 0 0
 301 46085.000 137053.000 0 0 0.000 0.000 0.000 0.146 0 1 0 0 0 0
 302 64210.000 45652.000 0 0 0.000 0.000 0.000 0.140 0 1 0 0 0 0
 303 164504.000 89750.000 0 0 0.000 0.000 0.000 0.133 0 1 0 0 0 0
 304 165280.000 100777.000 0 0 0.000 0.000 0.000 0.142 0 1 0 0 0 0
 305 154802.000 136251.000 0 0 0.000 0.000 0.000 0.150 0 1 0 0 0 0
 306 141698.000 151005.000 0 0 0.000 0.000 0.000 0.130 0 1 0 0 0 0
 307 154400.000 63229.000 0 0 0.000 0.000 0.000 0.133 0 1 0 0 0 0
 308 165417.000 107646.000 0 0 0.000 0.000 0.000 0.138 0 1 0 0 0 0
 309 131764.000 158058.000 0 0 0.000 0.000 0.000 0.137 0 1 0 0 0 0
 310 117707.000 164087.000 0 0 0.000 0.000 0.000 0.137 0 1 0 0 0 0
 311 105317.000 166505.000 0 0 0.000 0.000 0.000 0.137 0 1 0 0 0 0
 312 68108.000 158633.000 0 0 0.000 0.000 0.000 0.132 0 1 0 0 0 0
 313 61158.000 45992.000 0 0 0.000 0.000 0.000 0.132 0 1 0 0 0 0
 314 166620.000 103504.000 0 0 0.000 0.000 0.000 0.151 0 1 0 0 0 0
 315 62419.000 45003.000 0 0 0.000 0.000 0.000 0.132 0 1 0 0 0 0
 316 99177.000 33322.000 0 0 0.000 0.000 0.000 0.135 0 1 0 0 0 0
 317 111270.000 34020.000 0 0 0.000 0.000 0.000 0.138 0 1 0 0 0 0
 318 145240.000 149853.000 0 0 0.000 0.000 0.000 0.139 0 1 0 0 0 0
 319 61263.000 155284.000 0 0 0.000 0.000 0.000 0.265 0 1 0 0 0 0
 320 91124.000 33557.000 0 0 0.000 0.000 0.000 0.133 0 1 0 0 0 0
 321 155825.000 62666.000 0 0 0.000 0.000 0.000 0.132 0 1 0 0 0 0
 322 156675.000 136587.000 0 0 0.000 0.000 0.000 0.140 0 1 0 0 0 0
 323 90816.000 167316.000 0 0 0.000 0.000 0.000 0.130 0 1 0 0 0 0
 324 52118.000 149079.000 0 0 0.000 0.000 0.000 0.145 0 1 0 0 0 0
 325 47786.000 56194.000 0 0 0.000 0.000 0.000 0.132 0 1 0 0 0 0
 326 166151.000 83294.000 0 0 0.000 0.000 0.000 0.135 0 1 0 0 0 0
 327 168174.000 105603.000 0 0 0.000 0.000 0.000 0.131 0 1 0 0 0 0
 328 158339.000 136410.000 0 0 0.000 0.000 0.000 0.137 0 1 0 0 0 0
 329 168513.000 105035.000 0 0 0.000 0.000 0.000 0.273 0 1 0 0 0 0
 330 157017.000 61670.000 0 0 0.000 0.000 0.000 0.135 0 1 0 0 0 0
 331 163585.000 74028.000 0 0 0.000 0.000 0.000 0.134 0 1 0 0 0 0
 332 146547.000 150952.000 0 0 0.000 0.000 0.000 0.146 0 1 0 0 0 0
 333 129289.000 162820.000 0 0 0.000 0.000 0.000 0.131 0 1 0 0 0 0
 334 155254.000 58585.000 0 0 0.000 0.000 0.000 0.133 0 1 0 0 0 0
 335 30692.000 99587.000 0 0 0.000 0.000 0.000 0.131 0 1 0 0 0 0
 336 43349.000 59710.000 0 0 0.000 0.000 0.000 0.133 0 1 0 0 0 0
 337 62419.000 41396.000 0 0 0.000 0.000 0.000 0.141 0 1 0 0 0 0
 338 127284.000 36112.000 0 0 0.000 0.000 0.000 0.131 0 1 0 0 0 0
 339 31508.000 114380.000 0 0 0.000 0.000 0.000 0.145 0 1 0 0 0 0
 340 34414.000 124929.000 0 0 0.000 0.000 0.000 0.151 0 1 0 0 0 0
 341 139006.000 42094.000 0 0 0.000 0.000 0.000 0.139 0 1 0 0 0 0
 342 121778.000 166956.000 0 0 0.000 0.000 0.000 0.134 0 1 0 0 0 0
 343 31771.000 116763.000 0 0 0.000 0.000 0.000 0.153 0 1 0 0 0 0
 344 31949.000 118271.000 0 0 0.000 0.000 0.000 0.131 0 1 0 0 0 0
 345 35587.000 71595.000 0 0 0.000 0.000 0.000 0.141 0 1 0 0 0 0
 346 146165.000 47154.000 0 0 0.000 0.000 0.000 0.140 0 1 0 0 0 0
 347 48035.000 149415.000 0 0 0.000 0.000 0.000 0.152 0 1 0 0 0 0
 348 171567.000 96594.000 0 0 0.000 0.000 0.000 0.137 0 1 0 0 0 0
 349 72519.000 33990.000 0 0 0.000 0.000 0.000 0.136 0 1 0 0 0 0
 350 27460.000 95920.000 0 0 0.000 0.000 0.000 0.155 0 1 0 0 0 0
 351 111761.000 28676.000 0 0 0.000 0.000 0.000 0.131 0 1 0 0 0 0
 352 58084.000 160672.000 0 0 0.000 0.000 0.000 0.133 0 1 0 0 0 0
 353 162055.000 60701.000 0 0 0.000 0.000 0.000 0.130 0 1 0 0 0 0
 354 173194.000 91313.000 0 0 0.000 0.000 0.000 0.135 0 1 0 0 0 0
 355 29805.000 123494.000 0 0 0.000 0.000 0.000 0.131 0 1 0 0 0 0
 356 26452.000 92587.000 0 0 0.000 0.000 0.000 0.148 0 1 0 0 0 0
 357 172632.000 86358.000 0 0 0.000 0.000 0.000 0.131 0 1 0 0 0 0
 358 31788.000 71394.000 0 0 0.000 0.000 0.000 0.164 0 1 0 0 0 0
 359 84586.000 27565.000 0 0 0.000 0.000 0.000 0.150 0 1 0 0 0 0
 360 130661.000 168066.000 0 0 0.000 0.000 0.000 0.134 0 1 0 0 0 0
 361 87417.000 26475.000 0 0 0.000 0.000 0.000 0.142 0 1 0 0 0 0
 362 41452.000 147155.000 0 0 0.000 0.000 0.000 0.142 0 1 0 0 0 0
 363 58709.000 163257.000 0 0 0.000 0.000 0.000 0.133 0 1 0 0 0 0
 364 62473.000 34632.000 0 0 0.000 0.000 0.000 0.139 0 1 0 0 0 0
 365 174503.000 87315.000 0 0 0.000 0.000 0.000 0.132 0 1 0 0 0 0
 366 137417.000 33959.000 0 0 0.000 0.000 0.000 0.135 0 1 0 0 0 0
 367 31041.000 132911.000 0 0 0.000 0.000 0.000 0.133 0 1 0 0 0 0
 368 74117.000 172116.000 0 0 0.000 0.000 0.000 0.131 0 1 0 0 0 0
 369 129802.000 170682.000 0 0 0.000 0.000 0.000 0.130 0 1 0 0 0 0
 370 174015.000 79459.000 0 0 0.000 0.000 0.000 0.140 0 1 0 0 0 0
 371 164269.000 57444.000 0 0 0.000 0.000 0.000 0.157 0 1 0 0 0 0
 372 25571.000 77644.000 0 0 0.000 0.000 0.000 0.131 0 1 0 0 0 0
 373 171494.000 130556.000 0 0 0.000 0.000 0.000 0.132 0 1 0 0 0 0
 374 25705.000 124775.000 0 0 0.000 0.000 0.000 0.173 0 1 0 0 0 0
 375 158396.000 47595.000 0 0 0.000 0.000 0.000 0.136 0 1 0 0 0 0
 376 157372.000 154206.000 0 0 0.000 0.000 0.000 0.141 0 1 0 0 0 0
 377 169637.000 138214.000 0 0 0.000 0.000 0.000 0.141 0 1 0 0 0 0
 378 93517.000 20978.000 0 0 0.000 0.000 0.000 0.139 0 1 0 0 0 0
 379 110911.000 21534.000 0 0 0.000 0.000 0.000 0.136 0 1 0 0 0 0
 380 163190.000 50183.000 0 0 0.000 0.000 0.000 0.140 0 1 0 0 0 0
 381 102401.000 182609.000 0 0 0.000 0.000 0.000 0.137 0 1 0 0 0 0
 382 48406.000 34062.000 0 0 0.000 0.000 0.000 0.131 0 1 0 0 0 0
 383 31084.000 149009.000 0 0 0.000 0.000 0.000 0.130 0 1 0 0 0 0
 384 80911.000 17147.000 0 0 0.000 0.000 0.000 0.133 0 1 0 0 0 0
 385 178270.000 134862.000 0 0 0.000 0.000 0.000 0.131 0 1 0 0 0 0
 386 69659.000 180267.000 0 0 0.000 0.000 0.000 0.130 0 1 0 0 0 0
 387 144023.000 174916.000 0 0 0.000 0.000 0.000 0.134 0 1 0 0 0 0
 388 101527.000 187778.000 0 0 0.000 0.000 0.000 0.135 0 1 0 0 0 0
 389 33794.000 40050.000 0 0 0.000 0.000 0.000 0.139 0 1 0 0 0 0
 390 70549.000 188033.000 0 0 0.000 0.000 0.000 0.130 0 1 0 0 0 0
 391 61039.000 185602.000 0 0 0.000 0.000 0.000 0.130 0 1 0 0 0 0;
ProcessEquipmentIDList 1
  "6632" ;
SummarySpec 5
  TESTNO    NDEFECT    DEFDENSITY    NDIE    NDEFDIE  ;
SummaryList 
  1    391    1.43    1    1  ;
EndOfFile;
