FileVersion 1 2;
FileTimestamp 01-06-26 19:31:26;
InspectionStationID "KLA-Tencor" "SFSSP1" "0901-0728-TBI";
SampleType WAFER;
ResultTimestamp 01-06-26 19:22:44;
LotID "2580";
SampleSize 1 200;
DeviceID "None";
SetupID "T2-2580NR" 01-06-26 19:22:44;
StepID "6552";
SampleOrientationMarkType NOTCH;
OrientationMarkLocation DOWN;
DiePitch 200000 200000;
DieOrigin 0 0;
WaferID "14";
Slot 14;
SampleCenterLocation 100000 100000;
ClassLookup 1
  0 "0"  ;
OrientationInstructions "Front";
CoordinatesMirrored No;
InspectionTest 1;
SampleTestPlan 1
  0 0 ;
AreaPerTest 2.73528e+010;
ClusterClassificationList 1
  1 210 ;
DefectRecordSpec 15 DEFECTID XREL YREL XINDEX YINDEX XSIZE YSIZE DEFECTAREA DSIZE CLASSNUMBER TEST CLUSTERNUMBER ROUGHBINNUMBER FINEBINNUMBER REVIEWSAMPLE ;
DefectList
 1 101788.000 105691.000 0 0 0.000 0.000 0.000 0.139 0 1 0 0 0 0
 2 94143.000 97684.000 0 0 0.000 0.000 0.000 0.136 0 1 0 0 0 0
 3 94220.000 103488.000 0 0 0.000 0.000 0.000 0.156 0 1 0 0 0 0
 4 107110.000 100631.000 0 0 0.000 0.000 0.000 0.166 0 1 0 0 0 0
 5 95483.000 93305.000 0 0 0.000 0.000 0.000 0.131 0 1 0 0 0 0
 6 101010.000 89633.000 0 0 0.000 0.000 0.000 0.133 0 1 0 0 0 0
 7 101842.000 89678.000 0 0 0.000 0.000 0.000 0.145 0 1 0 0 0 0
 8 108409.000 91529.000 0 0 0.000 0.000 0.000 0.141 0 1 0 0 0 0
 9 110816.000 94236.000 0 0 0.000 0.000 0.000 0.135 0 1 0 0 0 0
 10 104408.000 87949.000 0 0 0.000 0.000 0.000 0.147 0 1 0 0 0 0
 11 87238.000 96657.000 0 0 0.000 0.000 0.000 0.132 0 1 0 0 0 0
 12 87770.000 105575.000 0 0 0.000 0.000 0.000 0.162 0 1 0 0 0 0
 13 112149.000 107849.000 0 0 0.000 0.000 0.000 0.160 0 1 0 0 0 0
 14 91532.000 87607.000 0 0 0.000 0.000 0.000 0.141 0 1 0 0 0 0
 15 110793.000 111058.000 0 0 0.000 0.000 0.000 0.153 0 1 0 0 0 0
 16 115719.000 100609.000 0 0 0.000 0.000 0.000 0.143 0 1 0 0 0 0
 17 107348.000 114425.000 0 0 0.000 0.000 0.000 0.147 0 1 0 0 0 0
 18 100698.000 116459.000 0 0 0.000 0.000 0.000 0.131 0 1 0 0 0 0
 19 104203.000 84469.000 0 0 0.000 0.000 0.000 0.146 0 1 0 0 0 0
 20 114284.000 107923.000 0 0 0.000 0.000 0.000 0.154 0 1 0 0 0 0
 21 97709.000 83289.000 0 0 0.000 0.000 0.000 0.138 0 1 0 0 0 0
 22 115115.000 91648.000 0 0 0.000 0.000 0.000 0.139 0 1 0 0 0 0
 23 116984.000 97258.000 0 0 0.000 0.000 0.000 0.131 0 1 0 0 0 0
 24 117471.000 102580.000 0 0 0.000 0.000 0.000 0.140 0 1 0 0 0 0
 25 82279.000 97111.000 0 0 0.000 0.000 0.000 0.131 0 1 0 0 0 0
 26 82813.000 106698.000 0 0 0.000 0.000 0.000 0.132 0 1 0 0 0 0
 27 110543.000 115654.000 0 0 0.000 0.000 0.000 0.151 0 1 0 0 0 0
 28 118534.000 103427.000 0 0 0.000 0.000 0.000 0.200 0 1 0 0 0 0
 29 102370.000 81366.000 0 0 0.000 0.000 0.000 0.149 0 1 0 0 0 0
 30 89950.000 82330.000 0 0 0.000 0.000 0.000 0.152 0 1 0 0 0 0
 31 105532.000 120153.000 0 0 0.000 0.000 0.000 0.149 0 1 0 0 0 0
 32 101725.000 79039.000 0 0 0.000 0.000 0.000 0.134 0 1 0 0 0 0
 33 111298.000 82170.000 0 0 0.000 0.000 0.000 0.141 0 1 0 0 0 0
 34 84240.000 84667.000 0 0 0.000 0.000 0.000 0.137 0 1 0 0 0 0
 35 121018.000 108843.000 0 0 0.000 0.000 0.000 0.141 0 1 0 0 0 0
 36 76897.000 100911.000 0 0 0.000 0.000 0.000 0.147 0 1 0 0 0 0
 37 77741.000 93720.000 0 0 0.000 0.000 0.000 0.140 0 1 0 0 0 0
 38 101415.000 77056.000 0 0 0.000 0.000 0.000 0.137 0 1 0 0 0 0
 39 92467.000 122537.000 0 0 0.000 0.000 0.000 0.141 0 1 0 0 0 0
 40 122598.000 108054.000 0 0 0.000 0.000 0.000 0.139 0 1 0 0 0 0
 41 114017.000 120165.000 0 0 0.000 0.000 0.000 0.137 0 1 0 0 0 0
 42 122628.000 109327.000 0 0 0.000 0.000 0.000 0.143 0 1 0 0 0 0
 43 117905.000 83412.000 0 0 0.000 0.000 0.000 0.139 0 1 0 0 0 0
 44 123902.000 92905.000 0 0 0.000 0.000 0.000 0.166 0 1 0 0 0 0
 45 98955.000 125316.000 0 0 0.000 0.000 0.000 0.159 0 1 0 0 0 0
 46 97864.000 125369.000 0 0 0.000 0.000 0.000 0.165 0 1 0 0 0 0
 47 86278.000 78148.000 0 0 0.000 0.000 0.000 0.135 0 1 0 0 0 0
 48 126083.000 98220.000 0 0 0.000 0.000 0.000 0.130 0 1 0 0 0 0
 49 75563.000 90418.000 0 0 0.000 0.000 0.000 0.131 0 1 0 0 0 0
 50 125987.000 93969.000 0 0 0.000 0.000 0.000 0.172 0 1 0 0 0 0
 51 88665.000 75894.000 0 0 0.000 0.000 0.000 0.130 0 1 0 0 0 0
 52 116586.000 78480.000 0 0 0.000 0.000 0.000 0.136 0 1 0 0 0 0
 53 127657.000 100633.000 0 0 0.000 0.000 0.000 0.146 0 1 0 0 0 0
 54 113066.000 124815.000 0 0 0.000 0.000 0.000 0.131 0 1 0 0 0 0
 55 124799.000 87261.000 0 0 0.000 0.000 0.000 0.145 0 1 0 0 0 0
 56 94022.000 127617.000 0 0 0.000 0.000 0.000 0.131 0 1 0 0 0 0
 57 118337.000 77995.000 0 0 0.000 0.000 0.000 0.150 0 1 0 0 0 0
 58 107464.000 128498.000 0 0 0.000 0.000 0.000 0.147 0 1 0 0 0 0
 59 71463.000 93522.000 0 0 0.000 0.000 0.000 0.133 0 1 0 0 0 0
 60 112997.000 73968.000 0 0 0.000 0.000 0.000 0.134 0 1 0 0 0 0
 61 125024.000 84604.000 0 0 0.000 0.000 0.000 0.132 0 1 0 0 0 0
 62 94689.000 70997.000 0 0 0.000 0.000 0.000 0.146 0 1 0 0 0 0
 63 79382.000 78624.000 0 0 0.000 0.000 0.000 0.131 0 1 0 0 0 0
 64 76459.000 81671.000 0 0 0.000 0.000 0.000 0.140 0 1 0 0 0 0
 65 125533.000 84512.000 0 0 0.000 0.000 0.000 0.142 0 1 0 0 0 0
 66 129129.000 92234.000 0 0 0.000 0.000 0.000 0.135 0 1 0 0 0 0
 67 130199.000 102576.000 0 0 0.000 0.000 0.000 0.130 0 1 0 0 0 0
 68 119116.000 124134.000 0 0 0.000 0.000 0.000 0.167 0 1 0 0 0 0
 69 124553.000 81337.000 0 0 0.000 0.000 0.000 0.135 0 1 0 0 0 0
 70 70893.000 111257.000 0 0 0.000 0.000 0.000 0.151 0 1 0 0 0 0
 71 88321.000 71093.000 0 0 0.000 0.000 0.000 0.138 0 1 0 0 0 0
 72 110981.000 70543.000 0 0 0.000 0.000 0.000 0.155 0 1 0 0 0 0
 73 84188.000 72271.000 0 0 0.000 0.000 0.000 0.139 0 1 0 0 0 0
 74 132493.000 103602.000 0 0 0.000 0.000 0.000 0.132 0 1 0 0 0 0
 75 71495.000 83738.000 0 0 0.000 0.000 0.000 0.147 0 1 0 0 0 0
 76 128301.000 82539.000 0 0 0.000 0.000 0.000 0.139 0 1 0 0 0 0
 77 89674.000 68318.000 0 0 0.000 0.000 0.000 0.130 0 1 0 0 0 0
 78 114054.000 130827.000 0 0 0.000 0.000 0.000 0.163 0 1 0 0 0 0
 79 79397.000 73083.000 0 0 0.000 0.000 0.000 0.147 0 1 0 0 0 0
 80 125592.000 77866.000 0 0 0.000 0.000 0.000 0.159 0 1 0 0 0 0
 81 130202.000 84485.000 0 0 0.000 0.000 0.000 0.130 0 1 0 0 0 0
 82 87545.000 132132.000 0 0 0.000 0.000 0.000 0.141 0 1 0 0 0 0
 83 67462.000 89708.000 0 0 0.000 0.000 0.000 0.149 0 1 0 0 0 0
 84 132218.000 111915.000 0 0 0.000 0.000 0.000 0.133 0 1 0 0 0 0
 85 114749.000 131698.000 0 0 0.000 0.000 0.000 0.133 0 1 0 0 0 0
 86 85269.000 131688.000 0 0 0.000 0.000 0.000 0.154 0 1 0 0 0 0
 87 66284.000 91241.000 0 0 0.000 0.000 0.000 0.149 0 1 0 0 0 0
 88 90944.000 65897.000 0 0 0.000 0.000 0.000 0.138 0 1 0 0 0 0
 89 135344.000 96976.000 0 0 0.000 0.000 0.000 0.148 0 1 0 0 0 0
 90 64635.000 108628.000 0 0 0.000 0.000 0.000 0.135 0 1 0 0 0 0
 91 80174.000 69857.000 0 0 0.000 0.000 0.000 0.130 0 1 0 0 0 0
 92 127070.000 76076.000 0 0 0.000 0.000 0.000 0.136 0 1 0 0 0 0
 93 103812.000 136375.000 0 0 0.000 0.000 0.000 0.130 0 1 0 0 0 0
 94 119128.000 69150.000 0 0 0.000 0.000 0.000 0.144 0 1 0 0 0 0
 95 102691.000 136780.000 0 0 0.000 0.000 0.000 0.146 0 1 0 0 0 0
 96 70896.000 123617.000 0 0 0.000 0.000 0.000 0.131 0 1 0 0 0 0
 97 98429.000 137588.000 0 0 0.000 0.000 0.000 0.138 0 1 0 0 0 0
 98 71498.000 125119.000 0 0 0.000 0.000 0.000 0.156 0 1 0 0 0 0
 99 72543.000 126482.000 0 0 0.000 0.000 0.000 0.154 0 1 0 0 0 0
 100 85815.000 64851.000 0 0 0.000 0.000 0.000 0.136 0 1 0 0 0 0
 101 96875.000 62108.000 0 0 0.000 0.000 0.000 0.181 0 1 0 0 0 0
 102 105395.000 62284.000 0 0 0.000 0.000 0.000 0.133 0 1 0 0 0 0
 103 113936.000 136366.000 0 0 0.000 0.000 0.000 0.131 0 1 0 0 0 0
 104 75095.000 130239.000 0 0 0.000 0.000 0.000 0.155 0 1 0 0 0 0
 105 61611.000 93081.000 0 0 0.000 0.000 0.000 0.131 0 1 0 0 0 0
 106 125819.000 70862.000 0 0 0.000 0.000 0.000 0.140 0 1 0 0 0 0
 107 137325.000 111833.000 0 0 0.000 0.000 0.000 0.130 0 1 0 0 0 0
 108 63532.000 85688.000 0 0 0.000 0.000 0.000 0.139 0 1 0 0 0 0
 109 110903.000 62529.000 0 0 0.000 0.000 0.000 0.154 0 1 0 0 0 0
 110 60852.000 103413.000 0 0 0.000 0.000 0.000 0.133 0 1 0 0 0 0
 111 74075.000 70346.000 0 0 0.000 0.000 0.000 0.156 0 1 0 0 0 0
 112 136608.000 85365.000 0 0 0.000 0.000 0.000 0.152 0 1 0 0 0 0
 113 76248.000 132054.000 0 0 0.000 0.000 0.000 0.135 0 1 0 0 0 0
 114 95412.000 139727.000 0 0 0.000 0.000 0.000 0.130 0 1 0 0 0 0
 115 81893.000 135653.000 0 0 0.000 0.000 0.000 0.139 0 1 0 0 0 0
 116 122598.000 67480.000 0 0 0.000 0.000 0.000 0.130 0 1 0 0 0 0
 117 109198.000 139174.000 0 0 0.000 0.000 0.000 0.143 0 1 0 0 0 0
 118 70747.000 128282.000 0 0 0.000 0.000 0.000 0.130 0 1 0 0 0 0
 119 124427.000 67834.000 0 0 0.000 0.000 0.000 0.131 0 1 0 0 0 0
 120 72254.000 130014.000 0 0 0.000 0.000 0.000 0.134 0 1 0 0 0 0
 121 126802.000 69224.000 0 0 0.000 0.000 0.000 0.140 0 1 0 0 0 0
 122 59005.000 97440.000 0 0 0.000 0.000 0.000 0.140 0 1 0 0 0 0
 123 110533.000 60235.000 0 0 0.000 0.000 0.000 0.172 0 1 0 0 0 0
 124 105722.000 141321.000 0 0 0.000 0.000 0.000 0.131 0 1 0 0 0 0
 125 141154.000 106042.000 0 0 0.000 0.000 0.000 0.137 0 1 0 0 0 0
 126 99894.000 142004.000 0 0 0.000 0.000 0.000 0.139 0 1 0 0 0 0
 127 122124.000 135675.000 0 0 0.000 0.000 0.000 0.136 0 1 0 0 0 0
 128 64189.000 121963.000 0 0 0.000 0.000 0.000 0.131 0 1 0 0 0 0
 129 62439.000 81549.000 0 0 0.000 0.000 0.000 0.130 0 1 0 0 0 0
 130 137941.000 82106.000 0 0 0.000 0.000 0.000 0.133 0 1 0 0 0 0
 131 140441.000 113107.000 0 0 0.000 0.000 0.000 0.154 0 1 0 0 0 0
 132 138326.000 118894.000 0 0 0.000 0.000 0.000 0.131 0 1 0 0 0 0
 133 129412.000 131296.000 0 0 0.000 0.000 0.000 0.135 0 1 0 0 0 0
 134 94217.000 142766.000 0 0 0.000 0.000 0.000 0.151 0 1 0 0 0 0
 135 129210.000 68725.000 0 0 0.000 0.000 0.000 0.131 0 1 0 0 0 0
 136 89143.000 141938.000 0 0 0.000 0.000 0.000 0.145 0 1 0 0 0 0
 137 69916.000 69375.000 0 0 0.000 0.000 0.000 0.150 0 1 0 0 0 0
 138 127236.000 66743.000 0 0 0.000 0.000 0.000 0.130 0 1 0 0 0 0
 139 70849.000 68118.000 0 0 0.000 0.000 0.000 0.130 0 1 0 0 0 0
 140 75192.000 64515.000 0 0 0.000 0.000 0.000 0.130 0 1 0 0 0 0
 141 75797.000 64038.000 0 0 0.000 0.000 0.000 0.150 0 1 0 0 0 0
 142 144475.000 99561.000 0 0 0.000 0.000 0.000 0.152 0 1 0 0 0 0
 143 108977.000 144019.000 0 0 0.000 0.000 0.000 0.150 0 1 0 0 0 0
 144 105721.000 144665.000 0 0 0.000 0.000 0.000 0.140 0 1 0 0 0 0
 145 54933.000 98784.000 0 0 0.000 0.000 0.000 0.143 0 1 0 0 0 0
 146 82747.000 58481.000 0 0 0.000 0.000 0.000 0.146 0 1 0 0 0 0
 147 118083.000 141716.000 0 0 0.000 0.000 0.000 0.136 0 1 0 0 0 0
 148 65492.000 130239.000 0 0 0.000 0.000 0.000 0.137 0 1 0 0 0 0
 149 118439.000 57897.000 0 0 0.000 0.000 0.000 0.137 0 1 0 0 0 0
 150 57695.000 119400.000 0 0 0.000 0.000 0.000 0.145 0 1 0 0 0 0
 151 54449.000 109309.000 0 0 0.000 0.000 0.000 0.141 0 1 0 0 0 0
 152 140095.000 123709.000 0 0 0.000 0.000 0.000 0.179 0 1 0 0 0 0
 153 130919.000 135140.000 0 0 0.000 0.000 0.000 0.136 0 1 0 0 0 0
 154 145008.000 112859.000 0 0 0.000 0.000 0.000 0.136 0 1 0 0 0 0
 155 72403.000 62449.000 0 0 0.000 0.000 0.000 0.138 0 1 0 0 0 0
 156 143825.000 82651.000 0 0 0.000 0.000 0.000 0.133 0 1 0 0 0 0
 157 78254.000 58194.000 0 0 0.000 0.000 0.000 0.133 0 1 0 0 0 0
 158 145583.000 87397.000 0 0 0.000 0.000 0.000 0.141 0 1 0 0 0 0
 159 76911.000 58615.000 0 0 0.000 0.000 0.000 0.138 0 1 0 0 0 0
 160 112297.000 146345.000 0 0 0.000 0.000 0.000 0.139 0 1 0 0 0 0
 161 52985.000 108558.000 0 0 0.000 0.000 0.000 0.145 0 1 0 0 0 0
 162 113906.000 145892.000 0 0 0.000 0.000 0.000 0.160 0 1 0 0 0 0
 163 101224.000 148349.000 0 0 0.000 0.000 0.000 0.159 0 1 0 0 0 0
 164 69996.000 62037.000 0 0 0.000 0.000 0.000 0.142 0 1 0 0 0 0
 165 142730.000 123136.000 0 0 0.000 0.000 0.000 0.130 0 1 0 0 0 0
 166 148686.000 99052.000 0 0 0.000 0.000 0.000 0.135 0 1 0 0 0 0
 167 137545.000 131303.000 0 0 0.000 0.000 0.000 0.130 0 1 0 0 0 0
 168 52261.000 86186.000 0 0 0.000 0.000 0.000 0.161 0 1 0 0 0 0
 169 124812.000 143329.000 0 0 0.000 0.000 0.000 0.133 0 1 0 0 0 0
 170 53012.000 82303.000 0 0 0.000 0.000 0.000 0.140 0 1 0 0 0 0
 171 64476.000 64093.000 0 0 0.000 0.000 0.000 0.136 0 1 0 0 0 0
 172 52058.000 82741.000 0 0 0.000 0.000 0.000 0.130 0 1 0 0 0 0
 173 80731.000 147899.000 0 0 0.000 0.000 0.000 0.137 0 1 0 0 0 0
 174 113253.000 50435.000 0 0 0.000 0.000 0.000 0.163 0 1 0 0 0 0
 175 146557.000 77534.000 0 0 0.000 0.000 0.000 0.135 0 1 0 0 0 0
 176 112615.000 150581.000 0 0 0.000 0.000 0.000 0.155 0 1 0 0 0 0
 177 48492.000 106203.000 0 0 0.000 0.000 0.000 0.151 0 1 0 0 0 0
 178 66450.000 140251.000 0 0 0.000 0.000 0.000 0.153 0 1 0 0 0 0
 179 122762.000 53027.000 0 0 0.000 0.000 0.000 0.140 0 1 0 0 0 0
 180 53231.000 76011.000 0 0 0.000 0.000 0.000 0.153 0 1 0 0 0 0
 181 110556.000 151932.000 0 0 0.000 0.000 0.000 0.138 0 1 0 0 0 0
 182 125579.000 54086.000 0 0 0.000 0.000 0.000 0.147 0 1 0 0 0 0
 183 112023.000 48462.000 0 0 0.000 0.000 0.000 0.135 0 1 0 0 0 0
 184 65121.000 140587.000 0 0 0.000 0.000 0.000 0.164 0 1 0 0 0 0
 185 152976.000 109588.000 0 0 0.000 0.000 0.000 0.150 0 1 0 0 0 0
 186 127995.000 53955.000 0 0 0.000 0.000 0.000 0.131 0 1 0 0 0 0
 187 47512.000 114387.000 0 0 0.000 0.000 0.000 0.140 0 1 0 0 0 0
 188 62315.000 139614.000 0 0 0.000 0.000 0.000 0.138 0 1 0 0 0 0
 189 45871.000 107973.000 0 0 0.000 0.000 0.000 0.149 0 1 0 0 0 0
 190 72464.000 52987.000 0 0 0.000 0.000 0.000 0.132 0 1 0 0 0 0
 191 155131.000 96143.000 0 0 0.000 0.000 0.000 0.155 0 1 0 0 0 0
 192 51909.000 127894.000 0 0 0.000 0.000 0.000 0.139 0 1 0 0 0 0
 193 52445.000 71575.000 0 0 0.000 0.000 0.000 0.133 0 1 0 0 0 0
 194 95688.000 44794.000 0 0 0.000 0.000 0.000 0.138 0 1 0 0 0 0
 195 100292.000 44485.000 0 0 0.000 0.000 0.000 0.136 0 1 0 0 0 0
 196 138938.000 140213.000 0 0 0.000 0.000 0.000 0.134 0 1 0 0 0 0
 197 129844.000 147366.000 0 0 0.000 0.000 0.000 0.130 0 1 0 0 0 0
 198 74132.000 150114.000 0 0 0.000 0.000 0.000 0.135 0 1 0 0 0 0
 199 151279.000 77120.000 0 0 0.000 0.000 0.000 0.152 0 1 0 0 0 0
 200 70769.000 51769.000 0 0 0.000 0.000 0.000 0.152 0 1 0 0 0 0
 201 45617.000 116947.000 0 0 0.000 0.000 0.000 0.142 0 1 0 0 0 0
 202 129404.000 51552.000 0 0 0.000 0.000 0.000 0.134 0 1 0 0 0 0
 203 150536.000 74320.000 0 0 0.000 0.000 0.000 0.152 0 1 0 0 0 0
 204 124370.000 48615.000 0 0 0.000 0.000 0.000 0.149 0 1 0 0 0 0
 205 153484.000 120425.000 0 0 0.000 0.000 0.000 0.133 0 1 0 0 0 0
 206 100471.000 157380.000 0 0 0.000 0.000 0.000 0.135 0 1 0 0 0 0
 207 98553.000 43147.000 0 0 0.000 0.000 0.000 0.130 0 1 0 0 0 0
 208 47115.000 122445.000 0 0 0.000 0.000 0.000 0.130 0 1 0 0 0 0
 209 157318.000 105209.000 0 0 0.000 0.000 0.000 0.134 0 1 0 0 0 0
 210 44602.000 116264.000 0 0 0.000 0.000 0.000 0.139 0 1 0 0 0 0
 211 141361.000 140917.000 0 0 0.000 0.000 0.000 0.138 0 1 0 0 0 0
 212 133885.000 147261.000 0 0 0.000 0.000 0.000 0.139 0 1 0 0 0 0
 213 112699.000 43602.000 0 0 0.000 0.000 0.000 0.133 0 1 0 0 0 0
 214 91627.000 42615.000 0 0 0.000 0.000 0.000 0.130 0 1 0 0 0 0
 215 158393.000 100383.000 0 0 0.000 0.000 0.000 0.144 0 1 0 0 0 0
 216 139582.000 143333.000 0 0 0.000 0.000 0.000 0.144 0 1 0 0 0 0
 217 65364.000 147558.000 0 0 0.000 0.000 0.000 0.139 0 1 0 0 0 0
 218 106084.000 158694.000 0 0 0.000 0.000 0.000 0.135 0 1 0 0 0 0
 219 141601.000 58357.000 0 0 0.000 0.000 0.000 0.138 0 1 0 0 0 0
 220 159060.000 101744.000 0 0 0.000 0.000 0.000 0.144 0 1 0 0 0 0
 221 57828.000 58539.000 0 0 0.000 0.000 0.000 0.140 0 1 0 0 0 0
 222 155785.000 121629.000 0 0 0.000 0.000 0.000 0.143 0 1 0 0 0 0
 223 57955.000 142799.000 0 0 0.000 0.000 0.000 0.161 0 1 0 0 0 0
 224 159349.000 90354.000 0 0 0.000 0.000 0.000 0.141 0 1 0 0 0 0
 225 56089.000 141473.000 0 0 0.000 0.000 0.000 0.144 0 1 0 0 0 0
 226 119397.000 42966.000 0 0 0.000 0.000 0.000 0.131 0 1 0 0 0 0
 227 54761.000 59935.000 0 0 0.000 0.000 0.000 0.134 0 1 0 0 0 0
 228 129156.000 47012.000 0 0 0.000 0.000 0.000 0.143 0 1 0 0 0 0
 229 153212.000 129293.000 0 0 0.000 0.000 0.000 0.137 0 1 0 0 0 0
 230 145931.000 140516.000 0 0 0.000 0.000 0.000 0.134 0 1 0 0 0 0
 231 58448.000 145956.000 0 0 0.000 0.000 0.000 0.145 0 1 0 0 0 0
 232 50801.000 61118.000 0 0 0.000 0.000 0.000 0.146 0 1 0 0 0 0
 233 157767.000 75231.000 0 0 0.000 0.000 0.000 0.146 0 1 0 0 0 0
 234 41917.000 125118.000 0 0 0.000 0.000 0.000 0.132 0 1 0 0 0 0
 235 159423.000 77981.000 0 0 0.000 0.000 0.000 0.133 0 1 0 0 0 0
 236 60309.000 149951.000 0 0 0.000 0.000 0.000 0.130 0 1 0 0 0 0
 237 162061.000 116173.000 0 0 0.000 0.000 0.000 0.133 0 1 0 0 0 0
 238 35681.000 106071.000 0 0 0.000 0.000 0.000 0.144 0 1 0 0 0 0
 239 90655.000 36391.000 0 0 0.000 0.000 0.000 0.133 0 1 0 0 0 0
 240 101490.000 164856.000 0 0 0.000 0.000 0.000 0.132 0 1 0 0 0 0
 241 35753.000 93188.000 0 0 0.000 0.000 0.000 0.134 0 1 0 0 0 0
 242 64122.000 46272.000 0 0 0.000 0.000 0.000 0.139 0 1 0 0 0 0
 243 89714.000 36410.000 0 0 0.000 0.000 0.000 0.141 0 1 0 0 0 0
 244 164189.000 91434.000 0 0 0.000 0.000 0.000 0.149 0 1 0 0 0 0
 245 113687.000 163882.000 0 0 0.000 0.000 0.000 0.149 0 1 0 0 0 0
 246 158379.000 67888.000 0 0 0.000 0.000 0.000 0.134 0 1 0 0 0 0
 247 42849.000 65460.000 0 0 0.000 0.000 0.000 0.157 0 1 0 0 0 0
 248 134857.000 43221.000 0 0 0.000 0.000 0.000 0.132 0 1 0 0 0 0
 249 153132.000 141336.000 0 0 0.000 0.000 0.000 0.130 0 1 0 0 0 0
 250 129955.000 160553.000 0 0 0.000 0.000 0.000 0.133 0 1 0 0 0 0
 251 143645.000 48367.000 0 0 0.000 0.000 0.000 0.131 0 1 0 0 0 0
 252 159748.000 67373.000 0 0 0.000 0.000 0.000 0.135 0 1 0 0 0 0
 253 167611.000 90571.000 0 0 0.000 0.000 0.000 0.131 0 1 0 0 0 0
 254 58844.000 45519.000 0 0 0.000 0.000 0.000 0.143 0 1 0 0 0 0
 255 79681.000 165708.000 0 0 0.000 0.000 0.000 0.134 0 1 0 0 0 0
 256 55924.000 152806.000 0 0 0.000 0.000 0.000 0.132 0 1 0 0 0 0
 257 71056.000 38047.000 0 0 0.000 0.000 0.000 0.161 0 1 0 0 0 0
 258 68198.000 161455.000 0 0 0.000 0.000 0.000 0.138 0 1 0 0 0 0
 259 31411.000 107493.000 0 0 0.000 0.000 0.000 0.131 0 1 0 0 0 0
 260 161786.000 130818.000 0 0 0.000 0.000 0.000 0.134 0 1 0 0 0 0
 261 96435.000 169534.000 0 0 0.000 0.000 0.000 0.142 0 1 0 0 0 0
 262 112059.000 31395.000 0 0 0.000 0.000 0.000 0.135 0 1 0 0 0 0
 263 118024.000 32636.000 0 0 0.000 0.000 0.000 0.140 0 1 0 0 0 0
 264 68663.000 37175.000 0 0 0.000 0.000 0.000 0.138 0 1 0 0 0 0
 265 170190.000 105120.000 0 0 0.000 0.000 0.000 0.132 0 1 0 0 0 0
 266 76795.000 33737.000 0 0 0.000 0.000 0.000 0.143 0 1 0 0 0 0
 267 119135.000 32457.000 0 0 0.000 0.000 0.000 0.135 0 1 0 0 0 0
 268 100795.000 170923.000 0 0 0.000 0.000 0.000 0.130 0 1 0 0 0 0
 269 91280.000 170434.000 0 0 0.000 0.000 0.000 0.142 0 1 0 0 0 0
 270 62488.000 160234.000 0 0 0.000 0.000 0.000 0.134 0 1 0 0 0 0
 271 125389.000 34224.000 0 0 0.000 0.000 0.000 0.163 0 1 0 0 0 0
 272 168844.000 83165.000 0 0 0.000 0.000 0.000 0.139 0 1 0 0 0 0
 273 31683.000 119580.000 0 0 0.000 0.000 0.000 0.133 0 1 0 0 0 0
 274 34783.000 72149.000 0 0 0.000 0.000 0.000 0.131 0 1 0 0 0 0
 275 65962.000 38008.000 0 0 0.000 0.000 0.000 0.136 0 1 0 0 0 0
 276 154188.000 53526.000 0 0 0.000 0.000 0.000 0.136 0 1 0 0 0 0
 277 148083.000 46124.000 0 0 0.000 0.000 0.000 0.132 0 1 0 0 0 0
 278 27560.000 97939.000 0 0 0.000 0.000 0.000 0.134 0 1 0 0 0 0
 279 32864.000 70748.000 0 0 0.000 0.000 0.000 0.150 0 1 0 0 0 0
 280 154459.000 50888.000 0 0 0.000 0.000 0.000 0.133 0 1 0 0 0 0
 281 36948.000 138196.000 0 0 0.000 0.000 0.000 0.131 0 1 0 0 0 0
 282 26750.000 111197.000 0 0 0.000 0.000 0.000 0.130 0 1 0 0 0 0
 283 131592.000 31836.000 0 0 0.000 0.000 0.000 0.131 0 1 0 0 0 0
 284 75481.000 171642.000 0 0 0.000 0.000 0.000 0.140 0 1 0 0 0 0
 285 140294.000 165872.000 0 0 0.000 0.000 0.000 0.130 0 1 0 0 0 0
 286 38691.000 147923.000 0 0 0.000 0.000 0.000 0.153 0 1 0 0 0 0
 287 28734.000 131826.000 0 0 0.000 0.000 0.000 0.138 0 1 0 0 0 0
 288 153164.000 157238.000 0 0 0.000 0.000 0.000 0.167 0 1 0 0 0 0
 289 26428.000 130818.000 0 0 0.000 0.000 0.000 0.143 0 1 0 0 0 0
 290 92689.000 180004.000 0 0 0.000 0.000 0.000 0.141 0 1 0 0 0 0
 291 150060.000 163727.000 0 0 0.000 0.000 0.000 0.137 0 1 0 0 0 0
 292 121061.000 178186.000 0 0 0.000 0.000 0.000 0.274 0 1 0 0 0 0
 293 163664.000 49302.000 0 0 0.000 0.000 0.000 0.131 0 1 0 0 0 0
 294 132476.000 175280.000 0 0 0.000 0.000 0.000 0.151 0 1 0 0 0 0
 295 132466.000 176015.000 0 0 0.000 0.000 0.000 0.153 0 1 0 0 0 0
 296 25318.000 61062.000 0 0 0.000 0.000 0.000 0.136 0 1 0 0 0 0
 297 96497.000 184918.000 0 0 0.000 0.000 0.000 0.130 0 1 0 0 0 0
 298 27817.000 54670.000 0 0 0.000 0.000 0.000 0.130 0 1 0 0 0 0
 299 132438.000 180319.000 0 0 0.000 0.000 0.000 0.175 0 1 0 0 0 0
 300 132425.000 181834.000 0 0 0.000 0.000 0.000 0.170 0 1 0 0 0 0
 301 185548.000 120685.000 0 0 0.000 0.000 0.000 0.148 0 1 0 0 0 0
 302 132424.000 185060.000 0 0 0.000 0.000 0.000 0.151 0 1 0 0 0 0
 303 132425.000 188143.000 0 0 40.000 56.000 2240.000 47.328 0 1 1 210 0 0
 304 132427.000 188724.000 0 0 40.000 56.000 2240.000 47.328 0 1 1 210 0 0
 305 132430.000 188917.000 0 0 40.000 56.000 2240.000 47.328 0 1 1 210 0 0
 306 132435.000 189141.000 0 0 40.000 56.000 2240.000 47.328 0 1 1 210 0 0
 307 132418.000 189252.000 0 0 40.000 56.000 2240.000 47.328 0 1 1 210 0 0;
ProcessEquipmentIDList 1
  "6632" ;
SummarySpec 5
  TESTNO    NDEFECT    DEFDENSITY    NDIE    NDEFDIE  ;
SummaryList 
  1    307    1.122    1    1  ;
EndOfFile;
