FileVersion 1 2;
FileTimestamp 01-07-26 20:53:56;
InspectionStationID "KLA-Tencor" "SFSSP1" "0901-0728-TBI";
SampleType WAFER;
ResultTimestamp 01-07-26 20:51:09;
LotID "2580";
SampleSize 1 200;
DeviceID "None";
SetupID "T2-2580NR" 01-07-26 20:51:09;
StepID "6545";
SampleOrientationMarkType NOTCH;
OrientationMarkLocation DOWN;
DiePitch 200000 200000;
DieOrigin 0 0;
WaferID "04";
Slot 4;
SampleCenterLocation 100000 100000;
ClassLookup 1
  0 "0"  ;
OrientationInstructions "Front";
CoordinatesMirrored No;
InspectionTest 1;
SampleTestPlan 1
  0 0 ;
AreaPerTest 2.73517e+010;
ClusterClassificationList 1
  1 200 ;
DefectRecordSpec 15 DEFECTID XREL YREL XINDEX YINDEX XSIZE YSIZE DEFECTAREA DSIZE CLASSNUMBER TEST CLUSTERNUMBER ROUGHBINNUMBER FINEBINNUMBER REVIEWSAMPLE ;
DefectList
 1 101499.000 102272.000 0 0 0.000 0.000 0.000 0.131 0 1 0 0 0 0
 2 99211.000 96538.000 0 0 0.000 0.000 0.000 0.139 0 1 0 0 0 0
 3 98903.000 106101.000 0 0 0.000 0.000 0.000 0.135 0 1 0 0 0 0
 4 95410.000 95875.000 0 0 0.000 0.000 0.000 0.141 0 1 0 0 0 0
 5 101644.000 107409.000 0 0 0.000 0.000 0.000 0.151 0 1 0 0 0 0
 6 96521.000 106878.000 0 0 0.000 0.000 0.000 0.146 0 1 0 0 0 0
 7 107382.000 98448.000 0 0 0.000 0.000 0.000 0.130 0 1 0 0 0 0
 8 95513.000 93714.000 0 0 0.000 0.000 0.000 0.145 0 1 0 0 0 0
 9 93718.000 92644.000 0 0 0.000 0.000 0.000 0.138 0 1 0 0 0 0
 10 108825.000 106641.000 0 0 0.000 0.000 0.000 0.131 0 1 0 0 0 0
 11 110451.000 104230.000 0 0 0.000 0.000 0.000 0.138 0 1 0 0 0 0
 12 104715.000 110335.000 0 0 0.000 0.000 0.000 0.130 0 1 0 0 0 0
 13 108645.000 92983.000 0 0 0.000 0.000 0.000 0.140 0 1 0 0 0 0
 14 98890.000 111506.000 0 0 0.000 0.000 0.000 0.155 0 1 0 0 0 0
 15 100176.000 87556.000 0 0 0.000 0.000 0.000 0.146 0 1 0 0 0 0
 16 91480.000 112782.000 0 0 0.000 0.000 0.000 0.132 0 1 0 0 0 0
 17 85338.000 104632.000 0 0 0.000 0.000 0.000 0.136 0 1 0 0 0 0
 18 111500.000 88497.000 0 0 0.000 0.000 0.000 0.140 0 1 0 0 0 0
 19 88930.000 112872.000 0 0 0.000 0.000 0.000 0.134 0 1 0 0 0 0
 20 103697.000 116715.000 0 0 0.000 0.000 0.000 0.141 0 1 0 0 0 0
 21 83905.000 106004.000 0 0 0.000 0.000 0.000 0.143 0 1 0 0 0 0
 22 109682.000 114479.000 0 0 0.000 0.000 0.000 0.131 0 1 0 0 0 0
 23 95461.000 117312.000 0 0 0.000 0.000 0.000 0.138 0 1 0 0 0 0
 24 97165.000 82638.000 0 0 0.000 0.000 0.000 0.138 0 1 0 0 0 0
 25 81519.000 97701.000 0 0 0.000 0.000 0.000 0.142 0 1 0 0 0 0
 26 117971.000 93785.000 0 0 0.000 0.000 0.000 0.144 0 1 0 0 0 0
 27 80869.000 95806.000 0 0 0.000 0.000 0.000 0.145 0 1 0 0 0 0
 28 86808.000 115007.000 0 0 0.000 0.000 0.000 0.206 0 1 0 0 0 0
 29 80115.000 100692.000 0 0 0.000 0.000 0.000 0.146 0 1 0 0 0 0
 30 103736.000 119995.000 0 0 0.000 0.000 0.000 0.134 0 1 0 0 0 0
 31 118186.000 111180.000 0 0 0.000 0.000 0.000 0.134 0 1 0 0 0 0
 32 81128.000 110255.000 0 0 0.000 0.000 0.000 0.134 0 1 0 0 0 0
 33 113195.000 82898.000 0 0 0.000 0.000 0.000 0.143 0 1 0 0 0 0
 34 121523.000 94770.000 0 0 0.000 0.000 0.000 0.200 0 1 0 0 0 0
 35 122198.000 97903.000 0 0 0.000 0.000 0.000 0.132 0 1 0 0 0 0
 36 113788.000 118388.000 0 0 0.000 0.000 0.000 0.130 0 1 0 0 0 0
 37 115161.000 83036.000 0 0 0.000 0.000 0.000 0.151 0 1 0 0 0 0
 38 111093.000 120699.000 0 0 0.000 0.000 0.000 0.130 0 1 0 0 0 0
 39 106711.000 122884.000 0 0 0.000 0.000 0.000 0.133 0 1 0 0 0 0
 40 100766.000 123848.000 0 0 0.000 0.000 0.000 0.136 0 1 0 0 0 0
 41 76886.000 94947.000 0 0 0.000 0.000 0.000 0.164 0 1 0 0 0 0
 42 76677.000 95040.000 0 0 0.000 0.000 0.000 0.152 0 1 0 0 0 0
 43 79358.000 88065.000 0 0 0.000 0.000 0.000 0.145 0 1 0 0 0 0
 44 86914.000 79316.000 0 0 0.000 0.000 0.000 0.136 0 1 0 0 0 0
 45 82665.000 82544.000 0 0 0.000 0.000 0.000 0.142 0 1 0 0 0 0
 46 124562.000 106226.000 0 0 0.000 0.000 0.000 0.141 0 1 0 0 0 0
 47 75132.000 95059.000 0 0 0.000 0.000 0.000 0.130 0 1 0 0 0 0
 48 83819.000 79452.000 0 0 0.000 0.000 0.000 0.134 0 1 0 0 0 0
 49 73992.000 94921.000 0 0 0.000 0.000 0.000 0.138 0 1 0 0 0 0
 50 110386.000 75848.000 0 0 0.000 0.000 0.000 0.143 0 1 0 0 0 0
 51 73424.000 103698.000 0 0 0.000 0.000 0.000 0.145 0 1 0 0 0 0
 52 121938.000 84835.000 0 0 0.000 0.000 0.000 0.133 0 1 0 0 0 0
 53 76378.000 86226.000 0 0 0.000 0.000 0.000 0.145 0 1 0 0 0 0
 54 81410.000 79806.000 0 0 0.000 0.000 0.000 0.138 0 1 0 0 0 0
 55 127189.000 94660.000 0 0 0.000 0.000 0.000 0.132 0 1 0 0 0 0
 56 127587.000 92984.000 0 0 0.000 0.000 0.000 0.130 0 1 0 0 0 0
 57 125359.000 113944.000 0 0 0.000 0.000 0.000 0.145 0 1 0 0 0 0
 58 106828.000 128348.000 0 0 0.000 0.000 0.000 0.139 0 1 0 0 0 0
 59 71733.000 93232.000 0 0 0.000 0.000 0.000 0.144 0 1 0 0 0 0
 60 110233.000 73015.000 0 0 0.000 0.000 0.000 0.130 0 1 0 0 0 0
 61 118686.000 122713.000 0 0 0.000 0.000 0.000 0.138 0 1 0 0 0 0
 62 126645.000 112951.000 0 0 0.000 0.000 0.000 0.145 0 1 0 0 0 0
 63 74253.000 85309.000 0 0 0.000 0.000 0.000 0.134 0 1 0 0 0 0
 64 117933.000 123984.000 0 0 0.000 0.000 0.000 0.136 0 1 0 0 0 0
 65 79531.000 121892.000 0 0 0.000 0.000 0.000 0.138 0 1 0 0 0 0
 66 92428.000 129254.000 0 0 0.000 0.000 0.000 0.153 0 1 0 0 0 0
 67 98030.000 130493.000 0 0 0.000 0.000 0.000 0.131 0 1 0 0 0 0
 68 111231.000 71958.000 0 0 0.000 0.000 0.000 0.140 0 1 0 0 0 0
 69 117593.000 75541.000 0 0 0.000 0.000 0.000 0.149 0 1 0 0 0 0
 70 126816.000 85573.000 0 0 0.000 0.000 0.000 0.132 0 1 0 0 0 0
 71 124141.000 120680.000 0 0 0.000 0.000 0.000 0.131 0 1 0 0 0 0
 72 73381.000 117843.000 0 0 0.000 0.000 0.000 0.153 0 1 0 0 0 0
 73 79284.000 76048.000 0 0 0.000 0.000 0.000 0.141 0 1 0 0 0 0
 74 127509.000 84191.000 0 0 0.000 0.000 0.000 0.133 0 1 0 0 0 0
 75 127196.000 116960.000 0 0 0.000 0.000 0.000 0.135 0 1 0 0 0 0
 76 129881.000 111941.000 0 0 0.000 0.000 0.000 0.134 0 1 0 0 0 0
 77 70427.000 113894.000 0 0 0.000 0.000 0.000 0.153 0 1 0 0 0 0
 78 68300.000 107521.000 0 0 0.000 0.000 0.000 0.160 0 1 0 0 0 0
 79 71330.000 84130.000 0 0 0.000 0.000 0.000 0.135 0 1 0 0 0 0
 80 100433.000 67437.000 0 0 0.000 0.000 0.000 0.131 0 1 0 0 0 0
 81 101092.000 67173.000 0 0 0.000 0.000 0.000 0.147 0 1 0 0 0 0
 82 126226.000 79925.000 0 0 0.000 0.000 0.000 0.155 0 1 0 0 0 0
 83 129178.000 117024.000 0 0 0.000 0.000 0.000 0.140 0 1 0 0 0 0
 84 110398.000 68172.000 0 0 0.000 0.000 0.000 0.138 0 1 0 0 0 0
 85 65071.000 97182.000 0 0 0.000 0.000 0.000 0.141 0 1 0 0 0 0
 86 69706.000 82178.000 0 0 0.000 0.000 0.000 0.139 0 1 0 0 0 0
 87 65787.000 90547.000 0 0 0.000 0.000 0.000 0.134 0 1 0 0 0 0
 88 121878.000 128995.000 0 0 0.000 0.000 0.000 0.143 0 1 0 0 0 0
 89 97078.000 136503.000 0 0 0.000 0.000 0.000 0.131 0 1 0 0 0 0
 90 136306.000 103402.000 0 0 0.000 0.000 0.000 0.160 0 1 0 0 0 0
 91 136150.000 93263.000 0 0 0.000 0.000 0.000 0.152 0 1 0 0 0 0
 92 69572.000 121129.000 0 0 0.000 0.000 0.000 0.140 0 1 0 0 0 0
 93 63363.000 105215.000 0 0 0.000 0.000 0.000 0.133 0 1 0 0 0 0
 94 77595.000 70442.000 0 0 0.000 0.000 0.000 0.141 0 1 0 0 0 0
 95 69347.000 121771.000 0 0 0.000 0.000 0.000 0.141 0 1 0 0 0 0
 96 110119.000 64119.000 0 0 0.000 0.000 0.000 0.148 0 1 0 0 0 0
 97 68691.000 79073.000 0 0 0.000 0.000 0.000 0.151 0 1 0 0 0 0
 98 63931.000 87397.000 0 0 0.000 0.000 0.000 0.142 0 1 0 0 0 0
 99 138197.000 97246.000 0 0 0.000 0.000 0.000 0.131 0 1 0 0 0 0
 100 138070.000 104417.000 0 0 0.000 0.000 0.000 0.137 0 1 0 0 0 0
 101 75887.000 130118.000 0 0 0.000 0.000 0.000 0.146 0 1 0 0 0 0
 102 125906.000 128672.000 0 0 0.000 0.000 0.000 0.133 0 1 0 0 0 0
 103 66188.000 119459.000 0 0 0.000 0.000 0.000 0.139 0 1 0 0 0 0
 104 130505.000 76332.000 0 0 0.000 0.000 0.000 0.154 0 1 0 0 0 0
 105 83230.000 136215.000 0 0 0.000 0.000 0.000 0.140 0 1 0 0 0 0
 106 66301.000 79167.000 0 0 0.000 0.000 0.000 0.141 0 1 0 0 0 0
 107 102424.000 140405.000 0 0 0.000 0.000 0.000 0.159 0 1 0 0 0 0
 108 103617.000 140967.000 0 0 0.000 0.000 0.000 0.148 0 1 0 0 0 0
 109 65308.000 78016.000 0 0 0.000 0.000 0.000 0.132 0 1 0 0 0 0
 110 79149.000 64106.000 0 0 0.000 0.000 0.000 0.136 0 1 0 0 0 0
 111 68758.000 128106.000 0 0 0.000 0.000 0.000 0.135 0 1 0 0 0 0
 112 95034.000 58754.000 0 0 0.000 0.000 0.000 0.168 0 1 0 0 0 0
 113 58715.000 108920.000 0 0 0.000 0.000 0.000 0.137 0 1 0 0 0 0
 114 58391.000 106350.000 0 0 0.000 0.000 0.000 0.134 0 1 0 0 0 0
 115 95545.000 58397.000 0 0 0.000 0.000 0.000 0.134 0 1 0 0 0 0
 116 135234.000 123569.000 0 0 0.000 0.000 0.000 0.145 0 1 0 0 0 0
 117 142272.000 95691.000 0 0 0.000 0.000 0.000 0.147 0 1 0 0 0 0
 118 80990.000 60738.000 0 0 0.000 0.000 0.000 0.133 0 1 0 0 0 0
 119 56033.000 105559.000 0 0 0.000 0.000 0.000 0.152 0 1 0 0 0 0
 120 133520.000 129271.000 0 0 0.000 0.000 0.000 0.144 0 1 0 0 0 0
 121 132763.000 130887.000 0 0 0.000 0.000 0.000 0.133 0 1 0 0 0 0
 122 107433.000 55993.000 0 0 0.000 0.000 0.000 0.161 0 1 0 0 0 0
 123 144524.000 107833.000 0 0 0.000 0.000 0.000 0.148 0 1 0 0 0 0
 124 131585.000 67497.000 0 0 0.000 0.000 0.000 0.144 0 1 0 0 0 0
 125 57392.000 118523.000 0 0 0.000 0.000 0.000 0.135 0 1 0 0 0 0
 126 145962.000 107121.000 0 0 0.000 0.000 0.000 0.152 0 1 0 0 0 0
 127 127780.000 62632.000 0 0 0.000 0.000 0.000 0.136 0 1 0 0 0 0
 128 112074.000 54871.000 0 0 0.000 0.000 0.000 0.131 0 1 0 0 0 0
 129 132359.000 65994.000 0 0 0.000 0.000 0.000 0.130 0 1 0 0 0 0
 130 69006.000 63617.000 0 0 0.000 0.000 0.000 0.215 0 1 0 0 0 0
 131 91825.000 51928.000 0 0 0.000 0.000 0.000 0.207 0 1 0 0 0 0
 132 138022.000 69361.000 0 0 0.000 0.000 0.000 0.135 0 1 0 0 0 0
 133 121548.000 55937.000 0 0 0.000 0.000 0.000 0.141 0 1 0 0 0 0
 134 98419.000 149573.000 0 0 0.000 0.000 0.000 0.132 0 1 0 0 0 0
 135 103369.000 149607.000 0 0 0.000 0.000 0.000 0.143 0 1 0 0 0 0
 136 92284.000 149304.000 0 0 0.000 0.000 0.000 0.133 0 1 0 0 0 0
 137 146473.000 118078.000 0 0 0.000 0.000 0.000 0.142 0 1 0 0 0 0
 138 52328.000 83584.000 0 0 0.000 0.000 0.000 0.202 0 1 0 0 0 0
 139 50703.000 113177.000 0 0 0.000 0.000 0.000 0.150 0 1 0 0 0 0
 140 77268.000 53936.000 0 0 0.000 0.000 0.000 0.133 0 1 0 0 0 0
 141 108038.000 49384.000 0 0 0.000 0.000 0.000 0.156 0 1 0 0 0 0
 142 149025.000 116470.000 0 0 0.000 0.000 0.000 0.134 0 1 0 0 0 0
 143 58387.000 69241.000 0 0 0.000 0.000 0.000 0.138 0 1 0 0 0 0
 144 152100.000 104946.000 0 0 0.000 0.000 0.000 0.130 0 1 0 0 0 0
 145 49923.000 84012.000 0 0 0.000 0.000 0.000 0.152 0 1 0 0 0 0
 146 51153.000 80621.000 0 0 0.000 0.000 0.000 0.140 0 1 0 0 0 0
 147 89718.000 48455.000 0 0 0.000 0.000 0.000 0.140 0 1 0 0 0 0
 148 135226.000 140035.000 0 0 0.000 0.000 0.000 0.141 0 1 0 0 0 0
 149 150028.000 118559.000 0 0 0.000 0.000 0.000 0.131 0 1 0 0 0 0
 150 88092.000 152309.000 0 0 0.000 0.000 0.000 0.150 0 1 0 0 0 0
 151 98601.000 46879.000 0 0 0.000 0.000 0.000 0.132 0 1 0 0 0 0
 152 148955.000 78432.000 0 0 0.000 0.000 0.000 0.141 0 1 0 0 0 0
 153 46715.000 91567.000 0 0 0.000 0.000 0.000 0.134 0 1 0 0 0 0
 154 122317.000 50842.000 0 0 0.000 0.000 0.000 0.134 0 1 0 0 0 0
 155 120777.000 50071.000 0 0 0.000 0.000 0.000 0.135 0 1 0 0 0 0
 156 60675.000 138086.000 0 0 0.000 0.000 0.000 0.131 0 1 0 0 0 0
 157 58008.000 135270.000 0 0 0.000 0.000 0.000 0.130 0 1 0 0 0 0
 158 44998.000 94602.000 0 0 0.000 0.000 0.000 0.153 0 1 0 0 0 0
 159 153596.000 115754.000 0 0 0.000 0.000 0.000 0.139 0 1 0 0 0 0
 160 143359.000 135545.000 0 0 0.000 0.000 0.000 0.142 0 1 0 0 0 0
 161 43805.000 97733.000 0 0 0.000 0.000 0.000 0.132 0 1 0 0 0 0
 162 92068.000 44398.000 0 0 0.000 0.000 0.000 0.134 0 1 0 0 0 0
 163 145276.000 65463.000 0 0 0.000 0.000 0.000 0.133 0 1 0 0 0 0
 164 68908.000 51954.000 0 0 0.000 0.000 0.000 0.137 0 1 0 0 0 0
 165 58171.000 60019.000 0 0 0.000 0.000 0.000 0.135 0 1 0 0 0 0
 166 96628.000 41932.000 0 0 0.000 0.000 0.000 0.131 0 1 0 0 0 0
 167 87207.000 157488.000 0 0 0.000 0.000 0.000 0.152 0 1 0 0 0 0
 168 155148.000 120644.000 0 0 0.000 0.000 0.000 0.139 0 1 0 0 0 0
 169 141173.000 142438.000 0 0 0.000 0.000 0.000 0.133 0 1 0 0 0 0
 170 116176.000 157083.000 0 0 0.000 0.000 0.000 0.142 0 1 0 0 0 0
 171 149505.000 133107.000 0 0 0.000 0.000 0.000 0.131 0 1 0 0 0 0
 172 110451.000 41203.000 0 0 0.000 0.000 0.000 0.139 0 1 0 0 0 0
 173 135544.000 52077.000 0 0 0.000 0.000 0.000 0.130 0 1 0 0 0 0
 174 43243.000 78812.000 0 0 0.000 0.000 0.000 0.132 0 1 0 0 0 0
 175 127271.000 45002.000 0 0 0.000 0.000 0.000 0.141 0 1 0 0 0 0
 176 157557.000 78265.000 0 0 0.000 0.000 0.000 0.133 0 1 0 0 0 0
 177 45259.000 71541.000 0 0 0.000 0.000 0.000 0.242 0 1 0 0 0 0
 178 152025.000 133732.000 0 0 0.000 0.000 0.000 0.131 0 1 0 0 0 0
 179 41660.000 122215.000 0 0 0.000 0.000 0.000 0.135 0 1 0 0 0 0
 180 51213.000 60540.000 0 0 0.000 0.000 0.000 0.138 0 1 0 0 0 0
 181 59201.000 52397.000 0 0 0.000 0.000 0.000 0.142 0 1 0 0 0 0
 182 161317.000 114579.000 0 0 0.000 0.000 0.000 0.135 0 1 0 0 0 0
 183 117367.000 161067.000 0 0 0.000 0.000 0.000 0.135 0 1 0 0 0 0
 184 153855.000 133444.000 0 0 0.000 0.000 0.000 0.145 0 1 0 0 0 0
 185 40926.000 123702.000 0 0 0.000 0.000 0.000 0.131 0 1 0 0 0 0
 186 135157.000 153577.000 0 0 0.000 0.000 0.000 0.131 0 1 0 0 0 0
 187 122600.000 40290.000 0 0 0.000 0.000 0.000 0.238 0 1 0 0 0 0
 188 152365.000 62763.000 0 0 0.000 0.000 0.000 0.131 0 1 0 0 0 0
 189 35443.000 101783.000 0 0 0.000 0.000 0.000 0.179 0 1 0 0 0 0
 190 136224.000 46610.000 0 0 0.000 0.000 0.000 0.140 0 1 0 0 0 0
 191 164401.000 108011.000 0 0 0.000 0.000 0.000 0.130 0 1 0 0 0 0
 192 164911.000 96346.000 0 0 0.000 0.000 0.000 0.133 0 1 0 0 0 0
 193 59088.000 48913.000 0 0 0.000 0.000 0.000 0.140 0 1 0 0 0 0
 194 92130.000 35092.000 0 0 0.000 0.000 0.000 0.216 0 1 0 0 0 0
 195 34182.000 102371.000 0 0 0.000 0.000 0.000 0.135 0 1 0 0 0 0
 196 157776.000 132145.000 0 0 0.000 0.000 0.000 0.139 0 1 0 0 0 0
 197 122521.000 162467.000 0 0 0.000 0.000 0.000 0.140 0 1 0 0 0 0
 198 99370.000 166276.000 0 0 0.000 0.000 0.000 0.164 0 1 0 0 0 0
 199 156397.000 65477.000 0 0 0.000 0.000 0.000 0.135 0 1 0 0 0 0
 200 100705.000 167551.000 0 0 0.000 0.000 0.000 0.142 0 1 0 0 0 0
 201 108945.000 32899.000 0 0 0.000 0.000 0.000 0.137 0 1 0 0 0 0
 202 102851.000 168432.000 0 0 0.000 0.000 0.000 0.182 0 1 0 0 0 0
 203 157757.000 137968.000 0 0 0.000 0.000 0.000 0.154 0 1 0 0 0 0
 204 107390.000 170365.000 0 0 0.000 0.000 0.000 0.133 0 1 0 0 0 0
 205 29569.000 92548.000 0 0 0.000 0.000 0.000 0.133 0 1 0 0 0 0
 206 56830.000 157115.000 0 0 0.000 0.000 0.000 0.143 0 1 0 0 0 0
 207 149248.000 46912.000 0 0 0.000 0.000 0.000 0.143 0 1 0 0 0 0
 208 143674.000 39881.000 0 0 0.000 0.000 0.000 0.153 0 1 0 0 0 0
 209 148500.000 157535.000 0 0 0.000 0.000 0.000 0.143 0 1 0 0 0 0
 210 133405.000 169063.000 0 0 0.000 0.000 0.000 0.141 0 1 0 0 0 0
 211 154914.000 153858.000 0 0 0.000 0.000 0.000 0.132 0 1 0 0 0 0
 212 87203.000 177095.000 0 0 0.000 0.000 0.000 0.149 0 1 0 0 0 0
 213 119244.000 175777.000 0 0 0.000 0.000 0.000 0.164 0 1 0 0 0 0
 214 121279.000 176756.000 0 0 0.000 0.000 0.000 0.178 0 1 0 0 0 0
 215 124317.000 178273.000 0 0 0.000 0.000 0.000 0.193 0 1 0 0 0 0
 216 42459.000 162719.000 0 0 0.000 0.000 0.000 0.200 0 1 0 0 0 0
 217 89404.000 14937.000 0 0 0.000 0.000 0.000 0.131 0 1 0 0 0 0
 218 9881.000 109244.000 0 0 0.000 0.000 0.000 0.207 0 1 0 0 0 0
 219 12422.000 72805.000 0 0 0.000 0.000 0.000 0.204 0 1 0 0 0 0
 220 5258.000 105773.000 0 0 0.000 0.000 0.000 0.135 0 1 0 0 0 0
 221 71942.000 106204.000 0 0 17.845 80.703 1440.218 37.950 0 1 1 200 0 0
 222 71786.000 106294.000 0 0 45.860 205.578 9428.001 97.097 0 1 1 200 0 0
 223 71621.000 106335.000 0 0 49.201 220.387 10843.459 104.131 0 1 1 200 0 0
 224 71456.000 106373.000 0 0 49.191 220.305 10837.139 104.101 0 1 1 200 0 0
 225 71307.000 106486.000 0 0 2.486 11.000 27.356 5.230 0 1 1 200 0 0
 226 71289.000 106401.000 0 0 27.620 123.875 3421.481 58.493 0 1 1 200 0 0
 227 71271.000 106318.000 0 0 2.422 11.014 26.680 5.165 0 1 1 200 0 0;
ProcessEquipmentIDList 1
  "6632" ;
SummarySpec 5
  TESTNO    NDEFECT    DEFDENSITY    NDIE    NDEFDIE  ;
SummaryList 
  1    227    0.8299    1    1  ;
EndOfFile;
