FileVersion 1 2;
FileTimestamp 01-07-26 09:59:56;
InspectionStationID "KLA-Tencor" "SFSSP1" "0901-0728-TBI";
SampleType WAFER;
ResultTimestamp 01-07-26 09:53:49;
LotID "2580";
SampleSize 1 200;
DeviceID "None";
SetupID "T2-2580NR" 01-07-26 09:53:49;
StepID "6542";
SampleOrientationMarkType NOTCH;
OrientationMarkLocation DOWN;
DiePitch 200000 200000;
DieOrigin 0 0;
WaferID "10";
Slot 10;
SampleCenterLocation 100000 100000;
ClassLookup 1
  0 "0"  ;
OrientationInstructions "Front";
CoordinatesMirrored No;
InspectionTest 1;
SampleTestPlan 1
  0 0 ;
AreaPerTest 2.73516e+010;
DefectRecordSpec 15 DEFECTID XREL YREL XINDEX YINDEX XSIZE YSIZE DEFECTAREA DSIZE CLASSNUMBER TEST CLUSTERNUMBER ROUGHBINNUMBER FINEBINNUMBER REVIEWSAMPLE ;
DefectList
 1 101056.000 99875.000 0 0 0.000 0.000 0.000 0.141 0 1 0 0 0 0
 2 101378.000 97181.000 0 0 0.000 0.000 0.000 0.158 0 1 0 0 0 0
 3 101787.000 97170.000 0 0 0.000 0.000 0.000 0.154 0 1 0 0 0 0
 4 97053.000 104647.000 0 0 0.000 0.000 0.000 0.134 0 1 0 0 0 0
 5 97427.000 105324.000 0 0 0.000 0.000 0.000 0.144 0 1 0 0 0 0
 6 108384.000 100798.000 0 0 0.000 0.000 0.000 0.167 0 1 0 0 0 0
 7 100595.000 90824.000 0 0 0.000 0.000 0.000 0.133 0 1 0 0 0 0
 8 93499.000 107274.000 0 0 0.000 0.000 0.000 0.139 0 1 0 0 0 0
 9 100977.000 90408.000 0 0 0.000 0.000 0.000 0.148 0 1 0 0 0 0
 10 92320.000 106884.000 0 0 0.000 0.000 0.000 0.142 0 1 0 0 0 0
 11 106439.000 109880.000 0 0 0.000 0.000 0.000 0.153 0 1 0 0 0 0
 12 88473.000 96017.000 0 0 0.000 0.000 0.000 0.141 0 1 0 0 0 0
 13 109794.000 92637.000 0 0 0.000 0.000 0.000 0.147 0 1 0 0 0 0
 14 112077.000 103534.000 0 0 0.000 0.000 0.000 0.145 0 1 0 0 0 0
 15 105226.000 111573.000 0 0 0.000 0.000 0.000 0.142 0 1 0 0 0 0
 16 89000.000 92594.000 0 0 0.000 0.000 0.000 0.133 0 1 0 0 0 0
 17 93288.000 87821.000 0 0 0.000 0.000 0.000 0.150 0 1 0 0 0 0
 18 102545.000 114633.000 0 0 0.000 0.000 0.000 0.135 0 1 0 0 0 0
 19 92772.000 113682.000 0 0 0.000 0.000 0.000 0.134 0 1 0 0 0 0
 20 105487.000 114570.000 0 0 0.000 0.000 0.000 0.159 0 1 0 0 0 0
 21 97914.000 84201.000 0 0 0.000 0.000 0.000 0.155 0 1 0 0 0 0
 22 115428.000 106580.000 0 0 0.000 0.000 0.000 0.141 0 1 0 0 0 0
 23 105241.000 117226.000 0 0 0.000 0.000 0.000 0.137 0 1 0 0 0 0
 24 106168.000 83124.000 0 0 0.000 0.000 0.000 0.144 0 1 0 0 0 0
 25 103083.000 82072.000 0 0 0.000 0.000 0.000 0.147 0 1 0 0 0 0
 26 107548.000 83300.000 0 0 0.000 0.000 0.000 0.134 0 1 0 0 0 0
 27 112433.000 114043.000 0 0 0.000 0.000 0.000 0.146 0 1 0 0 0 0
 28 111813.000 114643.000 0 0 0.000 0.000 0.000 0.143 0 1 0 0 0 0
 29 85766.000 112763.000 0 0 0.000 0.000 0.000 0.165 0 1 0 0 0 0
 30 114420.000 112538.000 0 0 0.000 0.000 0.000 0.180 0 1 0 0 0 0
 31 92383.000 118101.000 0 0 0.000 0.000 0.000 0.135 0 1 0 0 0 0
 32 97201.000 119739.000 0 0 0.000 0.000 0.000 0.136 0 1 0 0 0 0
 33 90626.000 81258.000 0 0 0.000 0.000 0.000 0.135 0 1 0 0 0 0
 34 114671.000 116190.000 0 0 0.000 0.000 0.000 0.132 0 1 0 0 0 0
 35 88452.000 80604.000 0 0 0.000 0.000 0.000 0.130 0 1 0 0 0 0
 36 83334.000 83932.000 0 0 0.000 0.000 0.000 0.148 0 1 0 0 0 0
 37 91413.000 122273.000 0 0 0.000 0.000 0.000 0.144 0 1 0 0 0 0
 38 100234.000 76532.000 0 0 0.000 0.000 0.000 0.160 0 1 0 0 0 0
 39 116336.000 83228.000 0 0 0.000 0.000 0.000 0.149 0 1 0 0 0 0
 40 75533.000 100057.000 0 0 0.000 0.000 0.000 0.147 0 1 0 0 0 0
 41 124225.000 103679.000 0 0 0.000 0.000 0.000 0.144 0 1 0 0 0 0
 42 114317.000 120267.000 0 0 0.000 0.000 0.000 0.136 0 1 0 0 0 0
 43 75263.000 105760.000 0 0 0.000 0.000 0.000 0.143 0 1 0 0 0 0
 44 112562.000 122163.000 0 0 0.000 0.000 0.000 0.132 0 1 0 0 0 0
 45 96564.000 125807.000 0 0 0.000 0.000 0.000 0.152 0 1 0 0 0 0
 46 101699.000 74400.000 0 0 0.000 0.000 0.000 0.163 0 1 0 0 0 0
 47 112241.000 77221.000 0 0 0.000 0.000 0.000 0.151 0 1 0 0 0 0
 48 125848.000 103844.000 0 0 0.000 0.000 0.000 0.144 0 1 0 0 0 0
 49 113942.000 122260.000 0 0 0.000 0.000 0.000 0.145 0 1 0 0 0 0
 50 90330.000 124871.000 0 0 0.000 0.000 0.000 0.136 0 1 0 0 0 0
 51 89206.000 124534.000 0 0 0.000 0.000 0.000 0.160 0 1 0 0 0 0
 52 125083.000 110250.000 0 0 0.000 0.000 0.000 0.147 0 1 0 0 0 0
 53 74151.000 91404.000 0 0 0.000 0.000 0.000 0.152 0 1 0 0 0 0
 54 125868.000 109123.000 0 0 0.000 0.000 0.000 0.144 0 1 0 0 0 0
 55 106295.000 73364.000 0 0 0.000 0.000 0.000 0.143 0 1 0 0 0 0
 56 96413.000 127640.000 0 0 0.000 0.000 0.000 0.147 0 1 0 0 0 0
 57 117848.000 78834.000 0 0 0.000 0.000 0.000 0.152 0 1 0 0 0 0
 58 127326.000 94388.000 0 0 0.000 0.000 0.000 0.134 0 1 0 0 0 0
 59 125072.000 113034.000 0 0 0.000 0.000 0.000 0.143 0 1 0 0 0 0
 60 95638.000 128302.000 0 0 0.000 0.000 0.000 0.132 0 1 0 0 0 0
 61 109492.000 127350.000 0 0 0.000 0.000 0.000 0.141 0 1 0 0 0 0
 62 127276.000 91055.000 0 0 0.000 0.000 0.000 0.163 0 1 0 0 0 0
 63 73067.000 89143.000 0 0 0.000 0.000 0.000 0.136 0 1 0 0 0 0
 64 116971.000 76434.000 0 0 0.000 0.000 0.000 0.139 0 1 0 0 0 0
 65 71278.000 92345.000 0 0 0.000 0.000 0.000 0.144 0 1 0 0 0 0
 66 77441.000 80773.000 0 0 0.000 0.000 0.000 0.153 0 1 0 0 0 0
 67 114270.000 126531.000 0 0 0.000 0.000 0.000 0.150 0 1 0 0 0 0
 68 96171.000 130391.000 0 0 0.000 0.000 0.000 0.133 0 1 0 0 0 0
 69 75524.000 118806.000 0 0 0.000 0.000 0.000 0.138 0 1 0 0 0 0
 70 103665.000 69653.000 0 0 0.000 0.000 0.000 0.131 0 1 0 0 0 0
 71 111529.000 128957.000 0 0 0.000 0.000 0.000 0.144 0 1 0 0 0 0
 72 130488.000 107178.000 0 0 0.000 0.000 0.000 0.130 0 1 0 0 0 0
 73 110576.000 69990.000 0 0 0.000 0.000 0.000 0.154 0 1 0 0 0 0
 74 68813.000 91908.000 0 0 0.000 0.000 0.000 0.140 0 1 0 0 0 0
 75 126901.000 117746.000 0 0 0.000 0.000 0.000 0.170 0 1 0 0 0 0
 76 101946.000 132517.000 0 0 0.000 0.000 0.000 0.132 0 1 0 0 0 0
 77 70847.000 84800.000 0 0 0.000 0.000 0.000 0.132 0 1 0 0 0 0
 78 83902.000 129239.000 0 0 0.000 0.000 0.000 0.150 0 1 0 0 0 0
 79 121777.000 125448.000 0 0 0.000 0.000 0.000 0.141 0 1 0 0 0 0
 80 67149.000 106360.000 0 0 0.000 0.000 0.000 0.160 0 1 0 0 0 0
 81 66838.000 94522.000 0 0 0.000 0.000 0.000 0.134 0 1 0 0 0 0
 82 86881.000 131217.000 0 0 0.000 0.000 0.000 0.133 0 1 0 0 0 0
 83 132748.000 108117.000 0 0 0.000 0.000 0.000 0.138 0 1 0 0 0 0
 84 118035.000 71317.000 0 0 0.000 0.000 0.000 0.138 0 1 0 0 0 0
 85 130913.000 86064.000 0 0 0.000 0.000 0.000 0.136 0 1 0 0 0 0
 86 87277.000 68358.000 0 0 0.000 0.000 0.000 0.136 0 1 0 0 0 0
 87 66017.000 107342.000 0 0 0.000 0.000 0.000 0.149 0 1 0 0 0 0
 88 64614.000 100811.000 0 0 0.000 0.000 0.000 0.136 0 1 0 0 0 0
 89 109849.000 66365.000 0 0 0.000 0.000 0.000 0.160 0 1 0 0 0 0
 90 67519.000 85479.000 0 0 0.000 0.000 0.000 0.160 0 1 0 0 0 0
 91 69088.000 82612.000 0 0 0.000 0.000 0.000 0.141 0 1 0 0 0 0
 92 83356.000 68011.000 0 0 0.000 0.000 0.000 0.138 0 1 0 0 0 0
 93 129213.000 122247.000 0 0 0.000 0.000 0.000 0.144 0 1 0 0 0 0
 94 135069.000 89312.000 0 0 0.000 0.000 0.000 0.141 0 1 0 0 0 0
 95 63475.000 105909.000 0 0 0.000 0.000 0.000 0.132 0 1 0 0 0 0
 96 81397.000 68233.000 0 0 0.000 0.000 0.000 0.134 0 1 0 0 0 0
 97 72764.000 74742.000 0 0 0.000 0.000 0.000 0.131 0 1 0 0 0 0
 98 93353.000 63506.000 0 0 0.000 0.000 0.000 0.131 0 1 0 0 0 0
 99 102694.000 62912.000 0 0 0.000 0.000 0.000 0.170 0 1 0 0 0 0
 100 134414.000 115168.000 0 0 0.000 0.000 0.000 0.144 0 1 0 0 0 0
 101 66521.000 117548.000 0 0 0.000 0.000 0.000 0.151 0 1 0 0 0 0
 102 131832.000 80202.000 0 0 0.000 0.000 0.000 0.135 0 1 0 0 0 0
 103 131281.000 120972.000 0 0 0.000 0.000 0.000 0.166 0 1 0 0 0 0
 104 76274.000 129561.000 0 0 0.000 0.000 0.000 0.147 0 1 0 0 0 0
 105 87728.000 64362.000 0 0 0.000 0.000 0.000 0.140 0 1 0 0 0 0
 106 123966.000 129466.000 0 0 0.000 0.000 0.000 0.141 0 1 0 0 0 0
 107 68594.000 78981.000 0 0 0.000 0.000 0.000 0.164 0 1 0 0 0 0
 108 113129.000 135835.000 0 0 0.000 0.000 0.000 0.132 0 1 0 0 0 0
 109 123544.000 70232.000 0 0 0.000 0.000 0.000 0.152 0 1 0 0 0 0
 110 121826.000 131535.000 0 0 0.000 0.000 0.000 0.161 0 1 0 0 0 0
 111 72603.000 73372.000 0 0 0.000 0.000 0.000 0.131 0 1 0 0 0 0
 112 88865.000 63557.000 0 0 0.000 0.000 0.000 0.132 0 1 0 0 0 0
 113 117181.000 134608.000 0 0 0.000 0.000 0.000 0.132 0 1 0 0 0 0
 114 96923.000 138626.000 0 0 0.000 0.000 0.000 0.138 0 1 0 0 0 0
 115 78980.000 132648.000 0 0 0.000 0.000 0.000 0.144 0 1 0 0 0 0
 116 66365.000 81100.000 0 0 0.000 0.000 0.000 0.159 0 1 0 0 0 0
 117 138293.000 94603.000 0 0 0.000 0.000 0.000 0.134 0 1 0 0 0 0
 118 122495.000 132009.000 0 0 0.000 0.000 0.000 0.142 0 1 0 0 0 0
 119 84443.000 64419.000 0 0 0.000 0.000 0.000 0.143 0 1 0 0 0 0
 120 74365.000 129846.000 0 0 0.000 0.000 0.000 0.205 0 1 0 0 0 0
 121 115262.000 136272.000 0 0 0.000 0.000 0.000 0.132 0 1 0 0 0 0
 122 138291.000 91149.000 0 0 0.000 0.000 0.000 0.146 0 1 0 0 0 0
 123 98008.000 60730.000 0 0 0.000 0.000 0.000 0.140 0 1 0 0 0 0
 124 127403.000 128969.000 0 0 0.000 0.000 0.000 0.153 0 1 0 0 0 0
 125 124925.000 131190.000 0 0 0.000 0.000 0.000 0.151 0 1 0 0 0 0
 126 139342.000 106576.000 0 0 0.000 0.000 0.000 0.173 0 1 0 0 0 0
 127 121852.000 133660.000 0 0 0.000 0.000 0.000 0.139 0 1 0 0 0 0
 128 61141.000 110063.000 0 0 0.000 0.000 0.000 0.158 0 1 0 0 0 0
 129 64280.000 82030.000 0 0 0.000 0.000 0.000 0.144 0 1 0 0 0 0
 130 139237.000 107963.000 0 0 0.000 0.000 0.000 0.148 0 1 0 0 0 0
 131 83125.000 63514.000 0 0 0.000 0.000 0.000 0.143 0 1 0 0 0 0
 132 124960.000 132052.000 0 0 0.000 0.000 0.000 0.141 0 1 0 0 0 0
 133 65901.000 122096.000 0 0 0.000 0.000 0.000 0.137 0 1 0 0 0 0
 134 95258.000 140637.000 0 0 0.000 0.000 0.000 0.137 0 1 0 0 0 0
 135 61853.000 85990.000 0 0 0.000 0.000 0.000 0.147 0 1 0 0 0 0
 136 62347.000 84761.000 0 0 0.000 0.000 0.000 0.163 0 1 0 0 0 0
 137 135336.000 120368.000 0 0 0.000 0.000 0.000 0.171 0 1 0 0 0 0
 138 58985.000 98990.000 0 0 0.000 0.000 0.000 0.141 0 1 0 0 0 0
 139 130484.000 72898.000 0 0 0.000 0.000 0.000 0.141 0 1 0 0 0 0
 140 71722.000 130190.000 0 0 0.000 0.000 0.000 0.155 0 1 0 0 0 0
 141 125741.000 67462.000 0 0 0.000 0.000 0.000 0.137 0 1 0 0 0 0
 142 141221.000 108569.000 0 0 0.000 0.000 0.000 0.131 0 1 0 0 0 0
 143 134886.000 123951.000 0 0 0.000 0.000 0.000 0.140 0 1 0 0 0 0
 144 115580.000 60906.000 0 0 0.000 0.000 0.000 0.131 0 1 0 0 0 0
 145 97389.000 57849.000 0 0 0.000 0.000 0.000 0.159 0 1 0 0 0 0
 146 79989.000 62340.000 0 0 0.000 0.000 0.000 0.134 0 1 0 0 0 0
 147 92100.000 58090.000 0 0 0.000 0.000 0.000 0.131 0 1 0 0 0 0
 148 74271.000 134852.000 0 0 0.000 0.000 0.000 0.136 0 1 0 0 0 0
 149 129907.000 68548.000 0 0 0.000 0.000 0.000 0.145 0 1 0 0 0 0
 150 136297.000 75889.000 0 0 0.000 0.000 0.000 0.134 0 1 0 0 0 0
 151 57048.000 90684.000 0 0 0.000 0.000 0.000 0.131 0 1 0 0 0 0
 152 101833.000 56311.000 0 0 0.000 0.000 0.000 0.154 0 1 0 0 0 0
 153 143443.000 92596.000 0 0 0.000 0.000 0.000 0.130 0 1 0 0 0 0
 154 144299.000 96459.000 0 0 0.000 0.000 0.000 0.132 0 1 0 0 0 0
 155 56363.000 90811.000 0 0 0.000 0.000 0.000 0.139 0 1 0 0 0 0
 156 58778.000 82974.000 0 0 0.000 0.000 0.000 0.141 0 1 0 0 0 0
 157 60997.000 78729.000 0 0 0.000 0.000 0.000 0.167 0 1 0 0 0 0
 158 62076.000 76361.000 0 0 0.000 0.000 0.000 0.130 0 1 0 0 0 0
 159 64259.000 128179.000 0 0 0.000 0.000 0.000 0.138 0 1 0 0 0 0
 160 87910.000 56532.000 0 0 0.000 0.000 0.000 0.136 0 1 0 0 0 0
 161 56400.000 87215.000 0 0 0.000 0.000 0.000 0.132 0 1 0 0 0 0
 162 118616.000 58681.000 0 0 0.000 0.000 0.000 0.137 0 1 0 0 0 0
 163 100916.000 145836.000 0 0 0.000 0.000 0.000 0.142 0 1 0 0 0 0
 164 117391.000 142609.000 0 0 0.000 0.000 0.000 0.130 0 1 0 0 0 0
 165 114187.000 56496.000 0 0 0.000 0.000 0.000 0.137 0 1 0 0 0 0
 166 146007.000 105361.000 0 0 0.000 0.000 0.000 0.134 0 1 0 0 0 0
 167 139964.000 123598.000 0 0 0.000 0.000 0.000 0.135 0 1 0 0 0 0
 168 67735.000 133689.000 0 0 0.000 0.000 0.000 0.155 0 1 0 0 0 0
 169 54990.000 114614.000 0 0 0.000 0.000 0.000 0.134 0 1 0 0 0 0
 170 61096.000 73399.000 0 0 0.000 0.000 0.000 0.138 0 1 0 0 0 0
 171 56142.000 118042.000 0 0 0.000 0.000 0.000 0.132 0 1 0 0 0 0
 172 62089.000 71322.000 0 0 0.000 0.000 0.000 0.147 0 1 0 0 0 0
 173 99434.000 52452.000 0 0 0.000 0.000 0.000 0.139 0 1 0 0 0 0
 174 55295.000 117894.000 0 0 0.000 0.000 0.000 0.144 0 1 0 0 0 0
 175 138111.000 71032.000 0 0 0.000 0.000 0.000 0.137 0 1 0 0 0 0
 176 131074.000 136945.000 0 0 0.000 0.000 0.000 0.143 0 1 0 0 0 0
 177 128297.000 138960.000 0 0 0.000 0.000 0.000 0.145 0 1 0 0 0 0
 178 87036.000 146720.000 0 0 0.000 0.000 0.000 0.141 0 1 0 0 0 0
 179 141754.000 124486.000 0 0 0.000 0.000 0.000 0.141 0 1 0 0 0 0
 180 82210.000 145424.000 0 0 0.000 0.000 0.000 0.138 0 1 0 0 0 0
 181 102891.000 51412.000 0 0 0.000 0.000 0.000 0.136 0 1 0 0 0 0
 182 52622.000 87579.000 0 0 0.000 0.000 0.000 0.149 0 1 0 0 0 0
 183 135325.000 66231.000 0 0 0.000 0.000 0.000 0.152 0 1 0 0 0 0
 184 105204.000 149008.000 0 0 0.000 0.000 0.000 0.147 0 1 0 0 0 0
 185 139387.000 70749.000 0 0 0.000 0.000 0.000 0.149 0 1 0 0 0 0
 186 149039.000 103339.000 0 0 0.000 0.000 0.000 0.138 0 1 0 0 0 0
 187 87481.000 148135.000 0 0 0.000 0.000 0.000 0.182 0 1 0 0 0 0
 188 56187.000 76909.000 0 0 0.000 0.000 0.000 0.131 0 1 0 0 0 0
 189 53353.000 117389.000 0 0 0.000 0.000 0.000 0.146 0 1 0 0 0 0
 190 124982.000 57302.000 0 0 0.000 0.000 0.000 0.142 0 1 0 0 0 0
 191 59194.000 128816.000 0 0 0.000 0.000 0.000 0.133 0 1 0 0 0 0
 192 141875.000 127305.000 0 0 0.000 0.000 0.000 0.141 0 1 0 0 0 0
 193 136398.000 134528.000 0 0 0.000 0.000 0.000 0.133 0 1 0 0 0 0
 194 76366.000 55758.000 0 0 0.000 0.000 0.000 0.143 0 1 0 0 0 0
 195 50048.000 91734.000 0 0 0.000 0.000 0.000 0.136 0 1 0 0 0 0
 196 127080.000 57044.000 0 0 0.000 0.000 0.000 0.137 0 1 0 0 0 0
 197 148726.000 85824.000 0 0 0.000 0.000 0.000 0.142 0 1 0 0 0 0
 198 149527.000 112816.000 0 0 0.000 0.000 0.000 0.156 0 1 0 0 0 0
 199 134594.000 137818.000 0 0 0.000 0.000 0.000 0.133 0 1 0 0 0 0
 200 107660.000 150820.000 0 0 0.000 0.000 0.000 0.133 0 1 0 0 0 0
 201 51398.000 116351.000 0 0 0.000 0.000 0.000 0.155 0 1 0 0 0 0
 202 151322.000 99774.000 0 0 0.000 0.000 0.000 0.140 0 1 0 0 0 0
 203 75387.000 145514.000 0 0 0.000 0.000 0.000 0.131 0 1 0 0 0 0
 204 151554.000 100375.000 0 0 0.000 0.000 0.000 0.130 0 1 0 0 0 0
 205 129743.000 142447.000 0 0 0.000 0.000 0.000 0.159 0 1 0 0 0 0
 206 121664.000 147152.000 0 0 0.000 0.000 0.000 0.143 0 1 0 0 0 0
 207 132725.000 60136.000 0 0 0.000 0.000 0.000 0.139 0 1 0 0 0 0
 208 58355.000 131309.000 0 0 0.000 0.000 0.000 0.131 0 1 0 0 0 0
 209 55614.000 73253.000 0 0 0.000 0.000 0.000 0.145 0 1 0 0 0 0
 210 63214.000 63358.000 0 0 0.000 0.000 0.000 0.137 0 1 0 0 0 0
 211 140322.000 133180.000 0 0 0.000 0.000 0.000 0.155 0 1 0 0 0 0
 212 80353.000 149011.000 0 0 0.000 0.000 0.000 0.130 0 1 0 0 0 0
 213 148265.000 79345.000 0 0 0.000 0.000 0.000 0.147 0 1 0 0 0 0
 214 130449.000 143201.000 0 0 0.000 0.000 0.000 0.133 0 1 0 0 0 0
 215 93229.000 47860.000 0 0 0.000 0.000 0.000 0.138 0 1 0 0 0 0
 216 136905.000 137835.000 0 0 0.000 0.000 0.000 0.130 0 1 0 0 0 0
 217 135293.000 140545.000 0 0 0.000 0.000 0.000 0.135 0 1 0 0 0 0
 218 77757.000 149209.000 0 0 0.000 0.000 0.000 0.150 0 1 0 0 0 0
 219 82762.000 49230.000 0 0 0.000 0.000 0.000 0.142 0 1 0 0 0 0
 220 82100.000 49297.000 0 0 0.000 0.000 0.000 0.133 0 1 0 0 0 0
 221 127080.000 53474.000 0 0 0.000 0.000 0.000 0.137 0 1 0 0 0 0
 222 68757.000 144546.000 0 0 0.000 0.000 0.000 0.151 0 1 0 0 0 0
 223 130657.000 145136.000 0 0 0.000 0.000 0.000 0.134 0 1 0 0 0 0
 224 143982.000 67588.000 0 0 0.000 0.000 0.000 0.146 0 1 0 0 0 0
 225 108922.000 45785.000 0 0 0.000 0.000 0.000 0.133 0 1 0 0 0 0
 226 148966.000 75146.000 0 0 0.000 0.000 0.000 0.130 0 1 0 0 0 0
 227 150162.000 76732.000 0 0 0.000 0.000 0.000 0.137 0 1 0 0 0 0
 228 44494.000 102640.000 0 0 0.000 0.000 0.000 0.130 0 1 0 0 0 0
 229 51830.000 128104.000 0 0 0.000 0.000 0.000 0.133 0 1 0 0 0 0
 230 144442.000 133890.000 0 0 0.000 0.000 0.000 0.133 0 1 0 0 0 0
 231 79226.000 47991.000 0 0 0.000 0.000 0.000 0.142 0 1 0 0 0 0
 232 97228.000 156478.000 0 0 0.000 0.000 0.000 0.133 0 1 0 0 0 0
 233 65719.000 144959.000 0 0 0.000 0.000 0.000 0.130 0 1 0 0 0 0
 234 100045.000 156568.000 0 0 0.000 0.000 0.000 0.163 0 1 0 0 0 0
 235 102607.000 43847.000 0 0 0.000 0.000 0.000 0.156 0 1 0 0 0 0
 236 51966.000 130568.000 0 0 0.000 0.000 0.000 0.145 0 1 0 0 0 0
 237 55357.000 135864.000 0 0 0.000 0.000 0.000 0.141 0 1 0 0 0 0
 238 112539.000 44634.000 0 0 0.000 0.000 0.000 0.135 0 1 0 0 0 0
 239 47580.000 123182.000 0 0 0.000 0.000 0.000 0.132 0 1 0 0 0 0
 240 44901.000 84318.000 0 0 0.000 0.000 0.000 0.134 0 1 0 0 0 0
 241 43574.000 112655.000 0 0 0.000 0.000 0.000 0.141 0 1 0 0 0 0
 242 43182.000 90206.000 0 0 0.000 0.000 0.000 0.130 0 1 0 0 0 0
 243 50995.000 69603.000 0 0 0.000 0.000 0.000 0.136 0 1 0 0 0 0
 244 65995.000 147100.000 0 0 0.000 0.000 0.000 0.132 0 1 0 0 0 0
 245 47906.000 125407.000 0 0 0.000 0.000 0.000 0.130 0 1 0 0 0 0
 246 130330.000 149527.000 0 0 0.000 0.000 0.000 0.144 0 1 0 0 0 0
 247 86518.000 43561.000 0 0 0.000 0.000 0.000 0.143 0 1 0 0 0 0
 248 136305.000 145980.000 0 0 0.000 0.000 0.000 0.138 0 1 0 0 0 0
 249 108856.000 42252.000 0 0 0.000 0.000 0.000 0.139 0 1 0 0 0 0
 250 42660.000 114745.000 0 0 0.000 0.000 0.000 0.140 0 1 0 0 0 0
 251 41479.000 92381.000 0 0 0.000 0.000 0.000 0.133 0 1 0 0 0 0
 252 145386.000 62575.000 0 0 0.000 0.000 0.000 0.134 0 1 0 0 0 0
 253 51173.000 66505.000 0 0 0.000 0.000 0.000 0.137 0 1 0 0 0 0
 254 85011.000 42742.000 0 0 0.000 0.000 0.000 0.148 0 1 0 0 0 0
 255 154836.000 123980.000 0 0 0.000 0.000 0.000 0.153 0 1 0 0 0 0
 256 159918.000 94925.000 0 0 0.000 0.000 0.000 0.130 0 1 0 0 0 0
 257 40867.000 112790.000 0 0 0.000 0.000 0.000 0.140 0 1 0 0 0 0
 258 97166.000 39531.000 0 0 0.000 0.000 0.000 0.149 0 1 0 0 0 0
 259 89974.000 39804.000 0 0 0.000 0.000 0.000 0.133 0 1 0 0 0 0
 260 73167.000 155461.000 0 0 0.000 0.000 0.000 0.140 0 1 0 0 0 0
 261 68969.000 153442.000 0 0 0.000 0.000 0.000 0.166 0 1 0 0 0 0
 262 159447.000 84554.000 0 0 0.000 0.000 0.000 0.150 0 1 0 0 0 0
 263 138896.000 52339.000 0 0 0.000 0.000 0.000 0.156 0 1 0 0 0 0
 264 55986.000 56780.000 0 0 0.000 0.000 0.000 0.130 0 1 0 0 0 0
 265 153058.000 132123.000 0 0 0.000 0.000 0.000 0.145 0 1 0 0 0 0
 266 101065.000 162423.000 0 0 0.000 0.000 0.000 0.139 0 1 0 0 0 0
 267 71868.000 155720.000 0 0 0.000 0.000 0.000 0.139 0 1 0 0 0 0
 268 44587.000 71337.000 0 0 0.000 0.000 0.000 0.137 0 1 0 0 0 0
 269 70701.000 155595.000 0 0 0.000 0.000 0.000 0.136 0 1 0 0 0 0
 270 38585.000 112694.000 0 0 0.000 0.000 0.000 0.135 0 1 0 0 0 0
 271 38220.000 88839.000 0 0 0.000 0.000 0.000 0.132 0 1 0 0 0 0
 272 58819.000 52525.000 0 0 0.000 0.000 0.000 0.152 0 1 0 0 0 0
 273 127341.000 43535.000 0 0 0.000 0.000 0.000 0.150 0 1 0 0 0 0
 274 162229.000 90659.000 0 0 0.000 0.000 0.000 0.146 0 1 0 0 0 0
 275 97807.000 163270.000 0 0 0.000 0.000 0.000 0.133 0 1 0 0 0 0
 276 76382.000 159219.000 0 0 0.000 0.000 0.000 0.141 0 1 0 0 0 0
 277 159158.000 77280.000 0 0 0.000 0.000 0.000 0.134 0 1 0 0 0 0
 278 39538.000 80418.000 0 0 0.000 0.000 0.000 0.135 0 1 0 0 0 0
 279 59158.000 51334.000 0 0 0.000 0.000 0.000 0.144 0 1 0 0 0 0
 280 77620.000 159938.000 0 0 0.000 0.000 0.000 0.134 0 1 0 0 0 0
 281 140177.000 150137.000 0 0 0.000 0.000 0.000 0.133 0 1 0 0 0 0
 282 140028.000 150275.000 0 0 0.000 0.000 0.000 0.132 0 1 0 0 0 0
 283 69016.000 156379.000 0 0 0.000 0.000 0.000 0.133 0 1 0 0 0 0
 284 91331.000 36266.000 0 0 0.000 0.000 0.000 0.131 0 1 0 0 0 0
 285 85791.000 37180.000 0 0 0.000 0.000 0.000 0.132 0 1 0 0 0 0
 286 110884.000 36511.000 0 0 0.000 0.000 0.000 0.141 0 1 0 0 0 0
 287 132393.000 156497.000 0 0 0.000 0.000 0.000 0.141 0 1 0 0 0 0
 288 34924.000 103844.000 0 0 0.000 0.000 0.000 0.142 0 1 0 0 0 0
 289 165009.000 103712.000 0 0 0.000 0.000 0.000 0.132 0 1 0 0 0 0
 290 69157.000 158465.000 0 0 0.000 0.000 0.000 0.134 0 1 0 0 0 0
 291 155721.000 64369.000 0 0 0.000 0.000 0.000 0.139 0 1 0 0 0 0
 292 166049.000 103851.000 0 0 0.000 0.000 0.000 0.155 0 1 0 0 0 0
 293 162392.000 77746.000 0 0 0.000 0.000 0.000 0.146 0 1 0 0 0 0
 294 33633.000 107671.000 0 0 0.000 0.000 0.000 0.130 0 1 0 0 0 0
 295 50863.000 54724.000 0 0 0.000 0.000 0.000 0.148 0 1 0 0 0 0
 296 81964.000 164797.000 0 0 0.000 0.000 0.000 0.136 0 1 0 0 0 0
 297 165106.000 117045.000 0 0 0.000 0.000 0.000 0.136 0 1 0 0 0 0
 298 165411.000 84019.000 0 0 0.000 0.000 0.000 0.149 0 1 0 0 0 0
 299 90679.000 167120.000 0 0 0.000 0.000 0.000 0.156 0 1 0 0 0 0
 300 67929.000 159599.000 0 0 0.000 0.000 0.000 0.146 0 1 0 0 0 0
 301 37743.000 126301.000 0 0 0.000 0.000 0.000 0.132 0 1 0 0 0 0
 302 37081.000 125845.000 0 0 0.000 0.000 0.000 0.139 0 1 0 0 0 0
 303 151047.000 144877.000 0 0 0.000 0.000 0.000 0.131 0 1 0 0 0 0
 304 37137.000 126956.000 0 0 0.000 0.000 0.000 0.135 0 1 0 0 0 0
 305 168377.000 96771.000 0 0 0.000 0.000 0.000 0.133 0 1 0 0 0 0
 306 47516.000 144960.000 0 0 0.000 0.000 0.000 0.145 0 1 0 0 0 0
 307 151523.000 145942.000 0 0 0.000 0.000 0.000 0.130 0 1 0 0 0 0
 308 49144.000 53056.000 0 0 0.000 0.000 0.000 0.145 0 1 0 0 0 0
 309 49468.000 52777.000 0 0 0.000 0.000 0.000 0.137 0 1 0 0 0 0
 310 125926.000 36068.000 0 0 0.000 0.000 0.000 0.150 0 1 0 0 0 0
 311 114138.000 168046.000 0 0 0.000 0.000 0.000 0.157 0 1 0 0 0 0
 312 89264.000 168850.000 0 0 0.000 0.000 0.000 0.146 0 1 0 0 0 0
 313 32535.000 82355.000 0 0 0.000 0.000 0.000 0.144 0 1 0 0 0 0
 314 113061.000 31383.000 0 0 0.000 0.000 0.000 0.136 0 1 0 0 0 0
 315 34414.000 74312.000 0 0 0.000 0.000 0.000 0.131 0 1 0 0 0 0
 316 170166.000 106834.000 0 0 0.000 0.000 0.000 0.155 0 1 0 0 0 0
 317 33084.000 123535.000 0 0 0.000 0.000 0.000 0.140 0 1 0 0 0 0
 318 169043.000 117306.000 0 0 0.000 0.000 0.000 0.137 0 1 0 0 0 0
 319 124671.000 166965.000 0 0 0.000 0.000 0.000 0.136 0 1 0 0 0 0
 320 118640.000 169300.000 0 0 0.000 0.000 0.000 0.136 0 1 0 0 0 0
 321 160761.000 138572.000 0 0 0.000 0.000 0.000 0.143 0 1 0 0 0 0
 322 36354.000 133855.000 0 0 0.000 0.000 0.000 0.139 0 1 0 0 0 0
 323 136368.000 37700.000 0 0 0.000 0.000 0.000 0.145 0 1 0 0 0 0
 324 76234.000 31553.000 0 0 0.000 0.000 0.000 0.132 0 1 0 0 0 0
 325 70388.000 33447.000 0 0 0.000 0.000 0.000 0.130 0 1 0 0 0 0
 326 29892.000 79162.000 0 0 0.000 0.000 0.000 0.135 0 1 0 0 0 0
 327 162491.000 61639.000 0 0 0.000 0.000 0.000 0.132 0 1 0 0 0 0
 328 47477.000 46703.000 0 0 0.000 0.000 0.000 0.131 0 1 0 0 0 0
 329 64400.000 32783.000 0 0 0.000 0.000 0.000 0.151 0 1 0 0 0 0
 330 102915.000 176785.000 0 0 0.000 0.000 0.000 0.134 0 1 0 0 0 0
 331 29027.000 130683.000 0 0 0.000 0.000 0.000 0.135 0 1 0 0 0 0
 332 169480.000 66383.000 0 0 0.000 0.000 0.000 0.131 0 1 0 0 0 0
 333 132247.000 29703.000 0 0 0.000 0.000 0.000 0.144 0 1 0 0 0 0
 334 161705.000 52624.000 0 0 0.000 0.000 0.000 0.154 0 1 0 0 0 0
 335 37073.000 146602.000 0 0 0.000 0.000 0.000 0.133 0 1 0 0 0 0
 336 22031.000 104567.000 0 0 0.000 0.000 0.000 0.142 0 1 0 0 0 0
 337 167857.000 59846.000 0 0 0.000 0.000 0.000 0.139 0 1 0 0 0 0
 338 170493.000 62720.000 0 0 0.000 0.000 0.000 0.130 0 1 0 0 0 0
 339 135382.000 172279.000 0 0 0.000 0.000 0.000 0.130 0 1 0 0 0 0
 340 171505.000 137582.000 0 0 0.000 0.000 0.000 0.131 0 1 0 0 0 0
 341 153795.000 160684.000 0 0 0.000 0.000 0.000 0.134 0 1 0 0 0 0
 342 23506.000 129827.000 0 0 0.000 0.000 0.000 0.138 0 1 0 0 0 0
 343 40109.000 44330.000 0 0 0.000 0.000 0.000 0.131 0 1 0 0 0 0
 344 71978.000 177938.000 0 0 0.000 0.000 0.000 0.133 0 1 0 0 0 0
 345 182759.000 101959.000 0 0 0.000 0.000 0.000 0.142 0 1 0 0 0 0
 346 120767.000 181573.000 0 0 0.000 0.000 0.000 0.151 0 1 0 0 0 0
 347 138331.000 178053.000 0 0 0.000 0.000 0.000 0.133 0 1 0 0 0 0
 348 159837.000 37215.000 0 0 0.000 0.000 0.000 0.137 0 1 0 0 0 0
 349 138977.000 178211.000 0 0 0.000 0.000 0.000 0.140 0 1 0 0 0 0
 350 57055.000 24255.000 0 0 0.000 0.000 0.000 0.132 0 1 0 0 0 0
 351 132088.000 184108.000 0 0 0.000 0.000 0.000 0.136 0 1 0 0 0 0
 352 14850.000 59274.000 0 0 0.000 0.000 0.000 0.159 0 1 0 0 0 0;
ProcessEquipmentIDList 1
  "6632" ;
SummarySpec 5
  TESTNO    NDEFECT    DEFDENSITY    NDIE    NDEFDIE  ;
SummaryList 
  1    352    1.287    1    1  ;
EndOfFile;
