FileVersion 1 2;
FileTimestamp 01-07-26 09:54:55;
InspectionStationID "KLA-Tencor" "SFSSP1" "0901-0728-TBI";
SampleType WAFER;
ResultTimestamp 01-07-26 09:53:49;
LotID "2580";
SampleSize 1 200;
DeviceID "None";
SetupID "T2-2580NR" 01-07-26 09:53:49;
StepID "6542";
SampleOrientationMarkType NOTCH;
OrientationMarkLocation DOWN;
DiePitch 200000 200000;
DieOrigin 0 0;
WaferID "01";
Slot 1;
SampleCenterLocation 100000 100000;
ClassLookup 1
  0 "0"  ;
OrientationInstructions "Front";
CoordinatesMirrored No;
InspectionTest 1;
SampleTestPlan 1
  0 0 ;
AreaPerTest 2.73516e+010;
DefectRecordSpec 15 DEFECTID XREL YREL XINDEX YINDEX XSIZE YSIZE DEFECTAREA DSIZE CLASSNUMBER TEST CLUSTERNUMBER ROUGHBINNUMBER FINEBINNUMBER REVIEWSAMPLE ;
DefectList
 1 101072.000 96070.000 0 0 0.000 0.000 0.000 0.139 0 1 0 0 0 0
 2 101006.000 96321.000 0 0 0.000 0.000 0.000 0.131 0 1 0 0 0 0
 3 108626.000 95926.000 0 0 0.000 0.000 0.000 0.131 0 1 0 0 0 0
 4 91827.000 94071.000 0 0 0.000 0.000 0.000 0.134 0 1 0 0 0 0
 5 110497.000 101964.000 0 0 0.000 0.000 0.000 0.145 0 1 0 0 0 0
 6 90804.000 105970.000 0 0 0.000 0.000 0.000 0.143 0 1 0 0 0 0
 7 88363.000 107632.000 0 0 0.000 0.000 0.000 0.155 0 1 0 0 0 0
 8 102820.000 86342.000 0 0 0.000 0.000 0.000 0.138 0 1 0 0 0 0
 9 87632.000 92739.000 0 0 0.000 0.000 0.000 0.133 0 1 0 0 0 0
 10 89112.000 90186.000 0 0 0.000 0.000 0.000 0.131 0 1 0 0 0 0
 11 101333.000 115815.000 0 0 0.000 0.000 0.000 0.131 0 1 0 0 0 0
 12 84696.000 96436.000 0 0 0.000 0.000 0.000 0.151 0 1 0 0 0 0
 13 107085.000 85994.000 0 0 0.000 0.000 0.000 0.174 0 1 0 0 0 0
 14 87126.000 90243.000 0 0 0.000 0.000 0.000 0.144 0 1 0 0 0 0
 15 116492.000 99221.000 0 0 0.000 0.000 0.000 0.141 0 1 0 0 0 0
 16 116979.000 102823.000 0 0 0.000 0.000 0.000 0.145 0 1 0 0 0 0
 17 110992.000 86762.000 0 0 0.000 0.000 0.000 0.145 0 1 0 0 0 0
 18 117781.000 103670.000 0 0 0.000 0.000 0.000 0.163 0 1 0 0 0 0
 19 118063.000 103844.000 0 0 0.000 0.000 0.000 0.132 0 1 0 0 0 0
 20 106489.000 117600.000 0 0 0.000 0.000 0.000 0.144 0 1 0 0 0 0
 21 88636.000 115801.000 0 0 0.000 0.000 0.000 0.130 0 1 0 0 0 0
 22 90515.000 83097.000 0 0 0.000 0.000 0.000 0.140 0 1 0 0 0 0
 23 91103.000 117692.000 0 0 0.000 0.000 0.000 0.135 0 1 0 0 0 0
 24 101151.000 80540.000 0 0 0.000 0.000 0.000 0.139 0 1 0 0 0 0
 25 80684.000 106799.000 0 0 0.000 0.000 0.000 0.133 0 1 0 0 0 0
 26 81020.000 93027.000 0 0 0.000 0.000 0.000 0.130 0 1 0 0 0 0
 27 78993.000 95911.000 0 0 0.000 0.000 0.000 0.131 0 1 0 0 0 0
 28 122250.000 102980.000 0 0 0.000 0.000 0.000 0.134 0 1 0 0 0 0
 29 106027.000 122423.000 0 0 0.000 0.000 0.000 0.130 0 1 0 0 0 0
 30 81389.000 114028.000 0 0 0.000 0.000 0.000 0.130 0 1 0 0 0 0
 31 105695.000 123014.000 0 0 0.000 0.000 0.000 0.132 0 1 0 0 0 0
 32 114199.000 119172.000 0 0 0.000 0.000 0.000 0.132 0 1 0 0 0 0
 33 123758.000 98558.000 0 0 0.000 0.000 0.000 0.138 0 1 0 0 0 0
 34 108683.000 77532.000 0 0 0.000 0.000 0.000 0.135 0 1 0 0 0 0
 35 94450.000 124031.000 0 0 0.000 0.000 0.000 0.134 0 1 0 0 0 0
 36 97275.000 124818.000 0 0 0.000 0.000 0.000 0.133 0 1 0 0 0 0
 37 118534.000 83322.000 0 0 0.000 0.000 0.000 0.149 0 1 0 0 0 0
 38 81929.000 118870.000 0 0 0.000 0.000 0.000 0.133 0 1 0 0 0 0
 39 117315.000 119544.000 0 0 0.000 0.000 0.000 0.155 0 1 0 0 0 0
 40 74337.000 95045.000 0 0 0.000 0.000 0.000 0.135 0 1 0 0 0 0
 41 80284.000 82483.000 0 0 0.000 0.000 0.000 0.146 0 1 0 0 0 0
 42 85760.000 77817.000 0 0 0.000 0.000 0.000 0.131 0 1 0 0 0 0
 43 127506.000 100493.000 0 0 0.000 0.000 0.000 0.130 0 1 0 0 0 0
 44 98257.000 127734.000 0 0 0.000 0.000 0.000 0.137 0 1 0 0 0 0
 45 112058.000 74663.000 0 0 0.000 0.000 0.000 0.145 0 1 0 0 0 0
 46 71859.000 105186.000 0 0 0.000 0.000 0.000 0.138 0 1 0 0 0 0
 47 126923.000 90317.000 0 0 0.000 0.000 0.000 0.149 0 1 0 0 0 0
 48 128261.000 95122.000 0 0 0.000 0.000 0.000 0.134 0 1 0 0 0 0
 49 123428.000 116730.000 0 0 0.000 0.000 0.000 0.130 0 1 0 0 0 0
 50 129799.000 102752.000 0 0 0.000 0.000 0.000 0.157 0 1 0 0 0 0
 51 71759.000 111688.000 0 0 0.000 0.000 0.000 0.144 0 1 0 0 0 0
 52 74468.000 81736.000 0 0 0.000 0.000 0.000 0.136 0 1 0 0 0 0
 53 73937.000 82377.000 0 0 0.000 0.000 0.000 0.141 0 1 0 0 0 0
 54 74002.000 82095.000 0 0 0.000 0.000 0.000 0.136 0 1 0 0 0 0
 55 69846.000 110970.000 0 0 0.000 0.000 0.000 0.132 0 1 0 0 0 0
 56 93160.000 68979.000 0 0 0.000 0.000 0.000 0.133 0 1 0 0 0 0
 57 88736.000 69668.000 0 0 0.000 0.000 0.000 0.143 0 1 0 0 0 0
 58 116812.000 128373.000 0 0 0.000 0.000 0.000 0.136 0 1 0 0 0 0
 59 66787.000 94516.000 0 0 0.000 0.000 0.000 0.135 0 1 0 0 0 0
 60 91895.000 133916.000 0 0 0.000 0.000 0.000 0.132 0 1 0 0 0 0
 61 112734.000 132517.000 0 0 0.000 0.000 0.000 0.132 0 1 0 0 0 0
 62 133327.000 110348.000 0 0 0.000 0.000 0.000 0.146 0 1 0 0 0 0
 63 132452.000 113135.000 0 0 0.000 0.000 0.000 0.138 0 1 0 0 0 0
 64 132751.000 113336.000 0 0 0.000 0.000 0.000 0.135 0 1 0 0 0 0
 65 69888.000 79523.000 0 0 0.000 0.000 0.000 0.158 0 1 0 0 0 0
 66 68510.000 78869.000 0 0 0.000 0.000 0.000 0.152 0 1 0 0 0 0
 67 138005.000 105080.000 0 0 0.000 0.000 0.000 0.145 0 1 0 0 0 0
 68 135019.000 116759.000 0 0 0.000 0.000 0.000 0.145 0 1 0 0 0 0
 69 137839.000 91716.000 0 0 0.000 0.000 0.000 0.136 0 1 0 0 0 0
 70 63647.000 115378.000 0 0 0.000 0.000 0.000 0.132 0 1 0 0 0 0
 71 137765.000 89656.000 0 0 0.000 0.000 0.000 0.176 0 1 0 0 0 0
 72 105171.000 60974.000 0 0 0.000 0.000 0.000 0.139 0 1 0 0 0 0
 73 138699.000 110826.000 0 0 0.000 0.000 0.000 0.130 0 1 0 0 0 0
 74 89022.000 61394.000 0 0 0.000 0.000 0.000 0.134 0 1 0 0 0 0
 75 134384.000 78316.000 0 0 0.000 0.000 0.000 0.149 0 1 0 0 0 0
 76 97389.000 59304.000 0 0 0.000 0.000 0.000 0.130 0 1 0 0 0 0
 77 85541.000 61278.000 0 0 0.000 0.000 0.000 0.135 0 1 0 0 0 0
 78 73115.000 68268.000 0 0 0.000 0.000 0.000 0.167 0 1 0 0 0 0
 79 115519.000 61340.000 0 0 0.000 0.000 0.000 0.149 0 1 0 0 0 0
 80 132969.000 126310.000 0 0 0.000 0.000 0.000 0.142 0 1 0 0 0 0
 81 57619.000 103702.000 0 0 0.000 0.000 0.000 0.136 0 1 0 0 0 0
 82 60232.000 115890.000 0 0 0.000 0.000 0.000 0.133 0 1 0 0 0 0
 83 139527.000 118047.000 0 0 0.000 0.000 0.000 0.145 0 1 0 0 0 0
 84 112431.000 141901.000 0 0 0.000 0.000 0.000 0.142 0 1 0 0 0 0
 85 70828.000 132606.000 0 0 0.000 0.000 0.000 0.159 0 1 0 0 0 0
 86 84795.000 57343.000 0 0 0.000 0.000 0.000 0.142 0 1 0 0 0 0
 87 97934.000 54295.000 0 0 0.000 0.000 0.000 0.137 0 1 0 0 0 0
 88 87214.000 55842.000 0 0 0.000 0.000 0.000 0.143 0 1 0 0 0 0
 89 145208.000 90508.000 0 0 0.000 0.000 0.000 0.134 0 1 0 0 0 0
 90 126312.000 61484.000 0 0 0.000 0.000 0.000 0.131 0 1 0 0 0 0
 91 143041.000 119411.000 0 0 0.000 0.000 0.000 0.132 0 1 0 0 0 0
 92 78301.000 58085.000 0 0 0.000 0.000 0.000 0.139 0 1 0 0 0 0
 93 54346.000 114301.000 0 0 0.000 0.000 0.000 0.143 0 1 0 0 0 0
 94 54345.000 114921.000 0 0 0.000 0.000 0.000 0.134 0 1 0 0 0 0
 95 145254.000 117658.000 0 0 0.000 0.000 0.000 0.147 0 1 0 0 0 0
 96 138150.000 69646.000 0 0 0.000 0.000 0.000 0.143 0 1 0 0 0 0
 97 147998.000 113313.000 0 0 0.000 0.000 0.000 0.134 0 1 0 0 0 0
 98 109285.000 149529.000 0 0 0.000 0.000 0.000 0.134 0 1 0 0 0 0
 99 98902.000 50014.000 0 0 0.000 0.000 0.000 0.143 0 1 0 0 0 0
 100 150215.000 105118.000 0 0 0.000 0.000 0.000 0.130 0 1 0 0 0 0
 101 127458.000 142682.000 0 0 0.000 0.000 0.000 0.132 0 1 0 0 0 0
 102 76125.000 144992.000 0 0 0.000 0.000 0.000 0.134 0 1 0 0 0 0
 103 122194.000 146075.000 0 0 0.000 0.000 0.000 0.133 0 1 0 0 0 0
 104 49796.000 88376.000 0 0 0.000 0.000 0.000 0.133 0 1 0 0 0 0
 105 48275.000 101688.000 0 0 0.000 0.000 0.000 0.131 0 1 0 0 0 0
 106 91163.000 48761.000 0 0 0.000 0.000 0.000 0.144 0 1 0 0 0 0
 107 85021.000 150381.000 0 0 0.000 0.000 0.000 0.134 0 1 0 0 0 0
 108 68229.000 141701.000 0 0 0.000 0.000 0.000 0.131 0 1 0 0 0 0
 109 148540.000 78187.000 0 0 0.000 0.000 0.000 0.143 0 1 0 0 0 0
 110 46382.000 100778.000 0 0 0.000 0.000 0.000 0.136 0 1 0 0 0 0
 111 135933.000 60538.000 0 0 0.000 0.000 0.000 0.143 0 1 0 0 0 0
 112 124142.000 52311.000 0 0 0.000 0.000 0.000 0.149 0 1 0 0 0 0
 113 145369.000 71280.000 0 0 0.000 0.000 0.000 0.131 0 1 0 0 0 0
 114 152038.000 85824.000 0 0 0.000 0.000 0.000 0.132 0 1 0 0 0 0
 115 150843.000 80837.000 0 0 0.000 0.000 0.000 0.137 0 1 0 0 0 0
 116 87314.000 153355.000 0 0 0.000 0.000 0.000 0.141 0 1 0 0 0 0
 117 91535.000 45977.000 0 0 0.000 0.000 0.000 0.130 0 1 0 0 0 0
 118 132257.000 55382.000 0 0 0.000 0.000 0.000 0.136 0 1 0 0 0 0
 119 119283.000 152040.000 0 0 0.000 0.000 0.000 0.135 0 1 0 0 0 0
 120 113695.000 154115.000 0 0 0.000 0.000 0.000 0.134 0 1 0 0 0 0
 121 153858.000 84927.000 0 0 0.000 0.000 0.000 0.145 0 1 0 0 0 0
 122 113127.000 154765.000 0 0 0.000 0.000 0.000 0.136 0 1 0 0 0 0
 123 44281.000 89255.000 0 0 0.000 0.000 0.000 0.144 0 1 0 0 0 0
 124 105350.000 43568.000 0 0 0.000 0.000 0.000 0.136 0 1 0 0 0 0
 125 153458.000 80838.000 0 0 0.000 0.000 0.000 0.130 0 1 0 0 0 0
 126 58847.000 139606.000 0 0 0.000 0.000 0.000 0.130 0 1 0 0 0 0
 127 42701.000 100165.000 0 0 0.000 0.000 0.000 0.130 0 1 0 0 0 0
 128 145152.000 65112.000 0 0 0.000 0.000 0.000 0.141 0 1 0 0 0 0
 129 114797.000 44627.000 0 0 0.000 0.000 0.000 0.150 0 1 0 0 0 0
 130 152468.000 75605.000 0 0 0.000 0.000 0.000 0.138 0 1 0 0 0 0
 131 90284.000 158474.000 0 0 0.000 0.000 0.000 0.134 0 1 0 0 0 0
 132 71582.000 152302.000 0 0 0.000 0.000 0.000 0.134 0 1 0 0 0 0
 133 158764.000 93593.000 0 0 0.000 0.000 0.000 0.154 0 1 0 0 0 0
 134 102206.000 40798.000 0 0 0.000 0.000 0.000 0.156 0 1 0 0 0 0
 135 159206.000 94581.000 0 0 0.000 0.000 0.000 0.144 0 1 0 0 0 0
 136 148526.000 65599.000 0 0 0.000 0.000 0.000 0.141 0 1 0 0 0 0
 137 158719.000 89769.000 0 0 0.000 0.000 0.000 0.142 0 1 0 0 0 0
 138 152878.000 129581.000 0 0 0.000 0.000 0.000 0.131 0 1 0 0 0 0
 139 100761.000 39532.000 0 0 0.000 0.000 0.000 0.131 0 1 0 0 0 0
 140 154802.000 74035.000 0 0 0.000 0.000 0.000 0.135 0 1 0 0 0 0
 141 65563.000 49038.000 0 0 0.000 0.000 0.000 0.130 0 1 0 0 0 0
 142 161276.000 108572.000 0 0 0.000 0.000 0.000 0.157 0 1 0 0 0 0
 143 87820.000 39055.000 0 0 0.000 0.000 0.000 0.138 0 1 0 0 0 0
 144 161982.000 109655.000 0 0 0.000 0.000 0.000 0.155 0 1 0 0 0 0
 145 162169.000 109933.000 0 0 0.000 0.000 0.000 0.132 0 1 0 0 0 0
 146 37031.000 95789.000 0 0 0.000 0.000 0.000 0.132 0 1 0 0 0 0
 147 69494.000 44528.000 0 0 0.000 0.000 0.000 0.136 0 1 0 0 0 0
 148 85398.000 162326.000 0 0 0.000 0.000 0.000 0.133 0 1 0 0 0 0
 149 89054.000 36931.000 0 0 0.000 0.000 0.000 0.130 0 1 0 0 0 0
 150 164103.000 103000.000 0 0 0.000 0.000 0.000 0.159 0 1 0 0 0 0
 151 163640.000 109030.000 0 0 0.000 0.000 0.000 0.135 0 1 0 0 0 0
 152 157804.000 128222.000 0 0 0.000 0.000 0.000 0.135 0 1 0 0 0 0
 153 164379.000 103516.000 0 0 0.000 0.000 0.000 0.189 0 1 0 0 0 0
 154 84332.000 165141.000 0 0 0.000 0.000 0.000 0.140 0 1 0 0 0 0
 155 136607.000 43625.000 0 0 0.000 0.000 0.000 0.165 0 1 0 0 0 0
 156 165923.000 115832.000 0 0 0.000 0.000 0.000 0.155 0 1 0 0 0 0
 157 166491.000 116761.000 0 0 0.000 0.000 0.000 0.135 0 1 0 0 0 0
 158 111986.000 32513.000 0 0 0.000 0.000 0.000 0.140 0 1 0 0 0 0
 159 43464.000 60161.000 0 0 0.000 0.000 0.000 0.134 0 1 0 0 0 0
 160 92377.000 31419.000 0 0 0.000 0.000 0.000 0.132 0 1 0 0 0 0
 161 90242.000 30733.000 0 0 0.000 0.000 0.000 0.151 0 1 0 0 0 0
 162 169801.000 89149.000 0 0 0.000 0.000 0.000 0.141 0 1 0 0 0 0
 163 171636.000 97718.000 0 0 0.000 0.000 0.000 0.133 0 1 0 0 0 0
 164 168920.000 120744.000 0 0 0.000 0.000 0.000 0.134 0 1 0 0 0 0
 165 87676.000 28700.000 0 0 0.000 0.000 0.000 0.132 0 1 0 0 0 0
 166 87769.000 28767.000 0 0 0.000 0.000 0.000 0.152 0 1 0 0 0 0
 167 140636.000 161920.000 0 0 0.000 0.000 0.000 0.144 0 1 0 0 0 0
 168 85996.000 27380.000 0 0 0.000 0.000 0.000 0.158 0 1 0 0 0 0
 169 63615.000 35253.000 0 0 0.000 0.000 0.000 0.141 0 1 0 0 0 0
 170 171139.000 124518.000 0 0 0.000 0.000 0.000 0.137 0 1 0 0 0 0
 171 84114.000 25934.000 0 0 0.000 0.000 0.000 0.134 0 1 0 0 0 0
 172 128814.000 29601.000 0 0 0.000 0.000 0.000 0.133 0 1 0 0 0 0
 173 131553.000 30308.000 0 0 0.000 0.000 0.000 0.131 0 1 0 0 0 0
 174 174400.000 130276.000 0 0 0.000 0.000 0.000 0.151 0 1 0 0 0 0
 175 172437.000 140953.000 0 0 0.000 0.000 0.000 0.152 0 1 0 0 0 0
 176 178548.000 141803.000 0 0 0.000 0.000 0.000 0.131 0 1 0 0 0 0
 177 176984.000 145909.000 0 0 0.000 0.000 0.000 0.153 0 1 0 0 0 0
 178 180313.000 144658.000 0 0 0.000 0.000 0.000 0.181 0 1 0 0 0 0
 179 180688.000 145260.000 0 0 0.000 0.000 0.000 0.145 0 1 0 0 0 0
 180 192550.000 87465.000 0 0 0.000 0.000 0.000 0.132 0 1 0 0 0 0
 181 181363.000 146381.000 0 0 0.000 0.000 0.000 0.131 0 1 0 0 0 0;
ProcessEquipmentIDList 1
  "6632" ;
SummarySpec 5
  TESTNO    NDEFECT    DEFDENSITY    NDIE    NDEFDIE  ;
SummaryList 
  1    181    0.6618    1    1  ;
EndOfFile;
