FileVersion 1 2;
FileTimestamp 01-07-26 17:23:15;
InspectionStationID "KLA-Tencor" "SFSSP1" "0901-0728-TBI";
SampleType WAFER;
ResultTimestamp 01-07-26 17:07:56;
LotID "2580";
SampleSize 1 200;
DeviceID "None";
SetupID "T2-2580NR" 01-07-26 17:07:56;
StepID "6545";
SampleOrientationMarkType NOTCH;
OrientationMarkLocation DOWN;
DiePitch 200000 200000;
DieOrigin 0 0;
WaferID "23";
Slot 23;
SampleCenterLocation 100000 100000;
ClassLookup 1
  0 "0"  ;
OrientationInstructions "Front";
CoordinatesMirrored No;
InspectionTest 1;
SampleTestPlan 1
  0 0 ;
AreaPerTest 2.73515e+010;
DefectRecordSpec 15 DEFECTID XREL YREL XINDEX YINDEX XSIZE YSIZE DEFECTAREA DSIZE CLASSNUMBER TEST CLUSTERNUMBER ROUGHBINNUMBER FINEBINNUMBER REVIEWSAMPLE ;
DefectList
 1 95275.000 95314.000 0 0 0.000 0.000 0.000 0.131 0 1 0 0 0 0
 2 106441.000 103111.000 0 0 0.000 0.000 0.000 0.157 0 1 0 0 0 0
 3 100313.000 92501.000 0 0 0.000 0.000 0.000 0.130 0 1 0 0 0 0
 4 91958.000 101114.000 0 0 0.000 0.000 0.000 0.147 0 1 0 0 0 0
 5 92007.000 98436.000 0 0 0.000 0.000 0.000 0.136 0 1 0 0 0 0
 6 100671.000 92206.000 0 0 0.000 0.000 0.000 0.131 0 1 0 0 0 0
 7 99808.000 91803.000 0 0 0.000 0.000 0.000 0.137 0 1 0 0 0 0
 8 101713.000 108707.000 0 0 0.000 0.000 0.000 0.132 0 1 0 0 0 0
 9 101152.000 108923.000 0 0 0.000 0.000 0.000 0.137 0 1 0 0 0 0
 10 93377.000 93373.000 0 0 0.000 0.000 0.000 0.156 0 1 0 0 0 0
 11 88472.000 100562.000 0 0 0.000 0.000 0.000 0.131 0 1 0 0 0 0
 12 101119.000 88597.000 0 0 0.000 0.000 0.000 0.139 0 1 0 0 0 0
 13 110781.000 95505.000 0 0 0.000 0.000 0.000 0.133 0 1 0 0 0 0
 14 95878.000 88966.000 0 0 0.000 0.000 0.000 0.140 0 1 0 0 0 0
 15 108232.000 91456.000 0 0 0.000 0.000 0.000 0.142 0 1 0 0 0 0
 16 94403.000 111175.000 0 0 0.000 0.000 0.000 0.131 0 1 0 0 0 0
 17 87612.000 98550.000 0 0 0.000 0.000 0.000 0.132 0 1 0 0 0 0
 18 94172.000 88605.000 0 0 0.000 0.000 0.000 0.138 0 1 0 0 0 0
 19 100469.000 113558.000 0 0 0.000 0.000 0.000 0.156 0 1 0 0 0 0
 20 101174.000 113960.000 0 0 0.000 0.000 0.000 0.132 0 1 0 0 0 0
 21 93924.000 87586.000 0 0 0.000 0.000 0.000 0.132 0 1 0 0 0 0
 22 85623.000 96840.000 0 0 0.000 0.000 0.000 0.204 0 1 0 0 0 0
 23 89858.000 112897.000 0 0 0.000 0.000 0.000 0.146 0 1 0 0 0 0
 24 83415.000 101105.000 0 0 0.000 0.000 0.000 0.145 0 1 0 0 0 0
 25 95388.000 83898.000 0 0 0.000 0.000 0.000 0.148 0 1 0 0 0 0
 26 101186.000 82968.000 0 0 0.000 0.000 0.000 0.138 0 1 0 0 0 0
 27 102259.000 117797.000 0 0 0.000 0.000 0.000 0.162 0 1 0 0 0 0
 28 92630.000 116742.000 0 0 0.000 0.000 0.000 0.135 0 1 0 0 0 0
 29 110013.000 84973.000 0 0 0.000 0.000 0.000 0.141 0 1 0 0 0 0
 30 81500.000 102151.000 0 0 0.000 0.000 0.000 0.132 0 1 0 0 0 0
 31 113363.000 113507.000 0 0 0.000 0.000 0.000 0.139 0 1 0 0 0 0
 32 98362.000 119158.000 0 0 0.000 0.000 0.000 0.131 0 1 0 0 0 0
 33 114550.000 87754.000 0 0 0.000 0.000 0.000 0.134 0 1 0 0 0 0
 34 119534.000 98744.000 0 0 0.000 0.000 0.000 0.151 0 1 0 0 0 0
 35 81004.000 94850.000 0 0 0.000 0.000 0.000 0.134 0 1 0 0 0 0
 36 104789.000 119481.000 0 0 0.000 0.000 0.000 0.136 0 1 0 0 0 0
 37 97460.000 80519.000 0 0 0.000 0.000 0.000 0.155 0 1 0 0 0 0
 38 116274.000 88667.000 0 0 0.000 0.000 0.000 0.152 0 1 0 0 0 0
 39 117256.000 90046.000 0 0 0.000 0.000 0.000 0.139 0 1 0 0 0 0
 40 91860.000 118654.000 0 0 0.000 0.000 0.000 0.133 0 1 0 0 0 0
 41 94171.000 80933.000 0 0 0.000 0.000 0.000 0.141 0 1 0 0 0 0
 42 111157.000 117275.000 0 0 0.000 0.000 0.000 0.146 0 1 0 0 0 0
 43 108986.000 119139.000 0 0 0.000 0.000 0.000 0.147 0 1 0 0 0 0
 44 111223.000 82234.000 0 0 0.000 0.000 0.000 0.143 0 1 0 0 0 0
 45 117772.000 88268.000 0 0 0.000 0.000 0.000 0.153 0 1 0 0 0 0
 46 107720.000 120879.000 0 0 0.000 0.000 0.000 0.134 0 1 0 0 0 0
 47 80586.000 89673.000 0 0 0.000 0.000 0.000 0.148 0 1 0 0 0 0
 48 79349.000 108714.000 0 0 0.000 0.000 0.000 0.142 0 1 0 0 0 0
 49 77135.000 104258.000 0 0 0.000 0.000 0.000 0.139 0 1 0 0 0 0
 50 85644.000 119136.000 0 0 0.000 0.000 0.000 0.142 0 1 0 0 0 0
 51 106323.000 123731.000 0 0 0.000 0.000 0.000 0.150 0 1 0 0 0 0
 52 113367.000 120890.000 0 0 0.000 0.000 0.000 0.150 0 1 0 0 0 0
 53 76345.000 91925.000 0 0 0.000 0.000 0.000 0.151 0 1 0 0 0 0
 54 121787.000 112901.000 0 0 0.000 0.000 0.000 0.131 0 1 0 0 0 0
 55 101073.000 74953.000 0 0 0.000 0.000 0.000 0.132 0 1 0 0 0 0
 56 99439.000 125653.000 0 0 0.000 0.000 0.000 0.136 0 1 0 0 0 0
 57 90433.000 123766.000 0 0 0.000 0.000 0.000 0.137 0 1 0 0 0 0
 58 125567.000 93398.000 0 0 0.000 0.000 0.000 0.142 0 1 0 0 0 0
 59 115674.000 78345.000 0 0 0.000 0.000 0.000 0.136 0 1 0 0 0 0
 60 73158.000 104616.000 0 0 0.000 0.000 0.000 0.137 0 1 0 0 0 0
 61 74124.000 90453.000 0 0 0.000 0.000 0.000 0.161 0 1 0 0 0 0
 62 81577.000 79306.000 0 0 0.000 0.000 0.000 0.150 0 1 0 0 0 0
 63 77344.000 116812.000 0 0 0.000 0.000 0.000 0.147 0 1 0 0 0 0
 64 114470.000 76006.000 0 0 0.000 0.000 0.000 0.153 0 1 0 0 0 0
 65 80872.000 121422.000 0 0 0.000 0.000 0.000 0.161 0 1 0 0 0 0
 66 81279.000 78365.000 0 0 0.000 0.000 0.000 0.135 0 1 0 0 0 0
 67 71609.000 107396.000 0 0 0.000 0.000 0.000 0.139 0 1 0 0 0 0
 68 128165.000 108047.000 0 0 0.000 0.000 0.000 0.137 0 1 0 0 0 0
 69 106195.000 128792.000 0 0 0.000 0.000 0.000 0.149 0 1 0 0 0 0
 70 81578.000 123308.000 0 0 0.000 0.000 0.000 0.132 0 1 0 0 0 0
 71 104748.000 69572.000 0 0 0.000 0.000 0.000 0.134 0 1 0 0 0 0
 72 68821.000 98142.000 0 0 0.000 0.000 0.000 0.154 0 1 0 0 0 0
 73 69623.000 92572.000 0 0 0.000 0.000 0.000 0.132 0 1 0 0 0 0
 74 86147.000 71318.000 0 0 0.000 0.000 0.000 0.143 0 1 0 0 0 0
 75 67190.000 102911.000 0 0 0.000 0.000 0.000 0.131 0 1 0 0 0 0
 76 129914.000 114217.000 0 0 0.000 0.000 0.000 0.137 0 1 0 0 0 0
 77 79412.000 126381.000 0 0 0.000 0.000 0.000 0.142 0 1 0 0 0 0
 78 89836.000 132413.000 0 0 0.000 0.000 0.000 0.146 0 1 0 0 0 0
 79 131635.000 112465.000 0 0 0.000 0.000 0.000 0.145 0 1 0 0 0 0
 80 83247.000 130157.000 0 0 0.000 0.000 0.000 0.156 0 1 0 0 0 0
 81 124448.000 124307.000 0 0 0.000 0.000 0.000 0.150 0 1 0 0 0 0
 82 87380.000 68190.000 0 0 0.000 0.000 0.000 0.131 0 1 0 0 0 0
 83 136331.000 98414.000 0 0 0.000 0.000 0.000 0.159 0 1 0 0 0 0
 84 133379.000 85127.000 0 0 0.000 0.000 0.000 0.130 0 1 0 0 0 0
 85 136543.000 102994.000 0 0 0.000 0.000 0.000 0.169 0 1 0 0 0 0
 86 135402.000 89275.000 0 0 0.000 0.000 0.000 0.135 0 1 0 0 0 0
 87 66124.000 84584.000 0 0 0.000 0.000 0.000 0.145 0 1 0 0 0 0
 88 102607.000 62940.000 0 0 0.000 0.000 0.000 0.140 0 1 0 0 0 0
 89 75469.000 71652.000 0 0 0.000 0.000 0.000 0.140 0 1 0 0 0 0
 90 98549.000 62621.000 0 0 0.000 0.000 0.000 0.149 0 1 0 0 0 0
 91 85293.000 135160.000 0 0 0.000 0.000 0.000 0.138 0 1 0 0 0 0
 92 133950.000 83184.000 0 0 0.000 0.000 0.000 0.140 0 1 0 0 0 0
 93 133784.000 82040.000 0 0 0.000 0.000 0.000 0.137 0 1 0 0 0 0
 94 131989.000 122324.000 0 0 0.000 0.000 0.000 0.153 0 1 0 0 0 0
 95 62063.000 111154.000 0 0 0.000 0.000 0.000 0.137 0 1 0 0 0 0
 96 132358.000 123215.000 0 0 0.000 0.000 0.000 0.145 0 1 0 0 0 0
 97 131092.000 124807.000 0 0 0.000 0.000 0.000 0.137 0 1 0 0 0 0
 98 88376.000 62050.000 0 0 0.000 0.000 0.000 0.138 0 1 0 0 0 0
 99 62481.000 114799.000 0 0 0.000 0.000 0.000 0.142 0 1 0 0 0 0
 100 96967.000 59436.000 0 0 0.000 0.000 0.000 0.145 0 1 0 0 0 0
 101 108158.000 59974.000 0 0 0.000 0.000 0.000 0.141 0 1 0 0 0 0
 102 80343.000 136692.000 0 0 0.000 0.000 0.000 0.140 0 1 0 0 0 0
 103 138973.000 85761.000 0 0 0.000 0.000 0.000 0.138 0 1 0 0 0 0
 104 86626.000 60374.000 0 0 0.000 0.000 0.000 0.145 0 1 0 0 0 0
 105 141343.000 92921.000 0 0 0.000 0.000 0.000 0.130 0 1 0 0 0 0
 106 57575.000 92639.000 0 0 0.000 0.000 0.000 0.147 0 1 0 0 0 0
 107 92114.000 57691.000 0 0 0.000 0.000 0.000 0.140 0 1 0 0 0 0
 108 143281.000 92473.000 0 0 0.000 0.000 0.000 0.135 0 1 0 0 0 0
 109 63056.000 124817.000 0 0 0.000 0.000 0.000 0.136 0 1 0 0 0 0
 110 99628.000 55737.000 0 0 0.000 0.000 0.000 0.132 0 1 0 0 0 0
 111 72287.000 65241.000 0 0 0.000 0.000 0.000 0.154 0 1 0 0 0 0
 112 59153.000 119271.000 0 0 0.000 0.000 0.000 0.150 0 1 0 0 0 0
 113 144660.000 105694.000 0 0 0.000 0.000 0.000 0.138 0 1 0 0 0 0
 114 126177.000 63497.000 0 0 0.000 0.000 0.000 0.132 0 1 0 0 0 0
 115 53927.000 102991.000 0 0 0.000 0.000 0.000 0.138 0 1 0 0 0 0
 116 113673.000 56300.000 0 0 0.000 0.000 0.000 0.136 0 1 0 0 0 0
 117 131909.000 66649.000 0 0 0.000 0.000 0.000 0.149 0 1 0 0 0 0
 118 94936.000 53804.000 0 0 0.000 0.000 0.000 0.145 0 1 0 0 0 0
 119 120768.000 58027.000 0 0 0.000 0.000 0.000 0.152 0 1 0 0 0 0
 120 146041.000 109934.000 0 0 0.000 0.000 0.000 0.155 0 1 0 0 0 0
 121 76705.000 141372.000 0 0 0.000 0.000 0.000 0.143 0 1 0 0 0 0
 122 64444.000 68958.000 0 0 0.000 0.000 0.000 0.141 0 1 0 0 0 0
 123 58864.000 76636.000 0 0 0.000 0.000 0.000 0.135 0 1 0 0 0 0
 124 55790.000 117705.000 0 0 0.000 0.000 0.000 0.133 0 1 0 0 0 0
 125 101429.000 148039.000 0 0 0.000 0.000 0.000 0.133 0 1 0 0 0 0
 126 55696.000 118458.000 0 0 0.000 0.000 0.000 0.133 0 1 0 0 0 0
 127 73192.000 59824.000 0 0 0.000 0.000 0.000 0.147 0 1 0 0 0 0
 128 146216.000 114444.000 0 0 0.000 0.000 0.000 0.131 0 1 0 0 0 0
 129 137312.000 69220.000 0 0 0.000 0.000 0.000 0.147 0 1 0 0 0 0
 130 55750.000 79711.000 0 0 0.000 0.000 0.000 0.134 0 1 0 0 0 0
 131 100792.000 50868.000 0 0 0.000 0.000 0.000 0.133 0 1 0 0 0 0
 132 104671.000 50910.000 0 0 0.000 0.000 0.000 0.135 0 1 0 0 0 0
 133 142534.000 75184.000 0 0 0.000 0.000 0.000 0.133 0 1 0 0 0 0
 134 128846.000 59758.000 0 0 0.000 0.000 0.000 0.144 0 1 0 0 0 0
 135 108938.000 149275.000 0 0 0.000 0.000 0.000 0.130 0 1 0 0 0 0
 136 60511.000 131314.000 0 0 0.000 0.000 0.000 0.130 0 1 0 0 0 0
 137 51210.000 87048.000 0 0 0.000 0.000 0.000 0.139 0 1 0 0 0 0
 138 148050.000 115882.000 0 0 0.000 0.000 0.000 0.148 0 1 0 0 0 0
 139 48884.000 102522.000 0 0 0.000 0.000 0.000 0.147 0 1 0 0 0 0
 140 88054.000 150276.000 0 0 0.000 0.000 0.000 0.141 0 1 0 0 0 0
 141 137417.000 64770.000 0 0 0.000 0.000 0.000 0.140 0 1 0 0 0 0
 142 114189.000 50256.000 0 0 0.000 0.000 0.000 0.140 0 1 0 0 0 0
 143 132745.000 140653.000 0 0 0.000 0.000 0.000 0.136 0 1 0 0 0 0
 144 71799.000 55975.000 0 0 0.000 0.000 0.000 0.168 0 1 0 0 0 0
 145 123928.000 147073.000 0 0 0.000 0.000 0.000 0.131 0 1 0 0 0 0
 146 148281.000 121184.000 0 0 0.000 0.000 0.000 0.150 0 1 0 0 0 0
 147 131900.000 57715.000 0 0 0.000 0.000 0.000 0.133 0 1 0 0 0 0
 148 69318.000 144144.000 0 0 0.000 0.000 0.000 0.155 0 1 0 0 0 0
 149 48441.000 114953.000 0 0 0.000 0.000 0.000 0.141 0 1 0 0 0 0
 150 54688.000 71769.000 0 0 0.000 0.000 0.000 0.150 0 1 0 0 0 0
 151 139203.000 63246.000 0 0 0.000 0.000 0.000 0.140 0 1 0 0 0 0
 152 143388.000 132160.000 0 0 0.000 0.000 0.000 0.135 0 1 0 0 0 0
 153 66209.000 142337.000 0 0 0.000 0.000 0.000 0.135 0 1 0 0 0 0
 154 118123.000 49199.000 0 0 0.000 0.000 0.000 0.136 0 1 0 0 0 0
 155 44961.000 98581.000 0 0 0.000 0.000 0.000 0.142 0 1 0 0 0 0
 156 44263.000 102477.000 0 0 0.000 0.000 0.000 0.137 0 1 0 0 0 0
 157 149060.000 73723.000 0 0 0.000 0.000 0.000 0.136 0 1 0 0 0 0
 158 153084.000 81042.000 0 0 0.000 0.000 0.000 0.140 0 1 0 0 0 0
 159 67415.000 53894.000 0 0 0.000 0.000 0.000 0.144 0 1 0 0 0 0
 160 67531.000 146964.000 0 0 0.000 0.000 0.000 0.140 0 1 0 0 0 0
 161 109398.000 156481.000 0 0 0.000 0.000 0.000 0.146 0 1 0 0 0 0
 162 123802.000 152503.000 0 0 0.000 0.000 0.000 0.154 0 1 0 0 0 0
 163 148705.000 68786.000 0 0 0.000 0.000 0.000 0.130 0 1 0 0 0 0
 164 153887.000 121389.000 0 0 0.000 0.000 0.000 0.132 0 1 0 0 0 0
 165 129442.000 150708.000 0 0 0.000 0.000 0.000 0.130 0 1 0 0 0 0
 166 65499.000 52773.000 0 0 0.000 0.000 0.000 0.137 0 1 0 0 0 0
 167 158672.000 101019.000 0 0 0.000 0.000 0.000 0.132 0 1 0 0 0 0
 168 86636.000 42572.000 0 0 0.000 0.000 0.000 0.149 0 1 0 0 0 0
 169 129048.000 48350.000 0 0 0.000 0.000 0.000 0.130 0 1 0 0 0 0
 170 55656.000 60260.000 0 0 0.000 0.000 0.000 0.131 0 1 0 0 0 0
 171 50837.000 66087.000 0 0 0.000 0.000 0.000 0.139 0 1 0 0 0 0
 172 57928.000 57677.000 0 0 0.000 0.000 0.000 0.146 0 1 0 0 0 0
 173 131528.000 49339.000 0 0 0.000 0.000 0.000 0.135 0 1 0 0 0 0
 174 61380.000 146115.000 0 0 0.000 0.000 0.000 0.133 0 1 0 0 0 0
 175 160062.000 91129.000 0 0 0.000 0.000 0.000 0.140 0 1 0 0 0 0
 176 160596.000 102714.000 0 0 0.000 0.000 0.000 0.136 0 1 0 0 0 0
 177 64283.000 149482.000 0 0 0.000 0.000 0.000 0.133 0 1 0 0 0 0
 178 89953.000 40163.000 0 0 0.000 0.000 0.000 0.138 0 1 0 0 0 0
 179 57109.000 143617.000 0 0 0.000 0.000 0.000 0.136 0 1 0 0 0 0
 180 148152.000 62218.000 0 0 0.000 0.000 0.000 0.132 0 1 0 0 0 0
 181 120379.000 41868.000 0 0 0.000 0.000 0.000 0.148 0 1 0 0 0 0
 182 136353.000 49794.000 0 0 0.000 0.000 0.000 0.148 0 1 0 0 0 0
 183 146834.000 141381.000 0 0 0.000 0.000 0.000 0.131 0 1 0 0 0 0
 184 75469.000 157729.000 0 0 0.000 0.000 0.000 0.139 0 1 0 0 0 0
 185 145417.000 55910.000 0 0 0.000 0.000 0.000 0.152 0 1 0 0 0 0
 186 102018.000 164646.000 0 0 0.000 0.000 0.000 0.138 0 1 0 0 0 0
 187 160085.000 75955.000 0 0 0.000 0.000 0.000 0.137 0 1 0 0 0 0
 188 37322.000 80073.000 0 0 0.000 0.000 0.000 0.152 0 1 0 0 0 0
 189 32571.000 94069.000 0 0 0.000 0.000 0.000 0.143 0 1 0 0 0 0
 190 153096.000 58483.000 0 0 0.000 0.000 0.000 0.132 0 1 0 0 0 0
 191 149854.000 146419.000 0 0 0.000 0.000 0.000 0.140 0 1 0 0 0 0
 192 131012.000 161820.000 0 0 0.000 0.000 0.000 0.143 0 1 0 0 0 0
 193 33643.000 80619.000 0 0 0.000 0.000 0.000 0.137 0 1 0 0 0 0
 194 90189.000 31552.000 0 0 0.000 0.000 0.000 0.130 0 1 0 0 0 0
 195 86426.000 169051.000 0 0 0.000 0.000 0.000 0.131 0 1 0 0 0 0
 196 68452.000 37482.000 0 0 0.000 0.000 0.000 0.135 0 1 0 0 0 0
 197 157928.000 60555.000 0 0 0.000 0.000 0.000 0.131 0 1 0 0 0 0
 198 169769.000 88755.000 0 0 0.000 0.000 0.000 0.143 0 1 0 0 0 0
 199 113078.000 170049.000 0 0 0.000 0.000 0.000 0.141 0 1 0 0 0 0
 200 134992.000 37600.000 0 0 0.000 0.000 0.000 0.133 0 1 0 0 0 0
 201 39928.000 139721.000 0 0 0.000 0.000 0.000 0.130 0 1 0 0 0 0
 202 132837.000 164303.000 0 0 0.000 0.000 0.000 0.138 0 1 0 0 0 0
 203 172516.000 99138.000 0 0 0.000 0.000 0.000 0.132 0 1 0 0 0 0
 204 103016.000 173069.000 0 0 0.000 0.000 0.000 0.132 0 1 0 0 0 0
 205 116661.000 28055.000 0 0 0.000 0.000 0.000 0.138 0 1 0 0 0 0
 206 123478.000 27678.000 0 0 0.000 0.000 0.000 200000.000 0 1 0 200 0 0
 207 38608.000 146534.000 0 0 0.000 0.000 0.000 0.133 0 1 0 0 0 0
 208 123419.000 27669.000 0 0 0.000 0.000 0.000 200000.000 0 1 0 200 0 0
 209 176892.000 105113.000 0 0 0.000 0.000 0.000 0.134 0 1 0 0 0 0
 210 163678.000 144692.000 0 0 0.000 0.000 0.000 0.130 0 1 0 0 0 0
 211 29792.000 62240.000 0 0 0.000 0.000 0.000 0.134 0 1 0 0 0 0
 212 30571.000 139637.000 0 0 0.000 0.000 0.000 0.154 0 1 0 0 0 0
 213 180279.000 110353.000 0 0 0.000 0.000 0.000 0.130 0 1 0 0 0 0
 214 170719.000 139546.000 0 0 0.000 0.000 0.000 0.131 0 1 0 0 0 0
 215 177482.000 131707.000 0 0 0.000 0.000 0.000 0.135 0 1 0 0 0 0
 216 181431.000 122570.000 0 0 0.000 0.000 0.000 0.135 0 1 0 0 0 0
 217 189160.000 122199.000 0 0 0.000 0.000 0.000 0.247 0 1 0 0 0 0
 218 174769.000 155586.000 0 0 0.000 0.000 0.000 0.218 0 1 0 0 0 0
 219 193719.000 112301.000 0 0 0.000 0.000 0.000 0.242 0 1 0 0 0 0
 220 179369.000 151957.000 0 0 0.000 0.000 0.000 0.280 0 1 0 0 0 0
 221 179297.000 151969.000 0 0 0.000 0.000 0.000 200000.000 0 1 0 200 0 0
 222 194503.000 108661.000 0 0 0.000 0.000 0.000 0.476 0 1 0 0 0 0
 223 194433.000 108710.000 0 0 0.000 0.000 0.000 200000.000 0 1 0 200 0 0;
ProcessEquipmentIDList 1
  "6632" ;
SummarySpec 5
  TESTNO    NDEFECT    DEFDENSITY    NDIE    NDEFDIE  ;
SummaryList 
  1    223    0.8153    1    1  ;
EndOfFile;
