FileVersion 1 2;
FileTimestamp 01-07-26 19:58:31;
InspectionStationID "KLA-Tencor" "SFSSP1" "0901-0728-TBI";
SampleType WAFER;
ResultTimestamp 01-07-26 19:45:33;
LotID "2580";
SampleSize 1 200;
DeviceID "None";
SetupID "T2-2580NR" 01-07-26 19:45:33;
StepID "6545";
SampleOrientationMarkType NOTCH;
OrientationMarkLocation DOWN;
DiePitch 200000 200000;
DieOrigin 0 0;
WaferID "22";
Slot 22;
SampleCenterLocation 100000 100000;
ClassLookup 1
  0 "0"  ;
OrientationInstructions "Front";
CoordinatesMirrored No;
InspectionTest 1;
SampleTestPlan 1
  0 0 ;
AreaPerTest 2.73519e+010;
DefectRecordSpec 15 DEFECTID XREL YREL XINDEX YINDEX XSIZE YSIZE DEFECTAREA DSIZE CLASSNUMBER TEST CLUSTERNUMBER ROUGHBINNUMBER FINEBINNUMBER REVIEWSAMPLE ;
DefectList
 1 100799.000 96644.000 0 0 0.000 0.000 0.000 0.133 0 1 0 0 0 0
 2 99417.000 104859.000 0 0 0.000 0.000 0.000 0.131 0 1 0 0 0 0
 3 104930.000 99976.000 0 0 0.000 0.000 0.000 0.137 0 1 0 0 0 0
 4 97274.000 105260.000 0 0 0.000 0.000 0.000 0.149 0 1 0 0 0 0
 5 104237.000 96086.000 0 0 0.000 0.000 0.000 0.135 0 1 0 0 0 0
 6 94013.000 100738.000 0 0 0.000 0.000 0.000 0.171 0 1 0 0 0 0
 7 106665.000 100107.000 0 0 0.000 0.000 0.000 0.140 0 1 0 0 0 0
 8 96899.000 93416.000 0 0 0.000 0.000 0.000 0.135 0 1 0 0 0 0
 9 105750.000 105424.000 0 0 0.000 0.000 0.000 0.137 0 1 0 0 0 0
 10 105454.000 106117.000 0 0 0.000 0.000 0.000 0.138 0 1 0 0 0 0
 11 92379.000 103453.000 0 0 0.000 0.000 0.000 0.133 0 1 0 0 0 0
 12 92510.000 95251.000 0 0 0.000 0.000 0.000 0.146 0 1 0 0 0 0
 13 91113.000 97347.000 0 0 0.000 0.000 0.000 0.134 0 1 0 0 0 0
 14 95525.000 110151.000 0 0 0.000 0.000 0.000 0.135 0 1 0 0 0 0
 15 110937.000 100417.000 0 0 0.000 0.000 0.000 0.133 0 1 0 0 0 0
 16 88999.000 100445.000 0 0 0.000 0.000 0.000 0.143 0 1 0 0 0 0
 17 105218.000 90317.000 0 0 0.000 0.000 0.000 0.156 0 1 0 0 0 0
 18 87551.000 99093.000 0 0 0.000 0.000 0.000 0.137 0 1 0 0 0 0
 19 96710.000 113245.000 0 0 0.000 0.000 0.000 0.138 0 1 0 0 0 0
 20 111095.000 107884.000 0 0 0.000 0.000 0.000 0.130 0 1 0 0 0 0
 21 101241.000 85947.000 0 0 0.000 0.000 0.000 0.156 0 1 0 0 0 0
 22 101319.000 84942.000 0 0 0.000 0.000 0.000 0.149 0 1 0 0 0 0
 23 85759.000 93789.000 0 0 0.000 0.000 0.000 0.132 0 1 0 0 0 0
 24 115790.000 98036.000 0 0 0.000 0.000 0.000 0.139 0 1 0 0 0 0
 25 97705.000 116206.000 0 0 0.000 0.000 0.000 0.147 0 1 0 0 0 0
 26 115268.000 95089.000 0 0 0.000 0.000 0.000 0.140 0 1 0 0 0 0
 27 83657.000 103113.000 0 0 0.000 0.000 0.000 0.136 0 1 0 0 0 0
 28 110649.000 87101.000 0 0 0.000 0.000 0.000 0.132 0 1 0 0 0 0
 29 82337.000 102174.000 0 0 0.000 0.000 0.000 0.136 0 1 0 0 0 0
 30 92429.000 84298.000 0 0 0.000 0.000 0.000 0.135 0 1 0 0 0 0
 31 105332.000 117141.000 0 0 0.000 0.000 0.000 0.131 0 1 0 0 0 0
 32 100832.000 118000.000 0 0 0.000 0.000 0.000 0.140 0 1 0 0 0 0
 33 102930.000 82411.000 0 0 0.000 0.000 0.000 0.137 0 1 0 0 0 0
 34 108485.000 84127.000 0 0 0.000 0.000 0.000 0.139 0 1 0 0 0 0
 35 81932.000 105722.000 0 0 0.000 0.000 0.000 0.144 0 1 0 0 0 0
 36 119744.000 100715.000 0 0 0.000 0.000 0.000 0.140 0 1 0 0 0 0
 37 117474.000 90265.000 0 0 0.000 0.000 0.000 0.139 0 1 0 0 0 0
 38 101682.000 120256.000 0 0 0.000 0.000 0.000 0.132 0 1 0 0 0 0
 39 97320.000 120516.000 0 0 0.000 0.000 0.000 0.142 0 1 0 0 0 0
 40 89885.000 81040.000 0 0 0.000 0.000 0.000 0.136 0 1 0 0 0 0
 41 96456.000 78779.000 0 0 0.000 0.000 0.000 0.141 0 1 0 0 0 0
 42 117255.000 87036.000 0 0 0.000 0.000 0.000 0.162 0 1 0 0 0 0
 43 120933.000 93670.000 0 0 0.000 0.000 0.000 0.141 0 1 0 0 0 0
 44 118940.000 112005.000 0 0 0.000 0.000 0.000 0.151 0 1 0 0 0 0
 45 88247.000 120207.000 0 0 0.000 0.000 0.000 0.150 0 1 0 0 0 0
 46 121895.000 108206.000 0 0 0.000 0.000 0.000 0.134 0 1 0 0 0 0
 47 77904.000 107809.000 0 0 0.000 0.000 0.000 0.171 0 1 0 0 0 0
 48 84753.000 118565.000 0 0 0.000 0.000 0.000 0.143 0 1 0 0 0 0
 49 85749.000 81010.000 0 0 0.000 0.000 0.000 0.143 0 1 0 0 0 0
 50 85308.000 80870.000 0 0 0.000 0.000 0.000 0.130 0 1 0 0 0 0
 51 109075.000 77636.000 0 0 0.000 0.000 0.000 0.140 0 1 0 0 0 0
 52 112521.000 79350.000 0 0 0.000 0.000 0.000 0.134 0 1 0 0 0 0
 53 117419.000 83357.000 0 0 0.000 0.000 0.000 0.147 0 1 0 0 0 0
 54 123501.000 94075.000 0 0 0.000 0.000 0.000 0.147 0 1 0 0 0 0
 55 77027.000 88287.000 0 0 0.000 0.000 0.000 0.137 0 1 0 0 0 0
 56 83366.000 80411.000 0 0 0.000 0.000 0.000 0.140 0 1 0 0 0 0
 57 125014.000 106458.000 0 0 0.000 0.000 0.000 0.144 0 1 0 0 0 0
 58 110334.000 123978.000 0 0 0.000 0.000 0.000 0.148 0 1 0 0 0 0
 59 90246.000 124816.000 0 0 0.000 0.000 0.000 0.146 0 1 0 0 0 0
 60 77960.000 85482.000 0 0 0.000 0.000 0.000 0.135 0 1 0 0 0 0
 61 125185.000 108617.000 0 0 0.000 0.000 0.000 0.159 0 1 0 0 0 0
 62 91984.000 74864.000 0 0 0.000 0.000 0.000 0.130 0 1 0 0 0 0
 63 124587.000 110632.000 0 0 0.000 0.000 0.000 0.162 0 1 0 0 0 0
 64 75027.000 90400.000 0 0 0.000 0.000 0.000 0.138 0 1 0 0 0 0
 65 91061.000 74686.000 0 0 0.000 0.000 0.000 0.130 0 1 0 0 0 0
 66 118861.000 80424.000 0 0 0.000 0.000 0.000 0.144 0 1 0 0 0 0
 67 127257.000 102989.000 0 0 0.000 0.000 0.000 0.152 0 1 0 0 0 0
 68 121219.000 117428.000 0 0 0.000 0.000 0.000 0.145 0 1 0 0 0 0
 69 79989.000 81132.000 0 0 0.000 0.000 0.000 0.130 0 1 0 0 0 0
 70 111757.000 125888.000 0 0 0.000 0.000 0.000 0.142 0 1 0 0 0 0
 71 111361.000 126304.000 0 0 0.000 0.000 0.000 0.136 0 1 0 0 0 0
 72 82404.000 122644.000 0 0 0.000 0.000 0.000 0.135 0 1 0 0 0 0
 73 71480.000 100833.000 0 0 0.000 0.000 0.000 0.147 0 1 0 0 0 0
 74 113370.000 74984.000 0 0 0.000 0.000 0.000 0.133 0 1 0 0 0 0
 75 125803.000 87548.000 0 0 0.000 0.000 0.000 0.139 0 1 0 0 0 0
 76 103317.000 129788.000 0 0 0.000 0.000 0.000 0.135 0 1 0 0 0 0
 77 73371.000 86769.000 0 0 0.000 0.000 0.000 0.158 0 1 0 0 0 0
 78 98998.000 70422.000 0 0 0.000 0.000 0.000 0.167 0 1 0 0 0 0
 79 92890.000 70696.000 0 0 0.000 0.000 0.000 0.141 0 1 0 0 0 0
 80 110970.000 71775.000 0 0 0.000 0.000 0.000 0.142 0 1 0 0 0 0
 81 69169.000 102705.000 0 0 0.000 0.000 0.000 0.134 0 1 0 0 0 0
 82 105333.000 69619.000 0 0 0.000 0.000 0.000 0.135 0 1 0 0 0 0
 83 121069.000 77391.000 0 0 0.000 0.000 0.000 0.142 0 1 0 0 0 0
 84 76355.000 79743.000 0 0 0.000 0.000 0.000 0.136 0 1 0 0 0 0
 85 87589.000 71534.000 0 0 0.000 0.000 0.000 0.140 0 1 0 0 0 0
 86 68687.000 103668.000 0 0 0.000 0.000 0.000 0.136 0 1 0 0 0 0
 87 100321.000 68582.000 0 0 0.000 0.000 0.000 0.160 0 1 0 0 0 0
 88 116677.000 73141.000 0 0 0.000 0.000 0.000 0.135 0 1 0 0 0 0
 89 115002.000 128636.000 0 0 0.000 0.000 0.000 0.138 0 1 0 0 0 0
 90 83483.000 72500.000 0 0 0.000 0.000 0.000 0.133 0 1 0 0 0 0
 91 130778.000 90655.000 0 0 0.000 0.000 0.000 0.145 0 1 0 0 0 0
 92 84316.000 128768.000 0 0 0.000 0.000 0.000 0.130 0 1 0 0 0 0
 93 70927.000 85488.000 0 0 0.000 0.000 0.000 0.149 0 1 0 0 0 0
 94 106385.000 68263.000 0 0 0.000 0.000 0.000 0.150 0 1 0 0 0 0
 95 119318.000 73997.000 0 0 0.000 0.000 0.000 0.142 0 1 0 0 0 0
 96 130333.000 88478.000 0 0 0.000 0.000 0.000 0.130 0 1 0 0 0 0
 97 79683.000 125882.000 0 0 0.000 0.000 0.000 0.131 0 1 0 0 0 0
 98 66847.000 98438.000 0 0 0.000 0.000 0.000 0.147 0 1 0 0 0 0
 99 112390.000 131039.000 0 0 0.000 0.000 0.000 0.130 0 1 0 0 0 0
 100 67385.000 92097.000 0 0 0.000 0.000 0.000 0.149 0 1 0 0 0 0
 101 97321.000 66590.000 0 0 0.000 0.000 0.000 0.140 0 1 0 0 0 0
 102 122333.000 74676.000 0 0 0.000 0.000 0.000 0.144 0 1 0 0 0 0
 103 121077.000 127517.000 0 0 0.000 0.000 0.000 0.132 0 1 0 0 0 0
 104 100730.000 65566.000 0 0 0.000 0.000 0.000 0.136 0 1 0 0 0 0
 105 75978.000 125567.000 0 0 0.000 0.000 0.000 0.135 0 1 0 0 0 0
 106 64939.000 94260.000 0 0 0.000 0.000 0.000 0.134 0 1 0 0 0 0
 107 64332.000 103069.000 0 0 0.000 0.000 0.000 0.152 0 1 0 0 0 0
 108 99294.000 63808.000 0 0 0.000 0.000 0.000 0.133 0 1 0 0 0 0
 109 117376.000 132587.000 0 0 0.000 0.000 0.000 200000.000 0 1 0 200 0 0
 110 88399.000 65546.000 0 0 0.000 0.000 0.000 0.142 0 1 0 0 0 0
 111 92049.000 64658.000 0 0 0.000 0.000 0.000 0.162 0 1 0 0 0 0
 112 117362.000 132455.000 0 0 0.000 0.000 0.000 200000.000 0 1 0 200 0 0
 113 113746.000 134062.000 0 0 0.000 0.000 0.000 0.130 0 1 0 0 0 0
 114 74926.000 126981.000 0 0 0.000 0.000 0.000 0.146 0 1 0 0 0 0
 115 136602.000 97385.000 0 0 0.000 0.000 0.000 0.130 0 1 0 0 0 0
 116 92719.000 136521.000 0 0 0.000 0.000 0.000 0.142 0 1 0 0 0 0
 117 108691.000 136797.000 0 0 0.000 0.000 0.000 0.135 0 1 0 0 0 0
 118 123254.000 69447.000 0 0 0.000 0.000 0.000 0.135 0 1 0 0 0 0
 119 130269.000 76120.000 0 0 0.000 0.000 0.000 0.144 0 1 0 0 0 0
 120 98182.000 139050.000 0 0 0.000 0.000 0.000 0.159 0 1 0 0 0 0
 121 105034.000 61061.000 0 0 0.000 0.000 0.000 0.133 0 1 0 0 0 0
 122 99121.000 139664.000 0 0 0.000 0.000 0.000 0.210 0 1 0 0 0 0
 123 80641.000 135407.000 0 0 0.000 0.000 0.000 0.150 0 1 0 0 0 0
 124 130440.000 126799.000 0 0 0.000 0.000 0.000 0.131 0 1 0 0 0 0
 125 118565.000 137237.000 0 0 0.000 0.000 0.000 0.149 0 1 0 0 0 0
 126 69130.000 128180.000 0 0 0.000 0.000 0.000 0.139 0 1 0 0 0 0
 127 130773.000 72359.000 0 0 0.000 0.000 0.000 0.152 0 1 0 0 0 0
 128 90248.000 141240.000 0 0 0.000 0.000 0.000 0.141 0 1 0 0 0 0
 129 127774.000 68582.000 0 0 0.000 0.000 0.000 0.135 0 1 0 0 0 0
 130 62391.000 80866.000 0 0 0.000 0.000 0.000 0.131 0 1 0 0 0 0
 131 85783.000 60428.000 0 0 0.000 0.000 0.000 0.147 0 1 0 0 0 0
 132 122311.000 63956.000 0 0 0.000 0.000 0.000 0.132 0 1 0 0 0 0
 133 141903.000 108419.000 0 0 0.000 0.000 0.000 0.135 0 1 0 0 0 0
 134 60499.000 116825.000 0 0 0.000 0.000 0.000 0.130 0 1 0 0 0 0
 135 67215.000 128390.000 0 0 0.000 0.000 0.000 0.141 0 1 0 0 0 0
 136 122781.000 137301.000 0 0 0.000 0.000 0.000 0.135 0 1 0 0 0 0
 137 96262.000 143693.000 0 0 0.000 0.000 0.000 0.140 0 1 0 0 0 0
 138 56840.000 106740.000 0 0 0.000 0.000 0.000 0.130 0 1 0 0 0 0
 139 75468.000 64070.000 0 0 0.000 0.000 0.000 0.136 0 1 0 0 0 0
 140 141323.000 86113.000 0 0 0.000 0.000 0.000 0.135 0 1 0 0 0 0
 141 64972.000 127133.000 0 0 0.000 0.000 0.000 0.150 0 1 0 0 0 0
 142 58578.000 115663.000 0 0 0.000 0.000 0.000 0.133 0 1 0 0 0 0
 143 122717.000 62207.000 0 0 0.000 0.000 0.000 0.139 0 1 0 0 0 0
 144 99432.000 55541.000 0 0 0.000 0.000 0.000 0.132 0 1 0 0 0 0
 145 128480.000 134879.000 0 0 0.000 0.000 0.000 0.133 0 1 0 0 0 0
 146 75661.000 138020.000 0 0 0.000 0.000 0.000 0.143 0 1 0 0 0 0
 147 66439.000 130198.000 0 0 0.000 0.000 0.000 0.135 0 1 0 0 0 0
 148 117199.000 141970.000 0 0 0.000 0.000 0.000 0.155 0 1 0 0 0 0
 149 134333.000 129667.000 0 0 0.000 0.000 0.000 0.136 0 1 0 0 0 0
 150 65623.000 130235.000 0 0 0.000 0.000 0.000 0.132 0 1 0 0 0 0
 151 55532.000 89763.000 0 0 0.000 0.000 0.000 0.139 0 1 0 0 0 0
 152 146040.000 100407.000 0 0 0.000 0.000 0.000 0.145 0 1 0 0 0 0
 153 98150.000 54058.000 0 0 0.000 0.000 0.000 0.136 0 1 0 0 0 0
 154 99187.000 146506.000 0 0 0.000 0.000 0.000 0.142 0 1 0 0 0 0
 155 86231.000 55979.000 0 0 0.000 0.000 0.000 0.132 0 1 0 0 0 0
 156 68094.000 65957.000 0 0 0.000 0.000 0.000 0.130 0 1 0 0 0 0
 157 89291.000 146060.000 0 0 0.000 0.000 0.000 0.133 0 1 0 0 0 0
 158 146335.000 109699.000 0 0 0.000 0.000 0.000 0.158 0 1 0 0 0 0
 159 58053.000 122435.000 0 0 0.000 0.000 0.000 0.131 0 1 0 0 0 0
 160 124710.000 59514.000 0 0 0.000 0.000 0.000 0.133 0 1 0 0 0 0
 161 138400.000 72283.000 0 0 0.000 0.000 0.000 0.167 0 1 0 0 0 0
 162 140993.000 124491.000 0 0 0.000 0.000 0.000 0.170 0 1 0 0 0 0
 163 131899.000 135608.000 0 0 0.000 0.000 0.000 0.155 0 1 0 0 0 0
 164 60010.000 126219.000 0 0 0.000 0.000 0.000 0.132 0 1 0 0 0 0
 165 145818.000 87127.000 0 0 0.000 0.000 0.000 0.151 0 1 0 0 0 0
 166 142786.000 78721.000 0 0 0.000 0.000 0.000 0.145 0 1 0 0 0 0
 167 68183.000 136416.000 0 0 0.000 0.000 0.000 0.131 0 1 0 0 0 0
 168 131945.000 63781.000 0 0 0.000 0.000 0.000 0.132 0 1 0 0 0 0
 169 70639.000 138894.000 0 0 0.000 0.000 0.000 0.144 0 1 0 0 0 0
 170 73379.000 141103.000 0 0 0.000 0.000 0.000 0.136 0 1 0 0 0 0
 171 52439.000 89199.000 0 0 0.000 0.000 0.000 0.162 0 1 0 0 0 0
 172 67263.000 136650.000 0 0 0.000 0.000 0.000 0.133 0 1 0 0 0 0
 173 53164.000 84839.000 0 0 0.000 0.000 0.000 0.135 0 1 0 0 0 0
 174 68980.000 61612.000 0 0 0.000 0.000 0.000 0.134 0 1 0 0 0 0
 175 55037.000 78713.000 0 0 0.000 0.000 0.000 0.138 0 1 0 0 0 0
 176 69089.000 60963.000 0 0 0.000 0.000 0.000 0.164 0 1 0 0 0 0
 177 84659.000 52402.000 0 0 0.000 0.000 0.000 0.139 0 1 0 0 0 0
 178 148665.000 87350.000 0 0 0.000 0.000 0.000 0.145 0 1 0 0 0 0
 179 149452.000 90519.000 0 0 0.000 0.000 0.000 0.159 0 1 0 0 0 0
 180 49325.000 100744.000 0 0 0.000 0.000 0.000 0.135 0 1 0 0 0 0
 181 87254.000 51192.000 0 0 0.000 0.000 0.000 0.135 0 1 0 0 0 0
 182 126398.000 143592.000 0 0 0.000 0.000 0.000 0.131 0 1 0 0 0 0
 183 113950.000 149052.000 0 0 0.000 0.000 0.000 0.141 0 1 0 0 0 0
 184 150040.000 88870.000 0 0 0.000 0.000 0.000 0.130 0 1 0 0 0 0
 185 74587.000 55411.000 0 0 0.000 0.000 0.000 0.131 0 1 0 0 0 0
 186 69144.000 58854.000 0 0 0.000 0.000 0.000 0.136 0 1 0 0 0 0
 187 68970.000 141658.000 0 0 0.000 0.000 0.000 0.144 0 1 0 0 0 0
 188 97171.000 48384.000 0 0 0.000 0.000 0.000 0.133 0 1 0 0 0 0
 189 150236.000 86263.000 0 0 0.000 0.000 0.000 0.137 0 1 0 0 0 0
 190 51921.000 121059.000 0 0 0.000 0.000 0.000 0.142 0 1 0 0 0 0
 191 119240.000 149301.000 0 0 0.000 0.000 0.000 0.153 0 1 0 0 0 0
 192 79614.000 51028.000 0 0 0.000 0.000 0.000 0.135 0 1 0 0 0 0
 193 99693.000 153887.000 0 0 0.000 0.000 0.000 0.131 0 1 0 0 0 0
 194 61202.000 137359.000 0 0 0.000 0.000 0.000 0.139 0 1 0 0 0 0
 195 151512.000 116659.000 0 0 0.000 0.000 0.000 0.153 0 1 0 0 0 0
 196 69526.000 54310.000 0 0 0.000 0.000 0.000 0.166 0 1 0 0 0 0
 197 154796.000 106075.000 0 0 0.000 0.000 0.000 0.134 0 1 0 0 0 0
 198 51070.000 73799.000 0 0 0.000 0.000 0.000 0.135 0 1 0 0 0 0
 199 128160.000 52168.000 0 0 0.000 0.000 0.000 0.132 0 1 0 0 0 0
 200 55295.000 66519.000 0 0 0.000 0.000 0.000 0.143 0 1 0 0 0 0
 201 49045.000 76811.000 0 0 0.000 0.000 0.000 0.133 0 1 0 0 0 0
 202 51563.000 129309.000 0 0 0.000 0.000 0.000 0.148 0 1 0 0 0 0
 203 50917.000 72217.000 0 0 0.000 0.000 0.000 0.141 0 1 0 0 0 0
 204 47422.000 79391.000 0 0 0.000 0.000 0.000 0.140 0 1 0 0 0 0
 205 62365.000 57208.000 0 0 0.000 0.000 0.000 0.142 0 1 0 0 0 0
 206 43244.000 92047.000 0 0 0.000 0.000 0.000 0.130 0 1 0 0 0 0
 207 82371.000 45667.000 0 0 0.000 0.000 0.000 0.133 0 1 0 0 0 0
 208 87993.000 44181.000 0 0 0.000 0.000 0.000 0.133 0 1 0 0 0 0
 209 91478.000 157066.000 0 0 0.000 0.000 0.000 0.141 0 1 0 0 0 0
 210 42589.000 97007.000 0 0 0.000 0.000 0.000 0.131 0 1 0 0 0 0
 211 67230.000 52945.000 0 0 0.000 0.000 0.000 0.132 0 1 0 0 0 0
 212 155451.000 117840.000 0 0 0.000 0.000 0.000 0.135 0 1 0 0 0 0
 213 91187.000 42569.000 0 0 0.000 0.000 0.000 0.130 0 1 0 0 0 0
 214 47131.000 75277.000 0 0 0.000 0.000 0.000 0.141 0 1 0 0 0 0
 215 95920.000 159171.000 0 0 0.000 0.000 0.000 0.132 0 1 0 0 0 0
 216 117954.000 43582.000 0 0 0.000 0.000 0.000 200000.000 0 1 0 200 0 0
 217 122708.000 45454.000 0 0 0.000 0.000 0.000 0.131 0 1 0 0 0 0
 218 56703.000 59364.000 0 0 0.000 0.000 0.000 0.134 0 1 0 0 0 0
 219 90623.000 159504.000 0 0 0.000 0.000 0.000 0.177 0 1 0 0 0 0
 220 43885.000 121732.000 0 0 0.000 0.000 0.000 0.133 0 1 0 0 0 0
 221 39407.000 100201.000 0 0 0.000 0.000 0.000 0.147 0 1 0 0 0 0
 222 91707.000 40229.000 0 0 0.000 0.000 0.000 0.130 0 1 0 0 0 0
 223 38679.000 95326.000 0 0 0.000 0.000 0.000 0.171 0 1 0 0 0 0
 224 158930.000 80409.000 0 0 0.000 0.000 0.000 0.131 0 1 0 0 0 0
 225 126489.000 156879.000 0 0 0.000 0.000 0.000 0.149 0 1 0 0 0 0
 226 39561.000 83321.000 0 0 0.000 0.000 0.000 0.132 0 1 0 0 0 0
 227 106504.000 37921.000 0 0 0.000 0.000 0.000 0.147 0 1 0 0 0 0
 228 94415.000 37536.000 0 0 0.000 0.000 0.000 0.131 0 1 0 0 0 0
 229 37370.000 108991.000 0 0 0.000 0.000 0.000 0.132 0 1 0 0 0 0
 230 130789.000 155610.000 0 0 0.000 0.000 0.000 0.142 0 1 0 0 0 0
 231 96639.000 163692.000 0 0 0.000 0.000 0.000 0.134 0 1 0 0 0 0
 232 128947.000 43463.000 0 0 0.000 0.000 0.000 0.142 0 1 0 0 0 0
 233 156541.000 131921.000 0 0 0.000 0.000 0.000 0.175 0 1 0 0 0 0
 234 36971.000 82406.000 0 0 0.000 0.000 0.000 0.133 0 1 0 0 0 0
 235 162007.000 77798.000 0 0 0.000 0.000 0.000 0.154 0 1 0 0 0 0
 236 138830.000 153605.000 0 0 0.000 0.000 0.000 0.138 0 1 0 0 0 0
 237 34195.000 91217.000 0 0 0.000 0.000 0.000 0.140 0 1 0 0 0 0
 238 49664.000 143898.000 0 0 0.000 0.000 0.000 0.135 0 1 0 0 0 0
 239 98613.000 32947.000 0 0 0.000 0.000 0.000 0.130 0 1 0 0 0 0
 240 165890.000 86809.000 0 0 0.000 0.000 0.000 0.135 0 1 0 0 0 0
 241 156997.000 136940.000 0 0 0.000 0.000 0.000 0.152 0 1 0 0 0 0
 242 156136.000 138556.000 0 0 0.000 0.000 0.000 0.130 0 1 0 0 0 0
 243 92155.000 32110.000 0 0 0.000 0.000 0.000 0.133 0 1 0 0 0 0
 244 55717.000 47509.000 0 0 0.000 0.000 0.000 0.131 0 1 0 0 0 0
 245 73527.000 36368.000 0 0 0.000 0.000 0.000 200000.000 0 1 0 200 0 0
 246 75114.000 35204.000 0 0 0.000 0.000 0.000 200000.000 0 1 0 200 0 0
 247 80267.000 33523.000 0 0 0.000 0.000 0.000 0.139 0 1 0 0 0 0
 248 75158.000 35171.000 0 0 0.000 0.000 0.000 200000.000 0 1 0 200 0 0
 249 47592.000 53838.000 0 0 0.000 0.000 0.000 200000.000 0 1 0 200 0 0
 250 136114.000 39886.000 0 0 0.000 0.000 0.000 0.133 0 1 0 0 0 0
 251 58917.000 42783.000 0 0 0.000 0.000 0.000 0.138 0 1 0 0 0 0
 252 151375.000 51320.000 0 0 0.000 0.000 0.000 0.133 0 1 0 0 0 0
 253 104840.000 28553.000 0 0 0.000 0.000 0.000 200000.000 0 1 0 200 0 0
 254 160494.000 139184.000 0 0 0.000 0.000 0.000 0.130 0 1 0 0 0 0
 255 142363.000 158343.000 0 0 0.000 0.000 0.000 0.148 0 1 0 0 0 0
 256 31198.000 78581.000 0 0 0.000 0.000 0.000 0.134 0 1 0 0 0 0
 257 101764.000 28157.000 0 0 0.000 0.000 0.000 0.146 0 1 0 0 0 0
 258 172112.000 98543.000 0 0 0.000 0.000 0.000 0.133 0 1 0 0 0 0
 259 95229.000 27351.000 0 0 0.000 0.000 0.000 200000.000 0 1 0 200 0 0
 260 94958.000 26928.000 0 0 0.000 0.000 0.000 0.133 0 1 0 0 0 0
 261 137438.000 163436.000 0 0 0.000 0.000 0.000 0.136 0 1 0 0 0 0
 262 63465.000 36272.000 0 0 0.000 0.000 0.000 0.133 0 1 0 0 0 0
 263 26338.000 92738.000 0 0 0.000 0.000 0.000 0.135 0 1 0 0 0 0
 264 38867.000 142039.000 0 0 0.000 0.000 0.000 0.133 0 1 0 0 0 0
 265 120876.000 27771.000 0 0 0.000 0.000 0.000 200000.000 0 1 0 200 0 0
 266 60890.000 35275.000 0 0 0.000 0.000 0.000 200000.000 0 1 0 200 0 0
 267 49293.000 41213.000 0 0 0.000 0.000 0.000 200000.000 0 1 0 200 0 0
 268 87987.000 23196.000 0 0 0.000 0.000 0.000 200000.000 0 1 0 200 0 0
 269 102188.000 178224.000 0 0 0.000 0.000 0.000 0.138 0 1 0 0 0 0
 270 94899.000 22434.000 0 0 0.000 0.000 0.000 200000.000 0 1 0 200 0 0
 271 117789.000 176870.000 0 0 0.000 0.000 0.000 0.214 0 1 0 0 0 0
 272 61341.000 31147.000 0 0 0.000 0.000 0.000 200000.000 0 1 0 200 0 0
 273 81718.000 23399.000 0 0 0.000 0.000 0.000 200000.000 0 1 0 200 0 0
 274 72899.000 25494.000 0 0 0.000 0.000 0.000 200000.000 0 1 0 200 0 0
 275 20555.000 103981.000 0 0 0.000 0.000 0.000 0.131 0 1 0 0 0 0
 276 90269.000 21198.000 0 0 0.000 0.000 0.000 0.235 0 1 0 0 0 0
 277 85802.000 22012.000 0 0 0.000 0.000 0.000 200000.000 0 1 0 200 0 0
 278 38537.000 49088.000 0 0 0.000 0.000 0.000 0.130 0 1 0 0 0 0
 279 58065.000 31884.000 0 0 0.000 0.000 0.000 200000.000 0 1 0 200 0 0
 280 92870.000 20067.000 0 0 0.000 0.000 0.000 200000.000 0 1 0 200 0 0
 281 66021.000 26853.000 0 0 0.000 0.000 0.000 200000.000 0 1 0 200 0 0
 282 72462.000 24172.000 0 0 0.000 0.000 0.000 0.369 0 1 0 0 0 0
 283 91969.000 20025.000 0 0 0.000 0.000 0.000 200000.000 0 1 0 200 0 0
 284 64171.000 26412.000 0 0 0.000 0.000 0.000 200000.000 0 1 0 200 0 0
 285 73276.000 22349.000 0 0 0.000 0.000 0.000 0.261 0 1 0 0 0 0
 286 90982.000 18566.000 0 0 0.000 0.000 0.000 0.303 0 1 0 0 0 0
 287 97702.000 17880.000 0 0 0.000 0.000 0.000 200000.000 0 1 0 200 0 0
 288 90047.000 18277.000 0 0 0.000 0.000 0.000 200000.000 0 1 0 200 0 0
 289 68633.000 24377.000 0 0 0.000 0.000 0.000 200000.000 0 1 0 200 0 0
 290 59115.000 27863.000 0 0 0.000 0.000 0.000 200000.000 0 1 0 200 0 0
 291 85805.000 18214.000 0 0 0.000 0.000 0.000 200000.000 0 1 0 200 0 0
 292 85773.000 18336.000 0 0 0.000 0.000 0.000 200000.000 0 1 0 200 0 0
 293 94291.000 17193.000 0 0 0.000 0.000 0.000 200000.000 0 1 0 200 0 0
 294 61868.000 26233.000 0 0 0.000 0.000 0.000 200000.000 0 1 0 200 0 0
 295 97588.000 16948.000 0 0 0.000 0.000 0.000 0.288 0 1 0 0 0 0
 296 93108.000 16941.000 0 0 0.000 0.000 0.000 200000.000 0 1 0 200 0 0
 297 75270.000 21465.000 0 0 0.000 0.000 0.000 200000.000 0 1 0 200 0 0
 298 56890.000 28422.000 0 0 0.000 0.000 0.000 200000.000 0 1 0 200 0 0
 299 94138.000 16729.000 0 0 0.000 0.000 0.000 0.247 0 1 0 0 0 0
 300 95322.000 16618.000 0 0 0.000 0.000 0.000 200000.000 0 1 0 200 0 0
 301 80945.000 18678.000 0 0 0.000 0.000 0.000 200000.000 0 1 0 200 0 0
 302 81373.000 18057.000 0 0 0.000 0.000 0.000 200000.000 0 1 0 200 0 0
 303 81327.000 18108.000 0 0 0.000 0.000 0.000 200000.000 0 1 0 200 0 0
 304 74232.000 19471.000 0 0 0.000 0.000 0.000 200000.000 0 1 0 200 0 0
 305 74204.000 19556.000 0 0 0.000 0.000 0.000 200000.000 0 1 0 200 0 0
 306 59230.000 24935.000 0 0 0.000 0.000 0.000 200000.000 0 1 0 200 0 0
 307 68193.000 21000.000 0 0 0.000 0.000 0.000 0.229 0 1 0 0 0 0
 308 79231.000 17382.000 0 0 0.000 0.000 0.000 200000.000 0 1 0 200 0 0
 309 79274.000 17334.000 0 0 0.000 0.000 0.000 200000.000 0 1 0 200 0 0
 310 82139.000 16671.000 0 0 0.000 0.000 0.000 200000.000 0 1 0 200 0 0
 311 108448.000 15376.000 0 0 0.000 0.000 0.000 0.427 0 1 0 0 0 0
 312 50990.000 30130.000 0 0 0.000 0.000 0.000 200000.000 0 1 0 200 0 0
 313 50977.000 30025.000 0 0 0.000 0.000 0.000 200000.000 0 1 0 200 0 0
 314 59208.000 25008.000 0 0 0.000 0.000 0.000 200000.000 0 1 0 200 0 0
 315 60415.000 24306.000 0 0 0.000 0.000 0.000 200000.000 0 1 0 200 0 0
 316 65229.000 21614.000 0 0 0.000 0.000 0.000 200000.000 0 1 0 200 0 0
 317 72646.000 18559.000 0 0 0.000 0.000 0.000 200000.000 0 1 0 200 0 0
 318 66807.000 20762.000 0 0 0.000 0.000 0.000 200000.000 0 1 0 200 0 0
 319 101361.000 15195.000 0 0 0.000 0.000 0.000 200000.000 0 1 0 200 0 0
 320 84685.000 15304.000 0 0 0.000 0.000 0.000 200000.000 0 1 0 200 0 0
 321 91601.000 14176.000 0 0 0.000 0.000 0.000 200000.000 0 1 0 200 0 0
 322 125163.000 17652.000 0 0 0.000 0.000 0.000 0.226 0 1 0 0 0 0
 323 105950.000 13634.000 0 0 0.000 0.000 0.000 200000.000 0 1 0 200 0 0
 324 123478.000 16670.000 0 0 0.000 0.000 0.000 200000.000 0 1 0 200 0 0
 325 90280.000 13629.000 0 0 0.000 0.000 0.000 200000.000 0 1 0 200 0 0
 326 105890.000 13649.000 0 0 0.000 0.000 0.000 200000.000 0 1 0 200 0 0
 327 58116.000 23606.000 0 0 0.000 0.000 0.000 200000.000 0 1 0 200 0 0
 328 87698.000 13958.000 0 0 0.000 0.000 0.000 200000.000 0 1 0 200 0 0
 329 64228.000 179718.000 0 0 0.000 0.000 0.000 0.152 0 1 0 0 0 0
 330 58150.000 23782.000 0 0 0.000 0.000 0.000 200000.000 0 1 0 200 0 0
 331 67686.000 19309.000 0 0 0.000 0.000 0.000 0.335 0 1 0 0 0 0
 332 62992.000 179392.000 0 0 0.000 0.000 0.000 0.136 0 1 0 0 0 0
 333 79157.000 15361.000 0 0 0.000 0.000 0.000 0.220 0 1 0 0 0 0
 334 130974.000 18662.000 0 0 0.000 0.000 0.000 0.311 0 1 0 0 0 0
 335 66399.000 19335.000 0 0 0.000 0.000 0.000 0.225 0 1 0 0 0 0
 336 158032.000 165887.000 0 0 0.000 0.000 0.000 0.138 0 1 0 0 0 0
 337 74210.000 16450.000 0 0 0.000 0.000 0.000 200000.000 0 1 0 200 0 0
 338 60861.000 178873.000 0 0 0.000 0.000 0.000 0.148 0 1 0 0 0 0
 339 67906.000 18107.000 0 0 0.000 0.000 0.000 200000.000 0 1 0 200 0 0
 340 74863.000 16067.000 0 0 0.000 0.000 0.000 0.211 0 1 0 0 0 0
 341 95799.000 12337.000 0 0 0.000 0.000 0.000 200000.000 0 1 0 200 0 0
 342 67878.000 18185.000 0 0 0.000 0.000 0.000 200000.000 0 1 0 200 0 0
 343 72269.000 16606.000 0 0 0.000 0.000 0.000 200000.000 0 1 0 200 0 0
 344 72300.000 16525.000 0 0 0.000 0.000 0.000 200000.000 0 1 0 200 0 0
 345 88024.000 12882.000 0 0 0.000 0.000 0.000 200000.000 0 1 0 200 0 0
 346 91126.000 12514.000 0 0 0.000 0.000 0.000 200000.000 0 1 0 200 0 0
 347 83126.000 13631.000 0 0 0.000 0.000 0.000 0.363 0 1 0 0 0 0
 348 95246.000 11780.000 0 0 0.000 0.000 0.000 200000.000 0 1 0 200 0 0
 349 56216.000 23107.000 0 0 0.000 0.000 0.000 200000.000 0 1 0 200 0 0
 350 82673.000 13156.000 0 0 0.000 0.000 0.000 200000.000 0 1 0 200 0 0
 351 107545.000 11882.000 0 0 0.000 0.000 0.000 200000.000 0 1 0 200 0 0
 352 158017.000 167458.000 0 0 0.000 0.000 0.000 0.139 0 1 0 0 0 0
 353 101016.000 11225.000 0 0 0.000 0.000 0.000 200000.000 0 1 0 200 0 0
 354 101417.000 11230.000 0 0 0.000 0.000 0.000 200000.000 0 1 0 200 0 0
 355 86210.000 12191.000 0 0 0.000 0.000 0.000 0.412 0 1 0 0 0 0
 356 100961.000 11209.000 0 0 0.000 0.000 0.000 200000.000 0 1 0 200 0 0
 357 101362.000 11256.000 0 0 0.000 0.000 0.000 200000.000 0 1 0 200 0 0
 358 77813.000 13846.000 0 0 0.000 0.000 0.000 200000.000 0 1 0 200 0 0
 359 84262.000 12444.000 0 0 0.000 0.000 0.000 200000.000 0 1 0 200 0 0
 360 57808.000 21067.000 0 0 0.000 0.000 0.000 200000.000 0 1 0 200 0 0
 361 83613.000 12247.000 0 0 0.000 0.000 0.000 200000.000 0 1 0 200 0 0
 362 57820.000 21200.000 0 0 0.000 0.000 0.000 200000.000 0 1 0 200 0 0
 363 100130.000 10715.000 0 0 0.000 0.000 0.000 0.281 0 1 0 0 0 0
 364 104983.000 10730.000 0 0 0.000 0.000 0.000 200000.000 0 1 0 200 0 0
 365 105042.000 10681.000 0 0 0.000 0.000 0.000 200000.000 0 1 0 200 0 0
 366 74022.000 14198.000 0 0 0.000 0.000 0.000 200000.000 0 1 0 200 0 0
 367 82479.000 12088.000 0 0 0.000 0.000 0.000 200000.000 0 1 0 200 0 0
 368 90043.000 10919.000 0 0 0.000 0.000 0.000 200000.000 0 1 0 200 0 0
 369 92335.000 10523.000 0 0 0.000 0.000 0.000 200000.000 0 1 0 200 0 0
 370 104328.000 10134.000 0 0 0.000 0.000 0.000 200000.000 0 1 0 200 0 0
 371 108799.000 10485.000 0 0 0.000 0.000 0.000 200000.000 0 1 0 200 0 0
 372 80757.000 12035.000 0 0 0.000 0.000 0.000 0.280 0 1 0 0 0 0
 373 88411.000 10664.000 0 0 0.000 0.000 0.000 200000.000 0 1 0 200 0 0
 374 88704.000 10563.000 0 0 0.000 0.000 0.000 200000.000 0 1 0 200 0 0
 375 108339.000 10245.000 0 0 0.000 0.000 0.000 200000.000 0 1 0 200 0 0
 376 110211.000 10268.000 0 0 0.000 0.000 0.000 200000.000 0 1 0 200 0 0
 377 66151.000 15966.000 0 0 0.000 0.000 0.000 0.297 0 1 0 0 0 0
 378 69349.000 14879.000 0 0 0.000 0.000 0.000 0.272 0 1 0 0 0 0
 379 76531.000 12424.000 0 0 0.000 0.000 0.000 200000.000 0 1 0 200 0 0
 380 80873.000 11379.000 0 0 0.000 0.000 0.000 200000.000 0 1 0 200 0 0
 381 69580.000 14437.000 0 0 0.000 0.000 0.000 200000.000 0 1 0 200 0 0
 382 78473.000 11630.000 0 0 0.000 0.000 0.000 0.232 0 1 0 0 0 0
 383 77257.000 11640.000 0 0 0.000 0.000 0.000 0.390 0 1 0 0 0 0
 384 83081.000 10220.000 0 0 0.000 0.000 0.000 0.221 0 1 0 0 0 0
 385 74160.000 12029.000 0 0 0.000 0.000 0.000 200000.000 0 1 0 200 0 0
 386 74138.000 12142.000 0 0 0.000 0.000 0.000 200000.000 0 1 0 200 0 0
 387 71038.000 12645.000 0 0 0.000 0.000 0.000 200000.000 0 1 0 200 0 0
 388 66060.000 14372.000 0 0 0.000 0.000 0.000 0.383 0 1 0 0 0 0
 389 71004.000 12713.000 0 0 0.000 0.000 0.000 200000.000 0 1 0 200 0 0
 390 50255.000 21125.000 0 0 0.000 0.000 0.000 200000.000 0 1 0 200 0 0
 391 51613.000 20013.000 0 0 0.000 0.000 0.000 200000.000 0 1 0 200 0 0
 392 53826.000 18599.000 0 0 0.000 0.000 0.000 200000.000 0 1 0 200 0 0
 393 68430.000 188561.000 0 0 0.000 0.000 0.000 0.162 0 1 0 0 0 0
 394 67726.000 188615.000 0 0 0.000 0.000 0.000 0.163 0 1 0 0 0 0
 395 53821.000 18700.000 0 0 0.000 0.000 0.000 200000.000 0 1 0 200 0 0
 396 6058.000 87291.000 0 0 0.000 0.000 0.000 0.245 0 1 0 0 0 0
 397 65329.000 11814.000 0 0 0.000 0.000 0.000 200000.000 0 1 0 200 0 0
 398 73713.000 9201.000 0 0 0.000 0.000 0.000 0.475 0 1 0 0 0 0;
ProcessEquipmentIDList 1
  "6632" ;
SummarySpec 5
  TESTNO    NDEFECT    DEFDENSITY    NDIE    NDEFDIE  ;
SummaryList 
  1    398    1.455    1    1  ;
EndOfFile;
