FileVersion 1 2;
FileTimestamp 01-07-26 11:16:38;
InspectionStationID "KLA-Tencor" "SFSSP1" "0901-0728-TBI";
SampleType WAFER;
ResultTimestamp 01-07-26 11:12:43;
LotID "2580";
SampleSize 1 200;
DeviceID "None";
SetupID "T2-2580NR" 01-07-26 11:12:43;
StepID "6542";
SampleOrientationMarkType NOTCH;
OrientationMarkLocation DOWN;
DiePitch 200000 200000;
DieOrigin 0 0;
WaferID "06";
Slot 6;
SampleCenterLocation 100000 100000;
ClassLookup 1
  0 "0"  ;
OrientationInstructions "Front";
CoordinatesMirrored No;
InspectionTest 1;
SampleTestPlan 1
  0 0 ;
AreaPerTest 2.73516e+010;
ClusterClassificationList 1
  1 210 ;
DefectRecordSpec 15 DEFECTID XREL YREL XINDEX YINDEX XSIZE YSIZE DEFECTAREA DSIZE CLASSNUMBER TEST CLUSTERNUMBER ROUGHBINNUMBER FINEBINNUMBER REVIEWSAMPLE ;
DefectList
 1 102046.000 104410.000 0 0 0.000 0.000 0.000 0.133 0 1 0 0 0 0
 2 102196.000 104986.000 0 0 0.000 0.000 0.000 0.137 0 1 0 0 0 0
 3 102744.000 91835.000 0 0 0.000 0.000 0.000 0.135 0 1 0 0 0 0
 4 107209.000 94345.000 0 0 0.000 0.000 0.000 0.134 0 1 0 0 0 0
 5 106219.000 92810.000 0 0 0.000 0.000 0.000 0.134 0 1 0 0 0 0
 6 93862.000 92447.000 0 0 0.000 0.000 0.000 0.149 0 1 0 0 0 0
 7 97503.000 90311.000 0 0 0.000 0.000 0.000 0.134 0 1 0 0 0 0
 8 109471.000 105095.000 0 0 0.000 0.000 0.000 0.131 0 1 0 0 0 0
 9 108257.000 92232.000 0 0 0.000 0.000 0.000 0.140 0 1 0 0 0 0
 10 94806.000 89653.000 0 0 0.000 0.000 0.000 0.140 0 1 0 0 0 0
 11 108867.000 108603.000 0 0 0.000 0.000 0.000 0.140 0 1 0 0 0 0
 12 111473.000 104505.000 0 0 0.000 0.000 0.000 0.152 0 1 0 0 0 0
 13 106791.000 110611.000 0 0 0.000 0.000 0.000 0.137 0 1 0 0 0 0
 14 110594.000 107482.000 0 0 0.000 0.000 0.000 0.136 0 1 0 0 0 0
 15 96440.000 87612.000 0 0 0.000 0.000 0.000 0.147 0 1 0 0 0 0
 16 97120.000 87232.000 0 0 0.000 0.000 0.000 0.134 0 1 0 0 0 0
 17 104539.000 86638.000 0 0 0.000 0.000 0.000 0.135 0 1 0 0 0 0
 18 92086.000 88142.000 0 0 0.000 0.000 0.000 0.149 0 1 0 0 0 0
 19 100715.000 115250.000 0 0 0.000 0.000 0.000 0.130 0 1 0 0 0 0
 20 93025.000 86719.000 0 0 0.000 0.000 0.000 0.139 0 1 0 0 0 0
 21 102720.000 115347.000 0 0 0.000 0.000 0.000 0.161 0 1 0 0 0 0
 22 91114.000 87127.000 0 0 0.000 0.000 0.000 0.136 0 1 0 0 0 0
 23 115167.000 93977.000 0 0 0.000 0.000 0.000 0.145 0 1 0 0 0 0
 24 115767.000 94393.000 0 0 0.000 0.000 0.000 0.147 0 1 0 0 0 0
 25 96336.000 116877.000 0 0 0.000 0.000 0.000 0.141 0 1 0 0 0 0
 26 85418.000 110223.000 0 0 0.000 0.000 0.000 0.144 0 1 0 0 0 0
 27 117713.000 96295.000 0 0 0.000 0.000 0.000 0.130 0 1 0 0 0 0
 28 101854.000 81697.000 0 0 0.000 0.000 0.000 0.149 0 1 0 0 0 0
 29 116751.000 108443.000 0 0 0.000 0.000 0.000 0.133 0 1 0 0 0 0
 30 83975.000 109864.000 0 0 0.000 0.000 0.000 0.132 0 1 0 0 0 0
 31 116896.000 92046.000 0 0 0.000 0.000 0.000 0.136 0 1 0 0 0 0
 32 81125.000 100369.000 0 0 0.000 0.000 0.000 0.149 0 1 0 0 0 0
 33 104619.000 81934.000 0 0 0.000 0.000 0.000 0.147 0 1 0 0 0 0
 34 119109.000 103016.000 0 0 0.000 0.000 0.000 0.150 0 1 0 0 0 0
 35 111884.000 115674.000 0 0 0.000 0.000 0.000 0.159 0 1 0 0 0 0
 36 116447.000 89480.000 0 0 0.000 0.000 0.000 0.145 0 1 0 0 0 0
 37 114401.000 113699.000 0 0 0.000 0.000 0.000 0.159 0 1 0 0 0 0
 38 80199.000 104607.000 0 0 0.000 0.000 0.000 0.146 0 1 0 0 0 0
 39 120353.000 98957.000 0 0 0.000 0.000 0.000 0.136 0 1 0 0 0 0
 40 120516.000 101372.000 0 0 0.000 0.000 0.000 0.139 0 1 0 0 0 0
 41 119728.000 106018.000 0 0 0.000 0.000 0.000 0.152 0 1 0 0 0 0
 42 106268.000 80040.000 0 0 0.000 0.000 0.000 0.214 0 1 0 0 0 0
 43 106760.000 121061.000 0 0 0.000 0.000 0.000 0.134 0 1 0 0 0 0
 44 82598.000 86805.000 0 0 0.000 0.000 0.000 0.176 0 1 0 0 0 0
 45 91668.000 79847.000 0 0 0.000 0.000 0.000 0.140 0 1 0 0 0 0
 46 97727.000 77640.000 0 0 0.000 0.000 0.000 0.144 0 1 0 0 0 0
 47 80366.000 111930.000 0 0 0.000 0.000 0.000 0.130 0 1 0 0 0 0
 48 123250.000 106493.000 0 0 0.000 0.000 0.000 0.219 0 1 0 0 0 0
 49 87672.000 121188.000 0 0 0.000 0.000 0.000 0.141 0 1 0 0 0 0
 50 101759.000 125525.000 0 0 0.000 0.000 0.000 0.151 0 1 0 0 0 0
 51 74558.000 98246.000 0 0 0.000 0.000 0.000 0.140 0 1 0 0 0 0
 52 86595.000 78201.000 0 0 0.000 0.000 0.000 0.136 0 1 0 0 0 0
 53 120425.000 84638.000 0 0 0.000 0.000 0.000 0.134 0 1 0 0 0 0
 54 124325.000 109455.000 0 0 0.000 0.000 0.000 0.140 0 1 0 0 0 0
 55 91553.000 75254.000 0 0 0.000 0.000 0.000 0.140 0 1 0 0 0 0
 56 82408.000 120215.000 0 0 0.000 0.000 0.000 0.144 0 1 0 0 0 0
 57 101413.000 73323.000 0 0 0.000 0.000 0.000 0.145 0 1 0 0 0 0
 58 118145.000 120229.000 0 0 0.000 0.000 0.000 0.140 0 1 0 0 0 0
 59 115026.000 122775.000 0 0 0.000 0.000 0.000 0.144 0 1 0 0 0 0
 60 124644.000 88568.000 0 0 0.000 0.000 0.000 0.134 0 1 0 0 0 0
 61 72666.000 98613.000 0 0 0.000 0.000 0.000 0.133 0 1 0 0 0 0
 62 98171.000 72789.000 0 0 0.000 0.000 0.000 0.141 0 1 0 0 0 0
 63 84493.000 77468.000 0 0 0.000 0.000 0.000 0.154 0 1 0 0 0 0
 64 125813.000 109990.000 0 0 0.000 0.000 0.000 0.139 0 1 0 0 0 0
 65 80455.000 120004.000 0 0 0.000 0.000 0.000 0.149 0 1 0 0 0 0
 66 79114.000 118528.000 0 0 0.000 0.000 0.000 0.133 0 1 0 0 0 0
 67 101867.000 127979.000 0 0 0.000 0.000 0.000 0.141 0 1 0 0 0 0
 68 126743.000 108054.000 0 0 0.000 0.000 0.000 0.131 0 1 0 0 0 0
 69 88188.000 74697.000 0 0 0.000 0.000 0.000 0.140 0 1 0 0 0 0
 70 99336.000 128377.000 0 0 0.000 0.000 0.000 0.171 0 1 0 0 0 0
 71 76668.000 116339.000 0 0 0.000 0.000 0.000 0.145 0 1 0 0 0 0
 72 74101.000 88974.000 0 0 0.000 0.000 0.000 0.136 0 1 0 0 0 0
 73 77897.000 81765.000 0 0 0.000 0.000 0.000 0.168 0 1 0 0 0 0
 74 80153.000 78748.000 0 0 0.000 0.000 0.000 0.138 0 1 0 0 0 0
 75 73726.000 113065.000 0 0 0.000 0.000 0.000 0.134 0 1 0 0 0 0
 76 94411.000 129711.000 0 0 0.000 0.000 0.000 0.136 0 1 0 0 0 0
 77 69905.000 94893.000 0 0 0.000 0.000 0.000 0.135 0 1 0 0 0 0
 78 130018.000 105607.000 0 0 0.000 0.000 0.000 0.138 0 1 0 0 0 0
 79 108866.000 129525.000 0 0 0.000 0.000 0.000 0.134 0 1 0 0 0 0
 80 130130.000 94674.000 0 0 0.000 0.000 0.000 0.140 0 1 0 0 0 0
 81 130657.000 100910.000 0 0 0.000 0.000 0.000 0.137 0 1 0 0 0 0
 82 126712.000 115177.000 0 0 0.000 0.000 0.000 0.173 0 1 0 0 0 0
 83 124139.000 80970.000 0 0 0.000 0.000 0.000 0.158 0 1 0 0 0 0
 84 128114.000 87156.000 0 0 0.000 0.000 0.000 0.134 0 1 0 0 0 0
 85 103162.000 131216.000 0 0 0.000 0.000 0.000 0.142 0 1 0 0 0 0
 86 84941.000 72848.000 0 0 0.000 0.000 0.000 0.138 0 1 0 0 0 0
 87 130330.000 93141.000 0 0 0.000 0.000 0.000 0.142 0 1 0 0 0 0
 88 91226.000 70063.000 0 0 0.000 0.000 0.000 0.133 0 1 0 0 0 0
 89 69208.000 93043.000 0 0 0.000 0.000 0.000 0.135 0 1 0 0 0 0
 90 104247.000 68880.000 0 0 0.000 0.000 0.000 0.130 0 1 0 0 0 0
 91 131245.000 94384.000 0 0 0.000 0.000 0.000 0.136 0 1 0 0 0 0
 92 121501.000 123771.000 0 0 0.000 0.000 0.000 0.204 0 1 0 0 0 0
 93 83474.000 127774.000 0 0 0.000 0.000 0.000 0.148 0 1 0 0 0 0
 94 68965.000 91466.000 0 0 0.000 0.000 0.000 0.152 0 1 0 0 0 0
 95 79396.000 125177.000 0 0 0.000 0.000 0.000 0.153 0 1 0 0 0 0
 96 71040.000 85535.000 0 0 0.000 0.000 0.000 0.159 0 1 0 0 0 0
 97 130513.000 112553.000 0 0 0.000 0.000 0.000 0.134 0 1 0 0 0 0
 98 96587.000 133131.000 0 0 0.000 0.000 0.000 0.140 0 1 0 0 0 0
 99 111993.000 69432.000 0 0 0.000 0.000 0.000 0.149 0 1 0 0 0 0
 100 77710.000 124872.000 0 0 0.000 0.000 0.000 0.133 0 1 0 0 0 0
 101 113845.000 130532.000 0 0 0.000 0.000 0.000 0.137 0 1 0 0 0 0
 102 126665.000 120369.000 0 0 0.000 0.000 0.000 0.146 0 1 0 0 0 0
 103 120219.000 73566.000 0 0 0.000 0.000 0.000 0.166 0 1 0 0 0 0
 104 67198.000 108728.000 0 0 0.000 0.000 0.000 0.138 0 1 0 0 0 0
 105 132736.000 90934.000 0 0 0.000 0.000 0.000 0.163 0 1 0 0 0 0
 106 71638.000 119458.000 0 0 0.000 0.000 0.000 0.144 0 1 0 0 0 0
 107 68366.000 113145.000 0 0 0.000 0.000 0.000 0.131 0 1 0 0 0 0
 108 122241.000 73897.000 0 0 0.000 0.000 0.000 0.133 0 1 0 0 0 0
 109 109115.000 66870.000 0 0 0.000 0.000 0.000 0.139 0 1 0 0 0 0
 110 76765.000 125930.000 0 0 0.000 0.000 0.000 0.132 0 1 0 0 0 0
 111 89432.000 67095.000 0 0 0.000 0.000 0.000 0.134 0 1 0 0 0 0
 112 100150.000 65450.000 0 0 0.000 0.000 0.000 0.134 0 1 0 0 0 0
 113 78745.000 127793.000 0 0 0.000 0.000 0.000 0.132 0 1 0 0 0 0
 114 134053.000 92291.000 0 0 0.000 0.000 0.000 0.148 0 1 0 0 0 0
 115 107890.000 65823.000 0 0 0.000 0.000 0.000 0.144 0 1 0 0 0 0
 116 89230.000 66548.000 0 0 0.000 0.000 0.000 0.163 0 1 0 0 0 0
 117 106168.000 135302.000 0 0 0.000 0.000 0.000 0.154 0 1 0 0 0 0
 118 65900.000 88951.000 0 0 0.000 0.000 0.000 0.131 0 1 0 0 0 0
 119 123628.000 73283.000 0 0 0.000 0.000 0.000 0.133 0 1 0 0 0 0
 120 88456.000 66007.000 0 0 0.000 0.000 0.000 0.148 0 1 0 0 0 0
 121 64333.000 93415.000 0 0 0.000 0.000 0.000 0.130 0 1 0 0 0 0
 122 130908.000 81355.000 0 0 0.000 0.000 0.000 0.159 0 1 0 0 0 0
 123 136043.000 93550.000 0 0 0.000 0.000 0.000 0.134 0 1 0 0 0 0
 124 127805.000 124028.000 0 0 0.000 0.000 0.000 0.143 0 1 0 0 0 0
 125 118600.000 131862.000 0 0 0.000 0.000 0.000 0.144 0 1 0 0 0 0
 126 117529.000 132471.000 0 0 0.000 0.000 0.000 0.138 0 1 0 0 0 0
 127 135583.000 90929.000 0 0 0.000 0.000 0.000 0.132 0 1 0 0 0 0
 128 122421.000 129644.000 0 0 0.000 0.000 0.000 0.143 0 1 0 0 0 0
 129 63581.000 92872.000 0 0 0.000 0.000 0.000 0.135 0 1 0 0 0 0
 130 136265.000 108009.000 0 0 0.000 0.000 0.000 0.132 0 1 0 0 0 0
 131 62585.000 98565.000 0 0 0.000 0.000 0.000 0.150 0 1 0 0 0 0
 132 137036.000 92701.000 0 0 0.000 0.000 0.000 0.149 0 1 0 0 0 0
 133 137616.000 104356.000 0 0 0.000 0.000 0.000 0.158 0 1 0 0 0 0
 134 126922.000 126779.000 0 0 0.000 0.000 0.000 0.135 0 1 0 0 0 0
 135 114891.000 65384.000 0 0 0.000 0.000 0.000 0.132 0 1 0 0 0 0
 136 85028.000 135453.000 0 0 0.000 0.000 0.000 0.133 0 1 0 0 0 0
 137 115692.000 65296.000 0 0 0.000 0.000 0.000 0.149 0 1 0 0 0 0
 138 77718.000 131731.000 0 0 0.000 0.000 0.000 0.135 0 1 0 0 0 0
 139 135565.000 115357.000 0 0 0.000 0.000 0.000 0.140 0 1 0 0 0 0
 140 72011.000 73362.000 0 0 0.000 0.000 0.000 0.135 0 1 0 0 0 0
 141 92300.000 138556.000 0 0 0.000 0.000 0.000 0.133 0 1 0 0 0 0
 142 95463.000 61078.000 0 0 0.000 0.000 0.000 0.130 0 1 0 0 0 0
 143 78192.000 67030.000 0 0 0.000 0.000 0.000 0.132 0 1 0 0 0 0
 144 135345.000 118697.000 0 0 0.000 0.000 0.000 0.136 0 1 0 0 0 0
 145 135204.000 80872.000 0 0 0.000 0.000 0.000 0.151 0 1 0 0 0 0
 146 132355.000 76294.000 0 0 0.000 0.000 0.000 0.151 0 1 0 0 0 0
 147 121501.000 66015.000 0 0 0.000 0.000 0.000 0.153 0 1 0 0 0 0
 148 137697.000 115458.000 0 0 0.000 0.000 0.000 0.146 0 1 0 0 0 0
 149 112609.000 61195.000 0 0 0.000 0.000 0.000 0.135 0 1 0 0 0 0
 150 112881.000 61182.000 0 0 0.000 0.000 0.000 0.141 0 1 0 0 0 0
 151 113793.000 61574.000 0 0 0.000 0.000 0.000 0.213 0 1 0 0 0 0
 152 58930.000 104214.000 0 0 0.000 0.000 0.000 0.138 0 1 0 0 0 0
 153 81529.000 137136.000 0 0 0.000 0.000 0.000 0.155 0 1 0 0 0 0
 154 62597.000 118869.000 0 0 0.000 0.000 0.000 0.139 0 1 0 0 0 0
 155 115816.000 138865.000 0 0 0.000 0.000 0.000 0.157 0 1 0 0 0 0
 156 58625.000 106950.000 0 0 0.000 0.000 0.000 0.139 0 1 0 0 0 0
 157 123939.000 134734.000 0 0 0.000 0.000 0.000 0.130 0 1 0 0 0 0
 158 93407.000 141953.000 0 0 0.000 0.000 0.000 0.139 0 1 0 0 0 0
 159 58290.000 107394.000 0 0 0.000 0.000 0.000 0.148 0 1 0 0 0 0
 160 59103.000 88882.000 0 0 0.000 0.000 0.000 0.164 0 1 0 0 0 0
 161 93699.000 58279.000 0 0 0.000 0.000 0.000 0.146 0 1 0 0 0 0
 162 99277.000 57805.000 0 0 0.000 0.000 0.000 0.159 0 1 0 0 0 0
 163 63052.000 79245.000 0 0 0.000 0.000 0.000 0.133 0 1 0 0 0 0
 164 82454.000 139153.000 0 0 0.000 0.000 0.000 0.140 0 1 0 0 0 0
 165 73762.000 133975.000 0 0 0.000 0.000 0.000 0.157 0 1 0 0 0 0
 166 66603.000 126953.000 0 0 0.000 0.000 0.000 0.135 0 1 0 0 0 0
 167 93293.000 57880.000 0 0 0.000 0.000 0.000 0.144 0 1 0 0 0 0
 168 116649.000 139981.000 0 0 0.000 0.000 0.000 0.152 0 1 0 0 0 0
 169 65767.000 127431.000 0 0 0.000 0.000 0.000 0.149 0 1 0 0 0 0
 170 136047.000 75550.000 0 0 0.000 0.000 0.000 0.143 0 1 0 0 0 0
 171 58480.000 85977.000 0 0 0.000 0.000 0.000 0.135 0 1 0 0 0 0
 172 138361.000 121769.000 0 0 0.000 0.000 0.000 0.134 0 1 0 0 0 0
 173 137106.000 123902.000 0 0 0.000 0.000 0.000 0.140 0 1 0 0 0 0
 174 116728.000 140860.000 0 0 0.000 0.000 0.000 0.162 0 1 0 0 0 0
 175 84710.000 141588.000 0 0 0.000 0.000 0.000 0.133 0 1 0 0 0 0
 176 112446.000 142584.000 0 0 0.000 0.000 0.000 0.131 0 1 0 0 0 0
 177 69473.000 132630.000 0 0 0.000 0.000 0.000 0.137 0 1 0 0 0 0
 178 138458.000 78086.000 0 0 0.000 0.000 0.000 0.152 0 1 0 0 0 0
 179 109721.000 143726.000 0 0 0.000 0.000 0.000 0.147 0 1 0 0 0 0
 180 94358.000 144537.000 0 0 0.000 0.000 0.000 0.132 0 1 0 0 0 0
 181 58842.000 82296.000 0 0 0.000 0.000 0.000 0.137 0 1 0 0 0 0
 182 126319.000 64076.000 0 0 0.000 0.000 0.000 0.147 0 1 0 0 0 0
 183 68376.000 68153.000 0 0 0.000 0.000 0.000 0.137 0 1 0 0 0 0
 184 54865.000 98736.000 0 0 0.000 0.000 0.000 0.133 0 1 0 0 0 0
 185 97780.000 55134.000 0 0 0.000 0.000 0.000 0.138 0 1 0 0 0 0
 186 134854.000 128782.000 0 0 0.000 0.000 0.000 0.132 0 1 0 0 0 0
 187 60034.000 79016.000 0 0 0.000 0.000 0.000 0.134 0 1 0 0 0 0
 188 85464.000 57347.000 0 0 0.000 0.000 0.000 0.130 0 1 0 0 0 0
 189 112324.000 56671.000 0 0 0.000 0.000 0.000 0.185 0 1 0 0 0 0
 190 127649.000 64287.000 0 0 0.000 0.000 0.000 0.143 0 1 0 0 0 0
 191 139286.000 122727.000 0 0 0.000 0.000 0.000 0.142 0 1 0 0 0 0
 192 144331.000 110464.000 0 0 0.000 0.000 0.000 0.137 0 1 0 0 0 0
 193 55076.000 108187.000 0 0 0.000 0.000 0.000 0.158 0 1 0 0 0 0
 194 133139.000 68988.000 0 0 0.000 0.000 0.000 0.210 0 1 0 0 0 0
 195 96566.000 54626.000 0 0 0.000 0.000 0.000 0.165 0 1 0 0 0 0
 196 113479.000 56394.000 0 0 0.000 0.000 0.000 0.155 0 1 0 0 0 0
 197 144048.000 86940.000 0 0 0.000 0.000 0.000 0.151 0 1 0 0 0 0
 198 142130.000 118617.000 0 0 0.000 0.000 0.000 0.151 0 1 0 0 0 0
 199 73150.000 62660.000 0 0 0.000 0.000 0.000 0.145 0 1 0 0 0 0
 200 115981.000 56927.000 0 0 0.000 0.000 0.000 0.131 0 1 0 0 0 0
 201 135961.000 129132.000 0 0 0.000 0.000 0.000 0.143 0 1 0 0 0 0
 202 143113.000 117165.000 0 0 0.000 0.000 0.000 0.141 0 1 0 0 0 0
 203 142276.000 80954.000 0 0 0.000 0.000 0.000 0.132 0 1 0 0 0 0
 204 135848.000 129750.000 0 0 0.000 0.000 0.000 0.159 0 1 0 0 0 0
 205 53940.000 108886.000 0 0 0.000 0.000 0.000 0.132 0 1 0 0 0 0
 206 58980.000 77261.000 0 0 0.000 0.000 0.000 0.139 0 1 0 0 0 0
 207 118076.000 56629.000 0 0 0.000 0.000 0.000 0.132 0 1 0 0 0 0
 208 123864.000 59539.000 0 0 0.000 0.000 0.000 0.149 0 1 0 0 0 0
 209 61089.000 73125.000 0 0 0.000 0.000 0.000 0.131 0 1 0 0 0 0
 210 91174.000 53367.000 0 0 0.000 0.000 0.000 0.147 0 1 0 0 0 0
 211 105849.000 147537.000 0 0 0.000 0.000 0.000 0.130 0 1 0 0 0 0
 212 97697.000 147927.000 0 0 0.000 0.000 0.000 0.132 0 1 0 0 0 0
 213 69147.000 63740.000 0 0 0.000 0.000 0.000 0.146 0 1 0 0 0 0
 214 103069.000 52512.000 0 0 0.000 0.000 0.000 0.132 0 1 0 0 0 0
 215 130357.000 137290.000 0 0 0.000 0.000 0.000 0.137 0 1 0 0 0 0
 216 56457.000 120601.000 0 0 0.000 0.000 0.000 0.134 0 1 0 0 0 0
 217 131589.000 63618.000 0 0 0.000 0.000 0.000 0.159 0 1 0 0 0 0
 218 146254.000 114508.000 0 0 0.000 0.000 0.000 0.188 0 1 0 0 0 0
 219 119733.000 55934.000 0 0 0.000 0.000 0.000 0.171 0 1 0 0 0 0
 220 146570.000 113760.000 0 0 0.000 0.000 0.000 0.151 0 1 0 0 0 0
 221 52722.000 112134.000 0 0 0.000 0.000 0.000 0.133 0 1 0 0 0 0
 222 147191.000 112293.000 0 0 0.000 0.000 0.000 0.227 0 1 0 0 0 0
 223 147081.000 112548.000 0 0 0.000 0.000 0.000 0.319 0 1 0 0 0 0
 224 52571.000 88259.000 0 0 0.000 0.000 0.000 0.141 0 1 0 0 0 0
 225 148277.000 107872.000 0 0 0.000 0.000 0.000 0.141 0 1 0 0 0 0
 226 143225.000 123005.000 0 0 0.000 0.000 0.000 0.203 0 1 0 0 0 0
 227 52230.000 111367.000 0 0 0.000 0.000 0.000 0.141 0 1 0 0 0 0
 228 55669.000 79183.000 0 0 0.000 0.000 0.000 0.145 0 1 0 0 0 0
 229 111844.000 52656.000 0 0 0.000 0.000 0.000 0.138 0 1 0 0 0 0
 230 142955.000 123938.000 0 0 0.000 0.000 0.000 0.135 0 1 0 0 0 0
 231 52142.000 111740.000 0 0 0.000 0.000 0.000 0.132 0 1 0 0 0 0
 232 83774.000 147017.000 0 0 0.000 0.000 0.000 0.139 0 1 0 0 0 0
 233 99851.000 50712.000 0 0 0.000 0.000 0.000 0.136 0 1 0 0 0 0
 234 148904.000 108559.000 0 0 0.000 0.000 0.000 0.196 0 1 0 0 0 0
 235 148839.000 108711.000 0 0 0.000 0.000 0.000 0.171 0 1 0 0 0 0
 236 55515.000 122409.000 0 0 0.000 0.000 0.000 0.138 0 1 0 0 0 0
 237 50387.000 102216.000 0 0 0.000 0.000 0.000 0.157 0 1 0 0 0 0
 238 149170.000 108020.000 0 0 0.000 0.000 0.000 0.137 0 1 0 0 0 0
 239 70568.000 140415.000 0 0 0.000 0.000 0.000 0.148 0 1 0 0 0 0
 240 51307.000 89511.000 0 0 0.000 0.000 0.000 0.149 0 1 0 0 0 0
 241 85627.000 52355.000 0 0 0.000 0.000 0.000 0.134 0 1 0 0 0 0
 242 149641.000 107103.000 0 0 0.000 0.000 0.000 0.133 0 1 0 0 0 0
 243 141902.000 127665.000 0 0 0.000 0.000 0.000 0.157 0 1 0 0 0 0
 244 64094.000 64957.000 0 0 0.000 0.000 0.000 0.146 0 1 0 0 0 0
 245 64734.000 64196.000 0 0 0.000 0.000 0.000 0.139 0 1 0 0 0 0
 246 50710.000 88843.000 0 0 0.000 0.000 0.000 0.137 0 1 0 0 0 0
 247 55412.000 76588.000 0 0 0.000 0.000 0.000 0.154 0 1 0 0 0 0
 248 49291.000 98718.000 0 0 0.000 0.000 0.000 0.130 0 1 0 0 0 0
 249 54873.000 123816.000 0 0 0.000 0.000 0.000 0.131 0 1 0 0 0 0
 250 150277.000 105863.000 0 0 0.000 0.000 0.000 0.349 0 1 0 0 0 0
 251 150664.000 105159.000 0 0 0.000 0.000 0.000 0.146 0 1 0 0 0 0
 252 150747.000 104990.000 0 0 0.000 0.000 0.000 0.182 0 1 0 0 0 0
 253 48796.000 100553.000 0 0 0.000 0.000 0.000 0.149 0 1 0 0 0 0
 254 65881.000 138663.000 0 0 0.000 0.000 0.000 0.143 0 1 0 0 0 0
 255 151344.000 101022.000 0 0 0.000 0.000 0.000 0.136 0 1 0 0 0 0
 256 141048.000 131086.000 0 0 0.000 0.000 0.000 0.154 0 1 0 0 0 0
 257 54324.000 124894.000 0 0 0.000 0.000 0.000 0.142 0 1 0 0 0 0
 258 129058.000 57261.000 0 0 0.000 0.000 0.000 0.143 0 1 0 0 0 0
 259 140360.000 132857.000 0 0 0.000 0.000 0.000 0.131 0 1 0 0 0 0
 260 109567.000 49106.000 0 0 0.000 0.000 0.000 0.135 0 1 0 0 0 0
 261 50121.000 115592.000 0 0 0.000 0.000 0.000 0.132 0 1 0 0 0 0
 262 151200.000 89927.000 0 0 0.000 0.000 0.000 0.131 0 1 0 0 0 0
 263 54889.000 126874.000 0 0 0.000 0.000 0.000 0.140 0 1 0 0 0 0
 264 149360.000 82903.000 0 0 0.000 0.000 0.000 0.162 0 1 0 0 0 0
 265 152461.000 101958.000 0 0 0.000 0.000 0.000 0.258 0 1 0 0 0 0
 266 127396.000 145001.000 0 0 0.000 0.000 0.000 0.135 0 1 0 0 0 0
 267 150622.000 86205.000 0 0 0.000 0.000 0.000 0.148 0 1 0 0 0 0
 268 148672.000 120130.000 0 0 0.000 0.000 0.000 0.146 0 1 0 0 0 0
 269 48162.000 89978.000 0 0 0.000 0.000 0.000 0.136 0 1 0 0 0 0
 270 59824.000 134739.000 0 0 0.000 0.000 0.000 0.135 0 1 0 0 0 0
 271 89455.000 48475.000 0 0 0.000 0.000 0.000 0.177 0 1 0 0 0 0
 272 115067.000 49404.000 0 0 0.000 0.000 0.000 0.135 0 1 0 0 0 0
 273 133255.000 59023.000 0 0 0.000 0.000 0.000 0.145 0 1 0 0 0 0
 274 144705.000 72017.000 0 0 0.000 0.000 0.000 0.133 0 1 0 0 0 0
 275 131852.000 142567.000 0 0 0.000 0.000 0.000 0.134 0 1 0 0 0 0
 276 153112.000 100867.000 0 0 0.000 0.000 0.000 0.164 0 1 0 0 0 0
 277 140190.000 134911.000 0 0 0.000 0.000 0.000 0.130 0 1 0 0 0 0
 278 49209.000 116204.000 0 0 0.000 0.000 0.000 0.130 0 1 0 0 0 0
 279 128746.000 55300.000 0 0 0.000 0.000 0.000 0.137 0 1 0 0 0 0
 280 148926.000 78125.000 0 0 0.000 0.000 0.000 0.136 0 1 0 0 0 0
 281 131781.000 56759.000 0 0 0.000 0.000 0.000 0.145 0 1 0 0 0 0
 282 153745.000 99815.000 0 0 0.000 0.000 0.000 0.153 0 1 0 0 0 0
 283 153889.000 99573.000 0 0 0.000 0.000 0.000 0.143 0 1 0 0 0 0
 284 151392.000 83066.000 0 0 0.000 0.000 0.000 0.137 0 1 0 0 0 0
 285 153893.000 94690.000 0 0 0.000 0.000 0.000 0.133 0 1 0 0 0 0
 286 154139.000 99176.000 0 0 0.000 0.000 0.000 0.171 0 1 0 0 0 0
 287 139776.000 136918.000 0 0 0.000 0.000 0.000 0.136 0 1 0 0 0 0
 288 139689.000 137388.000 0 0 0.000 0.000 0.000 0.169 0 1 0 0 0 0
 289 147240.000 73274.000 0 0 0.000 0.000 0.000 0.134 0 1 0 0 0 0
 290 77033.000 149903.000 0 0 0.000 0.000 0.000 0.130 0 1 0 0 0 0
 291 103666.000 45520.000 0 0 0.000 0.000 0.000 0.140 0 1 0 0 0 0
 292 110678.000 46430.000 0 0 0.000 0.000 0.000 0.136 0 1 0 0 0 0
 293 139185.000 62022.000 0 0 0.000 0.000 0.000 0.139 0 1 0 0 0 0
 294 66763.000 56426.000 0 0 0.000 0.000 0.000 0.136 0 1 0 0 0 0
 295 154825.000 102691.000 0 0 0.000 0.000 0.000 0.132 0 1 0 0 0 0
 296 137020.000 140988.000 0 0 0.000 0.000 0.000 0.143 0 1 0 0 0 0
 297 47336.000 83795.000 0 0 0.000 0.000 0.000 0.139 0 1 0 0 0 0
 298 153185.000 114466.000 0 0 0.000 0.000 0.000 0.159 0 1 0 0 0 0
 299 82848.000 152728.000 0 0 0.000 0.000 0.000 0.135 0 1 0 0 0 0
 300 137704.000 59959.000 0 0 0.000 0.000 0.000 0.166 0 1 0 0 0 0
 301 153566.000 114309.000 0 0 0.000 0.000 0.000 0.132 0 1 0 0 0 0
 302 96057.000 44811.000 0 0 0.000 0.000 0.000 0.131 0 1 0 0 0 0
 303 139305.000 139626.000 0 0 0.000 0.000 0.000 0.144 0 1 0 0 0 0
 304 155823.000 96550.000 0 0 0.000 0.000 0.000 0.146 0 1 0 0 0 0
 305 86639.000 154941.000 0 0 0.000 0.000 0.000 0.141 0 1 0 0 0 0
 306 81328.000 47122.000 0 0 0.000 0.000 0.000 0.134 0 1 0 0 0 0
 307 150572.000 125497.000 0 0 0.000 0.000 0.000 0.136 0 1 0 0 0 0
 308 46747.000 80011.000 0 0 0.000 0.000 0.000 0.146 0 1 0 0 0 0
 309 114747.000 155450.000 0 0 0.000 0.000 0.000 0.134 0 1 0 0 0 0
 310 106406.000 43375.000 0 0 0.000 0.000 0.000 0.145 0 1 0 0 0 0
 311 89472.000 156761.000 0 0 0.000 0.000 0.000 0.160 0 1 0 0 0 0
 312 79778.000 46335.000 0 0 0.000 0.000 0.000 0.152 0 1 0 0 0 0
 313 134856.000 146149.000 0 0 0.000 0.000 0.000 0.145 0 1 0 0 0 0
 314 69409.000 149284.000 0 0 0.000 0.000 0.000 0.152 0 1 0 0 0 0
 315 129683.000 149975.000 0 0 0.000 0.000 0.000 0.145 0 1 0 0 0 0
 316 45304.000 119800.000 0 0 0.000 0.000 0.000 0.134 0 1 0 0 0 0
 317 56170.000 61801.000 0 0 0.000 0.000 0.000 0.146 0 1 0 0 0 0
 318 137525.000 55898.000 0 0 0.000 0.000 0.000 0.169 0 1 0 0 0 0
 319 152178.000 126358.000 0 0 0.000 0.000 0.000 0.140 0 1 0 0 0 0
 320 107521.000 42104.000 0 0 0.000 0.000 0.000 0.133 0 1 0 0 0 0
 321 158085.000 93337.000 0 0 0.000 0.000 0.000 0.165 0 1 0 0 0 0
 322 88602.000 158153.000 0 0 0.000 0.000 0.000 0.137 0 1 0 0 0 0
 323 41440.000 92845.000 0 0 0.000 0.000 0.000 0.145 0 1 0 0 0 0
 324 55869.000 139639.000 0 0 0.000 0.000 0.000 0.158 0 1 0 0 0 0
 325 105383.000 159371.000 0 0 0.000 0.000 0.000 0.136 0 1 0 0 0 0
 326 150383.000 68753.000 0 0 0.000 0.000 0.000 0.136 0 1 0 0 0 0
 327 128088.000 47696.000 0 0 0.000 0.000 0.000 0.131 0 1 0 0 0 0
 328 148170.000 65119.000 0 0 0.000 0.000 0.000 0.130 0 1 0 0 0 0
 329 144832.000 60394.000 0 0 0.000 0.000 0.000 0.133 0 1 0 0 0 0
 330 159365.000 91681.000 0 0 0.000 0.000 0.000 0.171 0 1 0 0 0 0
 331 94279.000 160124.000 0 0 0.000 0.000 0.000 0.137 0 1 0 0 0 0
 332 39863.000 96489.000 0 0 0.000 0.000 0.000 0.140 0 1 0 0 0 0
 333 154502.000 74510.000 0 0 0.000 0.000 0.000 0.131 0 1 0 0 0 0
 334 138349.000 146697.000 0 0 0.000 0.000 0.000 0.243 0 1 0 0 0 0
 335 59306.000 145059.000 0 0 0.000 0.000 0.000 0.134 0 1 0 0 0 0
 336 64466.000 50979.000 0 0 0.000 0.000 0.000 0.140 0 1 0 0 0 0
 337 159962.000 90947.000 0 0 0.000 0.000 0.000 0.157 0 1 0 0 0 0
 338 158105.000 81063.000 0 0 0.000 0.000 0.000 0.135 0 1 0 0 0 0
 339 96541.000 39154.000 0 0 0.000 0.000 0.000 0.131 0 1 0 0 0 0
 340 160589.000 90213.000 0 0 0.000 0.000 0.000 0.395 0 1 0 0 0 0
 341 82642.000 159197.000 0 0 0.000 0.000 0.000 0.153 0 1 0 0 0 0
 342 97437.000 161898.000 0 0 0.000 0.000 0.000 0.139 0 1 0 0 0 0
 343 45287.000 129057.000 0 0 0.000 0.000 0.000 0.138 0 1 0 0 0 0
 344 138090.000 148971.000 0 0 0.000 0.000 0.000 0.177 0 1 0 0 0 0
 345 128415.000 155346.000 0 0 0.000 0.000 0.000 0.141 0 1 0 0 0 0
 346 80223.000 41407.000 0 0 0.000 0.000 0.000 0.130 0 1 0 0 0 0
 347 144151.000 56600.000 0 0 0.000 0.000 0.000 0.147 0 1 0 0 0 0
 348 46051.000 131427.000 0 0 0.000 0.000 0.000 0.137 0 1 0 0 0 0
 349 37893.000 95053.000 0 0 0.000 0.000 0.000 0.131 0 1 0 0 0 0
 350 142239.000 54447.000 0 0 0.000 0.000 0.000 0.136 0 1 0 0 0 0
 351 138036.000 149488.000 0 0 0.000 0.000 0.000 0.204 0 1 0 0 0 0
 352 153994.000 131752.000 0 0 0.000 0.000 0.000 0.133 0 1 0 0 0 0
 353 78136.000 158868.000 0 0 0.000 0.000 0.000 0.132 0 1 0 0 0 0
 354 37873.000 108306.000 0 0 0.000 0.000 0.000 0.132 0 1 0 0 0 0
 355 117655.000 39819.000 0 0 0.000 0.000 0.000 0.134 0 1 0 0 0 0
 356 143265.000 53994.000 0 0 0.000 0.000 0.000 0.167 0 1 0 0 0 0
 357 137886.000 150962.000 0 0 0.000 0.000 0.000 0.161 0 1 0 0 0 0
 358 97543.000 163795.000 0 0 0.000 0.000 0.000 0.164 0 1 0 0 0 0
 359 121538.000 40326.000 0 0 0.000 0.000 0.000 0.156 0 1 0 0 0 0
 360 151587.000 62414.000 0 0 0.000 0.000 0.000 0.135 0 1 0 0 0 0
 361 137785.000 152002.000 0 0 0.000 0.000 0.000 0.150 0 1 0 0 0 0
 362 148294.000 142570.000 0 0 0.000 0.000 0.000 0.151 0 1 0 0 0 0
 363 162769.000 114522.000 0 0 0.000 0.000 0.000 0.146 0 1 0 0 0 0
 364 37951.000 82956.000 0 0 0.000 0.000 0.000 0.132 0 1 0 0 0 0
 365 128754.000 42398.000 0 0 0.000 0.000 0.000 0.148 0 1 0 0 0 0
 366 59652.000 49477.000 0 0 0.000 0.000 0.000 0.139 0 1 0 0 0 0
 367 35227.000 92605.000 0 0 0.000 0.000 0.000 0.165 0 1 0 0 0 0
 368 38730.000 122798.000 0 0 0.000 0.000 0.000 0.138 0 1 0 0 0 0
 369 102804.000 34804.000 0 0 0.000 0.000 0.000 0.144 0 1 0 0 0 0
 370 103586.000 34820.000 0 0 0.000 0.000 0.000 0.148 0 1 0 0 0 0
 371 107906.000 34844.000 0 0 0.000 0.000 0.000 0.168 0 1 0 0 0 0
 372 144104.000 51224.000 0 0 0.000 0.000 0.000 0.135 0 1 0 0 0 0
 373 58465.000 151523.000 0 0 0.000 0.000 0.000 0.154 0 1 0 0 0 0
 374 42938.000 133572.000 0 0 0.000 0.000 0.000 0.146 0 1 0 0 0 0
 375 34208.000 93126.000 0 0 0.000 0.000 0.000 0.138 0 1 0 0 0 0
 376 110629.000 34835.000 0 0 0.000 0.000 0.000 0.138 0 1 0 0 0 0
 377 148418.000 54563.000 0 0 0.000 0.000 0.000 0.140 0 1 0 0 0 0
 378 33551.000 93242.000 0 0 0.000 0.000 0.000 0.136 0 1 0 0 0 0
 379 37662.000 125788.000 0 0 0.000 0.000 0.000 0.135 0 1 0 0 0 0
 380 101137.000 32772.000 0 0 0.000 0.000 0.000 0.135 0 1 0 0 0 0
 381 129025.000 161145.000 0 0 0.000 0.000 0.000 0.139 0 1 0 0 0 0
 382 136375.000 43363.000 0 0 0.000 0.000 0.000 0.136 0 1 0 0 0 0
 383 32460.000 106500.000 0 0 0.000 0.000 0.000 0.135 0 1 0 0 0 0
 384 147818.000 148172.000 0 0 0.000 0.000 0.000 0.136 0 1 0 0 0 0
 385 42588.000 64051.000 0 0 0.000 0.000 0.000 0.142 0 1 0 0 0 0
 386 144552.000 48775.000 0 0 0.000 0.000 0.000 0.148 0 1 0 0 0 0
 387 121302.000 35388.000 0 0 0.000 0.000 0.000 0.133 0 1 0 0 0 0
 388 147886.000 51397.000 0 0 0.000 0.000 0.000 0.134 0 1 0 0 0 0
 389 136891.000 157858.000 0 0 0.000 0.000 0.000 0.142 0 1 0 0 0 0
 390 130266.000 161835.000 0 0 0.000 0.000 0.000 0.149 0 1 0 0 0 0
 391 147844.000 149595.000 0 0 0.000 0.000 0.000 0.135 0 1 0 0 0 0
 392 37568.000 130537.000 0 0 0.000 0.000 0.000 0.135 0 1 0 0 0 0
 393 31122.000 91561.000 0 0 0.000 0.000 0.000 0.149 0 1 0 0 0 0
 394 122281.000 34544.000 0 0 0.000 0.000 0.000 0.143 0 1 0 0 0 0
 395 153040.000 55190.000 0 0 0.000 0.000 0.000 0.142 0 1 0 0 0 0
 396 72261.000 164792.000 0 0 0.000 0.000 0.000 0.144 0 1 0 0 0 0
 397 100197.000 29758.000 0 0 0.000 0.000 0.000 0.136 0 1 0 0 0 0
 398 125493.000 34391.000 0 0 0.000 0.000 0.000 0.142 0 1 0 0 0 0
 399 145066.000 45622.000 0 0 0.000 0.000 0.000 0.144 0 1 0 0 0 0
 400 168566.000 82549.000 0 0 0.000 0.000 0.000 0.167 0 1 0 0 0 0
 401 122595.000 167451.000 0 0 0.000 0.000 0.000 0.132 0 1 0 0 0 0
 402 168872.000 117164.000 0 0 0.000 0.000 0.000 0.135 0 1 0 0 0 0
 403 100191.000 171517.000 0 0 0.000 0.000 0.000 0.145 0 1 0 0 0 0
 404 97749.000 28732.000 0 0 0.000 0.000 0.000 0.137 0 1 0 0 0 0
 405 167813.000 124223.000 0 0 0.000 0.000 0.000 0.141 0 1 0 0 0 0
 406 129103.000 34193.000 0 0 0.000 0.000 0.000 0.298 0 1 0 0 0 0
 407 148598.000 46851.000 0 0 0.000 0.000 0.000 0.136 0 1 0 0 0 0
 408 50799.000 46484.000 0 0 0.000 0.000 0.000 0.142 0 1 0 0 0 0
 409 66313.000 165111.000 0 0 0.000 0.000 0.000 0.168 0 1 0 0 0 0
 410 170598.000 80999.000 0 0 0.000 0.000 0.000 0.138 0 1 0 0 0 0
 411 173194.000 98433.000 0 0 0.000 0.000 0.000 0.139 0 1 0 0 0 0
 412 26849.000 106572.000 0 0 0.000 0.000 0.000 0.133 0 1 0 0 0 0
 413 170721.000 80907.000 0 0 0.000 0.000 0.000 0.137 0 1 0 0 0 0
 414 132144.000 33975.000 0 0 0.000 0.000 0.000 0.135 0 1 0 0 0 0
 415 171023.000 80686.000 0 0 0.000 0.000 0.000 0.361 0 1 0 0 0 0
 416 103420.000 174041.000 0 0 0.000 0.000 0.000 0.145 0 1 0 0 0 0
 417 152786.000 48414.000 0 0 0.000 0.000 0.000 0.130 0 1 0 0 0 0
 418 26691.000 111784.000 0 0 0.000 0.000 0.000 0.136 0 1 0 0 0 0
 419 141378.000 38670.000 0 0 0.000 0.000 0.000 0.148 0 1 0 0 0 0
 420 133406.000 33880.000 0 0 0.000 0.000 0.000 0.187 0 1 0 0 0 0
 421 160675.000 57207.000 0 0 0.000 0.000 0.000 0.148 0 1 0 0 0 0
 422 134218.000 33813.000 0 0 0.000 0.000 0.000 0.148 0 1 0 0 0 0
 423 146455.000 41499.000 0 0 0.000 0.000 0.000 0.171 0 1 0 0 0 0
 424 51348.000 157477.000 0 0 0.000 0.000 0.000 0.133 0 1 0 0 0 0
 425 25835.000 117419.000 0 0 0.000 0.000 0.000 0.138 0 1 0 0 0 0
 426 156193.000 48590.000 0 0 0.000 0.000 0.000 0.140 0 1 0 0 0 0
 427 176185.000 94117.000 0 0 0.000 0.000 0.000 0.131 0 1 0 0 0 0
 428 58571.000 164872.000 0 0 0.000 0.000 0.000 0.133 0 1 0 0 0 0
 429 30348.000 132474.000 0 0 0.000 0.000 0.000 0.137 0 1 0 0 0 0
 430 128528.000 171600.000 0 0 0.000 0.000 0.000 0.138 0 1 0 0 0 0
 431 72405.000 28083.000 0 0 0.000 0.000 0.000 0.148 0 1 0 0 0 0
 432 74782.000 174162.000 0 0 0.000 0.000 0.000 0.134 0 1 0 0 0 0
 433 138688.000 168982.000 0 0 0.000 0.000 0.000 0.131 0 1 0 0 0 0
 434 117572.000 177409.000 0 0 0.000 0.000 0.000 0.142 0 1 0 0 0 0
 435 154068.000 42103.000 0 0 0.000 0.000 0.000 0.132 0 1 0 0 0 0
 436 111753.000 179332.000 0 0 0.000 0.000 0.000 0.142 0 1 0 0 0 0
 437 160876.000 152537.000 0 0 0.000 0.000 0.000 0.132 0 1 0 0 0 0
 438 180003.000 86931.000 0 0 0.000 0.000 0.000 0.141 0 1 0 0 0 0
 439 177738.000 76555.000 0 0 54.000 38.000 2052.000 45.299 0 1 1 210 0 0
 440 142457.000 30556.000 0 0 0.000 0.000 0.000 0.153 0 1 0 0 0 0
 441 18152.000 104591.000 0 0 0.000 0.000 0.000 200000.000 0 1 0 200 0 0
 442 42634.000 41590.000 0 0 0.000 0.000 0.000 0.215 0 1 0 0 0 0
 443 119966.000 179915.000 0 0 0.000 0.000 0.000 0.141 0 1 0 0 0 0
 444 18472.000 110259.000 0 0 0.000 0.000 0.000 0.137 0 1 0 0 0 0
 445 178480.000 76172.000 0 0 54.000 38.000 2052.000 45.299 0 1 1 210 0 0
 446 179034.000 75899.000 0 0 54.000 38.000 2052.000 45.299 0 1 1 210 0 0
 447 123535.000 20785.000 0 0 0.000 0.000 0.000 0.156 0 1 0 0 0 0
 448 41528.000 41301.000 0 0 0.000 0.000 0.000 0.139 0 1 0 0 0 0
 449 179226.000 75802.000 0 0 54.000 38.000 2052.000 45.299 0 1 1 210 0 0
 450 110088.000 183109.000 0 0 0.000 0.000 0.000 0.131 0 1 0 0 0 0
 451 179839.000 75509.000 0 0 54.000 38.000 2052.000 45.299 0 1 1 210 0 0
 452 16362.000 104095.000 0 0 0.000 0.000 0.000 0.146 0 1 0 0 0 0
 453 17948.000 81430.000 0 0 0.000 0.000 0.000 200000.000 0 1 0 200 0 0
 454 19723.000 73524.000 0 0 0.000 0.000 0.000 0.140 0 1 0 0 0 0
 455 161902.000 42263.000 0 0 0.000 0.000 0.000 0.135 0 1 0 0 0 0
 456 32705.000 48082.000 0 0 0.000 0.000 0.000 0.143 0 1 0 0 0 0
 457 128809.000 20096.000 0 0 0.000 0.000 0.000 0.139 0 1 0 0 0 0
 458 180070.000 71552.000 0 0 0.000 0.000 0.000 0.130 0 1 0 0 0 0
 459 82814.000 16809.000 0 0 0.000 0.000 0.000 0.145 0 1 0 0 0 0
 460 181934.000 74606.000 0 0 0.000 0.000 0.000 0.150 0 1 0 0 0 0
 461 77922.000 16649.000 0 0 0.000 0.000 0.000 0.131 0 1 0 0 0 0
 462 182596.000 74346.000 0 0 0.000 0.000 0.000 0.143 0 1 0 0 0 0
 463 183069.000 74167.000 0 0 0.000 0.000 0.000 0.304 0 1 0 0 0 0
 464 23616.000 56819.000 0 0 0.000 0.000 0.000 0.139 0 1 0 0 0 0
 465 36265.000 39915.000 0 0 0.000 0.000 0.000 0.158 0 1 0 0 0 0
 466 159376.000 35397.000 0 0 0.000 0.000 0.000 0.251 0 1 0 0 0 0
 467 183841.000 73898.000 0 0 0.000 0.000 0.000 0.142 0 1 0 0 0 0
 468 144755.000 177055.000 0 0 0.000 0.000 0.000 0.132 0 1 0 0 0 0
 469 15603.000 71115.000 0 0 0.000 0.000 0.000 200000.000 0 1 0 200 0 0
 470 12172.000 83287.000 0 0 0.000 0.000 0.000 200000.000 0 1 0 200 0 0
 471 34645.000 39470.000 0 0 0.000 0.000 0.000 0.133 0 1 0 0 0 0
 472 171877.000 153500.000 0 0 0.000 0.000 0.000 200000.000 0 1 0 200 0 0
 473 10056.000 101629.000 0 0 0.000 0.000 0.000 200000.000 0 1 0 200 0 0
 474 90062.000 189804.000 0 0 0.000 0.000 0.000 0.130 0 1 0 0 0 0
 475 95574.000 10196.000 0 0 0.000 0.000 0.000 0.130 0 1 0 0 0 0
 476 56762.000 179445.000 0 0 0.000 0.000 0.000 0.145 0 1 0 0 0 0
 477 55100.000 20430.000 0 0 0.000 0.000 0.000 0.135 0 1 0 0 0 0
 478 125316.000 12254.000 0 0 0.000 0.000 0.000 0.142 0 1 0 0 0 0
 479 54939.000 20367.000 0 0 0.000 0.000 0.000 0.147 0 1 0 0 0 0
 480 31888.000 38683.000 0 0 0.000 0.000 0.000 0.134 0 1 0 0 0 0
 481 68203.000 13869.000 0 0 0.000 0.000 0.000 0.148 0 1 0 0 0 0
 482 188781.000 72637.000 0 0 0.000 0.000 0.000 0.180 0 1 0 0 0 0
 483 10897.000 72942.000 0 0 0.000 0.000 0.000 200000.000 0 1 0 200 0 0
 484 7365.000 115353.000 0 0 0.000 0.000 0.000 200000.000 0 1 0 200 0 0
 485 9592.000 75655.000 0 0 0.000 0.000 0.000 0.202 0 1 0 0 0 0
 486 49528.000 179363.000 0 0 0.000 0.000 0.000 0.203 0 1 0 0 0 0
 487 189588.000 72504.000 0 0 0.000 0.000 0.000 0.175 0 1 0 0 0 0
 488 5833.000 102904.000 0 0 0.000 0.000 0.000 200000.000 0 1 0 200 0 0
 489 8247.000 76487.000 0 0 0.000 0.000 0.000 200000.000 0 1 0 200 0 0;
ProcessEquipmentIDList 1
  "6632" ;
SummarySpec 5
  TESTNO    NDEFECT    DEFDENSITY    NDIE    NDEFDIE  ;
SummaryList 
  1    489    1.788    1    1  ;
EndOfFile;
