FileVersion 1 2;
FileTimestamp 01-07-26 17:22:41;
InspectionStationID "KLA-Tencor" "SFSSP1" "0901-0728-TBI";
SampleType WAFER;
ResultTimestamp 01-07-26 17:07:56;
LotID "2580";
SampleSize 1 200;
DeviceID "None";
SetupID "T2-2580NR" 01-07-26 17:07:56;
StepID "6545";
SampleOrientationMarkType NOTCH;
OrientationMarkLocation DOWN;
DiePitch 200000 200000;
DieOrigin 0 0;
WaferID "22";
Slot 22;
SampleCenterLocation 100000 100000;
ClassLookup 1
  0 "0"  ;
OrientationInstructions "Front";
CoordinatesMirrored No;
InspectionTest 1;
SampleTestPlan 1
  0 0 ;
AreaPerTest 2.7352e+010;
ClusterClassificationList 3
  1 200 
  2 200 
  3 200 ;
DefectRecordSpec 15 DEFECTID XREL YREL XINDEX YINDEX XSIZE YSIZE DEFECTAREA DSIZE CLASSNUMBER TEST CLUSTERNUMBER ROUGHBINNUMBER FINEBINNUMBER REVIEWSAMPLE ;
DefectList
 1 103549.000 101309.000 0 0 0.000 0.000 0.000 0.133 0 1 0 0 0 0
 2 94927.000 101013.000 0 0 0.000 0.000 0.000 0.140 0 1 0 0 0 0
 3 94428.000 103078.000 0 0 0.000 0.000 0.000 0.141 0 1 0 0 0 0
 4 100975.000 106412.000 0 0 0.000 0.000 0.000 0.159 0 1 0 0 0 0
 5 93983.000 102891.000 0 0 0.000 0.000 0.000 0.132 0 1 0 0 0 0
 6 94769.000 106654.000 0 0 0.000 0.000 0.000 0.142 0 1 0 0 0 0
 7 90454.000 99584.000 0 0 0.000 0.000 0.000 0.146 0 1 0 0 0 0
 8 110797.000 101055.000 0 0 0.000 0.000 0.000 0.133 0 1 0 0 0 0
 9 112090.000 98336.000 0 0 0.000 0.000 0.000 0.137 0 1 0 0 0 0
 10 111972.000 102354.000 0 0 0.000 0.000 0.000 0.134 0 1 0 0 0 0
 11 89940.000 107804.000 0 0 0.000 0.000 0.000 0.155 0 1 0 0 0 0
 12 92914.000 89123.000 0 0 0.000 0.000 0.000 0.137 0 1 0 0 0 0
 13 104933.000 112999.000 0 0 0.000 0.000 0.000 0.141 0 1 0 0 0 0
 14 89860.000 88258.000 0 0 0.000 0.000 0.000 0.137 0 1 0 0 0 0
 15 93119.000 85124.000 0 0 0.000 0.000 0.000 0.135 0 1 0 0 0 0
 16 116514.000 98176.000 0 0 0.000 0.000 0.000 0.151 0 1 0 0 0 0
 17 83397.000 103170.000 0 0 0.000 0.000 0.000 0.152 0 1 0 0 0 0
 18 90616.000 114623.000 0 0 0.000 0.000 0.000 0.135 0 1 0 0 0 0
 19 82716.000 98110.000 0 0 0.000 0.000 0.000 0.138 0 1 0 0 0 0
 20 94691.000 117010.000 0 0 0.000 0.000 0.000 0.135 0 1 0 0 0 0
 21 89427.000 114244.000 0 0 0.000 0.000 0.000 0.142 0 1 0 0 0 0
 22 108554.000 84821.000 0 0 0.000 0.000 0.000 0.135 0 1 0 0 0 0
 23 85052.000 90535.000 0 0 0.000 0.000 0.000 0.143 0 1 0 0 0 0
 24 86703.000 87961.000 0 0 0.000 0.000 0.000 0.136 0 1 0 0 0 0
 25 87651.000 114847.000 0 0 0.000 0.000 0.000 0.150 0 1 0 0 0 0
 26 116979.000 109008.000 0 0 0.000 0.000 0.000 0.141 0 1 0 0 0 0
 27 103721.000 81157.000 0 0 0.000 0.000 0.000 0.159 0 1 0 0 0 0
 28 90653.000 117903.000 0 0 0.000 0.000 0.000 0.146 0 1 0 0 0 0
 29 113692.000 115508.000 0 0 0.000 0.000 0.000 0.136 0 1 0 0 0 0
 30 117737.000 88508.000 0 0 0.000 0.000 0.000 0.143 0 1 0 0 0 0
 31 120817.000 95392.000 0 0 0.000 0.000 0.000 0.131 0 1 0 0 0 0
 32 119736.000 108469.000 0 0 0.000 0.000 0.000 0.135 0 1 0 0 0 0
 33 119342.000 90685.000 0 0 0.000 0.000 0.000 0.136 0 1 0 0 0 0
 34 107458.000 79744.000 0 0 0.000 0.000 0.000 0.154 0 1 0 0 0 0
 35 78424.000 95777.000 0 0 0.000 0.000 0.000 0.130 0 1 0 0 0 0
 36 121484.000 105267.000 0 0 0.000 0.000 0.000 0.133 0 1 0 0 0 0
 37 120098.000 109411.000 0 0 0.000 0.000 0.000 0.131 0 1 0 0 0 0
 38 107500.000 121082.000 0 0 0.000 0.000 0.000 0.150 0 1 0 0 0 0
 39 109974.000 80437.000 0 0 0.000 0.000 0.000 0.132 0 1 0 0 0 0
 40 77632.000 102185.000 0 0 0.000 0.000 0.000 0.133 0 1 0 0 0 0
 41 95297.000 77710.000 0 0 0.000 0.000 0.000 0.140 0 1 0 0 0 0
 42 76940.000 103574.000 0 0 0.000 0.000 0.000 0.144 0 1 0 0 0 0
 43 117353.000 116066.000 0 0 0.000 0.000 0.000 0.149 0 1 0 0 0 0
 44 107162.000 77605.000 0 0 0.000 0.000 0.000 0.132 0 1 0 0 0 0
 45 121097.000 111912.000 0 0 0.000 0.000 0.000 0.136 0 1 0 0 0 0
 46 120832.000 88084.000 0 0 0.000 0.000 0.000 0.162 0 1 0 0 0 0
 47 116195.000 118959.000 0 0 0.000 0.000 0.000 0.141 0 1 0 0 0 0
 48 87422.000 121907.000 0 0 0.000 0.000 0.000 0.140 0 1 0 0 0 0
 49 82952.000 80218.000 0 0 0.000 0.000 0.000 0.136 0 1 0 0 0 0
 50 125157.000 92583.000 0 0 0.000 0.000 0.000 0.148 0 1 0 0 0 0
 51 115855.000 77820.000 0 0 0.000 0.000 0.000 0.149 0 1 0 0 0 0
 52 103283.000 127804.000 0 0 0.000 0.000 0.000 0.141 0 1 0 0 0 0
 53 92857.000 127706.000 0 0 0.000 0.000 0.000 0.130 0 1 0 0 0 0
 54 73176.000 90644.000 0 0 0.000 0.000 0.000 0.153 0 1 0 0 0 0
 55 95735.000 72125.000 0 0 0.000 0.000 0.000 0.158 0 1 0 0 0 0
 56 99524.000 70848.000 0 0 0.000 0.000 0.000 0.134 0 1 0 0 0 0
 57 114767.000 125688.000 0 0 0.000 0.000 0.000 0.135 0 1 0 0 0 0
 58 71073.000 93556.000 0 0 0.000 0.000 0.000 0.153 0 1 0 0 0 0
 59 70006.000 102348.000 0 0 0.000 0.000 0.000 0.132 0 1 0 0 0 0
 60 114752.000 126339.000 0 0 0.000 0.000 0.000 0.130 0 1 0 0 0 0
 61 89142.000 128570.000 0 0 0.000 0.000 0.000 0.136 0 1 0 0 0 0
 62 93148.000 70100.000 0 0 0.000 0.000 0.000 0.132 0 1 0 0 0 0
 63 119587.000 124224.000 0 0 0.000 0.000 0.000 0.137 0 1 0 0 0 0
 64 69505.000 94358.000 0 0 0.000 0.000 0.000 0.133 0 1 0 0 0 0
 65 121213.000 77718.000 0 0 0.000 0.000 0.000 0.148 0 1 0 0 0 0
 66 70503.000 89655.000 0 0 0.000 0.000 0.000 0.134 0 1 0 0 0 0
 67 70997.000 113188.000 0 0 0.000 0.000 0.000 0.139 0 1 0 0 0 0
 68 70133.000 89741.000 0 0 0.000 0.000 0.000 0.131 0 1 0 0 0 0
 69 80117.000 75262.000 0 0 0.000 0.000 0.000 0.143 0 1 0 0 0 0
 70 95003.000 68003.000 0 0 0.000 0.000 0.000 0.152 0 1 0 0 0 0
 71 80167.000 126421.000 0 0 0.000 0.000 0.000 0.156 0 1 0 0 0 0
 72 120821.000 73488.000 0 0 0.000 0.000 0.000 0.135 0 1 0 0 0 0
 73 64410.000 104440.000 0 0 0.000 0.000 0.000 0.137 0 1 0 0 0 0
 74 125119.000 74705.000 0 0 0.000 0.000 0.000 0.135 0 1 0 0 0 0
 75 127982.000 77847.000 0 0 0.000 0.000 0.000 0.136 0 1 0 0 0 0
 76 108186.000 135295.000 0 0 0.000 0.000 0.000 0.145 0 1 0 0 0 0
 77 110498.000 65585.000 0 0 0.000 0.000 0.000 0.133 0 1 0 0 0 0
 78 110977.000 65453.000 0 0 0.000 0.000 0.000 0.137 0 1 0 0 0 0
 79 123863.000 72697.000 0 0 0.000 0.000 0.000 0.131 0 1 0 0 0 0
 80 128176.000 123369.000 0 0 0.000 0.000 0.000 0.140 0 1 0 0 0 0
 81 115908.000 67302.000 0 0 0.000 0.000 0.000 0.130 0 1 0 0 0 0
 82 95956.000 63585.000 0 0 0.000 0.000 0.000 0.149 0 1 0 0 0 0
 83 63274.000 104897.000 0 0 0.000 0.000 0.000 0.136 0 1 0 0 0 0
 84 72637.000 125490.000 0 0 0.000 0.000 0.000 0.140 0 1 0 0 0 0
 85 91804.000 63955.000 0 0 0.000 0.000 0.000 0.150 0 1 0 0 0 0
 86 62700.000 104346.000 0 0 0.000 0.000 0.000 0.147 0 1 0 0 0 0
 87 132010.000 120102.000 0 0 0.000 0.000 0.000 0.142 0 1 0 0 0 0
 88 71471.000 75217.000 0 0 0.000 0.000 0.000 0.136 0 1 0 0 0 0
 89 66750.000 80257.000 0 0 0.000 0.000 0.000 0.149 0 1 0 0 0 0
 90 74976.000 68503.000 0 0 0.000 0.000 0.000 0.145 0 1 0 0 0 0
 91 140182.000 104106.000 0 0 0.000 0.000 0.000 0.159 0 1 0 0 0 0
 92 130283.000 127522.000 0 0 0.000 0.000 0.000 0.130 0 1 0 0 0 0
 93 88255.000 139328.000 0 0 0.000 0.000 0.000 0.143 0 1 0 0 0 0
 94 139160.000 87818.000 0 0 0.000 0.000 0.000 0.132 0 1 0 0 0 0
 95 83848.000 61553.000 0 0 0.000 0.000 0.000 0.143 0 1 0 0 0 0
 96 142083.000 96748.000 0 0 0.000 0.000 0.000 0.133 0 1 0 0 0 0
 97 139257.000 84154.000 0 0 0.000 0.000 0.000 0.130 0 1 0 0 0 0
 98 63236.000 78595.000 0 0 0.000 0.000 0.000 0.140 0 1 0 0 0 0
 99 104520.000 57486.000 0 0 0.000 0.000 0.000 0.154 0 1 0 0 0 0
 100 81617.000 139495.000 0 0 0.000 0.000 0.000 0.141 0 1 0 0 0 0
 101 104835.000 143469.000 0 0 0.000 0.000 0.000 0.162 0 1 0 0 0 0
 102 122112.000 61496.000 0 0 0.000 0.000 0.000 0.139 0 1 0 0 0 0
 103 89486.000 143854.000 0 0 0.000 0.000 0.000 0.130 0 1 0 0 0 0
 104 82270.000 57716.000 0 0 0.000 0.000 0.000 0.147 0 1 0 0 0 0
 105 100585.000 146311.000 0 0 0.000 0.000 0.000 0.144 0 1 0 0 0 0
 106 92002.000 145613.000 0 0 0.000 0.000 0.000 0.138 0 1 0 0 0 0
 107 53596.000 101008.000 0 0 0.000 0.000 0.000 0.130 0 1 0 0 0 0
 108 68288.000 134808.000 0 0 0.000 0.000 0.000 0.131 0 1 0 0 0 0
 109 79308.000 57912.000 0 0 0.000 0.000 0.000 0.130 0 1 0 0 0 0
 110 53703.000 89388.000 0 0 0.000 0.000 0.000 0.131 0 1 0 0 0 0
 111 147553.000 99459.000 0 0 0.000 0.000 0.000 0.131 0 1 0 0 0 0
 112 104338.000 52647.000 0 0 0.000 0.000 0.000 0.140 0 1 0 0 0 0
 113 58139.000 123798.000 0 0 0.000 0.000 0.000 0.131 0 1 0 0 0 0
 114 146920.000 111042.000 0 0 0.000 0.000 0.000 0.137 0 1 0 0 0 0
 115 140856.000 125692.000 0 0 0.000 0.000 0.000 0.164 0 1 0 0 0 0
 116 117485.000 55021.000 0 0 0.000 0.000 0.000 0.140 0 1 0 0 0 0
 117 148754.000 101202.000 0 0 0.000 0.000 0.000 0.130 0 1 0 0 0 0
 118 124482.000 57306.000 0 0 0.000 0.000 0.000 0.130 0 1 0 0 0 0
 119 134445.000 135989.000 0 0 0.000 0.000 0.000 0.148 0 1 0 0 0 0
 120 145836.000 119550.000 0 0 0.000 0.000 0.000 0.157 0 1 0 0 0 0
 121 70225.000 58069.000 0 0 0.000 0.000 0.000 0.183 0 1 0 0 0 0
 122 48204.000 103548.000 0 0 0.000 0.000 0.000 0.140 0 1 0 0 0 0
 123 141069.000 68435.000 0 0 0.000 0.000 0.000 0.136 0 1 0 0 0 0
 124 128085.000 144982.000 0 0 0.000 0.000 0.000 0.132 0 1 0 0 0 0
 125 136673.000 138822.000 0 0 0.000 0.000 0.000 0.152 0 1 0 0 0 0
 126 148540.000 123640.000 0 0 0.000 0.000 0.000 0.138 0 1 0 0 0 0
 127 115036.000 47950.000 0 0 0.000 0.000 0.000 0.145 0 1 0 0 0 0
 128 59543.000 62721.000 0 0 0.000 0.000 0.000 0.155 0 1 0 0 0 0
 129 45004.000 106555.000 0 0 0.000 0.000 0.000 0.132 0 1 0 0 0 0
 130 155192.000 96388.000 0 0 0.000 0.000 0.000 0.144 0 1 0 0 0 0
 131 91176.000 154915.000 0 0 0.000 0.000 0.000 0.132 0 1 0 0 0 0
 132 85990.000 153841.000 0 0 0.000 0.000 0.000 0.136 0 1 0 0 0 0
 133 114475.000 46127.000 0 0 0.000 0.000 0.000 0.130 0 1 0 0 0 0
 134 128982.000 148174.000 0 0 0.000 0.000 0.000 0.137 0 1 0 0 0 0
 135 79910.000 47501.000 0 0 0.000 0.000 0.000 0.137 0 1 0 0 0 0
 136 70316.000 51621.000 0 0 0.000 0.000 0.000 0.150 0 1 0 0 0 0
 137 142817.000 138678.000 0 0 0.000 0.000 0.000 0.140 0 1 0 0 0 0
 138 127343.000 151271.000 0 0 0.000 0.000 0.000 0.135 0 1 0 0 0 0
 139 43687.000 84390.000 0 0 0.000 0.000 0.000 0.133 0 1 0 0 0 0
 140 43500.000 115687.000 0 0 0.000 0.000 0.000 0.144 0 1 0 0 0 0
 141 43332.000 115363.000 0 0 0.000 0.000 0.000 0.134 0 1 0 0 0 0
 142 43033.000 85648.000 0 0 0.000 0.000 0.000 0.213 0 1 0 0 0 0
 143 133243.000 148686.000 0 0 0.000 0.000 0.000 0.168 0 1 0 0 0 0
 144 78524.000 45170.000 0 0 0.000 0.000 0.000 0.137 0 1 0 0 0 0
 145 73040.000 47172.000 0 0 0.000 0.000 0.000 0.138 0 1 0 0 0 0
 146 97671.000 40596.000 0 0 0.000 0.000 0.000 0.130 0 1 0 0 0 0
 147 107302.000 40804.000 0 0 0.000 0.000 0.000 0.131 0 1 0 0 0 0
 148 46955.000 128634.000 0 0 0.000 0.000 0.000 0.132 0 1 0 0 0 0
 149 68616.000 48804.000 0 0 0.000 0.000 0.000 0.147 0 1 0 0 0 0
 150 83697.000 41945.000 0 0 0.000 0.000 0.000 0.144 0 1 0 0 0 0
 151 117542.000 159125.000 0 0 0.000 0.000 0.000 0.133 0 1 0 0 0 0
 152 150486.000 136266.000 0 0 0.000 0.000 0.000 0.133 0 1 0 0 0 0
 153 50902.000 139721.000 0 0 0.000 0.000 0.000 0.132 0 1 0 0 0 0
 154 162378.000 109139.000 0 0 0.000 0.000 0.000 0.138 0 1 0 0 0 0
 155 36770.000 97438.000 0 0 0.000 0.000 0.000 0.139 0 1 0 0 0 0
 156 163038.000 95220.000 0 0 0.000 0.000 0.000 0.145 0 1 0 0 0 0
 157 127648.000 157176.000 0 0 0.000 0.000 0.000 0.133 0 1 0 0 0 0
 158 150636.000 61865.000 0 0 0.000 0.000 0.000 0.130 0 1 0 0 0 0
 159 67147.000 154660.000 0 0 0.000 0.000 0.000 0.131 0 1 0 0 0 0
 160 145691.000 54988.000 0 0 0.000 0.000 0.000 0.130 0 1 0 0 0 0
 161 39079.000 122092.000 0 0 0.000 0.000 0.000 0.133 0 1 0 0 0 0
 162 134006.000 44045.000 0 0 0.000 0.000 0.000 0.134 0 1 0 0 0 0
 163 155279.000 64152.000 0 0 0.000 0.000 0.000 0.131 0 1 0 0 0 0
 164 138600.000 45771.000 0 0 0.000 0.000 0.000 0.140 0 1 0 0 0 0
 165 134252.000 157692.000 0 0 0.000 0.000 0.000 0.137 0 1 0 0 0 0
 166 68026.000 41243.000 0 0 0.000 0.000 0.000 0.135 0 1 0 0 0 0
 167 36502.000 77415.000 0 0 0.000 0.000 0.000 0.136 0 1 0 0 0 0
 168 136970.000 42917.000 0 0 0.000 0.000 0.000 0.130 0 1 0 0 0 0
 169 88601.000 32796.000 0 0 0.000 0.000 0.000 0.133 0 1 0 0 0 0
 170 113723.000 31095.000 0 0 0.000 0.000 0.000 0.139 0 1 0 0 0 0
 171 102508.000 29664.000 0 0 0.000 0.000 0.000 0.138 0 1 0 0 0 0
 172 56909.000 42057.000 0 0 0.000 0.000 0.000 0.130 0 1 0 0 0 0
 173 171599.000 89497.000 0 0 0.000 0.000 0.000 0.135 0 1 0 0 0 0
 174 27851.000 90080.000 0 0 0.000 0.000 0.000 0.137 0 1 0 0 0 0
 175 44807.000 148988.000 0 0 0.000 0.000 0.000 0.139 0 1 0 0 0 0
 176 38093.000 145083.000 0 0 0.000 0.000 0.000 0.147 0 1 0 0 0 0
 177 23866.000 112105.000 0 0 0.000 0.000 0.000 0.139 0 1 0 0 0 0
 178 152944.000 161380.000 0 0 0.000 0.000 0.000 0.132 0 1 0 0 0 0
 179 39086.000 163045.000 0 0 0.000 0.000 0.000 0.275 0 1 0 0 0 0
 180 33128.000 157305.000 0 0 52.000 52.000 2704.000 52.000 0 1 1 200 0 0
 181 32978.000 157178.000 0 0 54.000 52.000 2808.000 52.990 0 1 1 200 0 0
 182 38560.000 164192.000 0 0 0.000 0.000 0.000 0.203 0 1 0 0 0 0
 183 32480.000 158100.000 0 0 0.000 0.000 0.000 0.254 0 1 0 0 0 0
 184 46530.000 172005.000 0 0 48.000 56.000 2688.000 51.845 0 1 2 200 0 0
 185 46319.000 171906.000 0 0 48.000 56.000 2688.000 51.845 0 1 2 200 0 0
 186 46064.000 171746.000 0 0 50.000 54.000 2700.000 51.961 0 1 2 200 0 0
 187 45949.000 171557.000 0 0 50.000 54.000 2700.000 51.961 0 1 2 200 0 0
 188 45832.000 171386.000 0 0 50.000 54.000 2700.000 51.961 0 1 2 200 0 0
 189 44523.000 172363.000 0 0 0.000 0.000 0.000 0.215 0 1 0 0 0 0
 190 49251.000 178075.000 0 0 48.000 54.000 2592.000 50.911 0 1 3 200 0 0
 191 49272.000 178240.000 0 0 48.000 54.000 2592.000 50.911 0 1 3 200 0 0
 192 13441.000 134413.000 0 0 0.000 0.000 0.000 0.391 0 1 0 0 0 0
 193 49381.000 178554.000 0 0 48.000 56.000 2688.000 51.845 0 1 3 200 0 0
 194 49340.000 178452.000 0 0 48.000 55.000 2640.000 51.380 0 1 3 200 0 0
 195 49319.000 178388.000 0 0 48.000 54.000 2592.000 50.911 0 1 3 200 0 0
 196 49540.000 179094.000 0 0 48.000 56.000 2688.000 51.845 0 1 3 200 0 0
 197 49581.000 179206.000 0 0 48.000 56.000 2688.000 51.845 0 1 3 200 0 0
 198 48002.000 178539.000 0 0 0.000 0.000 0.000 0.240 0 1 0 0 0 0
 199 47805.000 178290.000 0 0 0.000 0.000 0.000 0.469 0 1 0 0 0 0
 200 48189.000 178795.000 0 0 0.000 0.000 0.000 0.255 0 1 0 0 0 0
 201 48059.000 178648.000 0 0 0.000 0.000 0.000 0.218 0 1 0 0 0 0
 202 33305.000 157140.000 0 0 178.042 207.814 36999.827 192.353 0 1 1 200 0 0
 203 33135.000 157200.000 0 0 246.786 288.487 71194.903 266.823 0 1 1 200 0 0
 204 49618.000 178513.000 0 0 26.337 16.901 445.139 21.098 0 1 3 200 0 0
 205 49564.000 178480.000 0 0 18.804 12.085 227.257 15.075 0 1 3 200 0 0
 206 49546.000 178670.000 0 0 173.479 111.258 19301.169 138.928 0 1 3 200 0 0
 207 49508.000 178849.000 0 0 79.370 50.826 4034.078 63.514 0 1 3 200 0 0
 208 49433.000 178800.000 0 0 18.881 12.116 228.778 15.125 0 1 3 200 0 0;
ProcessEquipmentIDList 1
  "6632" ;
SummarySpec 5
  TESTNO    NDEFECT    DEFDENSITY    NDIE    NDEFDIE  ;
SummaryList 
  1    208    0.7605    1    1  ;
EndOfFile;
