FileVersion 1 2;
FileTimestamp 01-07-26 23:40:29;
InspectionStationID "KLA-Tencor" "SFSSP1" "0901-0728-TBI";
SampleType WAFER;
ResultTimestamp 01-07-26 23:38:16;
LotID "2580";
SampleSize 1 200;
DeviceID "None";
SetupID "T2-2580NR" 01-07-26 23:38:16;
StepID "6545";
SampleOrientationMarkType NOTCH;
OrientationMarkLocation DOWN;
DiePitch 200000 200000;
DieOrigin 0 0;
WaferID "03";
Slot 3;
SampleCenterLocation 100000 100000;
ClassLookup 1
  0 "0"  ;
OrientationInstructions "Front";
CoordinatesMirrored No;
InspectionTest 1;
SampleTestPlan 1
  0 0 ;
AreaPerTest 2.73522e+010;
DefectRecordSpec 15 DEFECTID XREL YREL XINDEX YINDEX XSIZE YSIZE DEFECTAREA DSIZE CLASSNUMBER TEST CLUSTERNUMBER ROUGHBINNUMBER FINEBINNUMBER REVIEWSAMPLE ;
DefectList
 1 96279.000 100099.000 0 0 0.000 0.000 0.000 0.136 0 1 0 0 0 0
 2 103838.000 94741.000 0 0 0.000 0.000 0.000 0.139 0 1 0 0 0 0
 3 93252.000 102118.000 0 0 0.000 0.000 0.000 0.144 0 1 0 0 0 0
 4 97438.000 92594.000 0 0 0.000 0.000 0.000 0.147 0 1 0 0 0 0
 5 102079.000 91215.000 0 0 0.000 0.000 0.000 0.142 0 1 0 0 0 0
 6 98070.000 108566.000 0 0 0.000 0.000 0.000 0.157 0 1 0 0 0 0
 7 108578.000 104379.000 0 0 0.000 0.000 0.000 0.149 0 1 0 0 0 0
 8 100489.000 114716.000 0 0 0.000 0.000 0.000 0.137 0 1 0 0 0 0
 9 115919.000 101676.000 0 0 0.000 0.000 0.000 0.147 0 1 0 0 0 0
 10 104167.000 83655.000 0 0 0.000 0.000 0.000 0.154 0 1 0 0 0 0
 11 109496.000 85881.000 0 0 0.000 0.000 0.000 0.134 0 1 0 0 0 0
 12 113995.000 90126.000 0 0 0.000 0.000 0.000 0.151 0 1 0 0 0 0
 13 104131.000 83135.000 0 0 0.000 0.000 0.000 0.156 0 1 0 0 0 0
 14 108861.000 116239.000 0 0 0.000 0.000 0.000 0.132 0 1 0 0 0 0
 15 119025.000 96763.000 0 0 0.000 0.000 0.000 0.143 0 1 0 0 0 0
 16 117931.000 106860.000 0 0 0.000 0.000 0.000 0.140 0 1 0 0 0 0
 17 98967.000 119585.000 0 0 0.000 0.000 0.000 0.137 0 1 0 0 0 0
 18 113347.000 83192.000 0 0 0.000 0.000 0.000 0.149 0 1 0 0 0 0
 19 89193.000 80803.000 0 0 0.000 0.000 0.000 0.136 0 1 0 0 0 0
 20 84299.000 117160.000 0 0 0.000 0.000 0.000 0.147 0 1 0 0 0 0
 21 113797.000 80362.000 0 0 0.000 0.000 0.000 0.141 0 1 0 0 0 0
 22 118286.000 116602.000 0 0 0.000 0.000 0.000 0.140 0 1 0 0 0 0
 23 111038.000 77424.000 0 0 0.000 0.000 0.000 0.138 0 1 0 0 0 0
 24 121106.000 85782.000 0 0 0.000 0.000 0.000 0.136 0 1 0 0 0 0
 25 75768.000 106650.000 0 0 0.000 0.000 0.000 0.134 0 1 0 0 0 0
 26 100646.000 73989.000 0 0 0.000 0.000 0.000 0.130 0 1 0 0 0 0
 27 100827.000 125954.000 0 0 0.000 0.000 0.000 0.133 0 1 0 0 0 0
 28 124170.000 88670.000 0 0 0.000 0.000 0.000 0.158 0 1 0 0 0 0
 29 77943.000 115410.000 0 0 0.000 0.000 0.000 0.131 0 1 0 0 0 0
 30 81789.000 121693.000 0 0 0.000 0.000 0.000 0.143 0 1 0 0 0 0
 31 74631.000 113036.000 0 0 0.000 0.000 0.000 0.138 0 1 0 0 0 0
 32 127952.000 106802.000 0 0 0.000 0.000 0.000 0.134 0 1 0 0 0 0
 33 107583.000 128392.000 0 0 0.000 0.000 0.000 0.149 0 1 0 0 0 0
 34 104454.000 129020.000 0 0 0.000 0.000 0.000 0.135 0 1 0 0 0 0
 35 83218.000 124054.000 0 0 0.000 0.000 0.000 0.138 0 1 0 0 0 0
 36 123578.000 81092.000 0 0 0.000 0.000 0.000 0.134 0 1 0 0 0 0
 37 127287.000 85531.000 0 0 0.000 0.000 0.000 0.133 0 1 0 0 0 0
 38 73687.000 115726.000 0 0 0.000 0.000 0.000 0.142 0 1 0 0 0 0
 39 116930.000 125830.000 0 0 0.000 0.000 0.000 0.133 0 1 0 0 0 0
 40 124428.000 119403.000 0 0 0.000 0.000 0.000 0.130 0 1 0 0 0 0
 41 103865.000 131059.000 0 0 0.000 0.000 0.000 0.132 0 1 0 0 0 0
 42 70433.000 87257.000 0 0 0.000 0.000 0.000 0.164 0 1 0 0 0 0
 43 99800.000 132009.000 0 0 0.000 0.000 0.000 0.132 0 1 0 0 0 0
 44 75751.000 121096.000 0 0 0.000 0.000 0.000 0.132 0 1 0 0 0 0
 45 132531.000 98785.000 0 0 0.000 0.000 0.000 0.139 0 1 0 0 0 0
 46 103272.000 66909.000 0 0 0.000 0.000 0.000 0.145 0 1 0 0 0 0
 47 78751.000 74089.000 0 0 0.000 0.000 0.000 0.132 0 1 0 0 0 0
 48 76651.000 123735.000 0 0 0.000 0.000 0.000 0.142 0 1 0 0 0 0
 49 67058.000 106421.000 0 0 0.000 0.000 0.000 0.146 0 1 0 0 0 0
 50 88080.000 68142.000 0 0 0.000 0.000 0.000 0.130 0 1 0 0 0 0
 51 127465.000 79570.000 0 0 0.000 0.000 0.000 0.130 0 1 0 0 0 0
 52 67879.000 112158.000 0 0 0.000 0.000 0.000 0.153 0 1 0 0 0 0
 53 132835.000 111631.000 0 0 0.000 0.000 0.000 0.139 0 1 0 0 0 0
 54 109523.000 65310.000 0 0 0.000 0.000 0.000 0.132 0 1 0 0 0 0
 55 75932.000 73003.000 0 0 0.000 0.000 0.000 0.137 0 1 0 0 0 0
 56 97109.000 63881.000 0 0 0.000 0.000 0.000 0.130 0 1 0 0 0 0
 57 111174.000 134215.000 0 0 0.000 0.000 0.000 0.146 0 1 0 0 0 0
 58 63874.000 104021.000 0 0 0.000 0.000 0.000 0.154 0 1 0 0 0 0
 59 136118.000 105269.000 0 0 0.000 0.000 0.000 0.149 0 1 0 0 0 0
 60 110505.000 134812.000 0 0 0.000 0.000 0.000 0.138 0 1 0 0 0 0
 61 137396.000 100356.000 0 0 0.000 0.000 0.000 0.135 0 1 0 0 0 0
 62 71006.000 123223.000 0 0 0.000 0.000 0.000 0.144 0 1 0 0 0 0
 63 62740.000 97396.000 0 0 0.000 0.000 0.000 0.137 0 1 0 0 0 0
 64 64115.000 89356.000 0 0 0.000 0.000 0.000 0.130 0 1 0 0 0 0
 65 136499.000 110749.000 0 0 0.000 0.000 0.000 0.144 0 1 0 0 0 0
 66 132427.000 79288.000 0 0 0.000 0.000 0.000 0.140 0 1 0 0 0 0
 67 135829.000 113529.000 0 0 0.000 0.000 0.000 0.165 0 1 0 0 0 0
 68 86297.000 135841.000 0 0 0.000 0.000 0.000 0.134 0 1 0 0 0 0
 69 63322.000 87356.000 0 0 0.000 0.000 0.000 0.145 0 1 0 0 0 0
 70 87455.000 136502.000 0 0 0.000 0.000 0.000 0.149 0 1 0 0 0 0
 71 62530.000 87544.000 0 0 0.000 0.000 0.000 0.139 0 1 0 0 0 0
 72 104076.000 139465.000 0 0 0.000 0.000 0.000 0.140 0 1 0 0 0 0
 73 100261.000 139745.000 0 0 0.000 0.000 0.000 0.137 0 1 0 0 0 0
 74 66223.000 72847.000 0 0 0.000 0.000 0.000 0.144 0 1 0 0 0 0
 75 119255.000 60710.000 0 0 0.000 0.000 0.000 0.131 0 1 0 0 0 0
 76 115916.000 58616.000 0 0 0.000 0.000 0.000 0.142 0 1 0 0 0 0
 77 55082.000 96675.000 0 0 0.000 0.000 0.000 0.137 0 1 0 0 0 0
 78 78236.000 139408.000 0 0 0.000 0.000 0.000 0.148 0 1 0 0 0 0
 79 56918.000 85777.000 0 0 0.000 0.000 0.000 0.133 0 1 0 0 0 0
 80 128271.000 136535.000 0 0 0.000 0.000 0.000 0.140 0 1 0 0 0 0
 81 141421.000 78261.000 0 0 0.000 0.000 0.000 0.135 0 1 0 0 0 0
 82 130346.000 135889.000 0 0 0.000 0.000 0.000 0.131 0 1 0 0 0 0
 83 102786.000 52127.000 0 0 0.000 0.000 0.000 0.137 0 1 0 0 0 0
 84 110657.000 53333.000 0 0 0.000 0.000 0.000 0.131 0 1 0 0 0 0
 85 93854.000 147296.000 0 0 0.000 0.000 0.000 0.141 0 1 0 0 0 0
 86 135883.000 131820.000 0 0 0.000 0.000 0.000 0.134 0 1 0 0 0 0
 87 67627.000 63174.000 0 0 0.000 0.000 0.000 0.134 0 1 0 0 0 0
 88 83018.000 145603.000 0 0 0.000 0.000 0.000 0.154 0 1 0 0 0 0
 89 67440.000 63105.000 0 0 0.000 0.000 0.000 0.137 0 1 0 0 0 0
 90 148949.000 93835.000 0 0 0.000 0.000 0.000 0.130 0 1 0 0 0 0
 91 98763.000 50146.000 0 0 0.000 0.000 0.000 0.135 0 1 0 0 0 0
 92 134076.000 63386.000 0 0 0.000 0.000 0.000 0.142 0 1 0 0 0 0
 93 146088.000 79419.000 0 0 0.000 0.000 0.000 0.137 0 1 0 0 0 0
 94 69601.000 59238.000 0 0 0.000 0.000 0.000 0.130 0 1 0 0 0 0
 95 109540.000 49991.000 0 0 0.000 0.000 0.000 0.138 0 1 0 0 0 0
 96 56436.000 73081.000 0 0 0.000 0.000 0.000 200000.000 0 1 0 200 0 0
 97 130914.000 58846.000 0 0 0.000 0.000 0.000 0.131 0 1 0 0 0 0
 98 147969.000 118164.000 0 0 0.000 0.000 0.000 0.134 0 1 0 0 0 0
 99 112612.000 149397.000 0 0 0.000 0.000 0.000 0.161 0 1 0 0 0 0
 100 73733.000 55220.000 0 0 0.000 0.000 0.000 0.130 0 1 0 0 0 0
 101 56528.000 73202.000 0 0 0.000 0.000 0.000 200000.000 0 1 0 200 0 0
 102 50942.000 81042.000 0 0 0.000 0.000 0.000 0.136 0 1 0 0 0 0
 103 61432.000 135630.000 0 0 0.000 0.000 0.000 0.134 0 1 0 0 0 0
 104 77504.000 150051.000 0 0 0.000 0.000 0.000 0.136 0 1 0 0 0 0
 105 73210.000 51657.000 0 0 0.000 0.000 0.000 0.131 0 1 0 0 0 0
 106 124874.000 149890.000 0 0 0.000 0.000 0.000 0.134 0 1 0 0 0 0
 107 140365.000 139533.000 0 0 0.000 0.000 0.000 0.144 0 1 0 0 0 0
 108 104579.000 156211.000 0 0 0.000 0.000 0.000 0.132 0 1 0 0 0 0
 109 64754.000 144158.000 0 0 0.000 0.000 0.000 0.149 0 1 0 0 0 0
 110 48539.000 124851.000 0 0 0.000 0.000 0.000 0.136 0 1 0 0 0 0
 111 142306.000 138679.000 0 0 0.000 0.000 0.000 0.137 0 1 0 0 0 0
 112 42725.000 94437.000 0 0 0.000 0.000 0.000 200000.000 0 1 0 200 0 0
 113 77946.000 46420.000 0 0 0.000 0.000 0.000 0.139 0 1 0 0 0 0
 114 63386.000 54905.000 0 0 0.000 0.000 0.000 200000.000 0 1 0 200 0 0
 115 63419.000 54868.000 0 0 0.000 0.000 0.000 200000.000 0 1 0 200 0 0
 116 61164.000 142680.000 0 0 0.000 0.000 0.000 0.135 0 1 0 0 0 0
 117 41388.000 99000.000 0 0 0.000 0.000 0.000 0.132 0 1 0 0 0 0
 118 76215.000 45774.000 0 0 0.000 0.000 0.000 0.144 0 1 0 0 0 0
 119 155394.000 77780.000 0 0 0.000 0.000 0.000 0.149 0 1 0 0 0 0
 120 41295.000 85740.000 0 0 0.000 0.000 0.000 0.236 0 1 0 0 0 0
 121 41109.000 85166.000 0 0 0.000 0.000 0.000 0.205 0 1 0 0 0 0
 122 147042.000 60725.000 0 0 0.000 0.000 0.000 0.130 0 1 0 0 0 0
 123 38948.000 102707.000 0 0 0.000 0.000 0.000 0.142 0 1 0 0 0 0
 124 40462.000 85755.000 0 0 0.000 0.000 0.000 0.138 0 1 0 0 0 0
 125 151946.000 67118.000 0 0 0.000 0.000 0.000 0.166 0 1 0 0 0 0
 126 40283.000 114267.000 0 0 0.000 0.000 0.000 0.147 0 1 0 0 0 0
 127 157516.000 122536.000 0 0 0.000 0.000 0.000 0.136 0 1 0 0 0 0
 128 66737.000 45633.000 0 0 0.000 0.000 0.000 200000.000 0 1 0 200 0 0
 129 66779.000 45800.000 0 0 0.000 0.000 0.000 200000.000 0 1 0 200 0 0
 130 160725.000 121214.000 0 0 0.000 0.000 0.000 0.138 0 1 0 0 0 0
 131 124058.000 160275.000 0 0 0.000 0.000 0.000 0.131 0 1 0 0 0 0
 132 52749.000 145512.000 0 0 0.000 0.000 0.000 0.134 0 1 0 0 0 0
 133 165315.000 90122.000 0 0 0.000 0.000 0.000 0.134 0 1 0 0 0 0
 134 117794.000 163865.000 0 0 0.000 0.000 0.000 0.137 0 1 0 0 0 0
 135 59807.000 153286.000 0 0 0.000 0.000 0.000 0.140 0 1 0 0 0 0
 136 69455.000 159910.000 0 0 0.000 0.000 0.000 0.149 0 1 0 0 0 0
 137 153170.000 141556.000 0 0 0.000 0.000 0.000 0.158 0 1 0 0 0 0
 138 34452.000 82166.000 0 0 0.000 0.000 0.000 0.135 0 1 0 0 0 0
 139 59679.000 155769.000 0 0 0.000 0.000 0.000 0.138 0 1 0 0 0 0
 140 31084.000 112231.000 0 0 0.000 0.000 0.000 0.141 0 1 0 0 0 0
 141 31641.000 82040.000 0 0 0.000 0.000 0.000 200000.000 0 1 0 200 0 0
 142 31750.000 82125.000 0 0 0.000 0.000 0.000 200000.000 0 1 0 200 0 0
 143 44356.000 55416.000 0 0 0.000 0.000 0.000 200000.000 0 1 0 200 0 0
 144 44321.000 55459.000 0 0 0.000 0.000 0.000 200000.000 0 1 0 200 0 0
 145 97569.000 27652.000 0 0 0.000 0.000 0.000 0.138 0 1 0 0 0 0
 146 53527.000 44641.000 0 0 0.000 0.000 0.000 0.243 0 1 0 0 0 0
 147 171845.000 91946.000 0 0 0.000 0.000 0.000 0.134 0 1 0 0 0 0
 148 161409.000 138444.000 0 0 0.000 0.000 0.000 0.131 0 1 0 0 0 0
 149 172168.000 107711.000 0 0 0.000 0.000 0.000 0.243 0 1 0 0 0 0
 150 46696.000 50342.000 0 0 0.000 0.000 0.000 200000.000 0 1 0 200 0 0
 151 27408.000 94376.000 0 0 0.000 0.000 0.000 200000.000 0 1 0 200 0 0
 152 27382.000 94322.000 0 0 0.000 0.000 0.000 200000.000 0 1 0 200 0 0
 153 40683.000 58653.000 0 0 0.000 0.000 0.000 200000.000 0 1 0 200 0 0
 154 27671.000 111078.000 0 0 0.000 0.000 0.000 0.137 0 1 0 0 0 0
 155 89115.000 26737.000 0 0 0.000 0.000 0.000 200000.000 0 1 0 200 0 0
 156 40755.000 55351.000 0 0 0.000 0.000 0.000 200000.000 0 1 0 200 0 0
 157 57200.000 39514.000 0 0 0.000 0.000 0.000 0.131 0 1 0 0 0 0
 158 167226.000 131840.000 0 0 0.000 0.000 0.000 0.133 0 1 0 0 0 0
 159 174982.000 98449.000 0 0 0.000 0.000 0.000 0.165 0 1 0 0 0 0
 160 30722.000 70728.000 0 0 0.000 0.000 0.000 200000.000 0 1 0 200 0 0
 161 30650.000 70640.000 0 0 0.000 0.000 0.000 200000.000 0 1 0 200 0 0
 162 48228.000 44692.000 0 0 0.000 0.000 0.000 200000.000 0 1 0 200 0 0
 163 24761.000 109569.000 0 0 0.000 0.000 0.000 200000.000 0 1 0 200 0 0
 164 55904.000 37732.000 0 0 0.000 0.000 0.000 200000.000 0 1 0 200 0 0
 165 85272.000 24709.000 0 0 0.000 0.000 0.000 200000.000 0 1 0 200 0 0
 166 48197.000 44738.000 0 0 0.000 0.000 0.000 200000.000 0 1 0 200 0 0
 167 85253.000 24881.000 0 0 0.000 0.000 0.000 200000.000 0 1 0 200 0 0
 168 43452.000 47841.000 0 0 0.000 0.000 0.000 200000.000 0 1 0 200 0 0
 169 68613.000 29293.000 0 0 0.000 0.000 0.000 200000.000 0 1 0 200 0 0
 170 122624.000 25623.000 0 0 0.000 0.000 0.000 0.140 0 1 0 0 0 0
 171 43487.000 47803.000 0 0 0.000 0.000 0.000 200000.000 0 1 0 200 0 0
 172 27770.000 69594.000 0 0 0.000 0.000 0.000 200000.000 0 1 0 200 0 0
 173 26008.000 127321.000 0 0 0.000 0.000 0.000 200000.000 0 1 0 200 0 0
 174 51429.000 37252.000 0 0 0.000 0.000 0.000 200000.000 0 1 0 200 0 0
 175 84677.000 23054.000 0 0 0.000 0.000 0.000 200000.000 0 1 0 200 0 0
 176 51399.000 37299.000 0 0 0.000 0.000 0.000 200000.000 0 1 0 200 0 0
 177 78207.000 23289.000 0 0 0.000 0.000 0.000 0.135 0 1 0 0 0 0
 178 79511.000 22468.000 0 0 0.000 0.000 0.000 200000.000 0 1 0 200 0 0
 179 79542.000 22372.000 0 0 0.000 0.000 0.000 200000.000 0 1 0 200 0 0
 180 29231.000 62133.000 0 0 0.000 0.000 0.000 200000.000 0 1 0 200 0 0
 181 78015.000 22617.000 0 0 0.000 0.000 0.000 200000.000 0 1 0 200 0 0
 182 146959.000 164741.000 0 0 0.000 0.000 0.000 0.206 0 1 0 0 0 0
 183 35601.000 51743.000 0 0 0.000 0.000 0.000 200000.000 0 1 0 200 0 0
 184 78003.000 22757.000 0 0 0.000 0.000 0.000 200000.000 0 1 0 200 0 0
 185 178678.000 80936.000 0 0 0.000 0.000 0.000 0.133 0 1 0 0 0 0
 186 25059.000 69680.000 0 0 0.000 0.000 0.000 0.356 0 1 0 0 0 0
 187 85487.000 20038.000 0 0 0.000 0.000 0.000 0.144 0 1 0 0 0 0
 188 28193.000 61551.000 0 0 0.000 0.000 0.000 200000.000 0 1 0 200 0 0
 189 38112.000 47094.000 0 0 0.000 0.000 0.000 0.228 0 1 0 0 0 0
 190 85361.000 19327.000 0 0 0.000 0.000 0.000 200000.000 0 1 0 200 0 0
 191 85339.000 19505.000 0 0 0.000 0.000 0.000 200000.000 0 1 0 200 0 0
 192 100634.000 17991.000 0 0 0.000 0.000 0.000 200000.000 0 1 0 200 0 0
 193 27145.000 62439.000 0 0 0.000 0.000 0.000 0.134 0 1 0 0 0 0
 194 28204.000 61618.000 0 0 0.000 0.000 0.000 200000.000 0 1 0 200 0 0
 195 26748.000 62112.000 0 0 0.000 0.000 0.000 200000.000 0 1 0 200 0 0
 196 58493.000 29047.000 0 0 0.000 0.000 0.000 200000.000 0 1 0 200 0 0
 197 19793.000 77736.000 0 0 0.000 0.000 0.000 200000.000 0 1 0 200 0 0
 198 19786.000 77676.000 0 0 0.000 0.000 0.000 200000.000 0 1 0 200 0 0
 199 17022.000 90156.000 0 0 0.000 0.000 0.000 200000.000 0 1 0 200 0 0
 200 53311.000 30633.000 0 0 0.000 0.000 0.000 200000.000 0 1 0 200 0 0
 201 17045.000 90215.000 0 0 0.000 0.000 0.000 200000.000 0 1 0 200 0 0
 202 51177.000 31708.000 0 0 0.000 0.000 0.000 200000.000 0 1 0 200 0 0
 203 103861.000 16034.000 0 0 0.000 0.000 0.000 200000.000 0 1 0 200 0 0
 204 19403.000 79119.000 0 0 0.000 0.000 0.000 200000.000 0 1 0 200 0 0
 205 51194.000 31822.000 0 0 0.000 0.000 0.000 200000.000 0 1 0 200 0 0
 206 17816.000 79153.000 0 0 0.000 0.000 0.000 200000.000 0 1 0 200 0 0
 207 37759.000 41978.000 0 0 0.000 0.000 0.000 200000.000 0 1 0 200 0 0
 208 65415.000 21598.000 0 0 0.000 0.000 0.000 200000.000 0 1 0 200 0 0
 209 57520.000 25602.000 0 0 0.000 0.000 0.000 200000.000 0 1 0 200 0 0
 210 65420.000 21738.000 0 0 0.000 0.000 0.000 200000.000 0 1 0 200 0 0
 211 28950.000 53566.000 0 0 0.000 0.000 0.000 200000.000 0 1 0 200 0 0
 212 37809.000 42097.000 0 0 0.000 0.000 0.000 200000.000 0 1 0 200 0 0
 213 44929.000 33982.000 0 0 0.000 0.000 0.000 200000.000 0 1 0 200 0 0
 214 25932.000 55725.000 0 0 0.000 0.000 0.000 0.327 0 1 0 0 0 0
 215 17318.000 77031.000 0 0 0.000 0.000 0.000 200000.000 0 1 0 200 0 0
 216 93696.000 12614.000 0 0 0.000 0.000 0.000 200000.000 0 1 0 200 0 0
 217 60887.000 21670.000 0 0 0.000 0.000 0.000 200000.000 0 1 0 200 0 0
 218 110862.000 12703.000 0 0 0.000 0.000 0.000 200000.000 0 1 0 200 0 0
 219 110804.000 12731.000 0 0 0.000 0.000 0.000 200000.000 0 1 0 200 0 0
 220 12251.000 107799.000 0 0 0.000 0.000 0.000 200000.000 0 1 0 200 0 0
 221 29220.000 48949.000 0 0 0.000 0.000 0.000 200000.000 0 1 0 200 0 0
 222 39171.000 35101.000 0 0 0.000 0.000 0.000 200000.000 0 1 0 200 0 0
 223 39164.000 35013.000 0 0 0.000 0.000 0.000 200000.000 0 1 0 200 0 0
 224 184201.000 71581.000 0 0 0.000 0.000 0.000 0.173 0 1 0 0 0 0
 225 66756.000 17118.000 0 0 0.000 0.000 0.000 0.284 0 1 0 0 0 0
 226 154727.000 29076.000 0 0 0.000 0.000 0.000 0.145 0 1 0 0 0 0
 227 13004.000 79533.000 0 0 0.000 0.000 0.000 200000.000 0 1 0 200 0 0
 228 38627.000 34172.000 0 0 0.000 0.000 0.000 0.221 0 1 0 0 0 0
 229 116311.000 11303.000 0 0 0.000 0.000 0.000 200000.000 0 1 0 200 0 0
 230 40781.000 31264.000 0 0 0.000 0.000 0.000 200000.000 0 1 0 200 0 0
 231 83947.000 10772.000 0 0 0.000 0.000 0.000 200000.000 0 1 0 200 0 0
 232 15945.000 65722.000 0 0 0.000 0.000 0.000 200000.000 0 1 0 200 0 0
 233 11232.000 76760.000 0 0 0.000 0.000 0.000 200000.000 0 1 0 200 0 0
 234 60490.000 17886.000 0 0 0.000 0.000 0.000 200000.000 0 1 0 200 0 0
 235 9717.000 88252.000 0 0 0.000 0.000 0.000 200000.000 0 1 0 200 0 0
 236 27027.000 46104.000 0 0 0.000 0.000 0.000 200000.000 0 1 0 200 0 0
 237 11350.000 76849.000 0 0 0.000 0.000 0.000 200000.000 0 1 0 200 0 0
 238 42023.000 28443.000 0 0 0.000 0.000 0.000 200000.000 0 1 0 200 0 0
 239 53760.000 21585.000 0 0 0.000 0.000 0.000 200000.000 0 1 0 200 0 0
 240 13310.000 68831.000 0 0 0.000 0.000 0.000 200000.000 0 1 0 200 0 0
 241 11963.000 72123.000 0 0 0.000 0.000 0.000 0.469 0 1 0 0 0 0
 242 50722.000 21563.000 0 0 0.000 0.000 0.000 200000.000 0 1 0 200 0 0
 243 25555.000 44455.000 0 0 0.000 0.000 0.000 200000.000 0 1 0 200 0 0
 244 77222.000 10655.000 0 0 0.000 0.000 0.000 200000.000 0 1 0 200 0 0
 245 14871.000 62576.000 0 0 0.000 0.000 0.000 200000.000 0 1 0 200 0 0
 246 23668.000 45608.000 0 0 0.000 0.000 0.000 200000.000 0 1 0 200 0 0
 247 66418.000 187024.000 0 0 0.000 0.000 0.000 0.279 0 1 0 0 0 0
 248 23743.000 45726.000 0 0 0.000 0.000 0.000 200000.000 0 1 0 200 0 0
 249 53358.000 17994.000 0 0 0.000 0.000 0.000 200000.000 0 1 0 200 0 0
 250 43068.000 25880.000 0 0 0.000 0.000 0.000 200000.000 0 1 0 200 0 0
 251 39745.000 27664.000 0 0 0.000 0.000 0.000 200000.000 0 1 0 200 0 0
 252 10114.000 71411.000 0 0 0.000 0.000 0.000 200000.000 0 1 0 200 0 0
 253 8778.000 78805.000 0 0 0.000 0.000 0.000 200000.000 0 1 0 200 0 0
 254 22438.000 46210.000 0 0 0.000 0.000 0.000 0.136 0 1 0 0 0 0
 255 43594.000 23987.000 0 0 0.000 0.000 0.000 200000.000 0 1 0 200 0 0
 256 34052.000 31981.000 0 0 0.000 0.000 0.000 200000.000 0 1 0 200 0 0
 257 34056.000 31902.000 0 0 0.000 0.000 0.000 200000.000 0 1 0 200 0 0
 258 21964.000 45945.000 0 0 0.000 0.000 0.000 200000.000 0 1 0 200 0 0
 259 26553.000 39828.000 0 0 0.000 0.000 0.000 0.254 0 1 0 0 0 0
 260 17922.000 53328.000 0 0 0.000 0.000 0.000 200000.000 0 1 0 200 0 0
 261 13899.000 59968.000 0 0 0.000 0.000 0.000 0.141 0 1 0 0 0 0
 262 17809.000 53047.000 0 0 0.000 0.000 0.000 200000.000 0 1 0 200 0 0
 263 21883.000 46109.000 0 0 0.000 0.000 0.000 200000.000 0 1 0 200 0 0
 264 7120.000 119713.000 0 0 0.000 0.000 0.000 0.138 0 1 0 0 0 0;
ProcessEquipmentIDList 1
  "6632" ;
SummarySpec 5
  TESTNO    NDEFECT    DEFDENSITY    NDIE    NDEFDIE  ;
SummaryList 
  1    264    0.9652    1    1  ;
EndOfFile;
