FileVersion 1 2;
FileTimestamp 01-07-26 17:21:34;
InspectionStationID "KLA-Tencor" "SFSSP1" "0901-0728-TBI";
SampleType WAFER;
ResultTimestamp 01-07-26 17:07:56;
LotID "2580";
SampleSize 1 200;
DeviceID "None";
SetupID "T2-2580NR" 01-07-26 17:07:56;
StepID "6545";
SampleOrientationMarkType NOTCH;
OrientationMarkLocation DOWN;
DiePitch 200000 200000;
DieOrigin 0 0;
WaferID "20";
Slot 20;
SampleCenterLocation 100000 100000;
ClassLookup 1
  0 "0"  ;
OrientationInstructions "Front";
CoordinatesMirrored No;
InspectionTest 1;
SampleTestPlan 1
  0 0 ;
AreaPerTest 2.73515e+010;
DefectRecordSpec 15 DEFECTID XREL YREL XINDEX YINDEX XSIZE YSIZE DEFECTAREA DSIZE CLASSNUMBER TEST CLUSTERNUMBER ROUGHBINNUMBER FINEBINNUMBER REVIEWSAMPLE ;
DefectList
 1 97406.000 101518.000 0 0 0.000 0.000 0.000 0.136 0 1 0 0 0 0
 2 102765.000 101935.000 0 0 0.000 0.000 0.000 0.143 0 1 0 0 0 0
 3 104914.000 98791.000 0 0 0.000 0.000 0.000 0.141 0 1 0 0 0 0
 4 103219.000 95191.000 0 0 0.000 0.000 0.000 0.143 0 1 0 0 0 0
 5 103080.000 105503.000 0 0 0.000 0.000 0.000 0.135 0 1 0 0 0 0
 6 95024.000 96001.000 0 0 0.000 0.000 0.000 0.139 0 1 0 0 0 0
 7 94929.000 94600.000 0 0 0.000 0.000 0.000 0.135 0 1 0 0 0 0
 8 96448.000 93024.000 0 0 0.000 0.000 0.000 0.131 0 1 0 0 0 0
 9 98516.000 90828.000 0 0 0.000 0.000 0.000 0.132 0 1 0 0 0 0
 10 103042.000 90775.000 0 0 0.000 0.000 0.000 0.152 0 1 0 0 0 0
 11 89950.000 94175.000 0 0 0.000 0.000 0.000 0.143 0 1 0 0 0 0
 12 102833.000 87822.000 0 0 0.000 0.000 0.000 0.133 0 1 0 0 0 0
 13 101808.000 85355.000 0 0 0.000 0.000 0.000 0.143 0 1 0 0 0 0
 14 109985.000 113055.000 0 0 0.000 0.000 0.000 0.139 0 1 0 0 0 0
 15 97498.000 116725.000 0 0 0.000 0.000 0.000 0.137 0 1 0 0 0 0
 16 109286.000 114426.000 0 0 0.000 0.000 0.000 0.130 0 1 0 0 0 0
 17 92649.000 84666.000 0 0 0.000 0.000 0.000 0.148 0 1 0 0 0 0
 18 103264.000 82995.000 0 0 0.000 0.000 0.000 0.131 0 1 0 0 0 0
 19 85182.000 110028.000 0 0 0.000 0.000 0.000 0.136 0 1 0 0 0 0
 20 105201.000 83252.000 0 0 0.000 0.000 0.000 0.154 0 1 0 0 0 0
 21 104424.000 81663.000 0 0 0.000 0.000 0.000 0.145 0 1 0 0 0 0
 22 111471.000 116277.000 0 0 0.000 0.000 0.000 0.142 0 1 0 0 0 0
 23 117211.000 110418.000 0 0 0.000 0.000 0.000 0.142 0 1 0 0 0 0
 24 116267.000 87953.000 0 0 0.000 0.000 0.000 0.133 0 1 0 0 0 0
 25 79056.000 108143.000 0 0 0.000 0.000 0.000 0.137 0 1 0 0 0 0
 26 88057.000 119505.000 0 0 0.000 0.000 0.000 0.133 0 1 0 0 0 0
 27 115293.000 83555.000 0 0 0.000 0.000 0.000 0.142 0 1 0 0 0 0
 28 117915.000 114143.000 0 0 0.000 0.000 0.000 0.135 0 1 0 0 0 0
 29 121067.000 88565.000 0 0 0.000 0.000 0.000 0.135 0 1 0 0 0 0
 30 77279.000 108524.000 0 0 0.000 0.000 0.000 0.133 0 1 0 0 0 0
 31 78693.000 112609.000 0 0 0.000 0.000 0.000 0.133 0 1 0 0 0 0
 32 123471.000 107558.000 0 0 0.000 0.000 0.000 0.136 0 1 0 0 0 0
 33 75282.000 95681.000 0 0 0.000 0.000 0.000 0.131 0 1 0 0 0 0
 34 84270.000 119992.000 0 0 0.000 0.000 0.000 0.152 0 1 0 0 0 0
 35 96891.000 125401.000 0 0 0.000 0.000 0.000 0.133 0 1 0 0 0 0
 36 76611.000 88595.000 0 0 0.000 0.000 0.000 0.143 0 1 0 0 0 0
 37 75266.000 110556.000 0 0 0.000 0.000 0.000 0.132 0 1 0 0 0 0
 38 113035.000 76820.000 0 0 0.000 0.000 0.000 0.139 0 1 0 0 0 0
 39 124947.000 89418.000 0 0 0.000 0.000 0.000 0.135 0 1 0 0 0 0
 40 72738.000 98728.000 0 0 0.000 0.000 0.000 0.132 0 1 0 0 0 0
 41 81118.000 120067.000 0 0 0.000 0.000 0.000 0.153 0 1 0 0 0 0
 42 103950.000 73033.000 0 0 0.000 0.000 0.000 0.137 0 1 0 0 0 0
 43 73845.000 110306.000 0 0 0.000 0.000 0.000 0.148 0 1 0 0 0 0
 44 112759.000 74905.000 0 0 0.000 0.000 0.000 0.142 0 1 0 0 0 0
 45 72251.000 92082.000 0 0 0.000 0.000 0.000 0.140 0 1 0 0 0 0
 46 71739.000 91555.000 0 0 0.000 0.000 0.000 0.149 0 1 0 0 0 0
 47 73502.000 86698.000 0 0 0.000 0.000 0.000 0.134 0 1 0 0 0 0
 48 85279.000 126363.000 0 0 0.000 0.000 0.000 0.153 0 1 0 0 0 0
 49 125301.000 117233.000 0 0 0.000 0.000 0.000 0.145 0 1 0 0 0 0
 50 131977.000 95539.000 0 0 0.000 0.000 0.000 0.150 0 1 0 0 0 0
 51 120209.000 126021.000 0 0 0.000 0.000 0.000 0.140 0 1 0 0 0 0
 52 132645.000 107878.000 0 0 0.000 0.000 0.000 0.142 0 1 0 0 0 0
 53 79036.000 126548.000 0 0 0.000 0.000 0.000 0.152 0 1 0 0 0 0
 54 123618.000 76106.000 0 0 0.000 0.000 0.000 0.135 0 1 0 0 0 0
 55 66120.000 101783.000 0 0 0.000 0.000 0.000 0.131 0 1 0 0 0 0
 56 68354.000 88156.000 0 0 0.000 0.000 0.000 0.132 0 1 0 0 0 0
 57 73004.000 79457.000 0 0 0.000 0.000 0.000 0.158 0 1 0 0 0 0
 58 68043.000 87698.000 0 0 0.000 0.000 0.000 0.157 0 1 0 0 0 0
 59 74013.000 77412.000 0 0 0.000 0.000 0.000 0.133 0 1 0 0 0 0
 60 75305.000 125328.000 0 0 0.000 0.000 0.000 0.136 0 1 0 0 0 0
 61 135809.000 99389.000 0 0 0.000 0.000 0.000 0.130 0 1 0 0 0 0
 62 99742.000 136861.000 0 0 0.000 0.000 0.000 0.143 0 1 0 0 0 0
 63 102557.000 63634.000 0 0 0.000 0.000 0.000 0.140 0 1 0 0 0 0
 64 86499.000 134454.000 0 0 0.000 0.000 0.000 0.140 0 1 0 0 0 0
 65 123182.000 71584.000 0 0 0.000 0.000 0.000 0.137 0 1 0 0 0 0
 66 96325.000 137166.000 0 0 0.000 0.000 0.000 0.133 0 1 0 0 0 0
 67 133393.000 84038.000 0 0 0.000 0.000 0.000 0.136 0 1 0 0 0 0
 68 106545.000 137054.000 0 0 0.000 0.000 0.000 0.140 0 1 0 0 0 0
 69 70455.000 77068.000 0 0 0.000 0.000 0.000 0.156 0 1 0 0 0 0
 70 107896.000 63240.000 0 0 0.000 0.000 0.000 0.136 0 1 0 0 0 0
 71 63679.000 111371.000 0 0 0.000 0.000 0.000 0.139 0 1 0 0 0 0
 72 100240.000 62222.000 0 0 0.000 0.000 0.000 0.146 0 1 0 0 0 0
 73 133420.000 81778.000 0 0 0.000 0.000 0.000 0.152 0 1 0 0 0 0
 74 62620.000 88551.000 0 0 0.000 0.000 0.000 0.161 0 1 0 0 0 0
 75 94074.000 61367.000 0 0 0.000 0.000 0.000 0.162 0 1 0 0 0 0
 76 111600.000 61720.000 0 0 0.000 0.000 0.000 0.130 0 1 0 0 0 0
 77 135760.000 118773.000 0 0 0.000 0.000 0.000 0.131 0 1 0 0 0 0
 78 94411.000 140165.000 0 0 0.000 0.000 0.000 0.162 0 1 0 0 0 0
 79 92347.000 60193.000 0 0 0.000 0.000 0.000 0.134 0 1 0 0 0 0
 80 140463.000 95836.000 0 0 0.000 0.000 0.000 0.150 0 1 0 0 0 0
 81 98637.000 59276.000 0 0 0.000 0.000 0.000 0.134 0 1 0 0 0 0
 82 139971.000 109375.000 0 0 0.000 0.000 0.000 0.139 0 1 0 0 0 0
 83 73901.000 68039.000 0 0 0.000 0.000 0.000 0.130 0 1 0 0 0 0
 84 139269.000 86478.000 0 0 0.000 0.000 0.000 0.133 0 1 0 0 0 0
 85 90087.000 59588.000 0 0 0.000 0.000 0.000 0.148 0 1 0 0 0 0
 86 140434.000 113074.000 0 0 0.000 0.000 0.000 0.141 0 1 0 0 0 0
 87 139184.000 83407.000 0 0 0.000 0.000 0.000 0.146 0 1 0 0 0 0
 88 140412.000 85280.000 0 0 0.000 0.000 0.000 0.137 0 1 0 0 0 0
 89 143327.000 101622.000 0 0 0.000 0.000 0.000 0.147 0 1 0 0 0 0
 90 62870.000 123038.000 0 0 0.000 0.000 0.000 0.134 0 1 0 0 0 0
 91 132551.000 129351.000 0 0 0.000 0.000 0.000 0.151 0 1 0 0 0 0
 92 131041.000 69384.000 0 0 0.000 0.000 0.000 0.134 0 1 0 0 0 0
 93 109200.000 56679.000 0 0 0.000 0.000 0.000 0.143 0 1 0 0 0 0
 94 131860.000 68656.000 0 0 0.000 0.000 0.000 0.135 0 1 0 0 0 0
 95 143962.000 91538.000 0 0 0.000 0.000 0.000 0.141 0 1 0 0 0 0
 96 116035.000 142065.000 0 0 0.000 0.000 0.000 0.144 0 1 0 0 0 0
 97 137308.000 125192.000 0 0 0.000 0.000 0.000 0.131 0 1 0 0 0 0
 98 75676.000 61563.000 0 0 0.000 0.000 0.000 0.151 0 1 0 0 0 0
 99 143840.000 87045.000 0 0 0.000 0.000 0.000 0.132 0 1 0 0 0 0
 100 135769.000 128812.000 0 0 0.000 0.000 0.000 0.203 0 1 0 0 0 0
 101 123116.000 140195.000 0 0 0.000 0.000 0.000 0.143 0 1 0 0 0 0
 102 53422.000 97628.000 0 0 0.000 0.000 0.000 0.146 0 1 0 0 0 0
 103 103198.000 53551.000 0 0 0.000 0.000 0.000 0.131 0 1 0 0 0 0
 104 116420.000 144258.000 0 0 0.000 0.000 0.000 0.136 0 1 0 0 0 0
 105 144234.000 116411.000 0 0 0.000 0.000 0.000 0.130 0 1 0 0 0 0
 106 70430.000 63190.000 0 0 0.000 0.000 0.000 0.147 0 1 0 0 0 0
 107 138003.000 70442.000 0 0 0.000 0.000 0.000 0.146 0 1 0 0 0 0
 108 147645.000 90924.000 0 0 0.000 0.000 0.000 0.133 0 1 0 0 0 0
 109 126649.000 59573.000 0 0 0.000 0.000 0.000 0.130 0 1 0 0 0 0
 110 52897.000 86358.000 0 0 0.000 0.000 0.000 0.160 0 1 0 0 0 0
 111 53637.000 83845.000 0 0 0.000 0.000 0.000 0.130 0 1 0 0 0 0
 112 98862.000 51130.000 0 0 0.000 0.000 0.000 0.155 0 1 0 0 0 0
 113 62045.000 68225.000 0 0 0.000 0.000 0.000 0.166 0 1 0 0 0 0
 114 112498.000 148792.000 0 0 0.000 0.000 0.000 0.153 0 1 0 0 0 0
 115 119053.000 53756.000 0 0 0.000 0.000 0.000 0.135 0 1 0 0 0 0
 116 109162.000 149736.000 0 0 0.000 0.000 0.000 0.136 0 1 0 0 0 0
 117 49397.000 101137.000 0 0 0.000 0.000 0.000 0.137 0 1 0 0 0 0
 118 74772.000 56040.000 0 0 0.000 0.000 0.000 0.143 0 1 0 0 0 0
 119 137258.000 134891.000 0 0 0.000 0.000 0.000 0.131 0 1 0 0 0 0
 120 151045.000 101817.000 0 0 0.000 0.000 0.000 0.132 0 1 0 0 0 0
 121 63198.000 64604.000 0 0 0.000 0.000 0.000 0.138 0 1 0 0 0 0
 122 150193.000 89749.000 0 0 0.000 0.000 0.000 0.145 0 1 0 0 0 0
 123 62834.000 136054.000 0 0 0.000 0.000 0.000 0.133 0 1 0 0 0 0
 124 72913.000 144312.000 0 0 0.000 0.000 0.000 0.131 0 1 0 0 0 0
 125 50274.000 117210.000 0 0 0.000 0.000 0.000 0.143 0 1 0 0 0 0
 126 152837.000 97803.000 0 0 0.000 0.000 0.000 0.133 0 1 0 0 0 0
 127 116000.000 49441.000 0 0 0.000 0.000 0.000 0.165 0 1 0 0 0 0
 128 81343.000 49742.000 0 0 0.000 0.000 0.000 0.134 0 1 0 0 0 0
 129 87606.000 152773.000 0 0 0.000 0.000 0.000 0.130 0 1 0 0 0 0
 130 147874.000 73011.000 0 0 0.000 0.000 0.000 0.132 0 1 0 0 0 0
 131 73091.000 149192.000 0 0 0.000 0.000 0.000 0.134 0 1 0 0 0 0
 132 155341.000 92579.000 0 0 0.000 0.000 0.000 0.147 0 1 0 0 0 0
 133 124817.000 150349.000 0 0 0.000 0.000 0.000 0.153 0 1 0 0 0 0
 134 78259.000 48323.000 0 0 0.000 0.000 0.000 0.169 0 1 0 0 0 0
 135 74170.000 150578.000 0 0 0.000 0.000 0.000 0.130 0 1 0 0 0 0
 136 57484.000 138015.000 0 0 0.000 0.000 0.000 0.137 0 1 0 0 0 0
 137 138940.000 58408.000 0 0 0.000 0.000 0.000 0.140 0 1 0 0 0 0
 138 107290.000 157059.000 0 0 0.000 0.000 0.000 0.136 0 1 0 0 0 0
 139 70019.000 149311.000 0 0 0.000 0.000 0.000 0.130 0 1 0 0 0 0
 140 46764.000 78079.000 0 0 0.000 0.000 0.000 0.143 0 1 0 0 0 0
 141 138082.000 56957.000 0 0 0.000 0.000 0.000 0.138 0 1 0 0 0 0
 142 141710.000 60396.000 0 0 0.000 0.000 0.000 0.150 0 1 0 0 0 0
 143 66271.000 53129.000 0 0 0.000 0.000 0.000 0.135 0 1 0 0 0 0
 144 137426.000 55688.000 0 0 0.000 0.000 0.000 0.133 0 1 0 0 0 0
 145 158265.000 96679.000 0 0 0.000 0.000 0.000 0.144 0 1 0 0 0 0
 146 41482.000 103613.000 0 0 0.000 0.000 0.000 0.133 0 1 0 0 0 0
 147 146767.000 64951.000 0 0 0.000 0.000 0.000 0.130 0 1 0 0 0 0
 148 84366.000 43573.000 0 0 0.000 0.000 0.000 0.136 0 1 0 0 0 0
 149 58426.000 58099.000 0 0 0.000 0.000 0.000 0.141 0 1 0 0 0 0
 150 120249.000 44456.000 0 0 0.000 0.000 0.000 0.131 0 1 0 0 0 0
 151 125723.000 46737.000 0 0 0.000 0.000 0.000 0.132 0 1 0 0 0 0
 152 89795.000 159103.000 0 0 0.000 0.000 0.000 0.144 0 1 0 0 0 0
 153 82200.000 157823.000 0 0 0.000 0.000 0.000 0.130 0 1 0 0 0 0
 154 57641.000 57046.000 0 0 0.000 0.000 0.000 0.146 0 1 0 0 0 0
 155 52353.000 137765.000 0 0 0.000 0.000 0.000 0.130 0 1 0 0 0 0
 156 58763.000 54255.000 0 0 0.000 0.000 0.000 0.132 0 1 0 0 0 0
 157 134078.000 151915.000 0 0 0.000 0.000 0.000 0.210 0 1 0 0 0 0
 158 41865.000 122290.000 0 0 0.000 0.000 0.000 0.130 0 1 0 0 0 0
 159 161940.000 93624.000 0 0 0.000 0.000 0.000 0.148 0 1 0 0 0 0
 160 161548.000 89950.000 0 0 0.000 0.000 0.000 0.220 0 1 0 0 0 0
 161 149844.000 61422.000 0 0 0.000 0.000 0.000 0.145 0 1 0 0 0 0
 162 87404.000 162506.000 0 0 0.000 0.000 0.000 0.132 0 1 0 0 0 0
 163 105489.000 164122.000 0 0 0.000 0.000 0.000 0.144 0 1 0 0 0 0
 164 145579.000 145991.000 0 0 0.000 0.000 0.000 0.143 0 1 0 0 0 0
 165 40137.000 127552.000 0 0 0.000 0.000 0.000 0.156 0 1 0 0 0 0
 166 145969.000 53000.000 0 0 0.000 0.000 0.000 0.131 0 1 0 0 0 0
 167 40717.000 129360.000 0 0 0.000 0.000 0.000 0.132 0 1 0 0 0 0
 168 63334.000 155685.000 0 0 0.000 0.000 0.000 0.144 0 1 0 0 0 0
 169 148882.000 146545.000 0 0 0.000 0.000 0.000 0.130 0 1 0 0 0 0
 170 118948.000 166111.000 0 0 0.000 0.000 0.000 0.148 0 1 0 0 0 0
 171 31183.000 100557.000 0 0 0.000 0.000 0.000 0.135 0 1 0 0 0 0
 172 168093.000 91089.000 0 0 0.000 0.000 0.000 0.134 0 1 0 0 0 0
 173 168722.000 96912.000 0 0 0.000 0.000 0.000 0.139 0 1 0 0 0 0
 174 145591.000 48478.000 0 0 0.000 0.000 0.000 0.133 0 1 0 0 0 0
 175 68629.000 38496.000 0 0 0.000 0.000 0.000 0.134 0 1 0 0 0 0
 176 70215.000 37417.000 0 0 0.000 0.000 0.000 0.134 0 1 0 0 0 0
 177 121949.000 166836.000 0 0 0.000 0.000 0.000 0.141 0 1 0 0 0 0
 178 168648.000 82657.000 0 0 0.000 0.000 0.000 0.136 0 1 0 0 0 0
 179 64367.000 38598.000 0 0 0.000 0.000 0.000 0.144 0 1 0 0 0 0
 180 80884.000 169307.000 0 0 0.000 0.000 0.000 0.133 0 1 0 0 0 0
 181 93519.000 172077.000 0 0 0.000 0.000 0.000 0.146 0 1 0 0 0 0
 182 75856.000 169253.000 0 0 0.000 0.000 0.000 0.145 0 1 0 0 0 0
 183 172709.000 83075.000 0 0 0.000 0.000 0.000 0.136 0 1 0 0 0 0
 184 142712.000 38667.000 0 0 0.000 0.000 0.000 0.130 0 1 0 0 0 0
 185 175074.000 99197.000 0 0 0.000 0.000 0.000 0.145 0 1 0 0 0 0
 186 52507.000 40967.000 0 0 0.000 0.000 0.000 0.148 0 1 0 0 0 0
 187 176498.000 110543.000 0 0 0.000 0.000 0.000 0.144 0 1 0 0 0 0
 188 21437.000 97560.000 0 0 0.000 0.000 0.000 0.130 0 1 0 0 0 0
 189 170684.000 57820.000 0 0 0.000 0.000 0.000 0.359 0 1 0 0 0 0
 190 157156.000 40156.000 0 0 0.000 0.000 0.000 0.152 0 1 0 0 0 0
 191 186815.000 81216.000 0 0 0.000 0.000 0.000 0.246 0 1 0 0 0 0
 192 188827.000 80037.000 0 0 0.000 0.000 0.000 0.366 0 1 0 0 0 0
 193 187666.000 73504.000 0 0 0.000 0.000 0.000 0.286 0 1 0 0 0 0
 194 189531.000 79103.000 0 0 0.000 0.000 0.000 200000.000 0 1 0 200 0 0
 195 189646.000 74197.000 0 0 0.000 0.000 0.000 200000.000 0 1 0 200 0 0
 196 190747.000 78255.000 0 0 0.000 0.000 0.000 0.236 0 1 0 0 0 0
 197 187714.000 64966.000 0 0 0.000 0.000 0.000 200000.000 0 1 0 200 0 0
 198 185414.000 58537.000 0 0 0.000 0.000 0.000 200000.000 0 1 0 200 0 0
 199 185873.000 59490.000 0 0 0.000 0.000 0.000 200000.000 0 1 0 200 0 0;
ProcessEquipmentIDList 1
  "6632" ;
SummarySpec 5
  TESTNO    NDEFECT    DEFDENSITY    NDIE    NDEFDIE  ;
SummaryList 
  1    199    0.7276    1    1  ;
EndOfFile;
