FileVersion 1 2;
FileTimestamp 01-07-26 19:43:32;
InspectionStationID "KLA-Tencor" "SFSSP1" "0901-0728-TBI";
SampleType WAFER;
ResultTimestamp 01-07-26 19:30:09;
LotID "2580";
SampleSize 1 200;
DeviceID "None";
SetupID "T2-2580NR" 01-07-26 19:30:09;
StepID "6545";
SampleOrientationMarkType NOTCH;
OrientationMarkLocation DOWN;
DiePitch 200000 200000;
DieOrigin 0 0;
WaferID "23";
Slot 23;
SampleCenterLocation 100000 100000;
ClassLookup 1
  0 "0"  ;
OrientationInstructions "Front";
CoordinatesMirrored No;
InspectionTest 1;
SampleTestPlan 1
  0 0 ;
AreaPerTest 2.73525e+010;
ClusterClassificationList 14
  4 210 
  10 210 
  8 210 
  12 200 
  13 210 
  14 200 
  7 200 
  3 210 
  11 210 
  1 210 
  2 210 
  15 210 
  1000 200 
  16 200 ;
DefectRecordSpec 15 DEFECTID XREL YREL XINDEX YINDEX XSIZE YSIZE DEFECTAREA DSIZE CLASSNUMBER TEST CLUSTERNUMBER ROUGHBINNUMBER FINEBINNUMBER REVIEWSAMPLE ;
DefectList
 1 105929.000 101135.000 0 0 0.000 0.000 0.000 0.132 0 1 0 0 0 0
 2 92143.000 101785.000 0 0 0.000 0.000 0.000 0.131 0 1 0 0 0 0
 3 91160.000 97851.000 0 0 0.000 0.000 0.000 0.150 0 1 0 0 0 0
 4 91669.000 106023.000 0 0 0.000 0.000 0.000 0.137 0 1 0 0 0 0
 5 91368.000 93851.000 0 0 54.000 48.000 2592.000 50.911 0 1 4 210 0 0
 6 90827.000 92610.000 0 0 54.000 50.000 2700.000 51.961 0 1 4 210 0 0
 7 100469.000 111751.000 0 0 0.000 0.000 0.000 0.144 0 1 0 0 0 0
 8 109966.000 106843.000 0 0 0.000 0.000 0.000 0.131 0 1 0 0 0 0
 9 89816.000 92562.000 0 0 0.000 0.000 0.000 0.148 0 1 0 0 0 0
 10 93420.000 111937.000 0 0 0.000 0.000 0.000 0.134 0 1 0 0 0 0
 11 92191.000 87626.000 0 0 0.000 0.000 0.000 0.138 0 1 0 0 0 0
 12 85492.000 100871.000 0 0 0.000 0.000 0.000 0.133 0 1 0 0 0 0
 13 114395.000 96931.000 0 0 0.000 0.000 0.000 0.131 0 1 0 0 0 0
 14 105086.000 113703.000 0 0 0.000 0.000 0.000 0.141 0 1 0 0 0 0
 15 106218.000 86197.000 0 0 0.000 0.000 0.000 0.134 0 1 0 0 0 0
 16 101711.000 115917.000 0 0 0.000 0.000 0.000 0.136 0 1 0 0 0 0
 17 111071.000 86555.000 0 0 0.000 0.000 0.000 0.140 0 1 0 0 0 0
 18 89629.000 113715.000 0 0 0.000 0.000 0.000 0.158 0 1 0 0 0 0
 19 85038.000 87207.000 0 0 0.000 0.000 0.000 0.141 0 1 0 0 0 0
 20 95376.000 118864.000 0 0 0.000 0.000 0.000 0.131 0 1 0 0 0 0
 21 113461.000 114145.000 0 0 0.000 0.000 0.000 0.147 0 1 0 0 0 0
 22 84577.000 86818.000 0 0 0.000 0.000 0.000 200000.000 0 1 0 200 0 0
 23 84676.000 86709.000 0 0 0.000 0.000 0.000 200000.000 0 1 0 200 0 0
 24 116403.000 112822.000 0 0 0.000 0.000 0.000 0.132 0 1 0 0 0 0
 25 103009.000 78727.000 0 0 0.000 0.000 0.000 0.130 0 1 0 0 0 0
 26 80552.000 91001.000 0 0 0.000 0.000 0.000 0.145 0 1 0 0 0 0
 27 91379.000 79975.000 0 0 0.000 0.000 0.000 0.145 0 1 0 0 0 0
 28 119745.000 109332.000 0 0 0.000 0.000 0.000 0.131 0 1 0 0 0 0
 29 80756.000 89072.000 0 0 0.000 0.000 0.000 0.148 0 1 0 0 0 0
 30 108780.000 120551.000 0 0 0.000 0.000 0.000 0.142 0 1 0 0 0 0
 31 87281.000 81069.000 0 0 0.000 0.000 0.000 0.145 0 1 0 0 0 0
 32 114318.000 117785.000 0 0 50.000 54.000 2700.000 51.961 0 1 10 210 0 0
 33 123101.000 102398.000 0 0 0.000 0.000 0.000 0.138 0 1 0 0 0 0
 34 96869.000 76674.000 0 0 0.000 0.000 0.000 0.133 0 1 0 0 0 0
 35 122120.000 107593.000 0 0 0.000 0.000 0.000 0.130 0 1 0 0 0 0
 36 114597.000 118049.000 0 0 50.000 54.000 2700.000 51.961 0 1 10 210 0 0
 37 77872.000 108125.000 0 0 0.000 0.000 0.000 0.134 0 1 0 0 0 0
 38 76601.000 104925.000 0 0 0.000 0.000 0.000 0.139 0 1 0 0 0 0
 39 90093.000 122087.000 0 0 0.000 0.000 0.000 0.138 0 1 0 0 0 0
 40 103907.000 123966.000 0 0 0.000 0.000 0.000 0.133 0 1 0 0 0 0
 41 75526.000 100759.000 0 0 0.000 0.000 0.000 0.145 0 1 0 0 0 0
 42 109167.000 122709.000 0 0 0.000 0.000 0.000 0.131 0 1 0 0 0 0
 43 102739.000 75067.000 0 0 0.000 0.000 0.000 0.154 0 1 0 0 0 0
 44 81475.000 83022.000 0 0 0.000 0.000 0.000 0.246 0 1 0 0 0 0
 45 119528.000 84179.000 0 0 0.000 0.000 0.000 0.130 0 1 0 0 0 0
 46 122884.000 89830.000 0 0 0.000 0.000 0.000 0.143 0 1 0 0 0 0
 47 99088.000 124730.000 0 0 0.000 0.000 0.000 0.144 0 1 0 0 0 0
 48 115956.000 119305.000 0 0 0.000 0.000 0.000 0.132 0 1 0 0 0 0
 49 120999.000 114105.000 0 0 0.000 0.000 0.000 0.140 0 1 0 0 0 0
 50 116965.000 118856.000 0 0 0.000 0.000 0.000 200000.000 0 1 0 200 0 0
 51 113898.000 121647.000 0 0 0.000 0.000 0.000 0.131 0 1 0 0 0 0
 52 99664.000 125619.000 0 0 0.000 0.000 0.000 0.132 0 1 0 0 0 0
 53 73750.000 99548.000 0 0 0.000 0.000 0.000 0.151 0 1 0 0 0 0
 54 80519.000 81819.000 0 0 0.000 0.000 0.000 0.239 0 1 0 0 0 0
 55 106790.000 74115.000 0 0 0.000 0.000 0.000 0.136 0 1 0 0 0 0
 56 124685.000 89477.000 0 0 0.000 0.000 0.000 0.139 0 1 0 0 0 0
 57 112203.000 123605.000 0 0 0.000 0.000 0.000 0.132 0 1 0 0 0 0
 58 123343.000 113189.000 0 0 54.000 46.000 2484.000 49.839 0 1 8 210 0 0
 59 123306.000 113265.000 0 0 54.000 46.000 2484.000 49.839 0 1 8 210 0 0
 60 123243.000 113385.000 0 0 54.000 46.000 2484.000 49.839 0 1 8 210 0 0
 61 123200.000 113513.000 0 0 56.000 46.000 2576.000 50.754 0 1 8 210 0 0
 62 123184.000 113574.000 0 0 56.000 46.000 2576.000 50.754 0 1 8 210 0 0
 63 122961.000 114157.000 0 0 56.000 48.000 2688.000 51.845 0 1 8 210 0 0
 64 122887.000 114275.000 0 0 56.000 48.000 2688.000 51.845 0 1 8 210 0 0
 65 122839.000 114433.000 0 0 56.000 48.000 2688.000 51.845 0 1 8 210 0 0
 66 115252.000 122187.000 0 0 0.000 0.000 0.000 0.140 0 1 0 0 0 0
 67 122733.000 114722.000 0 0 54.000 48.000 2592.000 50.911 0 1 8 210 0 0
 68 122716.000 114784.000 0 0 54.000 48.000 2592.000 50.911 0 1 8 210 0 0
 69 122675.000 114864.000 0 0 54.000 48.000 2592.000 50.911 0 1 8 210 0 0
 70 122653.000 114945.000 0 0 54.000 48.000 2592.000 50.911 0 1 8 210 0 0
 71 122524.000 115259.000 0 0 54.000 48.000 2592.000 50.911 0 1 8 210 0 0
 72 122487.000 115344.000 0 0 54.000 48.000 2592.000 50.911 0 1 8 210 0 0
 73 122387.000 115597.000 0 0 54.000 48.000 2592.000 50.911 0 1 8 210 0 0
 74 122209.000 116053.000 0 0 56.000 48.000 2688.000 51.845 0 1 8 210 0 0
 75 122056.000 116430.000 0 0 56.000 48.000 2688.000 51.845 0 1 8 210 0 0
 76 126279.000 90769.000 0 0 0.000 0.000 0.000 0.147 0 1 0 0 0 0
 77 121820.000 117068.000 0 0 54.000 50.000 2700.000 51.961 0 1 8 210 0 0
 78 121684.000 117386.000 0 0 54.000 50.000 2700.000 51.961 0 1 8 210 0 0
 79 119661.000 119627.000 0 0 0.000 0.000 0.000 0.137 0 1 0 0 0 0
 80 121600.000 117646.000 0 0 54.000 50.000 2700.000 51.961 0 1 8 210 0 0
 81 121564.000 117753.000 0 0 54.000 50.000 2700.000 51.961 0 1 8 210 0 0
 82 84279.000 123142.000 0 0 0.000 0.000 0.000 0.132 0 1 0 0 0 0
 83 74341.000 88262.000 0 0 0.000 0.000 0.000 0.137 0 1 0 0 0 0
 84 121203.000 118681.000 0 0 52.000 52.000 2704.000 52.000 0 1 8 210 0 0
 85 121184.000 118752.000 0 0 52.000 50.000 2600.000 50.990 0 1 8 210 0 0
 86 84898.000 123901.000 0 0 0.000 0.000 0.000 0.148 0 1 0 0 0 0
 87 82277.000 77370.000 0 0 0.000 0.000 0.000 0.142 0 1 0 0 0 0
 88 120907.000 119455.000 0 0 54.000 52.000 2808.000 52.990 0 1 8 210 0 0
 89 120774.000 119813.000 0 0 54.000 52.000 2808.000 52.990 0 1 8 210 0 0
 90 120731.000 119916.000 0 0 54.000 52.000 2808.000 52.990 0 1 8 210 0 0
 91 82091.000 76839.000 0 0 0.000 0.000 0.000 0.135 0 1 0 0 0 0
 92 125181.000 114311.000 0 0 0.000 0.000 0.000 0.137 0 1 0 0 0 0
 93 120518.000 120478.000 0 0 52.000 52.000 2704.000 52.000 0 1 8 210 0 0
 94 107551.000 127869.000 0 0 0.000 0.000 0.000 0.141 0 1 0 0 0 0
 95 96802.000 128712.000 0 0 0.000 0.000 0.000 0.142 0 1 0 0 0 0
 96 120441.000 120715.000 0 0 52.000 52.000 2704.000 52.000 0 1 8 210 0 0
 97 120014.000 121871.000 0 0 0.000 0.000 0.000 0.134 0 1 0 0 0 0
 98 121201.000 121832.000 0 0 0.000 0.000 0.000 0.130 0 1 0 0 0 0
 99 124857.000 81609.000 0 0 0.000 0.000 0.000 0.138 0 1 0 0 0 0
 100 120608.000 123112.000 0 0 0.000 0.000 0.000 0.134 0 1 0 0 0 0
 101 130694.000 91129.000 0 0 0.000 0.000 0.000 0.134 0 1 0 0 0 0
 102 109382.000 69275.000 0 0 0.000 0.000 0.000 0.147 0 1 0 0 0 0
 103 131946.000 100249.000 0 0 0.000 0.000 0.000 0.138 0 1 0 0 0 0
 104 95657.000 132048.000 0 0 0.000 0.000 0.000 0.134 0 1 0 0 0 0
 105 67157.000 94377.000 0 0 0.000 0.000 0.000 0.130 0 1 0 0 0 0
 106 125585.000 78455.000 0 0 0.000 0.000 0.000 0.140 0 1 0 0 0 0
 107 69066.000 87116.000 0 0 0.000 0.000 0.000 0.148 0 1 0 0 0 0
 108 114798.000 69384.000 0 0 0.000 0.000 0.000 0.132 0 1 0 0 0 0
 109 89083.000 131901.000 0 0 0.000 0.000 0.000 0.139 0 1 0 0 0 0
 110 117771.000 128748.000 0 0 0.000 0.000 0.000 0.136 0 1 0 0 0 0
 111 108573.000 132974.000 0 0 0.000 0.000 0.000 0.221 0 1 0 0 0 0
 112 108567.000 132977.000 0 0 0.000 0.000 0.000 0.190 0 1 0 0 0 0
 113 117096.000 69733.000 0 0 0.000 0.000 0.000 0.133 0 1 0 0 0 0
 114 72635.000 120834.000 0 0 0.000 0.000 0.000 0.133 0 1 0 0 0 0
 115 74927.000 74550.000 0 0 0.000 0.000 0.000 200000.000 0 1 0 200 0 0
 116 75000.000 74419.000 0 0 0.000 0.000 0.000 200000.000 0 1 0 200 0 0
 117 92990.000 64705.000 0 0 0.000 0.000 0.000 0.154 0 1 0 0 0 0
 118 124675.000 125881.000 0 0 0.000 0.000 0.000 0.133 0 1 0 0 0 0
 119 76180.000 72348.000 0 0 0.000 0.000 0.000 0.143 0 1 0 0 0 0
 120 134006.000 87060.000 0 0 0.000 0.000 0.000 0.131 0 1 0 0 0 0
 121 73166.000 125041.000 0 0 0.000 0.000 0.000 0.161 0 1 0 0 0 0
 122 63646.000 106648.000 0 0 0.000 0.000 0.000 0.134 0 1 0 0 0 0
 123 124737.000 72126.000 0 0 0.000 0.000 0.000 0.138 0 1 0 0 0 0
 124 63861.000 90935.000 0 0 0.000 0.000 0.000 0.136 0 1 0 0 0 0
 125 66972.000 81743.000 0 0 0.000 0.000 0.000 0.131 0 1 0 0 0 0
 126 86012.000 135085.000 0 0 0.000 0.000 0.000 0.147 0 1 0 0 0 0
 127 125389.000 71320.000 0 0 0.000 0.000 0.000 0.137 0 1 0 0 0 0
 128 138504.000 107289.000 0 0 0.000 0.000 0.000 0.142 0 1 0 0 0 0
 129 107428.000 61087.000 0 0 0.000 0.000 0.000 200000.000 0 1 0 200 0 0
 130 97265.000 139036.000 0 0 0.000 0.000 0.000 0.153 0 1 0 0 0 0
 131 71623.000 127444.000 0 0 0.000 0.000 0.000 0.163 0 1 0 0 0 0
 132 125192.000 130434.000 0 0 50.000 54.000 2700.000 51.961 0 1 12 200 0 0
 133 67302.000 77273.000 0 0 0.000 0.000 0.000 0.144 0 1 0 0 0 0
 134 137281.000 86048.000 0 0 0.000 0.000 0.000 0.130 0 1 0 0 0 0
 135 125494.000 130270.000 0 0 52.000 54.000 2808.000 52.990 0 1 12 200 0 0
 136 125073.000 130546.000 0 0 50.000 54.000 2700.000 51.961 0 1 12 200 0 0
 137 124833.000 130815.000 0 0 50.000 54.000 2700.000 51.961 0 1 12 200 0 0
 138 124765.000 130871.000 0 0 50.000 54.000 2700.000 51.961 0 1 12 200 0 0
 139 107498.000 60565.000 0 0 0.000 0.000 0.000 0.134 0 1 0 0 0 0
 140 68416.000 74790.000 0 0 0.000 0.000 0.000 0.131 0 1 0 0 0 0
 141 119238.000 135221.000 0 0 0.000 0.000 0.000 0.141 0 1 0 0 0 0
 142 136046.000 81380.000 0 0 0.000 0.000 0.000 0.138 0 1 0 0 0 0
 143 136790.000 83060.000 0 0 0.000 0.000 0.000 0.130 0 1 0 0 0 0
 144 138896.000 110804.000 0 0 0.000 0.000 0.000 0.131 0 1 0 0 0 0
 145 124902.000 131698.000 0 0 50.000 54.000 2700.000 51.961 0 1 12 200 0 0
 146 80867.000 135421.000 0 0 0.000 0.000 0.000 0.130 0 1 0 0 0 0
 147 123144.000 66393.000 0 0 0.000 0.000 0.000 0.131 0 1 0 0 0 0
 148 138467.000 113195.000 0 0 0.000 0.000 0.000 0.139 0 1 0 0 0 0
 149 69147.000 126337.000 0 0 0.000 0.000 0.000 0.130 0 1 0 0 0 0
 150 107661.000 59432.000 0 0 0.000 0.000 0.000 0.133 0 1 0 0 0 0
 151 139770.000 110023.000 0 0 0.000 0.000 0.000 0.139 0 1 0 0 0 0
 152 59050.000 97153.000 0 0 0.000 0.000 0.000 0.143 0 1 0 0 0 0
 153 106266.000 140766.000 0 0 0.000 0.000 0.000 0.148 0 1 0 0 0 0
 154 135776.000 121130.000 0 0 0.000 0.000 0.000 0.175 0 1 0 0 0 0
 155 107764.000 141148.000 0 0 0.000 0.000 0.000 0.137 0 1 0 0 0 0
 156 115353.000 60472.000 0 0 0.000 0.000 0.000 0.136 0 1 0 0 0 0
 157 141456.000 107788.000 0 0 0.000 0.000 0.000 0.145 0 1 0 0 0 0
 158 102766.000 142191.000 0 0 0.000 0.000 0.000 0.132 0 1 0 0 0 0
 159 112849.000 140282.000 0 0 38.000 54.000 2052.000 45.299 0 1 13 210 0 0
 160 112601.000 139781.000 0 0 38.000 54.000 2052.000 45.299 0 1 13 210 0 0
 161 113040.000 140600.000 0 0 38.000 54.000 2052.000 45.299 0 1 13 210 0 0
 162 69391.000 69343.000 0 0 0.000 0.000 0.000 0.149 0 1 0 0 0 0
 163 113122.000 140754.000 0 0 38.000 54.000 2052.000 45.299 0 1 13 210 0 0
 164 70437.000 68345.000 0 0 0.000 0.000 0.000 200000.000 0 1 0 200 0 0
 165 107987.000 57274.000 0 0 0.000 0.000 0.000 0.155 0 1 0 0 0 0
 166 70501.000 68187.000 0 0 0.000 0.000 0.000 0.160 0 1 0 0 0 0
 167 139755.000 117333.000 0 0 0.000 0.000 0.000 0.139 0 1 0 0 0 0
 168 128582.000 132409.000 0 0 0.000 0.000 0.000 0.139 0 1 0 0 0 0
 169 139831.000 117271.000 0 0 0.000 0.000 0.000 0.146 0 1 0 0 0 0
 170 109545.000 142524.000 0 0 0.000 0.000 0.000 0.135 0 1 0 0 0 0
 171 113662.000 141748.000 0 0 38.000 54.000 2052.000 45.299 0 1 13 210 0 0
 172 143776.000 106043.000 0 0 0.000 0.000 0.000 0.134 0 1 0 0 0 0
 173 113732.000 141825.000 0 0 38.000 54.000 2052.000 45.299 0 1 13 210 0 0
 174 108726.000 143112.000 0 0 32.000 54.000 1728.000 41.569 0 1 14 200 0 0
 175 60118.000 118968.000 0 0 0.000 0.000 0.000 0.138 0 1 0 0 0 0
 176 108237.000 143445.000 0 0 32.000 54.000 1728.000 41.569 0 1 14 200 0 0
 177 113893.000 142070.000 0 0 38.000 54.000 2052.000 45.299 0 1 13 210 0 0
 178 136295.000 125652.000 0 0 0.000 0.000 0.000 0.136 0 1 0 0 0 0
 179 106657.000 143862.000 0 0 30.000 52.000 1560.000 39.496 0 1 14 200 0 0
 180 115344.000 141531.000 0 0 0.000 0.000 0.000 0.132 0 1 0 0 0 0
 181 108095.000 143550.000 0 0 32.000 54.000 1728.000 41.569 0 1 14 200 0 0
 182 107817.000 143750.000 0 0 32.000 54.000 1728.000 41.569 0 1 14 200 0 0
 183 108174.000 55776.000 0 0 0.000 0.000 0.000 0.159 0 1 0 0 0 0
 184 107710.000 143824.000 0 0 32.000 54.000 1728.000 41.569 0 1 14 200 0 0
 185 107568.000 143921.000 0 0 32.000 54.000 1728.000 41.569 0 1 14 200 0 0
 186 139392.000 78203.000 0 0 0.000 0.000 0.000 0.136 0 1 0 0 0 0
 187 114125.000 142467.000 0 0 38.000 54.000 2052.000 45.299 0 1 13 210 0 0
 188 108090.000 143991.000 0 0 32.000 54.000 1728.000 41.569 0 1 14 200 0 0
 189 114043.000 142328.000 0 0 38.000 54.000 2052.000 45.299 0 1 13 210 0 0
 190 108291.000 55324.000 0 0 0.000 0.000 0.000 0.154 0 1 0 0 0 0
 191 114407.000 142993.000 0 0 38.000 54.000 2052.000 45.299 0 1 13 210 0 0
 192 107198.000 144158.000 0 0 32.000 52.000 1664.000 40.792 0 1 14 200 0 0
 193 114347.000 143288.000 0 0 38.000 54.000 2052.000 45.299 0 1 13 210 0 0
 194 108355.000 54919.000 0 0 0.000 0.000 0.000 0.146 0 1 0 0 0 0
 195 108371.000 54572.000 0 0 0.000 0.000 0.000 0.150 0 1 0 0 0 0
 196 68793.000 65979.000 0 0 0.000 0.000 0.000 0.166 0 1 0 0 0 0
 197 124725.000 60679.000 0 0 0.000 0.000 0.000 0.132 0 1 0 0 0 0
 198 70220.000 64278.000 0 0 0.000 0.000 0.000 0.137 0 1 0 0 0 0
 199 114722.000 143635.000 0 0 38.000 54.000 2052.000 45.299 0 1 13 210 0 0
 200 68441.000 65476.000 0 0 0.000 0.000 0.000 0.138 0 1 0 0 0 0
 201 108558.000 53659.000 0 0 0.000 0.000 0.000 0.151 0 1 0 0 0 0
 202 104150.000 146163.000 0 0 0.000 0.000 0.000 0.243 0 1 0 0 0 0
 203 97991.000 146343.000 0 0 0.000 0.000 0.000 0.133 0 1 0 0 0 0
 204 53307.000 102468.000 0 0 0.000 0.000 0.000 0.134 0 1 0 0 0 0
 205 142074.000 120534.000 0 0 0.000 0.000 0.000 0.141 0 1 0 0 0 0
 206 114884.000 144219.000 0 0 38.000 54.000 2052.000 45.299 0 1 13 210 0 0
 207 72048.000 137803.000 0 0 0.000 0.000 0.000 0.135 0 1 0 0 0 0
 208 55261.000 114684.000 0 0 0.000 0.000 0.000 0.136 0 1 0 0 0 0
 209 102754.000 147199.000 0 0 0.000 0.000 0.000 0.177 0 1 0 0 0 0
 210 55269.000 116048.000 0 0 0.000 0.000 0.000 0.138 0 1 0 0 0 0
 211 146114.000 111134.000 0 0 54.000 34.000 1836.000 42.848 0 1 7 200 0 0
 212 69674.000 136601.000 0 0 0.000 0.000 0.000 0.134 0 1 0 0 0 0
 213 146699.000 110491.000 0 0 54.000 34.000 1836.000 42.848 0 1 7 200 0 0
 214 146518.000 110680.000 0 0 54.000 34.000 1836.000 42.848 0 1 7 200 0 0
 215 57422.000 77700.000 0 0 0.000 0.000 0.000 0.137 0 1 0 0 0 0
 216 108774.000 52360.000 0 0 0.000 0.000 0.000 0.148 0 1 0 0 0 0
 217 52263.000 90992.000 0 0 0.000 0.000 0.000 200000.000 0 1 0 200 0 0
 218 108852.000 51871.000 0 0 0.000 0.000 0.000 0.138 0 1 0 0 0 0
 219 146388.000 84598.000 0 0 0.000 0.000 0.000 0.135 0 1 0 0 0 0
 220 108912.000 51517.000 0 0 0.000 0.000 0.000 0.137 0 1 0 0 0 0
 221 107286.000 148342.000 0 0 0.000 0.000 0.000 0.144 0 1 0 0 0 0
 222 108968.000 51202.000 0 0 0.000 0.000 0.000 0.152 0 1 0 0 0 0
 223 80179.000 54243.000 0 0 0.000 0.000 0.000 0.136 0 1 0 0 0 0
 224 58898.000 127809.000 0 0 0.000 0.000 0.000 0.145 0 1 0 0 0 0
 225 50617.000 92529.000 0 0 0.000 0.000 0.000 0.134 0 1 0 0 0 0
 226 66563.000 62683.000 0 0 0.000 0.000 0.000 0.173 0 1 0 0 0 0
 227 107417.000 149230.000 0 0 0.000 0.000 0.000 0.203 0 1 0 0 0 0
 228 50542.000 91653.000 0 0 0.000 0.000 0.000 0.138 0 1 0 0 0 0
 229 59364.000 70610.000 0 0 0.000 0.000 0.000 0.131 0 1 0 0 0 0
 230 80082.000 53817.000 0 0 0.000 0.000 0.000 0.159 0 1 0 0 0 0
 231 118239.000 146512.000 0 0 0.000 0.000 0.000 0.134 0 1 0 0 0 0
 232 150133.000 96135.000 0 0 0.000 0.000 0.000 0.132 0 1 0 0 0 0
 233 116822.000 147132.000 0 0 0.000 0.000 0.000 0.202 0 1 0 0 0 0
 234 149707.000 107144.000 0 0 0.000 0.000 0.000 0.210 0 1 0 0 0 0
 235 116846.000 147163.000 0 0 0.000 0.000 0.000 0.185 0 1 0 0 0 0
 236 50372.000 91643.000 0 0 0.000 0.000 0.000 0.141 0 1 0 0 0 0
 237 144517.000 75413.000 0 0 0.000 0.000 0.000 0.140 0 1 0 0 0 0
 238 109242.000 49598.000 0 0 0.000 0.000 0.000 0.161 0 1 0 0 0 0
 239 117367.000 148028.000 0 0 0.000 0.000 0.000 0.227 0 1 0 0 0 0
 240 109339.000 49041.000 0 0 0.000 0.000 0.000 0.140 0 1 0 0 0 0
 241 48903.000 91632.000 0 0 0.000 0.000 0.000 0.133 0 1 0 0 0 0
 242 47974.000 100252.000 0 0 0.000 0.000 0.000 0.134 0 1 0 0 0 0
 243 109408.000 48669.000 0 0 0.000 0.000 0.000 0.273 0 1 0 0 0 0
 244 102344.000 152477.000 0 0 0.000 0.000 0.000 0.139 0 1 0 0 0 0
 245 47210.000 95618.000 0 0 0.000 0.000 0.000 0.139 0 1 0 0 0 0
 246 63526.000 61471.000 0 0 0.000 0.000 0.000 0.159 0 1 0 0 0 0
 247 109608.000 47637.000 0 0 0.000 0.000 0.000 0.422 0 1 0 0 0 0
 248 94207.000 152584.000 0 0 0.000 0.000 0.000 0.155 0 1 0 0 0 0
 249 153238.000 98456.000 0 0 0.000 0.000 0.000 0.132 0 1 0 0 0 0
 250 75141.000 52605.000 0 0 0.000 0.000 0.000 0.144 0 1 0 0 0 0
 251 109756.000 46805.000 0 0 0.000 0.000 0.000 0.144 0 1 0 0 0 0
 252 153967.000 102416.000 0 0 0.000 0.000 0.000 0.130 0 1 0 0 0 0
 253 47981.000 83931.000 0 0 0.000 0.000 0.000 0.135 0 1 0 0 0 0
 254 129871.000 54200.000 0 0 0.000 0.000 0.000 0.142 0 1 0 0 0 0
 255 64070.000 58707.000 0 0 0.000 0.000 0.000 0.134 0 1 0 0 0 0
 256 110219.000 153621.000 0 0 0.000 0.000 0.000 0.139 0 1 0 0 0 0
 257 154046.000 109753.000 0 0 0.000 0.000 0.000 0.167 0 1 0 0 0 0
 258 155137.000 101064.000 0 0 0.000 0.000 0.000 0.137 0 1 0 0 0 0
 259 108309.000 154790.000 0 0 0.000 0.000 0.000 0.138 0 1 0 0 0 0
 260 89473.000 44993.000 0 0 0.000 0.000 0.000 0.138 0 1 0 0 0 0
 261 154904.000 89234.000 0 0 0.000 0.000 0.000 200000.000 0 1 0 200 0 0
 262 44416.000 94496.000 0 0 0.000 0.000 0.000 0.142 0 1 0 0 0 0
 263 63269.000 57657.000 0 0 0.000 0.000 0.000 0.216 0 1 0 0 0 0
 264 63349.000 57525.000 0 0 0.000 0.000 0.000 0.250 0 1 0 0 0 0
 265 109837.000 155156.000 0 0 0.000 0.000 0.000 0.147 0 1 0 0 0 0
 266 51876.000 70378.000 0 0 0.000 0.000 0.000 0.141 0 1 0 0 0 0
 267 156511.000 101666.000 0 0 0.000 0.000 0.000 0.140 0 1 0 0 0 0
 268 58566.000 61317.000 0 0 0.000 0.000 0.000 0.155 0 1 0 0 0 0
 269 67404.000 53189.000 0 0 0.000 0.000 0.000 0.132 0 1 0 0 0 0
 270 146310.000 66484.000 0 0 0.000 0.000 0.000 0.141 0 1 0 0 0 0
 271 120646.000 153463.000 0 0 0.000 0.000 0.000 0.148 0 1 0 0 0 0
 272 102517.000 41699.000 0 0 0.000 0.000 0.000 0.135 0 1 0 0 0 0
 273 121236.000 154380.000 0 0 0.000 0.000 0.000 0.135 0 1 0 0 0 0
 274 80951.000 44306.000 0 0 0.000 0.000 0.000 0.133 0 1 0 0 0 0
 275 147282.000 64968.000 0 0 56.000 48.000 2688.000 51.845 0 1 3 210 0 0
 276 110716.000 41935.000 0 0 0.000 0.000 0.000 0.149 0 1 0 0 0 0
 277 139635.000 55967.000 0 0 0.000 0.000 0.000 0.135 0 1 0 0 0 0
 278 147458.000 64702.000 0 0 56.000 48.000 2688.000 51.845 0 1 3 210 0 0
 279 147574.000 64524.000 0 0 56.000 48.000 2688.000 51.845 0 1 3 210 0 0
 280 44987.000 77152.000 0 0 0.000 0.000 0.000 0.130 0 1 0 0 0 0
 281 67498.000 49979.000 0 0 0.000 0.000 0.000 0.131 0 1 0 0 0 0
 282 147785.000 64187.000 0 0 56.000 48.000 2688.000 51.845 0 1 3 210 0 0
 283 147134.000 63127.000 0 0 0.000 0.000 0.000 0.163 0 1 0 0 0 0
 284 147972.000 63915.000 0 0 54.000 50.000 2700.000 51.961 0 1 3 210 0 0
 285 147893.000 64029.000 0 0 54.000 50.000 2700.000 51.961 0 1 3 210 0 0
 286 126300.000 153438.000 0 0 0.000 0.000 0.000 0.158 0 1 0 0 0 0
 287 121959.000 155463.000 0 0 0.000 0.000 0.000 0.132 0 1 0 0 0 0
 288 148039.000 63812.000 0 0 54.000 50.000 2700.000 51.961 0 1 3 210 0 0
 289 148164.000 63624.000 0 0 54.000 50.000 2700.000 51.961 0 1 3 210 0 0
 290 39980.000 105600.000 0 0 0.000 0.000 0.000 0.144 0 1 0 0 0 0
 291 109139.000 159442.000 0 0 0.000 0.000 0.000 0.218 0 1 0 0 0 0
 292 148361.000 63328.000 0 0 54.000 50.000 2700.000 51.961 0 1 3 210 0 0
 293 108707.000 159969.000 0 0 0.000 0.000 0.000 0.139 0 1 0 0 0 0
 294 160689.000 94509.000 0 0 0.000 0.000 0.000 0.141 0 1 0 0 0 0
 295 122680.000 156542.000 0 0 0.000 0.000 0.000 0.133 0 1 0 0 0 0
 296 156649.000 76488.000 0 0 0.000 0.000 0.000 0.140 0 1 0 0 0 0
 297 123275.000 157001.000 0 0 0.000 0.000 0.000 0.134 0 1 0 0 0 0
 298 39437.000 113411.000 0 0 0.000 0.000 0.000 0.167 0 1 0 0 0 0
 299 111437.000 38550.000 0 0 0.000 0.000 0.000 0.220 0 1 0 0 0 0
 300 149382.000 61799.000 0 0 0.000 0.000 0.000 0.141 0 1 0 0 0 0
 301 66873.000 47041.000 0 0 0.000 0.000 0.000 0.133 0 1 0 0 0 0
 302 39494.000 116139.000 0 0 0.000 0.000 0.000 0.136 0 1 0 0 0 0
 303 111535.000 38106.000 0 0 0.000 0.000 0.000 0.236 0 1 0 0 0 0
 304 123847.000 158010.000 0 0 0.000 0.000 0.000 0.145 0 1 0 0 0 0
 305 108196.000 162240.000 0 0 0.000 0.000 0.000 0.139 0 1 0 0 0 0
 306 37167.000 104595.000 0 0 0.000 0.000 0.000 0.202 0 1 0 0 0 0
 307 162882.000 91820.000 0 0 0.000 0.000 0.000 0.184 0 1 0 0 0 0
 308 163181.000 91487.000 0 0 0.000 0.000 0.000 0.213 0 1 0 0 0 0
 309 80375.000 160694.000 0 0 0.000 0.000 0.000 0.144 0 1 0 0 0 0
 310 35931.000 104161.000 0 0 0.000 0.000 0.000 0.139 0 1 0 0 0 0
 311 37971.000 118259.000 0 0 0.000 0.000 0.000 0.155 0 1 0 0 0 0
 312 58700.000 50037.000 0 0 0.000 0.000 0.000 0.153 0 1 0 0 0 0
 313 164329.000 90054.000 0 0 0.000 0.000 0.000 0.237 0 1 0 0 0 0
 314 129367.000 41580.000 0 0 0.000 0.000 0.000 0.141 0 1 0 0 0 0
 315 121372.000 161356.000 0 0 0.000 0.000 0.000 0.136 0 1 0 0 0 0
 316 35020.000 94716.000 0 0 0.000 0.000 0.000 0.174 0 1 0 0 0 0
 317 58290.000 49629.000 0 0 0.000 0.000 0.000 0.139 0 1 0 0 0 0
 318 109122.000 35027.000 0 0 0.000 0.000 0.000 0.130 0 1 0 0 0 0
 319 164688.000 89572.000 0 0 0.000 0.000 0.000 0.136 0 1 0 0 0 0
 320 144137.000 147993.000 0 0 0.000 0.000 0.000 0.131 0 1 0 0 0 0
 321 151702.000 58423.000 0 0 0.000 0.000 0.000 0.155 0 1 0 0 0 0
 322 165288.000 88944.000 0 0 0.000 0.000 0.000 0.159 0 1 0 0 0 0
 323 39049.000 73575.000 0 0 0.000 0.000 0.000 0.138 0 1 0 0 0 0
 324 133007.000 158378.000 0 0 0.000 0.000 0.000 0.147 0 1 0 0 0 0
 325 121685.000 35636.000 0 0 0.000 0.000 0.000 0.133 0 1 0 0 0 0
 326 131029.000 160166.000 0 0 0.000 0.000 0.000 0.140 0 1 0 0 0 0
 327 167012.000 86535.000 0 0 0.000 0.000 0.000 0.231 0 1 0 0 0 0
 328 110749.000 167466.000 0 0 0.000 0.000 0.000 0.147 0 1 0 0 0 0
 329 112944.000 32149.000 0 0 0.000 0.000 0.000 0.253 0 1 0 0 0 0
 330 34772.000 123468.000 0 0 0.000 0.000 0.000 0.131 0 1 0 0 0 0
 331 60007.000 42611.000 0 0 0.000 0.000 0.000 0.141 0 1 0 0 0 0
 332 86544.000 31477.000 0 0 0.000 0.000 0.000 0.133 0 1 0 0 0 0
 333 116150.000 31985.000 0 0 0.000 0.000 0.000 0.144 0 1 0 0 0 0
 334 91523.000 169222.000 0 0 0.000 0.000 0.000 0.149 0 1 0 0 0 0
 335 169642.000 102013.000 0 0 0.000 0.000 0.000 200000.000 0 1 0 200 0 0
 336 170550.000 102591.000 0 0 0.000 0.000 0.000 0.414 0 1 0 0 0 0
 337 154838.000 54130.000 0 0 0.000 0.000 0.000 0.135 0 1 0 0 0 0
 338 170144.000 82406.000 0 0 0.000 0.000 0.000 0.132 0 1 0 0 0 0
 339 170299.000 82195.000 0 0 0.000 0.000 0.000 0.133 0 1 0 0 0 0
 340 166369.000 129303.000 0 0 0.000 0.000 0.000 0.141 0 1 0 0 0 0
 341 27427.000 101359.000 0 0 0.000 0.000 0.000 0.159 0 1 0 0 0 0
 342 54387.000 42700.000 0 0 0.000 0.000 0.000 0.140 0 1 0 0 0 0
 343 29084.000 119499.000 0 0 0.000 0.000 0.000 0.137 0 1 0 0 0 0
 344 26119.000 115813.000 0 0 0.000 0.000 0.000 0.266 0 1 0 0 0 0
 345 37400.000 142151.000 0 0 0.000 0.000 0.000 0.130 0 1 0 0 0 0
 346 175493.000 90369.000 0 0 0.000 0.000 0.000 0.366 0 1 0 0 0 0
 347 165307.000 139740.000 0 0 0.000 0.000 0.000 0.132 0 1 0 0 0 0
 348 112590.000 175456.000 0 0 0.000 0.000 0.000 0.202 0 1 0 0 0 0
 349 157947.000 47944.000 0 0 0.000 0.000 0.000 0.169 0 1 0 0 0 0
 350 105190.000 178090.000 0 0 0.000 0.000 0.000 0.142 0 1 0 0 0 0
 351 177938.000 87129.000 0 0 0.000 0.000 0.000 0.132 0 1 0 0 0 0
 352 113856.000 21511.000 0 0 0.000 0.000 0.000 0.140 0 1 0 0 0 0
 353 177802.000 83583.000 0 0 0.000 0.000 0.000 200000.000 0 1 0 200 0 0
 354 51138.000 36970.000 0 0 0.000 0.000 0.000 0.141 0 1 0 0 0 0
 355 177879.000 83622.000 0 0 0.000 0.000 0.000 200000.000 0 1 0 200 0 0
 356 61362.000 29710.000 0 0 0.000 0.000 0.000 0.154 0 1 0 0 0 0
 357 50699.000 36173.000 0 0 0.000 0.000 0.000 0.141 0 1 0 0 0 0
 358 37168.000 150308.000 0 0 0.000 0.000 0.000 0.294 0 1 0 0 0 0
 359 155600.000 160285.000 0 0 0.000 0.000 0.000 0.160 0 1 0 0 0 0
 360 162872.000 45432.000 0 0 0.000 0.000 0.000 200000.000 0 1 0 200 0 0
 361 181023.000 124260.000 0 0 54.000 38.000 2052.000 45.299 0 1 11 210 0 0
 362 180982.000 124388.000 0 0 54.000 38.000 2052.000 45.299 0 1 11 210 0 0
 363 180825.000 125176.000 0 0 54.000 38.000 2052.000 45.299 0 1 11 210 0 0
 364 180858.000 125327.000 0 0 54.000 38.000 2052.000 45.299 0 1 11 210 0 0
 365 180787.000 125855.000 0 0 54.000 38.000 2052.000 45.299 0 1 11 210 0 0
 366 180785.000 126412.000 0 0 54.000 38.000 2052.000 45.299 0 1 11 210 0 0
 367 180758.000 126493.000 0 0 54.000 38.000 2052.000 45.299 0 1 11 210 0 0
 368 68841.000 20185.000 0 0 0.000 0.000 0.000 0.140 0 1 0 0 0 0
 369 180326.000 128782.000 0 0 56.000 40.000 2240.000 47.328 0 1 11 210 0 0
 370 180299.000 129160.000 0 0 56.000 40.000 2240.000 47.328 0 1 11 210 0 0
 371 118025.000 15031.000 0 0 0.000 0.000 0.000 0.149 0 1 0 0 0 0
 372 179359.000 134900.000 0 0 54.000 42.000 2268.000 47.623 0 1 11 210 0 0
 373 179310.000 135160.000 0 0 54.000 42.000 2268.000 47.623 0 1 11 210 0 0
 374 179264.000 135404.000 0 0 54.000 42.000 2268.000 47.623 0 1 11 210 0 0
 375 179056.000 136493.000 0 0 56.000 42.000 2352.000 48.497 0 1 11 210 0 0
 376 152517.000 29756.000 0 0 0.000 0.000 0.000 0.139 0 1 0 0 0 0
 377 178719.000 138366.000 0 0 56.000 42.000 2352.000 48.497 0 1 11 210 0 0
 378 118406.000 13868.000 0 0 0.000 0.000 0.000 0.155 0 1 0 0 0 0
 379 178704.000 138452.000 0 0 56.000 42.000 2352.000 48.497 0 1 11 210 0 0
 380 115476.000 186241.000 0 0 0.000 0.000 0.000 200000.000 0 1 0 200 0 0
 381 178396.000 140076.000 0 0 56.000 44.000 2464.000 49.638 0 1 11 210 0 0
 382 46933.000 29105.000 0 0 0.000 0.000 0.000 0.139 0 1 0 0 0 0
 383 178389.000 140162.000 0 0 56.000 44.000 2464.000 49.638 0 1 11 210 0 0
 384 178375.000 140236.000 0 0 56.000 44.000 2464.000 49.638 0 1 11 210 0 0
 385 178356.000 140326.000 0 0 56.000 44.000 2464.000 49.638 0 1 11 210 0 0
 386 178329.000 140503.000 0 0 56.000 44.000 2464.000 49.638 0 1 11 210 0 0
 387 178298.000 140588.000 0 0 56.000 44.000 2464.000 49.638 0 1 11 210 0 0
 388 178271.000 140755.000 0 0 56.000 44.000 2464.000 49.638 0 1 11 210 0 0
 389 178243.000 140897.000 0 0 56.000 44.000 2464.000 49.638 0 1 11 210 0 0
 390 46774.000 28802.000 0 0 0.000 0.000 0.000 0.140 0 1 0 0 0 0
 391 178163.000 141302.000 0 0 56.000 44.000 2464.000 49.638 0 1 11 210 0 0
 392 178147.000 141433.000 0 0 56.000 44.000 2464.000 49.638 0 1 11 210 0 0
 393 178148.000 141592.000 0 0 56.000 44.000 2464.000 49.638 0 1 11 210 0 0
 394 178036.000 141032.000 0 0 56.000 44.000 2464.000 49.638 0 1 11 210 0 0
 395 177959.000 142418.000 0 0 54.000 44.000 2376.000 48.744 0 1 11 210 0 0
 396 177923.000 142506.000 0 0 54.000 44.000 2376.000 48.744 0 1 11 210 0 0
 397 177787.000 142966.000 0 0 54.000 46.000 2484.000 49.839 0 1 11 210 0 0
 398 46544.000 28360.000 0 0 0.000 0.000 0.000 0.165 0 1 0 0 0 0
 399 176684.000 54328.000 0 0 0.000 0.000 0.000 0.203 0 1 0 0 0 0
 400 177817.000 143061.000 0 0 54.000 46.000 2484.000 49.839 0 1 11 210 0 0
 401 177767.000 143317.000 0 0 54.000 46.000 2484.000 49.839 0 1 11 210 0 0
 402 159962.000 33596.000 0 0 0.000 0.000 0.000 0.144 0 1 0 0 0 0
 403 177724.000 143504.000 0 0 54.000 46.000 2484.000 49.839 0 1 11 210 0 0
 404 177682.000 143725.000 0 0 54.000 46.000 2484.000 49.839 0 1 11 210 0 0
 405 177598.000 144155.000 0 0 54.000 46.000 2484.000 49.839 0 1 11 210 0 0
 406 177511.000 144501.000 0 0 54.000 46.000 2484.000 49.839 0 1 11 210 0 0
 407 177471.000 144811.000 0 0 56.000 46.000 2576.000 50.754 0 1 11 210 0 0
 408 177386.000 145154.000 0 0 56.000 46.000 2576.000 50.754 0 1 11 210 0 0
 409 177357.000 145357.000 0 0 56.000 46.000 2576.000 50.754 0 1 11 210 0 0
 410 177310.000 145519.000 0 0 56.000 46.000 2576.000 50.754 0 1 11 210 0 0
 411 177270.000 145726.000 0 0 56.000 46.000 2576.000 50.754 0 1 11 210 0 0
 412 177239.000 145902.000 0 0 56.000 46.000 2576.000 50.754 0 1 11 210 0 0
 413 177182.000 146116.000 0 0 56.000 46.000 2576.000 50.754 0 1 11 210 0 0
 414 187437.000 78151.000 0 0 0.000 0.000 0.000 0.388 0 1 0 0 0 0
 415 177140.000 146388.000 0 0 56.000 46.000 2576.000 50.754 0 1 11 210 0 0
 416 177120.000 146482.000 0 0 56.000 46.000 2576.000 50.754 0 1 11 210 0 0
 417 177027.000 146916.000 0 0 56.000 48.000 2688.000 51.845 0 1 11 210 0 0
 418 176993.000 147022.000 0 0 56.000 48.000 2688.000 51.845 0 1 11 210 0 0
 419 176971.000 147151.000 0 0 56.000 48.000 2688.000 51.845 0 1 11 210 0 0
 420 176898.000 147574.000 0 0 56.000 48.000 2688.000 51.845 0 1 11 210 0 0
 421 121751.000 11682.000 0 0 0.000 0.000 0.000 200000.000 0 1 0 200 0 0
 422 176816.000 147933.000 0 0 56.000 48.000 2688.000 51.845 0 1 11 210 0 0
 423 176788.000 148029.000 0 0 56.000 48.000 2688.000 51.845 0 1 11 210 0 0
 424 176741.000 148256.000 0 0 56.000 48.000 2688.000 51.845 0 1 11 210 0 0
 425 176690.000 148497.000 0 0 56.000 48.000 2688.000 51.845 0 1 11 210 0 0
 426 176663.000 148583.000 0 0 56.000 48.000 2688.000 51.845 0 1 11 210 0 0
 427 176652.000 148669.000 0 0 56.000 48.000 2688.000 51.845 0 1 11 210 0 0
 428 176603.000 148907.000 0 0 56.000 48.000 2688.000 51.845 0 1 11 210 0 0
 429 176568.000 149025.000 0 0 56.000 48.000 2688.000 51.845 0 1 11 210 0 0
 430 45556.000 26426.000 0 0 48.000 56.000 2688.000 51.845 0 1 1 210 0 0
 431 176530.000 149198.000 0 0 56.000 48.000 2688.000 51.845 0 1 11 210 0 0
 432 176488.000 149364.000 0 0 56.000 48.000 2688.000 51.845 0 1 11 210 0 0
 433 176460.000 149481.000 0 0 54.000 48.000 2592.000 50.911 0 1 11 210 0 0
 434 45501.000 26300.000 0 0 48.000 56.000 2688.000 51.845 0 1 1 210 0 0
 435 176402.000 149803.000 0 0 54.000 48.000 2592.000 50.911 0 1 11 210 0 0
 436 176349.000 149988.000 0 0 54.000 48.000 2592.000 50.911 0 1 11 210 0 0
 437 172503.000 155756.000 0 0 0.000 0.000 0.000 0.132 0 1 0 0 0 0
 438 176301.000 150319.000 0 0 54.000 48.000 2592.000 50.911 0 1 11 210 0 0
 439 176212.000 150592.000 0 0 54.000 46.000 2484.000 49.839 0 1 11 210 0 0
 440 45307.000 25922.000 0 0 48.000 56.000 2688.000 51.845 0 1 1 210 0 0
 441 176086.000 151217.000 0 0 54.000 46.000 2484.000 49.839 0 1 11 210 0 0
 442 179638.000 53659.000 0 0 0.000 0.000 0.000 0.212 0 1 0 0 0 0
 443 175983.000 151632.000 0 0 54.000 48.000 2592.000 50.911 0 1 11 210 0 0
 444 175957.000 151758.000 0 0 54.000 48.000 2592.000 50.911 0 1 11 210 0 0
 445 175922.000 151869.000 0 0 54.000 48.000 2592.000 50.911 0 1 11 210 0 0
 446 175901.000 151934.000 0 0 54.000 48.000 2592.000 50.911 0 1 11 210 0 0
 447 175820.000 152330.000 0 0 54.000 48.000 2592.000 50.911 0 1 11 210 0 0
 448 28658.000 158513.000 0 0 0.000 0.000 0.000 0.133 0 1 0 0 0 0
 449 175795.000 152511.000 0 0 54.000 48.000 2592.000 50.911 0 1 11 210 0 0
 450 45080.000 25474.000 0 0 48.000 56.000 2688.000 51.845 0 1 1 210 0 0
 451 175729.000 152681.000 0 0 54.000 48.000 2592.000 50.911 0 1 11 210 0 0
 452 182931.000 58787.000 0 0 56.000 44.000 2464.000 49.638 0 1 2 210 0 0
 453 28377.000 158341.000 0 0 0.000 0.000 0.000 0.143 0 1 0 0 0 0
 454 175658.000 153070.000 0 0 54.000 48.000 2592.000 50.911 0 1 11 210 0 0
 455 28258.000 158267.000 0 0 0.000 0.000 0.000 0.137 0 1 0 0 0 0
 456 152227.000 176236.000 0 0 0.000 0.000 0.000 200000.000 0 1 0 200 0 0
 457 28160.000 158198.000 0 0 0.000 0.000 0.000 0.133 0 1 0 0 0 0
 458 44949.000 25245.000 0 0 48.000 56.000 2688.000 51.845 0 1 1 210 0 0
 459 182906.000 58428.000 0 0 56.000 44.000 2464.000 49.638 0 1 2 210 0 0
 460 182910.000 58550.000 0 0 56.000 44.000 2464.000 49.638 0 1 2 210 0 0
 461 175622.000 153175.000 0 0 54.000 48.000 2592.000 50.911 0 1 11 210 0 0
 462 175568.000 153442.000 0 0 54.000 48.000 2592.000 50.911 0 1 11 210 0 0
 463 175528.000 153556.000 0 0 54.000 48.000 2592.000 50.911 0 1 11 210 0 0
 464 44850.000 25027.000 0 0 48.000 56.000 2688.000 51.845 0 1 1 210 0 0
 465 175515.000 153654.000 0 0 54.000 48.000 2592.000 50.911 0 1 11 210 0 0
 466 19740.000 52318.000 0 0 0.000 0.000 0.000 0.131 0 1 0 0 0 0
 467 182793.000 56892.000 0 0 56.000 44.000 2464.000 49.638 0 1 2 210 0 0
 468 44669.000 24661.000 0 0 48.000 56.000 2688.000 51.845 0 1 1 210 0 0
 469 182878.000 57476.000 0 0 56.000 44.000 2464.000 49.638 0 1 2 210 0 0
 470 175348.000 154392.000 0 0 56.000 48.000 2688.000 51.845 0 1 11 210 0 0
 471 169359.000 37174.000 0 0 0.000 0.000 0.000 0.141 0 1 0 0 0 0
 472 182729.000 56447.000 0 0 56.000 44.000 2464.000 49.638 0 1 2 210 0 0
 473 175166.000 155132.000 0 0 56.000 48.000 2688.000 51.845 0 1 11 210 0 0
 474 175125.000 155264.000 0 0 56.000 48.000 2688.000 51.845 0 1 11 210 0 0
 475 25742.000 156759.000 0 0 0.000 0.000 0.000 0.135 0 1 0 0 0 0
 476 182801.000 56585.000 0 0 56.000 44.000 2464.000 49.638 0 1 2 210 0 0
 477 175106.000 155350.000 0 0 56.000 48.000 2688.000 51.845 0 1 11 210 0 0
 478 175019.000 155687.000 0 0 56.000 48.000 2688.000 51.845 0 1 11 210 0 0
 479 175551.000 154976.000 0 0 56.000 48.000 2688.000 51.845 0 1 11 210 0 0
 480 174997.000 155777.000 0 0 56.000 48.000 2688.000 51.845 0 1 11 210 0 0
 481 25447.000 156571.000 0 0 0.000 0.000 0.000 0.131 0 1 0 0 0 0
 482 174935.000 156073.000 0 0 56.000 48.000 2688.000 51.845 0 1 11 210 0 0
 483 44446.000 24224.000 0 0 48.000 56.000 2688.000 51.845 0 1 1 210 0 0
 484 73782.000 9606.000 0 0 0.000 0.000 0.000 0.140 0 1 0 0 0 0
 485 73765.000 9388.000 0 0 0.000 0.000 0.000 0.152 0 1 0 0 0 0
 486 175307.000 156155.000 0 0 56.000 48.000 2688.000 51.845 0 1 11 210 0 0
 487 175226.000 156319.000 0 0 56.000 48.000 2688.000 51.845 0 1 11 210 0 0
 488 24120.000 155740.000 0 0 56.000 48.000 2688.000 51.845 0 1 15 210 0 0
 489 175140.000 156661.000 0 0 54.000 50.000 2700.000 51.961 0 1 11 210 0 0
 490 174605.000 157443.000 0 0 54.000 50.000 2700.000 51.961 0 1 11 210 0 0
 491 175162.000 156912.000 0 0 54.000 50.000 2700.000 51.961 0 1 11 210 0 0
 492 184725.000 58032.000 0 0 0.000 0.000 0.000 0.312 0 1 0 0 0 0
 493 174717.000 157038.000 0 0 54.000 50.000 2700.000 51.961 0 1 11 210 0 0
 494 23341.000 155244.000 0 0 56.000 48.000 2688.000 51.845 0 1 15 210 0 0
 495 22975.000 155026.000 0 0 54.000 48.000 2592.000 50.911 0 1 15 210 0 0
 496 73734.000 8708.000 0 0 0.000 0.000 0.000 0.150 0 1 0 0 0 0
 497 174927.000 157777.000 0 0 54.000 50.000 2700.000 51.961 0 1 11 210 0 0
 498 174517.000 157827.000 0 0 54.000 50.000 2700.000 51.961 0 1 11 210 0 0
 499 22582.000 154782.000 0 0 54.000 48.000 2592.000 50.911 0 1 15 210 0 0
 500 174824.000 158187.000 0 0 54.000 50.000 2700.000 51.961 0 1 11 210 0 0
 501 174728.000 158309.000 0 0 54.000 50.000 2700.000 51.961 0 1 11 210 0 0
 502 22241.000 154560.000 0 0 54.000 48.000 2592.000 50.911 0 1 15 210 0 0
 503 182183.000 52628.000 0 0 54.000 46.000 2484.000 49.839 0 1 2 210 0 0
 504 192029.000 76518.000 0 0 0.000 0.000 0.000 0.163 0 1 0 0 0 0
 505 192002.000 76580.000 0 0 0.000 0.000 0.000 200000.000 0 1 0 200 0 0
 506 174396.000 158730.000 0 0 54.000 50.000 2700.000 51.961 0 1 11 210 0 0
 507 91175.000 93136.000 0 0 11.845 15.230 180.416 13.431 0 1 4 210 0 0
 508 91108.000 92946.000 0 0 156.572 197.365 30901.998 175.789 0 1 4 210 0 0
 509 91004.000 92803.000 0 0 137.671 172.082 23690.908 153.918 0 1 4 210 0 0
 510 90912.000 92642.000 0 0 94.533 116.763 11038.037 105.062 0 1 4 210 0 0
 511 90789.000 92518.000 0 0 1.792 2.207 3.957 1.989 0 1 4 210 0 0
 512 90812.000 92491.000 0 0 17.638 21.583 380.711 19.511 0 1 4 210 0 0
 513 112704.000 116251.000 0 0 12.464 9.744 121.460 11.020 0 1 10 210 0 0
 514 112815.000 116380.000 0 0 43.187 33.789 1459.281 38.200 0 1 10 210 0 0
 515 112706.000 116463.000 0 0 46.564 35.938 1673.443 40.907 0 1 10 210 0 0
 516 112930.000 116506.000 0 0 70.422 55.166 3884.951 62.329 0 1 10 210 0 0
 517 112827.000 116586.000 0 0 89.051 68.870 6133.023 78.313 0 1 10 210 0 0
 518 112986.000 116677.000 0 0 192.678 150.032 28907.975 170.023 0 1 10 210 0 0
 519 113104.000 116801.000 0 0 186.852 145.746 27233.030 165.024 0 1 10 210 0 0
 520 113235.000 116914.000 0 0 187.304 146.567 27452.627 165.688 0 1 10 210 0 0
 521 113366.000 117028.000 0 0 187.744 147.375 27668.881 166.339 0 1 10 210 0 0
 522 113563.000 117089.000 0 0 35.226 27.959 984.907 31.383 0 1 10 210 0 0
 523 113472.000 117162.000 0 0 139.865 109.787 15355.571 123.917 0 1 10 210 0 0
 524 113713.000 117188.000 0 0 5.768 4.601 26.544 5.152 0 1 10 210 0 0
 525 113675.000 117219.000 0 0 26.413 20.977 554.109 23.539 0 1 10 210 0 0
 526 113593.000 117283.000 0 0 135.051 106.214 14344.377 119.768 0 1 10 210 0 0
 527 113817.000 117324.000 0 0 37.372 29.805 1113.913 33.375 0 1 10 210 0 0
 528 113722.000 117398.000 0 0 140.118 110.512 15484.891 124.438 0 1 10 210 0 0
 529 113862.000 117505.000 0 0 164.479 130.247 21423.030 146.366 0 1 10 210 0 0
 530 113967.000 117638.000 0 0 120.063 95.078 11415.493 106.843 0 1 10 210 0 0
 531 114089.000 117757.000 0 0 106.405 84.424 8983.188 94.779 0 1 10 210 0 0
 532 114214.000 117877.000 0 0 95.984 76.317 7325.255 85.587 0 1 10 210 0 0
 533 114336.000 117997.000 0 0 88.000 70.100 6168.854 78.542 0 1 10 210 0 0
 534 114456.000 118119.000 0 0 76.436 60.985 4661.471 68.274 0 1 10 210 0 0
 535 114582.000 118236.000 0 0 54.199 43.340 2349.062 48.467 0 1 10 210 0 0
 536 114696.000 118363.000 0 0 54.576 43.678 2383.823 48.824 0 1 10 210 0 0
 537 114826.000 118476.000 0 0 42.514 34.115 1450.405 38.084 0 1 10 210 0 0
 538 114945.000 118599.000 0 0 21.398 17.194 367.932 19.181 0 1 10 210 0 0
 539 124972.000 130165.000 0 0 21.691 17.956 389.505 19.735 0 1 12 200 0 0
 540 125221.000 130182.000 0 0 89.704 74.958 6724.121 82.000 0 1 12 200 0 0
 541 125054.000 130319.000 0 0 233.999 193.368 45248.156 212.716 0 1 12 200 0 0
 542 125214.000 130407.000 0 0 320.682 265.913 85273.674 292.016 0 1 12 200 0 0
 543 112464.000 139409.000 0 0 22.667 7.169 162.515 12.748 0 1 13 210 0 0
 544 112568.000 139556.000 0 0 20.856 6.626 138.215 11.756 0 1 13 210 0 0
 545 112505.000 139576.000 0 0 96.753 30.572 2958.046 54.387 0 1 13 210 0 0
 546 112355.000 139623.000 0 0 60.781 18.953 1152.007 33.941 0 1 13 210 0 0
 547 112573.000 139733.000 0 0 129.516 40.984 5308.113 72.856 0 1 13 210 0 0
 548 112422.000 139779.000 0 0 114.411 35.729 4087.887 63.936 0 1 13 210 0 0
 549 112651.000 139886.000 0 0 87.955 27.899 2453.866 49.536 0 1 13 210 0 0
 550 112596.000 139904.000 0 0 7.649 2.414 18.469 4.297 0 1 13 210 0 0
 551 112481.000 139938.000 0 0 120.614 37.694 4546.525 67.427 0 1 13 210 0 0
 552 112745.000 140035.000 0 0 105.555 33.602 3546.967 59.556 0 1 13 210 0 0
 553 112585.000 140085.000 0 0 184.472 57.918 10684.386 103.365 0 1 13 210 0 0
 554 112823.000 140188.000 0 0 65.500 20.899 1368.930 36.999 0 1 13 210 0 0
 555 112762.000 140208.000 0 0 9.639 3.059 29.490 5.430 0 1 13 210 0 0
 556 112659.000 140240.000 0 0 165.896 52.191 8658.415 93.050 0 1 13 210 0 0
 557 112943.000 140329.000 0 0 42.533 13.651 580.627 24.096 0 1 13 210 0 0
 558 112906.000 140339.000 0 0 15.470 4.949 76.568 8.750 0 1 13 210 0 0
 559 112876.000 140350.000 0 0 19.341 6.172 119.377 10.925 0 1 13 210 0 0
 560 112752.000 140388.000 0 0 179.029 56.526 10119.956 100.597 0 1 13 210 0 0
 561 113009.000 140486.000 0 0 64.045 20.580 1318.077 36.305 0 1 13 210 0 0
 562 112846.000 140537.000 0 0 183.390 58.115 10657.789 103.236 0 1 13 210 0 0
 563 113097.000 140636.000 0 0 50.646 16.323 826.743 28.753 0 1 13 210 0 0
 564 113058.000 140649.000 0 0 15.588 5.007 78.064 8.835 0 1 13 210 0 0
 565 112925.000 140691.000 0 0 184.135 58.490 10770.289 103.780 0 1 13 210 0 0
 566 113170.000 140791.000 0 0 76.262 24.623 1877.816 43.333 0 1 13 210 0 0
 567 113019.000 140839.000 0 0 190.957 60.875 11624.564 107.817 0 1 13 210 0 0
 568 113297.000 140930.000 0 0 13.735 4.462 61.289 7.828 0 1 13 210 0 0
 569 113243.000 140946.000 0 0 47.108 15.236 717.752 26.790 0 1 13 210 0 0
 570 113102.000 140991.000 0 0 188.642 60.297 11374.674 106.652 0 1 13 210 0 0
 571 113239.000 141126.000 0 0 264.178 85.047 22467.678 149.892 0 1 13 210 0 0
 572 113413.000 141249.000 0 0 13.842 4.501 62.304 7.893 0 1 13 210 0 0
 573 113279.000 141291.000 0 0 182.103 58.566 10665.136 103.272 0 1 13 210 0 0
 574 113526.000 141391.000 0 0 61.511 20.100 1236.423 35.162 0 1 13 210 0 0
 575 113360.000 141443.000 0 0 176.814 57.000 10078.474 100.391 0 1 13 210 0 0
 576 113639.000 141531.000 0 0 23.888 7.844 187.404 13.689 0 1 13 210 0 0
 577 113593.000 141547.000 0 0 55.764 18.244 1017.387 31.896 0 1 13 210 0 0
 578 113455.000 141592.000 0 0 187.421 60.630 11363.412 106.599 0 1 13 210 0 0
 579 113703.000 141690.000 0 0 113.914 37.444 4265.498 65.310 0 1 13 210 0 0
 580 113530.000 141747.000 0 0 169.911 55.069 9356.936 96.731 0 1 13 210 0 0
 581 113804.000 141836.000 0 0 84.230 27.793 2341.032 48.384 0 1 13 210 0 0
 582 113735.000 141858.000 0 0 12.040 3.951 47.575 6.897 0 1 13 210 0 0
 583 113687.000 141874.000 0 0 16.058 5.249 84.295 9.181 0 1 13 210 0 0
 584 113608.000 141900.000 0 0 138.594 45.013 6238.590 78.984 0 1 13 210 0 0
 585 113892.000 141986.000 0 0 84.532 27.970 2364.373 48.624 0 1 13 210 0 0
 586 113841.000 142003.000 0 0 12.082 3.981 48.107 6.935 0 1 13 210 0 0
 587 113687.000 142054.000 0 0 127.006 41.336 5250.066 72.457 0 1 13 210 0 0
 588 113967.000 142140.000 0 0 103.022 34.146 3517.876 59.311 0 1 13 210 0 0
 589 113839.000 142181.000 0 0 12.133 3.981 48.305 6.950 0 1 13 210 0 0
 590 113768.000 142206.000 0 0 127.464 41.580 5299.993 72.801 0 1 13 210 0 0
 591 114061.000 142288.000 0 0 79.060 26.288 2078.382 45.589 0 1 13 210 0 0
 592 113858.000 142355.000 0 0 136.033 44.511 6055.056 77.814 0 1 13 210 0 0
 593 114152.000 142436.000 0 0 95.610 31.887 3048.777 55.215 0 1 13 210 0 0
 594 114022.000 142480.000 0 0 8.142 2.688 21.889 4.678 0 1 13 210 0 0
 595 113936.000 142507.000 0 0 112.073 36.744 4118.128 64.172 0 1 13 210 0 0
 596 114248.000 142585.000 0 0 87.779 29.368 2577.989 50.773 0 1 13 210 0 0
 597 114125.000 142625.000 0 0 10.218 3.386 34.604 5.882 0 1 13 210 0 0
 598 114029.000 142656.000 0 0 124.735 41.025 5117.268 71.535 0 1 13 210 0 0
 599 114322.000 142738.000 0 0 106.534 35.701 3803.381 61.671 0 1 13 210 0 0
 600 114125.000 142803.000 0 0 135.422 44.689 6051.901 77.793 0 1 13 210 0 0
 601 114410.000 142888.000 0 0 96.630 32.467 3137.380 56.012 0 1 13 210 0 0
 602 114199.000 142959.000 0 0 88.549 29.268 2591.730 50.909 0 1 13 210 0 0
 603 114482.000 143043.000 0 0 86.661 29.157 2526.865 50.267 0 1 13 210 0 0
 604 114289.000 143108.000 0 0 57.859 19.178 1109.651 33.311 0 1 13 210 0 0
 605 114244.000 143123.000 0 0 14.471 4.780 69.174 8.317 0 1 13 210 0 0
 606 114565.000 143195.000 0 0 22.775 7.679 174.910 13.225 0 1 13 210 0 0
 607 114517.000 143211.000 0 0 41.426 13.917 576.542 24.011 0 1 13 210 0 0
 608 114368.000 143261.000 0 0 76.733 25.485 1955.590 44.222 0 1 13 210 0 0
 609 114599.000 143364.000 0 0 74.832 25.193 1885.333 43.420 0 1 13 210 0 0
 610 114455.000 143411.000 0 0 72.833 24.252 1766.404 42.028 0 1 13 210 0 0
 611 114681.000 143515.000 0 0 62.580 21.114 1321.337 36.350 0 1 13 210 0 0
 612 114528.000 143566.000 0 0 54.298 18.107 983.203 31.356 0 1 13 210 0 0
 613 114759.000 143668.000 0 0 62.800 21.226 1333.023 36.510 0 1 13 210 0 0
 614 145795.000 111013.000 0 0 44.874 186.599 8373.615 91.507 0 1 7 200 0 0
 615 145966.000 111028.000 0 0 54.982 229.162 12599.877 112.249 0 1 7 200 0 0
 616 146155.000 110963.000 0 0 2.627 11.062 29.070 5.391 0 1 7 200 0 0
 617 146140.000 111029.000 0 0 17.447 72.989 1273.509 35.686 0 1 7 200 0 0
 618 146119.000 111113.000 0 0 3.729 15.475 57.714 7.596 0 1 7 200 0 0
 619 146114.000 111130.000 0 0 3.201 13.263 42.462 6.516 0 1 7 200 0 0
 620 182807.000 102478.000 0 0 0.831 27.786 23.113 4.807 0 1 1000 200 0 0
 621 182805.000 102561.000 0 0 2.087 67.480 140.873 11.868 0 1 1000 200 0 0
 622 182799.000 102720.000 0 0 0.652 19.845 12.943 3.597 0 1 1000 200 0 0
 623 182796.000 102838.000 0 0 0.408 11.907 4.861 2.204 0 1 1000 200 0 0
 624 182791.000 102938.000 0 0 0.704 19.843 13.978 3.738 0 1 1000 200 0 0
 625 182651.000 105219.000 0 0 270.807 4287.904 1161196.863 1077.588 0 1 1000 200 0 0
 626 182484.000 107580.000 0 0 19.623 213.518 4189.936 64.729 0 1 1000 200 0 0
 627 182471.000 107708.000 0 0 1.847 19.767 36.524 6.043 0 1 1000 200 0 0
 628 182468.000 107738.000 0 0 2.225 23.719 52.797 7.266 0 1 1000 200 0 0
 629 182449.000 107933.000 0 0 1.140 11.857 13.529 3.678 0 1 1000 200 0 0
 630 182386.000 108542.000 0 0 89.719 865.278 77632.725 278.626 0 1 1000 200 0 0
 631 182321.000 109144.000 0 0 27.988 251.946 7051.545 83.973 0 1 1000 200 0 0
 632 182301.000 109324.000 0 0 3.129 27.617 86.414 9.295 0 1 1000 200 0 0
 633 182296.000 109362.000 0 0 4.488 39.450 177.060 13.306 0 1 1000 200 0 0
 634 182286.000 109458.000 0 0 1.360 11.833 16.097 4.012 0 1 1000 200 0 0
 635 182266.000 109616.000 0 0 5.070 43.379 219.976 14.831 0 1 1000 200 0 0
 636 182246.000 109778.000 0 0 23.906 201.075 4806.964 69.332 0 1 1000 200 0 0
 637 182186.000 110262.000 0 0 1.475 11.819 17.444 4.176 0 1 1000 200 0 0
 638 182990.000 97475.000 0 0 0.605 19.905 12.055 3.472 0 1 1000 200 0 0
 639 182993.000 97612.000 0 0 0.457 15.908 7.282 2.698 0 1 1000 200 0 0
 640 182996.000 97698.000 0 0 1.214 43.770 53.141 7.289 0 1 1000 200 0 0
 641 183000.000 97902.000 0 0 0.402 15.910 6.399 2.529 0 1 1000 200 0 0
 642 183016.000 98786.000 0 0 0.349 23.869 8.332 2.886 0 1 1000 200 0 0
 643 183018.000 98961.000 0 0 1.992 159.176 317.223 17.810 0 1 1000 200 0 0
 644 183018.000 99137.000 0 0 0.983 94.532 92.972 9.642 0 1 1000 200 0 0
 645 182506.000 106111.000 0 0 1025.775 13847.493 14204419.441 3768.875 0 1 1000 200 0 0
 646 181952.000 113060.000 0 0 6.886 43.214 297.612 17.251 0 1 1000 200 0 0
 647 181928.000 113208.000 0 0 13.929 86.402 1203.538 34.692 0 1 1000 200 0 0
 648 181879.000 113503.000 0 0 3.883 23.550 91.470 9.563 0 1 1000 200 0 0
 649 181861.000 113606.000 0 0 3.261 19.621 63.991 7.999 0 1 1000 200 0 0
 650 181854.000 113651.000 0 0 2.617 15.695 41.086 6.409 0 1 1000 200 0 0
 651 183102.000 95942.000 0 0 1.166 23.894 27.881 5.280 0 1 1000 200 0 0
 652 183113.000 96157.000 0 0 1.841 39.829 73.353 8.564 0 1 1000 200 0 0
 653 183121.000 96369.000 0 0 0.696 15.933 11.093 3.330 0 1 1000 200 0 0
 654 183124.000 96442.000 0 0 0.853 19.937 17.014 4.124 0 1 1000 200 0 0
 655 183053.000 101248.000 0 0 143.902 9569.776 1377110.327 1173.503 0 1 1000 200 0 0
 656 182954.000 106070.000 0 0 2.328 31.812 74.065 8.606 0 1 1000 200 0 0
 657 182944.000 106196.000 0 0 8.020 107.355 861.028 29.343 0 1 1000 200 0 0
 658 182933.000 106330.000 0 0 1.517 19.877 30.163 5.492 0 1 1000 200 0 0
 659 182930.000 106367.000 0 0 3.357 43.730 146.837 12.117 0 1 1000 200 0 0
 660 182921.000 106474.000 0 0 0.931 11.925 11.104 3.332 0 1 1000 200 0 0
 661 182918.000 106517.000 0 0 0.937 11.924 11.178 3.343 0 1 1000 200 0 0
 662 182885.000 106905.000 0 0 1.324 15.893 21.046 4.587 0 1 1000 200 0 0
 663 182862.000 107181.000 0 0 1.032 11.916 12.308 3.508 0 1 1000 200 0 0
 664 182851.000 107294.000 0 0 1.398 15.886 22.222 4.714 0 1 1000 200 0 0
 665 182828.000 107548.000 0 0 1.447 15.882 22.989 4.794 0 1 1000 200 0 0
 666 182823.000 107608.000 0 0 2.188 23.821 52.133 7.220 0 1 1000 200 0 0
 667 182818.000 107644.000 0 0 1.465 15.880 23.279 4.824 0 1 1000 200 0 0
 668 182810.000 107743.000 0 0 2.227 23.818 53.051 7.283 0 1 1000 200 0 0
 669 182800.000 107838.000 0 0 2.254 23.815 53.695 7.327 0 1 1000 200 0 0
 670 182796.000 107888.000 0 0 2.647 27.782 73.546 8.575 0 1 1000 200 0 0
 671 182791.000 107933.000 0 0 3.803 39.687 150.942 12.285 0 1 1000 200 0 0
 672 182785.000 107975.000 0 0 1.147 11.905 13.656 3.695 0 1 1000 200 0 0
 673 182784.000 107995.000 0 0 1.916 19.842 38.028 6.166 0 1 1000 200 0 0
 674 182267.000 111652.000 0 0 1029.529 7268.701 7483342.455 2735.569 0 1 1000 200 0 0
 675 181708.000 115420.000 0 0 45.091 238.927 10773.541 103.795 0 1 1000 200 0 0
 676 181670.000 115620.000 0 0 11.231 58.725 659.596 25.682 0 1 1000 200 0 0
 677 183165.000 94045.000 0 0 1.712 23.912 40.951 6.399 0 1 1000 200 0 0
 678 183289.000 97261.000 0 0 171.790 5223.676 897380.188 947.301 0 1 1000 200 0 0
 679 183362.000 99921.000 0 0 0.015 15.979 0.242 0.491 0 1 1000 200 0 0
 680 183361.000 100174.000 0 0 0.041 19.980 0.838 0.915 0 1 1000 200 0 0
 681 183361.000 100259.000 0 0 0.074 23.976 1.793 1.338 0 1 1000 200 0 0
 682 182592.000 111073.000 0 0 3.185 23.755 75.663 8.698 0 1 1000 200 0 0
 683 182458.000 112025.000 0 0 1.729 11.858 20.509 4.528 0 1 1000 200 0 0
 684 182453.000 112059.000 0 0 2.312 15.810 36.561 6.046 0 1 1000 200 0 0
 685 182006.000 114579.000 0 0 868.305 4883.891 4240708.993 2059.298 0 1 1000 200 0 0
 686 181548.000 117069.000 0 0 18.820 89.911 1692.162 41.135 0 1 1000 200 0 0
 687 183237.000 92769.000 0 0 1.734 19.964 34.630 5.884 0 1 1000 200 0 0
 688 183249.000 92924.000 0 0 1.697 19.967 33.888 5.821 0 1 1000 200 0 0
 689 183390.000 95404.000 0 0 256.781 4658.312 1196169.626 1093.695 0 1 1000 200 0 0
 690 183507.000 97752.000 0 0 0.431 16.007 6.901 2.626 0 1 1000 200 0 0
 691 183509.000 97852.000 0 0 3.502 136.105 476.696 21.833 0 1 1000 200 0 0
 692 182215.000 114547.000 0 0 2.092 11.823 24.737 4.973 0 1 1000 200 0 0
 693 182185.000 114714.000 0 0 2.821 15.758 44.464 6.668 0 1 1000 200 0 0
 694 181786.000 116666.000 0 0 788.679 3870.362 3052474.991 1747.133 0 1 1000 200 0 0
 695 181359.000 118710.000 0 0 8.969 39.001 349.811 18.703 0 1 1000 200 0 0
 696 183295.000 91546.000 0 0 1.620 15.966 25.878 5.087 0 1 1000 200 0 0
 697 183447.000 93464.000 0 0 292.394 3732.804 1091449.979 1044.724 0 1 1000 200 0 0
 698 183586.000 95383.000 0 0 1.327 24.033 31.913 5.649 0 1 1000 200 0 0
 699 183593.000 95525.000 0 0 1.502 28.061 42.164 6.493 0 1 1000 200 0 0
 700 183596.000 95581.000 0 0 1.060 20.050 21.256 4.610 0 1 1000 200 0 0
 701 183599.000 95625.000 0 0 0.630 12.038 7.586 2.754 0 1 1000 200 0 0
 702 183607.000 95794.000 0 0 0.605 12.039 7.294 2.700 0 1 1000 200 0 0
 703 181980.000 116669.000 0 0 3.995 19.649 78.509 8.860 0 1 1000 200 0 0
 704 181958.000 116771.000 0 0 5.627 27.501 154.778 12.440 0 1 1000 200 0 0
 705 181597.000 118378.000 0 0 710.177 3153.078 2239245.844 1496.410 0 1 1000 200 0 0
 706 181227.000 119979.000 0 0 2.873 11.681 33.564 5.793 0 1 1000 200 0 0
 707 183503.000 92084.000 0 0 333.238 3515.036 1171346.948 1082.287 0 1 1000 200 0 0
 708 183673.000 94011.000 0 0 2.010 28.088 56.480 7.515 0 1 1000 200 0 0
 709 181770.000 118440.000 0 0 4.419 19.599 86.628 9.307 0 1 1000 200 0 0
 710 181406.000 119926.000 0 0 718.391 2934.891 2108402.172 1452.033 0 1 1000 200 0 0
 711 181031.000 121420.000 0 0 6.161 23.306 143.592 11.982 0 1 1000 200 0 0
 712 180999.000 121544.000 0 0 8.262 31.063 256.651 16.020 0 1 1000 200 0 0
 713 180942.000 121750.000 0 0 35.450 131.924 4676.826 68.387 0 1 1000 200 0 0
 714 180832.000 122157.000 0 0 36.113 131.744 4757.813 68.976 0 1 1000 200 0 0
 715 183547.000 90757.000 0 0 321.707 2907.911 935497.433 967.211 0 1 1000 200 0 0
 716 183703.000 92245.000 0 0 5.577 60.188 335.673 18.321 0 1 1000 200 0 0
 717 183733.000 92590.000 0 0 1.777 20.083 35.698 5.974 0 1 1000 200 0 0
 718 181617.000 119817.000 0 0 3.800 15.649 59.470 7.711 0 1 1000 200 0 0
 719 181612.000 119842.000 0 0 4.756 19.561 93.034 9.645 0 1 1000 200 0 0
 720 181605.000 119867.000 0 0 3.809 15.647 59.611 7.720 0 1 1000 200 0 0
 721 181600.000 119891.000 0 0 5.721 23.470 134.279 11.587 0 1 1000 200 0 0
 722 181586.000 119939.000 0 0 2.867 11.733 33.645 5.800 0 1 1000 200 0 0
 723 181581.000 119964.000 0 0 6.699 27.375 183.397 13.542 0 1 1000 200 0 0
 724 181241.000 121265.000 0 0 671.832 2566.668 1724371.173 1313.153 0 1 1000 200 0 0
 725 180890.000 122575.000 0 0 6.493 23.266 151.070 12.291 0 1 1000 200 0 0
 726 183388.000 88036.000 0 0 1.722 12.008 20.690 4.548 0 1 1000 200 0 0
 727 183400.000 88120.000 0 0 5.127 35.990 184.527 13.584 0 1 1000 200 0 0
 728 183579.000 89542.000 0 0 349.472 2792.814 976012.509 987.933 0 1 1000 200 0 0
 729 183762.000 91092.000 0 0 2.136 20.090 42.929 6.552 0 1 1000 200 0 0
 730 181425.000 121266.000 0 0 6.116 23.419 143.253 11.968 0 1 1000 200 0 0
 731 181323.000 121644.000 0 0 174.311 654.931 114161.844 337.878 0 1 1000 200 0 0
 732 180967.000 122917.000 0 0 517.448 1828.193 945995.252 972.622 0 1 1000 200 0 0
 733 180697.000 123848.000 0 0 3.429 11.604 39.794 6.308 0 1 1000 200 0 0
 734 183595.000 88334.000 0 0 343.972 2464.696 847788.769 920.754 0 1 1000 200 0 0
 735 183763.000 89584.000 0 0 1.500 12.062 18.095 4.253 0 1 1000 200 0 0
 736 181002.000 123393.000 0 0 754.783 2613.493 1972620.755 1404.500 0 1 1000 200 0 0
 737 180606.000 124737.000 0 0 8.300 27.047 224.504 14.983 0 1 1000 200 0 0
 738 180578.000 124829.000 0 0 8.331 27.037 225.260 15.008 0 1 1000 200 0 0
 739 183398.000 85858.000 0 0 2.036 12.009 24.460 4.945 0 1 1000 200 0 0
 740 183628.000 87347.000 0 0 348.792 2305.235 804049.846 896.688 0 1 1000 200 0 0
 741 183799.000 88520.000 0 0 3.301 24.095 79.541 8.918 0 1 1000 200 0 0
 742 183802.000 88543.000 0 0 1.649 12.067 19.912 4.462 0 1 1000 200 0 0
 743 181145.000 123541.000 0 0 5.642 19.448 109.731 10.475 0 1 1000 200 0 0
 744 181135.000 123570.000 0 0 4.519 15.557 70.315 8.385 0 1 1000 200 0 0
 745 180808.000 124640.000 0 0 644.961 2115.168 1364202.095 1167.990 0 1 1000 200 0 0
 746 180426.000 125865.000 0 0 6.199 19.275 119.494 10.931 0 1 1000 200 0 0
 747 183641.000 86324.000 0 0 374.362 2289.564 857128.042 925.812 0 1 1000 200 0 0
 748 183833.000 87535.000 0 0 2.989 20.107 60.120 7.753 0 1 1000 200 0 0
 749 181001.000 124615.000 0 0 7.079 23.297 164.948 12.843 0 1 1000 200 0 0
 750 180659.000 125690.000 0 0 586.220 1840.557 1078971.990 1038.735 0 1 1000 200 0 0
 751 180343.000 126662.000 0 0 14.058 42.364 595.591 24.404 0 1 1000 200 0 0
 752 183634.000 85249.000 0 0 391.067 2217.223 867083.158 931.173 0 1 1000 200 0 0
 753 180492.000 126741.000 0 0 601.242 1809.746 1088095.912 1043.118 0 1 1000 200 0 0
 754 183388.000 82989.000 0 0 3.260 15.984 52.126 7.219 0 1 1000 200 0 0
 755 183397.000 83038.000 0 0 6.503 31.972 207.923 14.419 0 1 1000 200 0 0
 756 183416.000 83138.000 0 0 3.232 15.990 51.686 7.189 0 1 1000 200 0 0
 757 183430.000 83195.000 0 0 10.473 51.995 544.601 23.336 0 1 1000 200 0 0
 758 183650.000 84375.000 0 0 394.005 2109.329 831087.968 911.640 0 1 1000 200 0 0
 759 183848.000 85458.000 0 0 6.969 40.181 280.037 16.734 0 1 1000 200 0 0
 760 180345.000 127700.000 0 0 597.568 1733.259 1035741.495 1017.713 0 1 1000 200 0 0
 761 180038.000 128576.000 0 0 4.109 11.509 47.294 6.877 0 1 1000 200 0 0
 762 183426.000 82334.000 0 0 7.623 36.001 274.474 16.567 0 1 1000 200 0 0
 763 183652.000 83471.000 0 0 420.764 2129.454 895998.624 946.572 0 1 1000 200 0 0
 764 180212.000 128588.000 0 0 638.660 1791.903 1144417.550 1069.774 0 1 1000 200 0 0
 765 179882.000 129498.000 0 0 7.069 19.145 135.356 11.634 0 1 1000 200 0 0
 766 183422.000 81498.000 0 0 7.984 36.000 287.450 16.954 0 1 1000 200 0 0
 767 183649.000 82584.000 0 0 428.313 2057.170 881113.825 938.676 0 1 1000 200 0 0
 768 183864.000 83647.000 0 0 5.489 28.152 154.555 12.432 0 1 1000 200 0 0
 769 180066.000 129483.000 0 0 681.274 1850.058 1260398.051 1122.674 0 1 1000 200 0 0
 770 179710.000 130431.000 0 0 14.588 38.210 557.426 23.609 0 1 1000 200 0 0
 771 179645.000 130604.000 0 0 8.802 22.907 201.646 14.200 0 1 1000 200 0 0
 772 179599.000 130720.000 0 0 7.362 19.077 140.464 11.851 0 1 1000 200 0 0
 773 183419.000 80714.000 0 0 4.625 20.008 92.556 9.620 0 1 1000 200 0 0
 774 183659.000 81808.000 0 0 443.906 2041.372 906179.314 951.934 0 1 1000 200 0 0
 775 183889.000 82895.000 0 0 5.742 28.161 161.711 12.716 0 1 1000 200 0 0
 776 183897.000 82936.000 0 0 5.728 28.163 161.337 12.701 0 1 1000 200 0 0
 777 180264.000 129444.000 0 0 8.468 23.085 195.512 13.982 0 1 1000 200 0 0
 778 179931.000 130323.000 0 0 651.234 1716.656 1117946.118 1057.329 0 1 1000 200 0 0
 779 183648.000 80967.000 0 0 448.920 1972.938 885692.105 941.112 0 1 1000 200 0 0
 780 179820.000 131081.000 0 0 661.555 1698.958 1123954.983 1060.167 0 1 1000 200 0 0
 781 179462.000 131986.000 0 0 10.732 26.663 286.171 16.916 0 1 1000 200 0 0
 782 183627.000 80112.000 0 0 430.960 1812.066 780928.287 883.701 0 1 1000 200 0 0
 783 183849.000 81068.000 0 0 4.541 20.111 91.325 9.556 0 1 1000 200 0 0
 784 183869.000 81154.000 0 0 9.031 40.192 363.008 19.052 0 1 1000 200 0 0
 785 180120.000 130790.000 0 0 7.379 19.202 141.706 11.904 0 1 1000 200 0 0
 786 180091.000 130865.000 0 0 41.429 107.501 4453.692 66.735 0 1 1000 200 0 0
 787 179712.000 131815.000 0 0 693.955 1738.696 1206577.398 1098.443 0 1 1000 200 0 0
 788 179352.000 132701.000 0 0 4.702 11.410 53.657 7.325 0 1 1000 200 0 0
 789 179314.000 132797.000 0 0 11.004 26.613 292.880 17.113 0 1 1000 200 0 0
 790 183417.000 78529.000 0 0 6.173 23.985 148.083 12.168 0 1 1000 200 0 0
 791 183640.000 79434.000 0 0 437.761 1780.282 779339.891 882.802 0 1 1000 200 0 0
 792 179912.000 131779.000 0 0 9.140 22.984 210.090 14.494 0 1 1000 200 0 0
 793 179560.000 132639.000 0 0 668.117 1628.590 1088089.948 1043.115 0 1 1000 200 0 0
 794 179184.000 133541.000 0 0 9.647 22.775 219.717 14.822 0 1 1000 200 0 0
 795 183610.000 78606.000 0 0 444.087 1735.544 770734.162 877.914 0 1 1000 200 0 0
 796 179450.000 133342.000 0 0 664.938 1584.440 1053555.687 1026.428 0 1 1000 200 0 0
 797 179030.000 134327.000 0 0 11.518 26.518 305.446 17.477 0 1 1000 200 0 0
 798 183387.000 77083.000 0 0 6.589 23.976 157.999 12.569 0 1 1000 200 0 0
 799 183626.000 77989.000 0 0 430.532 1635.653 704202.473 839.167 0 1 1000 200 0 0
 800 179738.000 133104.000 0 0 7.934 19.110 151.628 12.313 0 1 1000 200 0 0
 801 179695.000 133207.000 0 0 14.326 34.382 492.562 22.193 0 1 1000 200 0 0
 802 179679.000 133242.000 0 0 6.374 15.278 97.388 9.868 0 1 1000 200 0 0
 803 179363.000 133981.000 0 0 619.029 1445.722 894944.543 946.015 0 1 1000 200 0 0
 804 179042.000 134723.000 0 0 9.987 22.734 227.051 15.068 0 1 1000 200 0 0
 805 183320.000 76206.000 0 0 22.817 79.898 1823.065 42.697 0 1 1000 200 0 0
 806 183588.000 77188.000 0 0 494.305 1811.232 895301.976 946.203 0 1 1000 200 0 0
 807 183841.000 78127.000 0 0 5.246 20.109 105.502 10.271 0 1 1000 200 0 0
 808 179296.000 134565.000 0 0 502.071 1151.792 578281.669 760.448 0 1 1000 200 0 0
 809 179032.000 135163.000 0 0 16.856 37.885 638.621 25.270 0 1 1000 200 0 0
 810 183339.000 75650.000 0 0 5.840 19.988 116.746 10.804 0 1 1000 200 0 0
 811 183600.000 76582.000 0 0 458.040 1635.152 748966.248 865.428 0 1 1000 200 0 0
 812 179405.000 134741.000 0 0 44.964 102.773 4621.197 67.979 0 1 1000 200 0 0
 813 179373.000 134814.000 0 0 16.689 38.049 635.013 25.199 0 1 1000 200 0 0
 814 179353.000 134860.000 0 0 16.711 38.039 635.689 25.212 0 1 1000 200 0 0
 815 179261.000 135067.000 0 0 163.061 368.557 60097.683 245.148 0 1 1000 200 0 0
 816 178958.000 135740.000 0 0 236.436 522.331 123498.258 351.423 0 1 11 210 0 0
 817 178771.000 136146.000 0 0 6.930 15.104 104.687 10.231 0 1 11 210 0 0
 818 183344.000 75063.000 0 0 17.932 59.930 1074.670 32.782 0 1 1000 200 0 0
 819 183567.000 75839.000 0 0 421.604 1458.205 614786.204 784.083 0 1 1000 200 0 0
 820 179213.000 135589.000 0 0 15.354 34.173 524.713 22.906 0 1 11 210 0 0
 821 178948.000 136167.000 0 0 499.333 1089.970 544258.392 737.738 0 1 11 210 0 0
 822 178690.000 136723.000 0 0 7.041 15.088 106.250 10.307 0 1 11 210 0 0
 823 178536.000 137049.000 0 0 8.879 18.822 167.139 12.928 0 1 11 210 0 0
 824 183333.000 74435.000 0 0 18.383 59.922 1101.597 33.190 0 1 1000 200 0 0
 825 183585.000 75289.000 0 0 484.508 1638.838 794031.358 891.084 0 1 1000 200 0 0
 826 179212.000 136002.000 0 0 8.628 18.984 163.814 12.798 0 1 11 210 0 0
 827 179130.000 136182.000 0 0 6.937 15.173 105.269 10.260 0 1 11 210 0 0
 828 178840.000 136803.000 0 0 559.283 1198.077 670065.164 818.575 0 1 11 210 0 0
 829 178536.000 137446.000 0 0 12.565 26.352 331.121 18.196 0 1 11 210 0 0
 830 183552.000 74584.000 0 0 488.593 1606.159 784758.604 885.866 0 1 1000 200 0 0
 831 178985.000 136893.000 0 0 77.817 166.597 12964.272 113.860 0 1 11 210 0 0
 832 178704.000 137486.000 0 0 474.416 996.048 472542.249 687.417 0 1 11 210 0 0
 833 178458.000 137997.000 0 0 5.463 11.281 61.644 7.851 0 1 11 210 0 0
 834 183530.000 73925.000 0 0 493.752 1581.720 780979.208 883.730 0 1 1000 200 0 0
 835 178998.000 137268.000 0 0 8.932 18.933 169.117 13.004 0 1 11 210 0 0
 836 178636.000 138019.000 0 0 606.919 1255.299 761866.093 872.849 0 1 11 210 0 0
 837 178292.000 138717.000 0 0 7.423 15.012 111.452 10.557 0 1 11 210 0 0
 838 183510.000 73295.000 0 0 465.989 1457.205 679042.613 824.040 0 1 1000 200 0 0
 839 178817.000 138038.000 0 0 12.763 26.446 337.551 18.372 0 1 11 210 0 0
 840 178518.000 138646.000 0 0 555.783 1129.197 627589.841 792.205 0 1 11 210 0 0
 841 178226.000 139229.000 0 0 7.522 14.999 112.831 10.622 0 1 11 210 0 0
 842 183498.000 72699.000 0 0 484.240 1481.005 717162.545 846.854 0 1 1000 200 0 0
 843 183744.000 73464.000 0 0 10.173 32.105 326.631 18.072 0 1 1000 200 0 0
 844 178399.000 139260.000 0 0 574.034 1146.279 658003.591 811.174 0 1 11 210 0 0
 845 183486.000 72114.000 0 0 494.621 1480.787 732428.894 855.820 0 1 1000 200 0 0
 846 178314.000 139808.000 0 0 532.420 1047.418 557667.189 746.771 0 1 11 210 0 0
 847 178032.000 140356.000 0 0 9.672 18.701 180.889 13.449 0 1 11 210 0 0
 848 183221.000 70805.000 0 0 13.991 39.881 557.991 23.621 0 1 1000 200 0 0
 849 183460.000 71505.000 0 0 453.517 1328.297 602406.453 776.148 0 1 1000 200 0 0
 850 178435.000 139946.000 0 0 67.021 131.597 8819.931 93.914 0 1 11 210 0 0
 851 178135.000 140524.000 0 0 483.713 932.662 451141.435 671.670 0 1 11 210 0 0
 852 177816.000 141134.000 0 0 13.802 26.110 360.388 18.983 0 1 11 210 0 0
 853 183443.000 70930.000 0 0 473.826 1360.050 644427.940 802.762 0 1 1000 200 0 0
 854 178309.000 140560.000 0 0 7.777 15.015 116.782 10.806 0 1 11 210 0 0
 855 178293.000 140590.000 0 0 19.457 37.531 730.285 27.023 0 1 11 210 0 0
 856 178033.000 141087.000 0 0 482.554 916.477 442250.494 665.019 0 1 11 210 0 0
 857 183402.000 70299.000 0 0 528.237 1483.323 783547.433 885.182 0 1 1000 200 0 0
 858 177965.000 141573.000 0 0 536.098 1005.381 538983.498 734.154 0 1 11 210 0 0
 859 177675.000 142110.000 0 0 8.074 14.894 120.264 10.966 0 1 11 210 0 0
 860 183382.000 69733.000 0 0 525.089 1446.532 759558.767 871.526 0 1 1000 200 0 0
 861 177835.000 142172.000 0 0 537.752 992.514 533727.216 730.566 0 1 11 210 0 0
 862 183092.000 68453.000 0 0 6.047 15.927 96.322 9.814 0 1 1000 200 0 0
 863 183338.000 69115.000 0 0 464.910 1254.458 583211.287 763.682 0 1 1000 200 0 0
 864 183593.000 69818.000 0 0 31.835 88.171 2806.995 52.981 0 1 1000 200 0 0
 865 178021.000 142187.000 0 0 14.155 26.179 370.596 19.250 0 1 11 210 0 0
 866 177743.000 142694.000 0 0 536.220 976.429 523581.358 723.589 0 1 11 210 0 0
 867 183352.000 68665.000 0 0 501.717 1334.566 669575.610 818.275 0 1 1000 200 0 0
 868 183645.000 69458.000 0 0 24.889 68.163 1696.577 41.189 0 1 1000 200 0 0
 869 183667.000 69519.000 0 0 4.389 12.048 52.887 7.272 0 1 1000 200 0 0
 870 177650.000 143211.000 0 0 542.722 975.263 529296.851 727.527 0 1 11 210 0 0
 871 177343.000 143756.000 0 0 56.635 100.106 5669.538 75.296 0 1 11 210 0 0
 872 183320.000 68098.000 0 0 495.509 1294.120 641249.313 800.780 0 1 1000 200 0 0
 873 177772.000 143340.000 0 0 8.310 14.912 123.930 11.132 0 1 11 210 0 0
 874 177757.000 143368.000 0 0 10.394 18.636 193.706 13.917 0 1 11 210 0 0
 875 177506.000 143813.000 0 0 483.066 854.552 412805.792 642.499 0 1 11 210 0 0
 876 177232.000 144293.000 0 0 19.109 33.319 636.699 25.232 0 1 11 210 0 0
 877 182959.000 66703.000 0 0 14.369 35.800 514.427 22.680 0 1 1000 200 0 0
 878 183305.000 67583.000 0 0 498.827 1281.888 639441.437 799.650 0 1 1000 200 0 0
 879 177662.000 143882.000 0 0 8.414 14.891 125.304 11.193 0 1 11 210 0 0
 880 177604.000 143984.000 0 0 99.100 174.847 17327.526 131.634 0 1 11 210 0 0
 881 177361.000 144409.000 0 0 378.942 660.110 250143.588 500.143 0 1 11 210 0 0
 882 183057.000 66490.000 0 0 6.423 15.921 102.272 10.112 0 1 1000 200 0 0
 883 183288.000 67073.000 0 0 448.289 1133.918 508324.119 712.968 0 1 1000 200 0 0
 884 183517.000 67658.000 0 0 7.757 20.031 155.392 12.465 0 1 1000 200 0 0
 885 177581.000 144367.000 0 0 23.395 40.910 957.133 30.937 0 1 11 210 0 0
 886 177318.000 144823.000 0 0 466.268 804.302 375021.339 612.389 0 1 11 210 0 0
 887 177064.000 145253.000 0 0 26.031 44.330 1154.020 33.970 0 1 11 210 0 0
 888 183194.000 66372.000 0 0 306.295 757.745 232093.975 481.761 0 1 1000 200 0 0
 889 183422.000 66946.000 0 0 152.101 383.868 58387.030 241.634 0 1 1000 200 0 0
 890 177181.000 145390.000 0 0 511.336 869.475 444594.225 666.778 0 1 11 210 0 0
 891 183223.000 65991.000 0 0 454.858 1113.070 506289.979 711.540 0 1 1000 200 0 0
 892 183476.000 66622.000 0 0 11.205 28.022 313.995 17.719 0 1 1000 200 0 0
 893 177082.000 145891.000 0 0 503.777 846.182 426287.596 652.907 0 1 11 210 0 0
 894 182980.000 64954.000 0 0 5.046 11.949 60.309 7.765 0 1 1000 200 0 0
 895 183218.000 65529.000 0 0 436.246 1053.163 459438.424 677.818 0 1 1000 200 0 0
 896 183549.000 66347.000 0 0 8.071 20.039 161.754 12.718 0 1 1000 200 0 0
 897 176984.000 146383.000 0 0 493.618 819.272 404408.533 635.931 0 1 11 210 0 0
 898 176720.000 146814.000 0 0 17.953 29.422 528.223 22.983 0 1 11 210 0 0
 899 183189.000 65018.000 0 0 425.950 1012.928 431457.403 656.854 0 1 1000 200 0 0
 900 177123.000 146479.000 0 0 8.912 14.788 131.800 11.480 0 1 11 210 0 0
 901 177100.000 146519.000 0 0 8.919 14.783 131.871 11.483 0 1 11 210 0 0
 902 176871.000 146894.000 0 0 442.857 725.944 321489.535 567.000 0 1 11 210 0 0
 903 176629.000 147289.000 0 0 20.401 33.059 674.454 25.970 0 1 11 210 0 0
 904 182904.000 63913.000 0 0 17.294 39.729 687.083 26.212 0 1 1000 200 0 0
 905 183146.000 64480.000 0 0 447.836 1048.291 469462.876 685.173 0 1 1000 200 0 0
 906 176758.000 147401.000 0 0 518.078 838.943 434638.979 659.271 0 1 11 210 0 0
 907 176491.000 147829.000 0 0 6.879 11.001 75.680 8.699 0 1 11 210 0 0
 908 183109.000 63958.000 0 0 374.924 864.534 324135.485 569.328 0 1 1000 200 0 0
 909 183324.000 64458.000 0 0 6.813 15.972 108.822 10.431 0 1 1000 200 0 0
 910 176916.000 147470.000 0 0 9.102 14.748 134.247 11.586 0 1 11 210 0 0
 911 176667.000 147870.000 0 0 486.492 779.148 379050.131 615.670 0 1 11 210 0 0
 912 176393.000 148303.000 0 0 9.262 14.648 135.676 11.647 0 1 11 210 0 0
 913 183096.000 63503.000 0 0 402.406 916.185 368678.568 607.189 0 1 1000 200 0 0
 914 176553.000 148369.000 0 0 514.748 814.687 419359.064 647.579 0 1 11 210 0 0
 915 183057.000 62989.000 0 0 415.171 931.671 386803.565 621.935 0 1 1000 200 0 0
 916 183269.000 63470.000 0 0 7.002 15.961 111.773 10.572 0 1 1000 200 0 0
 917 176808.000 148284.000 0 0 9.258 14.727 136.356 11.677 0 1 11 210 0 0
 918 176432.000 148874.000 0 0 548.240 857.367 470043.394 685.597 0 1 11 210 0 0
 919 183030.000 62511.000 0 0 389.972 863.710 336822.895 580.364 0 1 1000 200 0 0
 920 176359.000 149300.000 0 0 519.930 805.302 418701.312 647.071 0 1 11 210 0 0
 921 176080.000 149726.000 0 0 16.686 25.530 426.028 20.640 0 1 11 210 0 0
 922 182794.000 61582.000 0 0 5.532 11.922 65.963 8.121 0 1 1000 200 0 0
 923 183025.000 62086.000 0 0 441.653 967.142 427142.054 653.561 0 1 1000 200 0 0
 924 176240.000 149794.000 0 0 525.147 804.045 422242.877 649.802 0 1 11 210 0 0
 925 182984.000 61586.000 0 0 425.390 918.946 390911.066 625.228 0 1 1000 200 0 0
 926 176123.000 150279.000 0 0 525.437 795.520 417996.210 646.526 0 1 11 210 0 0
 927 182932.000 61071.000 0 0 391.904 834.886 327195.460 572.010 0 1 1000 200 0 0
 928 176054.000 150689.000 0 0 498.134 747.401 372306.641 610.169 0 1 11 210 0 0
 929 175787.000 151086.000 0 0 12.243 18.163 222.400 14.913 0 1 11 210 0 0
 930 182940.000 60692.000 0 0 382.522 807.126 308743.733 555.647 0 1 1000 200 0 0
 931 183136.000 61109.000 0 0 9.328 19.940 186.006 13.638 0 1 1000 200 0 0
 932 175933.000 151174.000 0 0 507.806 753.483 382624.072 618.566 0 1 11 210 0 0
 933 182677.000 59745.000 0 0 5.797 11.905 69.019 8.307 0 1 1000 200 0 0
 934 182912.000 60236.000 0 0 346.938 723.391 250972.176 500.971 0 1 1000 200 0 0
 935 183096.000 60619.000 0 0 9.445 19.930 188.258 13.720 0 1 1000 200 0 0
 936 175812.000 151653.000 0 0 529.892 777.730 412113.240 641.960 0 1 11 210 0 0
 937 29605.000 158853.000 0 0 146.701 175.471 25741.869 160.442 0 1 16 200 0 0
 938 182850.000 59711.000 0 0 326.402 671.214 219086.045 468.066 0 1 1000 200 0 0
 939 175738.000 152063.000 0 0 464.213 675.308 313487.327 559.899 0 1 11 210 0 0
 940 175485.000 152425.000 0 0 25.129 36.183 909.277 30.154 0 1 11 210 0 0
 941 29432.000 158910.000 0 0 39.537 47.361 1872.591 43.273 0 1 16 200 0 0
 942 182847.000 59318.000 0 0 312.037 635.436 198279.709 445.286 0 1 1000 200 0 0
 943 175637.000 152506.000 0 0 551.230 794.058 437709.177 661.595 0 1 11 210 0 0
 944 182601.000 58437.000 0 0 11.950 23.750 283.842 16.847 0 1 1000 200 0 0
 945 182799.000 58832.000 0 0 288.137 579.518 166980.780 408.632 0 1 1000 200 0 0
 946 175500.000 152996.000 0 0 523.342 745.573 390190.170 624.652 0 1 11 210 0 0
 947 182721.000 58295.000 0 0 313.874 622.559 195405.644 442.047 0 1 1000 200 0 0
 948 175425.000 153398.000 0 0 481.240 679.747 327122.223 571.945 0 1 11 210 0 0
 949 175171.000 153751.000 0 0 7.730 10.811 83.583 9.142 0 1 11 210 0 0
 950 182719.000 57911.000 0 0 302.653 594.810 180021.772 424.289 0 1 1000 200 0 0
 951 175306.000 153857.000 0 0 508.608 711.164 361704.292 601.418 0 1 11 210 0 0
 952 182523.000 57154.000 0 0 30.809 59.339 1828.225 42.757 0 1 1000 200 0 0
 953 182702.000 57503.000 0 0 287.248 559.002 160572.506 400.714 0 1 1000 200 0 0
 954 175200.000 154292.000 0 0 481.483 666.909 321105.527 566.661 0 1 11 210 0 0
 955 182487.000 56721.000 0 0 6.232 11.878 74.033 8.604 0 1 2 210 0 0
 956 182685.000 57098.000 0 0 234.466 451.881 105950.945 325.501 0 1 1000 200 0 0
 957 175358.000 154365.000 0 0 10.424 14.449 150.632 12.273 0 1 11 210 0 0
 958 175095.000 154725.000 0 0 508.939 698.378 355432.923 596.181 0 1 11 210 0 0
 959 182534.000 56441.000 0 0 265.181 502.450 133240.398 365.021 0 1 2 210 0 0
 960 182731.000 56816.000 0 0 14.496 27.772 402.612 20.065 0 1 1000 200 0 0
 961 174991.000 155156.000 0 0 499.723 679.434 339529.499 582.691 0 1 11 210 0 0
 962 182530.000 56070.000 0 0 235.848 443.081 104499.855 323.264 0 1 2 210 0 0
 963 182688.000 56372.000 0 0 20.907 39.626 828.503 28.783 0 1 2 210 0 0
 964 182710.000 56413.000 0 0 6.276 11.910 74.762 8.646 0 1 2 210 0 0
 965 174909.000 155554.000 0 0 505.990 682.276 345225.691 587.559 0 1 11 210 0 0
 966 182317.000 55313.000 0 0 6.435 11.854 76.284 8.734 0 1 2 210 0 0
 967 182546.000 55740.000 0 0 375.544 700.401 263031.800 512.866 0 1 2 210 0 0
 968 174750.000 156049.000 0 0 566.922 756.083 428640.174 654.706 0 1 11 210 0 0
 969 182475.000 55246.000 0 0 377.585 695.824 262733.169 512.575 0 1 2 210 0 0
 970 182672.000 55614.000 0 0 8.508 15.847 134.837 11.611 0 1 2 210 0 0
 971 174718.000 156373.000 0 0 364.821 483.539 176405.692 420.006 0 1 11 210 0 0
 972 174464.000 156707.000 0 0 35.337 46.403 1639.804 40.494 0 1 11 210 0 0
 973 182462.000 54864.000 0 0 393.800 719.464 283325.694 532.283 0 1 2 210 0 0
 974 174573.000 156842.000 0 0 495.922 650.623 322659.058 568.030 0 1 11 210 0 0
 975 174311.000 157184.000 0 0 13.705 17.810 244.097 15.623 0 1 11 210 0 0
 976 182460.000 54507.000 0 0 383.817 695.693 267019.600 516.739 0 1 2 210 0 0
 977 174482.000 157240.000 0 0 524.095 681.962 357413.585 597.840 0 1 11 210 0 0
 978 182422.000 54086.000 0 0 389.583 699.342 272451.895 521.969 0 1 2 210 0 0
 979 174354.000 157681.000 0 0 492.188 634.452 312270.291 558.811 0 1 11 210 0 0
 980 174095.000 158013.000 0 0 11.123 14.207 158.047 12.571 0 1 11 210 0 0
 981 23837.000 155346.000 0 0 177.757 244.616 43482.292 208.524 0 1 15 210 0 0
 982 182202.000 53344.000 0 0 24.605 43.352 1066.706 32.660 0 1 2 210 0 0
 983 182391.000 53680.000 0 0 299.773 533.207 159841.419 399.801 0 1 2 210 0 0
 984 182545.000 53956.000 0 0 6.630 11.886 78.818 8.877 0 1 2 210 0 0
 985 174727.000 157480.000 0 0 16.530 21.490 355.266 18.848 0 1 11 210 0 0
 986 174250.000 158091.000 0 0 481.761 615.771 296655.454 544.660 0 1 11 210 0 0
 987 23616.000 155333.000 0 0 18.561 25.623 475.615 21.808 0 1 15 210 0 0
 988 182162.000 52931.000 0 0 18.045 31.499 568.410 23.841 0 1 2 210 0 0
 989 182341.000 53245.000 0 0 212.914 374.965 79835.783 282.552 0 1 2 210 0 0
 990 182463.000 53462.000 0 0 15.622 27.682 432.473 20.795 0 1 2 210 0 0
 991 182486.000 53504.000 0 0 22.282 39.529 880.806 29.678 0 1 2 210 0 0
 992 174861.000 157583.000 0 0 16.560 21.529 356.540 18.882 0 1 11 210 0 0
 993 174598.000 157921.000 0 0 13.882 17.879 248.199 15.754 0 1 11 210 0 0
 994 174122.000 158530.000 0 0 471.372 596.940 281381.208 530.453 0 1 11 210 0 0
 995 182273.000 52782.000 0 0 291.981 508.750 148545.929 385.416 0 1 2 210 0 0
 996 182429.000 53059.000 0 0 11.258 19.770 222.598 14.919 0 1 2 210 0 0
 997 182466.000 53121.000 0 0 15.736 27.683 435.656 20.872 0 1 2 210 0 0
 998 182489.000 53164.000 0 0 8.978 15.812 141.964 11.914 0 1 2 210 0 0
 999 174730.000 158028.000 0 0 11.126 14.329 159.442 12.627 0 1 11 210 0 0
 1000 174487.000 158341.000 0 0 13.982 17.852 249.628 15.799 0 1 11 210 0 0
 1001 174010.000 158943.000 0 0 443.613 557.014 247099.277 497.090 0 1 11 210 0 0
 1002 174525.000 158570.000 0 0 235.848 300.091 70776.119 266.037 0 1 11 210 0 0
 1003 173893.000 159359.000 0 0 432.521 538.425 232880.783 482.577 0 1 11 210 0 0;
ProcessEquipmentIDList 1
  "6632" ;
SummarySpec 5
  TESTNO    NDEFECT    DEFDENSITY    NDIE    NDEFDIE  ;
SummaryList 
  1    1003    3.667    1    1  ;
EndOfFile;
