FileVersion 1 2;
FileTimestamp 01-07-26 20:25:01;
InspectionStationID "KLA-Tencor" "SFSSP1" "0901-0728-TBI";
SampleType WAFER;
ResultTimestamp 01-07-26 20:18:54;
LotID "2580";
SampleSize 1 200;
DeviceID "None";
SetupID "T2-2580NR" 01-07-26 20:18:54;
StepID "6545";
SampleOrientationMarkType NOTCH;
OrientationMarkLocation DOWN;
DiePitch 200000 200000;
DieOrigin 0 0;
WaferID "10";
Slot 10;
SampleCenterLocation 100000 100000;
ClassLookup 1
  0 "0"  ;
OrientationInstructions "Front";
CoordinatesMirrored No;
InspectionTest 1;
SampleTestPlan 1
  0 0 ;
AreaPerTest 2.73522e+010;
DefectRecordSpec 15 DEFECTID XREL YREL XINDEX YINDEX XSIZE YSIZE DEFECTAREA DSIZE CLASSNUMBER TEST CLUSTERNUMBER ROUGHBINNUMBER FINEBINNUMBER REVIEWSAMPLE ;
DefectList
 1 99377.000 98878.000 0 0 0.000 0.000 0.000 0.137 0 1 0 0 0 0
 2 107616.000 97173.000 0 0 0.000 0.000 0.000 0.141 0 1 0 0 0 0
 3 103254.000 108338.000 0 0 0.000 0.000 0.000 0.143 0 1 0 0 0 0
 4 109331.000 95435.000 0 0 0.000 0.000 0.000 0.132 0 1 0 0 0 0
 5 104118.000 110460.000 0 0 0.000 0.000 0.000 0.159 0 1 0 0 0 0
 6 107328.000 89637.000 0 0 0.000 0.000 0.000 0.141 0 1 0 0 0 0
 7 88859.000 105947.000 0 0 0.000 0.000 0.000 0.132 0 1 0 0 0 0
 8 87018.000 101708.000 0 0 0.000 0.000 0.000 0.154 0 1 0 0 0 0
 9 112916.000 102872.000 0 0 0.000 0.000 0.000 0.142 0 1 0 0 0 0
 10 107599.000 88393.000 0 0 0.000 0.000 0.000 0.133 0 1 0 0 0 0
 11 104613.000 112939.000 0 0 0.000 0.000 0.000 0.136 0 1 0 0 0 0
 12 91369.000 88419.000 0 0 0.000 0.000 0.000 0.144 0 1 0 0 0 0
 13 86056.000 107111.000 0 0 0.000 0.000 0.000 0.131 0 1 0 0 0 0
 14 94543.000 116767.000 0 0 0.000 0.000 0.000 0.147 0 1 0 0 0 0
 15 116694.000 107215.000 0 0 0.000 0.000 0.000 0.146 0 1 0 0 0 0
 16 81360.000 104027.000 0 0 0.000 0.000 0.000 0.133 0 1 0 0 0 0
 17 80758.000 99864.000 0 0 0.000 0.000 0.000 0.134 0 1 0 0 0 0
 18 82748.000 109947.000 0 0 0.000 0.000 0.000 0.135 0 1 0 0 0 0
 19 96287.000 79768.000 0 0 0.000 0.000 0.000 0.131 0 1 0 0 0 0
 20 99345.000 120074.000 0 0 0.000 0.000 0.000 0.136 0 1 0 0 0 0
 21 83200.000 111156.000 0 0 0.000 0.000 0.000 0.130 0 1 0 0 0 0
 22 116628.000 111725.000 0 0 0.000 0.000 0.000 0.141 0 1 0 0 0 0
 23 120861.000 100103.000 0 0 0.000 0.000 0.000 0.142 0 1 0 0 0 0
 24 92775.000 80108.000 0 0 0.000 0.000 0.000 0.133 0 1 0 0 0 0
 25 96051.000 120404.000 0 0 0.000 0.000 0.000 0.130 0 1 0 0 0 0
 26 78883.000 94593.000 0 0 0.000 0.000 0.000 0.132 0 1 0 0 0 0
 27 119257.000 88754.000 0 0 0.000 0.000 0.000 0.142 0 1 0 0 0 0
 28 122217.000 102976.000 0 0 0.000 0.000 0.000 0.141 0 1 0 0 0 0
 29 112948.000 120536.000 0 0 0.000 0.000 0.000 0.132 0 1 0 0 0 0
 30 80614.000 84313.000 0 0 0.000 0.000 0.000 0.144 0 1 0 0 0 0
 31 75486.000 94949.000 0 0 0.000 0.000 0.000 0.145 0 1 0 0 0 0
 32 124458.000 105014.000 0 0 0.000 0.000 0.000 0.143 0 1 0 0 0 0
 33 125654.000 103916.000 0 0 0.000 0.000 0.000 0.148 0 1 0 0 0 0
 34 121561.000 84986.000 0 0 0.000 0.000 0.000 0.144 0 1 0 0 0 0
 35 83536.000 79291.000 0 0 0.000 0.000 0.000 0.133 0 1 0 0 0 0
 36 124762.000 108573.000 0 0 0.000 0.000 0.000 0.133 0 1 0 0 0 0
 37 75085.000 109581.000 0 0 0.000 0.000 0.000 0.130 0 1 0 0 0 0
 38 93756.000 126128.000 0 0 0.000 0.000 0.000 0.236 0 1 0 0 0 0
 39 74143.000 89356.000 0 0 0.000 0.000 0.000 0.149 0 1 0 0 0 0
 40 75438.000 85804.000 0 0 0.000 0.000 0.000 0.135 0 1 0 0 0 0
 41 71258.000 105518.000 0 0 0.000 0.000 0.000 0.132 0 1 0 0 0 0
 42 128471.000 108278.000 0 0 0.000 0.000 0.000 0.140 0 1 0 0 0 0
 43 111292.000 127412.000 0 0 0.000 0.000 0.000 0.149 0 1 0 0 0 0
 44 129539.000 90619.000 0 0 0.000 0.000 0.000 0.133 0 1 0 0 0 0
 45 124440.000 119237.000 0 0 0.000 0.000 0.000 0.131 0 1 0 0 0 0
 46 83099.000 126306.000 0 0 0.000 0.000 0.000 0.145 0 1 0 0 0 0
 47 107359.000 69203.000 0 0 0.000 0.000 0.000 0.153 0 1 0 0 0 0
 48 131514.000 102775.000 0 0 0.000 0.000 0.000 0.145 0 1 0 0 0 0
 49 110764.000 129896.000 0 0 0.000 0.000 0.000 0.139 0 1 0 0 0 0
 50 67662.000 104895.000 0 0 0.000 0.000 0.000 0.149 0 1 0 0 0 0
 51 74762.000 78733.000 0 0 0.000 0.000 0.000 0.153 0 1 0 0 0 0
 52 131751.000 109088.000 0 0 0.000 0.000 0.000 0.130 0 1 0 0 0 0
 53 74505.000 120801.000 0 0 0.000 0.000 0.000 0.134 0 1 0 0 0 0
 54 74521.000 121577.000 0 0 0.000 0.000 0.000 0.134 0 1 0 0 0 0
 55 123254.000 75609.000 0 0 0.000 0.000 0.000 0.135 0 1 0 0 0 0
 56 133525.000 100940.000 0 0 0.000 0.000 0.000 0.144 0 1 0 0 0 0
 57 85094.000 69060.000 0 0 0.000 0.000 0.000 0.171 0 1 0 0 0 0
 58 115588.000 130338.000 0 0 0.000 0.000 0.000 0.143 0 1 0 0 0 0
 59 90919.000 133157.000 0 0 0.000 0.000 0.000 0.141 0 1 0 0 0 0
 60 102544.000 65144.000 0 0 0.000 0.000 0.000 0.133 0 1 0 0 0 0
 61 72095.000 78576.000 0 0 0.000 0.000 0.000 0.143 0 1 0 0 0 0
 62 64476.000 96593.000 0 0 0.000 0.000 0.000 0.140 0 1 0 0 0 0
 63 135810.000 102283.000 0 0 0.000 0.000 0.000 0.148 0 1 0 0 0 0
 64 135366.000 92306.000 0 0 0.000 0.000 0.000 0.131 0 1 0 0 0 0
 65 96720.000 135705.000 0 0 0.000 0.000 0.000 0.149 0 1 0 0 0 0
 66 68338.000 117353.000 0 0 0.000 0.000 0.000 0.138 0 1 0 0 0 0
 67 132941.000 115308.000 0 0 0.000 0.000 0.000 0.135 0 1 0 0 0 0
 68 69253.000 120399.000 0 0 0.000 0.000 0.000 0.150 0 1 0 0 0 0
 69 63338.000 105993.000 0 0 0.000 0.000 0.000 0.131 0 1 0 0 0 0
 70 114060.000 134655.000 0 0 0.000 0.000 0.000 0.137 0 1 0 0 0 0
 71 136123.000 111253.000 0 0 0.000 0.000 0.000 0.130 0 1 0 0 0 0
 72 107280.000 137717.000 0 0 0.000 0.000 0.000 0.143 0 1 0 0 0 0
 73 92953.000 61460.000 0 0 0.000 0.000 0.000 0.146 0 1 0 0 0 0
 74 84180.000 135662.000 0 0 0.000 0.000 0.000 0.132 0 1 0 0 0 0
 75 71861.000 127164.000 0 0 0.000 0.000 0.000 0.134 0 1 0 0 0 0
 76 80609.000 65580.000 0 0 0.000 0.000 0.000 0.132 0 1 0 0 0 0
 77 96558.000 60393.000 0 0 0.000 0.000 0.000 0.148 0 1 0 0 0 0
 78 116418.000 136002.000 0 0 0.000 0.000 0.000 0.141 0 1 0 0 0 0
 79 133251.000 122003.000 0 0 0.000 0.000 0.000 0.132 0 1 0 0 0 0
 80 117245.000 63171.000 0 0 0.000 0.000 0.000 0.140 0 1 0 0 0 0
 81 113576.000 137854.000 0 0 0.000 0.000 0.000 0.133 0 1 0 0 0 0
 82 125754.000 131091.000 0 0 0.000 0.000 0.000 0.130 0 1 0 0 0 0
 83 59348.000 101580.000 0 0 0.000 0.000 0.000 0.152 0 1 0 0 0 0
 84 107008.000 139876.000 0 0 0.000 0.000 0.000 0.145 0 1 0 0 0 0
 85 127050.000 69151.000 0 0 0.000 0.000 0.000 0.135 0 1 0 0 0 0
 86 133448.000 76031.000 0 0 0.000 0.000 0.000 0.139 0 1 0 0 0 0
 87 58940.000 95704.000 0 0 0.000 0.000 0.000 0.140 0 1 0 0 0 0
 88 73107.000 68410.000 0 0 0.000 0.000 0.000 0.133 0 1 0 0 0 0
 89 114478.000 60534.000 0 0 0.000 0.000 0.000 0.137 0 1 0 0 0 0
 90 58334.000 95235.000 0 0 0.000 0.000 0.000 0.154 0 1 0 0 0 0
 91 75822.000 65332.000 0 0 0.000 0.000 0.000 0.145 0 1 0 0 0 0
 92 57922.000 101252.000 0 0 0.000 0.000 0.000 0.142 0 1 0 0 0 0
 93 118876.000 137808.000 0 0 0.000 0.000 0.000 0.134 0 1 0 0 0 0
 94 58090.000 106482.000 0 0 0.000 0.000 0.000 0.133 0 1 0 0 0 0
 95 61874.000 119025.000 0 0 0.000 0.000 0.000 0.144 0 1 0 0 0 0
 96 57554.000 103103.000 0 0 0.000 0.000 0.000 0.132 0 1 0 0 0 0
 97 118550.000 61260.000 0 0 0.000 0.000 0.000 200000.000 0 1 0 200 0 0
 98 57166.000 96578.000 0 0 0.000 0.000 0.000 0.130 0 1 0 0 0 0
 99 130015.000 68922.000 0 0 0.000 0.000 0.000 0.136 0 1 0 0 0 0
 100 109056.000 141958.000 0 0 0.000 0.000 0.000 0.141 0 1 0 0 0 0
 101 100172.000 143401.000 0 0 0.000 0.000 0.000 0.148 0 1 0 0 0 0
 102 69385.000 131686.000 0 0 0.000 0.000 0.000 0.131 0 1 0 0 0 0
 103 58032.000 113647.000 0 0 0.000 0.000 0.000 0.147 0 1 0 0 0 0
 104 108983.000 56385.000 0 0 0.000 0.000 0.000 0.151 0 1 0 0 0 0
 105 128164.000 65524.000 0 0 0.000 0.000 0.000 0.135 0 1 0 0 0 0
 106 130058.000 132244.000 0 0 0.000 0.000 0.000 0.135 0 1 0 0 0 0
 107 55779.000 103506.000 0 0 0.000 0.000 0.000 0.135 0 1 0 0 0 0
 108 138212.000 122625.000 0 0 0.000 0.000 0.000 0.159 0 1 0 0 0 0
 109 119428.000 59436.000 0 0 0.000 0.000 0.000 0.149 0 1 0 0 0 0
 110 143062.000 86057.000 0 0 0.000 0.000 0.000 0.131 0 1 0 0 0 0
 111 137761.000 73725.000 0 0 0.000 0.000 0.000 0.134 0 1 0 0 0 0
 112 57092.000 83443.000 0 0 0.000 0.000 0.000 0.134 0 1 0 0 0 0
 113 62830.000 127340.000 0 0 0.000 0.000 0.000 0.152 0 1 0 0 0 0
 114 53253.000 95443.000 0 0 0.000 0.000 0.000 0.150 0 1 0 0 0 0
 115 54514.000 113618.000 0 0 0.000 0.000 0.000 0.140 0 1 0 0 0 0
 116 128496.000 138127.000 0 0 0.000 0.000 0.000 0.141 0 1 0 0 0 0
 117 130241.000 137048.000 0 0 0.000 0.000 0.000 0.136 0 1 0 0 0 0
 118 142893.000 77494.000 0 0 0.000 0.000 0.000 0.130 0 1 0 0 0 0
 119 146313.000 84734.000 0 0 0.000 0.000 0.000 0.133 0 1 0 0 0 0
 120 148614.000 97679.000 0 0 0.000 0.000 0.000 0.138 0 1 0 0 0 0
 121 96962.000 51053.000 0 0 0.000 0.000 0.000 0.134 0 1 0 0 0 0
 122 110132.000 147793.000 0 0 0.000 0.000 0.000 0.139 0 1 0 0 0 0
 123 86995.000 52268.000 0 0 0.000 0.000 0.000 0.142 0 1 0 0 0 0
 124 123152.000 143169.000 0 0 0.000 0.000 0.000 0.130 0 1 0 0 0 0
 125 50719.000 104430.000 0 0 0.000 0.000 0.000 0.143 0 1 0 0 0 0
 126 97324.000 149276.000 0 0 0.000 0.000 0.000 0.138 0 1 0 0 0 0
 127 51498.000 111115.000 0 0 0.000 0.000 0.000 0.130 0 1 0 0 0 0
 128 52765.000 83084.000 0 0 0.000 0.000 0.000 0.145 0 1 0 0 0 0
 129 101444.000 49165.000 0 0 0.000 0.000 0.000 0.143 0 1 0 0 0 0
 130 50544.000 111285.000 0 0 0.000 0.000 0.000 0.131 0 1 0 0 0 0
 131 149629.000 83690.000 0 0 0.000 0.000 0.000 0.141 0 1 0 0 0 0
 132 50863.000 81447.000 0 0 0.000 0.000 0.000 0.132 0 1 0 0 0 0
 133 87680.000 48588.000 0 0 0.000 0.000 0.000 0.139 0 1 0 0 0 0
 134 144320.000 128157.000 0 0 0.000 0.000 0.000 0.152 0 1 0 0 0 0
 135 93685.000 152025.000 0 0 0.000 0.000 0.000 0.144 0 1 0 0 0 0
 136 54564.000 127778.000 0 0 0.000 0.000 0.000 0.149 0 1 0 0 0 0
 137 119792.000 149526.000 0 0 0.000 0.000 0.000 0.142 0 1 0 0 0 0
 138 49205.000 116594.000 0 0 0.000 0.000 0.000 0.137 0 1 0 0 0 0
 139 94022.000 153396.000 0 0 0.000 0.000 0.000 0.132 0 1 0 0 0 0
 140 66544.000 57006.000 0 0 0.000 0.000 0.000 0.139 0 1 0 0 0 0
 141 68470.000 55135.000 0 0 0.000 0.000 0.000 0.163 0 1 0 0 0 0
 142 90609.000 153871.000 0 0 0.000 0.000 0.000 0.132 0 1 0 0 0 0
 143 57760.000 64669.000 0 0 0.000 0.000 0.000 0.137 0 1 0 0 0 0
 144 114737.000 152992.000 0 0 0.000 0.000 0.000 0.132 0 1 0 0 0 0
 145 57921.000 135808.000 0 0 0.000 0.000 0.000 0.143 0 1 0 0 0 0
 146 86797.000 153702.000 0 0 0.000 0.000 0.000 0.140 0 1 0 0 0 0
 147 130431.000 52913.000 0 0 0.000 0.000 0.000 0.150 0 1 0 0 0 0
 148 146184.000 67929.000 0 0 0.000 0.000 0.000 0.135 0 1 0 0 0 0
 149 47400.000 78348.000 0 0 0.000 0.000 0.000 0.144 0 1 0 0 0 0
 150 106615.000 156466.000 0 0 0.000 0.000 0.000 0.133 0 1 0 0 0 0
 151 129843.000 148526.000 0 0 0.000 0.000 0.000 0.143 0 1 0 0 0 0
 152 83049.000 155999.000 0 0 0.000 0.000 0.000 0.131 0 1 0 0 0 0
 153 114680.000 42775.000 0 0 0.000 0.000 0.000 0.130 0 1 0 0 0 0
 154 41004.000 96168.000 0 0 0.000 0.000 0.000 0.132 0 1 0 0 0 0
 155 96421.000 39826.000 0 0 0.000 0.000 0.000 0.133 0 1 0 0 0 0
 156 39880.000 103953.000 0 0 0.000 0.000 0.000 0.137 0 1 0 0 0 0
 157 107810.000 159436.000 0 0 0.000 0.000 0.000 0.130 0 1 0 0 0 0
 158 38999.000 102601.000 0 0 0.000 0.000 0.000 0.148 0 1 0 0 0 0
 159 47221.000 131091.000 0 0 0.000 0.000 0.000 0.131 0 1 0 0 0 0
 160 38760.000 107432.000 0 0 0.000 0.000 0.000 0.137 0 1 0 0 0 0
 161 161135.000 88427.000 0 0 0.000 0.000 0.000 0.132 0 1 0 0 0 0
 162 88993.000 161038.000 0 0 0.000 0.000 0.000 0.131 0 1 0 0 0 0
 163 57578.000 53880.000 0 0 0.000 0.000 0.000 0.144 0 1 0 0 0 0
 164 159114.000 79712.000 0 0 0.000 0.000 0.000 0.133 0 1 0 0 0 0
 165 118521.000 159665.000 0 0 0.000 0.000 0.000 0.138 0 1 0 0 0 0
 166 115613.000 37427.000 0 0 0.000 0.000 0.000 0.155 0 1 0 0 0 0
 167 145427.000 53343.000 0 0 0.000 0.000 0.000 0.141 0 1 0 0 0 0
 168 164713.000 106422.000 0 0 0.000 0.000 0.000 0.142 0 1 0 0 0 0
 169 69644.000 41719.000 0 0 0.000 0.000 0.000 0.170 0 1 0 0 0 0
 170 109920.000 165709.000 0 0 0.000 0.000 0.000 0.131 0 1 0 0 0 0
 171 54951.000 149007.000 0 0 0.000 0.000 0.000 0.154 0 1 0 0 0 0
 172 68904.000 40033.000 0 0 0.000 0.000 0.000 0.134 0 1 0 0 0 0
 173 33734.000 112516.000 0 0 0.000 0.000 0.000 0.132 0 1 0 0 0 0
 174 102730.000 167519.000 0 0 0.000 0.000 0.000 0.136 0 1 0 0 0 0
 175 38034.000 127969.000 0 0 0.000 0.000 0.000 0.132 0 1 0 0 0 0
 176 79300.000 165482.000 0 0 0.000 0.000 0.000 0.137 0 1 0 0 0 0
 177 62893.000 158636.000 0 0 0.000 0.000 0.000 0.137 0 1 0 0 0 0
 178 168844.000 110896.000 0 0 0.000 0.000 0.000 0.130 0 1 0 0 0 0
 179 38343.000 66255.000 0 0 0.000 0.000 0.000 0.202 0 1 0 0 0 0
 180 38540.000 133979.000 0 0 0.000 0.000 0.000 0.132 0 1 0 0 0 0
 181 32330.000 80452.000 0 0 0.000 0.000 0.000 0.144 0 1 0 0 0 0
 182 149826.000 49159.000 0 0 0.000 0.000 0.000 0.131 0 1 0 0 0 0
 183 170802.000 106228.000 0 0 0.000 0.000 0.000 0.133 0 1 0 0 0 0
 184 148656.000 153012.000 0 0 0.000 0.000 0.000 0.133 0 1 0 0 0 0
 185 171473.000 111477.000 0 0 0.000 0.000 0.000 0.131 0 1 0 0 0 0
 186 104021.000 172120.000 0 0 0.000 0.000 0.000 0.149 0 1 0 0 0 0
 187 101932.000 173014.000 0 0 0.000 0.000 0.000 0.140 0 1 0 0 0 0
 188 87013.000 27329.000 0 0 0.000 0.000 0.000 0.132 0 1 0 0 0 0
 189 29477.000 78150.000 0 0 0.000 0.000 0.000 0.135 0 1 0 0 0 0
 190 29987.000 75404.000 0 0 0.000 0.000 0.000 0.130 0 1 0 0 0 0
 191 54030.000 158113.000 0 0 0.000 0.000 0.000 0.131 0 1 0 0 0 0
 192 122703.000 170789.000 0 0 0.000 0.000 0.000 0.138 0 1 0 0 0 0
 193 121821.000 28254.000 0 0 0.000 0.000 0.000 0.138 0 1 0 0 0 0
 194 70369.000 169428.000 0 0 0.000 0.000 0.000 0.137 0 1 0 0 0 0
 195 25695.000 85871.000 0 0 0.000 0.000 0.000 0.134 0 1 0 0 0 0
 196 168529.000 132861.000 0 0 0.000 0.000 0.000 0.134 0 1 0 0 0 0
 197 24001.000 95224.000 0 0 0.000 0.000 0.000 0.133 0 1 0 0 0 0
 198 107408.000 176819.000 0 0 0.000 0.000 0.000 0.132 0 1 0 0 0 0
 199 154060.000 34125.000 0 0 0.000 0.000 0.000 0.132 0 1 0 0 0 0;
ProcessEquipmentIDList 1
  "6632" ;
SummarySpec 5
  TESTNO    NDEFECT    DEFDENSITY    NDIE    NDEFDIE  ;
SummaryList 
  1    199    0.7275    1    1  ;
EndOfFile;
