FileVersion 1 2;
FileTimestamp 01-07-26 17:58:20;
InspectionStationID "KLA-Tencor" "SFSSP1" "0901-0728-TBI";
SampleType WAFER;
ResultTimestamp 01-07-26 17:57:13;
LotID "2580";
SampleSize 1 200;
DeviceID "None";
SetupID "T2-2580NR" 01-07-26 17:57:13;
StepID "6545";
SampleOrientationMarkType NOTCH;
OrientationMarkLocation DOWN;
DiePitch 200000 200000;
DieOrigin 0 0;
WaferID "01";
Slot 1;
SampleCenterLocation 100000 100000;
ClassLookup 1
  0 "0"  ;
OrientationInstructions "Front";
CoordinatesMirrored No;
InspectionTest 1;
SampleTestPlan 1
  0 0 ;
AreaPerTest 2.73513e+010;
DefectRecordSpec 15 DEFECTID XREL YREL XINDEX YINDEX XSIZE YSIZE DEFECTAREA DSIZE CLASSNUMBER TEST CLUSTERNUMBER ROUGHBINNUMBER FINEBINNUMBER REVIEWSAMPLE ;
DefectList
 1 101856.000 101509.000 0 0 0.000 0.000 0.000 0.136 0 1 0 0 0 0
 2 101855.000 101510.000 0 0 0.000 0.000 0.000 0.136 0 1 0 0 0 0
 3 101855.000 101510.000 0 0 0.000 0.000 0.000 0.136 0 1 0 0 0 0
 4 102614.000 95343.000 0 0 0.000 0.000 0.000 0.133 0 1 0 0 0 0
 5 105260.000 99051.000 0 0 0.000 0.000 0.000 0.148 0 1 0 0 0 0
 6 98288.000 105764.000 0 0 0.000 0.000 0.000 0.130 0 1 0 0 0 0
 7 102465.000 93129.000 0 0 0.000 0.000 0.000 0.135 0 1 0 0 0 0
 8 101896.000 90601.000 0 0 0.000 0.000 0.000 0.131 0 1 0 0 0 0
 9 95719.000 91318.000 0 0 0.000 0.000 0.000 0.130 0 1 0 0 0 0
 10 109888.000 97703.000 0 0 0.000 0.000 0.000 0.134 0 1 0 0 0 0
 11 91240.000 95168.000 0 0 0.000 0.000 0.000 0.152 0 1 0 0 0 0
 12 98076.000 89299.000 0 0 0.000 0.000 0.000 0.162 0 1 0 0 0 0
 13 91048.000 106332.000 0 0 0.000 0.000 0.000 0.140 0 1 0 0 0 0
 14 97784.000 88757.000 0 0 0.000 0.000 0.000 0.132 0 1 0 0 0 0
 15 98999.000 88389.000 0 0 0.000 0.000 0.000 0.131 0 1 0 0 0 0
 16 95700.000 111037.000 0 0 0.000 0.000 0.000 0.131 0 1 0 0 0 0
 17 88564.000 104683.000 0 0 0.000 0.000 0.000 0.132 0 1 0 0 0 0
 18 88755.000 94231.000 0 0 0.000 0.000 0.000 0.151 0 1 0 0 0 0
 19 93464.000 110703.000 0 0 0.000 0.000 0.000 0.149 0 1 0 0 0 0
 20 87516.000 105945.000 0 0 0.000 0.000 0.000 0.142 0 1 0 0 0 0
 21 97595.000 85824.000 0 0 0.000 0.000 0.000 0.144 0 1 0 0 0 0
 22 98960.000 84990.000 0 0 0.000 0.000 0.000 0.132 0 1 0 0 0 0
 23 86521.000 93470.000 0 0 0.000 0.000 0.000 0.132 0 1 0 0 0 0
 24 107448.000 113251.000 0 0 0.000 0.000 0.000 0.138 0 1 0 0 0 0
 25 87632.000 90748.000 0 0 0.000 0.000 0.000 0.142 0 1 0 0 0 0
 26 84126.000 101485.000 0 0 0.000 0.000 0.000 0.134 0 1 0 0 0 0
 27 84985.000 105685.000 0 0 0.000 0.000 0.000 0.133 0 1 0 0 0 0
 28 83926.000 106165.000 0 0 0.000 0.000 0.000 0.135 0 1 0 0 0 0
 29 86098.000 110426.000 0 0 0.000 0.000 0.000 0.149 0 1 0 0 0 0
 30 84646.000 110333.000 0 0 0.000 0.000 0.000 0.132 0 1 0 0 0 0
 31 83030.000 107543.000 0 0 0.000 0.000 0.000 0.138 0 1 0 0 0 0
 32 109717.000 83286.000 0 0 0.000 0.000 0.000 0.134 0 1 0 0 0 0
 33 94342.000 81637.000 0 0 0.000 0.000 0.000 0.152 0 1 0 0 0 0
 34 103985.000 80927.000 0 0 0.000 0.000 0.000 0.131 0 1 0 0 0 0
 35 109729.000 82477.000 0 0 0.000 0.000 0.000 0.162 0 1 0 0 0 0
 36 107181.000 118516.000 0 0 0.000 0.000 0.000 0.137 0 1 0 0 0 0
 37 120440.000 97495.000 0 0 0.000 0.000 0.000 0.131 0 1 0 0 0 0
 38 97965.000 120469.000 0 0 0.000 0.000 0.000 0.150 0 1 0 0 0 0
 39 120787.000 95179.000 0 0 0.000 0.000 0.000 0.138 0 1 0 0 0 0
 40 87978.000 117103.000 0 0 0.000 0.000 0.000 0.154 0 1 0 0 0 0
 41 83628.000 113002.000 0 0 0.000 0.000 0.000 0.140 0 1 0 0 0 0
 42 113470.000 117584.000 0 0 0.000 0.000 0.000 0.139 0 1 0 0 0 0
 43 104107.000 121619.000 0 0 0.000 0.000 0.000 0.148 0 1 0 0 0 0
 44 81349.000 112523.000 0 0 0.000 0.000 0.000 0.134 0 1 0 0 0 0
 45 80796.000 112088.000 0 0 0.000 0.000 0.000 0.143 0 1 0 0 0 0
 46 123101.000 98021.000 0 0 0.000 0.000 0.000 0.132 0 1 0 0 0 0
 47 78651.000 89375.000 0 0 0.000 0.000 0.000 0.142 0 1 0 0 0 0
 48 77498.000 108399.000 0 0 0.000 0.000 0.000 0.132 0 1 0 0 0 0
 49 77143.000 107377.000 0 0 0.000 0.000 0.000 0.136 0 1 0 0 0 0
 50 101432.000 75391.000 0 0 0.000 0.000 0.000 0.147 0 1 0 0 0 0
 51 76435.000 106282.000 0 0 0.000 0.000 0.000 0.148 0 1 0 0 0 0
 52 124813.000 98730.000 0 0 0.000 0.000 0.000 0.133 0 1 0 0 0 0
 53 112917.000 78616.000 0 0 0.000 0.000 0.000 0.153 0 1 0 0 0 0
 54 80825.000 84175.000 0 0 0.000 0.000 0.000 0.133 0 1 0 0 0 0
 55 99933.000 74910.000 0 0 0.000 0.000 0.000 0.148 0 1 0 0 0 0
 56 77509.000 88833.000 0 0 0.000 0.000 0.000 0.140 0 1 0 0 0 0
 57 107110.000 124999.000 0 0 0.000 0.000 0.000 0.154 0 1 0 0 0 0
 58 92430.000 124661.000 0 0 0.000 0.000 0.000 0.130 0 1 0 0 0 0
 59 120963.000 116568.000 0 0 0.000 0.000 0.000 0.137 0 1 0 0 0 0
 60 93685.000 125654.000 0 0 0.000 0.000 0.000 0.149 0 1 0 0 0 0
 61 79232.000 116264.000 0 0 0.000 0.000 0.000 0.143 0 1 0 0 0 0
 62 81197.000 118842.000 0 0 0.000 0.000 0.000 0.146 0 1 0 0 0 0
 63 73448.000 97189.000 0 0 0.000 0.000 0.000 0.132 0 1 0 0 0 0
 64 89620.000 75074.000 0 0 0.000 0.000 0.000 0.153 0 1 0 0 0 0
 65 106364.000 126205.000 0 0 0.000 0.000 0.000 0.133 0 1 0 0 0 0
 66 88531.000 124591.000 0 0 0.000 0.000 0.000 0.132 0 1 0 0 0 0
 67 90935.000 125860.000 0 0 0.000 0.000 0.000 0.132 0 1 0 0 0 0
 68 77209.000 84481.000 0 0 0.000 0.000 0.000 0.136 0 1 0 0 0 0
 69 126448.000 109396.000 0 0 0.000 0.000 0.000 0.146 0 1 0 0 0 0
 70 124988.000 112991.000 0 0 0.000 0.000 0.000 0.146 0 1 0 0 0 0
 71 128396.000 102185.000 0 0 0.000 0.000 0.000 0.130 0 1 0 0 0 0
 72 86490.000 74991.000 0 0 0.000 0.000 0.000 0.146 0 1 0 0 0 0
 73 128236.000 104485.000 0 0 0.000 0.000 0.000 0.133 0 1 0 0 0 0
 74 75382.000 113875.000 0 0 0.000 0.000 0.000 0.136 0 1 0 0 0 0
 75 70593.000 97297.000 0 0 0.000 0.000 0.000 0.143 0 1 0 0 0 0
 76 121883.000 120327.000 0 0 0.000 0.000 0.000 0.143 0 1 0 0 0 0
 77 128863.000 90040.000 0 0 0.000 0.000 0.000 0.136 0 1 0 0 0 0
 78 95403.000 69832.000 0 0 0.000 0.000 0.000 0.202 0 1 0 0 0 0
 79 86214.000 72361.000 0 0 0.000 0.000 0.000 0.131 0 1 0 0 0 0
 80 100008.000 131064.000 0 0 0.000 0.000 0.000 0.139 0 1 0 0 0 0
 81 93666.000 130295.000 0 0 0.000 0.000 0.000 0.148 0 1 0 0 0 0
 82 104665.000 130805.000 0 0 0.000 0.000 0.000 0.150 0 1 0 0 0 0
 83 123145.000 78342.000 0 0 0.000 0.000 0.000 0.168 0 1 0 0 0 0
 84 68635.000 95839.000 0 0 0.000 0.000 0.000 0.144 0 1 0 0 0 0
 85 105044.000 68403.000 0 0 0.000 0.000 0.000 0.159 0 1 0 0 0 0
 86 115375.000 71377.000 0 0 0.000 0.000 0.000 0.131 0 1 0 0 0 0
 87 78884.000 74641.000 0 0 0.000 0.000 0.000 0.150 0 1 0 0 0 0
 88 87153.000 69412.000 0 0 0.000 0.000 0.000 0.137 0 1 0 0 0 0
 89 67814.000 107107.000 0 0 0.000 0.000 0.000 0.139 0 1 0 0 0 0
 90 67560.000 105773.000 0 0 0.000 0.000 0.000 0.147 0 1 0 0 0 0
 91 67418.000 94592.000 0 0 0.000 0.000 0.000 0.139 0 1 0 0 0 0
 92 66886.000 102926.000 0 0 0.000 0.000 0.000 0.141 0 1 0 0 0 0
 93 124721.000 76814.000 0 0 0.000 0.000 0.000 0.137 0 1 0 0 0 0
 94 133417.000 93425.000 0 0 0.000 0.000 0.000 0.135 0 1 0 0 0 0
 95 130063.000 83196.000 0 0 0.000 0.000 0.000 0.131 0 1 0 0 0 0
 96 134208.000 95787.000 0 0 0.000 0.000 0.000 0.143 0 1 0 0 0 0
 97 80060.000 128025.000 0 0 0.000 0.000 0.000 0.130 0 1 0 0 0 0
 98 135091.000 99468.000 0 0 0.000 0.000 0.000 0.130 0 1 0 0 0 0
 99 65296.000 102192.000 0 0 0.000 0.000 0.000 0.131 0 1 0 0 0 0
 100 125037.000 74979.000 0 0 0.000 0.000 0.000 0.134 0 1 0 0 0 0
 101 128363.000 121094.000 0 0 0.000 0.000 0.000 0.132 0 1 0 0 0 0
 102 93918.000 135265.000 0 0 0.000 0.000 0.000 0.144 0 1 0 0 0 0
 103 129882.000 79355.000 0 0 0.000 0.000 0.000 0.149 0 1 0 0 0 0
 104 68459.000 82455.000 0 0 0.000 0.000 0.000 0.135 0 1 0 0 0 0
 105 63706.000 96106.000 0 0 0.000 0.000 0.000 0.135 0 1 0 0 0 0
 106 78049.000 70326.000 0 0 0.000 0.000 0.000 0.137 0 1 0 0 0 0
 107 99545.000 137056.000 0 0 0.000 0.000 0.000 0.137 0 1 0 0 0 0
 108 110986.000 135992.000 0 0 0.000 0.000 0.000 0.142 0 1 0 0 0 0
 109 93761.000 137127.000 0 0 0.000 0.000 0.000 0.139 0 1 0 0 0 0
 110 82124.000 133288.000 0 0 0.000 0.000 0.000 0.137 0 1 0 0 0 0
 111 88183.000 136044.000 0 0 0.000 0.000 0.000 0.135 0 1 0 0 0 0
 112 119009.000 133170.000 0 0 0.000 0.000 0.000 0.148 0 1 0 0 0 0
 113 95767.000 138197.000 0 0 0.000 0.000 0.000 0.131 0 1 0 0 0 0
 114 72031.000 73367.000 0 0 0.000 0.000 0.000 0.135 0 1 0 0 0 0
 115 63113.000 111295.000 0 0 0.000 0.000 0.000 0.132 0 1 0 0 0 0
 116 89450.000 137209.000 0 0 0.000 0.000 0.000 0.201 0 1 0 0 0 0
 117 60995.000 101346.000 0 0 0.000 0.000 0.000 0.154 0 1 0 0 0 0
 118 138052.000 110121.000 0 0 0.000 0.000 0.000 0.134 0 1 0 0 0 0
 119 103691.000 139100.000 0 0 0.000 0.000 0.000 0.134 0 1 0 0 0 0
 120 66257.000 120637.000 0 0 0.000 0.000 0.000 0.153 0 1 0 0 0 0
 121 128785.000 127801.000 0 0 0.000 0.000 0.000 0.133 0 1 0 0 0 0
 122 59602.000 101678.000 0 0 0.000 0.000 0.000 0.133 0 1 0 0 0 0
 123 89218.000 60832.000 0 0 0.000 0.000 0.000 0.148 0 1 0 0 0 0
 124 82051.000 136440.000 0 0 0.000 0.000 0.000 0.138 0 1 0 0 0 0
 125 141241.000 95722.000 0 0 0.000 0.000 0.000 0.130 0 1 0 0 0 0
 126 97393.000 58353.000 0 0 0.000 0.000 0.000 0.147 0 1 0 0 0 0
 127 105534.000 58549.000 0 0 0.000 0.000 0.000 0.135 0 1 0 0 0 0
 128 141844.000 102493.000 0 0 0.000 0.000 0.000 0.139 0 1 0 0 0 0
 129 116150.000 138316.000 0 0 0.000 0.000 0.000 0.174 0 1 0 0 0 0
 130 64160.000 78200.000 0 0 0.000 0.000 0.000 0.156 0 1 0 0 0 0
 131 82196.000 138512.000 0 0 0.000 0.000 0.000 0.146 0 1 0 0 0 0
 132 57591.000 98987.000 0 0 0.000 0.000 0.000 0.158 0 1 0 0 0 0
 133 127186.000 133314.000 0 0 0.000 0.000 0.000 0.136 0 1 0 0 0 0
 134 116034.000 139918.000 0 0 0.000 0.000 0.000 0.140 0 1 0 0 0 0
 135 60964.000 81719.000 0 0 0.000 0.000 0.000 0.141 0 1 0 0 0 0
 136 73208.000 133733.000 0 0 0.000 0.000 0.000 0.135 0 1 0 0 0 0
 137 128987.000 67273.000 0 0 0.000 0.000 0.000 0.132 0 1 0 0 0 0
 138 142514.000 88796.000 0 0 0.000 0.000 0.000 0.136 0 1 0 0 0 0
 139 143896.000 95561.000 0 0 0.000 0.000 0.000 0.136 0 1 0 0 0 0
 140 140975.000 82138.000 0 0 0.000 0.000 0.000 0.156 0 1 0 0 0 0
 141 92611.000 143741.000 0 0 0.000 0.000 0.000 0.150 0 1 0 0 0 0
 142 56898.000 112968.000 0 0 0.000 0.000 0.000 0.134 0 1 0 0 0 0
 143 114070.000 143136.000 0 0 0.000 0.000 0.000 0.142 0 1 0 0 0 0
 144 92978.000 144660.000 0 0 0.000 0.000 0.000 0.145 0 1 0 0 0 0
 145 127745.000 136325.000 0 0 0.000 0.000 0.000 0.154 0 1 0 0 0 0
 146 144542.000 111428.000 0 0 0.000 0.000 0.000 0.152 0 1 0 0 0 0
 147 73361.000 137113.000 0 0 0.000 0.000 0.000 0.131 0 1 0 0 0 0
 148 122489.000 59512.000 0 0 0.000 0.000 0.000 0.141 0 1 0 0 0 0
 149 60332.000 76064.000 0 0 0.000 0.000 0.000 0.139 0 1 0 0 0 0
 150 124774.000 139610.000 0 0 0.000 0.000 0.000 0.153 0 1 0 0 0 0
 151 142155.000 121378.000 0 0 0.000 0.000 0.000 0.134 0 1 0 0 0 0
 152 60850.000 125904.000 0 0 0.000 0.000 0.000 0.140 0 1 0 0 0 0
 153 57762.000 120448.000 0 0 0.000 0.000 0.000 0.132 0 1 0 0 0 0
 154 55962.000 83247.000 0 0 0.000 0.000 0.000 0.138 0 1 0 0 0 0
 155 92507.000 147019.000 0 0 0.000 0.000 0.000 0.134 0 1 0 0 0 0
 156 79204.000 142791.000 0 0 0.000 0.000 0.000 0.138 0 1 0 0 0 0
 157 83538.000 55064.000 0 0 0.000 0.000 0.000 0.130 0 1 0 0 0 0
 158 66205.000 133656.000 0 0 0.000 0.000 0.000 0.133 0 1 0 0 0 0
 159 136618.000 68290.000 0 0 0.000 0.000 0.000 0.137 0 1 0 0 0 0
 160 63429.000 131313.000 0 0 0.000 0.000 0.000 0.136 0 1 0 0 0 0
 161 60056.000 127137.000 0 0 0.000 0.000 0.000 0.159 0 1 0 0 0 0
 162 149030.000 99451.000 0 0 0.000 0.000 0.000 0.150 0 1 0 0 0 0
 163 51778.000 106800.000 0 0 0.000 0.000 0.000 0.137 0 1 0 0 0 0
 164 85195.000 53353.000 0 0 0.000 0.000 0.000 0.132 0 1 0 0 0 0
 165 140062.000 71082.000 0 0 0.000 0.000 0.000 0.143 0 1 0 0 0 0
 166 61422.000 130378.000 0 0 0.000 0.000 0.000 0.136 0 1 0 0 0 0
 167 76605.000 56289.000 0 0 0.000 0.000 0.000 0.136 0 1 0 0 0 0
 168 79603.000 54812.000 0 0 0.000 0.000 0.000 0.130 0 1 0 0 0 0
 169 139736.000 69491.000 0 0 0.000 0.000 0.000 0.133 0 1 0 0 0 0
 170 51256.000 109395.000 0 0 0.000 0.000 0.000 0.130 0 1 0 0 0 0
 171 111495.000 51169.000 0 0 0.000 0.000 0.000 0.145 0 1 0 0 0 0
 172 71657.000 141034.000 0 0 0.000 0.000 0.000 0.136 0 1 0 0 0 0
 173 108672.000 149475.000 0 0 0.000 0.000 0.000 0.131 0 1 0 0 0 0
 174 65254.000 136211.000 0 0 0.000 0.000 0.000 0.134 0 1 0 0 0 0
 175 67529.000 60814.000 0 0 0.000 0.000 0.000 0.130 0 1 0 0 0 0
 176 81587.000 52366.000 0 0 0.000 0.000 0.000 0.149 0 1 0 0 0 0
 177 110465.000 50028.000 0 0 0.000 0.000 0.000 0.130 0 1 0 0 0 0
 178 70492.000 142189.000 0 0 0.000 0.000 0.000 0.134 0 1 0 0 0 0
 179 79816.000 147608.000 0 0 0.000 0.000 0.000 0.143 0 1 0 0 0 0
 180 69370.000 141671.000 0 0 0.000 0.000 0.000 0.133 0 1 0 0 0 0
 181 70790.000 143381.000 0 0 0.000 0.000 0.000 0.141 0 1 0 0 0 0
 182 61054.000 135495.000 0 0 0.000 0.000 0.000 0.138 0 1 0 0 0 0
 183 62526.000 62601.000 0 0 0.000 0.000 0.000 0.136 0 1 0 0 0 0
 184 100395.000 153234.000 0 0 0.000 0.000 0.000 0.135 0 1 0 0 0 0
 185 46375.000 100553.000 0 0 0.000 0.000 0.000 0.131 0 1 0 0 0 0
 186 140175.000 63360.000 0 0 0.000 0.000 0.000 0.139 0 1 0 0 0 0
 187 47161.000 87790.000 0 0 0.000 0.000 0.000 0.131 0 1 0 0 0 0
 188 147775.000 126702.000 0 0 0.000 0.000 0.000 0.152 0 1 0 0 0 0
 189 65554.000 142129.000 0 0 0.000 0.000 0.000 0.135 0 1 0 0 0 0
 190 105161.000 45108.000 0 0 0.000 0.000 0.000 0.158 0 1 0 0 0 0
 191 102619.000 44591.000 0 0 0.000 0.000 0.000 0.139 0 1 0 0 0 0
 192 67385.000 144868.000 0 0 0.000 0.000 0.000 0.136 0 1 0 0 0 0
 193 138140.000 58721.000 0 0 0.000 0.000 0.000 0.166 0 1 0 0 0 0
 194 139941.000 139717.000 0 0 0.000 0.000 0.000 0.132 0 1 0 0 0 0
 195 49920.000 74237.000 0 0 0.000 0.000 0.000 0.131 0 1 0 0 0 0
 196 149872.000 126695.000 0 0 0.000 0.000 0.000 0.144 0 1 0 0 0 0
 197 51784.000 128869.000 0 0 0.000 0.000 0.000 0.133 0 1 0 0 0 0
 198 61773.000 141473.000 0 0 0.000 0.000 0.000 0.131 0 1 0 0 0 0
 199 115709.000 154716.000 0 0 0.000 0.000 0.000 0.156 0 1 0 0 0 0
 200 95898.000 156649.000 0 0 0.000 0.000 0.000 0.151 0 1 0 0 0 0
 201 126486.000 150659.000 0 0 0.000 0.000 0.000 0.143 0 1 0 0 0 0
 202 144578.000 63047.000 0 0 0.000 0.000 0.000 0.140 0 1 0 0 0 0
 203 147284.000 65982.000 0 0 0.000 0.000 0.000 0.130 0 1 0 0 0 0
 204 92404.000 42101.000 0 0 0.000 0.000 0.000 0.134 0 1 0 0 0 0
 205 129094.000 150477.000 0 0 0.000 0.000 0.000 0.143 0 1 0 0 0 0
 206 106329.000 41783.000 0 0 0.000 0.000 0.000 0.133 0 1 0 0 0 0
 207 150367.000 67957.000 0 0 0.000 0.000 0.000 0.152 0 1 0 0 0 0
 208 81878.000 42491.000 0 0 0.000 0.000 0.000 0.131 0 1 0 0 0 0
 209 48672.000 68221.000 0 0 0.000 0.000 0.000 0.154 0 1 0 0 0 0
 210 69838.000 152481.000 0 0 0.000 0.000 0.000 0.136 0 1 0 0 0 0
 211 124078.000 155856.000 0 0 0.000 0.000 0.000 0.135 0 1 0 0 0 0
 212 153387.000 129728.000 0 0 0.000 0.000 0.000 0.152 0 1 0 0 0 0
 213 146689.000 139252.000 0 0 0.000 0.000 0.000 0.130 0 1 0 0 0 0
 214 66424.000 151054.000 0 0 0.000 0.000 0.000 0.140 0 1 0 0 0 0
 215 120554.000 41892.000 0 0 0.000 0.000 0.000 0.132 0 1 0 0 0 0
 216 67119.000 152077.000 0 0 0.000 0.000 0.000 0.149 0 1 0 0 0 0
 217 153747.000 68776.000 0 0 0.000 0.000 0.000 0.138 0 1 0 0 0 0
 218 155358.000 128757.000 0 0 0.000 0.000 0.000 0.135 0 1 0 0 0 0
 219 72033.000 155341.000 0 0 0.000 0.000 0.000 0.143 0 1 0 0 0 0
 220 103179.000 37615.000 0 0 0.000 0.000 0.000 0.147 0 1 0 0 0 0
 221 52780.000 140510.000 0 0 0.000 0.000 0.000 0.134 0 1 0 0 0 0
 222 159882.000 80014.000 0 0 0.000 0.000 0.000 0.130 0 1 0 0 0 0
 223 152021.000 63554.000 0 0 0.000 0.000 0.000 0.131 0 1 0 0 0 0
 224 87504.000 162382.000 0 0 0.000 0.000 0.000 0.146 0 1 0 0 0 0
 225 127868.000 157756.000 0 0 0.000 0.000 0.000 0.154 0 1 0 0 0 0
 226 164529.000 100695.000 0 0 0.000 0.000 0.000 0.136 0 1 0 0 0 0
 227 147487.000 55747.000 0 0 0.000 0.000 0.000 0.132 0 1 0 0 0 0
 228 151141.000 59654.000 0 0 0.000 0.000 0.000 0.136 0 1 0 0 0 0
 229 147285.000 53546.000 0 0 0.000 0.000 0.000 0.144 0 1 0 0 0 0
 230 101934.000 166381.000 0 0 0.000 0.000 0.000 0.137 0 1 0 0 0 0
 231 98248.000 32356.000 0 0 0.000 0.000 0.000 0.133 0 1 0 0 0 0
 232 160552.000 130687.000 0 0 0.000 0.000 0.000 0.132 0 1 0 0 0 0
 233 31994.000 98512.000 0 0 0.000 0.000 0.000 200000.000 0 1 0 200 0 0
 234 146958.000 50253.000 0 0 0.000 0.000 0.000 0.131 0 1 0 0 0 0
 235 168519.000 107282.000 0 0 0.000 0.000 0.000 0.134 0 1 0 0 0 0
 236 32506.000 114699.000 0 0 0.000 0.000 0.000 0.131 0 1 0 0 0 0
 237 167030.000 81410.000 0 0 0.000 0.000 0.000 0.130 0 1 0 0 0 0
 238 30700.000 97767.000 0 0 0.000 0.000 0.000 0.138 0 1 0 0 0 0
 239 163215.000 129366.000 0 0 0.000 0.000 0.000 0.144 0 1 0 0 0 0
 240 152788.000 148196.000 0 0 0.000 0.000 0.000 0.135 0 1 0 0 0 0
 241 129322.000 165121.000 0 0 0.000 0.000 0.000 0.153 0 1 0 0 0 0
 242 136805.000 162563.000 0 0 0.000 0.000 0.000 0.161 0 1 0 0 0 0
 243 61727.000 161543.000 0 0 0.000 0.000 0.000 0.130 0 1 0 0 0 0
 244 120439.000 170003.000 0 0 0.000 0.000 0.000 0.132 0 1 0 0 0 0
 245 165542.000 66268.000 0 0 0.000 0.000 0.000 0.130 0 1 0 0 0 0
 246 142766.000 39434.000 0 0 0.000 0.000 0.000 0.136 0 1 0 0 0 0
 247 37354.000 139517.000 0 0 0.000 0.000 0.000 0.131 0 1 0 0 0 0
 248 159232.000 145541.000 0 0 0.000 0.000 0.000 0.130 0 1 0 0 0 0
 249 27931.000 75353.000 0 0 0.000 0.000 0.000 0.132 0 1 0 0 0 0
 250 164754.000 56625.000 0 0 0.000 0.000 0.000 0.132 0 1 0 0 0 0
 251 46658.000 39952.000 0 0 0.000 0.000 0.000 0.131 0 1 0 0 0 0
 252 136793.000 172514.000 0 0 0.000 0.000 0.000 0.172 0 1 0 0 0 0
 253 53739.000 24610.000 0 0 0.000 0.000 0.000 0.178 0 1 0 0 0 0;
ProcessEquipmentIDList 1
  "6632" ;
SummarySpec 5
  TESTNO    NDEFECT    DEFDENSITY    NDIE    NDEFDIE  ;
SummaryList 
  1    253    0.925    1    1  ;
EndOfFile;
