FileVersion 1 2;
FileTimestamp 01-07-26 20:09:30;
InspectionStationID "KLA-Tencor" "SFSSP1" "0901-0728-TBI";
SampleType WAFER;
ResultTimestamp 01-07-26 20:01:02;
LotID "2580";
SampleSize 1 200;
DeviceID "None";
SetupID "T2-2580NR" 01-07-26 20:01:02;
StepID "6545";
SampleOrientationMarkType NOTCH;
OrientationMarkLocation DOWN;
DiePitch 200000 200000;
DieOrigin 0 0;
WaferID "11";
Slot 11;
SampleCenterLocation 100000 100000;
ClassLookup 1
  0 "0"  ;
OrientationInstructions "Front";
CoordinatesMirrored No;
InspectionTest 1;
SampleTestPlan 1
  0 0 ;
AreaPerTest 2.73517e+010;
DefectRecordSpec 15 DEFECTID XREL YREL XINDEX YINDEX XSIZE YSIZE DEFECTAREA DSIZE CLASSNUMBER TEST CLUSTERNUMBER ROUGHBINNUMBER FINEBINNUMBER REVIEWSAMPLE ;
DefectList
 1 99002.000 98080.000 0 0 0.000 0.000 0.000 0.131 0 1 0 0 0 0
 2 101617.000 102016.000 0 0 0.000 0.000 0.000 0.139 0 1 0 0 0 0
 3 99000.000 98079.000 0 0 0.000 0.000 0.000 0.131 0 1 0 0 0 0
 4 96164.000 109172.000 0 0 0.000 0.000 0.000 0.136 0 1 0 0 0 0
 5 101256.000 110182.000 0 0 0.000 0.000 0.000 0.137 0 1 0 0 0 0
 6 105337.000 90862.000 0 0 0.000 0.000 0.000 0.135 0 1 0 0 0 0
 7 97006.000 88142.000 0 0 0.000 0.000 0.000 0.131 0 1 0 0 0 0
 8 100000.000 87644.000 0 0 0.000 0.000 0.000 0.150 0 1 0 0 0 0
 9 105260.000 88204.000 0 0 0.000 0.000 0.000 0.133 0 1 0 0 0 0
 10 112278.000 105309.000 0 0 0.000 0.000 0.000 0.130 0 1 0 0 0 0
 11 86629.000 102638.000 0 0 0.000 0.000 0.000 0.147 0 1 0 0 0 0
 12 88972.000 91302.000 0 0 0.000 0.000 0.000 0.138 0 1 0 0 0 0
 13 109132.000 89067.000 0 0 0.000 0.000 0.000 0.143 0 1 0 0 0 0
 14 86394.000 94109.000 0 0 0.000 0.000 0.000 0.132 0 1 0 0 0 0
 15 91070.000 87765.000 0 0 0.000 0.000 0.000 0.138 0 1 0 0 0 0
 16 114832.000 106119.000 0 0 0.000 0.000 0.000 0.152 0 1 0 0 0 0
 17 86414.000 91057.000 0 0 0.000 0.000 0.000 0.140 0 1 0 0 0 0
 18 105353.000 116150.000 0 0 0.000 0.000 0.000 0.136 0 1 0 0 0 0
 19 91407.000 114794.000 0 0 0.000 0.000 0.000 0.152 0 1 0 0 0 0
 20 87732.000 112627.000 0 0 0.000 0.000 0.000 0.132 0 1 0 0 0 0
 21 106094.000 83916.000 0 0 0.000 0.000 0.000 0.147 0 1 0 0 0 0
 22 110894.000 114632.000 0 0 0.000 0.000 0.000 0.150 0 1 0 0 0 0
 23 115616.000 90942.000 0 0 0.000 0.000 0.000 0.136 0 1 0 0 0 0
 24 113861.000 112544.000 0 0 0.000 0.000 0.000 0.149 0 1 0 0 0 0
 25 83954.000 110402.000 0 0 0.000 0.000 0.000 0.131 0 1 0 0 0 0
 26 92896.000 117980.000 0 0 0.000 0.000 0.000 0.159 0 1 0 0 0 0
 27 84755.000 88658.000 0 0 0.000 0.000 0.000 0.178 0 1 0 0 0 0
 28 111762.000 115618.000 0 0 0.000 0.000 0.000 0.130 0 1 0 0 0 0
 29 105842.000 81716.000 0 0 0.000 0.000 0.000 0.137 0 1 0 0 0 0
 30 100545.000 80329.000 0 0 0.000 0.000 0.000 0.140 0 1 0 0 0 0
 31 81110.000 92923.000 0 0 0.000 0.000 0.000 0.136 0 1 0 0 0 0
 32 104824.000 119754.000 0 0 0.000 0.000 0.000 0.154 0 1 0 0 0 0
 33 115406.000 86924.000 0 0 0.000 0.000 0.000 0.133 0 1 0 0 0 0
 34 118715.000 92479.000 0 0 0.000 0.000 0.000 0.130 0 1 0 0 0 0
 35 102889.000 120366.000 0 0 0.000 0.000 0.000 0.131 0 1 0 0 0 0
 36 85723.000 114919.000 0 0 0.000 0.000 0.000 0.148 0 1 0 0 0 0
 37 100206.000 79590.000 0 0 0.000 0.000 0.000 0.147 0 1 0 0 0 0
 38 87358.000 116701.000 0 0 0.000 0.000 0.000 0.138 0 1 0 0 0 0
 39 109494.000 119076.000 0 0 0.000 0.000 0.000 0.145 0 1 0 0 0 0
 40 82471.000 88479.000 0 0 0.000 0.000 0.000 0.200 0 1 0 0 0 0
 41 86999.000 118525.000 0 0 0.000 0.000 0.000 0.131 0 1 0 0 0 0
 42 82077.000 85840.000 0 0 0.000 0.000 0.000 0.140 0 1 0 0 0 0
 43 123151.000 99526.000 0 0 0.000 0.000 0.000 0.176 0 1 0 0 0 0
 44 121171.000 110320.000 0 0 0.000 0.000 0.000 0.148 0 1 0 0 0 0
 45 123818.000 100866.000 0 0 0.000 0.000 0.000 0.131 0 1 0 0 0 0
 46 82552.000 116874.000 0 0 0.000 0.000 0.000 0.133 0 1 0 0 0 0
 47 119669.000 86432.000 0 0 0.000 0.000 0.000 0.134 0 1 0 0 0 0
 48 102997.000 124323.000 0 0 0.000 0.000 0.000 0.132 0 1 0 0 0 0
 49 75491.000 101240.000 0 0 0.000 0.000 0.000 0.133 0 1 0 0 0 0
 50 79368.000 86575.000 0 0 0.000 0.000 0.000 0.133 0 1 0 0 0 0
 51 124253.000 106292.000 0 0 0.000 0.000 0.000 0.148 0 1 0 0 0 0
 52 98209.000 125382.000 0 0 0.000 0.000 0.000 0.133 0 1 0 0 0 0
 53 122680.000 89030.000 0 0 0.000 0.000 0.000 0.152 0 1 0 0 0 0
 54 119496.000 116440.000 0 0 0.000 0.000 0.000 0.133 0 1 0 0 0 0
 55 100030.000 74600.000 0 0 0.000 0.000 0.000 0.144 0 1 0 0 0 0
 56 125596.000 96453.000 0 0 0.000 0.000 0.000 0.151 0 1 0 0 0 0
 57 104606.000 125982.000 0 0 0.000 0.000 0.000 0.131 0 1 0 0 0 0
 58 122461.000 86759.000 0 0 0.000 0.000 0.000 0.146 0 1 0 0 0 0
 59 80990.000 81238.000 0 0 0.000 0.000 0.000 0.131 0 1 0 0 0 0
 60 125593.000 107878.000 0 0 0.000 0.000 0.000 0.131 0 1 0 0 0 0
 61 111641.000 75765.000 0 0 0.000 0.000 0.000 0.136 0 1 0 0 0 0
 62 126214.000 90411.000 0 0 0.000 0.000 0.000 0.131 0 1 0 0 0 0
 63 82330.000 122351.000 0 0 0.000 0.000 0.000 0.151 0 1 0 0 0 0
 64 115669.000 76734.000 0 0 0.000 0.000 0.000 0.133 0 1 0 0 0 0
 65 110857.000 126871.000 0 0 0.000 0.000 0.000 0.132 0 1 0 0 0 0
 66 91320.000 72687.000 0 0 0.000 0.000 0.000 0.136 0 1 0 0 0 0
 67 74388.000 86284.000 0 0 0.000 0.000 0.000 0.141 0 1 0 0 0 0
 68 76100.000 83069.000 0 0 0.000 0.000 0.000 0.147 0 1 0 0 0 0
 69 77249.000 119593.000 0 0 0.000 0.000 0.000 0.162 0 1 0 0 0 0
 70 71057.000 108860.000 0 0 0.000 0.000 0.000 0.134 0 1 0 0 0 0
 71 123964.000 81308.000 0 0 0.000 0.000 0.000 0.130 0 1 0 0 0 0
 72 126514.000 83664.000 0 0 0.000 0.000 0.000 0.134 0 1 0 0 0 0
 73 69331.000 108340.000 0 0 0.000 0.000 0.000 0.150 0 1 0 0 0 0
 74 131707.000 100919.000 0 0 0.000 0.000 0.000 0.139 0 1 0 0 0 0
 75 68102.000 98829.000 0 0 0.000 0.000 0.000 0.138 0 1 0 0 0 0
 76 88809.000 130789.000 0 0 0.000 0.000 0.000 0.130 0 1 0 0 0 0
 77 86265.000 70536.000 0 0 0.000 0.000 0.000 0.142 0 1 0 0 0 0
 78 125491.000 120839.000 0 0 0.000 0.000 0.000 0.153 0 1 0 0 0 0
 79 118269.000 127494.000 0 0 0.000 0.000 0.000 0.132 0 1 0 0 0 0
 80 114830.000 129587.000 0 0 0.000 0.000 0.000 0.131 0 1 0 0 0 0
 81 92430.000 133131.000 0 0 0.000 0.000 0.000 0.136 0 1 0 0 0 0
 82 121870.000 74605.000 0 0 0.000 0.000 0.000 0.130 0 1 0 0 0 0
 83 88737.000 132297.000 0 0 0.000 0.000 0.000 0.204 0 1 0 0 0 0
 84 106186.000 66367.000 0 0 0.000 0.000 0.000 0.211 0 1 0 0 0 0
 85 133313.000 91613.000 0 0 0.000 0.000 0.000 0.146 0 1 0 0 0 0
 86 67177.000 88274.000 0 0 0.000 0.000 0.000 0.144 0 1 0 0 0 0
 87 131573.000 115253.000 0 0 0.000 0.000 0.000 0.146 0 1 0 0 0 0
 88 121419.000 127759.000 0 0 0.000 0.000 0.000 0.207 0 1 0 0 0 0
 89 64861.000 101839.000 0 0 0.000 0.000 0.000 0.135 0 1 0 0 0 0
 90 80817.000 70822.000 0 0 0.000 0.000 0.000 0.132 0 1 0 0 0 0
 91 124985.000 124857.000 0 0 0.000 0.000 0.000 0.134 0 1 0 0 0 0
 92 66896.000 114396.000 0 0 0.000 0.000 0.000 0.141 0 1 0 0 0 0
 93 120923.000 70924.000 0 0 0.000 0.000 0.000 0.138 0 1 0 0 0 0
 94 104914.000 136634.000 0 0 0.000 0.000 0.000 0.139 0 1 0 0 0 0
 95 63809.000 108900.000 0 0 0.000 0.000 0.000 0.141 0 1 0 0 0 0
 96 63074.000 96584.000 0 0 0.000 0.000 0.000 0.132 0 1 0 0 0 0
 97 67664.000 81871.000 0 0 0.000 0.000 0.000 0.135 0 1 0 0 0 0
 98 136538.000 93569.000 0 0 0.000 0.000 0.000 0.149 0 1 0 0 0 0
 99 100799.000 137822.000 0 0 0.000 0.000 0.000 0.133 0 1 0 0 0 0
 100 86461.000 135485.000 0 0 0.000 0.000 0.000 0.136 0 1 0 0 0 0
 101 63013.000 109164.000 0 0 0.000 0.000 0.000 0.134 0 1 0 0 0 0
 102 125685.000 128157.000 0 0 0.000 0.000 0.000 0.160 0 1 0 0 0 0
 103 126181.000 128040.000 0 0 0.000 0.000 0.000 0.147 0 1 0 0 0 0
 104 101758.000 138444.000 0 0 0.000 0.000 0.000 0.141 0 1 0 0 0 0
 105 126668.000 127744.000 0 0 0.000 0.000 0.000 0.131 0 1 0 0 0 0
 106 64436.000 115073.000 0 0 0.000 0.000 0.000 0.134 0 1 0 0 0 0
 107 80868.000 66852.000 0 0 0.000 0.000 0.000 0.133 0 1 0 0 0 0
 108 125560.000 71251.000 0 0 0.000 0.000 0.000 0.134 0 1 0 0 0 0
 109 61030.000 102100.000 0 0 0.000 0.000 0.000 0.147 0 1 0 0 0 0
 110 61004.000 99292.000 0 0 0.000 0.000 0.000 0.140 0 1 0 0 0 0
 111 135361.000 118639.000 0 0 0.000 0.000 0.000 0.138 0 1 0 0 0 0
 112 95634.000 60232.000 0 0 0.000 0.000 0.000 0.161 0 1 0 0 0 0
 113 139867.000 104163.000 0 0 0.000 0.000 0.000 0.168 0 1 0 0 0 0
 114 59781.000 94281.000 0 0 0.000 0.000 0.000 0.132 0 1 0 0 0 0
 115 140675.000 96686.000 0 0 0.000 0.000 0.000 0.149 0 1 0 0 0 0
 116 138092.000 115480.000 0 0 0.000 0.000 0.000 0.133 0 1 0 0 0 0
 117 125919.000 132078.000 0 0 0.000 0.000 0.000 0.130 0 1 0 0 0 0
 118 93555.000 140884.000 0 0 0.000 0.000 0.000 0.147 0 1 0 0 0 0
 119 136285.000 119640.000 0 0 0.000 0.000 0.000 0.144 0 1 0 0 0 0
 120 71407.000 130203.000 0 0 0.000 0.000 0.000 0.143 0 1 0 0 0 0
 121 63717.000 121427.000 0 0 0.000 0.000 0.000 0.137 0 1 0 0 0 0
 122 139481.000 84615.000 0 0 0.000 0.000 0.000 0.137 0 1 0 0 0 0
 123 78210.000 136890.000 0 0 0.000 0.000 0.000 0.136 0 1 0 0 0 0
 124 57335.000 100660.000 0 0 0.000 0.000 0.000 0.141 0 1 0 0 0 0
 125 59168.000 112965.000 0 0 0.000 0.000 0.000 0.132 0 1 0 0 0 0
 126 130480.000 131456.000 0 0 0.000 0.000 0.000 0.131 0 1 0 0 0 0
 127 70263.000 132949.000 0 0 0.000 0.000 0.000 0.142 0 1 0 0 0 0
 128 95631.000 144374.000 0 0 0.000 0.000 0.000 0.142 0 1 0 0 0 0
 129 75275.000 63348.000 0 0 0.000 0.000 0.000 0.135 0 1 0 0 0 0
 130 67006.000 131103.000 0 0 0.000 0.000 0.000 0.145 0 1 0 0 0 0
 131 74795.000 138931.000 0 0 0.000 0.000 0.000 0.135 0 1 0 0 0 0
 132 72709.000 137627.000 0 0 0.000 0.000 0.000 0.138 0 1 0 0 0 0
 133 55522.000 87151.000 0 0 0.000 0.000 0.000 0.134 0 1 0 0 0 0
 134 122335.000 59336.000 0 0 0.000 0.000 0.000 0.130 0 1 0 0 0 0
 135 68737.000 135120.000 0 0 0.000 0.000 0.000 0.142 0 1 0 0 0 0
 136 71350.000 137513.000 0 0 0.000 0.000 0.000 0.142 0 1 0 0 0 0
 137 123631.000 141358.000 0 0 0.000 0.000 0.000 0.138 0 1 0 0 0 0
 138 90963.000 147142.000 0 0 0.000 0.000 0.000 0.135 0 1 0 0 0 0
 139 86361.000 145968.000 0 0 0.000 0.000 0.000 0.133 0 1 0 0 0 0
 140 147359.000 92744.000 0 0 0.000 0.000 0.000 0.136 0 1 0 0 0 0
 141 125663.000 59538.000 0 0 0.000 0.000 0.000 0.133 0 1 0 0 0 0
 142 108187.000 147927.000 0 0 0.000 0.000 0.000 0.145 0 1 0 0 0 0
 143 122387.000 57279.000 0 0 0.000 0.000 0.000 0.134 0 1 0 0 0 0
 144 125733.000 59013.000 0 0 0.000 0.000 0.000 0.138 0 1 0 0 0 0
 145 60055.000 72189.000 0 0 0.000 0.000 0.000 0.136 0 1 0 0 0 0
 146 125291.000 141966.000 0 0 0.000 0.000 0.000 0.133 0 1 0 0 0 0
 147 96298.000 51125.000 0 0 0.000 0.000 0.000 0.158 0 1 0 0 0 0
 148 119584.000 145824.000 0 0 0.000 0.000 0.000 0.148 0 1 0 0 0 0
 149 149489.000 106357.000 0 0 0.000 0.000 0.000 0.154 0 1 0 0 0 0
 150 147547.000 115401.000 0 0 0.000 0.000 0.000 0.165 0 1 0 0 0 0
 151 125375.000 143233.000 0 0 0.000 0.000 0.000 0.157 0 1 0 0 0 0
 152 85782.000 52110.000 0 0 0.000 0.000 0.000 0.138 0 1 0 0 0 0
 153 100751.000 150517.000 0 0 0.000 0.000 0.000 0.140 0 1 0 0 0 0
 154 64282.000 64546.000 0 0 0.000 0.000 0.000 0.134 0 1 0 0 0 0
 155 83741.000 148432.000 0 0 0.000 0.000 0.000 0.237 0 1 0 0 0 0
 156 135444.000 63411.000 0 0 0.000 0.000 0.000 0.150 0 1 0 0 0 0
 157 79548.000 53185.000 0 0 0.000 0.000 0.000 0.140 0 1 0 0 0 0
 158 90120.000 49812.000 0 0 0.000 0.000 0.000 0.141 0 1 0 0 0 0
 159 148774.000 81184.000 0 0 0.000 0.000 0.000 0.143 0 1 0 0 0 0
 160 131401.000 142250.000 0 0 0.000 0.000 0.000 0.153 0 1 0 0 0 0
 161 125692.000 54385.000 0 0 0.000 0.000 0.000 0.134 0 1 0 0 0 0
 162 49561.000 115641.000 0 0 0.000 0.000 0.000 0.157 0 1 0 0 0 0
 163 149386.000 80383.000 0 0 0.000 0.000 0.000 0.135 0 1 0 0 0 0
 164 48853.000 115403.000 0 0 0.000 0.000 0.000 0.219 0 1 0 0 0 0
 165 116367.000 49421.000 0 0 0.000 0.000 0.000 0.134 0 1 0 0 0 0
 166 151578.000 115624.000 0 0 0.000 0.000 0.000 0.135 0 1 0 0 0 0
 167 149009.000 122742.000 0 0 0.000 0.000 0.000 0.135 0 1 0 0 0 0
 168 46290.000 106676.000 0 0 0.000 0.000 0.000 0.132 0 1 0 0 0 0
 169 102608.000 154770.000 0 0 0.000 0.000 0.000 0.134 0 1 0 0 0 0
 170 138416.000 59914.000 0 0 0.000 0.000 0.000 0.132 0 1 0 0 0 0
 171 84774.000 154315.000 0 0 0.000 0.000 0.000 0.146 0 1 0 0 0 0
 172 54286.000 133536.000 0 0 0.000 0.000 0.000 0.130 0 1 0 0 0 0
 173 44194.000 89482.000 0 0 0.000 0.000 0.000 0.130 0 1 0 0 0 0
 174 45433.000 116552.000 0 0 0.000 0.000 0.000 0.216 0 1 0 0 0 0
 175 42957.000 97817.000 0 0 0.000 0.000 0.000 0.143 0 1 0 0 0 0
 176 67010.000 53595.000 0 0 0.000 0.000 0.000 0.150 0 1 0 0 0 0
 177 148585.000 130805.000 0 0 0.000 0.000 0.000 0.133 0 1 0 0 0 0
 178 135571.000 145312.000 0 0 0.000 0.000 0.000 0.147 0 1 0 0 0 0
 179 157875.000 107390.000 0 0 0.000 0.000 0.000 0.146 0 1 0 0 0 0
 180 47481.000 126153.000 0 0 0.000 0.000 0.000 0.143 0 1 0 0 0 0
 181 69855.000 49671.000 0 0 0.000 0.000 0.000 0.156 0 1 0 0 0 0
 182 158652.000 95721.000 0 0 0.000 0.000 0.000 0.146 0 1 0 0 0 0
 183 157716.000 85492.000 0 0 0.000 0.000 0.000 0.134 0 1 0 0 0 0
 184 149148.000 133969.000 0 0 0.000 0.000 0.000 0.149 0 1 0 0 0 0
 185 138612.000 145702.000 0 0 0.000 0.000 0.000 0.131 0 1 0 0 0 0
 186 97346.000 40515.000 0 0 0.000 0.000 0.000 0.156 0 1 0 0 0 0
 187 138169.000 54359.000 0 0 0.000 0.000 0.000 0.133 0 1 0 0 0 0
 188 152049.000 130941.000 0 0 0.000 0.000 0.000 0.130 0 1 0 0 0 0
 189 137053.000 52233.000 0 0 0.000 0.000 0.000 0.137 0 1 0 0 0 0
 190 117923.000 158307.000 0 0 0.000 0.000 0.000 0.145 0 1 0 0 0 0
 191 43847.000 123762.000 0 0 0.000 0.000 0.000 0.130 0 1 0 0 0 0
 192 68764.000 47396.000 0 0 0.000 0.000 0.000 0.138 0 1 0 0 0 0
 193 141709.000 55323.000 0 0 0.000 0.000 0.000 0.139 0 1 0 0 0 0
 194 77014.000 157175.000 0 0 0.000 0.000 0.000 0.149 0 1 0 0 0 0
 195 143987.000 143412.000 0 0 0.000 0.000 0.000 0.134 0 1 0 0 0 0
 196 154042.000 130490.000 0 0 0.000 0.000 0.000 0.132 0 1 0 0 0 0
 197 37796.000 95685.000 0 0 0.000 0.000 0.000 0.145 0 1 0 0 0 0
 198 42150.000 76624.000 0 0 0.000 0.000 0.000 0.135 0 1 0 0 0 0
 199 110798.000 161887.000 0 0 0.000 0.000 0.000 0.148 0 1 0 0 0 0
 200 151957.000 65021.000 0 0 0.000 0.000 0.000 0.133 0 1 0 0 0 0
 201 144046.000 144923.000 0 0 0.000 0.000 0.000 0.130 0 1 0 0 0 0
 202 52133.000 141480.000 0 0 0.000 0.000 0.000 0.135 0 1 0 0 0 0
 203 91714.000 162906.000 0 0 0.000 0.000 0.000 0.146 0 1 0 0 0 0
 204 95105.000 37087.000 0 0 0.000 0.000 0.000 0.132 0 1 0 0 0 0
 205 75128.000 158550.000 0 0 0.000 0.000 0.000 0.145 0 1 0 0 0 0
 206 163350.000 103795.000 0 0 0.000 0.000 0.000 0.131 0 1 0 0 0 0
 207 129740.000 156482.000 0 0 0.000 0.000 0.000 0.141 0 1 0 0 0 0
 208 67840.000 155302.000 0 0 0.000 0.000 0.000 0.138 0 1 0 0 0 0
 209 39484.000 79706.000 0 0 0.000 0.000 0.000 0.130 0 1 0 0 0 0
 210 45586.000 66513.000 0 0 0.000 0.000 0.000 0.134 0 1 0 0 0 0
 211 147436.000 143211.000 0 0 0.000 0.000 0.000 0.145 0 1 0 0 0 0
 212 139140.000 49494.000 0 0 0.000 0.000 0.000 0.152 0 1 0 0 0 0
 213 64849.000 154139.000 0 0 0.000 0.000 0.000 0.137 0 1 0 0 0 0
 214 153864.000 136683.000 0 0 0.000 0.000 0.000 0.135 0 1 0 0 0 0
 215 41120.000 128300.000 0 0 0.000 0.000 0.000 0.130 0 1 0 0 0 0
 216 129444.000 41976.000 0 0 0.000 0.000 0.000 0.142 0 1 0 0 0 0
 217 127232.000 159665.000 0 0 0.000 0.000 0.000 0.134 0 1 0 0 0 0
 218 35717.000 84823.000 0 0 0.000 0.000 0.000 0.130 0 1 0 0 0 0
 219 36573.000 120768.000 0 0 0.000 0.000 0.000 0.130 0 1 0 0 0 0
 220 51801.000 54089.000 0 0 0.000 0.000 0.000 0.130 0 1 0 0 0 0
 221 49994.000 144723.000 0 0 0.000 0.000 0.000 0.132 0 1 0 0 0 0
 222 123743.000 37770.000 0 0 0.000 0.000 0.000 0.139 0 1 0 0 0 0
 223 166490.000 106996.000 0 0 0.000 0.000 0.000 0.137 0 1 0 0 0 0
 224 59875.000 45011.000 0 0 0.000 0.000 0.000 0.133 0 1 0 0 0 0
 225 168222.000 103431.000 0 0 0.000 0.000 0.000 0.135 0 1 0 0 0 0
 226 167694.000 89845.000 0 0 0.000 0.000 0.000 0.152 0 1 0 0 0 0
 227 32189.000 112950.000 0 0 0.000 0.000 0.000 0.130 0 1 0 0 0 0
 228 161056.000 132972.000 0 0 0.000 0.000 0.000 0.139 0 1 0 0 0 0
 229 75328.000 35352.000 0 0 0.000 0.000 0.000 0.130 0 1 0 0 0 0
 230 169266.000 106061.000 0 0 0.000 0.000 0.000 0.142 0 1 0 0 0 0
 231 91411.000 169993.000 0 0 0.000 0.000 0.000 0.130 0 1 0 0 0 0
 232 158999.000 61870.000 0 0 0.000 0.000 0.000 0.131 0 1 0 0 0 0
 233 102789.000 171112.000 0 0 0.000 0.000 0.000 0.133 0 1 0 0 0 0
 234 133842.000 37536.000 0 0 0.000 0.000 0.000 0.138 0 1 0 0 0 0
 235 45885.000 53009.000 0 0 0.000 0.000 0.000 0.132 0 1 0 0 0 0
 236 93270.000 171873.000 0 0 0.000 0.000 0.000 0.140 0 1 0 0 0 0
 237 166101.000 71614.000 0 0 0.000 0.000 0.000 0.138 0 1 0 0 0 0
 238 166750.000 72095.000 0 0 0.000 0.000 0.000 0.142 0 1 0 0 0 0
 239 164943.000 133155.000 0 0 0.000 0.000 0.000 0.139 0 1 0 0 0 0
 240 165875.000 131716.000 0 0 0.000 0.000 0.000 0.145 0 1 0 0 0 0
 241 60482.000 38506.000 0 0 0.000 0.000 0.000 0.130 0 1 0 0 0 0
 242 146009.000 160189.000 0 0 0.000 0.000 0.000 0.159 0 1 0 0 0 0
 243 23895.000 92665.000 0 0 0.000 0.000 0.000 0.136 0 1 0 0 0 0
 244 25155.000 118150.000 0 0 0.000 0.000 0.000 0.133 0 1 0 0 0 0
 245 49512.000 42144.000 0 0 0.000 0.000 0.000 0.134 0 1 0 0 0 0
 246 158219.000 150623.000 0 0 0.000 0.000 0.000 0.135 0 1 0 0 0 0
 247 157108.000 46995.000 0 0 0.000 0.000 0.000 0.139 0 1 0 0 0 0
 248 64818.000 171485.000 0 0 0.000 0.000 0.000 0.240 0 1 0 0 0 0
 249 20401.000 108283.000 0 0 0.000 0.000 0.000 0.133 0 1 0 0 0 0
 250 89942.000 18200.000 0 0 0.000 0.000 0.000 0.130 0 1 0 0 0 0
 251 54309.000 173262.000 0 0 0.000 0.000 0.000 0.249 0 1 0 0 0 0
 252 52416.000 176366.000 0 0 0.000 0.000 0.000 0.303 0 1 0 0 0 0
 253 81667.000 11697.000 0 0 0.000 0.000 0.000 0.160 0 1 0 0 0 0;
ProcessEquipmentIDList 1
  "6632" ;
SummarySpec 5
  TESTNO    NDEFECT    DEFDENSITY    NDIE    NDEFDIE  ;
SummaryList 
  1    253    0.925    1    1  ;
EndOfFile;
