FileVersion 1 2;
FileTimestamp 01-07-26 09:24:09;
InspectionStationID "KLA-Tencor" "SFSSP1" "0901-0728-TBI";
SampleType WAFER;
ResultTimestamp 01-07-26 09:16:13;
LotID "2580";
SampleSize 1 200;
DeviceID "None";
SetupID "T2-2580NR" 01-07-26 09:16:13;
StepID "6542";
SampleOrientationMarkType NOTCH;
OrientationMarkLocation DOWN;
DiePitch 200000 200000;
DieOrigin 0 0;
WaferID "19";
Slot 19;
SampleCenterLocation 100000 100000;
ClassLookup 1
  0 "0"  ;
OrientationInstructions "Front";
CoordinatesMirrored No;
InspectionTest 1;
SampleTestPlan 1
  0 0 ;
AreaPerTest 2.73515e+010;
DefectRecordSpec 15 DEFECTID XREL YREL XINDEX YINDEX XSIZE YSIZE DEFECTAREA DSIZE CLASSNUMBER TEST CLUSTERNUMBER ROUGHBINNUMBER FINEBINNUMBER REVIEWSAMPLE ;
DefectList
 1 102365.000 97073.000 0 0 0.000 0.000 0.000 0.139 0 1 0 0 0 0
 2 102777.000 106975.000 0 0 0.000 0.000 0.000 0.146 0 1 0 0 0 0
 3 103587.000 108071.000 0 0 0.000 0.000 0.000 0.131 0 1 0 0 0 0
 4 93250.000 93108.000 0 0 0.000 0.000 0.000 0.132 0 1 0 0 0 0
 5 89364.000 103407.000 0 0 0.000 0.000 0.000 0.141 0 1 0 0 0 0
 6 110918.000 101904.000 0 0 0.000 0.000 0.000 0.130 0 1 0 0 0 0
 7 108249.000 108700.000 0 0 0.000 0.000 0.000 0.142 0 1 0 0 0 0
 8 111304.000 103964.000 0 0 0.000 0.000 0.000 0.132 0 1 0 0 0 0
 9 112712.000 101860.000 0 0 0.000 0.000 0.000 0.131 0 1 0 0 0 0
 10 89083.000 92122.000 0 0 0.000 0.000 0.000 0.162 0 1 0 0 0 0
 11 107706.000 88965.000 0 0 0.000 0.000 0.000 0.141 0 1 0 0 0 0
 12 86708.000 94798.000 0 0 0.000 0.000 0.000 0.137 0 1 0 0 0 0
 13 98962.000 84784.000 0 0 0.000 0.000 0.000 0.142 0 1 0 0 0 0
 14 84736.000 105755.000 0 0 0.000 0.000 0.000 0.135 0 1 0 0 0 0
 15 89882.000 113092.000 0 0 0.000 0.000 0.000 0.145 0 1 0 0 0 0
 16 115567.000 93776.000 0 0 0.000 0.000 0.000 0.133 0 1 0 0 0 0
 17 87813.000 113478.000 0 0 0.000 0.000 0.000 0.143 0 1 0 0 0 0
 18 111746.000 86251.000 0 0 0.000 0.000 0.000 0.134 0 1 0 0 0 0
 19 100068.000 118492.000 0 0 0.000 0.000 0.000 0.149 0 1 0 0 0 0
 20 83653.000 108931.000 0 0 0.000 0.000 0.000 0.136 0 1 0 0 0 0
 21 114391.000 112028.000 0 0 0.000 0.000 0.000 0.163 0 1 0 0 0 0
 22 114176.000 112355.000 0 0 0.000 0.000 0.000 0.139 0 1 0 0 0 0
 23 118582.000 104300.000 0 0 0.000 0.000 0.000 0.135 0 1 0 0 0 0
 24 114613.000 112235.000 0 0 0.000 0.000 0.000 0.155 0 1 0 0 0 0
 25 88583.000 115683.000 0 0 0.000 0.000 0.000 0.134 0 1 0 0 0 0
 26 81489.000 109732.000 0 0 0.000 0.000 0.000 0.144 0 1 0 0 0 0
 27 104812.000 121137.000 0 0 0.000 0.000 0.000 0.144 0 1 0 0 0 0
 28 78584.000 97865.000 0 0 0.000 0.000 0.000 0.144 0 1 0 0 0 0
 29 81865.000 88558.000 0 0 0.000 0.000 0.000 0.144 0 1 0 0 0 0
 30 105616.000 79084.000 0 0 0.000 0.000 0.000 0.133 0 1 0 0 0 0
 31 92872.000 78861.000 0 0 0.000 0.000 0.000 0.135 0 1 0 0 0 0
 32 111052.000 80679.000 0 0 0.000 0.000 0.000 0.154 0 1 0 0 0 0
 33 120966.000 108744.000 0 0 0.000 0.000 0.000 0.148 0 1 0 0 0 0
 34 111993.000 80313.000 0 0 0.000 0.000 0.000 0.142 0 1 0 0 0 0
 35 82837.000 84307.000 0 0 0.000 0.000 0.000 0.160 0 1 0 0 0 0
 36 82206.000 116025.000 0 0 0.000 0.000 0.000 0.146 0 1 0 0 0 0
 37 100943.000 75982.000 0 0 0.000 0.000 0.000 0.133 0 1 0 0 0 0
 38 118439.000 83955.000 0 0 0.000 0.000 0.000 0.143 0 1 0 0 0 0
 39 85891.000 120506.000 0 0 0.000 0.000 0.000 0.137 0 1 0 0 0 0
 40 97045.000 125370.000 0 0 0.000 0.000 0.000 0.131 0 1 0 0 0 0
 41 87968.000 77569.000 0 0 0.000 0.000 0.000 0.136 0 1 0 0 0 0
 42 125319.000 103142.000 0 0 0.000 0.000 0.000 0.134 0 1 0 0 0 0
 43 118559.000 118266.000 0 0 0.000 0.000 0.000 0.134 0 1 0 0 0 0
 44 79149.000 84221.000 0 0 0.000 0.000 0.000 0.140 0 1 0 0 0 0
 45 107397.000 125505.000 0 0 0.000 0.000 0.000 0.155 0 1 0 0 0 0
 46 125066.000 109133.000 0 0 0.000 0.000 0.000 0.135 0 1 0 0 0 0
 47 75751.000 88972.000 0 0 0.000 0.000 0.000 0.140 0 1 0 0 0 0
 48 79974.000 82323.000 0 0 0.000 0.000 0.000 0.134 0 1 0 0 0 0
 49 92093.000 74729.000 0 0 0.000 0.000 0.000 0.135 0 1 0 0 0 0
 50 118773.000 81207.000 0 0 0.000 0.000 0.000 0.139 0 1 0 0 0 0
 51 92399.000 74348.000 0 0 0.000 0.000 0.000 0.160 0 1 0 0 0 0
 52 126597.000 105556.000 0 0 0.000 0.000 0.000 0.139 0 1 0 0 0 0
 53 72940.000 97031.000 0 0 0.000 0.000 0.000 0.150 0 1 0 0 0 0
 54 75201.000 88605.000 0 0 0.000 0.000 0.000 0.131 0 1 0 0 0 0
 55 79691.000 81554.000 0 0 0.000 0.000 0.000 0.134 0 1 0 0 0 0
 56 109865.000 126519.000 0 0 0.000 0.000 0.000 0.153 0 1 0 0 0 0
 57 72133.000 94293.000 0 0 0.000 0.000 0.000 0.133 0 1 0 0 0 0
 58 128289.000 94520.000 0 0 0.000 0.000 0.000 0.140 0 1 0 0 0 0
 59 73628.000 113286.000 0 0 0.000 0.000 0.000 0.145 0 1 0 0 0 0
 60 118619.000 77251.000 0 0 0.000 0.000 0.000 0.144 0 1 0 0 0 0
 61 90711.000 72001.000 0 0 0.000 0.000 0.000 0.162 0 1 0 0 0 0
 62 119862.000 77753.000 0 0 0.000 0.000 0.000 0.140 0 1 0 0 0 0
 63 75731.000 82152.000 0 0 0.000 0.000 0.000 0.143 0 1 0 0 0 0
 64 124705.000 82658.000 0 0 0.000 0.000 0.000 0.134 0 1 0 0 0 0
 65 73580.000 115521.000 0 0 0.000 0.000 0.000 0.142 0 1 0 0 0 0
 66 127062.000 114148.000 0 0 0.000 0.000 0.000 0.134 0 1 0 0 0 0
 67 124466.000 118354.000 0 0 0.000 0.000 0.000 0.131 0 1 0 0 0 0
 68 116109.000 74106.000 0 0 0.000 0.000 0.000 0.134 0 1 0 0 0 0
 69 124312.000 81682.000 0 0 0.000 0.000 0.000 0.139 0 1 0 0 0 0
 70 125889.000 116596.000 0 0 0.000 0.000 0.000 0.131 0 1 0 0 0 0
 71 72162.000 86104.000 0 0 0.000 0.000 0.000 0.130 0 1 0 0 0 0
 72 131521.000 92279.000 0 0 0.000 0.000 0.000 0.145 0 1 0 0 0 0
 73 118352.000 127201.000 0 0 0.000 0.000 0.000 0.158 0 1 0 0 0 0
 74 82607.000 71885.000 0 0 0.000 0.000 0.000 0.134 0 1 0 0 0 0
 75 67291.000 107426.000 0 0 0.000 0.000 0.000 0.130 0 1 0 0 0 0
 76 73446.000 121546.000 0 0 0.000 0.000 0.000 0.138 0 1 0 0 0 0
 77 81894.000 129131.000 0 0 0.000 0.000 0.000 0.131 0 1 0 0 0 0
 78 114407.000 131396.000 0 0 0.000 0.000 0.000 0.156 0 1 0 0 0 0
 79 133936.000 94752.000 0 0 0.000 0.000 0.000 0.142 0 1 0 0 0 0
 80 114331.000 131775.000 0 0 0.000 0.000 0.000 0.151 0 1 0 0 0 0
 81 65436.000 96194.000 0 0 0.000 0.000 0.000 0.131 0 1 0 0 0 0
 82 118780.000 129589.000 0 0 0.000 0.000 0.000 0.135 0 1 0 0 0 0
 83 116133.000 69103.000 0 0 0.000 0.000 0.000 0.143 0 1 0 0 0 0
 84 134623.000 94678.000 0 0 0.000 0.000 0.000 0.133 0 1 0 0 0 0
 85 70375.000 119461.000 0 0 0.000 0.000 0.000 0.139 0 1 0 0 0 0
 86 102451.000 64837.000 0 0 0.000 0.000 0.000 0.137 0 1 0 0 0 0
 87 132914.000 86646.000 0 0 0.000 0.000 0.000 0.136 0 1 0 0 0 0
 88 131239.000 117543.000 0 0 0.000 0.000 0.000 0.158 0 1 0 0 0 0
 89 65289.000 90198.000 0 0 0.000 0.000 0.000 0.150 0 1 0 0 0 0
 90 81331.000 131449.000 0 0 0.000 0.000 0.000 0.137 0 1 0 0 0 0
 91 136579.000 101158.000 0 0 0.000 0.000 0.000 0.159 0 1 0 0 0 0
 92 65312.000 87247.000 0 0 0.000 0.000 0.000 0.131 0 1 0 0 0 0
 93 121668.000 130187.000 0 0 0.000 0.000 0.000 0.148 0 1 0 0 0 0
 94 63496.000 93628.000 0 0 0.000 0.000 0.000 0.142 0 1 0 0 0 0
 95 134548.000 86834.000 0 0 0.000 0.000 0.000 0.138 0 1 0 0 0 0
 96 114677.000 65763.000 0 0 0.000 0.000 0.000 0.159 0 1 0 0 0 0
 97 114991.000 134362.000 0 0 0.000 0.000 0.000 0.447 0 1 0 0 0 0
 98 88725.000 136035.000 0 0 0.000 0.000 0.000 0.146 0 1 0 0 0 0
 99 118829.000 67705.000 0 0 0.000 0.000 0.000 0.136 0 1 0 0 0 0
 100 128830.000 76032.000 0 0 0.000 0.000 0.000 0.132 0 1 0 0 0 0
 101 81226.000 67528.000 0 0 0.000 0.000 0.000 0.130 0 1 0 0 0 0
 102 131894.000 121234.000 0 0 0.000 0.000 0.000 0.137 0 1 0 0 0 0
 103 110323.000 136991.000 0 0 0.000 0.000 0.000 0.137 0 1 0 0 0 0
 104 138758.000 102417.000 0 0 0.000 0.000 0.000 0.133 0 1 0 0 0 0
 105 60992.000 97800.000 0 0 0.000 0.000 0.000 0.132 0 1 0 0 0 0
 106 82281.000 135161.000 0 0 0.000 0.000 0.000 0.133 0 1 0 0 0 0
 107 125902.000 129712.000 0 0 0.000 0.000 0.000 0.140 0 1 0 0 0 0
 108 68925.000 76090.000 0 0 0.000 0.000 0.000 0.137 0 1 0 0 0 0
 109 60764.000 104648.000 0 0 0.000 0.000 0.000 0.131 0 1 0 0 0 0
 110 70856.000 127239.000 0 0 0.000 0.000 0.000 0.143 0 1 0 0 0 0
 111 135287.000 81510.000 0 0 0.000 0.000 0.000 0.143 0 1 0 0 0 0
 112 92342.000 139995.000 0 0 0.000 0.000 0.000 0.149 0 1 0 0 0 0
 113 115777.000 137659.000 0 0 0.000 0.000 0.000 0.138 0 1 0 0 0 0
 114 65904.000 122414.000 0 0 0.000 0.000 0.000 0.147 0 1 0 0 0 0
 115 102763.000 59645.000 0 0 0.000 0.000 0.000 0.134 0 1 0 0 0 0
 116 116236.000 137561.000 0 0 0.000 0.000 0.000 0.179 0 1 0 0 0 0
 117 134296.000 123067.000 0 0 0.000 0.000 0.000 0.167 0 1 0 0 0 0
 118 128973.000 70374.000 0 0 0.000 0.000 0.000 0.147 0 1 0 0 0 0
 119 141183.000 93214.000 0 0 0.000 0.000 0.000 0.153 0 1 0 0 0 0
 120 81657.000 138042.000 0 0 0.000 0.000 0.000 0.131 0 1 0 0 0 0
 121 141297.000 109394.000 0 0 0.000 0.000 0.000 0.136 0 1 0 0 0 0
 122 131004.000 71354.000 0 0 0.000 0.000 0.000 0.142 0 1 0 0 0 0
 123 141922.000 107822.000 0 0 0.000 0.000 0.000 0.142 0 1 0 0 0 0
 124 135888.000 123667.000 0 0 0.000 0.000 0.000 0.145 0 1 0 0 0 0
 125 122136.000 136964.000 0 0 0.000 0.000 0.000 0.146 0 1 0 0 0 0
 126 56895.000 98262.000 0 0 0.000 0.000 0.000 0.151 0 1 0 0 0 0
 127 137836.000 79635.000 0 0 0.000 0.000 0.000 0.137 0 1 0 0 0 0
 128 64630.000 125209.000 0 0 0.000 0.000 0.000 0.136 0 1 0 0 0 0
 129 104862.000 143663.000 0 0 0.000 0.000 0.000 0.155 0 1 0 0 0 0
 130 94674.000 56692.000 0 0 0.000 0.000 0.000 0.144 0 1 0 0 0 0
 131 141024.000 115877.000 0 0 0.000 0.000 0.000 0.138 0 1 0 0 0 0
 132 112868.000 57375.000 0 0 0.000 0.000 0.000 0.143 0 1 0 0 0 0
 133 111043.000 56354.000 0 0 0.000 0.000 0.000 0.148 0 1 0 0 0 0
 134 81268.000 58829.000 0 0 0.000 0.000 0.000 0.147 0 1 0 0 0 0
 135 144352.000 90473.000 0 0 0.000 0.000 0.000 0.141 0 1 0 0 0 0
 136 140766.000 120419.000 0 0 0.000 0.000 0.000 0.172 0 1 0 0 0 0
 137 54607.000 95418.000 0 0 0.000 0.000 0.000 0.137 0 1 0 0 0 0
 138 108751.000 55445.000 0 0 0.000 0.000 0.000 0.131 0 1 0 0 0 0
 139 58632.000 120141.000 0 0 0.000 0.000 0.000 0.142 0 1 0 0 0 0
 140 55464.000 112887.000 0 0 0.000 0.000 0.000 0.135 0 1 0 0 0 0
 141 141823.000 80036.000 0 0 0.000 0.000 0.000 0.135 0 1 0 0 0 0
 142 88360.000 145268.000 0 0 0.000 0.000 0.000 0.134 0 1 0 0 0 0
 143 85931.000 144667.000 0 0 0.000 0.000 0.000 0.132 0 1 0 0 0 0
 144 70891.000 63527.000 0 0 0.000 0.000 0.000 0.155 0 1 0 0 0 0
 145 136886.000 71187.000 0 0 0.000 0.000 0.000 0.131 0 1 0 0 0 0
 146 74177.000 139704.000 0 0 0.000 0.000 0.000 0.143 0 1 0 0 0 0
 147 97412.000 52948.000 0 0 0.000 0.000 0.000 0.131 0 1 0 0 0 0
 148 117598.000 144106.000 0 0 0.000 0.000 0.000 0.180 0 1 0 0 0 0
 149 63632.000 131102.000 0 0 0.000 0.000 0.000 0.159 0 1 0 0 0 0
 150 53976.000 87431.000 0 0 0.000 0.000 0.000 0.134 0 1 0 0 0 0
 151 87951.000 146451.000 0 0 0.000 0.000 0.000 0.132 0 1 0 0 0 0
 152 69812.000 62708.000 0 0 0.000 0.000 0.000 0.142 0 1 0 0 0 0
 153 144057.000 80698.000 0 0 0.000 0.000 0.000 0.132 0 1 0 0 0 0
 154 141712.000 75824.000 0 0 0.000 0.000 0.000 0.134 0 1 0 0 0 0
 155 56026.000 121476.000 0 0 0.000 0.000 0.000 0.132 0 1 0 0 0 0
 156 51896.000 114291.000 0 0 0.000 0.000 0.000 0.139 0 1 0 0 0 0
 157 137581.000 133360.000 0 0 0.000 0.000 0.000 0.131 0 1 0 0 0 0
 158 96602.000 50050.000 0 0 0.000 0.000 0.000 0.137 0 1 0 0 0 0
 159 92280.000 50441.000 0 0 0.000 0.000 0.000 0.133 0 1 0 0 0 0
 160 58222.000 129753.000 0 0 0.000 0.000 0.000 0.152 0 1 0 0 0 0
 161 144297.000 74504.000 0 0 0.000 0.000 0.000 0.130 0 1 0 0 0 0
 162 141886.000 130405.000 0 0 0.000 0.000 0.000 0.141 0 1 0 0 0 0
 163 96793.000 151840.000 0 0 0.000 0.000 0.000 0.137 0 1 0 0 0 0
 164 79154.000 147964.000 0 0 0.000 0.000 0.000 0.133 0 1 0 0 0 0
 165 53248.000 77198.000 0 0 0.000 0.000 0.000 0.135 0 1 0 0 0 0
 166 54504.000 74777.000 0 0 0.000 0.000 0.000 0.136 0 1 0 0 0 0
 167 49882.000 115040.000 0 0 0.000 0.000 0.000 0.137 0 1 0 0 0 0
 168 142959.000 70177.000 0 0 0.000 0.000 0.000 0.134 0 1 0 0 0 0
 169 109324.000 151915.000 0 0 0.000 0.000 0.000 0.156 0 1 0 0 0 0
 170 51331.000 80250.000 0 0 0.000 0.000 0.000 0.134 0 1 0 0 0 0
 171 55843.000 130669.000 0 0 0.000 0.000 0.000 0.148 0 1 0 0 0 0
 172 154078.000 103660.000 0 0 0.000 0.000 0.000 0.143 0 1 0 0 0 0
 173 105169.000 154912.000 0 0 0.000 0.000 0.000 0.132 0 1 0 0 0 0
 174 55575.000 132832.000 0 0 0.000 0.000 0.000 0.130 0 1 0 0 0 0
 175 44987.000 104227.000 0 0 0.000 0.000 0.000 0.145 0 1 0 0 0 0
 176 151615.000 119954.000 0 0 0.000 0.000 0.000 0.132 0 1 0 0 0 0
 177 137278.000 58822.000 0 0 0.000 0.000 0.000 0.132 0 1 0 0 0 0
 178 44150.000 95631.000 0 0 0.000 0.000 0.000 0.139 0 1 0 0 0 0
 179 133865.000 55235.000 0 0 0.000 0.000 0.000 0.142 0 1 0 0 0 0
 180 44705.000 111846.000 0 0 0.000 0.000 0.000 0.134 0 1 0 0 0 0
 181 138057.000 141912.000 0 0 0.000 0.000 0.000 0.132 0 1 0 0 0 0
 182 94420.000 156521.000 0 0 0.000 0.000 0.000 0.132 0 1 0 0 0 0
 183 77620.000 48135.000 0 0 0.000 0.000 0.000 0.140 0 1 0 0 0 0
 184 152964.000 79971.000 0 0 0.000 0.000 0.000 0.140 0 1 0 0 0 0
 185 132360.000 53632.000 0 0 0.000 0.000 0.000 0.131 0 1 0 0 0 0
 186 65725.000 145762.000 0 0 0.000 0.000 0.000 0.157 0 1 0 0 0 0
 187 75024.000 48100.000 0 0 0.000 0.000 0.000 0.131 0 1 0 0 0 0
 188 146023.000 135380.000 0 0 0.000 0.000 0.000 0.136 0 1 0 0 0 0
 189 77834.000 153893.000 0 0 0.000 0.000 0.000 0.137 0 1 0 0 0 0
 190 83939.000 156194.000 0 0 0.000 0.000 0.000 0.131 0 1 0 0 0 0
 191 68628.000 149288.000 0 0 0.000 0.000 0.000 0.143 0 1 0 0 0 0
 192 122759.000 153884.000 0 0 0.000 0.000 0.000 0.135 0 1 0 0 0 0
 193 50360.000 131375.000 0 0 0.000 0.000 0.000 0.138 0 1 0 0 0 0
 194 134729.000 53223.000 0 0 0.000 0.000 0.000 0.148 0 1 0 0 0 0
 195 53425.000 64260.000 0 0 0.000 0.000 0.000 0.135 0 1 0 0 0 0
 196 132691.000 51354.000 0 0 0.000 0.000 0.000 0.132 0 1 0 0 0 0
 197 88434.000 158219.000 0 0 0.000 0.000 0.000 0.132 0 1 0 0 0 0
 198 146797.000 62855.000 0 0 0.000 0.000 0.000 0.136 0 1 0 0 0 0
 199 156579.000 120023.000 0 0 0.000 0.000 0.000 0.137 0 1 0 0 0 0
 200 94314.000 160049.000 0 0 0.000 0.000 0.000 0.144 0 1 0 0 0 0
 201 65772.000 50846.000 0 0 0.000 0.000 0.000 0.138 0 1 0 0 0 0
 202 124684.000 44255.000 0 0 0.000 0.000 0.000 0.130 0 1 0 0 0 0
 203 57460.000 55491.000 0 0 0.000 0.000 0.000 0.131 0 1 0 0 0 0
 204 87679.000 161458.000 0 0 0.000 0.000 0.000 0.133 0 1 0 0 0 0
 205 55692.000 56122.000 0 0 0.000 0.000 0.000 0.131 0 1 0 0 0 0
 206 139267.000 51529.000 0 0 0.000 0.000 0.000 0.130 0 1 0 0 0 0
 207 41190.000 76712.000 0 0 0.000 0.000 0.000 0.143 0 1 0 0 0 0
 208 99823.000 163594.000 0 0 0.000 0.000 0.000 0.144 0 1 0 0 0 0
 209 108701.000 163281.000 0 0 0.000 0.000 0.000 0.148 0 1 0 0 0 0
 210 37548.000 87145.000 0 0 0.000 0.000 0.000 0.130 0 1 0 0 0 0
 211 54463.000 55320.000 0 0 0.000 0.000 0.000 0.131 0 1 0 0 0 0
 212 66132.000 45901.000 0 0 0.000 0.000 0.000 0.133 0 1 0 0 0 0
 213 69759.000 43925.000 0 0 0.000 0.000 0.000 0.130 0 1 0 0 0 0
 214 162989.000 88938.000 0 0 0.000 0.000 0.000 0.147 0 1 0 0 0 0
 215 155266.000 132557.000 0 0 0.000 0.000 0.000 0.136 0 1 0 0 0 0
 216 164125.000 99824.000 0 0 0.000 0.000 0.000 0.137 0 1 0 0 0 0
 217 141165.000 149837.000 0 0 0.000 0.000 0.000 0.136 0 1 0 0 0 0
 218 163236.000 112869.000 0 0 0.000 0.000 0.000 0.145 0 1 0 0 0 0
 219 156938.000 67013.000 0 0 0.000 0.000 0.000 0.149 0 1 0 0 0 0
 220 56410.000 150124.000 0 0 0.000 0.000 0.000 0.132 0 1 0 0 0 0
 221 157340.000 134264.000 0 0 0.000 0.000 0.000 0.161 0 1 0 0 0 0
 222 39076.000 130477.000 0 0 0.000 0.000 0.000 0.139 0 1 0 0 0 0
 223 166806.000 116691.000 0 0 0.000 0.000 0.000 0.130 0 1 0 0 0 0
 224 30689.000 96450.000 0 0 0.000 0.000 0.000 0.145 0 1 0 0 0 0
 225 58715.000 43480.000 0 0 0.000 0.000 0.000 0.142 0 1 0 0 0 0
 226 149869.000 49515.000 0 0 0.000 0.000 0.000 0.133 0 1 0 0 0 0
 227 28510.000 108310.000 0 0 0.000 0.000 0.000 0.133 0 1 0 0 0 0
 228 121492.000 31507.000 0 0 0.000 0.000 0.000 0.136 0 1 0 0 0 0
 229 27727.000 97262.000 0 0 0.000 0.000 0.000 0.154 0 1 0 0 0 0
 230 57870.000 40552.000 0 0 0.000 0.000 0.000 0.141 0 1 0 0 0 0
 231 164297.000 139526.000 0 0 0.000 0.000 0.000 0.156 0 1 0 0 0 0
 232 111903.000 174951.000 0 0 0.000 0.000 0.000 0.135 0 1 0 0 0 0
 233 42444.000 49826.000 0 0 0.000 0.000 0.000 0.136 0 1 0 0 0 0
 234 141409.000 164720.000 0 0 0.000 0.000 0.000 0.141 0 1 0 0 0 0
 235 95324.000 178311.000 0 0 0.000 0.000 0.000 0.146 0 1 0 0 0 0
 236 33554.000 142383.000 0 0 0.000 0.000 0.000 0.138 0 1 0 0 0 0
 237 24684.000 123814.000 0 0 0.000 0.000 0.000 0.138 0 1 0 0 0 0
 238 99355.000 20561.000 0 0 0.000 0.000 0.000 0.143 0 1 0 0 0 0
 239 182884.000 115204.000 0 0 0.000 0.000 0.000 0.137 0 1 0 0 0 0
 240 45094.000 33940.000 0 0 0.000 0.000 0.000 0.132 0 1 0 0 0 0
 241 43258.000 34526.000 0 0 0.000 0.000 0.000 0.139 0 1 0 0 0 0
 242 180533.000 134057.000 0 0 0.000 0.000 0.000 0.208 0 1 0 0 0 0
 243 39559.000 34564.000 0 0 0.000 0.000 0.000 0.133 0 1 0 0 0 0
 244 172248.000 154613.000 0 0 0.000 0.000 0.000 0.155 0 1 0 0 0 0
 245 7438.000 118681.000 0 0 0.000 0.000 0.000 0.131 0 1 0 0 0 0;
ProcessEquipmentIDList 1
  "6632" ;
SummarySpec 5
  TESTNO    NDEFECT    DEFDENSITY    NDIE    NDEFDIE  ;
SummaryList 
  1    245    0.8957    1    1  ;
EndOfFile;
