FileVersion 1 2;
FileTimestamp 01-07-26 19:40:11;
InspectionStationID "KLA-Tencor" "SFSSP1" "0901-0728-TBI";
SampleType WAFER;
ResultTimestamp 01-07-26 19:30:09;
LotID "2580";
SampleSize 1 200;
DeviceID "None";
SetupID "T2-2580NR" 01-07-26 19:30:09;
StepID "6545";
SampleOrientationMarkType NOTCH;
OrientationMarkLocation DOWN;
DiePitch 200000 200000;
DieOrigin 0 0;
WaferID "17";
Slot 17;
SampleCenterLocation 100000 100000;
ClassLookup 1
  0 "0"  ;
OrientationInstructions "Front";
CoordinatesMirrored No;
InspectionTest 1;
SampleTestPlan 1
  0 0 ;
AreaPerTest 2.73525e+010;
DefectRecordSpec 15 DEFECTID XREL YREL XINDEX YINDEX XSIZE YSIZE DEFECTAREA DSIZE CLASSNUMBER TEST CLUSTERNUMBER ROUGHBINNUMBER FINEBINNUMBER REVIEWSAMPLE ;
DefectList
 1 102699.000 100168.000 0 0 0.000 0.000 0.000 0.132 0 1 0 0 0 0
 2 99899.000 95046.000 0 0 0.000 0.000 0.000 0.134 0 1 0 0 0 0
 3 104556.000 96184.000 0 0 0.000 0.000 0.000 0.135 0 1 0 0 0 0
 4 103712.000 95158.000 0 0 0.000 0.000 0.000 0.132 0 1 0 0 0 0
 5 105620.000 101500.000 0 0 0.000 0.000 0.000 0.162 0 1 0 0 0 0
 6 98172.000 105766.000 0 0 0.000 0.000 0.000 0.130 0 1 0 0 0 0
 7 103896.000 93864.000 0 0 0.000 0.000 0.000 0.135 0 1 0 0 0 0
 8 96845.000 106318.000 0 0 0.000 0.000 0.000 0.134 0 1 0 0 0 0
 9 103920.000 93554.000 0 0 0.000 0.000 0.000 0.164 0 1 0 0 0 0
 10 94349.000 104453.000 0 0 0.000 0.000 0.000 0.140 0 1 0 0 0 0
 11 96529.000 106952.000 0 0 0.000 0.000 0.000 0.139 0 1 0 0 0 0
 12 93720.000 93652.000 0 0 0.000 0.000 0.000 0.142 0 1 0 0 0 0
 13 89677.000 99949.000 0 0 0.000 0.000 0.000 0.133 0 1 0 0 0 0
 14 94789.000 108824.000 0 0 0.000 0.000 0.000 0.151 0 1 0 0 0 0
 15 107865.000 92088.000 0 0 0.000 0.000 0.000 0.138 0 1 0 0 0 0
 16 111082.000 105555.000 0 0 0.000 0.000 0.000 0.134 0 1 0 0 0 0
 17 94304.000 88400.000 0 0 0.000 0.000 0.000 0.133 0 1 0 0 0 0
 18 102121.000 113148.000 0 0 0.000 0.000 0.000 0.130 0 1 0 0 0 0
 19 114766.000 99935.000 0 0 0.000 0.000 0.000 0.136 0 1 0 0 0 0
 20 106158.000 113010.000 0 0 0.000 0.000 0.000 0.131 0 1 0 0 0 0
 21 114680.000 103573.000 0 0 0.000 0.000 0.000 0.144 0 1 0 0 0 0
 22 112475.000 90736.000 0 0 0.000 0.000 0.000 0.151 0 1 0 0 0 0
 23 111767.000 109939.000 0 0 0.000 0.000 0.000 0.138 0 1 0 0 0 0
 24 86728.000 89713.000 0 0 0.000 0.000 0.000 0.141 0 1 0 0 0 0
 25 93161.000 117223.000 0 0 0.000 0.000 0.000 0.134 0 1 0 0 0 0
 26 118935.000 99970.000 0 0 0.000 0.000 0.000 0.159 0 1 0 0 0 0
 27 117381.000 107422.000 0 0 0.000 0.000 0.000 0.144 0 1 0 0 0 0
 28 118814.000 102792.000 0 0 0.000 0.000 0.000 0.140 0 1 0 0 0 0
 29 82508.000 107892.000 0 0 0.000 0.000 0.000 0.136 0 1 0 0 0 0
 30 100086.000 80372.000 0 0 0.000 0.000 0.000 0.137 0 1 0 0 0 0
 31 103970.000 79944.000 0 0 0.000 0.000 0.000 0.150 0 1 0 0 0 0
 32 111550.000 116542.000 0 0 0.000 0.000 0.000 0.139 0 1 0 0 0 0
 33 80664.000 106526.000 0 0 0.000 0.000 0.000 0.137 0 1 0 0 0 0
 34 118601.000 108975.000 0 0 0.000 0.000 0.000 0.174 0 1 0 0 0 0
 35 103779.000 79082.000 0 0 0.000 0.000 0.000 0.150 0 1 0 0 0 0
 36 78736.000 101262.000 0 0 0.000 0.000 0.000 0.149 0 1 0 0 0 0
 37 120622.000 105643.000 0 0 0.000 0.000 0.000 0.150 0 1 0 0 0 0
 38 119805.000 108125.000 0 0 0.000 0.000 0.000 0.151 0 1 0 0 0 0
 39 81366.000 88925.000 0 0 0.000 0.000 0.000 0.148 0 1 0 0 0 0
 40 83231.000 86390.000 0 0 0.000 0.000 0.000 0.153 0 1 0 0 0 0
 41 115561.000 84766.000 0 0 0.000 0.000 0.000 0.134 0 1 0 0 0 0
 42 78210.000 99863.000 0 0 0.000 0.000 0.000 0.132 0 1 0 0 0 0
 43 81110.000 88795.000 0 0 0.000 0.000 0.000 0.146 0 1 0 0 0 0
 44 121677.000 96498.000 0 0 0.000 0.000 0.000 0.136 0 1 0 0 0 0
 45 121175.000 106148.000 0 0 0.000 0.000 0.000 0.148 0 1 0 0 0 0
 46 121852.000 104587.000 0 0 0.000 0.000 0.000 0.137 0 1 0 0 0 0
 47 92129.000 78492.000 0 0 0.000 0.000 0.000 0.133 0 1 0 0 0 0
 48 120757.000 109133.000 0 0 0.000 0.000 0.000 0.133 0 1 0 0 0 0
 49 84565.000 116528.000 0 0 0.000 0.000 0.000 0.132 0 1 0 0 0 0
 50 78793.000 90386.000 0 0 0.000 0.000 0.000 0.134 0 1 0 0 0 0
 51 87067.000 119593.000 0 0 0.000 0.000 0.000 0.142 0 1 0 0 0 0
 52 121503.000 89595.000 0 0 0.000 0.000 0.000 0.137 0 1 0 0 0 0
 53 91891.000 77289.000 0 0 0.000 0.000 0.000 0.140 0 1 0 0 0 0
 54 79181.000 87062.000 0 0 0.000 0.000 0.000 0.134 0 1 0 0 0 0
 55 118167.000 116312.000 0 0 0.000 0.000 0.000 0.144 0 1 0 0 0 0
 56 96936.000 124316.000 0 0 0.000 0.000 0.000 0.133 0 1 0 0 0 0
 57 120225.000 84654.000 0 0 0.000 0.000 0.000 0.133 0 1 0 0 0 0
 58 88627.000 122378.000 0 0 0.000 0.000 0.000 0.140 0 1 0 0 0 0
 59 87316.000 77504.000 0 0 0.000 0.000 0.000 0.146 0 1 0 0 0 0
 60 120095.000 115809.000 0 0 0.000 0.000 0.000 0.156 0 1 0 0 0 0
 61 125855.000 99271.000 0 0 0.000 0.000 0.000 0.154 0 1 0 0 0 0
 62 103715.000 74062.000 0 0 0.000 0.000 0.000 0.136 0 1 0 0 0 0
 63 112631.000 122553.000 0 0 0.000 0.000 0.000 0.133 0 1 0 0 0 0
 64 114533.000 77789.000 0 0 0.000 0.000 0.000 0.131 0 1 0 0 0 0
 65 126853.000 100450.000 0 0 0.000 0.000 0.000 0.136 0 1 0 0 0 0
 66 79109.000 117243.000 0 0 0.000 0.000 0.000 0.132 0 1 0 0 0 0
 67 111583.000 74935.000 0 0 0.000 0.000 0.000 0.148 0 1 0 0 0 0
 68 75947.000 86468.000 0 0 0.000 0.000 0.000 0.152 0 1 0 0 0 0
 69 121054.000 81584.000 0 0 0.000 0.000 0.000 0.138 0 1 0 0 0 0
 70 76447.000 85023.000 0 0 0.000 0.000 0.000 0.140 0 1 0 0 0 0
 71 77537.000 83270.000 0 0 0.000 0.000 0.000 0.149 0 1 0 0 0 0
 72 127840.000 102288.000 0 0 0.000 0.000 0.000 0.149 0 1 0 0 0 0
 73 125151.000 113335.000 0 0 0.000 0.000 0.000 0.139 0 1 0 0 0 0
 74 74222.000 112538.000 0 0 0.000 0.000 0.000 0.133 0 1 0 0 0 0
 75 71750.000 105324.000 0 0 0.000 0.000 0.000 0.150 0 1 0 0 0 0
 76 126621.000 88346.000 0 0 0.000 0.000 0.000 0.134 0 1 0 0 0 0
 77 106538.000 128209.000 0 0 0.000 0.000 0.000 0.171 0 1 0 0 0 0
 78 82061.000 123053.000 0 0 0.000 0.000 0.000 0.130 0 1 0 0 0 0
 79 74262.000 85007.000 0 0 0.000 0.000 0.000 0.146 0 1 0 0 0 0
 80 81913.000 75927.000 0 0 0.000 0.000 0.000 0.150 0 1 0 0 0 0
 81 104727.000 129400.000 0 0 0.000 0.000 0.000 0.135 0 1 0 0 0 0
 82 98038.000 130122.000 0 0 0.000 0.000 0.000 0.141 0 1 0 0 0 0
 83 70499.000 107320.000 0 0 0.000 0.000 0.000 0.142 0 1 0 0 0 0
 84 126826.000 84678.000 0 0 0.000 0.000 0.000 0.133 0 1 0 0 0 0
 85 69111.000 102369.000 0 0 0.000 0.000 0.000 0.131 0 1 0 0 0 0
 86 129198.000 110970.000 0 0 0.000 0.000 0.000 0.137 0 1 0 0 0 0
 87 82424.000 125482.000 0 0 0.000 0.000 0.000 0.134 0 1 0 0 0 0
 88 91484.000 129876.000 0 0 0.000 0.000 0.000 0.130 0 1 0 0 0 0
 89 87012.000 128202.000 0 0 0.000 0.000 0.000 0.144 0 1 0 0 0 0
 90 94283.000 68167.000 0 0 0.000 0.000 0.000 0.135 0 1 0 0 0 0
 91 122691.000 77068.000 0 0 0.000 0.000 0.000 0.141 0 1 0 0 0 0
 92 118668.000 126025.000 0 0 0.000 0.000 0.000 0.135 0 1 0 0 0 0
 93 130666.000 110378.000 0 0 0.000 0.000 0.000 0.139 0 1 0 0 0 0
 94 117939.000 126586.000 0 0 0.000 0.000 0.000 0.146 0 1 0 0 0 0
 95 83108.000 71818.000 0 0 0.000 0.000 0.000 0.134 0 1 0 0 0 0
 96 116489.000 71491.000 0 0 0.000 0.000 0.000 0.132 0 1 0 0 0 0
 97 132055.000 92509.000 0 0 0.000 0.000 0.000 0.134 0 1 0 0 0 0
 98 115418.000 128754.000 0 0 0.000 0.000 0.000 0.142 0 1 0 0 0 0
 99 96062.000 132374.000 0 0 0.000 0.000 0.000 0.144 0 1 0 0 0 0
 100 115243.000 129058.000 0 0 0.000 0.000 0.000 0.132 0 1 0 0 0 0
 101 133170.000 99392.000 0 0 0.000 0.000 0.000 0.152 0 1 0 0 0 0
 102 66801.000 103239.000 0 0 0.000 0.000 0.000 0.146 0 1 0 0 0 0
 103 113236.000 68600.000 0 0 0.000 0.000 0.000 0.133 0 1 0 0 0 0
 104 66351.000 105691.000 0 0 0.000 0.000 0.000 0.136 0 1 0 0 0 0
 105 98521.000 65321.000 0 0 0.000 0.000 0.000 0.134 0 1 0 0 0 0
 106 124822.000 75592.000 0 0 0.000 0.000 0.000 0.144 0 1 0 0 0 0
 107 124090.000 124809.000 0 0 0.000 0.000 0.000 0.132 0 1 0 0 0 0
 108 71929.000 79158.000 0 0 0.000 0.000 0.000 0.158 0 1 0 0 0 0
 109 127295.000 78058.000 0 0 0.000 0.000 0.000 0.135 0 1 0 0 0 0
 110 79384.000 71163.000 0 0 0.000 0.000 0.000 0.139 0 1 0 0 0 0
 111 78173.000 71340.000 0 0 0.000 0.000 0.000 0.144 0 1 0 0 0 0
 112 82426.000 67580.000 0 0 0.000 0.000 0.000 0.132 0 1 0 0 0 0
 113 68200.000 80534.000 0 0 0.000 0.000 0.000 0.131 0 1 0 0 0 0
 114 133672.000 83747.000 0 0 0.000 0.000 0.000 0.146 0 1 0 0 0 0
 115 137299.000 98425.000 0 0 0.000 0.000 0.000 0.148 0 1 0 0 0 0
 116 107336.000 136644.000 0 0 0.000 0.000 0.000 0.132 0 1 0 0 0 0
 117 105090.000 62289.000 0 0 0.000 0.000 0.000 0.147 0 1 0 0 0 0
 118 80795.000 67104.000 0 0 0.000 0.000 0.000 0.157 0 1 0 0 0 0
 119 86951.000 63919.000 0 0 0.000 0.000 0.000 0.138 0 1 0 0 0 0
 120 132164.000 79367.000 0 0 0.000 0.000 0.000 0.139 0 1 0 0 0 0
 121 137436.000 92625.000 0 0 0.000 0.000 0.000 0.136 0 1 0 0 0 0
 122 129896.000 123394.000 0 0 0.000 0.000 0.000 0.144 0 1 0 0 0 0
 123 92494.000 137398.000 0 0 0.000 0.000 0.000 0.140 0 1 0 0 0 0
 124 77052.000 69065.000 0 0 0.000 0.000 0.000 0.133 0 1 0 0 0 0
 125 137433.000 108952.000 0 0 0.000 0.000 0.000 0.135 0 1 0 0 0 0
 126 61579.000 97796.000 0 0 0.000 0.000 0.000 0.136 0 1 0 0 0 0
 127 75979.000 69475.000 0 0 0.000 0.000 0.000 0.138 0 1 0 0 0 0
 128 62459.000 90661.000 0 0 0.000 0.000 0.000 0.150 0 1 0 0 0 0
 129 111302.000 62708.000 0 0 0.000 0.000 0.000 0.135 0 1 0 0 0 0
 130 110873.000 137201.000 0 0 0.000 0.000 0.000 0.140 0 1 0 0 0 0
 131 104116.000 60933.000 0 0 0.000 0.000 0.000 0.139 0 1 0 0 0 0
 132 110509.000 137387.000 0 0 0.000 0.000 0.000 0.159 0 1 0 0 0 0
 133 60826.000 100403.000 0 0 0.000 0.000 0.000 0.143 0 1 0 0 0 0
 134 82064.000 134991.000 0 0 0.000 0.000 0.000 0.133 0 1 0 0 0 0
 135 81725.000 64748.000 0 0 0.000 0.000 0.000 0.149 0 1 0 0 0 0
 136 76706.000 132573.000 0 0 0.000 0.000 0.000 0.143 0 1 0 0 0 0
 137 60459.000 107062.000 0 0 0.000 0.000 0.000 0.137 0 1 0 0 0 0
 138 111491.000 138458.000 0 0 0.000 0.000 0.000 0.130 0 1 0 0 0 0
 139 61282.000 110833.000 0 0 0.000 0.000 0.000 0.158 0 1 0 0 0 0
 140 97654.000 59299.000 0 0 0.000 0.000 0.000 0.139 0 1 0 0 0 0
 141 140339.000 95339.000 0 0 0.000 0.000 0.000 0.138 0 1 0 0 0 0
 142 60947.000 110583.000 0 0 0.000 0.000 0.000 0.136 0 1 0 0 0 0
 143 99644.000 140398.000 0 0 0.000 0.000 0.000 0.152 0 1 0 0 0 0
 144 98303.000 140393.000 0 0 0.000 0.000 0.000 0.155 0 1 0 0 0 0
 145 119723.000 63988.000 0 0 0.000 0.000 0.000 0.151 0 1 0 0 0 0
 146 82424.000 62633.000 0 0 0.000 0.000 0.000 0.131 0 1 0 0 0 0
 147 115717.000 137807.000 0 0 0.000 0.000 0.000 0.159 0 1 0 0 0 0
 148 139956.000 110253.000 0 0 0.000 0.000 0.000 0.138 0 1 0 0 0 0
 149 65932.000 123146.000 0 0 0.000 0.000 0.000 0.135 0 1 0 0 0 0
 150 122857.000 64870.000 0 0 0.000 0.000 0.000 0.135 0 1 0 0 0 0
 151 142232.000 97583.000 0 0 0.000 0.000 0.000 0.156 0 1 0 0 0 0
 152 136124.000 121752.000 0 0 0.000 0.000 0.000 0.131 0 1 0 0 0 0
 153 94484.000 141813.000 0 0 0.000 0.000 0.000 0.147 0 1 0 0 0 0
 154 70533.000 68180.000 0 0 0.000 0.000 0.000 0.136 0 1 0 0 0 0
 155 135941.000 124015.000 0 0 0.000 0.000 0.000 0.151 0 1 0 0 0 0
 156 96872.000 142989.000 0 0 0.000 0.000 0.000 0.132 0 1 0 0 0 0
 157 93455.000 56586.000 0 0 0.000 0.000 0.000 0.153 0 1 0 0 0 0
 158 111376.000 57523.000 0 0 0.000 0.000 0.000 0.136 0 1 0 0 0 0
 159 131232.000 68807.000 0 0 0.000 0.000 0.000 0.142 0 1 0 0 0 0
 160 101341.000 143767.000 0 0 0.000 0.000 0.000 0.130 0 1 0 0 0 0
 161 67450.000 69808.000 0 0 0.000 0.000 0.000 0.134 0 1 0 0 0 0
 162 75073.000 63325.000 0 0 0.000 0.000 0.000 0.138 0 1 0 0 0 0
 163 64340.000 73045.000 0 0 0.000 0.000 0.000 0.134 0 1 0 0 0 0
 164 144357.000 95258.000 0 0 0.000 0.000 0.000 0.156 0 1 0 0 0 0
 165 117852.000 141935.000 0 0 0.000 0.000 0.000 0.138 0 1 0 0 0 0
 166 54333.000 102079.000 0 0 0.000 0.000 0.000 0.131 0 1 0 0 0 0
 167 56712.000 115347.000 0 0 0.000 0.000 0.000 0.139 0 1 0 0 0 0
 168 54436.000 106394.000 0 0 0.000 0.000 0.000 0.163 0 1 0 0 0 0
 169 145655.000 91469.000 0 0 0.000 0.000 0.000 0.135 0 1 0 0 0 0
 170 146408.000 97112.000 0 0 0.000 0.000 0.000 0.133 0 1 0 0 0 0
 171 145988.000 106301.000 0 0 0.000 0.000 0.000 0.131 0 1 0 0 0 0
 172 134670.000 68758.000 0 0 0.000 0.000 0.000 0.151 0 1 0 0 0 0
 173 138446.000 126130.000 0 0 0.000 0.000 0.000 0.134 0 1 0 0 0 0
 174 92210.000 145821.000 0 0 0.000 0.000 0.000 0.142 0 1 0 0 0 0
 175 66216.000 66954.000 0 0 0.000 0.000 0.000 0.159 0 1 0 0 0 0
 176 136235.000 130450.000 0 0 0.000 0.000 0.000 0.159 0 1 0 0 0 0
 177 124079.000 58429.000 0 0 0.000 0.000 0.000 0.132 0 1 0 0 0 0
 178 83362.000 54542.000 0 0 0.000 0.000 0.000 0.141 0 1 0 0 0 0
 179 148261.000 101196.000 0 0 0.000 0.000 0.000 0.149 0 1 0 0 0 0
 180 109288.000 147340.000 0 0 0.000 0.000 0.000 0.154 0 1 0 0 0 0
 181 100016.000 51092.000 0 0 0.000 0.000 0.000 0.134 0 1 0 0 0 0
 182 62340.000 130953.000 0 0 0.000 0.000 0.000 0.132 0 1 0 0 0 0
 183 103444.000 50698.000 0 0 0.000 0.000 0.000 0.143 0 1 0 0 0 0
 184 149085.000 96546.000 0 0 0.000 0.000 0.000 0.131 0 1 0 0 0 0
 185 53606.000 83429.000 0 0 0.000 0.000 0.000 0.145 0 1 0 0 0 0
 186 104495.000 50462.000 0 0 0.000 0.000 0.000 0.153 0 1 0 0 0 0
 187 135877.000 65498.000 0 0 0.000 0.000 0.000 0.140 0 1 0 0 0 0
 188 77024.000 143733.000 0 0 0.000 0.000 0.000 0.130 0 1 0 0 0 0
 189 57570.000 126725.000 0 0 0.000 0.000 0.000 0.130 0 1 0 0 0 0
 190 71224.000 58568.000 0 0 0.000 0.000 0.000 0.159 0 1 0 0 0 0
 191 72276.000 57779.000 0 0 0.000 0.000 0.000 0.131 0 1 0 0 0 0
 192 87422.000 50872.000 0 0 0.000 0.000 0.000 0.132 0 1 0 0 0 0
 193 137950.000 66367.000 0 0 0.000 0.000 0.000 0.145 0 1 0 0 0 0
 194 53766.000 120191.000 0 0 0.000 0.000 0.000 0.140 0 1 0 0 0 0
 195 111960.000 50549.000 0 0 0.000 0.000 0.000 0.141 0 1 0 0 0 0
 196 69157.000 59346.000 0 0 0.000 0.000 0.000 0.155 0 1 0 0 0 0
 197 109024.000 49403.000 0 0 0.000 0.000 0.000 0.131 0 1 0 0 0 0
 198 74909.000 144816.000 0 0 0.000 0.000 0.000 0.146 0 1 0 0 0 0
 199 67617.000 140166.000 0 0 0.000 0.000 0.000 0.135 0 1 0 0 0 0
 200 60250.000 132849.000 0 0 0.000 0.000 0.000 0.156 0 1 0 0 0 0
 201 144302.000 72692.000 0 0 0.000 0.000 0.000 0.140 0 1 0 0 0 0
 202 139494.000 133389.000 0 0 0.000 0.000 0.000 0.140 0 1 0 0 0 0
 203 134902.000 61128.000 0 0 0.000 0.000 0.000 0.135 0 1 0 0 0 0
 204 112122.000 150356.000 0 0 0.000 0.000 0.000 0.167 0 1 0 0 0 0
 205 48247.000 91371.000 0 0 0.000 0.000 0.000 0.141 0 1 0 0 0 0
 206 48416.000 89429.000 0 0 0.000 0.000 0.000 0.143 0 1 0 0 0 0
 207 49180.000 85326.000 0 0 0.000 0.000 0.000 0.130 0 1 0 0 0 0
 208 89799.000 47799.000 0 0 0.000 0.000 0.000 0.141 0 1 0 0 0 0
 209 151802.000 89373.000 0 0 0.000 0.000 0.000 0.145 0 1 0 0 0 0
 210 149757.000 117708.000 0 0 0.000 0.000 0.000 0.139 0 1 0 0 0 0
 211 131443.000 142257.000 0 0 0.000 0.000 0.000 0.133 0 1 0 0 0 0
 212 84177.000 49180.000 0 0 0.000 0.000 0.000 0.158 0 1 0 0 0 0
 213 106865.000 152386.000 0 0 0.000 0.000 0.000 0.131 0 1 0 0 0 0
 214 135524.000 139426.000 0 0 0.000 0.000 0.000 0.138 0 1 0 0 0 0
 215 97380.000 152897.000 0 0 0.000 0.000 0.000 0.134 0 1 0 0 0 0
 216 136015.000 139306.000 0 0 0.000 0.000 0.000 0.132 0 1 0 0 0 0
 217 147794.000 123944.000 0 0 0.000 0.000 0.000 0.141 0 1 0 0 0 0
 218 51854.000 76025.000 0 0 0.000 0.000 0.000 0.130 0 1 0 0 0 0
 219 65524.000 140949.000 0 0 0.000 0.000 0.000 0.147 0 1 0 0 0 0
 220 144282.000 68817.000 0 0 0.000 0.000 0.000 0.155 0 1 0 0 0 0
 221 46284.000 108559.000 0 0 0.000 0.000 0.000 0.139 0 1 0 0 0 0
 222 68744.000 54691.000 0 0 0.000 0.000 0.000 0.158 0 1 0 0 0 0
 223 48377.000 119734.000 0 0 0.000 0.000 0.000 0.135 0 1 0 0 0 0
 224 51493.000 127629.000 0 0 0.000 0.000 0.000 0.152 0 1 0 0 0 0
 225 46397.000 83369.000 0 0 0.000 0.000 0.000 0.148 0 1 0 0 0 0
 226 45162.000 112690.000 0 0 0.000 0.000 0.000 0.159 0 1 0 0 0 0
 227 97583.000 43378.000 0 0 0.000 0.000 0.000 0.133 0 1 0 0 0 0
 228 147259.000 68270.000 0 0 0.000 0.000 0.000 0.140 0 1 0 0 0 0
 229 148742.000 128889.000 0 0 0.000 0.000 0.000 0.141 0 1 0 0 0 0
 230 51732.000 130026.000 0 0 0.000 0.000 0.000 0.130 0 1 0 0 0 0
 231 155771.000 112521.000 0 0 0.000 0.000 0.000 0.132 0 1 0 0 0 0
 232 129220.000 49983.000 0 0 0.000 0.000 0.000 0.131 0 1 0 0 0 0
 233 47940.000 125237.000 0 0 0.000 0.000 0.000 0.137 0 1 0 0 0 0
 234 67794.000 51661.000 0 0 0.000 0.000 0.000 0.134 0 1 0 0 0 0
 235 130715.000 148973.000 0 0 0.000 0.000 0.000 0.135 0 1 0 0 0 0
 236 48606.000 126632.000 0 0 0.000 0.000 0.000 0.141 0 1 0 0 0 0
 237 151626.000 72943.000 0 0 0.000 0.000 0.000 0.130 0 1 0 0 0 0
 238 44069.000 83219.000 0 0 0.000 0.000 0.000 0.137 0 1 0 0 0 0
 239 86014.000 156389.000 0 0 0.000 0.000 0.000 0.131 0 1 0 0 0 0
 240 127806.000 48348.000 0 0 0.000 0.000 0.000 0.132 0 1 0 0 0 0
 241 146030.000 135896.000 0 0 0.000 0.000 0.000 0.136 0 1 0 0 0 0
 242 100318.000 41068.000 0 0 0.000 0.000 0.000 0.137 0 1 0 0 0 0
 243 103243.000 40569.000 0 0 0.000 0.000 0.000 0.140 0 1 0 0 0 0
 244 99396.000 159354.000 0 0 0.000 0.000 0.000 0.131 0 1 0 0 0 0
 245 44843.000 76713.000 0 0 0.000 0.000 0.000 0.138 0 1 0 0 0 0
 246 50318.000 66644.000 0 0 0.000 0.000 0.000 0.149 0 1 0 0 0 0
 247 143026.000 58150.000 0 0 0.000 0.000 0.000 0.156 0 1 0 0 0 0
 248 154655.000 124332.000 0 0 0.000 0.000 0.000 0.149 0 1 0 0 0 0
 249 61363.000 53738.000 0 0 0.000 0.000 0.000 0.142 0 1 0 0 0 0
 250 65963.000 50310.000 0 0 0.000 0.000 0.000 0.165 0 1 0 0 0 0
 251 95908.000 159923.000 0 0 0.000 0.000 0.000 0.140 0 1 0 0 0 0
 252 126565.000 154333.000 0 0 0.000 0.000 0.000 0.149 0 1 0 0 0 0
 253 143399.000 142453.000 0 0 0.000 0.000 0.000 0.135 0 1 0 0 0 0
 254 55941.000 141788.000 0 0 0.000 0.000 0.000 0.130 0 1 0 0 0 0
 255 124206.000 156012.000 0 0 0.000 0.000 0.000 0.131 0 1 0 0 0 0
 256 159918.000 85416.000 0 0 0.000 0.000 0.000 0.134 0 1 0 0 0 0
 257 78578.000 157921.000 0 0 0.000 0.000 0.000 0.135 0 1 0 0 0 0
 258 74332.000 156092.000 0 0 0.000 0.000 0.000 0.151 0 1 0 0 0 0
 259 68604.000 153177.000 0 0 0.000 0.000 0.000 0.138 0 1 0 0 0 0
 260 76282.000 42583.000 0 0 0.000 0.000 0.000 0.130 0 1 0 0 0 0
 261 162201.000 105958.000 0 0 0.000 0.000 0.000 0.135 0 1 0 0 0 0
 262 112706.000 38284.000 0 0 0.000 0.000 0.000 0.155 0 1 0 0 0 0
 263 85806.000 38400.000 0 0 0.000 0.000 0.000 0.140 0 1 0 0 0 0
 264 160082.000 119607.000 0 0 0.000 0.000 0.000 0.143 0 1 0 0 0 0
 265 38024.000 115208.000 0 0 0.000 0.000 0.000 0.150 0 1 0 0 0 0
 266 156514.000 68557.000 0 0 0.000 0.000 0.000 0.133 0 1 0 0 0 0
 267 115667.000 36664.000 0 0 0.000 0.000 0.000 0.132 0 1 0 0 0 0
 268 95673.000 164595.000 0 0 0.000 0.000 0.000 0.131 0 1 0 0 0 0
 269 105151.000 164650.000 0 0 0.000 0.000 0.000 0.147 0 1 0 0 0 0
 270 156472.000 67130.000 0 0 0.000 0.000 0.000 0.130 0 1 0 0 0 0
 271 92228.000 164900.000 0 0 0.000 0.000 0.000 0.135 0 1 0 0 0 0
 272 143583.000 50439.000 0 0 0.000 0.000 0.000 0.132 0 1 0 0 0 0
 273 35126.000 87819.000 0 0 0.000 0.000 0.000 0.154 0 1 0 0 0 0
 274 47904.000 58335.000 0 0 0.000 0.000 0.000 0.133 0 1 0 0 0 0
 275 35940.000 118754.000 0 0 0.000 0.000 0.000 0.134 0 1 0 0 0 0
 276 97382.000 167059.000 0 0 0.000 0.000 0.000 0.148 0 1 0 0 0 0
 277 32552.000 99156.000 0 0 0.000 0.000 0.000 0.131 0 1 0 0 0 0
 278 114096.000 33832.000 0 0 0.000 0.000 0.000 0.148 0 1 0 0 0 0
 279 165033.000 80131.000 0 0 0.000 0.000 0.000 0.145 0 1 0 0 0 0
 280 48210.000 55710.000 0 0 0.000 0.000 0.000 0.136 0 1 0 0 0 0
 281 101048.000 31258.000 0 0 0.000 0.000 0.000 0.142 0 1 0 0 0 0
 282 30010.000 94924.000 0 0 0.000 0.000 0.000 0.148 0 1 0 0 0 0
 283 116896.000 168241.000 0 0 0.000 0.000 0.000 0.156 0 1 0 0 0 0
 284 144223.000 155280.000 0 0 0.000 0.000 0.000 0.147 0 1 0 0 0 0
 285 143711.000 43624.000 0 0 0.000 0.000 0.000 0.130 0 1 0 0 0 0
 286 66028.000 162967.000 0 0 0.000 0.000 0.000 0.152 0 1 0 0 0 0
 287 171460.000 89832.000 0 0 0.000 0.000 0.000 0.131 0 1 0 0 0 0
 288 130914.000 165065.000 0 0 0.000 0.000 0.000 0.134 0 1 0 0 0 0
 289 92099.000 171610.000 0 0 0.000 0.000 0.000 0.138 0 1 0 0 0 0
 290 51901.000 154303.000 0 0 0.000 0.000 0.000 0.137 0 1 0 0 0 0
 291 169705.000 121319.000 0 0 0.000 0.000 0.000 0.135 0 1 0 0 0 0
 292 173008.000 106344.000 0 0 0.000 0.000 0.000 0.134 0 1 0 0 0 0
 293 126348.000 168336.000 0 0 0.000 0.000 0.000 0.133 0 1 0 0 0 0
 294 143068.000 40075.000 0 0 0.000 0.000 0.000 0.161 0 1 0 0 0 0
 295 92636.000 173029.000 0 0 0.000 0.000 0.000 0.151 0 1 0 0 0 0
 296 84965.000 172257.000 0 0 0.000 0.000 0.000 0.133 0 1 0 0 0 0
 297 174167.000 102490.000 0 0 0.000 0.000 0.000 0.146 0 1 0 0 0 0
 298 51477.000 41512.000 0 0 0.000 0.000 0.000 0.131 0 1 0 0 0 0
 299 131447.000 168852.000 0 0 0.000 0.000 0.000 0.133 0 1 0 0 0 0
 300 98817.000 23670.000 0 0 0.000 0.000 0.000 0.132 0 1 0 0 0 0
 301 112408.000 24008.000 0 0 0.000 0.000 0.000 0.132 0 1 0 0 0 0
 302 177077.000 95622.000 0 0 0.000 0.000 0.000 0.139 0 1 0 0 0 0
 303 133524.000 169558.000 0 0 0.000 0.000 0.000 0.130 0 1 0 0 0 0
 304 149809.000 40065.000 0 0 0.000 0.000 0.000 0.137 0 1 0 0 0 0
 305 154921.000 44721.000 0 0 0.000 0.000 0.000 0.156 0 1 0 0 0 0
 306 174886.000 78009.000 0 0 0.000 0.000 0.000 0.134 0 1 0 0 0 0
 307 38029.000 51781.000 0 0 0.000 0.000 0.000 0.131 0 1 0 0 0 0
 308 178485.000 98338.000 0 0 0.000 0.000 0.000 0.130 0 1 0 0 0 0
 309 89072.000 178604.000 0 0 0.000 0.000 0.000 0.130 0 1 0 0 0 0
 310 26919.000 62641.000 0 0 0.000 0.000 0.000 0.138 0 1 0 0 0 0
 311 44181.000 159876.000 0 0 0.000 0.000 0.000 0.135 0 1 0 0 0 0
 312 125901.000 21909.000 0 0 0.000 0.000 0.000 0.130 0 1 0 0 0 0
 313 38142.000 168821.000 0 0 0.000 0.000 0.000 0.168 0 1 0 0 0 0;
ProcessEquipmentIDList 1
  "6632" ;
SummarySpec 5
  TESTNO    NDEFECT    DEFDENSITY    NDIE    NDEFDIE  ;
SummaryList 
  1    313    1.144    1    1  ;
EndOfFile;
