FileVersion 1 2;
FileTimestamp 01-07-26 20:57:16;
InspectionStationID "KLA-Tencor" "SFSSP1" "0901-0728-TBI";
SampleType WAFER;
ResultTimestamp 01-07-26 20:51:09;
LotID "2580";
SampleSize 1 200;
DeviceID "None";
SetupID "T2-2580NR" 01-07-26 20:51:09;
StepID "6545";
SampleOrientationMarkType NOTCH;
OrientationMarkLocation DOWN;
DiePitch 200000 200000;
DieOrigin 0 0;
WaferID "10";
Slot 10;
SampleCenterLocation 100000 100000;
ClassLookup 1
  0 "0"  ;
OrientationInstructions "Front";
CoordinatesMirrored No;
InspectionTest 1;
SampleTestPlan 1
  0 0 ;
AreaPerTest 2.73527e+010;
DefectRecordSpec 15 DEFECTID XREL YREL XINDEX YINDEX XSIZE YSIZE DEFECTAREA DSIZE CLASSNUMBER TEST CLUSTERNUMBER ROUGHBINNUMBER FINEBINNUMBER REVIEWSAMPLE ;
DefectList
 1 97110.000 99066.000 0 0 0.000 0.000 0.000 0.154 0 1 0 0 0 0
 2 97091.000 102889.000 0 0 0.000 0.000 0.000 0.138 0 1 0 0 0 0
 3 97709.000 94088.000 0 0 0.000 0.000 0.000 0.140 0 1 0 0 0 0
 4 107031.000 102463.000 0 0 0.000 0.000 0.000 0.136 0 1 0 0 0 0
 5 96473.000 108195.000 0 0 0.000 0.000 0.000 0.148 0 1 0 0 0 0
 6 109705.000 103387.000 0 0 0.000 0.000 0.000 0.138 0 1 0 0 0 0
 7 91843.000 106687.000 0 0 0.000 0.000 0.000 0.139 0 1 0 0 0 0
 8 110402.000 100117.000 0 0 0.000 0.000 0.000 0.151 0 1 0 0 0 0
 9 90717.000 105659.000 0 0 0.000 0.000 0.000 0.130 0 1 0 0 0 0
 10 91320.000 93835.000 0 0 0.000 0.000 0.000 0.148 0 1 0 0 0 0
 11 95920.000 110284.000 0 0 0.000 0.000 0.000 0.130 0 1 0 0 0 0
 12 89295.000 96996.000 0 0 0.000 0.000 0.000 0.163 0 1 0 0 0 0
 13 111424.000 102714.000 0 0 0.000 0.000 0.000 0.142 0 1 0 0 0 0
 14 99389.000 112072.000 0 0 0.000 0.000 0.000 0.146 0 1 0 0 0 0
 15 97166.000 88426.000 0 0 0.000 0.000 0.000 0.130 0 1 0 0 0 0
 16 105386.000 112916.000 0 0 0.000 0.000 0.000 0.144 0 1 0 0 0 0
 17 93009.000 88118.000 0 0 0.000 0.000 0.000 0.130 0 1 0 0 0 0
 18 102016.000 114650.000 0 0 0.000 0.000 0.000 0.140 0 1 0 0 0 0
 19 88631.000 91052.000 0 0 0.000 0.000 0.000 0.149 0 1 0 0 0 0
 20 96764.000 86033.000 0 0 0.000 0.000 0.000 0.137 0 1 0 0 0 0
 21 111649.000 90244.000 0 0 0.000 0.000 0.000 0.152 0 1 0 0 0 0
 22 96117.000 115121.000 0 0 0.000 0.000 0.000 0.173 0 1 0 0 0 0
 23 87172.000 90887.000 0 0 0.000 0.000 0.000 0.133 0 1 0 0 0 0
 24 112725.000 89709.000 0 0 0.000 0.000 0.000 200000.000 0 1 0 200 0 0
 25 107713.000 115798.000 0 0 0.000 0.000 0.000 0.140 0 1 0 0 0 0
 26 113533.000 89013.000 0 0 0.000 0.000 0.000 0.141 0 1 0 0 0 0
 27 115500.000 91235.000 0 0 0.000 0.000 0.000 0.149 0 1 0 0 0 0
 28 98944.000 118433.000 0 0 0.000 0.000 0.000 0.131 0 1 0 0 0 0
 29 85992.000 112455.000 0 0 0.000 0.000 0.000 0.138 0 1 0 0 0 0
 30 99015.000 119070.000 0 0 0.000 0.000 0.000 0.135 0 1 0 0 0 0
 31 101411.000 80927.000 0 0 0.000 0.000 0.000 0.150 0 1 0 0 0 0
 32 119306.000 103582.000 0 0 0.000 0.000 0.000 0.153 0 1 0 0 0 0
 33 114985.000 87327.000 0 0 0.000 0.000 0.000 0.221 0 1 0 0 0 0
 34 95486.000 120198.000 0 0 0.000 0.000 0.000 0.134 0 1 0 0 0 0
 35 85981.000 85124.000 0 0 0.000 0.000 0.000 0.165 0 1 0 0 0 0
 36 93745.000 80154.000 0 0 0.000 0.000 0.000 0.141 0 1 0 0 0 0
 37 102440.000 79346.000 0 0 0.000 0.000 0.000 0.152 0 1 0 0 0 0
 38 119758.000 107975.000 0 0 0.000 0.000 0.000 0.138 0 1 0 0 0 0
 39 100762.000 78777.000 0 0 0.000 0.000 0.000 0.144 0 1 0 0 0 0
 40 119925.000 92159.000 0 0 0.000 0.000 0.000 0.141 0 1 0 0 0 0
 41 106151.000 79490.000 0 0 0.000 0.000 0.000 0.134 0 1 0 0 0 0
 42 110467.000 80630.000 0 0 0.000 0.000 0.000 0.132 0 1 0 0 0 0
 43 81651.000 113051.000 0 0 0.000 0.000 0.000 0.138 0 1 0 0 0 0
 44 78429.000 93285.000 0 0 0.000 0.000 0.000 0.138 0 1 0 0 0 0
 45 122597.000 98419.000 0 0 0.000 0.000 0.000 0.140 0 1 0 0 0 0
 46 92928.000 122025.000 0 0 0.000 0.000 0.000 0.142 0 1 0 0 0 0
 47 106656.000 122146.000 0 0 0.000 0.000 0.000 0.138 0 1 0 0 0 0
 48 111982.000 79743.000 0 0 0.000 0.000 0.000 0.143 0 1 0 0 0 0
 49 75716.000 99380.000 0 0 0.000 0.000 0.000 0.139 0 1 0 0 0 0
 50 124652.000 98463.000 0 0 0.000 0.000 0.000 0.131 0 1 0 0 0 0
 51 115434.000 80576.000 0 0 0.000 0.000 0.000 0.146 0 1 0 0 0 0
 52 125046.000 101333.000 0 0 0.000 0.000 0.000 0.140 0 1 0 0 0 0
 53 109140.000 75786.000 0 0 0.000 0.000 0.000 0.141 0 1 0 0 0 0
 54 75652.000 89524.000 0 0 0.000 0.000 0.000 0.134 0 1 0 0 0 0
 55 92657.000 74272.000 0 0 0.000 0.000 0.000 0.138 0 1 0 0 0 0
 56 106804.000 127202.000 0 0 0.000 0.000 0.000 0.152 0 1 0 0 0 0
 57 127946.000 100314.000 0 0 0.000 0.000 0.000 0.131 0 1 0 0 0 0
 58 71758.000 99727.000 0 0 0.000 0.000 0.000 0.140 0 1 0 0 0 0
 59 87584.000 74751.000 0 0 0.000 0.000 0.000 0.216 0 1 0 0 0 0
 60 117775.000 77536.000 0 0 0.000 0.000 0.000 0.140 0 1 0 0 0 0
 61 78856.000 79753.000 0 0 0.000 0.000 0.000 0.142 0 1 0 0 0 0
 62 128422.000 90194.000 0 0 0.000 0.000 0.000 0.157 0 1 0 0 0 0
 63 111025.000 128383.000 0 0 0.000 0.000 0.000 0.150 0 1 0 0 0 0
 64 119335.000 123837.000 0 0 0.000 0.000 0.000 0.154 0 1 0 0 0 0
 65 129628.000 108407.000 0 0 0.000 0.000 0.000 0.169 0 1 0 0 0 0
 66 74177.000 117140.000 0 0 0.000 0.000 0.000 0.157 0 1 0 0 0 0
 67 69279.000 104730.000 0 0 0.000 0.000 0.000 0.161 0 1 0 0 0 0
 68 87668.000 71733.000 0 0 0.000 0.000 0.000 0.130 0 1 0 0 0 0
 69 94997.000 69709.000 0 0 0.000 0.000 0.000 0.154 0 1 0 0 0 0
 70 74916.000 81487.000 0 0 0.000 0.000 0.000 0.130 0 1 0 0 0 0
 71 79701.000 76305.000 0 0 0.000 0.000 0.000 0.203 0 1 0 0 0 0
 72 112923.000 71734.000 0 0 0.000 0.000 0.000 0.132 0 1 0 0 0 0
 73 128284.000 113987.000 0 0 0.000 0.000 0.000 0.138 0 1 0 0 0 0
 74 71500.000 86430.000 0 0 0.000 0.000 0.000 0.132 0 1 0 0 0 0
 75 84595.000 72423.000 0 0 0.000 0.000 0.000 0.134 0 1 0 0 0 0
 76 115319.000 72214.000 0 0 0.000 0.000 0.000 0.139 0 1 0 0 0 0
 77 131864.000 99174.000 0 0 0.000 0.000 0.000 0.139 0 1 0 0 0 0
 78 132292.000 97725.000 0 0 0.000 0.000 0.000 0.141 0 1 0 0 0 0
 79 103970.000 67682.000 0 0 0.000 0.000 0.000 0.142 0 1 0 0 0 0
 80 115271.000 70915.000 0 0 0.000 0.000 0.000 0.130 0 1 0 0 0 0
 81 110417.000 131668.000 0 0 0.000 0.000 0.000 0.147 0 1 0 0 0 0
 82 85431.000 70259.000 0 0 0.000 0.000 0.000 0.134 0 1 0 0 0 0
 83 94635.000 133126.000 0 0 0.000 0.000 0.000 0.152 0 1 0 0 0 0
 84 76197.000 123616.000 0 0 0.000 0.000 0.000 0.140 0 1 0 0 0 0
 85 125962.000 79152.000 0 0 0.000 0.000 0.000 0.139 0 1 0 0 0 0
 86 94808.000 133420.000 0 0 0.000 0.000 0.000 0.131 0 1 0 0 0 0
 87 79683.000 127766.000 0 0 0.000 0.000 0.000 0.132 0 1 0 0 0 0
 88 81500.000 71337.000 0 0 0.000 0.000 0.000 0.132 0 1 0 0 0 0
 89 83148.000 69987.000 0 0 0.000 0.000 0.000 0.133 0 1 0 0 0 0
 90 77423.000 126950.000 0 0 0.000 0.000 0.000 0.144 0 1 0 0 0 0
 91 73245.000 77261.000 0 0 0.000 0.000 0.000 0.135 0 1 0 0 0 0
 92 65322.000 107540.000 0 0 0.000 0.000 0.000 0.149 0 1 0 0 0 0
 93 134130.000 90537.000 0 0 0.000 0.000 0.000 0.157 0 1 0 0 0 0
 94 82532.000 131439.000 0 0 0.000 0.000 0.000 0.141 0 1 0 0 0 0
 95 74208.000 125492.000 0 0 0.000 0.000 0.000 0.142 0 1 0 0 0 0
 96 83964.000 67888.000 0 0 0.000 0.000 0.000 0.142 0 1 0 0 0 0
 97 63899.000 95856.000 0 0 0.000 0.000 0.000 0.131 0 1 0 0 0 0
 98 79126.000 70527.000 0 0 0.000 0.000 0.000 0.130 0 1 0 0 0 0
 99 62963.000 97550.000 0 0 0.000 0.000 0.000 0.145 0 1 0 0 0 0
 100 130565.000 121299.000 0 0 0.000 0.000 0.000 0.135 0 1 0 0 0 0
 101 87380.000 64893.000 0 0 0.000 0.000 0.000 0.134 0 1 0 0 0 0
 102 63923.000 111169.000 0 0 0.000 0.000 0.000 0.131 0 1 0 0 0 0
 103 137590.000 97462.000 0 0 0.000 0.000 0.000 0.139 0 1 0 0 0 0
 104 98781.000 62501.000 0 0 0.000 0.000 0.000 0.148 0 1 0 0 0 0
 105 64701.000 86182.000 0 0 0.000 0.000 0.000 0.145 0 1 0 0 0 0
 106 137528.000 94388.000 0 0 0.000 0.000 0.000 0.133 0 1 0 0 0 0
 107 136421.000 111268.000 0 0 0.000 0.000 0.000 0.131 0 1 0 0 0 0
 108 119713.000 67646.000 0 0 0.000 0.000 0.000 0.165 0 1 0 0 0 0
 109 83551.000 134895.000 0 0 0.000 0.000 0.000 0.136 0 1 0 0 0 0
 110 103695.000 62111.000 0 0 0.000 0.000 0.000 0.154 0 1 0 0 0 0
 111 111214.000 63412.000 0 0 0.000 0.000 0.000 0.154 0 1 0 0 0 0
 112 75209.000 70456.000 0 0 0.000 0.000 0.000 0.148 0 1 0 0 0 0
 113 137911.000 108209.000 0 0 0.000 0.000 0.000 0.149 0 1 0 0 0 0
 114 118013.000 134465.000 0 0 0.000 0.000 0.000 0.130 0 1 0 0 0 0
 115 103884.000 138988.000 0 0 0.000 0.000 0.000 0.138 0 1 0 0 0 0
 116 63302.000 86498.000 0 0 0.000 0.000 0.000 0.142 0 1 0 0 0 0
 117 129448.000 126490.000 0 0 0.000 0.000 0.000 0.134 0 1 0 0 0 0
 118 89543.000 138325.000 0 0 0.000 0.000 0.000 0.137 0 1 0 0 0 0
 119 94992.000 60897.000 0 0 0.000 0.000 0.000 0.143 0 1 0 0 0 0
 120 75487.000 131722.000 0 0 0.000 0.000 0.000 0.139 0 1 0 0 0 0
 121 123166.000 67746.000 0 0 0.000 0.000 0.000 0.154 0 1 0 0 0 0
 122 138865.000 91005.000 0 0 0.000 0.000 0.000 0.138 0 1 0 0 0 0
 123 139508.000 107433.000 0 0 0.000 0.000 0.000 0.130 0 1 0 0 0 0
 124 81972.000 62921.000 0 0 0.000 0.000 0.000 0.144 0 1 0 0 0 0
 125 97655.000 58946.000 0 0 0.000 0.000 0.000 0.155 0 1 0 0 0 0
 126 137956.000 83648.000 0 0 0.000 0.000 0.000 0.157 0 1 0 0 0 0
 127 141364.000 94862.000 0 0 0.000 0.000 0.000 0.207 0 1 0 0 0 0
 128 105463.000 141674.000 0 0 0.000 0.000 0.000 0.147 0 1 0 0 0 0
 129 125773.000 67312.000 0 0 0.000 0.000 0.000 0.150 0 1 0 0 0 0
 130 117272.000 139233.000 0 0 0.000 0.000 0.000 0.146 0 1 0 0 0 0
 131 123972.000 135696.000 0 0 0.000 0.000 0.000 0.138 0 1 0 0 0 0
 132 66587.000 127126.000 0 0 0.000 0.000 0.000 0.136 0 1 0 0 0 0
 133 142515.000 107576.000 0 0 0.000 0.000 0.000 0.134 0 1 0 0 0 0
 134 88244.000 58617.000 0 0 0.000 0.000 0.000 0.156 0 1 0 0 0 0
 135 139072.000 119017.000 0 0 0.000 0.000 0.000 0.135 0 1 0 0 0 0
 136 74030.000 135052.000 0 0 0.000 0.000 0.000 0.151 0 1 0 0 0 0
 137 129324.000 132217.000 0 0 0.000 0.000 0.000 0.130 0 1 0 0 0 0
 138 141887.000 88157.000 0 0 0.000 0.000 0.000 0.137 0 1 0 0 0 0
 139 142074.000 112141.000 0 0 0.000 0.000 0.000 0.138 0 1 0 0 0 0
 140 137493.000 122626.000 0 0 0.000 0.000 0.000 0.134 0 1 0 0 0 0
 141 80758.000 139570.000 0 0 0.000 0.000 0.000 0.133 0 1 0 0 0 0
 142 89993.000 57510.000 0 0 0.000 0.000 0.000 0.154 0 1 0 0 0 0
 143 143049.000 111463.000 0 0 0.000 0.000 0.000 0.131 0 1 0 0 0 0
 144 71915.000 65568.000 0 0 0.000 0.000 0.000 0.152 0 1 0 0 0 0
 145 123504.000 62072.000 0 0 0.000 0.000 0.000 0.130 0 1 0 0 0 0
 146 118491.000 141145.000 0 0 0.000 0.000 0.000 0.137 0 1 0 0 0 0
 147 90874.000 144266.000 0 0 0.000 0.000 0.000 0.139 0 1 0 0 0 0
 148 141862.000 116847.000 0 0 0.000 0.000 0.000 0.143 0 1 0 0 0 0
 149 61934.000 75766.000 0 0 0.000 0.000 0.000 0.148 0 1 0 0 0 0
 150 123056.000 139348.000 0 0 0.000 0.000 0.000 0.143 0 1 0 0 0 0
 151 92722.000 55272.000 0 0 0.000 0.000 0.000 0.148 0 1 0 0 0 0
 152 144958.000 93524.000 0 0 0.000 0.000 0.000 0.141 0 1 0 0 0 0
 153 104491.000 145662.000 0 0 0.000 0.000 0.000 0.145 0 1 0 0 0 0
 154 129138.000 65192.000 0 0 0.000 0.000 0.000 0.134 0 1 0 0 0 0
 155 137583.000 126243.000 0 0 0.000 0.000 0.000 0.141 0 1 0 0 0 0
 156 140041.000 77824.000 0 0 0.000 0.000 0.000 0.134 0 1 0 0 0 0
 157 90638.000 145148.000 0 0 0.000 0.000 0.000 0.151 0 1 0 0 0 0
 158 104380.000 146109.000 0 0 0.000 0.000 0.000 0.139 0 1 0 0 0 0
 159 112586.000 55633.000 0 0 0.000 0.000 0.000 0.143 0 1 0 0 0 0
 160 54319.000 91631.000 0 0 0.000 0.000 0.000 0.136 0 1 0 0 0 0
 161 140406.000 123325.000 0 0 0.000 0.000 0.000 0.131 0 1 0 0 0 0
 162 58103.000 79774.000 0 0 0.000 0.000 0.000 0.143 0 1 0 0 0 0
 163 73589.000 138846.000 0 0 0.000 0.000 0.000 0.153 0 1 0 0 0 0
 164 129457.000 63732.000 0 0 0.000 0.000 0.000 0.134 0 1 0 0 0 0
 165 103390.000 53385.000 0 0 0.000 0.000 0.000 0.136 0 1 0 0 0 0
 166 135951.000 130979.000 0 0 0.000 0.000 0.000 0.140 0 1 0 0 0 0
 167 96273.000 52578.000 0 0 0.000 0.000 0.000 0.149 0 1 0 0 0 0
 168 100316.000 52464.000 0 0 0.000 0.000 0.000 0.130 0 1 0 0 0 0
 169 64444.000 132729.000 0 0 0.000 0.000 0.000 0.134 0 1 0 0 0 0
 170 148179.000 95616.000 0 0 0.000 0.000 0.000 0.155 0 1 0 0 0 0
 171 117219.000 145774.000 0 0 0.000 0.000 0.000 0.143 0 1 0 0 0 0
 172 52380.000 110691.000 0 0 0.000 0.000 0.000 0.139 0 1 0 0 0 0
 173 105408.000 148792.000 0 0 0.000 0.000 0.000 0.146 0 1 0 0 0 0
 174 95899.000 51320.000 0 0 0.000 0.000 0.000 0.132 0 1 0 0 0 0
 175 89747.000 52180.000 0 0 0.000 0.000 0.000 0.130 0 1 0 0 0 0
 176 51465.000 88535.000 0 0 0.000 0.000 0.000 0.132 0 1 0 0 0 0
 177 125346.000 57229.000 0 0 0.000 0.000 0.000 0.132 0 1 0 0 0 0
 178 87195.000 148726.000 0 0 0.000 0.000 0.000 0.142 0 1 0 0 0 0
 179 62871.000 66426.000 0 0 0.000 0.000 0.000 0.149 0 1 0 0 0 0
 180 90550.000 50804.000 0 0 0.000 0.000 0.000 0.130 0 1 0 0 0 0
 181 57104.000 127187.000 0 0 0.000 0.000 0.000 0.142 0 1 0 0 0 0
 182 49529.000 97118.000 0 0 0.000 0.000 0.000 0.136 0 1 0 0 0 0
 183 55304.000 124116.000 0 0 0.000 0.000 0.000 0.132 0 1 0 0 0 0
 184 148914.000 114433.000 0 0 0.000 0.000 0.000 0.138 0 1 0 0 0 0
 185 66035.000 62083.000 0 0 0.000 0.000 0.000 0.142 0 1 0 0 0 0
 186 96586.000 48959.000 0 0 0.000 0.000 0.000 0.163 0 1 0 0 0 0
 187 116931.000 149092.000 0 0 0.000 0.000 0.000 0.151 0 1 0 0 0 0
 188 64898.000 138294.000 0 0 0.000 0.000 0.000 0.156 0 1 0 0 0 0
 189 69835.000 58127.000 0 0 0.000 0.000 0.000 0.148 0 1 0 0 0 0
 190 81650.000 148827.000 0 0 0.000 0.000 0.000 0.130 0 1 0 0 0 0
 191 61354.000 64949.000 0 0 0.000 0.000 0.000 0.132 0 1 0 0 0 0
 192 148718.000 81006.000 0 0 0.000 0.000 0.000 0.131 0 1 0 0 0 0
 193 152363.000 92799.000 0 0 0.000 0.000 0.000 0.139 0 1 0 0 0 0
 194 59618.000 65380.000 0 0 0.000 0.000 0.000 0.142 0 1 0 0 0 0
 195 64740.000 140383.000 0 0 0.000 0.000 0.000 0.159 0 1 0 0 0 0
 196 69472.000 56225.000 0 0 0.000 0.000 0.000 0.147 0 1 0 0 0 0
 197 55575.000 130473.000 0 0 0.000 0.000 0.000 0.149 0 1 0 0 0 0
 198 93994.000 153857.000 0 0 0.000 0.000 0.000 0.142 0 1 0 0 0 0
 199 48665.000 116715.000 0 0 0.000 0.000 0.000 0.146 0 1 0 0 0 0
 200 130244.000 55338.000 0 0 0.000 0.000 0.000 0.151 0 1 0 0 0 0
 201 61178.000 62353.000 0 0 0.000 0.000 0.000 0.131 0 1 0 0 0 0
 202 144405.000 67479.000 0 0 0.000 0.000 0.000 0.140 0 1 0 0 0 0
 203 51118.000 73815.000 0 0 0.000 0.000 0.000 0.133 0 1 0 0 0 0
 204 116080.000 47111.000 0 0 0.000 0.000 0.000 0.139 0 1 0 0 0 0
 205 103065.000 44462.000 0 0 0.000 0.000 0.000 0.132 0 1 0 0 0 0
 206 74112.000 50547.000 0 0 0.000 0.000 0.000 0.132 0 1 0 0 0 0
 207 108466.000 156137.000 0 0 0.000 0.000 0.000 0.140 0 1 0 0 0 0
 208 50210.000 127854.000 0 0 0.000 0.000 0.000 0.147 0 1 0 0 0 0
 209 98762.000 43211.000 0 0 0.000 0.000 0.000 0.133 0 1 0 0 0 0
 210 113988.000 44840.000 0 0 0.000 0.000 0.000 0.130 0 1 0 0 0 0
 211 129083.000 50871.000 0 0 0.000 0.000 0.000 0.144 0 1 0 0 0 0
 212 149697.000 129372.000 0 0 0.000 0.000 0.000 0.141 0 1 0 0 0 0
 213 156988.000 110988.000 0 0 0.000 0.000 0.000 0.138 0 1 0 0 0 0
 214 155518.000 118717.000 0 0 0.000 0.000 0.000 0.132 0 1 0 0 0 0
 215 132245.000 149200.000 0 0 0.000 0.000 0.000 0.141 0 1 0 0 0 0
 216 54405.000 63125.000 0 0 0.000 0.000 0.000 0.138 0 1 0 0 0 0
 217 145574.000 62673.000 0 0 0.000 0.000 0.000 0.139 0 1 0 0 0 0
 218 78989.000 155537.000 0 0 0.000 0.000 0.000 0.169 0 1 0 0 0 0
 219 142843.000 59345.000 0 0 0.000 0.000 0.000 0.133 0 1 0 0 0 0
 220 107776.000 159195.000 0 0 0.000 0.000 0.000 0.134 0 1 0 0 0 0
 221 47161.000 128207.000 0 0 0.000 0.000 0.000 0.141 0 1 0 0 0 0
 222 151757.000 130352.000 0 0 0.000 0.000 0.000 0.137 0 1 0 0 0 0
 223 118430.000 42275.000 0 0 0.000 0.000 0.000 0.137 0 1 0 0 0 0
 224 159584.000 87218.000 0 0 0.000 0.000 0.000 0.147 0 1 0 0 0 0
 225 40262.000 86693.000 0 0 0.000 0.000 0.000 0.131 0 1 0 0 0 0
 226 44604.000 73737.000 0 0 0.000 0.000 0.000 0.133 0 1 0 0 0 0
 227 146036.000 140943.000 0 0 0.000 0.000 0.000 0.137 0 1 0 0 0 0
 228 121753.000 158487.000 0 0 0.000 0.000 0.000 0.157 0 1 0 0 0 0
 229 116018.000 39936.000 0 0 0.000 0.000 0.000 0.136 0 1 0 0 0 0
 230 150504.000 63471.000 0 0 0.000 0.000 0.000 0.133 0 1 0 0 0 0
 231 84800.000 39564.000 0 0 0.000 0.000 0.000 0.130 0 1 0 0 0 0
 232 87375.000 161636.000 0 0 0.000 0.000 0.000 0.171 0 1 0 0 0 0
 233 110209.000 162256.000 0 0 0.000 0.000 0.000 0.139 0 1 0 0 0 0
 234 48487.000 136717.000 0 0 0.000 0.000 0.000 0.144 0 1 0 0 0 0
 235 99012.000 36868.000 0 0 0.000 0.000 0.000 0.133 0 1 0 0 0 0
 236 161436.000 116416.000 0 0 0.000 0.000 0.000 0.130 0 1 0 0 0 0
 237 39868.000 121277.000 0 0 0.000 0.000 0.000 0.133 0 1 0 0 0 0
 238 43966.000 131633.000 0 0 0.000 0.000 0.000 0.133 0 1 0 0 0 0
 239 144432.000 53932.000 0 0 0.000 0.000 0.000 0.133 0 1 0 0 0 0
 240 136811.000 47430.000 0 0 0.000 0.000 0.000 0.132 0 1 0 0 0 0
 241 77243.000 39645.000 0 0 0.000 0.000 0.000 0.138 0 1 0 0 0 0
 242 80123.000 162161.000 0 0 0.000 0.000 0.000 0.142 0 1 0 0 0 0
 243 120371.000 38224.000 0 0 0.000 0.000 0.000 0.143 0 1 0 0 0 0
 244 67434.000 43203.000 0 0 0.000 0.000 0.000 0.132 0 1 0 0 0 0
 245 85906.000 35471.000 0 0 0.000 0.000 0.000 0.138 0 1 0 0 0 0
 246 157863.000 67962.000 0 0 0.000 0.000 0.000 0.136 0 1 0 0 0 0
 247 165780.000 90120.000 0 0 0.000 0.000 0.000 0.130 0 1 0 0 0 0
 248 89004.000 165942.000 0 0 0.000 0.000 0.000 0.131 0 1 0 0 0 0
 249 111891.000 166404.000 0 0 0.000 0.000 0.000 0.134 0 1 0 0 0 0
 250 33668.000 86166.000 0 0 0.000 0.000 0.000 0.131 0 1 0 0 0 0
 251 134551.000 41935.000 0 0 0.000 0.000 0.000 0.150 0 1 0 0 0 0
 252 167419.000 112646.000 0 0 0.000 0.000 0.000 0.151 0 1 0 0 0 0
 253 36739.000 72549.000 0 0 0.000 0.000 0.000 0.134 0 1 0 0 0 0
 254 95641.000 30856.000 0 0 0.000 0.000 0.000 0.140 0 1 0 0 0 0
 255 153312.000 144717.000 0 0 0.000 0.000 0.000 0.141 0 1 0 0 0 0
 256 85045.000 168079.000 0 0 0.000 0.000 0.000 0.132 0 1 0 0 0 0
 257 103292.000 30376.000 0 0 0.000 0.000 0.000 0.133 0 1 0 0 0 0
 258 105184.000 29570.000 0 0 0.000 0.000 0.000 0.134 0 1 0 0 0 0
 259 169273.000 115805.000 0 0 0.000 0.000 0.000 0.132 0 1 0 0 0 0
 260 115718.000 30761.000 0 0 0.000 0.000 0.000 0.135 0 1 0 0 0 0
 261 104918.000 28943.000 0 0 0.000 0.000 0.000 0.148 0 1 0 0 0 0
 262 92668.000 26777.000 0 0 0.000 0.000 0.000 0.131 0 1 0 0 0 0
 263 28581.000 76454.000 0 0 0.000 0.000 0.000 0.137 0 1 0 0 0 0
 264 32863.000 134375.000 0 0 0.000 0.000 0.000 0.133 0 1 0 0 0 0
 265 66762.000 168069.000 0 0 0.000 0.000 0.000 0.131 0 1 0 0 0 0
 266 63855.000 167122.000 0 0 0.000 0.000 0.000 0.139 0 1 0 0 0 0
 267 33990.000 62415.000 0 0 0.000 0.000 0.000 0.133 0 1 0 0 0 0
 268 46688.000 155714.000 0 0 0.000 0.000 0.000 0.132 0 1 0 0 0 0
 269 137628.000 32552.000 0 0 0.000 0.000 0.000 0.130 0 1 0 0 0 0
 270 138826.000 31926.000 0 0 0.000 0.000 0.000 0.171 0 1 0 0 0 0
 271 61174.000 31704.000 0 0 0.000 0.000 0.000 0.130 0 1 0 0 0 0
 272 166181.000 143323.000 0 0 0.000 0.000 0.000 0.132 0 1 0 0 0 0
 273 180106.000 100976.000 0 0 0.000 0.000 0.000 0.135 0 1 0 0 0 0
 274 22754.000 124076.000 0 0 0.000 0.000 0.000 0.140 0 1 0 0 0 0
 275 84640.000 20851.000 0 0 0.000 0.000 0.000 0.130 0 1 0 0 0 0
 276 28935.000 59999.000 0 0 0.000 0.000 0.000 0.138 0 1 0 0 0 0
 277 180425.000 115936.000 0 0 0.000 0.000 0.000 0.144 0 1 0 0 0 0
 278 166955.000 48395.000 0 0 0.000 0.000 0.000 0.130 0 1 0 0 0 0
 279 57113.000 26779.000 0 0 0.000 0.000 0.000 0.137 0 1 0 0 0 0
 280 135898.000 23181.000 0 0 0.000 0.000 0.000 0.134 0 1 0 0 0 0
 281 175579.000 140748.000 0 0 0.000 0.000 0.000 0.140 0 1 0 0 0 0
 282 51823.000 24833.000 0 0 0.000 0.000 0.000 0.149 0 1 0 0 0 0
 283 189723.000 124958.000 0 0 0.000 0.000 0.000 0.163 0 1 0 0 0 0;
ProcessEquipmentIDList 1
  "6632" ;
SummarySpec 5
  TESTNO    NDEFECT    DEFDENSITY    NDIE    NDEFDIE  ;
SummaryList 
  1    283    1.035    1    1  ;
EndOfFile;
