FileVersion 1 2;
FileTimestamp 01-07-26 09:20:49;
InspectionStationID "KLA-Tencor" "SFSSP1" "0901-0728-TBI";
SampleType WAFER;
ResultTimestamp 01-07-26 09:16:13;
LotID "2580";
SampleSize 1 200;
DeviceID "None";
SetupID "T2-2580NR" 01-07-26 09:16:13;
StepID "6542";
SampleOrientationMarkType NOTCH;
OrientationMarkLocation DOWN;
DiePitch 200000 200000;
DieOrigin 0 0;
WaferID "13";
Slot 13;
SampleCenterLocation 100000 100000;
ClassLookup 1
  0 "0"  ;
OrientationInstructions "Front";
CoordinatesMirrored No;
InspectionTest 1;
SampleTestPlan 1
  0 0 ;
AreaPerTest 2.73517e+010;
DefectRecordSpec 15 DEFECTID XREL YREL XINDEX YINDEX XSIZE YSIZE DEFECTAREA DSIZE CLASSNUMBER TEST CLUSTERNUMBER ROUGHBINNUMBER FINEBINNUMBER REVIEWSAMPLE ;
DefectList
 1 102790.000 105121.000 0 0 0.000 0.000 0.000 0.140 0 1 0 0 0 0
 2 105532.000 98587.000 0 0 0.000 0.000 0.000 0.144 0 1 0 0 0 0
 3 103785.000 107855.000 0 0 0.000 0.000 0.000 0.140 0 1 0 0 0 0
 4 96336.000 92543.000 0 0 0.000 0.000 0.000 0.130 0 1 0 0 0 0
 5 96381.000 108763.000 0 0 0.000 0.000 0.000 0.141 0 1 0 0 0 0
 6 91509.000 105582.000 0 0 0.000 0.000 0.000 0.154 0 1 0 0 0 0
 7 92354.000 92895.000 0 0 0.000 0.000 0.000 0.146 0 1 0 0 0 0
 8 89415.000 97846.000 0 0 0.000 0.000 0.000 0.134 0 1 0 0 0 0
 9 94143.000 91105.000 0 0 0.000 0.000 0.000 0.173 0 1 0 0 0 0
 10 107314.000 108691.000 0 0 0.000 0.000 0.000 0.142 0 1 0 0 0 0
 11 89239.000 104157.000 0 0 0.000 0.000 0.000 0.131 0 1 0 0 0 0
 12 86404.000 102953.000 0 0 0.000 0.000 0.000 0.145 0 1 0 0 0 0
 13 114054.000 103388.000 0 0 0.000 0.000 0.000 0.140 0 1 0 0 0 0
 14 88349.000 90906.000 0 0 0.000 0.000 0.000 0.140 0 1 0 0 0 0
 15 110676.000 87788.000 0 0 0.000 0.000 0.000 0.135 0 1 0 0 0 0
 16 91204.000 86000.000 0 0 0.000 0.000 0.000 0.139 0 1 0 0 0 0
 17 93884.000 84400.000 0 0 0.000 0.000 0.000 0.133 0 1 0 0 0 0
 18 109043.000 114649.000 0 0 0.000 0.000 0.000 0.136 0 1 0 0 0 0
 19 88729.000 86687.000 0 0 0.000 0.000 0.000 0.130 0 1 0 0 0 0
 20 111798.000 87097.000 0 0 0.000 0.000 0.000 0.145 0 1 0 0 0 0
 21 82996.000 106265.000 0 0 0.000 0.000 0.000 0.149 0 1 0 0 0 0
 22 113680.000 112640.000 0 0 0.000 0.000 0.000 0.164 0 1 0 0 0 0
 23 94990.000 82181.000 0 0 0.000 0.000 0.000 0.130 0 1 0 0 0 0
 24 118751.000 101964.000 0 0 0.000 0.000 0.000 0.131 0 1 0 0 0 0
 25 119280.000 99400.000 0 0 0.000 0.000 0.000 0.142 0 1 0 0 0 0
 26 92525.000 82013.000 0 0 0.000 0.000 0.000 0.136 0 1 0 0 0 0
 27 100092.000 80113.000 0 0 0.000 0.000 0.000 0.156 0 1 0 0 0 0
 28 115518.000 113757.000 0 0 0.000 0.000 0.000 0.132 0 1 0 0 0 0
 29 120521.000 97616.000 0 0 0.000 0.000 0.000 0.134 0 1 0 0 0 0
 30 106984.000 120189.000 0 0 0.000 0.000 0.000 0.133 0 1 0 0 0 0
 31 101346.000 78862.000 0 0 0.000 0.000 0.000 0.132 0 1 0 0 0 0
 32 110130.000 81430.000 0 0 0.000 0.000 0.000 0.145 0 1 0 0 0 0
 33 119039.000 113131.000 0 0 0.000 0.000 0.000 0.137 0 1 0 0 0 0
 34 76164.000 100573.000 0 0 0.000 0.000 0.000 0.156 0 1 0 0 0 0
 35 97602.000 75941.000 0 0 0.000 0.000 0.000 0.136 0 1 0 0 0 0
 36 110388.000 122414.000 0 0 0.000 0.000 0.000 0.141 0 1 0 0 0 0
 37 96050.000 75110.000 0 0 0.000 0.000 0.000 0.133 0 1 0 0 0 0
 38 75234.000 92191.000 0 0 0.000 0.000 0.000 0.145 0 1 0 0 0 0
 39 102746.000 127086.000 0 0 0.000 0.000 0.000 0.137 0 1 0 0 0 0
 40 92474.000 126640.000 0 0 0.000 0.000 0.000 0.141 0 1 0 0 0 0
 41 72530.000 94230.000 0 0 0.000 0.000 0.000 0.140 0 1 0 0 0 0
 42 115038.000 123941.000 0 0 0.000 0.000 0.000 0.136 0 1 0 0 0 0
 43 86425.000 74941.000 0 0 0.000 0.000 0.000 0.150 0 1 0 0 0 0
 44 71084.000 100035.000 0 0 0.000 0.000 0.000 0.136 0 1 0 0 0 0
 45 127352.000 91033.000 0 0 0.000 0.000 0.000 0.134 0 1 0 0 0 0
 46 124641.000 116898.000 0 0 0.000 0.000 0.000 0.142 0 1 0 0 0 0
 47 72268.000 112724.000 0 0 0.000 0.000 0.000 0.144 0 1 0 0 0 0
 48 97473.000 69913.000 0 0 0.000 0.000 0.000 0.130 0 1 0 0 0 0
 49 69413.000 98354.000 0 0 0.000 0.000 0.000 0.135 0 1 0 0 0 0
 50 127809.000 87005.000 0 0 0.000 0.000 0.000 0.141 0 1 0 0 0 0
 51 130652.000 106937.000 0 0 0.000 0.000 0.000 0.134 0 1 0 0 0 0
 52 99123.000 131591.000 0 0 0.000 0.000 0.000 0.132 0 1 0 0 0 0
 53 131112.000 104884.000 0 0 0.000 0.000 0.000 0.148 0 1 0 0 0 0
 54 125970.000 118023.000 0 0 0.000 0.000 0.000 0.147 0 1 0 0 0 0
 55 127177.000 83759.000 0 0 0.000 0.000 0.000 0.136 0 1 0 0 0 0
 56 74907.000 80132.000 0 0 0.000 0.000 0.000 0.139 0 1 0 0 0 0
 57 72622.000 82860.000 0 0 0.000 0.000 0.000 0.141 0 1 0 0 0 0
 58 131833.000 108541.000 0 0 0.000 0.000 0.000 0.134 0 1 0 0 0 0
 59 67435.000 94343.000 0 0 0.000 0.000 0.000 0.143 0 1 0 0 0 0
 60 114497.000 129848.000 0 0 0.000 0.000 0.000 0.130 0 1 0 0 0 0
 61 131791.000 110534.000 0 0 0.000 0.000 0.000 0.148 0 1 0 0 0 0
 62 78756.000 127463.000 0 0 0.000 0.000 0.000 0.139 0 1 0 0 0 0
 63 131934.000 86146.000 0 0 0.000 0.000 0.000 0.138 0 1 0 0 0 0
 64 129789.000 81752.000 0 0 0.000 0.000 0.000 0.148 0 1 0 0 0 0
 65 64380.000 98915.000 0 0 0.000 0.000 0.000 0.139 0 1 0 0 0 0
 66 87567.000 134056.000 0 0 0.000 0.000 0.000 0.163 0 1 0 0 0 0
 67 72490.000 76780.000 0 0 0.000 0.000 0.000 0.133 0 1 0 0 0 0
 68 134639.000 112027.000 0 0 0.000 0.000 0.000 0.135 0 1 0 0 0 0
 69 65645.000 87331.000 0 0 0.000 0.000 0.000 0.145 0 1 0 0 0 0
 70 76094.000 128465.000 0 0 0.000 0.000 0.000 0.132 0 1 0 0 0 0
 71 137030.000 95726.000 0 0 0.000 0.000 0.000 0.133 0 1 0 0 0 0
 72 121142.000 69122.000 0 0 0.000 0.000 0.000 0.143 0 1 0 0 0 0
 73 100000.000 137887.000 0 0 0.000 0.000 0.000 0.153 0 1 0 0 0 0
 74 136707.000 109703.000 0 0 0.000 0.000 0.000 0.132 0 1 0 0 0 0
 75 131423.000 121881.000 0 0 0.000 0.000 0.000 0.136 0 1 0 0 0 0
 76 136401.000 113669.000 0 0 0.000 0.000 0.000 0.138 0 1 0 0 0 0
 77 102731.000 139133.000 0 0 0.000 0.000 0.000 0.131 0 1 0 0 0 0
 78 118613.000 134803.000 0 0 0.000 0.000 0.000 0.139 0 1 0 0 0 0
 79 95192.000 139136.000 0 0 0.000 0.000 0.000 0.142 0 1 0 0 0 0
 80 133743.000 120898.000 0 0 0.000 0.000 0.000 0.130 0 1 0 0 0 0
 81 88060.000 61829.000 0 0 0.000 0.000 0.000 0.136 0 1 0 0 0 0
 82 118786.000 64644.000 0 0 0.000 0.000 0.000 0.142 0 1 0 0 0 0
 83 130767.000 126603.000 0 0 0.000 0.000 0.000 0.135 0 1 0 0 0 0
 84 130461.000 127171.000 0 0 0.000 0.000 0.000 0.150 0 1 0 0 0 0
 85 105721.000 140756.000 0 0 0.000 0.000 0.000 0.136 0 1 0 0 0 0
 86 121988.000 134982.000 0 0 0.000 0.000 0.000 0.131 0 1 0 0 0 0
 87 76059.000 133957.000 0 0 0.000 0.000 0.000 0.140 0 1 0 0 0 0
 88 113610.000 139761.000 0 0 0.000 0.000 0.000 0.135 0 1 0 0 0 0
 89 87359.000 60189.000 0 0 0.000 0.000 0.000 0.140 0 1 0 0 0 0
 90 71769.000 131929.000 0 0 0.000 0.000 0.000 0.156 0 1 0 0 0 0
 91 86827.000 59806.000 0 0 0.000 0.000 0.000 0.155 0 1 0 0 0 0
 92 100848.000 57755.000 0 0 0.000 0.000 0.000 0.131 0 1 0 0 0 0
 93 142956.000 101210.000 0 0 0.000 0.000 0.000 0.137 0 1 0 0 0 0
 94 140745.000 85613.000 0 0 0.000 0.000 0.000 0.146 0 1 0 0 0 0
 95 142706.000 91028.000 0 0 0.000 0.000 0.000 0.151 0 1 0 0 0 0
 96 102250.000 143977.000 0 0 0.000 0.000 0.000 0.145 0 1 0 0 0 0
 97 96307.000 56197.000 0 0 0.000 0.000 0.000 0.158 0 1 0 0 0 0
 98 83596.000 58621.000 0 0 0.000 0.000 0.000 0.156 0 1 0 0 0 0
 99 131642.000 67922.000 0 0 0.000 0.000 0.000 0.137 0 1 0 0 0 0
 100 61837.000 125220.000 0 0 0.000 0.000 0.000 0.151 0 1 0 0 0 0
 101 145507.000 104218.000 0 0 0.000 0.000 0.000 0.137 0 1 0 0 0 0
 102 108961.000 54840.000 0 0 0.000 0.000 0.000 0.135 0 1 0 0 0 0
 103 53056.000 108113.000 0 0 0.000 0.000 0.000 0.141 0 1 0 0 0 0
 104 53403.000 113429.000 0 0 0.000 0.000 0.000 0.130 0 1 0 0 0 0
 105 73979.000 141488.000 0 0 0.000 0.000 0.000 0.141 0 1 0 0 0 0
 106 131148.000 61272.000 0 0 0.000 0.000 0.000 0.131 0 1 0 0 0 0
 107 66384.000 137673.000 0 0 0.000 0.000 0.000 0.133 0 1 0 0 0 0
 108 122185.000 145812.000 0 0 0.000 0.000 0.000 0.132 0 1 0 0 0 0
 109 82925.000 52387.000 0 0 0.000 0.000 0.000 0.141 0 1 0 0 0 0
 110 150269.000 92593.000 0 0 0.000 0.000 0.000 0.144 0 1 0 0 0 0
 111 49426.000 107213.000 0 0 0.000 0.000 0.000 0.136 0 1 0 0 0 0
 112 56237.000 73316.000 0 0 0.000 0.000 0.000 0.147 0 1 0 0 0 0
 113 131624.000 59884.000 0 0 0.000 0.000 0.000 0.153 0 1 0 0 0 0
 114 90901.000 49473.000 0 0 0.000 0.000 0.000 0.134 0 1 0 0 0 0
 115 115191.000 51079.000 0 0 0.000 0.000 0.000 0.153 0 1 0 0 0 0
 116 101389.000 151875.000 0 0 0.000 0.000 0.000 0.137 0 1 0 0 0 0
 117 92865.000 48845.000 0 0 0.000 0.000 0.000 0.138 0 1 0 0 0 0
 118 81357.000 148803.000 0 0 0.000 0.000 0.000 0.132 0 1 0 0 0 0
 119 132673.000 140913.000 0 0 0.000 0.000 0.000 0.131 0 1 0 0 0 0
 120 62622.000 136867.000 0 0 0.000 0.000 0.000 0.143 0 1 0 0 0 0
 121 48899.000 111849.000 0 0 0.000 0.000 0.000 0.148 0 1 0 0 0 0
 122 47737.000 95553.000 0 0 0.000 0.000 0.000 0.131 0 1 0 0 0 0
 123 144379.000 128155.000 0 0 0.000 0.000 0.000 0.148 0 1 0 0 0 0
 124 96045.000 153510.000 0 0 0.000 0.000 0.000 0.131 0 1 0 0 0 0
 125 46681.000 108120.000 0 0 0.000 0.000 0.000 0.132 0 1 0 0 0 0
 126 75561.000 148957.000 0 0 0.000 0.000 0.000 0.148 0 1 0 0 0 0
 127 49132.000 78581.000 0 0 0.000 0.000 0.000 0.145 0 1 0 0 0 0
 128 45056.000 91167.000 0 0 0.000 0.000 0.000 0.130 0 1 0 0 0 0
 129 52415.000 130298.000 0 0 0.000 0.000 0.000 0.137 0 1 0 0 0 0
 130 94982.000 44071.000 0 0 0.000 0.000 0.000 0.133 0 1 0 0 0 0
 131 144569.000 135767.000 0 0 0.000 0.000 0.000 0.144 0 1 0 0 0 0
 132 73169.000 150598.000 0 0 0.000 0.000 0.000 0.135 0 1 0 0 0 0
 133 82403.000 45776.000 0 0 0.000 0.000 0.000 0.144 0 1 0 0 0 0
 134 53039.000 66594.000 0 0 0.000 0.000 0.000 0.140 0 1 0 0 0 0
 135 125409.000 47787.000 0 0 0.000 0.000 0.000 0.137 0 1 0 0 0 0
 136 51242.000 67476.000 0 0 0.000 0.000 0.000 0.132 0 1 0 0 0 0
 137 151228.000 71479.000 0 0 0.000 0.000 0.000 0.141 0 1 0 0 0 0
 138 72020.000 152457.000 0 0 0.000 0.000 0.000 0.135 0 1 0 0 0 0
 139 158968.000 95324.000 0 0 0.000 0.000 0.000 0.134 0 1 0 0 0 0
 140 131590.000 50089.000 0 0 0.000 0.000 0.000 0.131 0 1 0 0 0 0
 141 68307.000 49535.000 0 0 0.000 0.000 0.000 0.130 0 1 0 0 0 0
 142 154150.000 74294.000 0 0 0.000 0.000 0.000 0.130 0 1 0 0 0 0
 143 124472.000 45020.000 0 0 0.000 0.000 0.000 0.145 0 1 0 0 0 0
 144 124544.000 45139.000 0 0 0.000 0.000 0.000 0.132 0 1 0 0 0 0
 145 76813.000 44173.000 0 0 0.000 0.000 0.000 0.132 0 1 0 0 0 0
 146 76319.000 43784.000 0 0 0.000 0.000 0.000 0.141 0 1 0 0 0 0
 147 63022.000 150355.000 0 0 0.000 0.000 0.000 0.134 0 1 0 0 0 0
 148 155772.000 72468.000 0 0 0.000 0.000 0.000 0.143 0 1 0 0 0 0
 149 90504.000 38329.000 0 0 0.000 0.000 0.000 0.136 0 1 0 0 0 0
 150 85852.000 161405.000 0 0 0.000 0.000 0.000 0.145 0 1 0 0 0 0
 151 137712.000 150566.000 0 0 0.000 0.000 0.000 0.138 0 1 0 0 0 0
 152 163019.000 104088.000 0 0 0.000 0.000 0.000 0.130 0 1 0 0 0 0
 153 153293.000 65547.000 0 0 0.000 0.000 0.000 0.133 0 1 0 0 0 0
 154 156715.000 70011.000 0 0 0.000 0.000 0.000 0.137 0 1 0 0 0 0
 155 140084.000 49271.000 0 0 0.000 0.000 0.000 0.130 0 1 0 0 0 0
 156 166408.000 94236.000 0 0 0.000 0.000 0.000 0.147 0 1 0 0 0 0
 157 138560.000 154707.000 0 0 0.000 0.000 0.000 0.154 0 1 0 0 0 0
 158 166328.000 89942.000 0 0 0.000 0.000 0.000 0.132 0 1 0 0 0 0
 159 76431.000 164943.000 0 0 0.000 0.000 0.000 0.132 0 1 0 0 0 0
 160 31443.000 109903.000 0 0 0.000 0.000 0.000 0.135 0 1 0 0 0 0
 161 163455.000 128194.000 0 0 0.000 0.000 0.000 0.133 0 1 0 0 0 0
 162 34074.000 75838.000 0 0 0.000 0.000 0.000 0.133 0 1 0 0 0 0
 163 39663.000 136454.000 0 0 0.000 0.000 0.000 0.136 0 1 0 0 0 0
 164 59058.000 157686.000 0 0 0.000 0.000 0.000 0.133 0 1 0 0 0 0
 165 132179.000 37369.000 0 0 0.000 0.000 0.000 0.130 0 1 0 0 0 0
 166 139245.000 160131.000 0 0 0.000 0.000 0.000 0.139 0 1 0 0 0 0
 167 136162.000 35514.000 0 0 0.000 0.000 0.000 0.132 0 1 0 0 0 0
 168 174194.000 86490.000 0 0 0.000 0.000 0.000 0.145 0 1 0 0 0 0
 169 133037.000 171831.000 0 0 0.000 0.000 0.000 0.138 0 1 0 0 0 0
 170 132901.000 172417.000 0 0 0.000 0.000 0.000 0.149 0 1 0 0 0 0
 171 35553.000 53701.000 0 0 0.000 0.000 0.000 0.143 0 1 0 0 0 0
 172 132669.000 173464.000 0 0 0.000 0.000 0.000 0.178 0 1 0 0 0 0
 173 42896.000 33919.000 0 0 0.000 0.000 0.000 0.136 0 1 0 0 0 0;
ProcessEquipmentIDList 1
  "6632" ;
SummarySpec 5
  TESTNO    NDEFECT    DEFDENSITY    NDIE    NDEFDIE  ;
SummaryList 
  1    173    0.6325    1    1  ;
EndOfFile;
