FileVersion 1 2;
FileTimestamp 01-07-26 23:39:22;
InspectionStationID "KLA-Tencor" "SFSSP1" "0901-0728-TBI";
SampleType WAFER;
ResultTimestamp 01-07-26 23:38:16;
LotID "2580";
SampleSize 1 200;
DeviceID "None";
SetupID "T2-2580NR" 01-07-26 23:38:16;
StepID "6545";
SampleOrientationMarkType NOTCH;
OrientationMarkLocation DOWN;
DiePitch 200000 200000;
DieOrigin 0 0;
WaferID "01";
Slot 1;
SampleCenterLocation 100000 100000;
ClassLookup 1
  0 "0"  ;
OrientationInstructions "Front";
CoordinatesMirrored No;
InspectionTest 1;
SampleTestPlan 1
  0 0 ;
AreaPerTest 2.73524e+010;
DefectRecordSpec 15 DEFECTID XREL YREL XINDEX YINDEX XSIZE YSIZE DEFECTAREA DSIZE CLASSNUMBER TEST CLUSTERNUMBER ROUGHBINNUMBER FINEBINNUMBER REVIEWSAMPLE ;
DefectList
 1 102970.000 101314.000 0 0 0.000 0.000 0.000 0.161 0 1 0 0 0 0
 2 101899.000 96704.000 0 0 0.000 0.000 0.000 0.141 0 1 0 0 0 0
 3 96579.000 105055.000 0 0 0.000 0.000 0.000 0.145 0 1 0 0 0 0
 4 105469.000 94556.000 0 0 0.000 0.000 0.000 0.130 0 1 0 0 0 0
 5 107684.000 99528.000 0 0 0.000 0.000 0.000 0.130 0 1 0 0 0 0
 6 95626.000 107717.000 0 0 0.000 0.000 0.000 0.135 0 1 0 0 0 0
 7 94522.000 91870.000 0 0 0.000 0.000 0.000 0.152 0 1 0 0 0 0
 8 102354.000 109551.000 0 0 0.000 0.000 0.000 0.143 0 1 0 0 0 0
 9 91118.000 104677.000 0 0 0.000 0.000 0.000 0.144 0 1 0 0 0 0
 10 102833.000 109860.000 0 0 0.000 0.000 0.000 0.135 0 1 0 0 0 0
 11 93108.000 107615.000 0 0 0.000 0.000 0.000 0.137 0 1 0 0 0 0
 12 92034.000 106766.000 0 0 0.000 0.000 0.000 0.130 0 1 0 0 0 0
 13 94450.000 90228.000 0 0 0.000 0.000 0.000 0.150 0 1 0 0 0 0
 14 95261.000 110249.000 0 0 0.000 0.000 0.000 0.137 0 1 0 0 0 0
 15 93322.000 109345.000 0 0 0.000 0.000 0.000 0.159 0 1 0 0 0 0
 16 99130.000 87518.000 0 0 0.000 0.000 0.000 0.137 0 1 0 0 0 0
 17 92468.000 89209.000 0 0 0.000 0.000 0.000 0.135 0 1 0 0 0 0
 18 91069.000 88862.000 0 0 0.000 0.000 0.000 0.135 0 1 0 0 0 0
 19 97427.000 85896.000 0 0 0.000 0.000 0.000 0.131 0 1 0 0 0 0
 20 110425.000 90183.000 0 0 0.000 0.000 0.000 0.132 0 1 0 0 0 0
 21 101041.000 114066.000 0 0 0.000 0.000 0.000 0.140 0 1 0 0 0 0
 22 88481.000 108051.000 0 0 0.000 0.000 0.000 0.135 0 1 0 0 0 0
 23 115250.000 95651.000 0 0 0.000 0.000 0.000 0.132 0 1 0 0 0 0
 24 108718.000 113158.000 0 0 0.000 0.000 0.000 0.131 0 1 0 0 0 0
 25 84440.000 103207.000 0 0 0.000 0.000 0.000 0.135 0 1 0 0 0 0
 26 115837.000 96950.000 0 0 0.000 0.000 0.000 0.142 0 1 0 0 0 0
 27 88386.000 87912.000 0 0 0.000 0.000 0.000 0.143 0 1 0 0 0 0
 28 99750.000 116866.000 0 0 0.000 0.000 0.000 0.131 0 1 0 0 0 0
 29 83572.000 104246.000 0 0 0.000 0.000 0.000 0.154 0 1 0 0 0 0
 30 94207.000 116194.000 0 0 0.000 0.000 0.000 0.152 0 1 0 0 0 0
 31 111251.000 85842.000 0 0 0.000 0.000 0.000 0.132 0 1 0 0 0 0
 32 89302.000 84949.000 0 0 0.000 0.000 0.000 0.136 0 1 0 0 0 0
 33 104815.000 117862.000 0 0 0.000 0.000 0.000 0.142 0 1 0 0 0 0
 34 118821.000 94353.000 0 0 0.000 0.000 0.000 0.139 0 1 0 0 0 0
 35 118932.000 104522.000 0 0 0.000 0.000 0.000 0.151 0 1 0 0 0 0
 36 113084.000 85218.000 0 0 0.000 0.000 0.000 0.164 0 1 0 0 0 0
 37 93596.000 118429.000 0 0 0.000 0.000 0.000 0.137 0 1 0 0 0 0
 38 117241.000 109669.000 0 0 0.000 0.000 0.000 0.140 0 1 0 0 0 0
 39 85783.000 85849.000 0 0 0.000 0.000 0.000 0.171 0 1 0 0 0 0
 40 115402.000 86468.000 0 0 0.000 0.000 0.000 0.146 0 1 0 0 0 0
 41 119046.000 91368.000 0 0 0.000 0.000 0.000 0.157 0 1 0 0 0 0
 42 101185.000 120538.000 0 0 0.000 0.000 0.000 0.134 0 1 0 0 0 0
 43 79598.000 105974.000 0 0 0.000 0.000 0.000 0.145 0 1 0 0 0 0
 44 88084.000 117697.000 0 0 0.000 0.000 0.000 0.132 0 1 0 0 0 0
 45 90649.000 80170.000 0 0 0.000 0.000 0.000 0.152 0 1 0 0 0 0
 46 121611.000 96744.000 0 0 0.000 0.000 0.000 0.152 0 1 0 0 0 0
 47 78353.000 103031.000 0 0 0.000 0.000 0.000 0.138 0 1 0 0 0 0
 48 115383.000 115938.000 0 0 0.000 0.000 0.000 0.146 0 1 0 0 0 0
 49 86191.000 82247.000 0 0 0.000 0.000 0.000 0.142 0 1 0 0 0 0
 50 105698.000 77871.000 0 0 0.000 0.000 0.000 0.149 0 1 0 0 0 0
 51 77425.000 102538.000 0 0 0.000 0.000 0.000 0.154 0 1 0 0 0 0
 52 103468.000 77239.000 0 0 0.000 0.000 0.000 0.147 0 1 0 0 0 0
 53 83509.000 115582.000 0 0 0.000 0.000 0.000 0.132 0 1 0 0 0 0
 54 122748.000 104869.000 0 0 0.000 0.000 0.000 0.161 0 1 0 0 0 0
 55 79028.000 110039.000 0 0 0.000 0.000 0.000 0.144 0 1 0 0 0 0
 56 100476.000 123916.000 0 0 0.000 0.000 0.000 0.151 0 1 0 0 0 0
 57 101761.000 124421.000 0 0 0.000 0.000 0.000 0.137 0 1 0 0 0 0
 58 111073.000 77641.000 0 0 0.000 0.000 0.000 0.153 0 1 0 0 0 0
 59 106488.000 123665.000 0 0 0.000 0.000 0.000 0.147 0 1 0 0 0 0
 60 76044.000 107536.000 0 0 0.000 0.000 0.000 0.141 0 1 0 0 0 0
 61 125808.000 93034.000 0 0 0.000 0.000 0.000 0.142 0 1 0 0 0 0
 62 82495.000 78985.000 0 0 0.000 0.000 0.000 0.134 0 1 0 0 0 0
 63 80157.000 118766.000 0 0 0.000 0.000 0.000 0.134 0 1 0 0 0 0
 64 94353.000 72746.000 0 0 0.000 0.000 0.000 0.132 0 1 0 0 0 0
 65 80155.000 118905.000 0 0 0.000 0.000 0.000 0.132 0 1 0 0 0 0
 66 118678.000 79212.000 0 0 0.000 0.000 0.000 0.150 0 1 0 0 0 0
 67 110476.000 125598.000 0 0 0.000 0.000 0.000 0.132 0 1 0 0 0 0
 68 73454.000 90759.000 0 0 0.000 0.000 0.000 0.146 0 1 0 0 0 0
 69 117920.000 122063.000 0 0 0.000 0.000 0.000 0.171 0 1 0 0 0 0
 70 74318.000 86291.000 0 0 0.000 0.000 0.000 0.162 0 1 0 0 0 0
 71 103290.000 70724.000 0 0 0.000 0.000 0.000 0.136 0 1 0 0 0 0
 72 91230.000 127528.000 0 0 0.000 0.000 0.000 0.165 0 1 0 0 0 0
 73 114810.000 74256.000 0 0 0.000 0.000 0.000 0.132 0 1 0 0 0 0
 74 129786.000 98877.000 0 0 0.000 0.000 0.000 0.130 0 1 0 0 0 0
 75 125181.000 115946.000 0 0 0.000 0.000 0.000 0.137 0 1 0 0 0 0
 76 87735.000 127452.000 0 0 0.000 0.000 0.000 0.138 0 1 0 0 0 0
 77 82211.000 124532.000 0 0 0.000 0.000 0.000 0.130 0 1 0 0 0 0
 78 70375.000 91548.000 0 0 0.000 0.000 0.000 0.155 0 1 0 0 0 0
 79 127757.000 113423.000 0 0 0.000 0.000 0.000 0.137 0 1 0 0 0 0
 80 76374.000 79935.000 0 0 0.000 0.000 0.000 0.133 0 1 0 0 0 0
 81 98492.000 68795.000 0 0 0.000 0.000 0.000 0.137 0 1 0 0 0 0
 82 113344.000 127951.000 0 0 0.000 0.000 0.000 0.135 0 1 0 0 0 0
 83 68706.000 102213.000 0 0 0.000 0.000 0.000 0.134 0 1 0 0 0 0
 84 71467.000 86271.000 0 0 0.000 0.000 0.000 0.146 0 1 0 0 0 0
 85 96286.000 68378.000 0 0 0.000 0.000 0.000 0.139 0 1 0 0 0 0
 86 124197.000 120301.000 0 0 0.000 0.000 0.000 0.149 0 1 0 0 0 0
 87 121069.000 75658.000 0 0 0.000 0.000 0.000 0.137 0 1 0 0 0 0
 88 108143.000 130824.000 0 0 0.000 0.000 0.000 0.168 0 1 0 0 0 0
 89 131865.000 104805.000 0 0 0.000 0.000 0.000 0.132 0 1 0 0 0 0
 90 129172.000 85372.000 0 0 0.000 0.000 0.000 0.136 0 1 0 0 0 0
 91 132389.000 99143.000 0 0 0.000 0.000 0.000 0.135 0 1 0 0 0 0
 92 80471.000 125838.000 0 0 0.000 0.000 0.000 0.130 0 1 0 0 0 0
 93 87871.000 69183.000 0 0 0.000 0.000 0.000 0.162 0 1 0 0 0 0
 94 132467.000 92214.000 0 0 0.000 0.000 0.000 0.140 0 1 0 0 0 0
 95 111080.000 68202.000 0 0 0.000 0.000 0.000 0.155 0 1 0 0 0 0
 96 116176.000 70131.000 0 0 0.000 0.000 0.000 0.133 0 1 0 0 0 0
 97 133347.000 107053.000 0 0 0.000 0.000 0.000 0.147 0 1 0 0 0 0
 98 106845.000 133567.000 0 0 0.000 0.000 0.000 0.131 0 1 0 0 0 0
 99 66279.000 106513.000 0 0 0.000 0.000 0.000 0.201 0 1 0 0 0 0
 100 113123.000 132642.000 0 0 0.000 0.000 0.000 0.133 0 1 0 0 0 0
 101 76754.000 126360.000 0 0 0.000 0.000 0.000 0.130 0 1 0 0 0 0
 102 99779.000 135184.000 0 0 0.000 0.000 0.000 0.131 0 1 0 0 0 0
 103 127819.000 122426.000 0 0 0.000 0.000 0.000 0.145 0 1 0 0 0 0
 104 126311.000 124938.000 0 0 0.000 0.000 0.000 0.138 0 1 0 0 0 0
 105 84387.000 66863.000 0 0 0.000 0.000 0.000 0.133 0 1 0 0 0 0
 106 85481.000 66277.000 0 0 0.000 0.000 0.000 0.137 0 1 0 0 0 0
 107 88292.000 65233.000 0 0 0.000 0.000 0.000 0.131 0 1 0 0 0 0
 108 77786.000 70411.000 0 0 0.000 0.000 0.000 0.133 0 1 0 0 0 0
 109 88634.000 134986.000 0 0 0.000 0.000 0.000 0.169 0 1 0 0 0 0
 110 75840.000 127647.000 0 0 0.000 0.000 0.000 0.155 0 1 0 0 0 0
 111 63250.000 105739.000 0 0 0.000 0.000 0.000 0.138 0 1 0 0 0 0
 112 62707.000 102844.000 0 0 0.000 0.000 0.000 0.144 0 1 0 0 0 0
 113 63713.000 90890.000 0 0 0.000 0.000 0.000 0.131 0 1 0 0 0 0
 114 99563.000 62265.000 0 0 0.000 0.000 0.000 0.133 0 1 0 0 0 0
 115 133521.000 82838.000 0 0 0.000 0.000 0.000 0.136 0 1 0 0 0 0
 116 62689.000 104241.000 0 0 0.000 0.000 0.000 0.136 0 1 0 0 0 0
 117 99457.000 61953.000 0 0 0.000 0.000 0.000 0.146 0 1 0 0 0 0
 118 137467.000 93437.000 0 0 0.000 0.000 0.000 0.139 0 1 0 0 0 0
 119 101160.000 61752.000 0 0 0.000 0.000 0.000 0.149 0 1 0 0 0 0
 120 103279.000 61305.000 0 0 0.000 0.000 0.000 0.132 0 1 0 0 0 0
 121 131143.000 76726.000 0 0 0.000 0.000 0.000 0.135 0 1 0 0 0 0
 122 123676.000 130763.000 0 0 0.000 0.000 0.000 0.138 0 1 0 0 0 0
 123 97641.000 138851.000 0 0 0.000 0.000 0.000 0.140 0 1 0 0 0 0
 124 139017.000 104825.000 0 0 0.000 0.000 0.000 0.133 0 1 0 0 0 0
 125 131002.000 123732.000 0 0 0.000 0.000 0.000 0.142 0 1 0 0 0 0
 126 61637.000 91814.000 0 0 0.000 0.000 0.000 0.137 0 1 0 0 0 0
 127 129438.000 73095.000 0 0 0.000 0.000 0.000 0.133 0 1 0 0 0 0
 128 136838.000 115514.000 0 0 0.000 0.000 0.000 0.137 0 1 0 0 0 0
 129 139075.000 90181.000 0 0 0.000 0.000 0.000 0.131 0 1 0 0 0 0
 130 69010.000 125864.000 0 0 0.000 0.000 0.000 0.133 0 1 0 0 0 0
 131 130419.000 72632.000 0 0 0.000 0.000 0.000 0.139 0 1 0 0 0 0
 132 96671.000 58687.000 0 0 0.000 0.000 0.000 0.137 0 1 0 0 0 0
 133 113619.000 60836.000 0 0 0.000 0.000 0.000 0.146 0 1 0 0 0 0
 134 120483.000 63959.000 0 0 0.000 0.000 0.000 0.134 0 1 0 0 0 0
 135 116884.000 61763.000 0 0 0.000 0.000 0.000 0.132 0 1 0 0 0 0
 136 122083.000 64291.000 0 0 0.000 0.000 0.000 0.145 0 1 0 0 0 0
 137 108958.000 140712.000 0 0 0.000 0.000 0.000 0.136 0 1 0 0 0 0
 138 59907.000 86209.000 0 0 0.000 0.000 0.000 0.152 0 1 0 0 0 0
 139 140840.000 88124.000 0 0 0.000 0.000 0.000 0.134 0 1 0 0 0 0
 140 66008.000 125181.000 0 0 0.000 0.000 0.000 0.149 0 1 0 0 0 0
 141 105140.000 57248.000 0 0 0.000 0.000 0.000 0.138 0 1 0 0 0 0
 142 118229.000 61075.000 0 0 0.000 0.000 0.000 0.135 0 1 0 0 0 0
 143 101179.000 56547.000 0 0 0.000 0.000 0.000 0.144 0 1 0 0 0 0
 144 112288.000 141431.000 0 0 0.000 0.000 0.000 0.131 0 1 0 0 0 0
 145 108341.000 142778.000 0 0 0.000 0.000 0.000 0.137 0 1 0 0 0 0
 146 57185.000 91078.000 0 0 0.000 0.000 0.000 0.160 0 1 0 0 0 0
 147 60207.000 81390.000 0 0 0.000 0.000 0.000 0.156 0 1 0 0 0 0
 148 60228.000 81204.000 0 0 0.000 0.000 0.000 0.134 0 1 0 0 0 0
 149 56559.000 92544.000 0 0 0.000 0.000 0.000 0.133 0 1 0 0 0 0
 150 58414.000 85230.000 0 0 0.000 0.000 0.000 0.155 0 1 0 0 0 0
 151 121992.000 61291.000 0 0 0.000 0.000 0.000 0.131 0 1 0 0 0 0
 152 143027.000 89079.000 0 0 0.000 0.000 0.000 0.139 0 1 0 0 0 0
 153 119286.000 139883.000 0 0 0.000 0.000 0.000 0.130 0 1 0 0 0 0
 154 133914.000 70648.000 0 0 0.000 0.000 0.000 0.140 0 1 0 0 0 0
 155 138581.000 122706.000 0 0 0.000 0.000 0.000 0.153 0 1 0 0 0 0
 156 77512.000 138676.000 0 0 0.000 0.000 0.000 0.137 0 1 0 0 0 0
 157 104735.000 54606.000 0 0 0.000 0.000 0.000 0.136 0 1 0 0 0 0
 158 144013.000 87799.000 0 0 0.000 0.000 0.000 0.134 0 1 0 0 0 0
 159 141712.000 79803.000 0 0 0.000 0.000 0.000 0.134 0 1 0 0 0 0
 160 61599.000 74045.000 0 0 0.000 0.000 0.000 0.132 0 1 0 0 0 0
 161 143539.000 115661.000 0 0 0.000 0.000 0.000 0.164 0 1 0 0 0 0
 162 71150.000 63517.000 0 0 0.000 0.000 0.000 0.203 0 1 0 0 0 0
 163 139260.000 74859.000 0 0 0.000 0.000 0.000 0.151 0 1 0 0 0 0
 164 121407.000 141032.000 0 0 0.000 0.000 0.000 0.130 0 1 0 0 0 0
 165 97263.000 146208.000 0 0 0.000 0.000 0.000 0.143 0 1 0 0 0 0
 166 89728.000 145292.000 0 0 0.000 0.000 0.000 0.162 0 1 0 0 0 0
 167 63500.000 128885.000 0 0 0.000 0.000 0.000 0.130 0 1 0 0 0 0
 168 116139.000 55786.000 0 0 0.000 0.000 0.000 0.136 0 1 0 0 0 0
 169 127558.000 60995.000 0 0 0.000 0.000 0.000 0.139 0 1 0 0 0 0
 170 84859.000 144867.000 0 0 0.000 0.000 0.000 0.132 0 1 0 0 0 0
 171 61088.000 72461.000 0 0 0.000 0.000 0.000 0.139 0 1 0 0 0 0
 172 69642.000 136615.000 0 0 0.000 0.000 0.000 0.137 0 1 0 0 0 0
 173 60947.000 71395.000 0 0 0.000 0.000 0.000 0.153 0 1 0 0 0 0
 174 148528.000 103419.000 0 0 0.000 0.000 0.000 0.135 0 1 0 0 0 0
 175 78512.000 143263.000 0 0 0.000 0.000 0.000 0.146 0 1 0 0 0 0
 176 144187.000 78651.000 0 0 0.000 0.000 0.000 0.143 0 1 0 0 0 0
 177 107343.000 148218.000 0 0 0.000 0.000 0.000 0.133 0 1 0 0 0 0
 178 53622.000 115268.000 0 0 0.000 0.000 0.000 0.132 0 1 0 0 0 0
 179 51075.000 100259.000 0 0 0.000 0.000 0.000 0.144 0 1 0 0 0 0
 180 133540.000 135913.000 0 0 0.000 0.000 0.000 0.142 0 1 0 0 0 0
 181 145740.000 81057.000 0 0 0.000 0.000 0.000 0.130 0 1 0 0 0 0
 182 93992.000 148803.000 0 0 0.000 0.000 0.000 0.136 0 1 0 0 0 0
 183 51875.000 88038.000 0 0 0.000 0.000 0.000 0.143 0 1 0 0 0 0
 184 61768.000 68266.000 0 0 0.000 0.000 0.000 0.169 0 1 0 0 0 0
 185 109071.000 50915.000 0 0 0.000 0.000 0.000 0.130 0 1 0 0 0 0
 186 146692.000 81904.000 0 0 0.000 0.000 0.000 0.144 0 1 0 0 0 0
 187 50543.000 93821.000 0 0 0.000 0.000 0.000 0.154 0 1 0 0 0 0
 188 79673.000 145661.000 0 0 0.000 0.000 0.000 0.138 0 1 0 0 0 0
 189 67995.000 138315.000 0 0 0.000 0.000 0.000 0.136 0 1 0 0 0 0
 190 90825.000 50407.000 0 0 0.000 0.000 0.000 0.131 0 1 0 0 0 0
 191 148904.000 111514.000 0 0 0.000 0.000 0.000 0.144 0 1 0 0 0 0
 192 51107.000 112076.000 0 0 0.000 0.000 0.000 0.146 0 1 0 0 0 0
 193 144552.000 75505.000 0 0 0.000 0.000 0.000 0.134 0 1 0 0 0 0
 194 124417.000 144770.000 0 0 0.000 0.000 0.000 0.134 0 1 0 0 0 0
 195 151556.000 95331.000 0 0 0.000 0.000 0.000 0.139 0 1 0 0 0 0
 196 130181.000 141609.000 0 0 0.000 0.000 0.000 0.143 0 1 0 0 0 0
 197 48384.000 97920.000 0 0 0.000 0.000 0.000 0.139 0 1 0 0 0 0
 198 141743.000 130468.000 0 0 0.000 0.000 0.000 0.143 0 1 0 0 0 0
 199 88999.000 48316.000 0 0 0.000 0.000 0.000 0.147 0 1 0 0 0 0
 200 147181.000 75572.000 0 0 0.000 0.000 0.000 0.145 0 1 0 0 0 0
 201 142791.000 131128.000 0 0 0.000 0.000 0.000 0.168 0 1 0 0 0 0
 202 47128.000 95026.000 0 0 0.000 0.000 0.000 0.139 0 1 0 0 0 0
 203 118318.000 149713.000 0 0 0.000 0.000 0.000 0.140 0 1 0 0 0 0
 204 54418.000 127811.000 0 0 0.000 0.000 0.000 0.133 0 1 0 0 0 0
 205 129888.000 144382.000 0 0 0.000 0.000 0.000 0.134 0 1 0 0 0 0
 206 136097.000 59874.000 0 0 0.000 0.000 0.000 0.133 0 1 0 0 0 0
 207 80946.000 150072.000 0 0 0.000 0.000 0.000 0.152 0 1 0 0 0 0
 208 48053.000 85669.000 0 0 0.000 0.000 0.000 0.143 0 1 0 0 0 0
 209 95806.000 45934.000 0 0 0.000 0.000 0.000 0.144 0 1 0 0 0 0
 210 141851.000 133945.000 0 0 0.000 0.000 0.000 0.154 0 1 0 0 0 0
 211 143139.000 66576.000 0 0 0.000 0.000 0.000 0.147 0 1 0 0 0 0
 212 153501.000 111809.000 0 0 0.000 0.000 0.000 0.163 0 1 0 0 0 0
 213 48132.000 117276.000 0 0 0.000 0.000 0.000 0.154 0 1 0 0 0 0
 214 126620.000 147906.000 0 0 0.000 0.000 0.000 0.141 0 1 0 0 0 0
 215 88032.000 153562.000 0 0 0.000 0.000 0.000 0.137 0 1 0 0 0 0
 216 102156.000 44734.000 0 0 0.000 0.000 0.000 0.139 0 1 0 0 0 0
 217 153656.000 86451.000 0 0 0.000 0.000 0.000 0.134 0 1 0 0 0 0
 218 112319.000 45801.000 0 0 0.000 0.000 0.000 0.134 0 1 0 0 0 0
 219 144130.000 66276.000 0 0 0.000 0.000 0.000 0.145 0 1 0 0 0 0
 220 78901.000 48223.000 0 0 0.000 0.000 0.000 0.139 0 1 0 0 0 0
 221 152289.000 79937.000 0 0 0.000 0.000 0.000 0.141 0 1 0 0 0 0
 222 155359.000 91228.000 0 0 0.000 0.000 0.000 0.144 0 1 0 0 0 0
 223 111636.000 44891.000 0 0 0.000 0.000 0.000 0.130 0 1 0 0 0 0
 224 130668.000 52411.000 0 0 0.000 0.000 0.000 0.133 0 1 0 0 0 0
 225 43663.000 105538.000 0 0 0.000 0.000 0.000 0.134 0 1 0 0 0 0
 226 59772.000 59886.000 0 0 0.000 0.000 0.000 0.140 0 1 0 0 0 0
 227 70461.000 51484.000 0 0 0.000 0.000 0.000 0.139 0 1 0 0 0 0
 228 135220.000 144192.000 0 0 0.000 0.000 0.000 0.159 0 1 0 0 0 0
 229 51085.000 71124.000 0 0 0.000 0.000 0.000 0.164 0 1 0 0 0 0
 230 133304.000 146006.000 0 0 0.000 0.000 0.000 0.137 0 1 0 0 0 0
 231 43224.000 100260.000 0 0 0.000 0.000 0.000 0.158 0 1 0 0 0 0
 232 43659.000 91973.000 0 0 0.000 0.000 0.000 0.138 0 1 0 0 0 0
 233 49937.000 71637.000 0 0 0.000 0.000 0.000 0.130 0 1 0 0 0 0
 234 59458.000 59021.000 0 0 0.000 0.000 0.000 0.138 0 1 0 0 0 0
 235 151624.000 74370.000 0 0 0.000 0.000 0.000 0.133 0 1 0 0 0 0
 236 42708.000 106370.000 0 0 0.000 0.000 0.000 0.150 0 1 0 0 0 0
 237 106102.000 157497.000 0 0 0.000 0.000 0.000 0.133 0 1 0 0 0 0
 238 154724.000 78619.000 0 0 0.000 0.000 0.000 0.134 0 1 0 0 0 0
 239 41223.000 93538.000 0 0 0.000 0.000 0.000 0.130 0 1 0 0 0 0
 240 150836.000 68873.000 0 0 0.000 0.000 0.000 0.157 0 1 0 0 0 0
 241 156519.000 80963.000 0 0 0.000 0.000 0.000 0.130 0 1 0 0 0 0
 242 120261.000 155837.000 0 0 0.000 0.000 0.000 0.138 0 1 0 0 0 0
 243 52866.000 63130.000 0 0 0.000 0.000 0.000 0.149 0 1 0 0 0 0
 244 155167.000 122780.000 0 0 0.000 0.000 0.000 0.143 0 1 0 0 0 0
 245 111666.000 40972.000 0 0 0.000 0.000 0.000 0.140 0 1 0 0 0 0
 246 120928.000 43380.000 0 0 0.000 0.000 0.000 0.138 0 1 0 0 0 0
 247 160259.000 95285.000 0 0 0.000 0.000 0.000 0.131 0 1 0 0 0 0
 248 44328.000 75549.000 0 0 0.000 0.000 0.000 0.147 0 1 0 0 0 0
 249 138164.000 52385.000 0 0 0.000 0.000 0.000 0.132 0 1 0 0 0 0
 250 41519.000 116971.000 0 0 0.000 0.000 0.000 0.131 0 1 0 0 0 0
 251 54744.000 140859.000 0 0 0.000 0.000 0.000 0.135 0 1 0 0 0 0
 252 142641.000 143932.000 0 0 0.000 0.000 0.000 0.145 0 1 0 0 0 0
 253 119753.000 157774.000 0 0 0.000 0.000 0.000 0.130 0 1 0 0 0 0
 254 99864.000 38108.000 0 0 0.000 0.000 0.000 0.135 0 1 0 0 0 0
 255 63624.000 49817.000 0 0 0.000 0.000 0.000 0.133 0 1 0 0 0 0
 256 136151.000 49305.000 0 0 0.000 0.000 0.000 0.139 0 1 0 0 0 0
 257 143022.000 144361.000 0 0 0.000 0.000 0.000 0.147 0 1 0 0 0 0
 258 38134.000 95601.000 0 0 0.000 0.000 0.000 0.138 0 1 0 0 0 0
 259 105098.000 161773.000 0 0 0.000 0.000 0.000 0.142 0 1 0 0 0 0
 260 139495.000 148073.000 0 0 0.000 0.000 0.000 0.134 0 1 0 0 0 0
 261 142059.000 146357.000 0 0 0.000 0.000 0.000 0.144 0 1 0 0 0 0
 262 156991.000 73306.000 0 0 0.000 0.000 0.000 0.135 0 1 0 0 0 0
 263 148327.000 140066.000 0 0 0.000 0.000 0.000 0.139 0 1 0 0 0 0
 264 57241.000 53642.000 0 0 0.000 0.000 0.000 0.143 0 1 0 0 0 0
 265 107995.000 37289.000 0 0 0.000 0.000 0.000 0.132 0 1 0 0 0 0
 266 50935.000 139456.000 0 0 0.000 0.000 0.000 0.133 0 1 0 0 0 0
 267 44309.000 70024.000 0 0 0.000 0.000 0.000 0.133 0 1 0 0 0 0
 268 75718.000 40985.000 0 0 0.000 0.000 0.000 0.153 0 1 0 0 0 0
 269 134589.000 46055.000 0 0 0.000 0.000 0.000 0.135 0 1 0 0 0 0
 270 87967.000 162454.000 0 0 0.000 0.000 0.000 0.133 0 1 0 0 0 0
 271 106868.000 36134.000 0 0 0.000 0.000 0.000 0.131 0 1 0 0 0 0
 272 158224.000 72560.000 0 0 0.000 0.000 0.000 0.136 0 1 0 0 0 0
 273 53682.000 144233.000 0 0 0.000 0.000 0.000 0.134 0 1 0 0 0 0
 274 52087.000 142491.000 0 0 0.000 0.000 0.000 0.152 0 1 0 0 0 0
 275 51214.000 58090.000 0 0 0.000 0.000 0.000 0.135 0 1 0 0 0 0
 276 162285.000 116107.000 0 0 0.000 0.000 0.000 0.130 0 1 0 0 0 0
 277 135692.000 153398.000 0 0 0.000 0.000 0.000 0.141 0 1 0 0 0 0
 278 142704.000 148139.000 0 0 0.000 0.000 0.000 0.137 0 1 0 0 0 0
 279 90424.000 164043.000 0 0 0.000 0.000 0.000 0.139 0 1 0 0 0 0
 280 121339.000 38365.000 0 0 0.000 0.000 0.000 0.143 0 1 0 0 0 0
 281 37800.000 80957.000 0 0 0.000 0.000 0.000 0.146 0 1 0 0 0 0
 282 123835.000 38570.000 0 0 0.000 0.000 0.000 0.130 0 1 0 0 0 0
 283 101636.000 165620.000 0 0 0.000 0.000 0.000 0.132 0 1 0 0 0 0
 284 39401.000 125856.000 0 0 0.000 0.000 0.000 0.134 0 1 0 0 0 0
 285 38732.000 123956.000 0 0 0.000 0.000 0.000 0.131 0 1 0 0 0 0
 286 45400.000 62028.000 0 0 0.000 0.000 0.000 0.140 0 1 0 0 0 0
 287 166905.000 101916.000 0 0 0.000 0.000 0.000 0.141 0 1 0 0 0 0
 288 51591.000 53361.000 0 0 0.000 0.000 0.000 0.201 0 1 0 0 0 0
 289 149587.000 145384.000 0 0 0.000 0.000 0.000 0.136 0 1 0 0 0 0
 290 148932.000 53513.000 0 0 0.000 0.000 0.000 0.159 0 1 0 0 0 0
 291 47920.000 56597.000 0 0 0.000 0.000 0.000 0.143 0 1 0 0 0 0
 292 108011.000 167092.000 0 0 0.000 0.000 0.000 0.143 0 1 0 0 0 0
 293 58598.000 153453.000 0 0 0.000 0.000 0.000 0.130 0 1 0 0 0 0
 294 68382.000 160332.000 0 0 0.000 0.000 0.000 0.130 0 1 0 0 0 0
 295 112893.000 166902.000 0 0 0.000 0.000 0.000 0.134 0 1 0 0 0 0
 296 109041.000 167849.000 0 0 0.000 0.000 0.000 0.138 0 1 0 0 0 0
 297 43259.000 138320.000 0 0 0.000 0.000 0.000 0.131 0 1 0 0 0 0
 298 168775.000 102887.000 0 0 0.000 0.000 0.000 0.144 0 1 0 0 0 0
 299 168970.000 98375.000 0 0 0.000 0.000 0.000 0.145 0 1 0 0 0 0
 300 100872.000 30680.000 0 0 0.000 0.000 0.000 0.132 0 1 0 0 0 0
 301 56292.000 153352.000 0 0 0.000 0.000 0.000 0.131 0 1 0 0 0 0
 302 160810.000 66084.000 0 0 0.000 0.000 0.000 0.157 0 1 0 0 0 0
 303 116705.000 167610.000 0 0 0.000 0.000 0.000 0.141 0 1 0 0 0 0
 304 169300.000 110327.000 0 0 0.000 0.000 0.000 0.145 0 1 0 0 0 0
 305 79952.000 167031.000 0 0 0.000 0.000 0.000 0.133 0 1 0 0 0 0
 306 122340.000 33034.000 0 0 0.000 0.000 0.000 0.140 0 1 0 0 0 0
 307 170925.000 98887.000 0 0 0.000 0.000 0.000 0.130 0 1 0 0 0 0
 308 73371.000 165861.000 0 0 0.000 0.000 0.000 0.136 0 1 0 0 0 0
 309 115792.000 30038.000 0 0 0.000 0.000 0.000 0.150 0 1 0 0 0 0
 310 32873.000 75090.000 0 0 0.000 0.000 0.000 0.133 0 1 0 0 0 0
 311 147678.000 153397.000 0 0 0.000 0.000 0.000 0.132 0 1 0 0 0 0
 312 154104.000 148222.000 0 0 0.000 0.000 0.000 0.132 0 1 0 0 0 0
 313 78956.000 169753.000 0 0 0.000 0.000 0.000 0.144 0 1 0 0 0 0
 314 29069.000 81229.000 0 0 0.000 0.000 0.000 0.134 0 1 0 0 0 0
 315 102991.000 25812.000 0 0 0.000 0.000 0.000 0.134 0 1 0 0 0 0
 316 59391.000 37882.000 0 0 0.000 0.000 0.000 0.131 0 1 0 0 0 0
 317 73594.000 169172.000 0 0 0.000 0.000 0.000 0.139 0 1 0 0 0 0
 318 65225.000 165277.000 0 0 0.000 0.000 0.000 0.132 0 1 0 0 0 0
 319 54087.000 158162.000 0 0 0.000 0.000 0.000 0.133 0 1 0 0 0 0
 320 155120.000 150716.000 0 0 0.000 0.000 0.000 0.140 0 1 0 0 0 0
 321 152032.000 153759.000 0 0 0.000 0.000 0.000 200000.000 0 1 0 200 0 0
 322 152059.000 153858.000 0 0 0.000 0.000 0.000 200000.000 0 1 0 200 0 0
 323 142985.000 37669.000 0 0 0.000 0.000 0.000 0.131 0 1 0 0 0 0
 324 59222.000 164179.000 0 0 0.000 0.000 0.000 0.144 0 1 0 0 0 0
 325 58758.000 163934.000 0 0 0.000 0.000 0.000 0.136 0 1 0 0 0 0
 326 24408.000 109505.000 0 0 0.000 0.000 0.000 0.144 0 1 0 0 0 0
 327 48807.000 158130.000 0 0 0.000 0.000 0.000 0.130 0 1 0 0 0 0
 328 45345.000 156214.000 0 0 0.000 0.000 0.000 0.133 0 1 0 0 0 0
 329 117745.000 177379.000 0 0 0.000 0.000 0.000 0.140 0 1 0 0 0 0
 330 35448.000 148501.000 0 0 0.000 0.000 0.000 0.131 0 1 0 0 0 0
 331 34281.000 51459.000 0 0 0.000 0.000 0.000 0.133 0 1 0 0 0 0
 332 109046.000 18197.000 0 0 0.000 0.000 0.000 0.136 0 1 0 0 0 0
 333 47127.000 36149.000 0 0 0.000 0.000 0.000 0.131 0 1 0 0 0 0
 334 103293.000 16753.000 0 0 0.000 0.000 0.000 0.130 0 1 0 0 0 0
 335 159441.000 40832.000 0 0 0.000 0.000 0.000 0.133 0 1 0 0 0 0
 336 163453.000 157934.000 0 0 0.000 0.000 0.000 0.134 0 1 0 0 0 0
 337 168579.000 159148.000 0 0 0.000 0.000 0.000 200000.000 0 1 0 200 0 0
 338 174125.000 152062.000 0 0 0.000 0.000 0.000 0.156 0 1 0 0 0 0
 339 67723.000 13141.000 0 0 0.000 0.000 0.000 200000.000 0 1 0 200 0 0
 340 63477.000 12447.000 0 0 0.000 0.000 0.000 200000.000 0 1 0 200 0 0;
ProcessEquipmentIDList 1
  "6632" ;
SummarySpec 5
  TESTNO    NDEFECT    DEFDENSITY    NDIE    NDEFDIE  ;
SummaryList 
  1    340    1.243    1    1  ;
EndOfFile;
