FileVersion 1 2;
FileTimestamp 01-07-26 22:36:49;
InspectionStationID "KLA-Tencor" "SFSSP1" "0901-0728-TBI";
SampleType WAFER;
ResultTimestamp 01-07-26 22:31:54;
LotID "2580";
SampleSize 1 200;
DeviceID "None";
SetupID "T2-2580NR" 01-07-26 22:31:54;
StepID "6545";
SampleOrientationMarkType NOTCH;
OrientationMarkLocation DOWN;
DiePitch 200000 200000;
DieOrigin 0 0;
WaferID "07";
Slot 7;
SampleCenterLocation 100000 100000;
ClassLookup 1
  0 "0"  ;
OrientationInstructions "Front";
CoordinatesMirrored No;
InspectionTest 1;
SampleTestPlan 1
  0 0 ;
AreaPerTest 2.73519e+010;
ClusterClassificationList 4
  3 210 
  1 200 
  2 210 
  4 210 ;
DefectRecordSpec 15 DEFECTID XREL YREL XINDEX YINDEX XSIZE YSIZE DEFECTAREA DSIZE CLASSNUMBER TEST CLUSTERNUMBER ROUGHBINNUMBER FINEBINNUMBER REVIEWSAMPLE ;
DefectList
 1 103014.000 98993.000 0 0 0.000 0.000 0.000 0.148 0 1 0 0 0 0
 2 104583.000 101984.000 0 0 0.000 0.000 0.000 0.141 0 1 0 0 0 0
 3 104793.000 97612.000 0 0 0.000 0.000 0.000 0.144 0 1 0 0 0 0
 4 92940.000 104215.000 0 0 0.000 0.000 0.000 0.130 0 1 0 0 0 0
 5 91389.000 102008.000 0 0 0.000 0.000 0.000 0.157 0 1 0 0 0 0
 6 105412.000 106950.000 0 0 0.000 0.000 0.000 0.141 0 1 0 0 0 0
 7 107770.000 104680.000 0 0 0.000 0.000 0.000 0.139 0 1 0 0 0 0
 8 88561.000 100367.000 0 0 0.000 0.000 0.000 0.136 0 1 0 0 0 0
 9 88628.000 104559.000 0 0 0.000 0.000 0.000 0.147 0 1 0 0 0 0
 10 90904.000 108435.000 0 0 0.000 0.000 0.000 0.162 0 1 0 0 0 0
 11 89575.000 92496.000 0 0 0.000 0.000 0.000 0.145 0 1 0 0 0 0
 12 99107.000 112723.000 0 0 0.000 0.000 0.000 0.154 0 1 0 0 0 0
 13 94689.000 87413.000 0 0 0.000 0.000 0.000 0.202 0 1 0 0 0 0
 14 88985.000 108683.000 0 0 0.000 0.000 0.000 0.143 0 1 0 0 0 0
 15 90171.000 110237.000 0 0 0.000 0.000 0.000 0.147 0 1 0 0 0 0
 16 114038.000 98628.000 0 0 0.000 0.000 0.000 0.137 0 1 0 0 0 0
 17 111734.000 90960.000 0 0 0.000 0.000 0.000 0.139 0 1 0 0 0 0
 18 96299.000 85153.000 0 0 0.000 0.000 0.000 0.134 0 1 0 0 0 0
 19 84719.000 97049.000 0 0 0.000 0.000 0.000 0.152 0 1 0 0 0 0
 20 100436.000 84558.000 0 0 0.000 0.000 0.000 0.148 0 1 0 0 0 0
 21 114618.000 95331.000 0 0 0.000 0.000 0.000 0.143 0 1 0 0 0 0
 22 95210.000 84846.000 0 0 0.000 0.000 0.000 0.143 0 1 0 0 0 0
 23 110134.000 112034.000 0 0 0.000 0.000 0.000 0.177 0 1 0 0 0 0
 24 84068.000 96487.000 0 0 0.000 0.000 0.000 0.148 0 1 0 0 0 0
 25 109851.000 112596.000 0 0 0.000 0.000 0.000 0.136 0 1 0 0 0 0
 26 113469.000 108642.000 0 0 0.000 0.000 0.000 0.138 0 1 0 0 0 0
 27 106156.000 84856.000 0 0 0.000 0.000 0.000 0.139 0 1 0 0 0 0
 28 101003.000 116431.000 0 0 0.000 0.000 0.000 0.139 0 1 0 0 0 0
 29 84700.000 92959.000 0 0 0.000 0.000 0.000 0.153 0 1 0 0 0 0
 30 112808.000 88184.000 0 0 0.000 0.000 0.000 0.146 0 1 0 0 0 0
 31 81934.000 103566.000 0 0 0.000 0.000 0.000 0.138 0 1 0 0 0 0
 32 114406.000 88924.000 0 0 0.000 0.000 0.000 0.145 0 1 0 0 0 0
 33 83731.000 90517.000 0 0 0.000 0.000 0.000 0.208 0 1 0 0 0 0
 34 115016.000 88720.000 0 0 0.000 0.000 0.000 0.137 0 1 0 0 0 0
 35 115003.000 88419.000 0 0 0.000 0.000 0.000 0.136 0 1 0 0 0 0
 36 96758.000 119174.000 0 0 0.000 0.000 0.000 0.146 0 1 0 0 0 0
 37 88757.000 116117.000 0 0 0.000 0.000 0.000 0.162 0 1 0 0 0 0
 38 118062.000 91721.000 0 0 0.000 0.000 0.000 0.143 0 1 0 0 0 0
 39 96569.000 79605.000 0 0 0.000 0.000 0.000 0.135 0 1 0 0 0 0
 40 88341.000 82025.000 0 0 0.000 0.000 0.000 0.144 0 1 0 0 0 0
 41 121125.000 100599.000 0 0 0.000 0.000 0.000 0.130 0 1 0 0 0 0
 42 80167.000 108782.000 0 0 0.000 0.000 0.000 0.141 0 1 0 0 0 0
 43 81954.000 87639.000 0 0 0.000 0.000 0.000 0.354 0 1 0 0 0 0
 44 118833.000 88894.000 0 0 0.000 0.000 0.000 0.151 0 1 0 0 0 0
 45 78134.000 106024.000 0 0 0.000 0.000 0.000 0.138 0 1 0 0 0 0
 46 120233.000 109179.000 0 0 0.000 0.000 0.000 0.131 0 1 0 0 0 0
 47 105727.000 121640.000 0 0 0.000 0.000 0.000 0.133 0 1 0 0 0 0
 48 87399.000 118731.000 0 0 0.000 0.000 0.000 0.151 0 1 0 0 0 0
 49 121111.000 92107.000 0 0 0.000 0.000 0.000 0.154 0 1 0 0 0 0
 50 112874.000 80933.000 0 0 0.000 0.000 0.000 0.133 0 1 0 0 0 0
 51 94167.000 122319.000 0 0 0.000 0.000 0.000 0.130 0 1 0 0 0 0
 52 76681.000 98115.000 0 0 0.000 0.000 0.000 0.142 0 1 0 0 0 0
 53 80786.000 86510.000 0 0 0.000 0.000 0.000 0.138 0 1 0 0 0 0
 54 110162.000 79192.000 0 0 0.000 0.000 0.000 0.142 0 1 0 0 0 0
 55 103547.000 76967.000 0 0 0.000 0.000 0.000 0.131 0 1 0 0 0 0
 56 85365.000 118535.000 0 0 0.000 0.000 0.000 0.138 0 1 0 0 0 0
 57 85047.000 81153.000 0 0 0.000 0.000 0.000 0.141 0 1 0 0 0 0
 58 81893.000 115856.000 0 0 0.000 0.000 0.000 0.158 0 1 0 0 0 0
 59 118202.000 115481.000 0 0 0.000 0.000 0.000 0.134 0 1 0 0 0 0
 60 75656.000 100633.000 0 0 0.000 0.000 0.000 0.134 0 1 0 0 0 0
 61 76286.000 106467.000 0 0 0.000 0.000 0.000 0.134 0 1 0 0 0 0
 62 112849.000 120674.000 0 0 0.000 0.000 0.000 0.139 0 1 0 0 0 0
 63 124184.000 97767.000 0 0 0.000 0.000 0.000 0.132 0 1 0 0 0 0
 64 110769.000 77684.000 0 0 0.000 0.000 0.000 0.137 0 1 0 0 0 0
 65 92003.000 76356.000 0 0 0.000 0.000 0.000 0.138 0 1 0 0 0 0
 66 92091.000 76071.000 0 0 0.000 0.000 0.000 0.175 0 1 0 0 0 0
 67 95612.000 75118.000 0 0 0.000 0.000 0.000 0.144 0 1 0 0 0 0
 68 79897.000 115496.000 0 0 0.000 0.000 0.000 0.147 0 1 0 0 0 0
 69 100644.000 74501.000 0 0 0.000 0.000 0.000 0.136 0 1 0 0 0 0
 70 93768.000 124796.000 0 0 0.000 0.000 0.000 0.136 0 1 0 0 0 0
 71 116312.000 80356.000 0 0 0.000 0.000 0.000 0.134 0 1 0 0 0 0
 72 96967.000 125489.000 0 0 0.000 0.000 0.000 0.145 0 1 0 0 0 0
 73 87736.000 122990.000 0 0 0.000 0.000 0.000 0.165 0 1 0 0 0 0
 74 90698.000 124843.000 0 0 0.000 0.000 0.000 0.135 0 1 0 0 0 0
 75 93486.000 125723.000 0 0 0.000 0.000 0.000 0.167 0 1 0 0 0 0
 76 124920.000 89198.000 0 0 0.000 0.000 0.000 0.139 0 1 0 0 0 0
 77 126340.000 106175.000 0 0 0.000 0.000 0.000 0.143 0 1 0 0 0 0
 78 117903.000 79258.000 0 0 0.000 0.000 0.000 0.137 0 1 0 0 0 0
 79 126877.000 95129.000 0 0 0.000 0.000 0.000 0.131 0 1 0 0 0 0
 80 75768.000 85899.000 0 0 0.000 0.000 0.000 0.153 0 1 0 0 0 0
 81 123613.000 84937.000 0 0 0.000 0.000 0.000 0.150 0 1 0 0 0 0
 82 71897.000 106335.000 0 0 0.000 0.000 0.000 0.135 0 1 0 0 0 0
 83 108631.000 72710.000 0 0 0.000 0.000 0.000 0.131 0 1 0 0 0 0
 84 109650.000 73053.000 0 0 0.000 0.000 0.000 0.132 0 1 0 0 0 0
 85 121270.000 81111.000 0 0 0.000 0.000 0.000 0.164 0 1 0 0 0 0
 86 126708.000 111273.000 0 0 0.000 0.000 0.000 0.136 0 1 0 0 0 0
 87 85588.000 125895.000 0 0 0.000 0.000 0.000 0.145 0 1 0 0 0 0
 88 71009.000 92553.000 0 0 0.000 0.000 0.000 0.151 0 1 0 0 0 0
 89 85969.000 73615.000 0 0 0.000 0.000 0.000 0.146 0 1 0 0 0 0
 90 127766.000 88915.000 0 0 0.000 0.000 0.000 0.131 0 1 0 0 0 0
 91 98916.000 69689.000 0 0 0.000 0.000 0.000 0.137 0 1 0 0 0 0
 92 108390.000 128964.000 0 0 0.000 0.000 0.000 0.170 0 1 0 0 0 0
 93 70098.000 92615.000 0 0 0.000 0.000 0.000 0.164 0 1 0 0 0 0
 94 129557.000 107216.000 0 0 0.000 0.000 0.000 0.149 0 1 0 0 0 0
 95 129652.000 107426.000 0 0 0.000 0.000 0.000 0.140 0 1 0 0 0 0
 96 112537.000 71689.000 0 0 0.000 0.000 0.000 0.144 0 1 0 0 0 0
 97 108567.000 70030.000 0 0 0.000 0.000 0.000 0.134 0 1 0 0 0 0
 98 124525.000 80819.000 0 0 0.000 0.000 0.000 0.143 0 1 0 0 0 0
 99 130048.000 107369.000 0 0 0.000 0.000 0.000 0.168 0 1 0 0 0 0
 100 105967.000 130775.000 0 0 0.000 0.000 0.000 0.136 0 1 0 0 0 0
 101 68367.000 97674.000 0 0 0.000 0.000 0.000 0.140 0 1 0 0 0 0
 102 89651.000 130223.000 0 0 0.000 0.000 0.000 0.172 0 1 0 0 0 0
 103 118658.000 125769.000 0 0 0.000 0.000 0.000 0.134 0 1 0 0 0 0
 104 69970.000 112891.000 0 0 0.000 0.000 0.000 0.164 0 1 0 0 0 0
 105 84182.000 128628.000 0 0 0.000 0.000 0.000 0.136 0 1 0 0 0 0
 106 80140.000 126062.000 0 0 0.000 0.000 0.000 0.139 0 1 0 0 0 0
 107 84756.000 129131.000 0 0 0.000 0.000 0.000 0.149 0 1 0 0 0 0
 108 125766.000 79852.000 0 0 0.000 0.000 0.000 0.140 0 1 0 0 0 0
 109 90227.000 131466.000 0 0 0.000 0.000 0.000 0.144 0 1 0 0 0 0
 110 73971.000 78373.000 0 0 0.000 0.000 0.000 0.136 0 1 0 0 0 0
 111 80058.000 127130.000 0 0 0.000 0.000 0.000 0.145 0 1 0 0 0 0
 112 86674.000 68942.000 0 0 0.000 0.000 0.000 0.135 0 1 0 0 0 0
 113 127007.000 79893.000 0 0 0.000 0.000 0.000 0.153 0 1 0 0 0 0
 114 65695.000 103094.000 0 0 0.000 0.000 0.000 0.154 0 1 0 0 0 0
 115 67189.000 89471.000 0 0 0.000 0.000 0.000 0.149 0 1 0 0 0 0
 116 65438.000 98858.000 0 0 0.000 0.000 0.000 0.139 0 1 0 0 0 0
 117 112677.000 131971.000 0 0 0.000 0.000 0.000 0.150 0 1 0 0 0 0
 118 68318.000 115088.000 0 0 0.000 0.000 0.000 0.134 0 1 0 0 0 0
 119 70317.000 81117.000 0 0 0.000 0.000 0.000 0.132 0 1 0 0 0 0
 120 123375.000 74095.000 0 0 0.000 0.000 0.000 0.146 0 1 0 0 0 0
 121 83064.000 130646.000 0 0 0.000 0.000 0.000 0.147 0 1 0 0 0 0
 122 70033.000 81315.000 0 0 0.000 0.000 0.000 0.137 0 1 0 0 0 0
 123 85821.000 67731.000 0 0 0.000 0.000 0.000 0.148 0 1 0 0 0 0
 124 128194.000 79286.000 0 0 0.000 0.000 0.000 0.148 0 1 0 0 0 0
 125 129814.000 81850.000 0 0 0.000 0.000 0.000 0.149 0 1 0 0 0 0
 126 71268.000 120782.000 0 0 0.000 0.000 0.000 0.137 0 1 0 0 0 0
 127 134038.000 90960.000 0 0 0.000 0.000 0.000 0.168 0 1 0 0 0 0
 128 71467.000 78562.000 0 0 0.000 0.000 0.000 0.164 0 1 0 0 0 0
 129 69753.000 119451.000 0 0 0.000 0.000 0.000 0.157 0 1 0 0 0 0
 130 88473.000 134060.000 0 0 0.000 0.000 0.000 0.130 0 1 0 0 0 0
 131 135830.000 104547.000 0 0 0.000 0.000 0.000 0.137 0 1 0 0 0 0
 132 120064.000 130100.000 0 0 0.000 0.000 0.000 0.149 0 1 0 0 0 0
 133 65472.000 87733.000 0 0 0.000 0.000 0.000 0.139 0 1 0 0 0 0
 134 120622.000 70006.000 0 0 0.000 0.000 0.000 0.139 0 1 0 0 0 0
 135 95336.000 136145.000 0 0 0.000 0.000 0.000 0.130 0 1 0 0 0 0
 136 116219.000 67374.000 0 0 0.000 0.000 0.000 0.168 0 1 0 0 0 0
 137 129005.000 77161.000 0 0 0.000 0.000 0.000 0.138 0 1 0 0 0 0
 138 70231.000 77398.000 0 0 0.000 0.000 0.000 0.145 0 1 0 0 0 0
 139 134610.000 113224.000 0 0 0.000 0.000 0.000 0.150 0 1 0 0 0 0
 140 90816.000 136229.000 0 0 0.000 0.000 0.000 0.237 0 1 0 0 0 0
 141 64001.000 111080.000 0 0 0.000 0.000 0.000 0.134 0 1 0 0 0 0
 142 81585.000 132855.000 0 0 0.000 0.000 0.000 0.152 0 1 0 0 0 0
 143 72516.000 73524.000 0 0 0.000 0.000 0.000 0.227 0 1 0 0 0 0
 144 106582.000 62519.000 0 0 0.000 0.000 0.000 0.147 0 1 0 0 0 0
 145 98129.000 138020.000 0 0 0.000 0.000 0.000 0.138 0 1 0 0 0 0
 146 85037.000 135066.000 0 0 0.000 0.000 0.000 0.140 0 1 0 0 0 0
 147 137447.000 92684.000 0 0 0.000 0.000 0.000 0.156 0 1 0 0 0 0
 148 114315.000 135502.000 0 0 0.000 0.000 0.000 0.135 0 1 0 0 0 0
 149 68477.000 122275.000 0 0 0.000 0.000 0.000 0.141 0 1 0 0 0 0
 150 138213.000 106065.000 0 0 0.000 0.000 0.000 0.132 0 1 0 0 0 0
 151 66667.000 120761.000 0 0 0.000 0.000 0.000 0.172 0 1 0 0 0 0
 152 81527.000 134702.000 0 0 0.000 0.000 0.000 0.133 0 1 0 0 0 0
 153 71109.000 126722.000 0 0 0.000 0.000 0.000 0.154 0 1 0 0 0 0
 154 101888.000 139427.000 0 0 0.000 0.000 0.000 0.137 0 1 0 0 0 0
 155 107940.000 138757.000 0 0 0.000 0.000 0.000 0.145 0 1 0 0 0 0
 156 127248.000 70581.000 0 0 0.000 0.000 0.000 0.131 0 1 0 0 0 0
 157 64191.000 80938.000 0 0 0.000 0.000 0.000 0.149 0 1 0 0 0 0
 158 140021.000 96285.000 0 0 0.000 0.000 0.000 0.150 0 1 0 0 0 0
 159 137153.000 115259.000 0 0 0.000 0.000 0.000 0.150 0 1 0 0 0 0
 160 128487.000 130036.000 0 0 0.000 0.000 0.000 0.137 0 1 0 0 0 0
 161 61017.000 84379.000 0 0 0.000 0.000 0.000 0.133 0 1 0 0 0 0
 162 60705.000 84538.000 0 0 0.000 0.000 0.000 0.144 0 1 0 0 0 0
 163 96180.000 57903.000 0 0 0.000 0.000 0.000 0.168 0 1 0 0 0 0
 164 58758.000 110844.000 0 0 0.000 0.000 0.000 0.140 0 1 0 0 0 0
 165 88319.000 59121.000 0 0 0.000 0.000 0.000 0.135 0 1 0 0 0 0
 166 72083.000 132575.000 0 0 0.000 0.000 0.000 0.151 0 1 0 0 0 0
 167 85156.000 58981.000 0 0 0.000 0.000 0.000 0.141 0 1 0 0 0 0
 168 139540.000 82519.000 0 0 0.000 0.000 0.000 0.136 0 1 0 0 0 0
 169 56265.000 102731.000 0 0 0.000 0.000 0.000 0.140 0 1 0 0 0 0
 170 80325.000 139054.000 0 0 0.000 0.000 0.000 0.138 0 1 0 0 0 0
 171 78252.000 61857.000 0 0 0.000 0.000 0.000 0.141 0 1 0 0 0 0
 172 67329.000 129504.000 0 0 0.000 0.000 0.000 0.142 0 1 0 0 0 0
 173 142854.000 108789.000 0 0 0.000 0.000 0.000 0.137 0 1 0 0 0 0
 174 91644.000 56465.000 0 0 0.000 0.000 0.000 0.146 0 1 0 0 0 0
 175 109906.000 143035.000 0 0 0.000 0.000 0.000 0.132 0 1 0 0 0 0
 176 108743.000 143291.000 0 0 0.000 0.000 0.000 0.140 0 1 0 0 0 0
 177 60423.000 120891.000 0 0 0.000 0.000 0.000 0.141 0 1 0 0 0 0
 178 56228.000 109195.000 0 0 0.000 0.000 0.000 0.140 0 1 0 0 0 0
 179 144408.000 102947.000 0 0 0.000 0.000 0.000 0.135 0 1 0 0 0 0
 180 57471.000 84877.000 0 0 0.000 0.000 0.000 0.143 0 1 0 0 0 0
 181 140993.000 82324.000 0 0 0.000 0.000 0.000 0.130 0 1 0 0 0 0
 182 144570.000 96569.000 0 0 0.000 0.000 0.000 0.158 0 1 0 0 0 0
 183 82053.000 58350.000 0 0 0.000 0.000 0.000 0.155 0 1 0 0 0 0
 184 96423.000 54572.000 0 0 0.000 0.000 0.000 0.132 0 1 0 0 0 0
 185 100984.000 54541.000 0 0 0.000 0.000 0.000 0.130 0 1 0 0 0 0
 186 67483.000 132270.000 0 0 0.000 0.000 0.000 0.139 0 1 0 0 0 0
 187 73303.000 62545.000 0 0 0.000 0.000 0.000 0.144 0 1 0 0 0 0
 188 144955.000 107563.000 0 0 0.000 0.000 0.000 0.135 0 1 0 0 0 0
 189 55414.000 87681.000 0 0 0.000 0.000 0.000 0.132 0 1 0 0 0 0
 190 129512.000 135312.000 0 0 0.000 0.000 0.000 0.135 0 1 0 0 0 0
 191 63864.000 129098.000 0 0 0.000 0.000 0.000 0.133 0 1 0 0 0 0
 192 53502.000 103256.000 0 0 0.000 0.000 0.000 0.138 0 1 0 0 0 0
 193 61308.000 73980.000 0 0 0.000 0.000 0.000 0.155 0 1 0 0 0 0
 194 146167.000 99655.000 0 0 0.000 0.000 0.000 0.155 0 1 0 0 0 0
 195 109938.000 145354.000 0 0 0.000 0.000 0.000 0.157 0 1 0 0 0 0
 196 146194.000 104403.000 0 0 0.000 0.000 0.000 0.133 0 1 0 0 0 0
 197 108634.000 54048.000 0 0 0.000 0.000 0.000 0.163 0 1 0 0 0 0
 198 146668.000 100180.000 0 0 0.000 0.000 0.000 0.136 0 1 0 0 0 0
 199 128787.000 62445.000 0 0 0.000 0.000 0.000 0.136 0 1 0 0 0 0
 200 146573.000 106916.000 0 0 0.000 0.000 0.000 0.130 0 1 0 0 0 0
 201 76427.000 141247.000 0 0 0.000 0.000 0.000 0.141 0 1 0 0 0 0
 202 53848.000 112087.000 0 0 0.000 0.000 0.000 0.150 0 1 0 0 0 0
 203 63329.000 130514.000 0 0 0.000 0.000 0.000 0.135 0 1 0 0 0 0
 204 74562.000 59330.000 0 0 0.000 0.000 0.000 0.132 0 1 0 0 0 0
 205 60511.000 127512.000 0 0 0.000 0.000 0.000 0.136 0 1 0 0 0 0
 206 138631.000 71462.000 0 0 0.000 0.000 0.000 0.137 0 1 0 0 0 0
 207 68995.000 62583.000 0 0 0.000 0.000 0.000 0.146 0 1 0 0 0 0
 208 96166.000 51827.000 0 0 0.000 0.000 0.000 0.133 0 1 0 0 0 0
 209 51151.000 96127.000 0 0 0.000 0.000 0.000 0.130 0 1 0 0 0 0
 210 96200.000 51179.000 0 0 0.000 0.000 0.000 0.136 0 1 0 0 0 0
 211 60913.000 70003.000 0 0 0.000 0.000 0.000 0.134 0 1 0 0 0 0
 212 50870.000 104076.000 0 0 0.000 0.000 0.000 0.159 0 1 0 0 0 0
 213 83886.000 53412.000 0 0 0.000 0.000 0.000 0.149 0 1 0 0 0 0
 214 107124.000 51418.000 0 0 0.000 0.000 0.000 0.162 0 1 0 0 0 0
 215 136574.000 67228.000 0 0 0.000 0.000 0.000 0.140 0 1 0 0 0 0
 216 149021.000 100717.000 0 0 0.000 0.000 0.000 0.146 0 1 0 0 0 0
 217 132770.000 136533.000 0 0 0.000 0.000 0.000 0.138 0 1 0 0 0 0
 218 142672.000 75341.000 0 0 0.000 0.000 0.000 0.147 0 1 0 0 0 0
 219 120748.000 144705.000 0 0 0.000 0.000 0.000 0.141 0 1 0 0 0 0
 220 125194.000 142644.000 0 0 0.000 0.000 0.000 0.138 0 1 0 0 0 0
 221 148474.000 90171.000 0 0 0.000 0.000 0.000 0.142 0 1 0 0 0 0
 222 98304.000 150269.000 0 0 0.000 0.000 0.000 0.144 0 1 0 0 0 0
 223 104685.000 49868.000 0 0 0.000 0.000 0.000 0.142 0 1 0 0 0 0
 224 123919.000 55443.000 0 0 0.000 0.000 0.000 0.142 0 1 0 0 0 0
 225 49560.000 106414.000 0 0 0.000 0.000 0.000 0.152 0 1 0 0 0 0
 226 104049.000 150755.000 0 0 0.000 0.000 0.000 0.154 0 1 0 0 0 0
 227 58602.000 129918.000 0 0 0.000 0.000 0.000 0.154 0 1 0 0 0 0
 228 55992.000 73292.000 0 0 0.000 0.000 0.000 0.133 0 1 0 0 0 0
 229 58815.000 68952.000 0 0 0.000 0.000 0.000 0.130 0 1 0 0 0 0
 230 114145.000 50493.000 0 0 0.000 0.000 0.000 0.138 0 1 0 0 0 0
 231 151487.000 100628.000 0 0 0.000 0.000 0.000 0.142 0 1 0 0 0 0
 232 80355.000 147979.000 0 0 0.000 0.000 0.000 0.134 0 1 0 0 0 0
 233 63629.000 137084.000 0 0 0.000 0.000 0.000 0.135 0 1 0 0 0 0
 234 76321.000 53608.000 0 0 0.000 0.000 0.000 0.130 0 1 0 0 0 0
 235 47700.000 93631.000 0 0 0.000 0.000 0.000 0.131 0 1 0 0 0 0
 236 112060.000 48874.000 0 0 0.000 0.000 0.000 0.139 0 1 0 0 0 0
 237 127608.000 55584.000 0 0 0.000 0.000 0.000 0.134 0 1 0 0 0 0
 238 54366.000 126512.000 0 0 0.000 0.000 0.000 0.134 0 1 0 0 0 0
 239 52435.000 122809.000 0 0 0.000 0.000 0.000 0.130 0 1 0 0 0 0
 240 76521.000 52757.000 0 0 0.000 0.000 0.000 0.140 0 1 0 0 0 0
 241 102925.000 47325.000 0 0 0.000 0.000 0.000 0.131 0 1 0 0 0 0
 242 151328.000 112232.000 0 0 0.000 0.000 0.000 0.136 0 1 0 0 0 0
 243 57933.000 132518.000 0 0 0.000 0.000 0.000 0.140 0 1 0 0 0 0
 244 48055.000 88072.000 0 0 0.000 0.000 0.000 0.164 0 1 0 0 0 0
 245 60506.000 135963.000 0 0 0.000 0.000 0.000 0.142 0 1 0 0 0 0
 246 60338.000 63783.000 0 0 0.000 0.000 0.000 0.147 0 1 0 0 0 0
 247 113916.000 48145.000 0 0 0.000 0.000 0.000 0.132 0 1 0 0 0 0
 248 111366.000 47205.000 0 0 0.000 0.000 0.000 0.146 0 1 0 0 0 0
 249 55090.000 130395.000 0 0 0.000 0.000 0.000 0.134 0 1 0 0 0 0
 250 74696.000 51926.000 0 0 0.000 0.000 0.000 0.144 0 1 0 0 0 0
 251 153671.000 91537.000 0 0 0.000 0.000 0.000 0.150 0 1 0 0 0 0
 252 146058.000 70486.000 0 0 0.000 0.000 0.000 0.159 0 1 0 0 0 0
 253 77047.000 49644.000 0 0 0.000 0.000 0.000 0.136 0 1 0 0 0 0
 254 88256.000 45665.000 0 0 0.000 0.000 0.000 0.136 0 1 0 0 0 0
 255 125463.000 50506.000 0 0 0.000 0.000 0.000 0.201 0 1 0 0 0 0
 256 154372.000 88563.000 0 0 0.000 0.000 0.000 0.142 0 1 0 0 0 0
 257 107199.000 155252.000 0 0 0.000 0.000 0.000 0.149 0 1 0 0 0 0
 258 45220.000 112500.000 0 0 0.000 0.000 0.000 0.135 0 1 0 0 0 0
 259 66265.000 55101.000 0 0 0.000 0.000 0.000 0.149 0 1 0 0 0 0
 260 137999.000 140938.000 0 0 0.000 0.000 0.000 0.147 0 1 0 0 0 0
 261 71846.000 148642.000 0 0 0.000 0.000 0.000 0.147 0 1 0 0 0 0
 262 128138.000 149116.000 0 0 0.000 0.000 0.000 0.142 0 1 0 0 0 0
 263 68138.000 52737.000 0 0 0.000 0.000 0.000 0.137 0 1 0 0 0 0
 264 112816.000 44646.000 0 0 0.000 0.000 0.000 0.149 0 1 0 0 0 0
 265 154432.000 83096.000 0 0 0.000 0.000 0.000 0.146 0 1 0 0 0 0
 266 113849.000 44336.000 0 0 0.000 0.000 0.000 0.134 0 1 0 0 0 0
 267 112063.000 156008.000 0 0 0.000 0.000 0.000 0.133 0 1 0 0 0 0
 268 124874.000 47761.000 0 0 0.000 0.000 0.000 0.131 0 1 0 0 0 0
 269 131261.000 50942.000 0 0 0.000 0.000 0.000 0.152 0 1 0 0 0 0
 270 157668.000 93357.000 0 0 0.000 0.000 0.000 0.135 0 1 0 0 0 0
 271 48935.000 128848.000 0 0 0.000 0.000 0.000 0.131 0 1 0 0 0 0
 272 55208.000 62075.000 0 0 0.000 0.000 0.000 0.151 0 1 0 0 0 0
 273 79215.000 45102.000 0 0 0.000 0.000 0.000 0.142 0 1 0 0 0 0
 274 42415.000 112249.000 0 0 0.000 0.000 0.000 0.130 0 1 0 0 0 0
 275 158837.000 101910.000 0 0 0.000 0.000 0.000 0.159 0 1 0 0 0 0
 276 75328.000 45958.000 0 0 0.000 0.000 0.000 0.149 0 1 0 0 0 0
 277 149936.000 68460.000 0 0 0.000 0.000 0.000 0.132 0 1 0 0 0 0
 278 152560.000 72803.000 0 0 0.000 0.000 0.000 0.136 0 1 0 0 0 0
 279 149065.000 133200.000 0 0 0.000 0.000 0.000 0.145 0 1 0 0 0 0
 280 111236.000 158380.000 0 0 0.000 0.000 0.000 0.142 0 1 0 0 0 0
 281 155995.000 80119.000 0 0 0.000 0.000 0.000 0.156 0 1 0 0 0 0
 282 148218.000 134676.000 0 0 0.000 0.000 0.000 0.131 0 1 0 0 0 0
 283 88508.000 158426.000 0 0 0.000 0.000 0.000 0.213 0 1 0 0 0 0
 284 158171.000 87477.000 0 0 0.000 0.000 0.000 0.133 0 1 0 0 0 0
 285 91491.000 159203.000 0 0 0.000 0.000 0.000 0.153 0 1 0 0 0 0
 286 43166.000 119632.000 0 0 0.000 0.000 0.000 0.135 0 1 0 0 0 0
 287 41472.000 113576.000 0 0 0.000 0.000 0.000 0.151 0 1 0 0 0 0
 288 48745.000 67990.000 0 0 0.000 0.000 0.000 0.131 0 1 0 0 0 0
 289 39549.000 105157.000 0 0 0.000 0.000 0.000 0.143 0 1 0 0 0 0
 290 137770.000 146887.000 0 0 0.000 0.000 0.000 0.130 0 1 0 0 0 0
 291 63192.000 51277.000 0 0 0.000 0.000 0.000 0.142 0 1 0 0 0 0
 292 153230.000 129306.000 0 0 0.000 0.000 0.000 0.140 0 1 0 0 0 0
 293 119889.000 157407.000 0 0 0.000 0.000 0.000 0.151 0 1 0 0 0 0
 294 68132.000 47669.000 0 0 0.000 0.000 0.000 0.135 0 1 0 0 0 0
 295 138747.000 147142.000 0 0 0.000 0.000 0.000 0.141 0 1 0 0 0 0
 296 64449.000 150566.000 0 0 0.000 0.000 0.000 0.155 0 1 0 0 0 0
 297 97252.000 161678.000 0 0 0.000 0.000 0.000 0.147 0 1 0 0 0 0
 298 57671.000 145557.000 0 0 0.000 0.000 0.000 0.131 0 1 0 0 0 0
 299 87160.000 39147.000 0 0 0.000 0.000 0.000 0.136 0 1 0 0 0 0
 300 133975.000 48177.000 0 0 0.000 0.000 0.000 0.134 0 1 0 0 0 0
 301 113504.000 160583.000 0 0 0.000 0.000 0.000 0.131 0 1 0 0 0 0
 302 43619.000 72282.000 0 0 0.000 0.000 0.000 0.130 0 1 0 0 0 0
 303 70342.000 44607.000 0 0 0.000 0.000 0.000 0.136 0 1 0 0 0 0
 304 159116.000 78747.000 0 0 0.000 0.000 0.000 0.146 0 1 0 0 0 0
 305 162899.000 96294.000 0 0 0.000 0.000 0.000 0.137 0 1 0 0 0 0
 306 68727.000 155056.000 0 0 0.000 0.000 0.000 0.142 0 1 0 0 0 0
 307 38887.000 82494.000 0 0 0.000 0.000 0.000 0.132 0 1 0 0 0 0
 308 144786.000 55450.000 0 0 0.000 0.000 0.000 0.130 0 1 0 0 0 0
 309 162298.000 88203.000 0 0 0.000 0.000 0.000 0.133 0 1 0 0 0 0
 310 149643.000 139669.000 0 0 0.000 0.000 0.000 0.131 0 1 0 0 0 0
 311 72259.000 157566.000 0 0 0.000 0.000 0.000 0.145 0 1 0 0 0 0
 312 67963.000 44397.000 0 0 0.000 0.000 0.000 0.144 0 1 0 0 0 0
 313 159138.000 123860.000 0 0 0.000 0.000 0.000 0.161 0 1 0 0 0 0
 314 128916.000 42515.000 0 0 0.000 0.000 0.000 0.143 0 1 0 0 0 0
 315 164163.000 102568.000 0 0 0.000 0.000 0.000 0.203 0 1 0 0 0 0
 316 150261.000 58679.000 0 0 0.000 0.000 0.000 0.136 0 1 0 0 0 0
 317 49197.000 58412.000 0 0 0.000 0.000 0.000 0.135 0 1 0 0 0 0
 318 111294.000 164520.000 0 0 0.000 0.000 0.000 0.138 0 1 0 0 0 0
 319 128042.000 159176.000 0 0 0.000 0.000 0.000 0.132 0 1 0 0 0 0
 320 54482.000 52095.000 0 0 0.000 0.000 0.000 0.146 0 1 0 0 0 0
 321 55570.000 148766.000 0 0 0.000 0.000 0.000 0.151 0 1 0 0 0 0
 322 43859.000 64739.000 0 0 0.000 0.000 0.000 0.132 0 1 0 0 0 0
 323 135584.000 44499.000 0 0 0.000 0.000 0.000 0.155 0 1 0 0 0 0
 324 103852.000 165944.000 0 0 0.000 0.000 0.000 0.147 0 1 0 0 0 0
 325 166209.000 94817.000 0 0 0.000 0.000 0.000 0.170 0 1 0 0 0 0
 326 60694.000 154527.000 0 0 0.000 0.000 0.000 0.136 0 1 0 0 0 0
 327 50216.000 145089.000 0 0 0.000 0.000 0.000 0.158 0 1 0 0 0 0
 328 105425.000 32841.000 0 0 0.000 0.000 0.000 0.145 0 1 0 0 0 0
 329 58379.000 153228.000 0 0 0.000 0.000 0.000 0.131 0 1 0 0 0 0
 330 140549.000 46004.000 0 0 0.000 0.000 0.000 0.145 0 1 0 0 0 0
 331 60951.000 155581.000 0 0 0.000 0.000 0.000 0.137 0 1 0 0 0 0
 332 55142.000 48366.000 0 0 0.000 0.000 0.000 0.147 0 1 0 0 0 0
 333 79567.000 166667.000 0 0 0.000 0.000 0.000 0.140 0 1 0 0 0 0
 334 43719.000 141673.000 0 0 0.000 0.000 0.000 0.130 0 1 0 0 0 0
 335 30506.000 108506.000 0 0 0.000 0.000 0.000 0.131 0 1 0 0 0 0
 336 105745.000 169612.000 0 0 0.000 0.000 0.000 0.151 0 1 0 0 0 0
 337 89959.000 30554.000 0 0 0.000 0.000 0.000 0.133 0 1 0 0 0 0
 338 30718.000 112625.000 0 0 0.000 0.000 0.000 0.136 0 1 0 0 0 0
 339 73350.000 34700.000 0 0 0.000 0.000 0.000 0.147 0 1 0 0 0 0
 340 157961.000 59823.000 0 0 0.000 0.000 0.000 0.132 0 1 0 0 0 0
 341 152708.000 52803.000 0 0 0.000 0.000 0.000 0.139 0 1 0 0 0 0
 342 168024.000 80711.000 0 0 0.000 0.000 0.000 0.137 0 1 0 0 0 0
 343 129351.000 35536.000 0 0 0.000 0.000 0.000 0.167 0 1 0 0 0 0
 344 99792.000 28502.000 0 0 0.000 0.000 0.000 0.133 0 1 0 0 0 0
 345 149285.000 48247.000 0 0 0.000 0.000 0.000 0.132 0 1 0 0 0 0
 346 70651.000 165639.000 0 0 0.000 0.000 0.000 0.148 0 1 0 0 0 0
 347 30070.000 81282.000 0 0 0.000 0.000 0.000 0.134 0 1 0 0 0 0
 348 166306.000 72119.000 0 0 0.000 0.000 0.000 0.131 0 1 0 0 0 0
 349 30236.000 80157.000 0 0 0.000 0.000 0.000 0.130 0 1 0 0 0 0
 350 71761.000 33090.000 0 0 0.000 0.000 0.000 0.136 0 1 0 0 0 0
 351 77499.000 169134.000 0 0 0.000 0.000 0.000 0.133 0 1 0 0 0 0
 352 42677.000 54818.000 0 0 0.000 0.000 0.000 0.142 0 1 0 0 0 0
 353 134032.000 35543.000 0 0 0.000 0.000 0.000 0.131 0 1 0 0 0 0
 354 153158.000 50001.000 0 0 0.000 0.000 0.000 0.137 0 1 0 0 0 0
 355 141638.000 159802.000 0 0 0.000 0.000 0.000 0.148 0 1 0 0 0 0
 356 98006.000 173000.000 0 0 0.000 0.000 0.000 0.134 0 1 0 0 0 0
 357 171184.000 116214.000 0 0 0.000 0.000 0.000 0.131 0 1 0 0 0 0
 358 159440.000 142696.000 0 0 0.000 0.000 0.000 0.140 0 1 0 0 0 0
 359 76683.000 169760.000 0 0 0.000 0.000 0.000 0.143 0 1 0 0 0 0
 360 76577.000 169718.000 0 0 0.000 0.000 0.000 0.144 0 1 0 0 0 0
 361 42399.000 146304.000 0 0 0.000 0.000 0.000 0.132 0 1 0 0 0 0
 362 75351.000 30155.000 0 0 0.000 0.000 0.000 200000.000 0 1 0 200 0 0
 363 127065.000 168799.000 0 0 0.000 0.000 0.000 0.143 0 1 0 0 0 0
 364 171571.000 80690.000 0 0 0.000 0.000 0.000 0.134 0 1 0 0 0 0
 365 115096.000 172747.000 0 0 0.000 0.000 0.000 0.135 0 1 0 0 0 0
 366 128344.000 31172.000 0 0 0.000 0.000 0.000 0.156 0 1 0 0 0 0
 367 28243.000 121053.000 0 0 0.000 0.000 0.000 0.132 0 1 0 0 0 0
 368 28166.000 78559.000 0 0 0.000 0.000 0.000 0.150 0 1 0 0 0 0
 369 122657.000 28730.000 0 0 0.000 0.000 0.000 0.141 0 1 0 0 0 0
 370 26543.000 84143.000 0 0 0.000 0.000 0.000 0.138 0 1 0 0 0 0
 371 158495.000 146849.000 0 0 0.000 0.000 0.000 0.135 0 1 0 0 0 0
 372 28230.000 76219.000 0 0 0.000 0.000 0.000 0.140 0 1 0 0 0 0
 373 167218.000 133532.000 0 0 0.000 0.000 0.000 0.136 0 1 0 0 0 0
 374 162907.000 141398.000 0 0 0.000 0.000 0.000 0.133 0 1 0 0 0 0
 375 77427.000 172282.000 0 0 0.000 0.000 0.000 0.136 0 1 0 0 0 0
 376 152661.000 45615.000 0 0 0.000 0.000 0.000 0.140 0 1 0 0 0 0
 377 158341.000 148155.000 0 0 0.000 0.000 0.000 0.130 0 1 0 0 0 0
 378 146142.000 160171.000 0 0 0.000 0.000 0.000 0.133 0 1 0 0 0 0
 379 154139.000 153412.000 0 0 0.000 0.000 0.000 0.140 0 1 0 0 0 0
 380 63242.000 166920.000 0 0 0.000 0.000 0.000 0.144 0 1 0 0 0 0
 381 133703.000 31353.000 0 0 0.000 0.000 0.000 0.134 0 1 0 0 0 0
 382 91897.000 176143.000 0 0 0.000 0.000 0.000 0.152 0 1 0 0 0 0
 383 145535.000 38326.000 0 0 0.000 0.000 0.000 0.145 0 1 0 0 0 0
 384 38537.000 146334.000 0 0 0.000 0.000 0.000 0.144 0 1 0 0 0 0
 385 23327.000 109678.000 0 0 0.000 0.000 0.000 0.146 0 1 0 0 0 0
 386 172321.000 129019.000 0 0 0.000 0.000 0.000 0.137 0 1 0 0 0 0
 387 21685.000 94456.000 0 0 0.000 0.000 0.000 0.132 0 1 0 0 0 0
 388 21703.000 107622.000 0 0 0.000 0.000 0.000 0.141 0 1 0 0 0 0
 389 97620.000 21307.000 0 0 0.000 0.000 0.000 0.147 0 1 0 0 0 0
 390 124707.000 25515.000 0 0 0.000 0.000 0.000 0.130 0 1 0 0 0 0
 391 131108.000 172311.000 0 0 0.000 0.000 0.000 0.132 0 1 0 0 0 0
 392 161400.000 50762.000 0 0 0.000 0.000 0.000 0.156 0 1 0 0 0 0
 393 20304.000 106408.000 0 0 0.000 0.000 0.000 0.134 0 1 0 0 0 0
 394 179194.000 109735.000 0 0 0.000 0.000 0.000 0.134 0 1 0 0 0 0
 395 100184.000 180086.000 0 0 0.000 0.000 0.000 0.130 0 1 0 0 0 0
 396 46587.000 39441.000 0 0 0.000 0.000 0.000 0.146 0 1 0 0 0 0
 397 26201.000 133316.000 0 0 0.000 0.000 0.000 0.148 0 1 0 0 0 0
 398 117213.000 179431.000 0 0 0.000 0.000 0.000 0.214 0 1 0 0 0 0
 399 72551.000 176734.000 0 0 0.000 0.000 0.000 0.143 0 1 0 0 0 0
 400 168499.000 144180.000 0 0 0.000 0.000 0.000 0.151 0 1 0 0 0 0
 401 18199.000 105188.000 0 0 0.000 0.000 0.000 0.156 0 1 0 0 0 0
 402 25218.000 134281.000 0 0 0.000 0.000 0.000 0.148 0 1 0 0 0 0
 403 99084.000 17423.000 0 0 0.000 0.000 0.000 0.139 0 1 0 0 0 0
 404 179548.000 78223.000 0 0 0.000 0.000 0.000 0.142 0 1 0 0 0 0
 405 44902.000 162443.000 0 0 0.000 0.000 0.000 0.236 0 1 0 0 0 0
 406 44930.000 162745.000 0 0 0.000 0.000 0.000 0.232 0 1 0 0 0 0
 407 44928.000 162814.000 0 0 0.000 0.000 0.000 0.205 0 1 0 0 0 0
 408 70336.000 178290.000 0 0 0.000 0.000 0.000 0.138 0 1 0 0 0 0
 409 45015.000 163050.000 0 0 0.000 0.000 0.000 0.267 0 1 0 0 0 0
 410 64254.000 24306.000 0 0 0.000 0.000 0.000 0.175 0 1 0 0 0 0
 411 70894.000 178984.000 0 0 0.000 0.000 0.000 0.132 0 1 0 0 0 0
 412 45645.000 164560.000 0 0 0.000 0.000 0.000 0.229 0 1 0 0 0 0
 413 66661.000 177828.000 0 0 0.000 0.000 0.000 0.258 0 1 0 0 0 0
 414 46125.000 165353.000 0 0 0.000 0.000 0.000 0.213 0 1 0 0 0 0
 415 122134.000 18003.000 0 0 0.000 0.000 0.000 0.133 0 1 0 0 0 0
 416 76411.000 181522.000 0 0 36.000 56.000 2016.000 44.899 0 1 3 210 0 0
 417 36360.000 156829.000 0 0 0.000 0.000 0.000 0.150 0 1 0 0 0 0
 418 46817.000 167134.000 0 0 0.000 0.000 0.000 200000.000 0 1 0 200 0 0
 419 47363.000 167715.000 0 0 0.000 0.000 0.000 0.229 0 1 0 0 0 0
 420 76008.000 182509.000 0 0 36.000 56.000 2016.000 44.899 0 1 3 210 0 0
 421 55206.000 174790.000 0 0 46.000 56.000 2576.000 50.754 0 1 1 200 0 0
 422 55153.000 174723.000 0 0 46.000 56.000 2576.000 50.754 0 1 1 200 0 0
 423 69951.000 181774.000 0 0 40.000 56.000 2240.000 47.328 0 1 2 210 0 0
 424 55255.000 174888.000 0 0 46.000 56.000 2576.000 50.754 0 1 1 200 0 0
 425 46777.000 169074.000 0 0 0.000 0.000 0.000 0.295 0 1 0 0 0 0
 426 46633.000 168940.000 0 0 0.000 0.000 0.000 0.323 0 1 0 0 0 0
 427 70701.000 182319.000 0 0 0.000 0.000 0.000 0.208 0 1 0 0 0 0
 428 55609.000 175324.000 0 0 46.000 56.000 2576.000 50.754 0 1 1 200 0 0
 429 55549.000 175254.000 0 0 46.000 56.000 2576.000 50.754 0 1 1 200 0 0
 430 68765.000 181758.000 0 0 40.000 56.000 2240.000 47.328 0 1 2 210 0 0
 431 71066.000 182661.000 0 0 0.000 0.000 0.000 0.206 0 1 0 0 0 0
 432 75218.000 184100.000 0 0 0.000 0.000 0.000 0.290 0 1 0 0 0 0
 433 69272.000 181520.000 0 0 40.000 56.000 2240.000 47.328 0 1 2 210 0 0
 434 66960.000 181345.000 0 0 42.000 56.000 2352.000 48.497 0 1 2 210 0 0
 435 57415.000 176661.000 0 0 0.000 0.000 0.000 0.208 0 1 0 0 0 0
 436 57209.000 176496.000 0 0 0.000 0.000 0.000 0.277 0 1 0 0 0 0
 437 116555.000 13780.000 0 0 0.000 0.000 0.000 0.132 0 1 0 0 0 0
 438 67982.000 181815.000 0 0 42.000 56.000 2352.000 48.497 0 1 2 210 0 0
 439 68101.000 181825.000 0 0 42.000 56.000 2352.000 48.497 0 1 2 210 0 0
 440 67725.000 181709.000 0 0 42.000 56.000 2352.000 48.497 0 1 2 210 0 0
 441 57939.000 177080.000 0 0 0.000 0.000 0.000 0.338 0 1 0 0 0 0
 442 62024.000 18913.000 0 0 0.000 0.000 0.000 0.131 0 1 0 0 0 0
 443 112328.000 188631.000 0 0 0.000 0.000 0.000 0.139 0 1 0 0 0 0
 444 53932.000 22935.000 0 0 0.000 0.000 0.000 0.149 0 1 0 0 0 0
 445 54167.000 22301.000 0 0 0.000 0.000 0.000 0.163 0 1 0 0 0 0
 446 67280.000 184729.000 0 0 0.000 0.000 0.000 0.493 0 1 0 0 0 0
 447 67203.000 184639.000 0 0 0.000 0.000 0.000 0.207 0 1 0 0 0 0
 448 73320.000 186994.000 0 0 0.000 0.000 0.000 0.328 0 1 0 0 0 0
 449 82811.000 189827.000 0 0 0.000 0.000 0.000 0.229 0 1 0 0 0 0
 450 83138.000 189962.000 0 0 0.000 0.000 0.000 0.273 0 1 0 0 0 0
 451 72664.000 187699.000 0 0 38.000 54.000 2052.000 45.299 0 1 4 210 0 0
 452 72090.000 187633.000 0 0 38.000 54.000 2052.000 45.299 0 1 4 210 0 0
 453 67854.000 186137.000 0 0 0.000 0.000 0.000 0.278 0 1 0 0 0 0
 454 71638.000 187627.000 0 0 38.000 54.000 2052.000 45.299 0 1 4 210 0 0
 455 71064.000 187791.000 0 0 38.000 54.000 2052.000 45.299 0 1 4 210 0 0
 456 70933.000 187738.000 0 0 38.000 54.000 2052.000 45.299 0 1 4 210 0 0
 457 69519.000 187308.000 0 0 0.000 0.000 0.000 200000.000 0 1 0 200 0 0
 458 69456.000 187179.000 0 0 0.000 0.000 0.000 200000.000 0 1 0 200 0 0
 459 69540.000 187453.000 0 0 0.000 0.000 0.000 0.343 0 1 0 0 0 0
 460 76119.000 182121.000 0 0 62.986 18.316 1153.703 33.966 0 1 3 210 0 0
 461 76136.000 182302.000 0 0 39.451 11.439 451.293 21.243 0 1 3 210 0 0
 462 76075.000 182284.000 0 0 74.941 21.790 1632.976 40.410 0 1 3 210 0 0
 463 76010.000 182443.000 0 0 189.700 55.202 10471.890 102.332 0 1 3 210 0 0
 464 76024.000 182624.000 0 0 19.807 5.747 113.852 10.670 0 1 3 210 0 0
 465 75925.000 182595.000 0 0 162.333 47.318 7681.452 87.643 0 1 3 210 0 0
 466 75859.000 182753.000 0 0 51.574 15.045 775.973 27.856 0 1 3 210 0 0
 467 69159.000 181429.000 0 0 42.934 16.261 698.176 26.423 0 1 2 210 0 0
 468 69038.000 181383.000 0 0 58.520 22.263 1302.889 36.095 0 1 2 210 0 0
 469 69036.000 181564.000 0 0 179.859 68.281 12281.035 110.819 0 1 2 210 0 0
 470 68866.000 181500.000 0 0 54.699 20.895 1142.966 33.807 0 1 2 210 0 0
 471 68979.000 181725.000 0 0 31.341 11.896 372.857 19.309 0 1 2 210 0 0
 472 68761.000 181643.000 0 0 152.637 58.403 8914.569 94.416 0 1 2 210 0 0
 473 68656.000 181603.000 0 0 19.562 7.514 146.999 12.124 0 1 2 210 0 0
 474 68574.000 181571.000 0 0 11.727 4.518 52.985 7.279 0 1 2 210 0 0
 475 68613.000 181767.000 0 0 227.340 87.267 19839.304 140.852 0 1 2 210 0 0
 476 68382.000 181679.000 0 0 180.114 69.723 12558.252 112.063 0 1 2 210 0 0
 477 67549.000 181354.000 0 0 202.790 80.889 16403.612 128.076 0 1 2 210 0 0
 478 68498.000 181906.000 0 0 109.933 42.282 4648.239 68.177 0 1 2 210 0 0
 479 68319.000 181837.000 0 0 168.687 65.302 11015.765 104.956 0 1 2 210 0 0
 480 67490.000 181515.000 0 0 203.189 81.037 16466.036 128.320 0 1 2 210 0 0;
ProcessEquipmentIDList 1
  "6632" ;
SummarySpec 5
  TESTNO    NDEFECT    DEFDENSITY    NDIE    NDEFDIE  ;
SummaryList 
  1    480    1.755    1    1  ;
EndOfFile;
