FileVersion 1 2;
FileTimestamp 01-07-26 15:23:17;
InspectionStationID "KLA-Tencor" "SFSSP1" "0901-0728-TBI";
SampleType WAFER;
ResultTimestamp 01-07-26 15:08:43;
LotID "2580";
SampleSize 1 200;
DeviceID "None";
SetupID "T2-2580NR" 01-07-26 15:08:43;
StepID "6542";
SampleOrientationMarkType NOTCH;
OrientationMarkLocation DOWN;
DiePitch 200000 200000;
DieOrigin 0 0;
WaferID "25";
Slot 25;
SampleCenterLocation 100000 100000;
ClassLookup 1
  0 "0"  ;
OrientationInstructions "Front";
CoordinatesMirrored No;
InspectionTest 1;
SampleTestPlan 1
  0 0 ;
AreaPerTest 2.73519e+010;
ClusterClassificationList 3
  2 210 
  1 210 
  3 210 ;
DefectRecordSpec 15 DEFECTID XREL YREL XINDEX YINDEX XSIZE YSIZE DEFECTAREA DSIZE CLASSNUMBER TEST CLUSTERNUMBER ROUGHBINNUMBER FINEBINNUMBER REVIEWSAMPLE ;
DefectList
 1 102020.000 99592.000 0 0 0.000 0.000 0.000 0.154 0 1 0 0 0 0
 2 102022.000 99593.000 0 0 0.000 0.000 0.000 0.154 0 1 0 0 0 0
 3 101724.000 99690.000 0 0 0.000 0.000 0.000 0.130 0 1 0 0 0 0
 4 103840.000 100803.000 0 0 0.000 0.000 0.000 0.144 0 1 0 0 0 0
 5 101494.000 105494.000 0 0 0.000 0.000 0.000 0.202 0 1 0 0 0 0
 6 100960.000 91858.000 0 0 0.000 0.000 0.000 0.135 0 1 0 0 0 0
 7 105748.000 93831.000 0 0 0.000 0.000 0.000 0.141 0 1 0 0 0 0
 8 109109.000 96387.000 0 0 0.000 0.000 0.000 0.155 0 1 0 0 0 0
 9 110067.000 101513.000 0 0 0.000 0.000 0.000 0.135 0 1 0 0 0 0
 10 103541.000 109367.000 0 0 0.000 0.000 0.000 200000.000 0 1 0 200 0 0
 11 101940.000 111173.000 0 0 0.000 0.000 0.000 0.138 0 1 0 0 0 0
 12 90833.000 92435.000 0 0 0.000 0.000 0.000 0.163 0 1 0 0 0 0
 13 89557.000 93271.000 0 0 0.000 0.000 0.000 0.141 0 1 0 0 0 0
 14 107998.000 90440.000 0 0 0.000 0.000 0.000 0.138 0 1 0 0 0 0
 15 89653.000 92424.000 0 0 0.000 0.000 0.000 0.145 0 1 0 0 0 0
 16 88584.000 107595.000 0 0 0.000 0.000 0.000 0.143 0 1 0 0 0 0
 17 85932.000 91795.000 0 0 0.000 0.000 0.000 0.139 0 1 0 0 0 0
 18 102132.000 84027.000 0 0 0.000 0.000 0.000 0.154 0 1 0 0 0 0
 19 100424.000 116812.000 0 0 0.000 0.000 0.000 0.134 0 1 0 0 0 0
 20 94789.000 116112.000 0 0 0.000 0.000 0.000 0.148 0 1 0 0 0 0
 21 83912.000 95369.000 0 0 0.000 0.000 0.000 0.136 0 1 0 0 0 0
 22 111745.000 112271.000 0 0 0.000 0.000 0.000 0.153 0 1 0 0 0 0
 23 114257.000 109205.000 0 0 0.000 0.000 0.000 0.200 0 1 0 0 0 0
 24 111848.000 87781.000 0 0 0.000 0.000 0.000 0.155 0 1 0 0 0 0
 25 110235.000 114321.000 0 0 0.000 0.000 0.000 0.137 0 1 0 0 0 0
 26 89911.000 85813.000 0 0 0.000 0.000 0.000 0.141 0 1 0 0 0 0
 27 103423.000 82952.000 0 0 0.000 0.000 0.000 0.137 0 1 0 0 0 0
 28 86610.000 88293.000 0 0 0.000 0.000 0.000 0.135 0 1 0 0 0 0
 29 105151.000 117575.000 0 0 0.000 0.000 0.000 0.135 0 1 0 0 0 0
 30 81859.000 96193.000 0 0 0.000 0.000 0.000 200000.000 0 1 0 200 0 0
 31 81859.000 96190.000 0 0 0.000 0.000 0.000 200000.000 0 1 0 200 0 0
 32 81003.000 99866.000 0 0 0.000 0.000 0.000 0.134 0 1 0 0 0 0
 33 95438.000 118875.000 0 0 0.000 0.000 0.000 0.145 0 1 0 0 0 0
 34 81283.000 93589.000 0 0 0.000 0.000 0.000 0.150 0 1 0 0 0 0
 35 112249.000 84658.000 0 0 0.000 0.000 0.000 0.132 0 1 0 0 0 0
 36 79880.000 101591.000 0 0 0.000 0.000 0.000 0.133 0 1 0 0 0 0
 37 91494.000 81832.000 0 0 0.000 0.000 0.000 0.169 0 1 0 0 0 0
 38 120033.000 105497.000 0 0 0.000 0.000 0.000 0.130 0 1 0 0 0 0
 39 81914.000 89933.000 0 0 0.000 0.000 0.000 0.130 0 1 0 0 0 0
 40 107838.000 81023.000 0 0 0.000 0.000 0.000 0.141 0 1 0 0 0 0
 41 90768.000 119249.000 0 0 0.000 0.000 0.000 0.147 0 1 0 0 0 0
 42 79886.000 107627.000 0 0 0.000 0.000 0.000 0.133 0 1 0 0 0 0
 43 110741.000 119565.000 0 0 0.000 0.000 0.000 0.136 0 1 0 0 0 0
 44 80833.000 88798.000 0 0 0.000 0.000 0.000 0.132 0 1 0 0 0 0
 45 77850.000 95364.000 0 0 0.000 0.000 0.000 0.149 0 1 0 0 0 0
 46 121893.000 106393.000 0 0 0.000 0.000 0.000 0.161 0 1 0 0 0 0
 47 99476.000 77031.000 0 0 0.000 0.000 0.000 0.145 0 1 0 0 0 0
 48 90566.000 121527.000 0 0 0.000 0.000 0.000 0.134 0 1 0 0 0 0
 49 78614.000 110106.000 0 0 0.000 0.000 0.000 0.131 0 1 0 0 0 0
 50 81210.000 85938.000 0 0 0.000 0.000 0.000 0.130 0 1 0 0 0 0
 51 76160.000 101300.000 0 0 0.000 0.000 0.000 0.176 0 1 0 0 0 0
 52 88634.000 121971.000 0 0 0.000 0.000 0.000 0.142 0 1 0 0 0 0
 53 93120.000 123951.000 0 0 0.000 0.000 0.000 0.243 0 1 0 0 0 0
 54 88897.000 122765.000 0 0 0.000 0.000 0.000 0.137 0 1 0 0 0 0
 55 123791.000 108578.000 0 0 0.000 0.000 0.000 0.133 0 1 0 0 0 0
 56 76271.000 109772.000 0 0 0.000 0.000 0.000 0.201 0 1 0 0 0 0
 57 115320.000 121146.000 0 0 0.000 0.000 0.000 0.141 0 1 0 0 0 0
 58 78000.000 86245.000 0 0 0.000 0.000 0.000 0.133 0 1 0 0 0 0
 59 81651.000 81674.000 0 0 0.000 0.000 0.000 0.137 0 1 0 0 0 0
 60 86147.000 122469.000 0 0 0.000 0.000 0.000 0.138 0 1 0 0 0 0
 61 73967.000 103778.000 0 0 0.000 0.000 0.000 0.132 0 1 0 0 0 0
 62 91602.000 125265.000 0 0 0.000 0.000 0.000 0.163 0 1 0 0 0 0
 63 76777.000 113406.000 0 0 0.000 0.000 0.000 0.130 0 1 0 0 0 0
 64 115089.000 122460.000 0 0 0.000 0.000 0.000 0.150 0 1 0 0 0 0
 65 103216.000 73326.000 0 0 0.000 0.000 0.000 0.157 0 1 0 0 0 0
 66 123117.000 85909.000 0 0 0.000 0.000 0.000 0.153 0 1 0 0 0 0
 67 127183.000 102765.000 0 0 0.000 0.000 0.000 0.148 0 1 0 0 0 0
 68 77692.000 116233.000 0 0 0.000 0.000 0.000 0.138 0 1 0 0 0 0
 69 119301.000 80808.000 0 0 0.000 0.000 0.000 0.130 0 1 0 0 0 0
 70 123230.000 84451.000 0 0 0.000 0.000 0.000 0.130 0 1 0 0 0 0
 71 83868.000 76423.000 0 0 0.000 0.000 0.000 0.136 0 1 0 0 0 0
 72 109560.000 73103.000 0 0 0.000 0.000 0.000 0.161 0 1 0 0 0 0
 73 126403.000 113117.000 0 0 0.000 0.000 0.000 0.133 0 1 0 0 0 0
 74 71153.000 106102.000 0 0 0.000 0.000 0.000 0.169 0 1 0 0 0 0
 75 86095.000 74196.000 0 0 0.000 0.000 0.000 0.203 0 1 0 0 0 0
 76 125308.000 85130.000 0 0 0.000 0.000 0.000 0.134 0 1 0 0 0 0
 77 70263.000 101229.000 0 0 0.000 0.000 0.000 0.142 0 1 0 0 0 0
 78 83513.000 75511.000 0 0 0.000 0.000 0.000 0.136 0 1 0 0 0 0
 79 116412.000 124957.000 0 0 0.000 0.000 0.000 0.133 0 1 0 0 0 0
 80 70548.000 105148.000 0 0 0.000 0.000 0.000 0.137 0 1 0 0 0 0
 81 99312.000 130255.000 0 0 0.000 0.000 0.000 0.142 0 1 0 0 0 0
 82 89310.000 128445.000 0 0 0.000 0.000 0.000 0.152 0 1 0 0 0 0
 83 119890.000 76824.000 0 0 0.000 0.000 0.000 0.147 0 1 0 0 0 0
 84 82112.000 125278.000 0 0 0.000 0.000 0.000 0.138 0 1 0 0 0 0
 85 74566.000 82661.000 0 0 0.000 0.000 0.000 0.135 0 1 0 0 0 0
 86 70054.000 108294.000 0 0 0.000 0.000 0.000 0.130 0 1 0 0 0 0
 87 69218.000 104603.000 0 0 0.000 0.000 0.000 0.147 0 1 0 0 0 0
 88 69425.000 94294.000 0 0 0.000 0.000 0.000 0.137 0 1 0 0 0 0
 89 129128.000 111545.000 0 0 0.000 0.000 0.000 0.131 0 1 0 0 0 0
 90 98720.000 131539.000 0 0 0.000 0.000 0.000 0.141 0 1 0 0 0 0
 91 70445.000 111053.000 0 0 0.000 0.000 0.000 0.156 0 1 0 0 0 0
 92 79886.000 75880.000 0 0 0.000 0.000 0.000 0.136 0 1 0 0 0 0
 93 88475.000 129997.000 0 0 0.000 0.000 0.000 0.138 0 1 0 0 0 0
 94 131357.000 108090.000 0 0 0.000 0.000 0.000 0.138 0 1 0 0 0 0
 95 102555.000 132407.000 0 0 0.000 0.000 0.000 0.149 0 1 0 0 0 0
 96 116320.000 128203.000 0 0 0.000 0.000 0.000 0.156 0 1 0 0 0 0
 97 91077.000 68879.000 0 0 0.000 0.000 0.000 0.144 0 1 0 0 0 0
 98 68276.000 108947.000 0 0 0.000 0.000 0.000 0.136 0 1 0 0 0 0
 99 97572.000 133331.000 0 0 0.000 0.000 0.000 0.132 0 1 0 0 0 0
 100 106954.000 132811.000 0 0 0.000 0.000 0.000 0.140 0 1 0 0 0 0
 101 82041.000 71946.000 0 0 0.000 0.000 0.000 0.144 0 1 0 0 0 0
 102 88920.000 68796.000 0 0 0.000 0.000 0.000 0.132 0 1 0 0 0 0
 103 130454.000 114166.000 0 0 0.000 0.000 0.000 0.167 0 1 0 0 0 0
 104 91539.000 132897.000 0 0 0.000 0.000 0.000 0.135 0 1 0 0 0 0
 105 71774.000 118653.000 0 0 0.000 0.000 0.000 0.141 0 1 0 0 0 0
 106 69148.000 86657.000 0 0 0.000 0.000 0.000 0.142 0 1 0 0 0 0
 107 75028.000 77168.000 0 0 0.000 0.000 0.000 0.150 0 1 0 0 0 0
 108 71537.000 118980.000 0 0 0.000 0.000 0.000 0.132 0 1 0 0 0 0
 109 129165.000 82791.000 0 0 0.000 0.000 0.000 0.154 0 1 0 0 0 0
 110 134568.000 103876.000 0 0 0.000 0.000 0.000 0.147 0 1 0 0 0 0
 111 72555.000 121885.000 0 0 0.000 0.000 0.000 0.132 0 1 0 0 0 0
 112 125007.000 75809.000 0 0 0.000 0.000 0.000 0.135 0 1 0 0 0 0
 113 78517.000 127945.000 0 0 0.000 0.000 0.000 0.143 0 1 0 0 0 0
 114 76089.000 74378.000 0 0 0.000 0.000 0.000 0.138 0 1 0 0 0 0
 115 82422.000 69904.000 0 0 0.000 0.000 0.000 0.152 0 1 0 0 0 0
 116 106761.000 65612.000 0 0 0.000 0.000 0.000 0.130 0 1 0 0 0 0
 117 102575.000 135463.000 0 0 0.000 0.000 0.000 0.163 0 1 0 0 0 0
 118 135094.000 95519.000 0 0 0.000 0.000 0.000 0.150 0 1 0 0 0 0
 119 133256.000 86682.000 0 0 0.000 0.000 0.000 0.156 0 1 0 0 0 0
 120 72932.000 124453.000 0 0 0.000 0.000 0.000 0.139 0 1 0 0 0 0
 121 119732.000 69714.000 0 0 0.000 0.000 0.000 0.144 0 1 0 0 0 0
 122 98368.000 63265.000 0 0 0.000 0.000 0.000 0.139 0 1 0 0 0 0
 123 136338.000 93261.000 0 0 0.000 0.000 0.000 0.148 0 1 0 0 0 0
 124 73522.000 74101.000 0 0 0.000 0.000 0.000 0.157 0 1 0 0 0 0
 125 134405.000 85184.000 0 0 0.000 0.000 0.000 0.133 0 1 0 0 0 0
 126 126013.000 127359.000 0 0 0.000 0.000 0.000 0.140 0 1 0 0 0 0
 127 82543.000 66863.000 0 0 0.000 0.000 0.000 0.132 0 1 0 0 0 0
 128 66790.000 82198.000 0 0 0.000 0.000 0.000 0.131 0 1 0 0 0 0
 129 72658.000 73951.000 0 0 0.000 0.000 0.000 0.138 0 1 0 0 0 0
 130 114197.000 65241.000 0 0 0.000 0.000 0.000 0.163 0 1 0 0 0 0
 131 135715.000 112570.000 0 0 0.000 0.000 0.000 0.130 0 1 0 0 0 0
 132 62409.000 92589.000 0 0 0.000 0.000 0.000 0.155 0 1 0 0 0 0
 133 132472.000 120496.000 0 0 0.000 0.000 0.000 0.151 0 1 0 0 0 0
 134 71081.000 74920.000 0 0 0.000 0.000 0.000 0.130 0 1 0 0 0 0
 135 126151.000 71475.000 0 0 0.000 0.000 0.000 0.141 0 1 0 0 0 0
 136 61427.000 106820.000 0 0 0.000 0.000 0.000 0.130 0 1 0 0 0 0
 137 130648.000 75743.000 0 0 0.000 0.000 0.000 0.132 0 1 0 0 0 0
 138 87203.000 137371.000 0 0 0.000 0.000 0.000 0.151 0 1 0 0 0 0
 139 61728.000 90619.000 0 0 0.000 0.000 0.000 0.148 0 1 0 0 0 0
 140 125768.000 70274.000 0 0 0.000 0.000 0.000 0.138 0 1 0 0 0 0
 141 122846.000 67746.000 0 0 0.000 0.000 0.000 0.152 0 1 0 0 0 0
 142 128392.000 72488.000 0 0 0.000 0.000 0.000 0.132 0 1 0 0 0 0
 143 132506.000 77450.000 0 0 0.000 0.000 0.000 0.136 0 1 0 0 0 0
 144 137185.000 86330.000 0 0 0.000 0.000 0.000 0.132 0 1 0 0 0 0
 145 102642.000 140058.000 0 0 0.000 0.000 0.000 0.131 0 1 0 0 0 0
 146 72031.000 128879.000 0 0 0.000 0.000 0.000 0.159 0 1 0 0 0 0
 147 120051.000 65557.000 0 0 0.000 0.000 0.000 0.144 0 1 0 0 0 0
 148 127722.000 71280.000 0 0 0.000 0.000 0.000 0.132 0 1 0 0 0 0
 149 63009.000 84337.000 0 0 0.000 0.000 0.000 0.156 0 1 0 0 0 0
 150 137267.000 85202.000 0 0 0.000 0.000 0.000 0.130 0 1 0 0 0 0
 151 65679.000 121431.000 0 0 0.000 0.000 0.000 0.143 0 1 0 0 0 0
 152 68702.000 74334.000 0 0 0.000 0.000 0.000 0.134 0 1 0 0 0 0
 153 114940.000 137938.000 0 0 0.000 0.000 0.000 0.144 0 1 0 0 0 0
 154 128300.000 130118.000 0 0 0.000 0.000 0.000 0.144 0 1 0 0 0 0
 155 90695.000 140361.000 0 0 0.000 0.000 0.000 0.146 0 1 0 0 0 0
 156 82298.000 137669.000 0 0 0.000 0.000 0.000 0.131 0 1 0 0 0 0
 157 114645.000 138965.000 0 0 0.000 0.000 0.000 0.200 0 1 0 0 0 0
 158 140463.000 110301.000 0 0 0.000 0.000 0.000 0.157 0 1 0 0 0 0
 159 101301.000 142144.000 0 0 0.000 0.000 0.000 0.138 0 1 0 0 0 0
 160 61960.000 117725.000 0 0 0.000 0.000 0.000 0.135 0 1 0 0 0 0
 161 65469.000 76431.000 0 0 0.000 0.000 0.000 0.163 0 1 0 0 0 0
 162 108714.000 141428.000 0 0 0.000 0.000 0.000 0.139 0 1 0 0 0 0
 163 131662.000 128381.000 0 0 0.000 0.000 0.000 0.135 0 1 0 0 0 0
 164 142821.000 99378.000 0 0 0.000 0.000 0.000 0.154 0 1 0 0 0 0
 165 62211.000 79404.000 0 0 0.000 0.000 0.000 0.135 0 1 0 0 0 0
 166 126635.000 66175.000 0 0 0.000 0.000 0.000 0.136 0 1 0 0 0 0
 167 60235.000 117941.000 0 0 0.000 0.000 0.000 0.135 0 1 0 0 0 0
 168 72504.000 134055.000 0 0 0.000 0.000 0.000 0.136 0 1 0 0 0 0
 169 116846.000 59910.000 0 0 0.000 0.000 0.000 0.149 0 1 0 0 0 0
 170 61728.000 122427.000 0 0 0.000 0.000 0.000 0.134 0 1 0 0 0 0
 171 85239.000 58425.000 0 0 0.000 0.000 0.000 0.131 0 1 0 0 0 0
 172 85513.000 142163.000 0 0 0.000 0.000 0.000 0.135 0 1 0 0 0 0
 173 114199.000 142912.000 0 0 0.000 0.000 0.000 0.146 0 1 0 0 0 0
 174 109059.000 55629.000 0 0 0.000 0.000 0.000 0.209 0 1 0 0 0 0
 175 140431.000 120819.000 0 0 0.000 0.000 0.000 0.171 0 1 0 0 0 0
 176 76064.000 139542.000 0 0 0.000 0.000 0.000 0.142 0 1 0 0 0 0
 177 54440.000 93003.000 0 0 0.000 0.000 0.000 0.148 0 1 0 0 0 0
 178 63853.000 71010.000 0 0 0.000 0.000 0.000 0.150 0 1 0 0 0 0
 179 68212.000 134406.000 0 0 0.000 0.000 0.000 0.137 0 1 0 0 0 0
 180 53001.000 102096.000 0 0 0.000 0.000 0.000 0.151 0 1 0 0 0 0
 181 114754.000 144894.000 0 0 0.000 0.000 0.000 0.130 0 1 0 0 0 0
 182 103391.000 53150.000 0 0 0.000 0.000 0.000 0.151 0 1 0 0 0 0
 183 128690.000 62281.000 0 0 0.000 0.000 0.000 0.143 0 1 0 0 0 0
 184 76615.000 58259.000 0 0 0.000 0.000 0.000 0.143 0 1 0 0 0 0
 185 103491.000 148388.000 0 0 0.000 0.000 0.000 0.139 0 1 0 0 0 0
 186 65940.000 134748.000 0 0 0.000 0.000 0.000 0.142 0 1 0 0 0 0
 187 137644.000 131513.000 0 0 0.000 0.000 0.000 0.141 0 1 0 0 0 0
 188 106318.000 149162.000 0 0 0.000 0.000 0.000 0.132 0 1 0 0 0 0
 189 50598.000 98669.000 0 0 0.000 0.000 0.000 0.134 0 1 0 0 0 0
 190 54598.000 80770.000 0 0 0.000 0.000 0.000 0.131 0 1 0 0 0 0
 191 145257.000 79788.000 0 0 0.000 0.000 0.000 200000.000 0 1 0 200 0 0
 192 134049.000 136365.000 0 0 0.000 0.000 0.000 0.134 0 1 0 0 0 0
 193 51178.000 109914.000 0 0 0.000 0.000 0.000 0.152 0 1 0 0 0 0
 194 87880.000 149178.000 0 0 0.000 0.000 0.000 0.136 0 1 0 0 0 0
 195 120260.000 146530.000 0 0 0.000 0.000 0.000 0.160 0 1 0 0 0 0
 196 61907.000 66712.000 0 0 0.000 0.000 0.000 0.132 0 1 0 0 0 0
 197 146014.000 79054.000 0 0 0.000 0.000 0.000 0.130 0 1 0 0 0 0
 198 148379.000 84344.000 0 0 0.000 0.000 0.000 0.148 0 1 0 0 0 0
 199 120493.000 53138.000 0 0 0.000 0.000 0.000 0.138 0 1 0 0 0 0
 200 145318.000 75331.000 0 0 0.000 0.000 0.000 0.165 0 1 0 0 0 0
 201 90947.000 151293.000 0 0 0.000 0.000 0.000 0.163 0 1 0 0 0 0
 202 143466.000 128770.000 0 0 0.000 0.000 0.000 0.141 0 1 0 0 0 0
 203 150295.000 114335.000 0 0 0.000 0.000 0.000 0.141 0 1 0 0 0 0
 204 126937.000 145263.000 0 0 0.000 0.000 0.000 0.134 0 1 0 0 0 0
 205 67411.000 58951.000 0 0 0.000 0.000 0.000 0.134 0 1 0 0 0 0
 206 137610.000 63552.000 0 0 0.000 0.000 0.000 0.142 0 1 0 0 0 0
 207 143870.000 71013.000 0 0 0.000 0.000 0.000 0.155 0 1 0 0 0 0
 208 46852.000 103088.000 0 0 0.000 0.000 0.000 0.136 0 1 0 0 0 0
 209 47159.000 109569.000 0 0 0.000 0.000 0.000 0.163 0 1 0 0 0 0
 210 91057.000 47244.000 0 0 0.000 0.000 0.000 0.142 0 1 0 0 0 0
 211 45813.000 102860.000 0 0 0.000 0.000 0.000 0.138 0 1 0 0 0 0
 212 150011.000 121113.000 0 0 0.000 0.000 0.000 0.132 0 1 0 0 0 0
 213 136185.000 140957.000 0 0 0.000 0.000 0.000 0.141 0 1 0 0 0 0
 214 135340.000 141721.000 0 0 0.000 0.000 0.000 0.148 0 1 0 0 0 0
 215 129225.000 146307.000 0 0 0.000 0.000 0.000 0.144 0 1 0 0 0 0
 216 48927.000 119963.000 0 0 0.000 0.000 0.000 0.135 0 1 0 0 0 0
 217 69196.000 145540.000 0 0 0.000 0.000 0.000 0.152 0 1 0 0 0 0
 218 128233.000 52804.000 0 0 0.000 0.000 0.000 0.151 0 1 0 0 0 0
 219 48162.000 81640.000 0 0 0.000 0.000 0.000 0.488 0 1 0 0 0 0
 220 155154.000 95658.000 0 0 0.000 0.000 0.000 0.152 0 1 0 0 0 0
 221 82480.000 47589.000 0 0 0.000 0.000 0.000 0.134 0 1 0 0 0 0
 222 143446.000 65759.000 0 0 0.000 0.000 0.000 0.152 0 1 0 0 0 0
 223 92897.000 155435.000 0 0 0.000 0.000 0.000 0.140 0 1 0 0 0 0
 224 75465.000 150402.000 0 0 0.000 0.000 0.000 0.134 0 1 0 0 0 0
 225 151458.000 77445.000 0 0 0.000 0.000 0.000 0.137 0 1 0 0 0 0
 226 57005.000 137180.000 0 0 0.000 0.000 0.000 0.135 0 1 0 0 0 0
 227 50735.000 128393.000 0 0 0.000 0.000 0.000 0.134 0 1 0 0 0 0
 228 138432.000 142610.000 0 0 0.000 0.000 0.000 0.133 0 1 0 0 0 0
 229 45721.000 119020.000 0 0 0.000 0.000 0.000 0.134 0 1 0 0 0 0
 230 49654.000 72643.000 0 0 0.000 0.000 0.000 0.144 0 1 0 0 0 0
 231 91775.000 157133.000 0 0 0.000 0.000 0.000 0.137 0 1 0 0 0 0
 232 138029.000 143713.000 0 0 0.000 0.000 0.000 0.131 0 1 0 0 0 0
 233 56470.000 61829.000 0 0 0.000 0.000 0.000 0.134 0 1 0 0 0 0
 234 58986.000 58796.000 0 0 0.000 0.000 0.000 0.140 0 1 0 0 0 0
 235 158201.000 96586.000 0 0 0.000 0.000 0.000 0.161 0 1 0 0 0 0
 236 105519.000 41772.000 0 0 0.000 0.000 0.000 0.142 0 1 0 0 0 0
 237 42804.000 85914.000 0 0 0.000 0.000 0.000 0.142 0 1 0 0 0 0
 238 158593.000 105569.000 0 0 0.000 0.000 0.000 0.132 0 1 0 0 0 0
 239 134932.000 52463.000 0 0 0.000 0.000 0.000 200000.000 0 1 0 200 0 0
 240 87787.000 42297.000 0 0 0.000 0.000 0.000 0.150 0 1 0 0 0 0
 241 62305.000 54400.000 0 0 0.000 0.000 0.000 0.131 0 1 0 0 0 0
 242 98077.000 40877.000 0 0 0.000 0.000 0.000 0.132 0 1 0 0 0 0
 243 157881.000 86432.000 0 0 0.000 0.000 0.000 0.136 0 1 0 0 0 0
 244 47649.000 71767.000 0 0 0.000 0.000 0.000 0.130 0 1 0 0 0 0
 245 134797.000 52561.000 0 0 0.000 0.000 0.000 200000.000 0 1 0 200 0 0
 246 46329.000 127548.000 0 0 0.000 0.000 0.000 0.132 0 1 0 0 0 0
 247 51460.000 136181.000 0 0 0.000 0.000 0.000 0.132 0 1 0 0 0 0
 248 101190.000 39529.000 0 0 0.000 0.000 0.000 0.267 0 1 0 0 0 0
 249 62454.000 148460.000 0 0 0.000 0.000 0.000 0.132 0 1 0 0 0 0
 250 42462.000 120995.000 0 0 0.000 0.000 0.000 0.130 0 1 0 0 0 0
 251 131248.000 153165.000 0 0 0.000 0.000 0.000 0.137 0 1 0 0 0 0
 252 103981.000 161677.000 0 0 0.000 0.000 0.000 0.134 0 1 0 0 0 0
 253 38616.000 94039.000 0 0 0.000 0.000 0.000 0.142 0 1 0 0 0 0
 254 103857.000 38528.000 0 0 0.000 0.000 0.000 0.131 0 1 0 0 0 0
 255 111344.000 39303.000 0 0 0.000 0.000 0.000 0.130 0 1 0 0 0 0
 256 80812.000 159446.000 0 0 0.000 0.000 0.000 0.131 0 1 0 0 0 0
 257 61751.000 149756.000 0 0 0.000 0.000 0.000 0.140 0 1 0 0 0 0
 258 143645.000 55230.000 0 0 0.000 0.000 0.000 0.134 0 1 0 0 0 0
 259 133643.000 153107.000 0 0 0.000 0.000 0.000 0.133 0 1 0 0 0 0
 260 126097.000 157678.000 0 0 0.000 0.000 0.000 0.149 0 1 0 0 0 0
 261 156303.000 71676.000 0 0 0.000 0.000 0.000 0.153 0 1 0 0 0 0
 262 132527.000 155093.000 0 0 0.000 0.000 0.000 0.138 0 1 0 0 0 0
 263 36558.000 108573.000 0 0 0.000 0.000 0.000 0.147 0 1 0 0 0 0
 264 38306.000 120103.000 0 0 0.000 0.000 0.000 200000.000 0 1 0 200 0 0
 265 152848.000 137403.000 0 0 0.000 0.000 0.000 0.135 0 1 0 0 0 0
 266 57431.000 51397.000 0 0 0.000 0.000 0.000 0.146 0 1 0 0 0 0
 267 70814.000 42284.000 0 0 0.000 0.000 0.000 0.130 0 1 0 0 0 0
 268 128125.000 41686.000 0 0 0.000 0.000 0.000 0.145 0 1 0 0 0 0
 269 137449.000 47017.000 0 0 0.000 0.000 0.000 0.140 0 1 0 0 0 0
 270 38476.000 121905.000 0 0 0.000 0.000 0.000 0.133 0 1 0 0 0 0
 271 43071.000 132448.000 0 0 0.000 0.000 0.000 0.138 0 1 0 0 0 0
 272 107305.000 34778.000 0 0 0.000 0.000 0.000 0.135 0 1 0 0 0 0
 273 162445.000 121257.000 0 0 0.000 0.000 0.000 0.134 0 1 0 0 0 0
 274 107870.000 165696.000 0 0 0.000 0.000 0.000 0.134 0 1 0 0 0 0
 275 138531.000 46215.000 0 0 0.000 0.000 0.000 0.144 0 1 0 0 0 0
 276 166110.000 92167.000 0 0 0.000 0.000 0.000 0.148 0 1 0 0 0 0
 277 134515.000 42839.000 0 0 0.000 0.000 0.000 0.139 0 1 0 0 0 0
 278 142429.000 152114.000 0 0 0.000 0.000 0.000 0.134 0 1 0 0 0 0
 279 110520.000 33847.000 0 0 0.000 0.000 0.000 0.133 0 1 0 0 0 0
 280 75699.000 37310.000 0 0 0.000 0.000 0.000 0.134 0 1 0 0 0 0
 281 80315.000 35370.000 0 0 0.000 0.000 0.000 0.131 0 1 0 0 0 0
 282 150581.000 55232.000 0 0 0.000 0.000 0.000 0.138 0 1 0 0 0 0
 283 89841.000 32874.000 0 0 0.000 0.000 0.000 0.141 0 1 0 0 0 0
 284 70116.000 38433.000 0 0 0.000 0.000 0.000 0.151 0 1 0 0 0 0
 285 139280.000 43754.000 0 0 0.000 0.000 0.000 0.131 0 1 0 0 0 0
 286 33686.000 121875.000 0 0 0.000 0.000 0.000 0.134 0 1 0 0 0 0
 287 147165.000 48110.000 0 0 0.000 0.000 0.000 0.131 0 1 0 0 0 0
 288 170458.000 99865.000 0 0 0.000 0.000 0.000 0.143 0 1 0 0 0 0
 289 80787.000 32237.000 0 0 0.000 0.000 0.000 0.130 0 1 0 0 0 0
 290 164446.000 130067.000 0 0 0.000 0.000 0.000 0.135 0 1 0 0 0 0
 291 30735.000 82888.000 0 0 0.000 0.000 0.000 0.150 0 1 0 0 0 0
 292 68532.000 35902.000 0 0 0.000 0.000 0.000 200000.000 0 1 0 200 0 0
 293 136816.000 38604.000 0 0 0.000 0.000 0.000 0.151 0 1 0 0 0 0
 294 168292.000 75066.000 0 0 0.000 0.000 0.000 200000.000 0 1 0 200 0 0
 295 168154.000 75061.000 0 0 0.000 0.000 0.000 200000.000 0 1 0 200 0 0
 296 172682.000 96275.000 0 0 0.000 0.000 0.000 0.134 0 1 0 0 0 0
 297 151643.000 48715.000 0 0 0.000 0.000 0.000 0.141 0 1 0 0 0 0
 298 128659.000 167687.000 0 0 0.000 0.000 0.000 0.153 0 1 0 0 0 0
 299 82796.000 28860.000 0 0 0.000 0.000 0.000 0.131 0 1 0 0 0 0
 300 162564.000 62018.000 0 0 0.000 0.000 0.000 0.143 0 1 0 0 0 0
 301 94632.000 173491.000 0 0 0.000 0.000 0.000 0.131 0 1 0 0 0 0
 302 96520.000 26672.000 0 0 0.000 0.000 0.000 200000.000 0 1 0 200 0 0
 303 95002.000 174282.000 0 0 0.000 0.000 0.000 0.156 0 1 0 0 0 0
 304 88669.000 26287.000 0 0 0.000 0.000 0.000 200000.000 0 1 0 200 0 0
 305 88722.000 26251.000 0 0 0.000 0.000 0.000 200000.000 0 1 0 200 0 0
 306 30656.000 128625.000 0 0 0.000 0.000 0.000 0.136 0 1 0 0 0 0
 307 112045.000 175164.000 0 0 0.000 0.000 0.000 0.138 0 1 0 0 0 0
 308 38733.000 145179.000 0 0 0.000 0.000 0.000 0.133 0 1 0 0 0 0
 309 66718.000 168908.000 0 0 0.000 0.000 0.000 0.131 0 1 0 0 0 0
 310 30774.000 67258.000 0 0 0.000 0.000 0.000 0.135 0 1 0 0 0 0
 311 55619.000 162900.000 0 0 0.000 0.000 0.000 0.136 0 1 0 0 0 0
 312 35019.000 60406.000 0 0 0.000 0.000 0.000 200000.000 0 1 0 200 0 0
 313 127278.000 27647.000 0 0 0.000 0.000 0.000 0.130 0 1 0 0 0 0
 314 96970.000 23419.000 0 0 0.000 0.000 0.000 200000.000 0 1 0 200 0 0
 315 175414.000 80368.000 0 0 0.000 0.000 0.000 0.478 0 1 0 0 0 0
 316 170380.000 66025.000 0 0 0.000 0.000 0.000 0.138 0 1 0 0 0 0
 317 172794.000 129506.000 0 0 0.000 0.000 0.000 0.131 0 1 0 0 0 0
 318 112043.000 178555.000 0 0 0.000 0.000 0.000 0.131 0 1 0 0 0 0
 319 147281.000 36434.000 0 0 0.000 0.000 0.000 200000.000 0 1 0 200 0 0
 320 54715.000 34693.000 0 0 0.000 0.000 0.000 0.138 0 1 0 0 0 0
 321 118553.000 22838.000 0 0 0.000 0.000 0.000 200000.000 0 1 0 200 0 0
 322 117889.000 178994.000 0 0 0.000 0.000 0.000 0.138 0 1 0 0 0 0
 323 151198.000 37757.000 0 0 0.000 0.000 0.000 0.274 0 1 0 0 0 0
 324 50861.000 165734.000 0 0 0.000 0.000 0.000 0.132 0 1 0 0 0 0
 325 27644.000 59922.000 0 0 0.000 0.000 0.000 200000.000 0 1 0 200 0 0
 326 179613.000 123177.000 0 0 0.000 0.000 0.000 0.136 0 1 0 0 0 0
 327 134550.000 24840.000 0 0 0.000 0.000 0.000 0.130 0 1 0 0 0 0
 328 134494.000 24291.000 0 0 0.000 0.000 0.000 0.223 0 1 0 0 0 0
 329 86150.000 16889.000 0 0 0.000 0.000 0.000 200000.000 0 1 0 200 0 0
 330 86199.000 16840.000 0 0 0.000 0.000 0.000 200000.000 0 1 0 200 0 0
 331 182654.000 120178.000 0 0 54.000 34.000 1836.000 42.848 0 1 2 210 0 0
 332 16770.000 121476.000 0 0 0.000 0.000 0.000 200000.000 0 1 0 200 0 0
 333 183228.000 120231.000 0 0 54.000 34.000 1836.000 42.848 0 1 2 210 0 0
 334 31004.000 49274.000 0 0 0.000 0.000 0.000 0.134 0 1 0 0 0 0
 335 135156.000 21375.000 0 0 0.000 0.000 0.000 0.145 0 1 0 0 0 0
 336 183846.000 120295.000 0 0 54.000 34.000 1836.000 42.848 0 1 2 210 0 0
 337 17127.000 121388.000 0 0 0.000 0.000 0.000 200000.000 0 1 0 200 0 0
 338 184470.000 120346.000 0 0 54.000 34.000 1836.000 42.848 0 1 2 210 0 0
 339 136928.000 21390.000 0 0 0.000 0.000 0.000 200000.000 0 1 0 200 0 0
 340 184714.000 120373.000 0 0 54.000 34.000 1836.000 42.848 0 1 2 210 0 0
 341 144308.000 24895.000 0 0 0.000 0.000 0.000 200000.000 0 1 0 200 0 0
 342 184951.000 120391.000 0 0 54.000 34.000 1836.000 42.848 0 1 2 210 0 0
 343 136828.000 21485.000 0 0 0.000 0.000 0.000 200000.000 0 1 0 200 0 0
 344 180065.000 64024.000 0 0 0.000 0.000 0.000 200000.000 0 1 0 200 0 0
 345 180125.000 64062.000 0 0 0.000 0.000 0.000 200000.000 0 1 0 200 0 0
 346 178467.000 59476.000 0 0 0.000 0.000 0.000 200000.000 0 1 0 200 0 0
 347 186273.000 120512.000 0 0 54.000 34.000 1836.000 42.848 0 1 2 210 0 0
 348 178327.000 59486.000 0 0 0.000 0.000 0.000 200000.000 0 1 0 200 0 0
 349 167359.000 42042.000 0 0 0.000 0.000 0.000 0.214 0 1 0 0 0 0
 350 186940.000 120572.000 0 0 54.000 34.000 1836.000 42.848 0 1 2 210 0 0
 351 115509.000 11795.000 0 0 0.000 0.000 0.000 200000.000 0 1 0 200 0 0
 352 187452.000 120617.000 0 0 54.000 34.000 1836.000 42.848 0 1 2 210 0 0
 353 25492.000 49725.000 0 0 0.000 0.000 0.000 0.217 0 1 0 0 0 0
 354 187970.000 120657.000 0 0 54.000 34.000 1836.000 42.848 0 1 2 210 0 0
 355 188314.000 120688.000 0 0 54.000 34.000 1836.000 42.848 0 1 2 210 0 0
 356 190027.000 116578.000 0 0 0.000 0.000 0.000 200000.000 0 1 0 200 0 0
 357 188997.000 120743.000 0 0 54.000 34.000 1836.000 42.848 0 1 2 210 0 0
 358 189167.000 120755.000 0 0 54.000 34.000 1836.000 42.848 0 1 2 210 0 0
 359 136848.000 16313.000 0 0 0.000 0.000 0.000 200000.000 0 1 0 200 0 0
 360 147099.000 21412.000 0 0 0.000 0.000 0.000 200000.000 0 1 0 200 0 0
 361 191284.000 88693.000 0 0 0.000 0.000 0.000 0.239 0 1 0 0 0 0
 362 189688.000 120793.000 0 0 54.000 34.000 1836.000 42.848 0 1 2 210 0 0
 363 190756.000 82808.000 0 0 0.000 0.000 0.000 0.262 0 1 0 0 0 0
 364 190784.000 83128.000 0 0 0.000 0.000 0.000 0.225 0 1 0 0 0 0
 365 190795.000 83207.000 0 0 0.000 0.000 0.000 0.161 0 1 0 0 0 0
 366 190344.000 120857.000 0 0 54.000 34.000 1836.000 42.848 0 1 2 210 0 0
 367 167828.000 36594.000 0 0 0.000 0.000 0.000 200000.000 0 1 0 200 0 0
 368 189784.000 74288.000 0 0 0.000 0.000 0.000 200000.000 0 1 0 200 0 0
 369 189756.000 74139.000 0 0 0.000 0.000 0.000 0.394 0 1 0 0 0 0
 370 191218.000 120919.000 0 0 0.000 0.000 0.000 0.206 0 1 0 0 0 0
 371 151603.000 22994.000 0 0 0.000 0.000 0.000 200000.000 0 1 0 200 0 0
 372 192553.000 115800.000 0 0 0.000 0.000 0.000 200000.000 0 1 0 200 0 0
 373 194297.000 107203.000 0 0 0.000 0.000 0.000 200000.000 0 1 0 200 0 0
 374 66686.000 12416.000 0 0 0.000 0.000 0.000 200000.000 0 1 0 200 0 0
 375 188782.000 67252.000 0 0 56.000 40.000 2240.000 47.328 0 1 1 210 0 0
 376 8112.000 76047.000 0 0 0.000 0.000 0.000 0.224 0 1 0 0 0 0
 377 188814.000 67337.000 0 0 56.000 40.000 2240.000 47.328 0 1 1 210 0 0
 378 188625.000 66008.000 0 0 56.000 40.000 2240.000 47.328 0 1 1 210 0 0
 379 188681.000 66498.000 0 0 56.000 40.000 2240.000 47.328 0 1 1 210 0 0
 380 188556.000 65731.000 0 0 56.000 42.000 2352.000 48.497 0 1 1 210 0 0
 381 86701.000 187690.000 0 0 117.695 17.850 2100.937 45.835 0 1 3 210 0 0
 382 86679.000 187859.000 0 0 143.196 21.711 3109.060 55.758 0 1 3 210 0 0
 383 86656.000 188028.000 0 0 181.447 27.506 4991.051 70.647 0 1 3 210 0 0
 384 86634.000 188196.000 0 0 207.165 31.396 6504.299 80.649 0 1 3 210 0 0
 385 86623.000 188367.000 0 0 220.269 33.344 7344.833 85.702 0 1 3 210 0 0
 386 86590.000 188534.000 0 0 195.229 29.572 5773.355 75.982 0 1 3 210 0 0
 387 86544.000 188699.000 0 0 161.577 24.513 3960.779 62.934 0 1 3 210 0 0
 388 86524.000 188867.000 0 0 106.499 16.149 1719.954 41.472 0 1 3 210 0 0;
ProcessEquipmentIDList 1
  "6632" ;
SummarySpec 5
  TESTNO    NDEFECT    DEFDENSITY    NDIE    NDEFDIE  ;
SummaryList 
  1    388    1.419    1    1  ;
EndOfFile;
