FileVersion 1 2;
FileTimestamp 01-07-26 19:34:36;
InspectionStationID "KLA-Tencor" "SFSSP1" "0901-0728-TBI";
SampleType WAFER;
ResultTimestamp 01-07-26 19:30:09;
LotID "2580";
SampleSize 1 200;
DeviceID "None";
SetupID "T2-2580NR" 01-07-26 19:30:09;
StepID "6545";
SampleOrientationMarkType NOTCH;
OrientationMarkLocation DOWN;
DiePitch 200000 200000;
DieOrigin 0 0;
WaferID "07";
Slot 7;
SampleCenterLocation 100000 100000;
ClassLookup 1
  0 "0"  ;
OrientationInstructions "Front";
CoordinatesMirrored No;
InspectionTest 1;
SampleTestPlan 1
  0 0 ;
AreaPerTest 2.73521e+010;
DefectRecordSpec 15 DEFECTID XREL YREL XINDEX YINDEX XSIZE YSIZE DEFECTAREA DSIZE CLASSNUMBER TEST CLUSTERNUMBER ROUGHBINNUMBER FINEBINNUMBER REVIEWSAMPLE ;
DefectList
 1 96977.000 101288.000 0 0 0.000 0.000 0.000 0.150 0 1 0 0 0 0
 2 96659.000 95710.000 0 0 0.000 0.000 0.000 0.161 0 1 0 0 0 0
 3 98917.000 105084.000 0 0 0.000 0.000 0.000 0.148 0 1 0 0 0 0
 4 93912.000 96385.000 0 0 0.000 0.000 0.000 0.131 0 1 0 0 0 0
 5 93316.000 97391.000 0 0 0.000 0.000 0.000 0.146 0 1 0 0 0 0
 6 107270.000 100521.000 0 0 0.000 0.000 0.000 0.138 0 1 0 0 0 0
 7 99032.000 107138.000 0 0 0.000 0.000 0.000 0.148 0 1 0 0 0 0
 8 104119.000 107589.000 0 0 0.000 0.000 0.000 0.159 0 1 0 0 0 0
 9 108502.000 96433.000 0 0 0.000 0.000 0.000 0.146 0 1 0 0 0 0
 10 94385.000 107738.000 0 0 0.000 0.000 0.000 0.132 0 1 0 0 0 0
 11 94029.000 91799.000 0 0 0.000 0.000 0.000 0.134 0 1 0 0 0 0
 12 93907.000 108224.000 0 0 0.000 0.000 0.000 0.132 0 1 0 0 0 0
 13 107293.000 91632.000 0 0 0.000 0.000 0.000 0.138 0 1 0 0 0 0
 14 90171.000 105031.000 0 0 0.000 0.000 0.000 0.135 0 1 0 0 0 0
 15 97366.000 88396.000 0 0 0.000 0.000 0.000 0.149 0 1 0 0 0 0
 16 97651.000 112223.000 0 0 0.000 0.000 0.000 0.149 0 1 0 0 0 0
 17 90097.000 108070.000 0 0 0.000 0.000 0.000 0.139 0 1 0 0 0 0
 18 110374.000 108353.000 0 0 0.000 0.000 0.000 0.143 0 1 0 0 0 0
 19 104228.000 113271.000 0 0 0.000 0.000 0.000 0.130 0 1 0 0 0 0
 20 111078.000 110063.000 0 0 0.000 0.000 0.000 0.133 0 1 0 0 0 0
 21 94799.000 84950.000 0 0 0.000 0.000 0.000 0.149 0 1 0 0 0 0
 22 112770.000 109044.000 0 0 0.000 0.000 0.000 0.147 0 1 0 0 0 0
 23 115690.000 96586.000 0 0 0.000 0.000 0.000 0.133 0 1 0 0 0 0
 24 88603.000 87499.000 0 0 0.000 0.000 0.000 0.147 0 1 0 0 0 0
 25 100508.000 117044.000 0 0 0.000 0.000 0.000 0.147 0 1 0 0 0 0
 26 106079.000 116096.000 0 0 0.000 0.000 0.000 0.149 0 1 0 0 0 0
 27 91862.000 84393.000 0 0 0.000 0.000 0.000 0.157 0 1 0 0 0 0
 28 92843.000 116223.000 0 0 0.000 0.000 0.000 0.135 0 1 0 0 0 0
 29 83530.000 90860.000 0 0 0.000 0.000 0.000 0.145 0 1 0 0 0 0
 30 82235.000 90372.000 0 0 0.000 0.000 0.000 0.140 0 1 0 0 0 0
 31 119084.000 106496.000 0 0 0.000 0.000 0.000 0.135 0 1 0 0 0 0
 32 112159.000 115918.000 0 0 0.000 0.000 0.000 0.150 0 1 0 0 0 0
 33 86340.000 114848.000 0 0 0.000 0.000 0.000 0.149 0 1 0 0 0 0
 34 106849.000 119546.000 0 0 0.000 0.000 0.000 0.130 0 1 0 0 0 0
 35 79471.000 95270.000 0 0 0.000 0.000 0.000 0.158 0 1 0 0 0 0
 36 116799.000 86830.000 0 0 0.000 0.000 0.000 0.135 0 1 0 0 0 0
 37 87904.000 82180.000 0 0 0.000 0.000 0.000 0.162 0 1 0 0 0 0
 38 95223.000 78492.000 0 0 0.000 0.000 0.000 0.149 0 1 0 0 0 0
 39 86984.000 117261.000 0 0 0.000 0.000 0.000 0.134 0 1 0 0 0 0
 40 117559.000 85970.000 0 0 0.000 0.000 0.000 0.134 0 1 0 0 0 0
 41 82375.000 113658.000 0 0 0.000 0.000 0.000 0.130 0 1 0 0 0 0
 42 76969.000 100247.000 0 0 0.000 0.000 0.000 0.130 0 1 0 0 0 0
 43 122733.000 95038.000 0 0 0.000 0.000 0.000 0.151 0 1 0 0 0 0
 44 87908.000 119835.000 0 0 0.000 0.000 0.000 0.144 0 1 0 0 0 0
 45 85864.000 81072.000 0 0 0.000 0.000 0.000 0.146 0 1 0 0 0 0
 46 78385.000 89399.000 0 0 0.000 0.000 0.000 0.147 0 1 0 0 0 0
 47 83662.000 118100.000 0 0 0.000 0.000 0.000 0.130 0 1 0 0 0 0
 48 125562.000 96616.000 0 0 0.000 0.000 0.000 0.147 0 1 0 0 0 0
 49 110486.000 123515.000 0 0 0.000 0.000 0.000 0.135 0 1 0 0 0 0
 50 119163.000 81508.000 0 0 0.000 0.000 0.000 0.143 0 1 0 0 0 0
 51 126436.000 99664.000 0 0 0.000 0.000 0.000 0.133 0 1 0 0 0 0
 52 120797.000 83174.000 0 0 0.000 0.000 0.000 0.140 0 1 0 0 0 0
 53 84736.000 121588.000 0 0 0.000 0.000 0.000 0.149 0 1 0 0 0 0
 54 126727.000 96186.000 0 0 0.000 0.000 0.000 0.139 0 1 0 0 0 0
 55 96023.000 126580.000 0 0 0.000 0.000 0.000 0.145 0 1 0 0 0 0
 56 127146.000 100592.000 0 0 0.000 0.000 0.000 0.159 0 1 0 0 0 0
 57 111222.000 74733.000 0 0 0.000 0.000 0.000 0.131 0 1 0 0 0 0
 58 128024.000 103078.000 0 0 0.000 0.000 0.000 0.130 0 1 0 0 0 0
 59 108786.000 126591.000 0 0 0.000 0.000 0.000 0.136 0 1 0 0 0 0
 60 91871.000 126867.000 0 0 0.000 0.000 0.000 0.132 0 1 0 0 0 0
 61 103484.000 127954.000 0 0 0.000 0.000 0.000 0.151 0 1 0 0 0 0
 62 81576.000 77794.000 0 0 0.000 0.000 0.000 0.141 0 1 0 0 0 0
 63 98552.000 71031.000 0 0 0.000 0.000 0.000 0.144 0 1 0 0 0 0
 64 112203.000 73497.000 0 0 0.000 0.000 0.000 0.135 0 1 0 0 0 0
 65 126220.000 87626.000 0 0 0.000 0.000 0.000 0.130 0 1 0 0 0 0
 66 129157.000 98231.000 0 0 0.000 0.000 0.000 0.141 0 1 0 0 0 0
 67 129175.000 98625.000 0 0 0.000 0.000 0.000 0.145 0 1 0 0 0 0
 68 106342.000 128172.000 0 0 0.000 0.000 0.000 0.134 0 1 0 0 0 0
 69 111321.000 126937.000 0 0 0.000 0.000 0.000 0.143 0 1 0 0 0 0
 70 100500.000 129181.000 0 0 0.000 0.000 0.000 0.131 0 1 0 0 0 0
 71 126574.000 112958.000 0 0 0.000 0.000 0.000 0.143 0 1 0 0 0 0
 72 74468.000 114863.000 0 0 0.000 0.000 0.000 0.131 0 1 0 0 0 0
 73 98009.000 70049.000 0 0 0.000 0.000 0.000 0.130 0 1 0 0 0 0
 74 106637.000 70693.000 0 0 0.000 0.000 0.000 0.130 0 1 0 0 0 0
 75 111047.000 127443.000 0 0 0.000 0.000 0.000 0.148 0 1 0 0 0 0
 76 70201.000 102031.000 0 0 0.000 0.000 0.000 0.158 0 1 0 0 0 0
 77 110875.000 71360.000 0 0 0.000 0.000 0.000 0.136 0 1 0 0 0 0
 78 77610.000 121024.000 0 0 0.000 0.000 0.000 0.138 0 1 0 0 0 0
 79 95803.000 69131.000 0 0 0.000 0.000 0.000 0.134 0 1 0 0 0 0
 80 121717.000 121888.000 0 0 0.000 0.000 0.000 0.133 0 1 0 0 0 0
 81 107708.000 69372.000 0 0 0.000 0.000 0.000 0.152 0 1 0 0 0 0
 82 120049.000 124407.000 0 0 0.000 0.000 0.000 0.142 0 1 0 0 0 0
 83 124253.000 121202.000 0 0 0.000 0.000 0.000 0.136 0 1 0 0 0 0
 84 107091.000 67627.000 0 0 0.000 0.000 0.000 0.139 0 1 0 0 0 0
 85 108880.000 131421.000 0 0 0.000 0.000 0.000 0.138 0 1 0 0 0 0
 86 133227.000 101943.000 0 0 0.000 0.000 0.000 0.150 0 1 0 0 0 0
 87 81883.000 127867.000 0 0 0.000 0.000 0.000 0.142 0 1 0 0 0 0
 88 120595.000 72156.000 0 0 0.000 0.000 0.000 0.142 0 1 0 0 0 0
 89 95978.000 65482.000 0 0 0.000 0.000 0.000 0.136 0 1 0 0 0 0
 90 88102.000 67222.000 0 0 0.000 0.000 0.000 0.152 0 1 0 0 0 0
 91 129497.000 81099.000 0 0 0.000 0.000 0.000 0.139 0 1 0 0 0 0
 92 71585.000 79491.000 0 0 0.000 0.000 0.000 0.130 0 1 0 0 0 0
 93 75155.000 124647.000 0 0 0.000 0.000 0.000 0.140 0 1 0 0 0 0
 94 121673.000 127604.000 0 0 0.000 0.000 0.000 0.142 0 1 0 0 0 0
 95 112990.000 66747.000 0 0 0.000 0.000 0.000 0.132 0 1 0 0 0 0
 96 135037.000 93389.000 0 0 0.000 0.000 0.000 0.138 0 1 0 0 0 0
 97 64632.000 103819.000 0 0 0.000 0.000 0.000 0.136 0 1 0 0 0 0
 98 69441.000 118258.000 0 0 0.000 0.000 0.000 0.157 0 1 0 0 0 0
 99 65726.000 110640.000 0 0 0.000 0.000 0.000 0.151 0 1 0 0 0 0
 100 128371.000 77198.000 0 0 0.000 0.000 0.000 0.141 0 1 0 0 0 0
 101 87125.000 133750.000 0 0 0.000 0.000 0.000 0.132 0 1 0 0 0 0
 102 76131.000 127454.000 0 0 0.000 0.000 0.000 0.136 0 1 0 0 0 0
 103 135420.000 90542.000 0 0 0.000 0.000 0.000 0.132 0 1 0 0 0 0
 104 119291.000 68380.000 0 0 0.000 0.000 0.000 0.137 0 1 0 0 0 0
 105 64774.000 88873.000 0 0 0.000 0.000 0.000 0.138 0 1 0 0 0 0
 106 81219.000 131693.000 0 0 0.000 0.000 0.000 0.139 0 1 0 0 0 0
 107 78462.000 129721.000 0 0 0.000 0.000 0.000 0.145 0 1 0 0 0 0
 108 130805.000 120932.000 0 0 0.000 0.000 0.000 0.135 0 1 0 0 0 0
 109 103531.000 61751.000 0 0 0.000 0.000 0.000 0.135 0 1 0 0 0 0
 110 87825.000 63405.000 0 0 0.000 0.000 0.000 0.147 0 1 0 0 0 0
 111 128020.000 126237.000 0 0 0.000 0.000 0.000 0.140 0 1 0 0 0 0
 112 75592.000 69157.000 0 0 0.000 0.000 0.000 0.146 0 1 0 0 0 0
 113 92657.000 61476.000 0 0 0.000 0.000 0.000 0.365 0 1 0 0 0 0
 114 109165.000 61486.000 0 0 0.000 0.000 0.000 0.135 0 1 0 0 0 0
 115 78305.000 66137.000 0 0 0.000 0.000 0.000 0.130 0 1 0 0 0 0
 116 133744.000 78009.000 0 0 0.000 0.000 0.000 0.159 0 1 0 0 0 0
 117 136853.000 83741.000 0 0 0.000 0.000 0.000 0.132 0 1 0 0 0 0
 118 131997.000 124453.000 0 0 0.000 0.000 0.000 0.138 0 1 0 0 0 0
 119 84641.000 137262.000 0 0 0.000 0.000 0.000 0.143 0 1 0 0 0 0
 120 103991.000 59013.000 0 0 0.000 0.000 0.000 0.147 0 1 0 0 0 0
 121 105536.000 140587.000 0 0 0.000 0.000 0.000 0.143 0 1 0 0 0 0
 122 62389.000 117041.000 0 0 0.000 0.000 0.000 0.142 0 1 0 0 0 0
 123 128789.000 129666.000 0 0 0.000 0.000 0.000 0.150 0 1 0 0 0 0
 124 121299.000 135672.000 0 0 0.000 0.000 0.000 0.151 0 1 0 0 0 0
 125 90316.000 140372.000 0 0 0.000 0.000 0.000 0.143 0 1 0 0 0 0
 126 135067.000 76478.000 0 0 0.000 0.000 0.000 0.134 0 1 0 0 0 0
 127 60593.000 114527.000 0 0 0.000 0.000 0.000 0.135 0 1 0 0 0 0
 128 118575.000 137567.000 0 0 0.000 0.000 0.000 0.175 0 1 0 0 0 0
 129 57704.000 102502.000 0 0 0.000 0.000 0.000 200000.000 0 1 0 200 0 0
 130 122016.000 136021.000 0 0 0.000 0.000 0.000 0.143 0 1 0 0 0 0
 131 57740.000 102553.000 0 0 0.000 0.000 0.000 200000.000 0 1 0 200 0 0
 132 123223.000 63711.000 0 0 0.000 0.000 0.000 0.147 0 1 0 0 0 0
 133 138599.000 118410.000 0 0 0.000 0.000 0.000 0.141 0 1 0 0 0 0
 134 116561.000 139483.000 0 0 0.000 0.000 0.000 0.167 0 1 0 0 0 0
 135 94204.000 142480.000 0 0 0.000 0.000 0.000 0.143 0 1 0 0 0 0
 136 65541.000 125836.000 0 0 0.000 0.000 0.000 0.131 0 1 0 0 0 0
 137 95233.000 56323.000 0 0 0.000 0.000 0.000 0.137 0 1 0 0 0 0
 138 62122.000 77204.000 0 0 0.000 0.000 0.000 0.144 0 1 0 0 0 0
 139 122594.000 137854.000 0 0 0.000 0.000 0.000 0.155 0 1 0 0 0 0
 140 136106.000 126064.000 0 0 0.000 0.000 0.000 0.146 0 1 0 0 0 0
 141 124983.000 62573.000 0 0 0.000 0.000 0.000 0.132 0 1 0 0 0 0
 142 55662.000 106634.000 0 0 0.000 0.000 0.000 0.132 0 1 0 0 0 0
 143 96439.000 54709.000 0 0 0.000 0.000 0.000 0.142 0 1 0 0 0 0
 144 106853.000 144684.000 0 0 0.000 0.000 0.000 0.145 0 1 0 0 0 0
 145 145689.000 98798.000 0 0 0.000 0.000 0.000 0.135 0 1 0 0 0 0
 146 122574.000 139334.000 0 0 0.000 0.000 0.000 0.141 0 1 0 0 0 0
 147 126167.000 137564.000 0 0 0.000 0.000 0.000 0.133 0 1 0 0 0 0
 148 135500.000 70180.000 0 0 0.000 0.000 0.000 0.150 0 1 0 0 0 0
 149 139195.000 75282.000 0 0 0.000 0.000 0.000 0.132 0 1 0 0 0 0
 150 146541.000 97483.000 0 0 0.000 0.000 0.000 0.130 0 1 0 0 0 0
 151 78468.000 141250.000 0 0 0.000 0.000 0.000 0.138 0 1 0 0 0 0
 152 137688.000 72093.000 0 0 0.000 0.000 0.000 0.130 0 1 0 0 0 0
 153 140369.000 75251.000 0 0 0.000 0.000 0.000 0.143 0 1 0 0 0 0
 154 59212.000 123738.000 0 0 0.000 0.000 0.000 0.134 0 1 0 0 0 0
 155 141127.000 75359.000 0 0 0.000 0.000 0.000 0.133 0 1 0 0 0 0
 156 55369.000 117347.000 0 0 0.000 0.000 0.000 0.133 0 1 0 0 0 0
 157 118811.000 144296.000 0 0 0.000 0.000 0.000 0.132 0 1 0 0 0 0
 158 75010.000 141445.000 0 0 0.000 0.000 0.000 0.149 0 1 0 0 0 0
 159 67840.000 62584.000 0 0 0.000 0.000 0.000 0.137 0 1 0 0 0 0
 160 61872.000 130962.000 0 0 0.000 0.000 0.000 0.146 0 1 0 0 0 0
 161 88880.000 51603.000 0 0 0.000 0.000 0.000 0.139 0 1 0 0 0 0
 162 149024.000 109466.000 0 0 0.000 0.000 0.000 0.134 0 1 0 0 0 0
 163 121704.000 144928.000 0 0 0.000 0.000 0.000 0.135 0 1 0 0 0 0
 164 85959.000 51703.000 0 0 0.000 0.000 0.000 0.145 0 1 0 0 0 0
 165 111322.000 148920.000 0 0 0.000 0.000 0.000 0.138 0 1 0 0 0 0
 166 58688.000 128981.000 0 0 0.000 0.000 0.000 0.136 0 1 0 0 0 0
 167 49670.000 92354.000 0 0 0.000 0.000 0.000 0.137 0 1 0 0 0 0
 168 146898.000 120047.000 0 0 0.000 0.000 0.000 0.134 0 1 0 0 0 0
 169 146900.000 79265.000 0 0 0.000 0.000 0.000 0.132 0 1 0 0 0 0
 170 79751.000 146914.000 0 0 0.000 0.000 0.000 0.138 0 1 0 0 0 0
 171 61286.000 65985.000 0 0 0.000 0.000 0.000 0.140 0 1 0 0 0 0
 172 147782.000 120554.000 0 0 0.000 0.000 0.000 0.131 0 1 0 0 0 0
 173 77434.000 52837.000 0 0 0.000 0.000 0.000 0.131 0 1 0 0 0 0
 174 145831.000 74827.000 0 0 0.000 0.000 0.000 0.136 0 1 0 0 0 0
 175 142592.000 68940.000 0 0 0.000 0.000 0.000 0.150 0 1 0 0 0 0
 176 152253.000 106191.000 0 0 0.000 0.000 0.000 0.137 0 1 0 0 0 0
 177 107674.000 151831.000 0 0 0.000 0.000 0.000 0.133 0 1 0 0 0 0
 178 106649.000 152050.000 0 0 0.000 0.000 0.000 0.133 0 1 0 0 0 0
 179 151952.000 88014.000 0 0 0.000 0.000 0.000 0.141 0 1 0 0 0 0
 180 97451.000 153526.000 0 0 0.000 0.000 0.000 0.131 0 1 0 0 0 0
 181 152153.000 115459.000 0 0 0.000 0.000 0.000 0.134 0 1 0 0 0 0
 182 59842.000 137719.000 0 0 0.000 0.000 0.000 0.142 0 1 0 0 0 0
 183 50913.000 125486.000 0 0 0.000 0.000 0.000 0.137 0 1 0 0 0 0
 184 138064.000 59266.000 0 0 0.000 0.000 0.000 0.157 0 1 0 0 0 0
 185 57777.000 63408.000 0 0 0.000 0.000 0.000 0.134 0 1 0 0 0 0
 186 49785.000 124286.000 0 0 0.000 0.000 0.000 0.132 0 1 0 0 0 0
 187 44570.000 108957.000 0 0 0.000 0.000 0.000 0.138 0 1 0 0 0 0
 188 64872.000 143941.000 0 0 0.000 0.000 0.000 0.136 0 1 0 0 0 0
 189 64233.000 143315.000 0 0 0.000 0.000 0.000 0.134 0 1 0 0 0 0
 190 154603.000 85334.000 0 0 0.000 0.000 0.000 0.130 0 1 0 0 0 0
 191 76306.000 48112.000 0 0 0.000 0.000 0.000 0.136 0 1 0 0 0 0
 192 111914.000 44122.000 0 0 0.000 0.000 0.000 0.138 0 1 0 0 0 0
 193 155807.000 111801.000 0 0 0.000 0.000 0.000 0.143 0 1 0 0 0 0
 194 46474.000 119745.000 0 0 0.000 0.000 0.000 0.139 0 1 0 0 0 0
 195 101742.000 42613.000 0 0 0.000 0.000 0.000 0.150 0 1 0 0 0 0
 196 51233.000 130758.000 0 0 0.000 0.000 0.000 0.131 0 1 0 0 0 0
 197 42758.000 89709.000 0 0 0.000 0.000 0.000 0.135 0 1 0 0 0 0
 198 135831.000 146317.000 0 0 0.000 0.000 0.000 0.132 0 1 0 0 0 0
 199 62794.000 54220.000 0 0 0.000 0.000 0.000 0.135 0 1 0 0 0 0
 200 130850.000 49332.000 0 0 0.000 0.000 0.000 0.140 0 1 0 0 0 0
 201 137363.000 54029.000 0 0 0.000 0.000 0.000 0.144 0 1 0 0 0 0
 202 146609.000 62853.000 0 0 0.000 0.000 0.000 0.139 0 1 0 0 0 0
 203 77761.000 44432.000 0 0 0.000 0.000 0.000 0.134 0 1 0 0 0 0
 204 56488.000 58659.000 0 0 0.000 0.000 0.000 0.141 0 1 0 0 0 0
 205 66505.000 49053.000 0 0 0.000 0.000 0.000 0.140 0 1 0 0 0 0
 206 150330.000 133860.000 0 0 0.000 0.000 0.000 0.141 0 1 0 0 0 0
 207 151163.000 66603.000 0 0 0.000 0.000 0.000 0.142 0 1 0 0 0 0
 208 51398.000 62926.000 0 0 0.000 0.000 0.000 0.134 0 1 0 0 0 0
 209 161028.000 102879.000 0 0 0.000 0.000 0.000 0.134 0 1 0 0 0 0
 210 129321.000 153353.000 0 0 0.000 0.000 0.000 0.147 0 1 0 0 0 0
 211 141064.000 54300.000 0 0 0.000 0.000 0.000 0.133 0 1 0 0 0 0
 212 132301.000 47601.000 0 0 0.000 0.000 0.000 0.150 0 1 0 0 0 0
 213 121428.000 157363.000 0 0 0.000 0.000 0.000 0.149 0 1 0 0 0 0
 214 51610.000 137810.000 0 0 0.000 0.000 0.000 0.130 0 1 0 0 0 0
 215 160757.000 110784.000 0 0 0.000 0.000 0.000 0.148 0 1 0 0 0 0
 216 137135.000 149749.000 0 0 0.000 0.000 0.000 0.155 0 1 0 0 0 0
 217 112749.000 161459.000 0 0 0.000 0.000 0.000 0.135 0 1 0 0 0 0
 218 67935.000 154006.000 0 0 0.000 0.000 0.000 0.145 0 1 0 0 0 0
 219 44933.000 68947.000 0 0 0.000 0.000 0.000 0.149 0 1 0 0 0 0
 220 94249.000 36871.000 0 0 0.000 0.000 0.000 0.144 0 1 0 0 0 0
 221 48284.000 62986.000 0 0 0.000 0.000 0.000 0.130 0 1 0 0 0 0
 222 90379.000 162640.000 0 0 0.000 0.000 0.000 0.136 0 1 0 0 0 0
 223 114458.000 37519.000 0 0 0.000 0.000 0.000 0.134 0 1 0 0 0 0
 224 131456.000 155712.000 0 0 0.000 0.000 0.000 0.137 0 1 0 0 0 0
 225 74456.000 158622.000 0 0 0.000 0.000 0.000 0.133 0 1 0 0 0 0
 226 82312.000 161611.000 0 0 0.000 0.000 0.000 0.138 0 1 0 0 0 0
 227 93835.000 164063.000 0 0 0.000 0.000 0.000 0.133 0 1 0 0 0 0
 228 37956.000 118797.000 0 0 0.000 0.000 0.000 0.130 0 1 0 0 0 0
 229 85699.000 35620.000 0 0 0.000 0.000 0.000 0.140 0 1 0 0 0 0
 230 41545.000 68289.000 0 0 0.000 0.000 0.000 0.136 0 1 0 0 0 0
 231 124160.000 37866.000 0 0 0.000 0.000 0.000 0.134 0 1 0 0 0 0
 232 166153.000 88756.000 0 0 0.000 0.000 0.000 0.140 0 1 0 0 0 0
 233 145345.000 149113.000 0 0 0.000 0.000 0.000 0.133 0 1 0 0 0 0
 234 58139.000 46884.000 0 0 0.000 0.000 0.000 0.135 0 1 0 0 0 0
 235 135071.000 157567.000 0 0 0.000 0.000 0.000 0.134 0 1 0 0 0 0
 236 33318.000 88457.000 0 0 0.000 0.000 0.000 0.136 0 1 0 0 0 0
 237 167112.000 110389.000 0 0 0.000 0.000 0.000 0.133 0 1 0 0 0 0
 238 89288.000 166880.000 0 0 0.000 0.000 0.000 0.132 0 1 0 0 0 0
 239 119683.000 165012.000 0 0 0.000 0.000 0.000 0.142 0 1 0 0 0 0
 240 107676.000 167485.000 0 0 0.000 0.000 0.000 0.137 0 1 0 0 0 0
 241 167815.000 107124.000 0 0 0.000 0.000 0.000 0.130 0 1 0 0 0 0
 242 57393.000 153003.000 0 0 0.000 0.000 0.000 0.148 0 1 0 0 0 0
 243 165394.000 120230.000 0 0 0.000 0.000 0.000 0.136 0 1 0 0 0 0
 244 168827.000 105928.000 0 0 0.000 0.000 0.000 0.139 0 1 0 0 0 0
 245 32230.000 113582.000 0 0 0.000 0.000 0.000 0.133 0 1 0 0 0 0
 246 42567.000 138487.000 0 0 0.000 0.000 0.000 0.134 0 1 0 0 0 0
 247 156266.000 58733.000 0 0 0.000 0.000 0.000 0.132 0 1 0 0 0 0
 248 40070.000 135391.000 0 0 0.000 0.000 0.000 0.160 0 1 0 0 0 0
 249 72950.000 164912.000 0 0 0.000 0.000 0.000 0.134 0 1 0 0 0 0
 250 62363.000 159310.000 0 0 0.000 0.000 0.000 0.149 0 1 0 0 0 0
 251 34553.000 73127.000 0 0 0.000 0.000 0.000 0.135 0 1 0 0 0 0
 252 29561.000 109191.000 0 0 0.000 0.000 0.000 0.132 0 1 0 0 0 0
 253 29626.000 113415.000 0 0 0.000 0.000 0.000 0.134 0 1 0 0 0 0
 254 115226.000 169884.000 0 0 0.000 0.000 0.000 0.130 0 1 0 0 0 0
 255 82459.000 169424.000 0 0 0.000 0.000 0.000 0.148 0 1 0 0 0 0
 256 56969.000 157959.000 0 0 0.000 0.000 0.000 0.136 0 1 0 0 0 0
 257 161364.000 61057.000 0 0 0.000 0.000 0.000 0.136 0 1 0 0 0 0
 258 72719.000 166945.000 0 0 0.000 0.000 0.000 0.134 0 1 0 0 0 0
 259 136795.000 37040.000 0 0 0.000 0.000 0.000 0.142 0 1 0 0 0 0
 260 109777.000 27470.000 0 0 0.000 0.000 0.000 0.142 0 1 0 0 0 0
 261 86942.000 171762.000 0 0 0.000 0.000 0.000 0.141 0 1 0 0 0 0
 262 31762.000 73166.000 0 0 0.000 0.000 0.000 0.222 0 1 0 0 0 0
 263 50447.000 43834.000 0 0 0.000 0.000 0.000 200000.000 0 1 0 200 0 0
 264 30987.000 129473.000 0 0 0.000 0.000 0.000 0.142 0 1 0 0 0 0
 265 62557.000 34462.000 0 0 0.000 0.000 0.000 0.131 0 1 0 0 0 0
 266 39918.000 51454.000 0 0 0.000 0.000 0.000 200000.000 0 1 0 200 0 0
 267 154420.000 154899.000 0 0 0.000 0.000 0.000 0.137 0 1 0 0 0 0
 268 176017.000 79748.000 0 0 0.000 0.000 0.000 0.130 0 1 0 0 0 0
 269 167991.000 139540.000 0 0 0.000 0.000 0.000 0.137 0 1 0 0 0 0
 270 21280.000 97768.000 0 0 0.000 0.000 0.000 0.160 0 1 0 0 0 0
 271 165722.000 54515.000 0 0 0.000 0.000 0.000 0.133 0 1 0 0 0 0
 272 104209.000 18909.000 0 0 0.000 0.000 0.000 0.165 0 1 0 0 0 0
 273 19213.000 106275.000 0 0 0.000 0.000 0.000 0.136 0 1 0 0 0 0
 274 166003.000 51941.000 0 0 0.000 0.000 0.000 0.134 0 1 0 0 0 0
 275 174318.000 66025.000 0 0 0.000 0.000 0.000 0.140 0 1 0 0 0 0
 276 46742.000 162357.000 0 0 0.000 0.000 0.000 0.137 0 1 0 0 0 0
 277 35436.000 48349.000 0 0 0.000 0.000 0.000 200000.000 0 1 0 200 0 0
 278 126121.000 178429.000 0 0 0.000 0.000 0.000 0.133 0 1 0 0 0 0
 279 30004.000 55318.000 0 0 0.000 0.000 0.000 0.436 0 1 0 0 0 0
 280 107745.000 183134.000 0 0 0.000 0.000 0.000 0.136 0 1 0 0 0 0
 281 19847.000 74468.000 0 0 0.000 0.000 0.000 200000.000 0 1 0 200 0 0
 282 15806.000 98288.000 0 0 0.000 0.000 0.000 200000.000 0 1 0 200 0 0
 283 15456.000 99024.000 0 0 0.000 0.000 0.000 200000.000 0 1 0 200 0 0
 284 16297.000 94489.000 0 0 0.000 0.000 0.000 200000.000 0 1 0 200 0 0
 285 32902.000 47151.000 0 0 0.000 0.000 0.000 0.138 0 1 0 0 0 0
 286 81848.000 183226.000 0 0 0.000 0.000 0.000 0.133 0 1 0 0 0 0
 287 32560.000 46722.000 0 0 0.000 0.000 0.000 200000.000 0 1 0 200 0 0
 288 39565.000 38566.000 0 0 0.000 0.000 0.000 0.286 0 1 0 0 0 0
 289 43301.000 34705.000 0 0 0.000 0.000 0.000 200000.000 0 1 0 200 0 0
 290 13445.000 113177.000 0 0 0.000 0.000 0.000 0.146 0 1 0 0 0 0
 291 15857.000 126726.000 0 0 0.000 0.000 0.000 0.136 0 1 0 0 0 0
 292 29854.000 45272.000 0 0 0.000 0.000 0.000 200000.000 0 1 0 200 0 0
 293 18451.000 63731.000 0 0 0.000 0.000 0.000 200000.000 0 1 0 200 0 0
 294 10348.000 96227.000 0 0 0.000 0.000 0.000 200000.000 0 1 0 200 0 0
 295 10253.000 96172.000 0 0 0.000 0.000 0.000 200000.000 0 1 0 200 0 0
 296 127089.000 186096.000 0 0 0.000 0.000 0.000 0.152 0 1 0 0 0 0;
ProcessEquipmentIDList 1
  "6632" ;
SummarySpec 5
  TESTNO    NDEFECT    DEFDENSITY    NDIE    NDEFDIE  ;
SummaryList 
  1    296    1.082    1    1  ;
EndOfFile;
