FileVersion 1 2;
FileTimestamp 01-07-26 22:54:52;
InspectionStationID "KLA-Tencor" "SFSSP1" "0901-0728-TBI";
SampleType WAFER;
ResultTimestamp 01-07-26 22:52:04;
LotID "2580";
SampleSize 1 200;
DeviceID "None";
SetupID "T2-2580NR" 01-07-26 22:52:04;
StepID "6545";
SampleOrientationMarkType NOTCH;
OrientationMarkLocation DOWN;
DiePitch 200000 200000;
DieOrigin 0 0;
WaferID "04";
Slot 4;
SampleCenterLocation 100000 100000;
ClassLookup 1
  0 "0"  ;
OrientationInstructions "Front";
CoordinatesMirrored No;
InspectionTest 1;
SampleTestPlan 1
  0 0 ;
AreaPerTest 2.73522e+010;
DefectRecordSpec 15 DEFECTID XREL YREL XINDEX YINDEX XSIZE YSIZE DEFECTAREA DSIZE CLASSNUMBER TEST CLUSTERNUMBER ROUGHBINNUMBER FINEBINNUMBER REVIEWSAMPLE ;
DefectList
 1 99026.000 103033.000 0 0 0.000 0.000 0.000 0.133 0 1 0 0 0 0
 2 104409.000 105193.000 0 0 0.000 0.000 0.000 0.134 0 1 0 0 0 0
 3 104533.000 94643.000 0 0 0.000 0.000 0.000 0.148 0 1 0 0 0 0
 4 107726.000 102879.000 0 0 0.000 0.000 0.000 0.132 0 1 0 0 0 0
 5 95283.000 93306.000 0 0 0.000 0.000 0.000 0.139 0 1 0 0 0 0
 6 103306.000 108161.000 0 0 0.000 0.000 0.000 0.156 0 1 0 0 0 0
 7 97718.000 108542.000 0 0 0.000 0.000 0.000 0.150 0 1 0 0 0 0
 8 104803.000 92817.000 0 0 0.000 0.000 0.000 0.130 0 1 0 0 0 0
 9 111642.000 97417.000 0 0 0.000 0.000 0.000 0.132 0 1 0 0 0 0
 10 89749.000 107366.000 0 0 0.000 0.000 0.000 0.133 0 1 0 0 0 0
 11 93936.000 111252.000 0 0 0.000 0.000 0.000 0.140 0 1 0 0 0 0
 12 101710.000 113053.000 0 0 0.000 0.000 0.000 0.141 0 1 0 0 0 0
 13 112514.000 104825.000 0 0 0.000 0.000 0.000 0.131 0 1 0 0 0 0
 14 99830.000 113742.000 0 0 0.000 0.000 0.000 0.157 0 1 0 0 0 0
 15 101962.000 86569.000 0 0 0.000 0.000 0.000 0.148 0 1 0 0 0 0
 16 96605.000 113847.000 0 0 0.000 0.000 0.000 0.143 0 1 0 0 0 0
 17 103664.000 114303.000 0 0 0.000 0.000 0.000 0.134 0 1 0 0 0 0
 18 114527.000 102952.000 0 0 0.000 0.000 0.000 0.208 0 1 0 0 0 0
 19 111510.000 109624.000 0 0 0.000 0.000 0.000 0.149 0 1 0 0 0 0
 20 109825.000 87796.000 0 0 0.000 0.000 0.000 0.135 0 1 0 0 0 0
 21 111899.000 89918.000 0 0 0.000 0.000 0.000 0.148 0 1 0 0 0 0
 22 86464.000 91026.000 0 0 0.000 0.000 0.000 0.132 0 1 0 0 0 0
 23 95814.000 83718.000 0 0 0.000 0.000 0.000 0.147 0 1 0 0 0 0
 24 115675.000 107319.000 0 0 0.000 0.000 0.000 0.139 0 1 0 0 0 0
 25 81884.000 94825.000 0 0 0.000 0.000 0.000 0.202 0 1 0 0 0 0
 26 82921.000 89924.000 0 0 0.000 0.000 0.000 0.162 0 1 0 0 0 0
 27 84178.000 112540.000 0 0 0.000 0.000 0.000 0.132 0 1 0 0 0 0
 28 82638.000 89585.000 0 0 0.000 0.000 0.000 0.148 0 1 0 0 0 0
 29 118075.000 109681.000 0 0 0.000 0.000 0.000 0.142 0 1 0 0 0 0
 30 85302.000 84966.000 0 0 0.000 0.000 0.000 0.147 0 1 0 0 0 0
 31 102800.000 121655.000 0 0 0.000 0.000 0.000 0.136 0 1 0 0 0 0
 32 122654.000 102173.000 0 0 0.000 0.000 0.000 0.136 0 1 0 0 0 0
 33 89799.000 79337.000 0 0 0.000 0.000 0.000 0.153 0 1 0 0 0 0
 34 96070.000 76915.000 0 0 0.000 0.000 0.000 0.138 0 1 0 0 0 0
 35 99272.000 123969.000 0 0 0.000 0.000 0.000 0.135 0 1 0 0 0 0
 36 94078.000 76853.000 0 0 0.000 0.000 0.000 0.164 0 1 0 0 0 0
 37 120237.000 113503.000 0 0 0.000 0.000 0.000 0.165 0 1 0 0 0 0
 38 118847.000 115695.000 0 0 0.000 0.000 0.000 0.132 0 1 0 0 0 0
 39 78068.000 89171.000 0 0 0.000 0.000 0.000 0.152 0 1 0 0 0 0
 40 123230.000 107938.000 0 0 0.000 0.000 0.000 0.170 0 1 0 0 0 0
 41 124435.000 95362.000 0 0 0.000 0.000 0.000 0.147 0 1 0 0 0 0
 42 125203.000 100359.000 0 0 0.000 0.000 0.000 0.142 0 1 0 0 0 0
 43 102562.000 75156.000 0 0 0.000 0.000 0.000 0.171 0 1 0 0 0 0
 44 122618.000 112489.000 0 0 0.000 0.000 0.000 0.135 0 1 0 0 0 0
 45 94772.000 125841.000 0 0 0.000 0.000 0.000 0.131 0 1 0 0 0 0
 46 77358.000 84249.000 0 0 0.000 0.000 0.000 0.149 0 1 0 0 0 0
 47 87373.000 75696.000 0 0 0.000 0.000 0.000 0.176 0 1 0 0 0 0
 48 90223.000 74200.000 0 0 0.000 0.000 0.000 0.140 0 1 0 0 0 0
 49 126023.000 90868.000 0 0 0.000 0.000 0.000 0.136 0 1 0 0 0 0
 50 92568.000 127473.000 0 0 0.000 0.000 0.000 0.134 0 1 0 0 0 0
 51 83984.000 123993.000 0 0 0.000 0.000 0.000 0.131 0 1 0 0 0 0
 52 124827.000 115128.000 0 0 0.000 0.000 0.000 0.164 0 1 0 0 0 0
 53 78091.000 80026.000 0 0 0.000 0.000 0.000 0.143 0 1 0 0 0 0
 54 110194.000 70916.000 0 0 0.000 0.000 0.000 0.133 0 1 0 0 0 0
 55 73971.000 117608.000 0 0 0.000 0.000 0.000 0.139 0 1 0 0 0 0
 56 70676.000 89171.000 0 0 0.000 0.000 0.000 0.164 0 1 0 0 0 0
 57 122775.000 121758.000 0 0 0.000 0.000 0.000 0.146 0 1 0 0 0 0
 58 87790.000 129202.000 0 0 0.000 0.000 0.000 0.136 0 1 0 0 0 0
 59 121534.000 123346.000 0 0 0.000 0.000 0.000 0.142 0 1 0 0 0 0
 60 90738.000 69778.000 0 0 0.000 0.000 0.000 0.146 0 1 0 0 0 0
 61 92377.000 69212.000 0 0 0.000 0.000 0.000 0.152 0 1 0 0 0 0
 62 84941.000 71606.000 0 0 0.000 0.000 0.000 0.145 0 1 0 0 0 0
 63 86273.000 70749.000 0 0 0.000 0.000 0.000 0.131 0 1 0 0 0 0
 64 108046.000 68588.000 0 0 0.000 0.000 0.000 0.130 0 1 0 0 0 0
 65 131621.000 108953.000 0 0 0.000 0.000 0.000 0.135 0 1 0 0 0 0
 66 69690.000 114830.000 0 0 0.000 0.000 0.000 0.142 0 1 0 0 0 0
 67 72234.000 81138.000 0 0 0.000 0.000 0.000 0.142 0 1 0 0 0 0
 68 79520.000 73456.000 0 0 0.000 0.000 0.000 0.136 0 1 0 0 0 0
 69 75664.000 76508.000 0 0 0.000 0.000 0.000 0.134 0 1 0 0 0 0
 70 116721.000 129982.000 0 0 0.000 0.000 0.000 0.130 0 1 0 0 0 0
 71 129536.000 117719.000 0 0 0.000 0.000 0.000 0.145 0 1 0 0 0 0
 72 67547.000 88413.000 0 0 0.000 0.000 0.000 0.147 0 1 0 0 0 0
 73 93703.000 65752.000 0 0 0.000 0.000 0.000 0.150 0 1 0 0 0 0
 74 134423.000 93881.000 0 0 0.000 0.000 0.000 0.134 0 1 0 0 0 0
 75 109627.000 66378.000 0 0 0.000 0.000 0.000 0.143 0 1 0 0 0 0
 76 82835.000 69001.000 0 0 0.000 0.000 0.000 0.130 0 1 0 0 0 0
 77 91627.000 135236.000 0 0 0.000 0.000 0.000 0.133 0 1 0 0 0 0
 78 134216.000 111443.000 0 0 0.000 0.000 0.000 0.141 0 1 0 0 0 0
 79 123470.000 128692.000 0 0 0.000 0.000 0.000 0.133 0 1 0 0 0 0
 80 94087.000 63469.000 0 0 0.000 0.000 0.000 0.130 0 1 0 0 0 0
 81 78995.000 131044.000 0 0 0.000 0.000 0.000 0.130 0 1 0 0 0 0
 82 136525.000 91173.000 0 0 0.000 0.000 0.000 0.158 0 1 0 0 0 0
 83 100368.000 138403.000 0 0 0.000 0.000 0.000 0.134 0 1 0 0 0 0
 84 118862.000 133692.000 0 0 0.000 0.000 0.000 0.171 0 1 0 0 0 0
 85 108192.000 137764.000 0 0 0.000 0.000 0.000 0.150 0 1 0 0 0 0
 86 68490.000 122716.000 0 0 0.000 0.000 0.000 200000.000 0 1 0 200 0 0
 87 134920.000 116892.000 0 0 0.000 0.000 0.000 0.135 0 1 0 0 0 0
 88 135596.000 84427.000 0 0 0.000 0.000 0.000 0.151 0 1 0 0 0 0
 89 71637.000 73238.000 0 0 0.000 0.000 0.000 0.138 0 1 0 0 0 0
 90 134555.000 81534.000 0 0 0.000 0.000 0.000 0.135 0 1 0 0 0 0
 91 119550.000 134608.000 0 0 0.000 0.000 0.000 0.146 0 1 0 0 0 0
 92 81895.000 135710.000 0 0 0.000 0.000 0.000 0.141 0 1 0 0 0 0
 93 60702.000 93910.000 0 0 0.000 0.000 0.000 0.166 0 1 0 0 0 0
 94 119555.000 65603.000 0 0 0.000 0.000 0.000 0.143 0 1 0 0 0 0
 95 139475.000 95930.000 0 0 0.000 0.000 0.000 0.137 0 1 0 0 0 0
 96 92892.000 60884.000 0 0 0.000 0.000 0.000 0.144 0 1 0 0 0 0
 97 137827.000 114168.000 0 0 0.000 0.000 0.000 0.149 0 1 0 0 0 0
 98 90404.000 139536.000 0 0 0.000 0.000 0.000 0.140 0 1 0 0 0 0
 99 121192.000 134769.000 0 0 0.000 0.000 0.000 0.132 0 1 0 0 0 0
 100 70819.000 128749.000 0 0 0.000 0.000 0.000 0.130 0 1 0 0 0 0
 101 61753.000 114448.000 0 0 0.000 0.000 0.000 0.142 0 1 0 0 0 0
 102 140698.000 96868.000 0 0 0.000 0.000 0.000 0.132 0 1 0 0 0 0
 103 87374.000 60869.000 0 0 0.000 0.000 0.000 0.130 0 1 0 0 0 0
 104 131302.000 73373.000 0 0 0.000 0.000 0.000 0.132 0 1 0 0 0 0
 105 141289.000 98367.000 0 0 0.000 0.000 0.000 0.130 0 1 0 0 0 0
 106 122725.000 134705.000 0 0 0.000 0.000 0.000 0.135 0 1 0 0 0 0
 107 59046.000 92058.000 0 0 0.000 0.000 0.000 0.140 0 1 0 0 0 0
 108 128213.000 131740.000 0 0 0.000 0.000 0.000 0.157 0 1 0 0 0 0
 109 119411.000 61523.000 0 0 0.000 0.000 0.000 0.156 0 1 0 0 0 0
 110 124158.000 136960.000 0 0 0.000 0.000 0.000 0.155 0 1 0 0 0 0
 111 113194.000 57987.000 0 0 0.000 0.000 0.000 0.153 0 1 0 0 0 0
 112 141080.000 83530.000 0 0 0.000 0.000 0.000 0.130 0 1 0 0 0 0
 113 68641.000 132731.000 0 0 0.000 0.000 0.000 0.147 0 1 0 0 0 0
 114 68290.000 132784.000 0 0 0.000 0.000 0.000 0.130 0 1 0 0 0 0
 115 60245.000 122357.000 0 0 0.000 0.000 0.000 0.133 0 1 0 0 0 0
 116 133462.000 131209.000 0 0 0.000 0.000 0.000 0.131 0 1 0 0 0 0
 117 55434.000 112106.000 0 0 0.000 0.000 0.000 0.138 0 1 0 0 0 0
 118 75672.000 61019.000 0 0 0.000 0.000 0.000 0.137 0 1 0 0 0 0
 119 53501.000 101657.000 0 0 0.000 0.000 0.000 0.139 0 1 0 0 0 0
 120 101477.000 53791.000 0 0 0.000 0.000 0.000 0.137 0 1 0 0 0 0
 121 100381.000 146659.000 0 0 0.000 0.000 0.000 0.152 0 1 0 0 0 0
 122 134781.000 131071.000 0 0 0.000 0.000 0.000 0.130 0 1 0 0 0 0
 123 58444.000 78686.000 0 0 0.000 0.000 0.000 0.141 0 1 0 0 0 0
 124 139176.000 74942.000 0 0 0.000 0.000 0.000 0.157 0 1 0 0 0 0
 125 52985.000 98924.000 0 0 0.000 0.000 0.000 0.136 0 1 0 0 0 0
 126 79832.000 57949.000 0 0 0.000 0.000 0.000 0.148 0 1 0 0 0 0
 127 96690.000 147097.000 0 0 0.000 0.000 0.000 0.130 0 1 0 0 0 0
 128 91693.000 146555.000 0 0 0.000 0.000 0.000 0.154 0 1 0 0 0 0
 129 59561.000 124426.000 0 0 0.000 0.000 0.000 0.147 0 1 0 0 0 0
 130 58777.000 76681.000 0 0 0.000 0.000 0.000 0.132 0 1 0 0 0 0
 131 93783.000 53216.000 0 0 0.000 0.000 0.000 0.135 0 1 0 0 0 0
 132 143904.000 118350.000 0 0 0.000 0.000 0.000 0.148 0 1 0 0 0 0
 133 57272.000 79207.000 0 0 0.000 0.000 0.000 0.139 0 1 0 0 0 0
 134 55092.000 116410.000 0 0 0.000 0.000 0.000 0.137 0 1 0 0 0 0
 135 140605.000 74743.000 0 0 0.000 0.000 0.000 0.134 0 1 0 0 0 0
 136 82349.000 54631.000 0 0 0.000 0.000 0.000 0.148 0 1 0 0 0 0
 137 100834.000 51252.000 0 0 0.000 0.000 0.000 0.132 0 1 0 0 0 0
 138 51381.000 107201.000 0 0 0.000 0.000 0.000 0.140 0 1 0 0 0 0
 139 112056.000 52646.000 0 0 0.000 0.000 0.000 0.147 0 1 0 0 0 0
 140 127573.000 59482.000 0 0 0.000 0.000 0.000 0.136 0 1 0 0 0 0
 141 113972.000 53082.000 0 0 0.000 0.000 0.000 0.130 0 1 0 0 0 0
 142 147457.000 86191.000 0 0 0.000 0.000 0.000 0.134 0 1 0 0 0 0
 143 67042.000 62762.000 0 0 0.000 0.000 0.000 0.148 0 1 0 0 0 0
 144 128750.000 141205.000 0 0 0.000 0.000 0.000 0.137 0 1 0 0 0 0
 145 65347.000 136590.000 0 0 0.000 0.000 0.000 0.133 0 1 0 0 0 0
 146 101184.000 150778.000 0 0 0.000 0.000 0.000 0.134 0 1 0 0 0 0
 147 97453.000 49411.000 0 0 0.000 0.000 0.000 0.139 0 1 0 0 0 0
 148 82236.000 148453.000 0 0 0.000 0.000 0.000 0.149 0 1 0 0 0 0
 149 148489.000 80972.000 0 0 0.000 0.000 0.000 0.131 0 1 0 0 0 0
 150 49777.000 84678.000 0 0 0.000 0.000 0.000 0.140 0 1 0 0 0 0
 151 111712.000 151518.000 0 0 0.000 0.000 0.000 0.142 0 1 0 0 0 0
 152 93107.000 47913.000 0 0 0.000 0.000 0.000 0.133 0 1 0 0 0 0
 153 49364.000 85091.000 0 0 0.000 0.000 0.000 0.133 0 1 0 0 0 0
 154 49509.000 84545.000 0 0 0.000 0.000 0.000 0.132 0 1 0 0 0 0
 155 149256.000 81303.000 0 0 0.000 0.000 0.000 0.157 0 1 0 0 0 0
 156 99569.000 46808.000 0 0 0.000 0.000 0.000 0.132 0 1 0 0 0 0
 157 110976.000 47717.000 0 0 0.000 0.000 0.000 0.131 0 1 0 0 0 0
 158 138464.000 137881.000 0 0 0.000 0.000 0.000 0.143 0 1 0 0 0 0
 159 153021.000 89641.000 0 0 0.000 0.000 0.000 0.143 0 1 0 0 0 0
 160 54605.000 130972.000 0 0 0.000 0.000 0.000 0.140 0 1 0 0 0 0
 161 109753.000 46434.000 0 0 0.000 0.000 0.000 0.131 0 1 0 0 0 0
 162 140533.000 63064.000 0 0 0.000 0.000 0.000 0.146 0 1 0 0 0 0
 163 138041.000 140249.000 0 0 0.000 0.000 0.000 0.132 0 1 0 0 0 0
 164 122086.000 150866.000 0 0 0.000 0.000 0.000 0.152 0 1 0 0 0 0
 165 44834.000 106732.000 0 0 0.000 0.000 0.000 0.144 0 1 0 0 0 0
 166 76714.000 49592.000 0 0 0.000 0.000 0.000 0.138 0 1 0 0 0 0
 167 154228.000 112744.000 0 0 0.000 0.000 0.000 0.154 0 1 0 0 0 0
 168 72972.000 51217.000 0 0 0.000 0.000 0.000 0.156 0 1 0 0 0 0
 169 46550.000 83364.000 0 0 0.000 0.000 0.000 0.133 0 1 0 0 0 0
 170 155548.000 92081.000 0 0 0.000 0.000 0.000 0.136 0 1 0 0 0 0
 171 116345.000 46044.000 0 0 0.000 0.000 0.000 0.132 0 1 0 0 0 0
 172 48175.000 77175.000 0 0 0.000 0.000 0.000 0.167 0 1 0 0 0 0
 173 89806.000 156394.000 0 0 0.000 0.000 0.000 0.130 0 1 0 0 0 0
 174 63547.000 144670.000 0 0 0.000 0.000 0.000 0.133 0 1 0 0 0 0
 175 147543.000 132806.000 0 0 0.000 0.000 0.000 0.147 0 1 0 0 0 0
 176 68895.000 51231.000 0 0 0.000 0.000 0.000 0.141 0 1 0 0 0 0
 177 100893.000 159135.000 0 0 0.000 0.000 0.000 0.165 0 1 0 0 0 0
 178 55279.000 138706.000 0 0 0.000 0.000 0.000 0.135 0 1 0 0 0 0
 179 159027.000 103228.000 0 0 0.000 0.000 0.000 0.153 0 1 0 0 0 0
 180 55863.000 59523.000 0 0 0.000 0.000 0.000 0.136 0 1 0 0 0 0
 181 156563.000 79707.000 0 0 0.000 0.000 0.000 0.135 0 1 0 0 0 0
 182 69772.000 47817.000 0 0 0.000 0.000 0.000 0.130 0 1 0 0 0 0
 183 129637.000 153156.000 0 0 0.000 0.000 0.000 0.136 0 1 0 0 0 0
 184 64433.000 149608.000 0 0 0.000 0.000 0.000 0.132 0 1 0 0 0 0
 185 160529.000 106109.000 0 0 0.000 0.000 0.000 0.136 0 1 0 0 0 0
 186 86300.000 40670.000 0 0 0.000 0.000 0.000 0.138 0 1 0 0 0 0
 187 149287.000 63320.000 0 0 0.000 0.000 0.000 0.143 0 1 0 0 0 0
 188 110086.000 160948.000 0 0 0.000 0.000 0.000 0.135 0 1 0 0 0 0
 189 40037.000 114763.000 0 0 0.000 0.000 0.000 0.131 0 1 0 0 0 0
 190 54030.000 59155.000 0 0 0.000 0.000 0.000 0.132 0 1 0 0 0 0
 191 69441.000 46180.000 0 0 0.000 0.000 0.000 0.136 0 1 0 0 0 0
 192 37920.000 96818.000 0 0 0.000 0.000 0.000 0.157 0 1 0 0 0 0
 193 41404.000 79310.000 0 0 0.000 0.000 0.000 0.134 0 1 0 0 0 0
 194 126867.000 157029.000 0 0 0.000 0.000 0.000 0.131 0 1 0 0 0 0
 195 155436.000 130149.000 0 0 0.000 0.000 0.000 0.140 0 1 0 0 0 0
 196 119340.000 160440.000 0 0 0.000 0.000 0.000 0.142 0 1 0 0 0 0
 197 142280.000 53286.000 0 0 0.000 0.000 0.000 0.145 0 1 0 0 0 0
 198 57512.000 147225.000 0 0 0.000 0.000 0.000 0.133 0 1 0 0 0 0
 199 161584.000 84229.000 0 0 0.000 0.000 0.000 0.140 0 1 0 0 0 0
 200 36189.000 104145.000 0 0 0.000 0.000 0.000 0.134 0 1 0 0 0 0
 201 41483.000 126429.000 0 0 0.000 0.000 0.000 0.160 0 1 0 0 0 0
 202 163937.000 106098.000 0 0 0.000 0.000 0.000 0.133 0 1 0 0 0 0
 203 111203.000 36590.000 0 0 0.000 0.000 0.000 0.132 0 1 0 0 0 0
 204 117418.000 37591.000 0 0 0.000 0.000 0.000 0.130 0 1 0 0 0 0
 205 58383.000 49748.000 0 0 0.000 0.000 0.000 0.130 0 1 0 0 0 0
 206 49296.000 56875.000 0 0 0.000 0.000 0.000 0.136 0 1 0 0 0 0
 207 67947.000 41755.000 0 0 0.000 0.000 0.000 0.149 0 1 0 0 0 0
 208 66510.000 158184.000 0 0 0.000 0.000 0.000 0.147 0 1 0 0 0 0
 209 51462.000 54059.000 0 0 0.000 0.000 0.000 0.146 0 1 0 0 0 0
 210 162272.000 125461.000 0 0 0.000 0.000 0.000 0.130 0 1 0 0 0 0
 211 167376.000 100467.000 0 0 0.000 0.000 0.000 0.132 0 1 0 0 0 0
 212 38009.000 128111.000 0 0 0.000 0.000 0.000 0.132 0 1 0 0 0 0
 213 36187.000 124466.000 0 0 0.000 0.000 0.000 0.132 0 1 0 0 0 0
 214 167399.000 90193.000 0 0 0.000 0.000 0.000 0.137 0 1 0 0 0 0
 215 34156.000 80850.000 0 0 0.000 0.000 0.000 0.143 0 1 0 0 0 0
 216 65228.000 159786.000 0 0 0.000 0.000 0.000 0.138 0 1 0 0 0 0
 217 142970.000 154233.000 0 0 0.000 0.000 0.000 0.142 0 1 0 0 0 0
 218 110707.000 31533.000 0 0 0.000 0.000 0.000 0.133 0 1 0 0 0 0
 219 51906.000 49604.000 0 0 0.000 0.000 0.000 0.138 0 1 0 0 0 0
 220 161460.000 133567.000 0 0 0.000 0.000 0.000 0.136 0 1 0 0 0 0
 221 39471.000 65047.000 0 0 0.000 0.000 0.000 0.135 0 1 0 0 0 0
 222 52043.000 48571.000 0 0 0.000 0.000 0.000 0.132 0 1 0 0 0 0
 223 36157.000 69517.000 0 0 0.000 0.000 0.000 0.144 0 1 0 0 0 0
 224 129946.000 165014.000 0 0 0.000 0.000 0.000 0.132 0 1 0 0 0 0
 225 152765.000 51947.000 0 0 0.000 0.000 0.000 0.130 0 1 0 0 0 0
 226 144689.000 156264.000 0 0 0.000 0.000 0.000 0.130 0 1 0 0 0 0
 227 26849.000 120383.000 0 0 0.000 0.000 0.000 0.131 0 1 0 0 0 0
 228 70099.000 171747.000 0 0 0.000 0.000 0.000 0.133 0 1 0 0 0 0
 229 27965.000 130501.000 0 0 0.000 0.000 0.000 0.130 0 1 0 0 0 0
 230 22181.000 92884.000 0 0 0.000 0.000 0.000 0.130 0 1 0 0 0 0
 231 74822.000 25127.000 0 0 0.000 0.000 0.000 0.130 0 1 0 0 0 0
 232 85374.000 178239.000 0 0 0.000 0.000 0.000 0.148 0 1 0 0 0 0
 233 65975.000 174677.000 0 0 0.000 0.000 0.000 0.154 0 1 0 0 0 0
 234 16827.000 96517.000 0 0 0.000 0.000 0.000 0.137 0 1 0 0 0 0
 235 48572.000 32056.000 0 0 0.000 0.000 0.000 0.135 0 1 0 0 0 0
 236 44275.000 169086.000 0 0 0.000 0.000 0.000 0.138 0 1 0 0 0 0
 237 191256.000 82240.000 0 0 0.000 0.000 0.000 0.292 0 1 0 0 0 0;
ProcessEquipmentIDList 1
  "6632" ;
SummarySpec 5
  TESTNO    NDEFECT    DEFDENSITY    NDIE    NDEFDIE  ;
SummaryList 
  1    237    0.8665    1    1  ;
EndOfFile;
