FileVersion 1 2;
FileTimestamp 01-07-26 09:58:15;
InspectionStationID "KLA-Tencor" "SFSSP1" "0901-0728-TBI";
SampleType WAFER;
ResultTimestamp 01-07-26 09:53:49;
LotID "2580";
SampleSize 1 200;
DeviceID "None";
SetupID "T2-2580NR" 01-07-26 09:53:49;
StepID "6542";
SampleOrientationMarkType NOTCH;
OrientationMarkLocation DOWN;
DiePitch 200000 200000;
DieOrigin 0 0;
WaferID "07";
Slot 7;
SampleCenterLocation 100000 100000;
ClassLookup 1
  0 "0"  ;
OrientationInstructions "Front";
CoordinatesMirrored No;
InspectionTest 1;
SampleTestPlan 1
  0 0 ;
AreaPerTest 2.73516e+010;
DefectRecordSpec 15 DEFECTID XREL YREL XINDEX YINDEX XSIZE YSIZE DEFECTAREA DSIZE CLASSNUMBER TEST CLUSTERNUMBER ROUGHBINNUMBER FINEBINNUMBER REVIEWSAMPLE ;
DefectList
 1 92923.000 100797.000 0 0 0.000 0.000 0.000 0.140 0 1 0 0 0 0
 2 103438.000 106900.000 0 0 0.000 0.000 0.000 0.150 0 1 0 0 0 0
 3 98511.000 108247.000 0 0 0.000 0.000 0.000 0.152 0 1 0 0 0 0
 4 90476.000 103954.000 0 0 0.000 0.000 0.000 0.145 0 1 0 0 0 0
 5 91506.000 108146.000 0 0 0.000 0.000 0.000 0.142 0 1 0 0 0 0
 6 92453.000 89868.000 0 0 0.000 0.000 0.000 0.145 0 1 0 0 0 0
 7 96690.000 113208.000 0 0 0.000 0.000 0.000 0.171 0 1 0 0 0 0
 8 96165.000 114691.000 0 0 0.000 0.000 0.000 0.144 0 1 0 0 0 0
 9 97395.000 115192.000 0 0 0.000 0.000 0.000 0.132 0 1 0 0 0 0
 10 102510.000 84488.000 0 0 0.000 0.000 0.000 0.146 0 1 0 0 0 0
 11 84887.000 93275.000 0 0 0.000 0.000 0.000 0.136 0 1 0 0 0 0
 12 94645.000 84610.000 0 0 0.000 0.000 0.000 0.146 0 1 0 0 0 0
 13 102632.000 116676.000 0 0 0.000 0.000 0.000 0.147 0 1 0 0 0 0
 14 87244.000 87291.000 0 0 0.000 0.000 0.000 0.135 0 1 0 0 0 0
 15 94338.000 82928.000 0 0 0.000 0.000 0.000 0.133 0 1 0 0 0 0
 16 105030.000 82572.000 0 0 0.000 0.000 0.000 0.130 0 1 0 0 0 0
 17 82297.000 106334.000 0 0 0.000 0.000 0.000 0.145 0 1 0 0 0 0
 18 83110.000 91437.000 0 0 0.000 0.000 0.000 0.149 0 1 0 0 0 0
 19 114346.000 87608.000 0 0 0.000 0.000 0.000 0.132 0 1 0 0 0 0
 20 113651.000 113571.000 0 0 0.000 0.000 0.000 0.133 0 1 0 0 0 0
 21 83344.000 89992.000 0 0 0.000 0.000 0.000 0.144 0 1 0 0 0 0
 22 85034.000 113604.000 0 0 0.000 0.000 0.000 0.132 0 1 0 0 0 0
 23 120035.000 96997.000 0 0 0.000 0.000 0.000 0.131 0 1 0 0 0 0
 24 120674.000 98111.000 0 0 0.000 0.000 0.000 0.132 0 1 0 0 0 0
 25 79013.000 100062.000 0 0 0.000 0.000 0.000 0.137 0 1 0 0 0 0
 26 121265.000 102180.000 0 0 0.000 0.000 0.000 0.133 0 1 0 0 0 0
 27 116562.000 115188.000 0 0 0.000 0.000 0.000 0.138 0 1 0 0 0 0
 28 92497.000 122427.000 0 0 0.000 0.000 0.000 0.151 0 1 0 0 0 0
 29 120899.000 89650.000 0 0 0.000 0.000 0.000 0.131 0 1 0 0 0 0
 30 120193.000 87893.000 0 0 0.000 0.000 0.000 0.154 0 1 0 0 0 0
 31 76870.000 106915.000 0 0 0.000 0.000 0.000 0.147 0 1 0 0 0 0
 32 87512.000 78969.000 0 0 0.000 0.000 0.000 0.132 0 1 0 0 0 0
 33 75246.000 96527.000 0 0 0.000 0.000 0.000 0.150 0 1 0 0 0 0
 34 115224.000 120556.000 0 0 0.000 0.000 0.000 0.134 0 1 0 0 0 0
 35 78390.000 113971.000 0 0 0.000 0.000 0.000 0.132 0 1 0 0 0 0
 36 123380.000 110612.000 0 0 0.000 0.000 0.000 0.133 0 1 0 0 0 0
 37 117105.000 119816.000 0 0 0.000 0.000 0.000 0.135 0 1 0 0 0 0
 38 124957.000 92913.000 0 0 0.000 0.000 0.000 0.142 0 1 0 0 0 0
 39 118544.000 81658.000 0 0 0.000 0.000 0.000 0.130 0 1 0 0 0 0
 40 126173.000 96005.000 0 0 0.000 0.000 0.000 0.145 0 1 0 0 0 0
 41 121714.000 84449.000 0 0 0.000 0.000 0.000 0.152 0 1 0 0 0 0
 42 74484.000 109292.000 0 0 0.000 0.000 0.000 0.148 0 1 0 0 0 0
 43 127268.000 98298.000 0 0 0.000 0.000 0.000 0.136 0 1 0 0 0 0
 44 104984.000 127219.000 0 0 0.000 0.000 0.000 0.137 0 1 0 0 0 0
 45 74819.000 111163.000 0 0 0.000 0.000 0.000 0.159 0 1 0 0 0 0
 46 117588.000 79153.000 0 0 0.000 0.000 0.000 0.160 0 1 0 0 0 0
 47 72962.000 106068.000 0 0 0.000 0.000 0.000 0.137 0 1 0 0 0 0
 48 120969.000 119597.000 0 0 0.000 0.000 0.000 0.136 0 1 0 0 0 0
 49 113235.000 74815.000 0 0 0.000 0.000 0.000 0.135 0 1 0 0 0 0
 50 128610.000 103319.000 0 0 0.000 0.000 0.000 0.168 0 1 0 0 0 0
 51 128784.000 105581.000 0 0 0.000 0.000 0.000 0.136 0 1 0 0 0 0
 52 79202.000 78783.000 0 0 0.000 0.000 0.000 0.134 0 1 0 0 0 0
 53 129528.000 92662.000 0 0 0.000 0.000 0.000 0.143 0 1 0 0 0 0
 54 93826.000 70207.000 0 0 0.000 0.000 0.000 0.152 0 1 0 0 0 0
 55 69436.000 96428.000 0 0 0.000 0.000 0.000 0.145 0 1 0 0 0 0
 56 120245.000 76992.000 0 0 0.000 0.000 0.000 0.140 0 1 0 0 0 0
 57 127238.000 85427.000 0 0 0.000 0.000 0.000 0.167 0 1 0 0 0 0
 58 68836.000 99416.000 0 0 0.000 0.000 0.000 0.132 0 1 0 0 0 0
 59 94313.000 69560.000 0 0 0.000 0.000 0.000 0.137 0 1 0 0 0 0
 60 74110.000 81433.000 0 0 0.000 0.000 0.000 0.142 0 1 0 0 0 0
 61 89248.000 70081.000 0 0 0.000 0.000 0.000 0.134 0 1 0 0 0 0
 62 72344.000 83261.000 0 0 0.000 0.000 0.000 0.130 0 1 0 0 0 0
 63 87244.000 130125.000 0 0 0.000 0.000 0.000 0.133 0 1 0 0 0 0
 64 79217.000 75192.000 0 0 0.000 0.000 0.000 0.142 0 1 0 0 0 0
 65 132213.000 104913.000 0 0 0.000 0.000 0.000 0.132 0 1 0 0 0 0
 66 100829.000 67339.000 0 0 0.000 0.000 0.000 0.137 0 1 0 0 0 0
 67 129211.000 84775.000 0 0 0.000 0.000 0.000 0.133 0 1 0 0 0 0
 68 67772.000 91418.000 0 0 0.000 0.000 0.000 0.165 0 1 0 0 0 0
 69 130009.000 114753.000 0 0 0.000 0.000 0.000 0.150 0 1 0 0 0 0
 70 95443.000 67028.000 0 0 0.000 0.000 0.000 0.143 0 1 0 0 0 0
 71 133545.000 103743.000 0 0 0.000 0.000 0.000 0.133 0 1 0 0 0 0
 72 86343.000 69156.000 0 0 0.000 0.000 0.000 0.157 0 1 0 0 0 0
 73 68016.000 112279.000 0 0 0.000 0.000 0.000 0.133 0 1 0 0 0 0
 74 100663.000 65836.000 0 0 0.000 0.000 0.000 0.147 0 1 0 0 0 0
 75 132995.000 88945.000 0 0 0.000 0.000 0.000 0.138 0 1 0 0 0 0
 76 108099.000 134210.000 0 0 0.000 0.000 0.000 0.130 0 1 0 0 0 0
 77 67449.000 87234.000 0 0 0.000 0.000 0.000 0.157 0 1 0 0 0 0
 78 115944.000 131446.000 0 0 0.000 0.000 0.000 0.147 0 1 0 0 0 0
 79 86475.000 132979.000 0 0 0.000 0.000 0.000 0.146 0 1 0 0 0 0
 80 120175.000 70791.000 0 0 0.000 0.000 0.000 0.142 0 1 0 0 0 0
 81 119403.000 69741.000 0 0 0.000 0.000 0.000 0.130 0 1 0 0 0 0
 82 63777.000 102620.000 0 0 0.000 0.000 0.000 0.134 0 1 0 0 0 0
 83 65001.000 88807.000 0 0 0.000 0.000 0.000 0.144 0 1 0 0 0 0
 84 65331.000 87939.000 0 0 0.000 0.000 0.000 0.130 0 1 0 0 0 0
 85 90741.000 64463.000 0 0 0.000 0.000 0.000 0.132 0 1 0 0 0 0
 86 114220.000 134349.000 0 0 0.000 0.000 0.000 0.141 0 1 0 0 0 0
 87 76374.000 128816.000 0 0 0.000 0.000 0.000 0.145 0 1 0 0 0 0
 88 65576.000 114823.000 0 0 0.000 0.000 0.000 0.140 0 1 0 0 0 0
 89 137367.000 96434.000 0 0 0.000 0.000 0.000 0.144 0 1 0 0 0 0
 90 124859.000 128619.000 0 0 0.000 0.000 0.000 0.162 0 1 0 0 0 0
 91 138270.000 94788.000 0 0 0.000 0.000 0.000 0.149 0 1 0 0 0 0
 92 85265.000 64364.000 0 0 0.000 0.000 0.000 0.147 0 1 0 0 0 0
 93 62060.000 91074.000 0 0 0.000 0.000 0.000 0.142 0 1 0 0 0 0
 94 133615.000 119832.000 0 0 0.000 0.000 0.000 0.149 0 1 0 0 0 0
 95 74107.000 129958.000 0 0 0.000 0.000 0.000 0.131 0 1 0 0 0 0
 96 138929.000 93658.000 0 0 0.000 0.000 0.000 0.131 0 1 0 0 0 0
 97 68238.000 76307.000 0 0 0.000 0.000 0.000 0.142 0 1 0 0 0 0
 98 117859.000 64738.000 0 0 0.000 0.000 0.000 0.134 0 1 0 0 0 0
 99 125094.000 69245.000 0 0 0.000 0.000 0.000 0.149 0 1 0 0 0 0
 100 101189.000 140372.000 0 0 0.000 0.000 0.000 0.143 0 1 0 0 0 0
 101 79476.000 135364.000 0 0 0.000 0.000 0.000 0.147 0 1 0 0 0 0
 102 63052.000 117274.000 0 0 0.000 0.000 0.000 0.143 0 1 0 0 0 0
 103 65315.000 78402.000 0 0 0.000 0.000 0.000 0.142 0 1 0 0 0 0
 104 140451.000 94440.000 0 0 0.000 0.000 0.000 0.158 0 1 0 0 0 0
 105 62451.000 116813.000 0 0 0.000 0.000 0.000 0.131 0 1 0 0 0 0
 106 72299.000 69779.000 0 0 0.000 0.000 0.000 0.136 0 1 0 0 0 0
 107 111430.000 140425.000 0 0 0.000 0.000 0.000 0.141 0 1 0 0 0 0
 108 120973.000 63938.000 0 0 0.000 0.000 0.000 0.140 0 1 0 0 0 0
 109 92250.000 141468.000 0 0 0.000 0.000 0.000 0.130 0 1 0 0 0 0
 110 63546.000 121485.000 0 0 0.000 0.000 0.000 0.145 0 1 0 0 0 0
 111 99133.000 57940.000 0 0 0.000 0.000 0.000 0.132 0 1 0 0 0 0
 112 101986.000 142452.000 0 0 0.000 0.000 0.000 0.130 0 1 0 0 0 0
 113 58142.000 92159.000 0 0 0.000 0.000 0.000 0.160 0 1 0 0 0 0
 114 98003.000 143232.000 0 0 0.000 0.000 0.000 0.130 0 1 0 0 0 0
 115 143049.000 99423.000 0 0 0.000 0.000 0.000 0.131 0 1 0 0 0 0
 116 57893.000 112232.000 0 0 0.000 0.000 0.000 0.138 0 1 0 0 0 0
 117 97214.000 56193.000 0 0 0.000 0.000 0.000 0.139 0 1 0 0 0 0
 118 72545.000 134898.000 0 0 0.000 0.000 0.000 0.137 0 1 0 0 0 0
 119 55914.000 96333.000 0 0 0.000 0.000 0.000 0.140 0 1 0 0 0 0
 120 55844.000 105374.000 0 0 0.000 0.000 0.000 0.151 0 1 0 0 0 0
 121 90109.000 144177.000 0 0 0.000 0.000 0.000 0.137 0 1 0 0 0 0
 122 54910.000 100229.000 0 0 0.000 0.000 0.000 0.130 0 1 0 0 0 0
 123 90488.000 144447.000 0 0 0.000 0.000 0.000 0.160 0 1 0 0 0 0
 124 76377.000 139003.000 0 0 0.000 0.000 0.000 0.142 0 1 0 0 0 0
 125 86704.000 56193.000 0 0 0.000 0.000 0.000 0.132 0 1 0 0 0 0
 126 121323.000 141044.000 0 0 0.000 0.000 0.000 0.131 0 1 0 0 0 0
 127 76370.000 60471.000 0 0 0.000 0.000 0.000 0.137 0 1 0 0 0 0
 128 98795.000 54050.000 0 0 0.000 0.000 0.000 0.142 0 1 0 0 0 0
 129 118099.000 57710.000 0 0 0.000 0.000 0.000 0.151 0 1 0 0 0 0
 130 123424.000 60361.000 0 0 0.000 0.000 0.000 0.132 0 1 0 0 0 0
 131 53407.000 100906.000 0 0 0.000 0.000 0.000 0.134 0 1 0 0 0 0
 132 146347.000 99229.000 0 0 0.000 0.000 0.000 0.130 0 1 0 0 0 0
 133 130503.000 64905.000 0 0 0.000 0.000 0.000 0.146 0 1 0 0 0 0
 134 108837.000 146150.000 0 0 0.000 0.000 0.000 0.146 0 1 0 0 0 0
 135 126257.000 139072.000 0 0 0.000 0.000 0.000 0.131 0 1 0 0 0 0
 136 57841.000 121007.000 0 0 0.000 0.000 0.000 0.131 0 1 0 0 0 0
 137 105832.000 147280.000 0 0 0.000 0.000 0.000 0.137 0 1 0 0 0 0
 138 97507.000 147728.000 0 0 0.000 0.000 0.000 0.134 0 1 0 0 0 0
 139 102079.000 52162.000 0 0 0.000 0.000 0.000 0.138 0 1 0 0 0 0
 140 121818.000 143049.000 0 0 0.000 0.000 0.000 0.135 0 1 0 0 0 0
 141 61495.000 129841.000 0 0 0.000 0.000 0.000 0.135 0 1 0 0 0 0
 142 76266.000 57458.000 0 0 0.000 0.000 0.000 0.145 0 1 0 0 0 0
 143 121503.000 56463.000 0 0 0.000 0.000 0.000 0.147 0 1 0 0 0 0
 144 148004.000 110139.000 0 0 0.000 0.000 0.000 0.133 0 1 0 0 0 0
 145 51611.000 109048.000 0 0 0.000 0.000 0.000 0.136 0 1 0 0 0 0
 146 144574.000 121169.000 0 0 0.000 0.000 0.000 0.135 0 1 0 0 0 0
 147 61480.000 131181.000 0 0 0.000 0.000 0.000 0.158 0 1 0 0 0 0
 148 103560.000 51077.000 0 0 0.000 0.000 0.000 0.130 0 1 0 0 0 0
 149 70194.000 60740.000 0 0 0.000 0.000 0.000 0.131 0 1 0 0 0 0
 150 132847.000 62894.000 0 0 0.000 0.000 0.000 0.490 0 1 0 0 0 0
 151 51646.000 86037.000 0 0 0.000 0.000 0.000 0.135 0 1 0 0 0 0
 152 131848.000 60848.000 0 0 0.000 0.000 0.000 200000.000 0 1 0 200 0 0
 153 51790.000 116755.000 0 0 0.000 0.000 0.000 0.147 0 1 0 0 0 0
 154 136345.000 136466.000 0 0 0.000 0.000 0.000 0.137 0 1 0 0 0 0
 155 105308.000 49107.000 0 0 0.000 0.000 0.000 0.149 0 1 0 0 0 0
 156 51531.000 81469.000 0 0 0.000 0.000 0.000 0.172 0 1 0 0 0 0
 157 86705.000 150690.000 0 0 0.000 0.000 0.000 0.133 0 1 0 0 0 0
 158 78232.000 147775.000 0 0 0.000 0.000 0.000 0.136 0 1 0 0 0 0
 159 133971.000 140021.000 0 0 0.000 0.000 0.000 0.142 0 1 0 0 0 0
 160 47553.000 101066.000 0 0 0.000 0.000 0.000 0.141 0 1 0 0 0 0
 161 153236.000 99876.000 0 0 0.000 0.000 0.000 0.132 0 1 0 0 0 0
 162 81053.000 49950.000 0 0 0.000 0.000 0.000 0.137 0 1 0 0 0 0
 163 75357.000 52429.000 0 0 0.000 0.000 0.000 0.136 0 1 0 0 0 0
 164 150844.000 118255.000 0 0 0.000 0.000 0.000 0.131 0 1 0 0 0 0
 165 74214.000 52016.000 0 0 0.000 0.000 0.000 0.144 0 1 0 0 0 0
 166 97457.000 155137.000 0 0 0.000 0.000 0.000 0.138 0 1 0 0 0 0
 167 110095.000 46261.000 0 0 0.000 0.000 0.000 0.141 0 1 0 0 0 0
 168 113363.000 153649.000 0 0 0.000 0.000 0.000 0.133 0 1 0 0 0 0
 169 77664.000 150643.000 0 0 0.000 0.000 0.000 0.134 0 1 0 0 0 0
 170 44963.000 94768.000 0 0 0.000 0.000 0.000 0.142 0 1 0 0 0 0
 171 142852.000 135277.000 0 0 0.000 0.000 0.000 0.131 0 1 0 0 0 0
 172 154823.000 89349.000 0 0 0.000 0.000 0.000 0.135 0 1 0 0 0 0
 173 44855.000 88352.000 0 0 0.000 0.000 0.000 0.138 0 1 0 0 0 0
 174 101848.000 43908.000 0 0 0.000 0.000 0.000 0.147 0 1 0 0 0 0
 175 101322.000 156732.000 0 0 0.000 0.000 0.000 0.133 0 1 0 0 0 0
 176 102279.000 157046.000 0 0 0.000 0.000 0.000 0.142 0 1 0 0 0 0
 177 94000.000 43546.000 0 0 0.000 0.000 0.000 0.145 0 1 0 0 0 0
 178 156473.000 108299.000 0 0 0.000 0.000 0.000 0.132 0 1 0 0 0 0
 179 43055.000 107412.000 0 0 0.000 0.000 0.000 0.142 0 1 0 0 0 0
 180 44025.000 113439.000 0 0 0.000 0.000 0.000 0.135 0 1 0 0 0 0
 181 108913.000 43244.000 0 0 0.000 0.000 0.000 0.131 0 1 0 0 0 0
 182 43323.000 114184.000 0 0 0.000 0.000 0.000 0.142 0 1 0 0 0 0
 183 41315.000 96952.000 0 0 0.000 0.000 0.000 0.144 0 1 0 0 0 0
 184 44119.000 82013.000 0 0 0.000 0.000 0.000 0.147 0 1 0 0 0 0
 185 126523.000 152670.000 0 0 0.000 0.000 0.000 0.133 0 1 0 0 0 0
 186 153346.000 75082.000 0 0 0.000 0.000 0.000 0.131 0 1 0 0 0 0
 187 73056.000 47416.000 0 0 0.000 0.000 0.000 0.143 0 1 0 0 0 0
 188 110902.000 41842.000 0 0 0.000 0.000 0.000 0.137 0 1 0 0 0 0
 189 99878.000 160300.000 0 0 0.000 0.000 0.000 0.135 0 1 0 0 0 0
 190 41569.000 86050.000 0 0 0.000 0.000 0.000 0.135 0 1 0 0 0 0
 191 51280.000 64553.000 0 0 0.000 0.000 0.000 0.141 0 1 0 0 0 0
 192 63521.000 149050.000 0 0 0.000 0.000 0.000 0.132 0 1 0 0 0 0
 193 103363.000 161165.000 0 0 0.000 0.000 0.000 0.139 0 1 0 0 0 0
 194 92417.000 160848.000 0 0 0.000 0.000 0.000 0.131 0 1 0 0 0 0
 195 107299.000 39515.000 0 0 0.000 0.000 0.000 0.138 0 1 0 0 0 0
 196 150241.000 64207.000 0 0 0.000 0.000 0.000 0.135 0 1 0 0 0 0
 197 86345.000 160765.000 0 0 0.000 0.000 0.000 0.136 0 1 0 0 0 0
 198 35874.000 92947.000 0 0 0.000 0.000 0.000 0.133 0 1 0 0 0 0
 199 62707.000 153236.000 0 0 0.000 0.000 0.000 0.140 0 1 0 0 0 0
 200 62619.000 154028.000 0 0 0.000 0.000 0.000 0.134 0 1 0 0 0 0
 201 38078.000 121746.000 0 0 0.000 0.000 0.000 0.131 0 1 0 0 0 0
 202 94819.000 34709.000 0 0 0.000 0.000 0.000 0.130 0 1 0 0 0 0
 203 132158.000 43044.000 0 0 0.000 0.000 0.000 0.131 0 1 0 0 0 0
 204 144881.000 52260.000 0 0 0.000 0.000 0.000 0.138 0 1 0 0 0 0
 205 100560.000 33700.000 0 0 0.000 0.000 0.000 0.141 0 1 0 0 0 0
 206 33551.000 87958.000 0 0 0.000 0.000 0.000 0.130 0 1 0 0 0 0
 207 104117.000 167791.000 0 0 0.000 0.000 0.000 0.140 0 1 0 0 0 0
 208 147013.000 50728.000 0 0 0.000 0.000 0.000 0.133 0 1 0 0 0 0
 209 144602.000 48077.000 0 0 0.000 0.000 0.000 0.130 0 1 0 0 0 0
 210 143427.000 46150.000 0 0 0.000 0.000 0.000 0.136 0 1 0 0 0 0
 211 147899.000 50076.000 0 0 0.000 0.000 0.000 0.133 0 1 0 0 0 0
 212 47747.000 146938.000 0 0 0.000 0.000 0.000 0.130 0 1 0 0 0 0
 213 141429.000 157334.000 0 0 0.000 0.000 0.000 0.130 0 1 0 0 0 0
 214 29017.000 103438.000 0 0 0.000 0.000 0.000 0.140 0 1 0 0 0 0
 215 29219.000 92554.000 0 0 0.000 0.000 0.000 0.132 0 1 0 0 0 0
 216 158608.000 60188.000 0 0 0.000 0.000 0.000 0.130 0 1 0 0 0 0
 217 69286.000 164486.000 0 0 0.000 0.000 0.000 0.140 0 1 0 0 0 0
 218 170208.000 81029.000 0 0 0.000 0.000 0.000 0.130 0 1 0 0 0 0
 219 170892.000 81695.000 0 0 0.000 0.000 0.000 0.134 0 1 0 0 0 0
 220 28715.000 81271.000 0 0 0.000 0.000 0.000 0.139 0 1 0 0 0 0
 221 172343.000 86527.000 0 0 0.000 0.000 0.000 0.145 0 1 0 0 0 0
 222 174377.000 105208.000 0 0 0.000 0.000 0.000 0.149 0 1 0 0 0 0
 223 150136.000 44955.000 0 0 0.000 0.000 0.000 0.130 0 1 0 0 0 0
 224 141261.000 162903.000 0 0 0.000 0.000 0.000 0.131 0 1 0 0 0 0
 225 37994.000 57538.000 0 0 0.000 0.000 0.000 0.131 0 1 0 0 0 0
 226 91509.000 22505.000 0 0 0.000 0.000 0.000 0.131 0 1 0 0 0 0
 227 128967.000 27522.000 0 0 0.000 0.000 0.000 0.130 0 1 0 0 0 0
 228 178089.000 105460.000 0 0 0.000 0.000 0.000 0.140 0 1 0 0 0 0
 229 139192.000 168119.000 0 0 0.000 0.000 0.000 0.130 0 1 0 0 0 0
 230 142728.000 167119.000 0 0 0.000 0.000 0.000 0.134 0 1 0 0 0 0
 231 30909.000 144452.000 0 0 0.000 0.000 0.000 0.136 0 1 0 0 0 0
 232 138487.000 173654.000 0 0 0.000 0.000 0.000 0.203 0 1 0 0 0 0
 233 161885.000 164600.000 0 0 0.000 0.000 0.000 200000.000 0 1 0 200 0 0
 234 116357.000 189315.000 0 0 0.000 0.000 0.000 0.219 0 1 0 0 0 0;
ProcessEquipmentIDList 1
  "6632" ;
SummarySpec 5
  TESTNO    NDEFECT    DEFDENSITY    NDIE    NDEFDIE  ;
SummaryList 
  1    234    0.8555    1    1  ;
EndOfFile;
