FileVersion 1 2;
FileTimestamp 01-07-26 11:58:11;
InspectionStationID "KLA-Tencor" "SFSSP1" "0901-0728-TBI";
SampleType WAFER;
ResultTimestamp 01-07-26 11:53:35;
LotID "2580";
SampleSize 1 200;
DeviceID "None";
SetupID "T2-2580NR" 01-07-26 11:53:35;
StepID "6542";
SampleOrientationMarkType NOTCH;
OrientationMarkLocation DOWN;
DiePitch 200000 200000;
DieOrigin 0 0;
WaferID "07";
Slot 7;
SampleCenterLocation 100000 100000;
ClassLookup 1
  0 "0"  ;
OrientationInstructions "Front";
CoordinatesMirrored No;
InspectionTest 1;
SampleTestPlan 1
  0 0 ;
AreaPerTest 2.73515e+010;
ClusterClassificationList 1
  1 200 ;
DefectRecordSpec 15 DEFECTID XREL YREL XINDEX YINDEX XSIZE YSIZE DEFECTAREA DSIZE CLASSNUMBER TEST CLUSTERNUMBER ROUGHBINNUMBER FINEBINNUMBER REVIEWSAMPLE ;
DefectList
 1 100958.000 100102.000 0 0 0.000 0.000 0.000 0.147 0 1 0 0 0 0
 2 100950.000 100121.000 0 0 0.000 0.000 0.000 0.130 0 1 0 0 0 0
 3 95328.000 93940.000 0 0 0.000 0.000 0.000 0.149 0 1 0 0 0 0
 4 105356.000 106721.000 0 0 0.000 0.000 0.000 0.131 0 1 0 0 0 0
 5 104615.000 109879.000 0 0 0.000 0.000 0.000 0.130 0 1 0 0 0 0
 6 110449.000 102976.000 0 0 0.000 0.000 0.000 0.146 0 1 0 0 0 0
 7 97583.000 110901.000 0 0 0.000 0.000 0.000 0.146 0 1 0 0 0 0
 8 94745.000 90368.000 0 0 0.000 0.000 0.000 0.131 0 1 0 0 0 0
 9 108211.000 91271.000 0 0 0.000 0.000 0.000 0.137 0 1 0 0 0 0
 10 89205.000 106253.000 0 0 0.000 0.000 0.000 0.144 0 1 0 0 0 0
 11 87555.000 101226.000 0 0 0.000 0.000 0.000 0.141 0 1 0 0 0 0
 12 99707.000 85537.000 0 0 0.000 0.000 0.000 0.154 0 1 0 0 0 0
 13 115393.000 97668.000 0 0 0.000 0.000 0.000 0.149 0 1 0 0 0 0
 14 92862.000 85982.000 0 0 0.000 0.000 0.000 0.138 0 1 0 0 0 0
 15 114061.000 107644.000 0 0 0.000 0.000 0.000 0.132 0 1 0 0 0 0
 16 116026.000 104493.000 0 0 0.000 0.000 0.000 0.142 0 1 0 0 0 0
 17 103714.000 116695.000 0 0 0.000 0.000 0.000 0.158 0 1 0 0 0 0
 18 85051.000 91668.000 0 0 0.000 0.000 0.000 0.152 0 1 0 0 0 0
 19 112442.000 112404.000 0 0 0.000 0.000 0.000 0.135 0 1 0 0 0 0
 20 112525.000 88004.000 0 0 0.000 0.000 0.000 0.132 0 1 0 0 0 0
 21 88502.000 86661.000 0 0 0.000 0.000 0.000 0.141 0 1 0 0 0 0
 22 93602.000 83448.000 0 0 0.000 0.000 0.000 0.145 0 1 0 0 0 0
 23 81408.000 96739.000 0 0 0.000 0.000 0.000 0.134 0 1 0 0 0 0
 24 87640.000 114857.000 0 0 0.000 0.000 0.000 0.131 0 1 0 0 0 0
 25 82698.000 92106.000 0 0 0.000 0.000 0.000 0.130 0 1 0 0 0 0
 26 79925.000 101129.000 0 0 0.000 0.000 0.000 0.135 0 1 0 0 0 0
 27 97541.000 120299.000 0 0 0.000 0.000 0.000 0.141 0 1 0 0 0 0
 28 82292.000 110782.000 0 0 0.000 0.000 0.000 0.140 0 1 0 0 0 0
 29 116237.000 112981.000 0 0 0.000 0.000 0.000 0.131 0 1 0 0 0 0
 30 84793.000 85698.000 0 0 0.000 0.000 0.000 0.143 0 1 0 0 0 0
 31 114646.000 84861.000 0 0 0.000 0.000 0.000 0.146 0 1 0 0 0 0
 32 78854.000 104180.000 0 0 0.000 0.000 0.000 0.138 0 1 0 0 0 0
 33 103859.000 122560.000 0 0 0.000 0.000 0.000 0.139 0 1 0 0 0 0
 34 77718.000 95518.000 0 0 0.000 0.000 0.000 0.152 0 1 0 0 0 0
 35 94542.000 78048.000 0 0 0.000 0.000 0.000 0.146 0 1 0 0 0 0
 36 100585.000 77363.000 0 0 0.000 0.000 0.000 0.146 0 1 0 0 0 0
 37 117884.000 114424.000 0 0 0.000 0.000 0.000 0.143 0 1 0 0 0 0
 38 106360.000 122653.000 0 0 0.000 0.000 0.000 0.142 0 1 0 0 0 0
 39 85006.000 81714.000 0 0 0.000 0.000 0.000 0.136 0 1 0 0 0 0
 40 112647.000 121741.000 0 0 0.000 0.000 0.000 0.143 0 1 0 0 0 0
 41 121393.000 114058.000 0 0 0.000 0.000 0.000 0.133 0 1 0 0 0 0
 42 77353.000 88424.000 0 0 0.000 0.000 0.000 0.144 0 1 0 0 0 0
 43 118331.000 82398.000 0 0 0.000 0.000 0.000 0.135 0 1 0 0 0 0
 44 83161.000 121321.000 0 0 0.000 0.000 0.000 0.135 0 1 0 0 0 0
 45 75005.000 90034.000 0 0 0.000 0.000 0.000 0.142 0 1 0 0 0 0
 46 90596.000 74863.000 0 0 0.000 0.000 0.000 0.130 0 1 0 0 0 0
 47 123938.000 113017.000 0 0 0.000 0.000 0.000 0.130 0 1 0 0 0 0
 48 89012.000 127043.000 0 0 0.000 0.000 0.000 0.153 0 1 0 0 0 0
 49 74121.000 85983.000 0 0 0.000 0.000 0.000 0.148 0 1 0 0 0 0
 50 95663.000 70942.000 0 0 0.000 0.000 0.000 0.142 0 1 0 0 0 0
 51 80880.000 125196.000 0 0 0.000 0.000 0.000 0.152 0 1 0 0 0 0
 52 71910.000 84874.000 0 0 0.000 0.000 0.000 0.130 0 1 0 0 0 0
 53 82667.000 127295.000 0 0 0.000 0.000 0.000 0.144 0 1 0 0 0 0
 54 81266.000 127187.000 0 0 0.000 0.000 0.000 0.135 0 1 0 0 0 0
 55 68720.000 110984.000 0 0 0.000 0.000 0.000 0.142 0 1 0 0 0 0
 56 133263.000 97240.000 0 0 0.000 0.000 0.000 0.136 0 1 0 0 0 0
 57 83101.000 129253.000 0 0 0.000 0.000 0.000 0.130 0 1 0 0 0 0
 58 84902.000 70355.000 0 0 0.000 0.000 0.000 0.130 0 1 0 0 0 0
 59 92637.000 67139.000 0 0 0.000 0.000 0.000 0.144 0 1 0 0 0 0
 60 133333.000 94104.000 0 0 0.000 0.000 0.000 0.135 0 1 0 0 0 0
 61 96802.000 134163.000 0 0 0.000 0.000 0.000 0.133 0 1 0 0 0 0
 62 128146.000 81013.000 0 0 0.000 0.000 0.000 0.134 0 1 0 0 0 0
 63 77776.000 126371.000 0 0 0.000 0.000 0.000 0.151 0 1 0 0 0 0
 64 131220.000 115408.000 0 0 0.000 0.000 0.000 0.135 0 1 0 0 0 0
 65 116430.000 130961.000 0 0 0.000 0.000 0.000 0.163 0 1 0 0 0 0
 66 65001.000 101321.000 0 0 0.000 0.000 0.000 0.132 0 1 0 0 0 0
 67 135069.000 103413.000 0 0 0.000 0.000 0.000 0.147 0 1 0 0 0 0
 68 70831.000 79098.000 0 0 0.000 0.000 0.000 0.136 0 1 0 0 0 0
 69 118052.000 69222.000 0 0 0.000 0.000 0.000 0.140 0 1 0 0 0 0
 70 70373.000 120879.000 0 0 0.000 0.000 0.000 0.134 0 1 0 0 0 0
 71 63422.000 100629.000 0 0 0.000 0.000 0.000 0.151 0 1 0 0 0 0
 72 86203.000 66310.000 0 0 0.000 0.000 0.000 0.146 0 1 0 0 0 0
 73 76721.000 129148.000 0 0 0.000 0.000 0.000 0.135 0 1 0 0 0 0
 74 134559.000 113751.000 0 0 0.000 0.000 0.000 0.135 0 1 0 0 0 0
 75 133182.000 83190.000 0 0 0.000 0.000 0.000 0.135 0 1 0 0 0 0
 76 134866.000 86866.000 0 0 0.000 0.000 0.000 0.155 0 1 0 0 0 0
 77 136845.000 92727.000 0 0 0.000 0.000 0.000 0.150 0 1 0 0 0 0
 78 69321.000 77495.000 0 0 0.000 0.000 0.000 0.141 0 1 0 0 0 0
 79 61290.000 99298.000 0 0 0.000 0.000 0.000 0.134 0 1 0 0 0 0
 80 116515.000 65011.000 0 0 0.000 0.000 0.000 0.144 0 1 0 0 0 0
 81 60972.000 99928.000 0 0 0.000 0.000 0.000 0.133 0 1 0 0 0 0
 82 102554.000 60676.000 0 0 0.000 0.000 0.000 0.133 0 1 0 0 0 0
 83 60746.000 107025.000 0 0 0.000 0.000 0.000 0.149 0 1 0 0 0 0
 84 137785.000 87760.000 0 0 0.000 0.000 0.000 0.149 0 1 0 0 0 0
 85 59841.000 104323.000 0 0 0.000 0.000 0.000 0.138 0 1 0 0 0 0
 86 82890.000 63335.000 0 0 0.000 0.000 0.000 0.150 0 1 0 0 0 0
 87 135140.000 121407.000 0 0 0.000 0.000 0.000 0.132 0 1 0 0 0 0
 88 109846.000 60196.000 0 0 0.000 0.000 0.000 0.160 0 1 0 0 0 0
 89 133503.000 76178.000 0 0 0.000 0.000 0.000 0.145 0 1 0 0 0 0
 90 136038.000 79584.000 0 0 0.000 0.000 0.000 0.142 0 1 0 0 0 0
 91 58915.000 108848.000 0 0 0.000 0.000 0.000 0.131 0 1 0 0 0 0
 92 120566.000 136710.000 0 0 0.000 0.000 0.000 0.131 0 1 0 0 0 0
 93 66895.000 126111.000 0 0 0.000 0.000 0.000 0.140 0 1 0 0 0 0
 94 96574.000 58335.000 0 0 0.000 0.000 0.000 0.132 0 1 0 0 0 0
 95 142656.000 95655.000 0 0 0.000 0.000 0.000 0.130 0 1 0 0 0 0
 96 88454.000 141823.000 0 0 0.000 0.000 0.000 0.146 0 1 0 0 0 0
 97 83288.000 59941.000 0 0 0.000 0.000 0.000 0.134 0 1 0 0 0 0
 98 120020.000 61394.000 0 0 0.000 0.000 0.000 0.130 0 1 0 0 0 0
 99 134938.000 126533.000 0 0 0.000 0.000 0.000 0.132 0 1 0 0 0 0
 100 126288.000 64921.000 0 0 0.000 0.000 0.000 0.141 0 1 0 0 0 0
 101 68481.000 69093.000 0 0 0.000 0.000 0.000 0.135 0 1 0 0 0 0
 102 55591.000 99222.000 0 0 0.000 0.000 0.000 0.140 0 1 0 0 0 0
 103 65154.000 128988.000 0 0 0.000 0.000 0.000 0.134 0 1 0 0 0 0
 104 69721.000 66432.000 0 0 0.000 0.000 0.000 0.148 0 1 0 0 0 0
 105 75121.000 62154.000 0 0 0.000 0.000 0.000 0.152 0 1 0 0 0 0
 106 140717.000 79965.000 0 0 0.000 0.000 0.000 0.130 0 1 0 0 0 0
 107 60890.000 123689.000 0 0 0.000 0.000 0.000 0.130 0 1 0 0 0 0
 108 109154.000 145207.000 0 0 0.000 0.000 0.000 0.141 0 1 0 0 0 0
 109 68100.000 66956.000 0 0 0.000 0.000 0.000 0.143 0 1 0 0 0 0
 110 102150.000 146569.000 0 0 0.000 0.000 0.000 0.132 0 1 0 0 0 0
 111 137215.000 128051.000 0 0 0.000 0.000 0.000 0.130 0 1 0 0 0 0
 112 71408.000 63301.000 0 0 0.000 0.000 0.000 0.131 0 1 0 0 0 0
 113 63950.000 69758.000 0 0 0.000 0.000 0.000 0.144 0 1 0 0 0 0
 114 70852.000 63074.000 0 0 0.000 0.000 0.000 0.138 0 1 0 0 0 0
 115 121273.000 142447.000 0 0 0.000 0.000 0.000 0.135 0 1 0 0 0 0
 116 143645.000 81413.000 0 0 0.000 0.000 0.000 0.131 0 1 0 0 0 0
 117 52350.000 101771.000 0 0 0.000 0.000 0.000 0.141 0 1 0 0 0 0
 118 52510.000 95236.000 0 0 0.000 0.000 0.000 0.130 0 1 0 0 0 0
 119 122032.000 57733.000 0 0 0.000 0.000 0.000 0.133 0 1 0 0 0 0
 120 59580.000 73885.000 0 0 0.000 0.000 0.000 0.149 0 1 0 0 0 0
 121 83486.000 54714.000 0 0 0.000 0.000 0.000 0.138 0 1 0 0 0 0
 122 112442.000 147219.000 0 0 0.000 0.000 0.000 0.143 0 1 0 0 0 0
 123 72867.000 141490.000 0 0 0.000 0.000 0.000 0.131 0 1 0 0 0 0
 124 81208.000 54641.000 0 0 0.000 0.000 0.000 0.133 0 1 0 0 0 0
 125 130902.000 61678.000 0 0 0.000 0.000 0.000 0.131 0 1 0 0 0 0
 126 57968.000 73714.000 0 0 0.000 0.000 0.000 0.134 0 1 0 0 0 0
 127 57262.000 74637.000 0 0 0.000 0.000 0.000 0.158 0 1 0 0 0 0
 128 91167.000 149655.000 0 0 0.000 0.000 0.000 0.150 0 1 0 0 0 0
 129 119337.000 147021.000 0 0 0.000 0.000 0.000 0.136 0 1 0 0 0 0
 130 93400.000 150490.000 0 0 0.000 0.000 0.000 0.134 0 1 0 0 0 0
 131 70715.000 141823.000 0 0 0.000 0.000 0.000 0.144 0 1 0 0 0 0
 132 113643.000 51223.000 0 0 0.000 0.000 0.000 0.447 0 1 0 0 0 0
 133 129763.000 58291.000 0 0 0.000 0.000 0.000 0.140 0 1 0 0 0 0
 134 116934.000 51536.000 0 0 0.000 0.000 0.000 0.142 0 1 0 0 0 0
 135 69288.000 142098.000 0 0 0.000 0.000 0.000 0.132 0 1 0 0 0 0
 136 150400.000 112821.000 0 0 0.000 0.000 0.000 0.131 0 1 0 0 0 0
 137 50500.000 83791.000 0 0 0.000 0.000 0.000 0.131 0 1 0 0 0 0
 138 150861.000 112941.000 0 0 0.000 0.000 0.000 0.138 0 1 0 0 0 0
 139 53061.000 76471.000 0 0 0.000 0.000 0.000 0.141 0 1 0 0 0 0
 140 60682.000 64698.000 0 0 0.000 0.000 0.000 0.139 0 1 0 0 0 0
 141 148112.000 76759.000 0 0 0.000 0.000 0.000 0.130 0 1 0 0 0 0
 142 142728.000 67360.000 0 0 0.000 0.000 0.000 0.131 0 1 0 0 0 0
 143 73692.000 52495.000 0 0 0.000 0.000 0.000 0.133 0 1 0 0 0 0
 144 79458.000 49769.000 0 0 0.000 0.000 0.000 0.138 0 1 0 0 0 0
 145 153048.000 87899.000 0 0 0.000 0.000 0.000 0.130 0 1 0 0 0 0
 146 44773.000 99836.000 0 0 0.000 0.000 0.000 0.147 0 1 0 0 0 0
 147 133776.000 144145.000 0 0 0.000 0.000 0.000 0.133 0 1 0 0 0 0
 148 67170.000 144890.000 0 0 0.000 0.000 0.000 0.132 0 1 0 0 0 0
 149 75581.000 150343.000 0 0 0.000 0.000 0.000 0.134 0 1 0 0 0 0
 150 121826.000 48869.000 0 0 0.000 0.000 0.000 0.157 0 1 0 0 0 0
 151 112363.000 154821.000 0 0 0.000 0.000 0.000 0.135 0 1 0 0 0 0
 152 84475.000 46222.000 0 0 0.000 0.000 0.000 0.146 0 1 0 0 0 0
 153 70613.000 148299.000 0 0 0.000 0.000 0.000 0.149 0 1 0 0 0 0
 154 131157.000 147472.000 0 0 0.000 0.000 0.000 0.140 0 1 0 0 0 0
 155 137325.000 57329.000 0 0 0.000 0.000 0.000 0.133 0 1 0 0 0 0
 156 60821.000 142443.000 0 0 0.000 0.000 0.000 0.137 0 1 0 0 0 0
 157 79152.000 154038.000 0 0 0.000 0.000 0.000 0.144 0 1 0 0 0 0
 158 101295.000 158083.000 0 0 0.000 0.000 0.000 0.161 0 1 0 0 0 0
 159 157416.000 92185.000 0 0 0.000 0.000 0.000 0.139 0 1 0 0 0 0
 160 68651.000 149991.000 0 0 0.000 0.000 0.000 0.140 0 1 0 0 0 0
 161 126694.000 47529.000 0 0 0.000 0.000 0.000 0.144 0 1 0 0 0 0
 162 155370.000 122272.000 0 0 0.000 0.000 0.000 0.135 0 1 0 0 0 0
 163 41029.000 90196.000 0 0 0.000 0.000 0.000 0.137 0 1 0 0 0 0
 164 51507.000 64642.000 0 0 0.000 0.000 0.000 0.136 0 1 0 0 0 0
 165 98328.000 40051.000 0 0 0.000 0.000 0.000 200000.000 0 1 0 200 0 0
 166 156828.000 79078.000 0 0 0.000 0.000 0.000 0.142 0 1 0 0 0 0
 167 154594.000 126690.000 0 0 0.000 0.000 0.000 0.131 0 1 0 0 0 0
 168 81034.000 158413.000 0 0 0.000 0.000 0.000 0.130 0 1 0 0 0 0
 169 75613.000 43993.000 0 0 0.000 0.000 0.000 0.131 0 1 0 0 0 0
 170 161725.000 94491.000 0 0 0.000 0.000 0.000 0.153 0 1 0 0 0 0
 171 38353.000 90833.000 0 0 0.000 0.000 0.000 0.141 0 1 0 0 0 0
 172 121585.000 41732.000 0 0 0.000 0.000 0.000 0.138 0 1 0 0 0 0
 173 74304.000 43130.000 0 0 0.000 0.000 0.000 0.141 0 1 0 0 0 0
 174 110924.000 37835.000 0 0 0.000 0.000 0.000 0.404 0 1 0 0 0 0
 175 111902.000 37065.000 0 0 0.000 0.000 0.000 0.135 0 1 0 0 0 0
 176 138173.000 48325.000 0 0 0.000 0.000 0.000 200000.000 0 1 0 200 0 0
 177 127956.000 158280.000 0 0 0.000 0.000 0.000 0.143 0 1 0 0 0 0
 178 35558.000 103159.000 0 0 0.000 0.000 0.000 0.136 0 1 0 0 0 0
 179 164308.000 105863.000 0 0 0.000 0.000 0.000 0.143 0 1 0 0 0 0
 180 53401.000 55333.000 0 0 0.000 0.000 0.000 0.132 0 1 0 0 0 0
 181 109067.000 36189.000 0 0 0.000 0.000 0.000 0.422 0 1 0 0 0 0
 182 164311.000 92007.000 0 0 0.000 0.000 0.000 0.144 0 1 0 0 0 0
 183 129283.000 158158.000 0 0 0.000 0.000 0.000 0.151 0 1 0 0 0 0
 184 116833.000 35212.000 0 0 0.000 0.000 0.000 200000.000 0 1 0 200 0 0
 185 33587.000 89153.000 0 0 0.000 0.000 0.000 0.136 0 1 0 0 0 0
 186 123395.000 36010.000 0 0 0.000 0.000 0.000 200000.000 0 1 0 200 0 0
 187 123332.000 36021.000 0 0 0.000 0.000 0.000 200000.000 0 1 0 200 0 0
 188 80140.000 32101.000 0 0 0.000 0.000 0.000 0.138 0 1 0 0 0 0
 189 48707.000 50518.000 0 0 0.000 0.000 0.000 0.139 0 1 0 0 0 0
 190 121468.000 31946.000 0 0 0.000 0.000 0.000 200000.000 0 1 0 200 0 0
 191 73244.000 166627.000 0 0 0.000 0.000 0.000 0.138 0 1 0 0 0 0
 192 102795.000 27994.000 0 0 0.000 0.000 0.000 0.146 0 1 0 0 0 0
 193 139587.000 39737.000 0 0 0.000 0.000 0.000 0.130 0 1 0 0 0 0
 194 162966.000 136518.000 0 0 0.000 0.000 0.000 0.146 0 1 0 0 0 0
 195 29591.000 80060.000 0 0 0.000 0.000 0.000 0.135 0 1 0 0 0 0
 196 25821.000 105753.000 0 0 0.000 0.000 0.000 0.137 0 1 0 0 0 0
 197 106038.000 175111.000 0 0 0.000 0.000 0.000 0.150 0 1 0 0 0 0
 198 81028.000 27256.000 0 0 0.000 0.000 0.000 0.147 0 1 0 0 0 0
 199 129697.000 30830.000 0 0 0.000 0.000 0.000 200000.000 0 1 0 200 0 0
 200 150386.000 43120.000 0 0 0.000 0.000 0.000 200000.000 0 1 0 200 0 0
 201 150272.000 43166.000 0 0 0.000 0.000 0.000 200000.000 0 1 0 200 0 0
 202 66794.000 169024.000 0 0 0.000 0.000 0.000 0.133 0 1 0 0 0 0
 203 175916.000 86780.000 0 0 0.000 0.000 0.000 0.138 0 1 0 0 0 0
 204 148858.000 40483.000 0 0 0.000 0.000 0.000 200000.000 0 1 0 200 0 0
 205 149221.000 38636.000 0 0 0.000 0.000 0.000 200000.000 0 1 0 200 0 0
 206 149286.000 38641.000 0 0 0.000 0.000 0.000 200000.000 0 1 0 200 0 0
 207 160026.000 48447.000 0 0 0.000 0.000 0.000 0.205 0 1 0 0 0 0
 208 159005.000 44454.000 0 0 0.000 0.000 0.000 0.235 0 1 0 0 0 0
 209 170629.000 58703.000 0 0 0.000 0.000 0.000 0.138 0 1 0 0 0 0
 210 141353.000 28967.000 0 0 0.000 0.000 0.000 0.284 0 1 0 0 0 0
 211 171224.000 58363.000 0 0 0.000 0.000 0.000 200000.000 0 1 0 200 0 0
 212 150664.000 34108.000 0 0 0.000 0.000 0.000 200000.000 0 1 0 200 0 0
 213 165568.000 49132.000 0 0 0.000 0.000 0.000 200000.000 0 1 0 200 0 0
 214 171081.000 58383.000 0 0 0.000 0.000 0.000 200000.000 0 1 0 200 0 0
 215 150553.000 34162.000 0 0 0.000 0.000 0.000 200000.000 0 1 0 200 0 0
 216 153399.000 35413.000 0 0 0.000 0.000 0.000 200000.000 0 1 0 200 0 0
 217 153269.000 35489.000 0 0 0.000 0.000 0.000 200000.000 0 1 0 200 0 0
 218 119149.000 17054.000 0 0 0.000 0.000 0.000 200000.000 0 1 0 200 0 0
 219 174780.000 56698.000 0 0 0.000 0.000 0.000 200000.000 0 1 0 200 0 0
 220 153748.000 32265.000 0 0 0.000 0.000 0.000 0.219 0 1 0 0 0 0
 221 170463.000 49341.000 0 0 0.000 0.000 0.000 0.263 0 1 0 0 0 0
 222 177420.000 60458.000 0 0 0.000 0.000 0.000 200000.000 0 1 0 200 0 0
 223 166621.000 41355.000 0 0 0.000 0.000 0.000 200000.000 0 1 0 200 0 0
 224 166460.000 41429.000 0 0 0.000 0.000 0.000 200000.000 0 1 0 200 0 0
 225 148638.000 25801.000 0 0 0.000 0.000 0.000 200000.000 0 1 0 200 0 0
 226 155564.000 30950.000 0 0 0.000 0.000 0.000 200000.000 0 1 0 200 0 0
 227 168561.000 41774.000 0 0 0.000 0.000 0.000 200000.000 0 1 0 200 0 0
 228 150163.000 25178.000 0 0 0.000 0.000 0.000 200000.000 0 1 0 200 0 0
 229 168470.000 41784.000 0 0 0.000 0.000 0.000 200000.000 0 1 0 200 0 0
 230 149951.000 25494.000 0 0 0.000 0.000 0.000 200000.000 0 1 0 200 0 0
 231 178537.000 53512.000 0 0 0.000 0.000 0.000 200000.000 0 1 0 200 0 0
 232 178629.000 53519.000 0 0 0.000 0.000 0.000 200000.000 0 1 0 200 0 0
 233 177729.000 51713.000 0 0 0.000 0.000 0.000 200000.000 0 1 0 200 0 0
 234 166092.000 35787.000 0 0 0.000 0.000 0.000 200000.000 0 1 0 200 0 0
 235 8432.000 113575.000 0 0 52.000 30.000 1560.000 39.496 0 1 1 200 0 0
 236 142062.000 17481.000 0 0 0.000 0.000 0.000 200000.000 0 1 0 200 0 0
 237 165686.000 36103.000 0 0 0.000 0.000 0.000 200000.000 0 1 0 200 0 0
 238 157411.000 27078.000 0 0 0.000 0.000 0.000 200000.000 0 1 0 200 0 0
 239 7844.000 113633.000 0 0 52.000 30.000 1560.000 39.496 0 1 1 200 0 0
 240 7783.000 113484.000 0 0 52.000 30.000 1560.000 39.496 0 1 1 200 0 0
 241 141981.000 17525.000 0 0 0.000 0.000 0.000 200000.000 0 1 0 200 0 0
 242 7524.000 113793.000 0 0 52.000 30.000 1560.000 39.496 0 1 1 200 0 0
 243 162159.000 30156.000 0 0 0.000 0.000 0.000 200000.000 0 1 0 200 0 0
 244 159527.000 27466.000 0 0 0.000 0.000 0.000 200000.000 0 1 0 200 0 0
 245 180758.000 51450.000 0 0 0.000 0.000 0.000 200000.000 0 1 0 200 0 0
 246 162049.000 30199.000 0 0 0.000 0.000 0.000 200000.000 0 1 0 200 0 0
 247 178374.000 46493.000 0 0 0.000 0.000 0.000 200000.000 0 1 0 200 0 0
 248 9405.000 113714.000 0 0 11.176 73.827 825.138 28.725 0 1 1 200 0 0
 249 9231.000 113712.000 0 0 22.348 147.938 3306.159 57.499 0 1 1 200 0 0
 250 9065.000 113749.000 0 0 18.456 122.062 2252.823 47.463 0 1 1 200 0 0
 251 8899.000 113785.000 0 0 23.128 152.846 3535.120 59.456 0 1 1 200 0 0
 252 8730.000 113806.000 0 0 32.430 214.385 6952.647 83.382 0 1 1 200 0 0
 253 8563.000 113842.000 0 0 33.177 219.158 7271.166 85.271 0 1 1 200 0 0
 254 8397.000 113879.000 0 0 37.258 245.895 9161.803 95.717 0 1 1 200 0 0
 255 8227.000 113899.000 0 0 31.316 206.770 6475.331 80.469 0 1 1 200 0 0
 256 8054.000 113892.000 0 0 36.627 242.410 8878.856 94.227 0 1 1 200 0 0
 257 7902.000 114015.000 0 0 2.014 13.240 26.679 5.165 0 1 1 200 0 0
 258 7886.000 113913.000 0 0 26.010 172.201 4479.131 66.926 0 1 1 200 0 0
 259 7721.000 113958.000 0 0 14.719 97.310 1432.360 37.846 0 1 1 200 0 0
 260 7553.000 113985.000 0 0 15.418 101.918 1571.450 39.641 0 1 1 200 0 0;
ProcessEquipmentIDList 1
  "6632" ;
SummarySpec 5
  TESTNO    NDEFECT    DEFDENSITY    NDIE    NDEFDIE  ;
SummaryList 
  1    260    0.9506    1    1  ;
EndOfFile;
