FileVersion 1 2;
FileTimestamp 01-07-26 23:39:56;
InspectionStationID "KLA-Tencor" "SFSSP1" "0901-0728-TBI";
SampleType WAFER;
ResultTimestamp 01-07-26 23:38:16;
LotID "2580";
SampleSize 1 200;
DeviceID "None";
SetupID "T2-2580NR" 01-07-26 23:38:16;
StepID "6545";
SampleOrientationMarkType NOTCH;
OrientationMarkLocation DOWN;
DiePitch 200000 200000;
DieOrigin 0 0;
WaferID "02";
Slot 2;
SampleCenterLocation 100000 100000;
ClassLookup 1
  0 "0"  ;
OrientationInstructions "Front";
CoordinatesMirrored No;
InspectionTest 1;
SampleTestPlan 1
  0 0 ;
AreaPerTest 2.73522e+010;
DefectRecordSpec 15 DEFECTID XREL YREL XINDEX YINDEX XSIZE YSIZE DEFECTAREA DSIZE CLASSNUMBER TEST CLUSTERNUMBER ROUGHBINNUMBER FINEBINNUMBER REVIEWSAMPLE ;
DefectList
 1 100435.000 104772.000 0 0 0.000 0.000 0.000 0.135 0 1 0 0 0 0
 2 102473.000 91688.000 0 0 0.000 0.000 0.000 0.133 0 1 0 0 0 0
 3 95048.000 92835.000 0 0 0.000 0.000 0.000 0.162 0 1 0 0 0 0
 4 91498.000 104436.000 0 0 0.000 0.000 0.000 0.138 0 1 0 0 0 0
 5 110357.000 102823.000 0 0 0.000 0.000 0.000 0.167 0 1 0 0 0 0
 6 96791.000 110647.000 0 0 0.000 0.000 0.000 0.149 0 1 0 0 0 0
 7 91113.000 92571.000 0 0 0.000 0.000 0.000 0.137 0 1 0 0 0 0
 8 100989.000 88140.000 0 0 0.000 0.000 0.000 0.136 0 1 0 0 0 0
 9 100555.000 87951.000 0 0 0.000 0.000 0.000 0.141 0 1 0 0 0 0
 10 104446.000 88069.000 0 0 0.000 0.000 0.000 0.133 0 1 0 0 0 0
 11 88805.000 94350.000 0 0 0.000 0.000 0.000 0.132 0 1 0 0 0 0
 12 93272.000 87915.000 0 0 0.000 0.000 0.000 0.145 0 1 0 0 0 0
 13 104592.000 112898.000 0 0 0.000 0.000 0.000 0.135 0 1 0 0 0 0
 14 86697.000 103497.000 0 0 0.000 0.000 0.000 0.131 0 1 0 0 0 0
 15 87133.000 93517.000 0 0 0.000 0.000 0.000 0.137 0 1 0 0 0 0
 16 114753.000 100110.000 0 0 0.000 0.000 0.000 0.168 0 1 0 0 0 0
 17 114992.000 98771.000 0 0 0.000 0.000 0.000 0.156 0 1 0 0 0 0
 18 91873.000 112676.000 0 0 0.000 0.000 0.000 0.147 0 1 0 0 0 0
 19 114569.000 105431.000 0 0 0.000 0.000 0.000 0.141 0 1 0 0 0 0
 20 116210.000 98577.000 0 0 0.000 0.000 0.000 0.150 0 1 0 0 0 0
 21 92059.000 115054.000 0 0 0.000 0.000 0.000 0.157 0 1 0 0 0 0
 22 85598.000 109225.000 0 0 0.000 0.000 0.000 0.153 0 1 0 0 0 0
 23 84304.000 107373.000 0 0 0.000 0.000 0.000 0.133 0 1 0 0 0 0
 24 100266.000 117705.000 0 0 0.000 0.000 0.000 0.137 0 1 0 0 0 0
 25 107636.000 83430.000 0 0 0.000 0.000 0.000 0.157 0 1 0 0 0 0
 26 106226.000 116850.000 0 0 0.000 0.000 0.000 0.134 0 1 0 0 0 0
 27 81011.000 93554.000 0 0 0.000 0.000 0.000 0.162 0 1 0 0 0 0
 28 106379.000 118843.000 0 0 0.000 0.000 0.000 0.202 0 1 0 0 0 0
 29 108813.000 118900.000 0 0 0.000 0.000 0.000 0.140 0 1 0 0 0 0
 30 81545.000 88567.000 0 0 0.000 0.000 0.000 0.144 0 1 0 0 0 0
 31 78340.000 105009.000 0 0 0.000 0.000 0.000 0.132 0 1 0 0 0 0
 32 81870.000 113656.000 0 0 0.000 0.000 0.000 0.130 0 1 0 0 0 0
 33 84433.000 82489.000 0 0 0.000 0.000 0.000 0.148 0 1 0 0 0 0
 34 104082.000 76480.000 0 0 0.000 0.000 0.000 0.151 0 1 0 0 0 0
 35 123617.000 104981.000 0 0 0.000 0.000 0.000 0.130 0 1 0 0 0 0
 36 89841.000 77080.000 0 0 0.000 0.000 0.000 0.137 0 1 0 0 0 0
 37 117663.000 117555.000 0 0 0.000 0.000 0.000 0.141 0 1 0 0 0 0
 38 101850.000 125195.000 0 0 0.000 0.000 0.000 0.130 0 1 0 0 0 0
 39 85539.000 121312.000 0 0 0.000 0.000 0.000 0.144 0 1 0 0 0 0
 40 80578.000 117225.000 0 0 0.000 0.000 0.000 0.136 0 1 0 0 0 0
 41 126764.000 99879.000 0 0 0.000 0.000 0.000 0.137 0 1 0 0 0 0
 42 77180.000 86189.000 0 0 0.000 0.000 0.000 0.148 0 1 0 0 0 0
 43 126747.000 100862.000 0 0 0.000 0.000 0.000 0.137 0 1 0 0 0 0
 44 125914.000 92317.000 0 0 0.000 0.000 0.000 0.132 0 1 0 0 0 0
 45 108801.000 125220.000 0 0 0.000 0.000 0.000 0.135 0 1 0 0 0 0
 46 127187.000 101690.000 0 0 0.000 0.000 0.000 0.149 0 1 0 0 0 0
 47 127595.000 95897.000 0 0 0.000 0.000 0.000 0.150 0 1 0 0 0 0
 48 124108.000 113870.000 0 0 0.000 0.000 0.000 0.148 0 1 0 0 0 0
 49 128356.000 98153.000 0 0 0.000 0.000 0.000 0.136 0 1 0 0 0 0
 50 71567.000 96937.000 0 0 0.000 0.000 0.000 0.140 0 1 0 0 0 0
 51 127231.000 90749.000 0 0 0.000 0.000 0.000 0.149 0 1 0 0 0 0
 52 117490.000 122420.000 0 0 0.000 0.000 0.000 0.149 0 1 0 0 0 0
 53 72756.000 89790.000 0 0 0.000 0.000 0.000 0.141 0 1 0 0 0 0
 54 97635.000 69035.000 0 0 0.000 0.000 0.000 0.136 0 1 0 0 0 0
 55 130112.000 92890.000 0 0 0.000 0.000 0.000 0.131 0 1 0 0 0 0
 56 89929.000 129008.000 0 0 0.000 0.000 0.000 0.138 0 1 0 0 0 0
 57 71178.000 88768.000 0 0 0.000 0.000 0.000 0.139 0 1 0 0 0 0
 58 69907.000 107723.000 0 0 0.000 0.000 0.000 0.143 0 1 0 0 0 0
 59 128999.000 87993.000 0 0 0.000 0.000 0.000 0.155 0 1 0 0 0 0
 60 73562.000 82350.000 0 0 0.000 0.000 0.000 0.133 0 1 0 0 0 0
 61 131611.000 93756.000 0 0 0.000 0.000 0.000 0.143 0 1 0 0 0 0
 62 101876.000 132619.000 0 0 0.000 0.000 0.000 0.150 0 1 0 0 0 0
 63 67300.000 96128.000 0 0 0.000 0.000 0.000 0.133 0 1 0 0 0 0
 64 69823.000 86673.000 0 0 0.000 0.000 0.000 0.158 0 1 0 0 0 0
 65 93935.000 132505.000 0 0 0.000 0.000 0.000 0.141 0 1 0 0 0 0
 66 109904.000 66680.000 0 0 0.000 0.000 0.000 0.139 0 1 0 0 0 0
 67 127825.000 79125.000 0 0 0.000 0.000 0.000 0.154 0 1 0 0 0 0
 68 84287.000 130958.000 0 0 0.000 0.000 0.000 0.153 0 1 0 0 0 0
 69 89657.000 66204.000 0 0 0.000 0.000 0.000 0.137 0 1 0 0 0 0
 70 123061.000 72642.000 0 0 0.000 0.000 0.000 0.150 0 1 0 0 0 0
 71 93145.000 134912.000 0 0 0.000 0.000 0.000 0.155 0 1 0 0 0 0
 72 92703.000 134788.000 0 0 0.000 0.000 0.000 0.146 0 1 0 0 0 0
 73 104605.000 135962.000 0 0 0.000 0.000 0.000 0.146 0 1 0 0 0 0
 74 66538.000 114363.000 0 0 0.000 0.000 0.000 0.136 0 1 0 0 0 0
 75 126330.000 125226.000 0 0 0.000 0.000 0.000 0.134 0 1 0 0 0 0
 76 83209.000 132290.000 0 0 0.000 0.000 0.000 0.154 0 1 0 0 0 0
 77 87238.000 64988.000 0 0 0.000 0.000 0.000 0.144 0 1 0 0 0 0
 78 128937.000 76500.000 0 0 0.000 0.000 0.000 0.151 0 1 0 0 0 0
 79 135716.000 87763.000 0 0 0.000 0.000 0.000 0.149 0 1 0 0 0 0
 80 62464.000 95595.000 0 0 0.000 0.000 0.000 0.138 0 1 0 0 0 0
 81 75872.000 70705.000 0 0 0.000 0.000 0.000 0.139 0 1 0 0 0 0
 82 137499.000 93201.000 0 0 0.000 0.000 0.000 0.135 0 1 0 0 0 0
 83 95208.000 137644.000 0 0 0.000 0.000 0.000 0.133 0 1 0 0 0 0
 84 98676.000 61228.000 0 0 0.000 0.000 0.000 200000.000 0 1 0 200 0 0
 85 64795.000 115449.000 0 0 0.000 0.000 0.000 0.136 0 1 0 0 0 0
 86 64303.000 114884.000 0 0 0.000 0.000 0.000 0.130 0 1 0 0 0 0
 87 60676.000 99393.000 0 0 0.000 0.000 0.000 0.138 0 1 0 0 0 0
 88 125670.000 69474.000 0 0 0.000 0.000 0.000 0.132 0 1 0 0 0 0
 89 60626.000 94678.000 0 0 0.000 0.000 0.000 0.139 0 1 0 0 0 0
 90 107571.000 60713.000 0 0 0.000 0.000 0.000 0.140 0 1 0 0 0 0
 91 60413.000 104309.000 0 0 0.000 0.000 0.000 0.130 0 1 0 0 0 0
 92 129408.000 72492.000 0 0 0.000 0.000 0.000 0.145 0 1 0 0 0 0
 93 84051.000 136651.000 0 0 0.000 0.000 0.000 0.142 0 1 0 0 0 0
 94 66999.000 122790.000 0 0 0.000 0.000 0.000 0.132 0 1 0 0 0 0
 95 76280.000 67254.000 0 0 0.000 0.000 0.000 0.136 0 1 0 0 0 0
 96 84371.000 62476.000 0 0 0.000 0.000 0.000 0.134 0 1 0 0 0 0
 97 73713.000 130559.000 0 0 0.000 0.000 0.000 0.136 0 1 0 0 0 0
 98 84801.000 61835.000 0 0 0.000 0.000 0.000 0.136 0 1 0 0 0 0
 99 140192.000 106917.000 0 0 0.000 0.000 0.000 0.205 0 1 0 0 0 0
 100 60031.000 109208.000 0 0 0.000 0.000 0.000 0.135 0 1 0 0 0 0
 101 87502.000 60192.000 0 0 0.000 0.000 0.000 0.143 0 1 0 0 0 0
 102 95129.000 58539.000 0 0 0.000 0.000 0.000 0.132 0 1 0 0 0 0
 103 132714.000 73738.000 0 0 0.000 0.000 0.000 0.287 0 1 0 0 0 0
 104 59842.000 112026.000 0 0 0.000 0.000 0.000 0.153 0 1 0 0 0 0
 105 78168.000 63688.000 0 0 0.000 0.000 0.000 0.177 0 1 0 0 0 0
 106 113509.000 59818.000 0 0 0.000 0.000 0.000 0.147 0 1 0 0 0 0
 107 132420.000 127095.000 0 0 0.000 0.000 0.000 0.153 0 1 0 0 0 0
 108 79543.000 136963.000 0 0 0.000 0.000 0.000 0.139 0 1 0 0 0 0
 109 68698.000 128343.000 0 0 0.000 0.000 0.000 0.134 0 1 0 0 0 0
 110 114312.000 59567.000 0 0 0.000 0.000 0.000 0.130 0 1 0 0 0 0
 111 93903.000 57036.000 0 0 0.000 0.000 0.000 0.137 0 1 0 0 0 0
 112 58809.000 113167.000 0 0 0.000 0.000 0.000 0.131 0 1 0 0 0 0
 113 138563.000 119827.000 0 0 0.000 0.000 0.000 0.145 0 1 0 0 0 0
 114 103489.000 143092.000 0 0 0.000 0.000 0.000 0.137 0 1 0 0 0 0
 115 81726.000 139334.000 0 0 0.000 0.000 0.000 0.165 0 1 0 0 0 0
 116 126660.000 134478.000 0 0 0.000 0.000 0.000 0.135 0 1 0 0 0 0
 117 100662.000 143447.000 0 0 0.000 0.000 0.000 0.157 0 1 0 0 0 0
 118 135359.000 126846.000 0 0 0.000 0.000 0.000 0.149 0 1 0 0 0 0
 119 55833.000 93522.000 0 0 0.000 0.000 0.000 0.150 0 1 0 0 0 0
 120 143796.000 90219.000 0 0 0.000 0.000 0.000 0.139 0 1 0 0 0 0
 121 72191.000 134990.000 0 0 0.000 0.000 0.000 0.145 0 1 0 0 0 0
 122 112858.000 56460.000 0 0 0.000 0.000 0.000 0.130 0 1 0 0 0 0
 123 129804.000 65715.000 0 0 0.000 0.000 0.000 0.171 0 1 0 0 0 0
 124 133757.000 130225.000 0 0 0.000 0.000 0.000 0.132 0 1 0 0 0 0
 125 145926.000 102955.000 0 0 0.000 0.000 0.000 0.150 0 1 0 0 0 0
 126 120377.000 141055.000 0 0 0.000 0.000 0.000 0.130 0 1 0 0 0 0
 127 75515.000 138871.000 0 0 0.000 0.000 0.000 0.134 0 1 0 0 0 0
 128 121443.000 58720.000 0 0 0.000 0.000 0.000 0.139 0 1 0 0 0 0
 129 61521.000 73602.000 0 0 0.000 0.000 0.000 0.136 0 1 0 0 0 0
 130 53297.000 104007.000 0 0 0.000 0.000 0.000 0.137 0 1 0 0 0 0
 131 119490.000 56859.000 0 0 0.000 0.000 0.000 0.134 0 1 0 0 0 0
 132 99362.000 147049.000 0 0 0.000 0.000 0.000 0.141 0 1 0 0 0 0
 133 93620.000 146560.000 0 0 0.000 0.000 0.000 0.146 0 1 0 0 0 0
 134 54722.000 86420.000 0 0 0.000 0.000 0.000 0.143 0 1 0 0 0 0
 135 120709.000 142420.000 0 0 0.000 0.000 0.000 0.142 0 1 0 0 0 0
 136 53243.000 108956.000 0 0 0.000 0.000 0.000 0.131 0 1 0 0 0 0
 137 129606.000 137350.000 0 0 0.000 0.000 0.000 0.133 0 1 0 0 0 0
 138 95138.000 147795.000 0 0 0.000 0.000 0.000 0.147 0 1 0 0 0 0
 139 87756.000 146601.000 0 0 0.000 0.000 0.000 0.133 0 1 0 0 0 0
 140 112710.000 52575.000 0 0 0.000 0.000 0.000 0.155 0 1 0 0 0 0
 141 123212.000 56660.000 0 0 0.000 0.000 0.000 0.139 0 1 0 0 0 0
 142 106054.000 148523.000 0 0 0.000 0.000 0.000 0.132 0 1 0 0 0 0
 143 50921.000 99867.000 0 0 0.000 0.000 0.000 0.140 0 1 0 0 0 0
 144 77655.000 143559.000 0 0 0.000 0.000 0.000 0.143 0 1 0 0 0 0
 145 78240.000 55624.000 0 0 0.000 0.000 0.000 0.131 0 1 0 0 0 0
 146 87683.000 52023.000 0 0 0.000 0.000 0.000 0.151 0 1 0 0 0 0
 147 145192.000 119903.000 0 0 0.000 0.000 0.000 0.150 0 1 0 0 0 0
 148 71381.000 59203.000 0 0 0.000 0.000 0.000 0.131 0 1 0 0 0 0
 149 142511.000 126407.000 0 0 0.000 0.000 0.000 0.135 0 1 0 0 0 0
 150 87570.000 51048.000 0 0 0.000 0.000 0.000 0.137 0 1 0 0 0 0
 151 57972.000 70854.000 0 0 0.000 0.000 0.000 0.149 0 1 0 0 0 0
 152 114157.000 50503.000 0 0 0.000 0.000 0.000 0.139 0 1 0 0 0 0
 153 151452.000 100816.000 0 0 0.000 0.000 0.000 0.160 0 1 0 0 0 0
 154 49262.000 108195.000 0 0 0.000 0.000 0.000 0.143 0 1 0 0 0 0
 155 113634.000 49984.000 0 0 0.000 0.000 0.000 0.140 0 1 0 0 0 0
 156 150561.000 89735.000 0 0 0.000 0.000 0.000 0.157 0 1 0 0 0 0
 157 78325.000 52836.000 0 0 0.000 0.000 0.000 0.141 0 1 0 0 0 0
 158 48435.000 93475.000 0 0 0.000 0.000 0.000 0.138 0 1 0 0 0 0
 159 92199.000 151341.000 0 0 0.000 0.000 0.000 0.136 0 1 0 0 0 0
 160 48425.000 92479.000 0 0 0.000 0.000 0.000 0.130 0 1 0 0 0 0
 161 141592.000 132092.000 0 0 0.000 0.000 0.000 0.134 0 1 0 0 0 0
 162 72530.000 54785.000 0 0 0.000 0.000 0.000 0.136 0 1 0 0 0 0
 163 140916.000 66013.000 0 0 0.000 0.000 0.000 0.134 0 1 0 0 0 0
 164 64093.000 60811.000 0 0 0.000 0.000 0.000 0.157 0 1 0 0 0 0
 165 108829.000 47417.000 0 0 0.000 0.000 0.000 0.168 0 1 0 0 0 0
 166 96688.000 152849.000 0 0 0.000 0.000 0.000 0.137 0 1 0 0 0 0
 167 131200.000 56546.000 0 0 0.000 0.000 0.000 0.160 0 1 0 0 0 0
 168 132347.000 57308.000 0 0 0.000 0.000 0.000 0.142 0 1 0 0 0 0
 169 67775.000 142172.000 0 0 0.000 0.000 0.000 0.142 0 1 0 0 0 0
 170 152348.000 110613.000 0 0 0.000 0.000 0.000 0.145 0 1 0 0 0 0
 171 114191.000 151629.000 0 0 0.000 0.000 0.000 0.141 0 1 0 0 0 0
 172 46630.000 93268.000 0 0 0.000 0.000 0.000 0.167 0 1 0 0 0 0
 173 154101.000 102440.000 0 0 0.000 0.000 0.000 0.132 0 1 0 0 0 0
 174 147575.000 125979.000 0 0 0.000 0.000 0.000 0.133 0 1 0 0 0 0
 175 48692.000 81841.000 0 0 0.000 0.000 0.000 0.138 0 1 0 0 0 0
 176 59653.000 63272.000 0 0 0.000 0.000 0.000 0.171 0 1 0 0 0 0
 177 90882.000 153769.000 0 0 0.000 0.000 0.000 0.140 0 1 0 0 0 0
 178 51110.000 125866.000 0 0 0.000 0.000 0.000 0.135 0 1 0 0 0 0
 179 126100.000 148801.000 0 0 0.000 0.000 0.000 0.151 0 1 0 0 0 0
 180 84622.000 153005.000 0 0 0.000 0.000 0.000 0.201 0 1 0 0 0 0
 181 122778.000 49047.000 0 0 0.000 0.000 0.000 0.136 0 1 0 0 0 0
 182 44596.000 105358.000 0 0 0.000 0.000 0.000 0.141 0 1 0 0 0 0
 183 47697.000 119765.000 0 0 0.000 0.000 0.000 0.171 0 1 0 0 0 0
 184 84675.000 45823.000 0 0 0.000 0.000 0.000 0.150 0 1 0 0 0 0
 185 68143.000 145991.000 0 0 0.000 0.000 0.000 0.140 0 1 0 0 0 0
 186 92427.000 155579.000 0 0 0.000 0.000 0.000 0.136 0 1 0 0 0 0
 187 131772.000 146730.000 0 0 0.000 0.000 0.000 0.143 0 1 0 0 0 0
 188 126837.000 150487.000 0 0 0.000 0.000 0.000 0.146 0 1 0 0 0 0
 189 47612.000 75995.000 0 0 0.000 0.000 0.000 0.137 0 1 0 0 0 0
 190 45237.000 80868.000 0 0 0.000 0.000 0.000 0.133 0 1 0 0 0 0
 191 125351.000 47218.000 0 0 0.000 0.000 0.000 0.130 0 1 0 0 0 0
 192 115789.000 156258.000 0 0 0.000 0.000 0.000 0.136 0 1 0 0 0 0
 193 83876.000 43367.000 0 0 0.000 0.000 0.000 0.133 0 1 0 0 0 0
 194 106093.000 41110.000 0 0 0.000 0.000 0.000 0.149 0 1 0 0 0 0
 195 156834.000 116207.000 0 0 0.000 0.000 0.000 0.151 0 1 0 0 0 0
 196 70530.000 151538.000 0 0 0.000 0.000 0.000 0.130 0 1 0 0 0 0
 197 131244.000 150820.000 0 0 0.000 0.000 0.000 0.132 0 1 0 0 0 0
 198 42820.000 80580.000 0 0 0.000 0.000 0.000 0.131 0 1 0 0 0 0
 199 154294.000 72701.000 0 0 0.000 0.000 0.000 0.151 0 1 0 0 0 0
 200 153110.000 129157.000 0 0 0.000 0.000 0.000 0.132 0 1 0 0 0 0
 201 37919.000 97966.000 0 0 0.000 0.000 0.000 0.132 0 1 0 0 0 0
 202 130595.000 154483.000 0 0 0.000 0.000 0.000 0.139 0 1 0 0 0 0
 203 39651.000 82023.000 0 0 0.000 0.000 0.000 0.140 0 1 0 0 0 0
 204 55854.000 144679.000 0 0 0.000 0.000 0.000 0.131 0 1 0 0 0 0
 205 36558.000 97655.000 0 0 0.000 0.000 0.000 0.137 0 1 0 0 0 0
 206 87670.000 162329.000 0 0 0.000 0.000 0.000 0.142 0 1 0 0 0 0
 207 104064.000 163559.000 0 0 0.000 0.000 0.000 0.130 0 1 0 0 0 0
 208 37627.000 85723.000 0 0 0.000 0.000 0.000 0.145 0 1 0 0 0 0
 209 163906.000 93112.000 0 0 0.000 0.000 0.000 0.134 0 1 0 0 0 0
 210 61123.000 150793.000 0 0 0.000 0.000 0.000 0.150 0 1 0 0 0 0
 211 41698.000 72866.000 0 0 0.000 0.000 0.000 0.136 0 1 0 0 0 0
 212 124631.000 40453.000 0 0 0.000 0.000 0.000 0.130 0 1 0 0 0 0
 213 63174.000 46744.000 0 0 0.000 0.000 0.000 0.130 0 1 0 0 0 0
 214 40533.000 125072.000 0 0 0.000 0.000 0.000 0.137 0 1 0 0 0 0
 215 144965.000 53196.000 0 0 0.000 0.000 0.000 0.165 0 1 0 0 0 0
 216 102193.000 164755.000 0 0 0.000 0.000 0.000 0.146 0 1 0 0 0 0
 217 160886.000 124603.000 0 0 0.000 0.000 0.000 0.148 0 1 0 0 0 0
 218 116199.000 163397.000 0 0 0.000 0.000 0.000 0.149 0 1 0 0 0 0
 219 75590.000 160911.000 0 0 0.000 0.000 0.000 0.152 0 1 0 0 0 0
 220 154082.000 137669.000 0 0 0.000 0.000 0.000 0.136 0 1 0 0 0 0
 221 40506.000 128152.000 0 0 0.000 0.000 0.000 0.130 0 1 0 0 0 0
 222 36532.000 81457.000 0 0 0.000 0.000 0.000 0.132 0 1 0 0 0 0
 223 120239.000 162909.000 0 0 0.000 0.000 0.000 0.140 0 1 0 0 0 0
 224 118771.000 35839.000 0 0 0.000 0.000 0.000 0.151 0 1 0 0 0 0
 225 90028.000 165915.000 0 0 0.000 0.000 0.000 0.139 0 1 0 0 0 0
 226 166283.000 89790.000 0 0 0.000 0.000 0.000 0.132 0 1 0 0 0 0
 227 148303.000 146798.000 0 0 0.000 0.000 0.000 0.131 0 1 0 0 0 0
 228 161010.000 70568.000 0 0 0.000 0.000 0.000 0.137 0 1 0 0 0 0
 229 38379.000 71701.000 0 0 0.000 0.000 0.000 0.131 0 1 0 0 0 0
 230 165072.000 80453.000 0 0 0.000 0.000 0.000 0.145 0 1 0 0 0 0
 231 150667.000 145872.000 0 0 0.000 0.000 0.000 0.134 0 1 0 0 0 0
 232 160216.000 66693.000 0 0 0.000 0.000 0.000 0.133 0 1 0 0 0 0
 233 107102.000 168321.000 0 0 0.000 0.000 0.000 0.137 0 1 0 0 0 0
 234 106085.000 168443.000 0 0 0.000 0.000 0.000 0.143 0 1 0 0 0 0
 235 37369.000 70892.000 0 0 0.000 0.000 0.000 0.157 0 1 0 0 0 0
 236 73645.000 34909.000 0 0 0.000 0.000 0.000 0.148 0 1 0 0 0 0
 237 40492.000 61588.000 0 0 0.000 0.000 0.000 0.137 0 1 0 0 0 0
 238 35887.000 69554.000 0 0 0.000 0.000 0.000 0.131 0 1 0 0 0 0
 239 29875.000 110494.000 0 0 0.000 0.000 0.000 0.143 0 1 0 0 0 0
 240 38562.000 64134.000 0 0 0.000 0.000 0.000 0.149 0 1 0 0 0 0
 241 91282.000 29022.000 0 0 0.000 0.000 0.000 0.136 0 1 0 0 0 0
 242 170999.000 107442.000 0 0 0.000 0.000 0.000 0.131 0 1 0 0 0 0
 243 64544.000 37104.000 0 0 0.000 0.000 0.000 0.148 0 1 0 0 0 0
 244 114098.000 28958.000 0 0 0.000 0.000 0.000 0.131 0 1 0 0 0 0
 245 172353.000 98028.000 0 0 0.000 0.000 0.000 0.136 0 1 0 0 0 0
 246 172531.000 93430.000 0 0 0.000 0.000 0.000 0.135 0 1 0 0 0 0
 247 95156.000 26500.000 0 0 0.000 0.000 0.000 0.134 0 1 0 0 0 0
 248 26659.000 105429.000 0 0 0.000 0.000 0.000 0.132 0 1 0 0 0 0
 249 162776.000 59420.000 0 0 0.000 0.000 0.000 0.130 0 1 0 0 0 0
 250 170597.000 126148.000 0 0 0.000 0.000 0.000 0.144 0 1 0 0 0 0
 251 102109.000 24226.000 0 0 0.000 0.000 0.000 0.132 0 1 0 0 0 0
 252 170547.000 66406.000 0 0 0.000 0.000 0.000 0.138 0 1 0 0 0 0
 253 129029.000 173129.000 0 0 0.000 0.000 0.000 0.147 0 1 0 0 0 0
 254 179725.000 85123.000 0 0 0.000 0.000 0.000 0.132 0 1 0 0 0 0
 255 139902.000 27652.000 0 0 0.000 0.000 0.000 0.137 0 1 0 0 0 0
 256 156021.000 37244.000 0 0 0.000 0.000 0.000 0.130 0 1 0 0 0 0
 257 113796.000 183121.000 0 0 0.000 0.000 0.000 0.332 0 1 0 0 0 0
 258 11231.000 100529.000 0 0 0.000 0.000 0.000 0.134 0 1 0 0 0 0
 259 73929.000 14498.000 0 0 0.000 0.000 0.000 0.149 0 1 0 0 0 0;
ProcessEquipmentIDList 1
  "6632" ;
SummarySpec 5
  TESTNO    NDEFECT    DEFDENSITY    NDIE    NDEFDIE  ;
SummaryList 
  1    259    0.9469    1    1  ;
EndOfFile;
