FileVersion 1 2;
FileTimestamp 01-08-26 23:25:44;
InspectionStationID "KLA-Tencor" "SFSSP1" "0901-0728-TBI";
SampleType WAFER;
ResultTimestamp 01-08-26 23:21:16;
LotID "2580";
SampleSize 1 200;
DeviceID "None";
SetupID "T2-2580NR" 01-08-26 23:21:16;
StepID "6625P";
SampleOrientationMarkType NOTCH;
OrientationMarkLocation DOWN;
DiePitch 200000 200000;
DieOrigin 0 0;
WaferID "06";
Slot 6;
SampleCenterLocation 100000 100000;
ClassLookup 1
  0 "0"  ;
OrientationInstructions "Front";
CoordinatesMirrored No;
InspectionTest 1;
SampleTestPlan 1
  0 0 ;
AreaPerTest 2.73517e+010;
DefectRecordSpec 15 DEFECTID XREL YREL XINDEX YINDEX XSIZE YSIZE DEFECTAREA DSIZE CLASSNUMBER TEST CLUSTERNUMBER ROUGHBINNUMBER FINEBINNUMBER REVIEWSAMPLE ;
DefectList
 1 102151.000 100839.000 0 0 0.000 0.000 0.000 0.141 0 1 0 0 0 0
 2 104485.000 103086.000 0 0 0.000 0.000 0.000 0.156 0 1 0 0 0 0
 3 105898.000 102531.000 0 0 0.000 0.000 0.000 0.151 0 1 0 0 0 0
 4 106602.000 103290.000 0 0 0.000 0.000 0.000 0.143 0 1 0 0 0 0
 5 103371.000 107276.000 0 0 0.000 0.000 0.000 0.131 0 1 0 0 0 0
 6 107871.000 98874.000 0 0 0.000 0.000 0.000 0.134 0 1 0 0 0 0
 7 90692.000 98745.000 0 0 0.000 0.000 0.000 0.132 0 1 0 0 0 0
 8 101728.000 90252.000 0 0 0.000 0.000 0.000 0.145 0 1 0 0 0 0
 9 92243.000 107585.000 0 0 0.000 0.000 0.000 0.131 0 1 0 0 0 0
 10 97566.000 110784.000 0 0 0.000 0.000 0.000 0.142 0 1 0 0 0 0
 11 101679.000 89270.000 0 0 0.000 0.000 0.000 0.140 0 1 0 0 0 0
 12 106286.000 109656.000 0 0 0.000 0.000 0.000 0.130 0 1 0 0 0 0
 13 103447.000 113066.000 0 0 0.000 0.000 0.000 0.130 0 1 0 0 0 0
 14 108858.000 90088.000 0 0 0.000 0.000 0.000 0.136 0 1 0 0 0 0
 15 91451.000 111888.000 0 0 0.000 0.000 0.000 0.145 0 1 0 0 0 0
 16 100074.000 85722.000 0 0 0.000 0.000 0.000 0.141 0 1 0 0 0 0
 17 90281.000 88704.000 0 0 0.000 0.000 0.000 0.142 0 1 0 0 0 0
 18 84238.000 101056.000 0 0 0.000 0.000 0.000 0.140 0 1 0 0 0 0
 19 91526.000 113891.000 0 0 0.000 0.000 0.000 0.145 0 1 0 0 0 0
 20 88979.000 112649.000 0 0 0.000 0.000 0.000 0.138 0 1 0 0 0 0
 21 86202.000 90380.000 0 0 0.000 0.000 0.000 0.156 0 1 0 0 0 0
 22 116078.000 93666.000 0 0 0.000 0.000 0.000 0.134 0 1 0 0 0 0
 23 82422.000 101087.000 0 0 0.000 0.000 0.000 0.137 0 1 0 0 0 0
 24 117062.000 94512.000 0 0 0.000 0.000 0.000 0.168 0 1 0 0 0 0
 25 115537.000 110133.000 0 0 0.000 0.000 0.000 0.140 0 1 0 0 0 0
 26 81228.000 102023.000 0 0 0.000 0.000 0.000 0.134 0 1 0 0 0 0
 27 114422.000 87985.000 0 0 0.000 0.000 0.000 0.140 0 1 0 0 0 0
 28 118635.000 96022.000 0 0 0.000 0.000 0.000 0.145 0 1 0 0 0 0
 29 119043.000 105320.000 0 0 0.000 0.000 0.000 0.175 0 1 0 0 0 0
 30 83862.000 111917.000 0 0 0.000 0.000 0.000 0.139 0 1 0 0 0 0
 31 81902.000 91941.000 0 0 0.000 0.000 0.000 0.131 0 1 0 0 0 0
 32 108636.000 82346.000 0 0 0.000 0.000 0.000 0.131 0 1 0 0 0 0
 33 119929.000 97778.000 0 0 0.000 0.000 0.000 0.149 0 1 0 0 0 0
 34 118126.000 109297.000 0 0 0.000 0.000 0.000 0.134 0 1 0 0 0 0
 35 105680.000 119836.000 0 0 0.000 0.000 0.000 0.137 0 1 0 0 0 0
 36 114051.000 85303.000 0 0 0.000 0.000 0.000 0.147 0 1 0 0 0 0
 37 108676.000 81259.000 0 0 0.000 0.000 0.000 0.130 0 1 0 0 0 0
 38 90741.000 119192.000 0 0 0.000 0.000 0.000 0.155 0 1 0 0 0 0
 39 79340.000 106140.000 0 0 0.000 0.000 0.000 0.132 0 1 0 0 0 0
 40 101594.000 78804.000 0 0 0.000 0.000 0.000 0.144 0 1 0 0 0 0
 41 120131.000 93009.000 0 0 0.000 0.000 0.000 0.136 0 1 0 0 0 0
 42 78338.000 97472.000 0 0 0.000 0.000 0.000 0.180 0 1 0 0 0 0
 43 108220.000 80042.000 0 0 0.000 0.000 0.000 0.153 0 1 0 0 0 0
 44 98170.000 78247.000 0 0 0.000 0.000 0.000 0.138 0 1 0 0 0 0
 45 110347.000 79894.000 0 0 0.000 0.000 0.000 0.135 0 1 0 0 0 0
 46 107584.000 121727.000 0 0 0.000 0.000 0.000 0.132 0 1 0 0 0 0
 47 104037.000 122788.000 0 0 0.000 0.000 0.000 0.141 0 1 0 0 0 0
 48 121848.000 93144.000 0 0 0.000 0.000 0.000 0.156 0 1 0 0 0 0
 49 120346.000 89472.000 0 0 0.000 0.000 0.000 0.158 0 1 0 0 0 0
 50 110129.000 121013.000 0 0 0.000 0.000 0.000 0.158 0 1 0 0 0 0
 51 76378.000 100867.000 0 0 0.000 0.000 0.000 0.150 0 1 0 0 0 0
 52 85200.000 81699.000 0 0 0.000 0.000 0.000 0.134 0 1 0 0 0 0
 53 91316.000 78040.000 0 0 0.000 0.000 0.000 0.139 0 1 0 0 0 0
 54 119701.000 113656.000 0 0 0.000 0.000 0.000 0.142 0 1 0 0 0 0
 55 98954.000 75928.000 0 0 0.000 0.000 0.000 0.152 0 1 0 0 0 0
 56 113872.000 120240.000 0 0 0.000 0.000 0.000 0.140 0 1 0 0 0 0
 57 102446.000 75612.000 0 0 0.000 0.000 0.000 0.149 0 1 0 0 0 0
 58 121099.000 113015.000 0 0 0.000 0.000 0.000 0.136 0 1 0 0 0 0
 59 113567.000 120992.000 0 0 0.000 0.000 0.000 0.135 0 1 0 0 0 0
 60 106207.000 76000.000 0 0 0.000 0.000 0.000 0.136 0 1 0 0 0 0
 61 74991.000 94046.000 0 0 0.000 0.000 0.000 0.158 0 1 0 0 0 0
 62 78694.000 114913.000 0 0 0.000 0.000 0.000 0.149 0 1 0 0 0 0
 63 76378.000 110734.000 0 0 0.000 0.000 0.000 0.143 0 1 0 0 0 0
 64 110115.000 124082.000 0 0 0.000 0.000 0.000 0.147 0 1 0 0 0 0
 65 112223.000 123469.000 0 0 0.000 0.000 0.000 0.137 0 1 0 0 0 0
 66 101094.000 126723.000 0 0 0.000 0.000 0.000 0.143 0 1 0 0 0 0
 67 78279.000 115871.000 0 0 0.000 0.000 0.000 0.138 0 1 0 0 0 0
 68 87786.000 76312.000 0 0 0.000 0.000 0.000 0.150 0 1 0 0 0 0
 69 106660.000 74193.000 0 0 0.000 0.000 0.000 0.153 0 1 0 0 0 0
 70 105926.000 73749.000 0 0 0.000 0.000 0.000 0.138 0 1 0 0 0 0
 71 121010.000 83186.000 0 0 0.000 0.000 0.000 0.140 0 1 0 0 0 0
 72 74237.000 109795.000 0 0 0.000 0.000 0.000 0.133 0 1 0 0 0 0
 73 79965.000 81540.000 0 0 0.000 0.000 0.000 0.140 0 1 0 0 0 0
 74 119944.000 81551.000 0 0 0.000 0.000 0.000 0.157 0 1 0 0 0 0
 75 92282.000 127462.000 0 0 0.000 0.000 0.000 0.134 0 1 0 0 0 0
 76 71773.000 96172.000 0 0 0.000 0.000 0.000 0.136 0 1 0 0 0 0
 77 128132.000 103321.000 0 0 0.000 0.000 0.000 0.132 0 1 0 0 0 0
 78 128875.000 96957.000 0 0 0.000 0.000 0.000 0.139 0 1 0 0 0 0
 79 90939.000 128112.000 0 0 0.000 0.000 0.000 0.130 0 1 0 0 0 0
 80 127744.000 111109.000 0 0 0.000 0.000 0.000 0.156 0 1 0 0 0 0
 81 81977.000 124090.000 0 0 0.000 0.000 0.000 0.138 0 1 0 0 0 0
 82 77836.000 80041.000 0 0 0.000 0.000 0.000 0.142 0 1 0 0 0 0
 83 103413.000 130098.000 0 0 0.000 0.000 0.000 0.154 0 1 0 0 0 0
 84 128438.000 90370.000 0 0 0.000 0.000 0.000 0.140 0 1 0 0 0 0
 85 129294.000 93629.000 0 0 0.000 0.000 0.000 0.154 0 1 0 0 0 0
 86 87579.000 128631.000 0 0 0.000 0.000 0.000 0.153 0 1 0 0 0 0
 87 131187.000 102046.000 0 0 0.000 0.000 0.000 0.160 0 1 0 0 0 0
 88 121343.000 76919.000 0 0 0.000 0.000 0.000 0.159 0 1 0 0 0 0
 89 68407.000 104524.000 0 0 0.000 0.000 0.000 0.138 0 1 0 0 0 0
 90 78209.000 123923.000 0 0 0.000 0.000 0.000 0.135 0 1 0 0 0 0
 91 90152.000 69266.000 0 0 0.000 0.000 0.000 0.150 0 1 0 0 0 0
 92 99981.000 132745.000 0 0 0.000 0.000 0.000 0.155 0 1 0 0 0 0
 93 76235.000 123689.000 0 0 0.000 0.000 0.000 0.145 0 1 0 0 0 0
 94 129200.000 116229.000 0 0 0.000 0.000 0.000 0.158 0 1 0 0 0 0
 95 132400.000 109748.000 0 0 0.000 0.000 0.000 0.140 0 1 0 0 0 0
 96 82116.000 129471.000 0 0 0.000 0.000 0.000 0.133 0 1 0 0 0 0
 97 86605.000 132447.000 0 0 0.000 0.000 0.000 0.132 0 1 0 0 0 0
 98 133698.000 90101.000 0 0 0.000 0.000 0.000 0.137 0 1 0 0 0 0
 99 92976.000 65619.000 0 0 0.000 0.000 0.000 0.145 0 1 0 0 0 0
 100 65218.000 91808.000 0 0 0.000 0.000 0.000 0.141 0 1 0 0 0 0
 101 128915.000 78795.000 0 0 0.000 0.000 0.000 0.205 0 1 0 0 0 0
 102 78033.000 71148.000 0 0 0.000 0.000 0.000 0.136 0 1 0 0 0 0
 103 66180.000 86230.000 0 0 0.000 0.000 0.000 0.142 0 1 0 0 0 0
 104 136499.000 101858.000 0 0 0.000 0.000 0.000 0.132 0 1 0 0 0 0
 105 124253.000 127786.000 0 0 0.000 0.000 0.000 0.136 0 1 0 0 0 0
 106 70872.000 123079.000 0 0 0.000 0.000 0.000 0.138 0 1 0 0 0 0
 107 63236.000 97087.000 0 0 0.000 0.000 0.000 0.131 0 1 0 0 0 0
 108 63325.000 95263.000 0 0 0.000 0.000 0.000 0.156 0 1 0 0 0 0
 109 78753.000 70087.000 0 0 0.000 0.000 0.000 0.143 0 1 0 0 0 0
 110 105659.000 63796.000 0 0 0.000 0.000 0.000 0.147 0 1 0 0 0 0
 111 136638.000 105686.000 0 0 0.000 0.000 0.000 0.149 0 1 0 0 0 0
 112 99487.000 62927.000 0 0 0.000 0.000 0.000 0.131 0 1 0 0 0 0
 113 62669.000 105575.000 0 0 0.000 0.000 0.000 0.138 0 1 0 0 0 0
 114 116226.000 66294.000 0 0 0.000 0.000 0.000 0.134 0 1 0 0 0 0
 115 137168.000 105721.000 0 0 0.000 0.000 0.000 0.144 0 1 0 0 0 0
 116 70814.000 75782.000 0 0 0.000 0.000 0.000 0.141 0 1 0 0 0 0
 117 78591.000 131688.000 0 0 0.000 0.000 0.000 0.145 0 1 0 0 0 0
 118 123795.000 130067.000 0 0 0.000 0.000 0.000 0.141 0 1 0 0 0 0
 119 127444.000 73444.000 0 0 0.000 0.000 0.000 0.161 0 1 0 0 0 0
 120 126329.000 128525.000 0 0 0.000 0.000 0.000 0.132 0 1 0 0 0 0
 121 106639.000 61640.000 0 0 0.000 0.000 0.000 0.141 0 1 0 0 0 0
 122 133620.000 80087.000 0 0 0.000 0.000 0.000 0.146 0 1 0 0 0 0
 123 121777.000 132907.000 0 0 0.000 0.000 0.000 0.150 0 1 0 0 0 0
 124 65289.000 80854.000 0 0 0.000 0.000 0.000 0.133 0 1 0 0 0 0
 125 118966.000 135604.000 0 0 0.000 0.000 0.000 0.135 0 1 0 0 0 0
 126 89612.000 139066.000 0 0 0.000 0.000 0.000 0.141 0 1 0 0 0 0
 127 80739.000 135599.000 0 0 0.000 0.000 0.000 0.132 0 1 0 0 0 0
 128 128633.000 71854.000 0 0 0.000 0.000 0.000 0.163 0 1 0 0 0 0
 129 131734.000 125107.000 0 0 0.000 0.000 0.000 0.156 0 1 0 0 0 0
 130 63310.000 118231.000 0 0 0.000 0.000 0.000 0.130 0 1 0 0 0 0
 131 59493.000 105850.000 0 0 0.000 0.000 0.000 0.137 0 1 0 0 0 0
 132 139673.000 90584.000 0 0 0.000 0.000 0.000 0.148 0 1 0 0 0 0
 133 140486.000 94975.000 0 0 0.000 0.000 0.000 0.135 0 1 0 0 0 0
 134 140380.000 107010.000 0 0 0.000 0.000 0.000 0.133 0 1 0 0 0 0
 135 125290.000 132786.000 0 0 0.000 0.000 0.000 0.160 0 1 0 0 0 0
 136 110309.000 140796.000 0 0 0.000 0.000 0.000 0.160 0 1 0 0 0 0
 137 93485.000 141674.000 0 0 0.000 0.000 0.000 0.132 0 1 0 0 0 0
 138 63564.000 121088.000 0 0 0.000 0.000 0.000 0.137 0 1 0 0 0 0
 139 59988.000 113309.000 0 0 0.000 0.000 0.000 0.146 0 1 0 0 0 0
 140 76434.000 65132.000 0 0 0.000 0.000 0.000 0.144 0 1 0 0 0 0
 141 81059.000 62414.000 0 0 0.000 0.000 0.000 0.138 0 1 0 0 0 0
 142 58123.000 93900.000 0 0 0.000 0.000 0.000 0.132 0 1 0 0 0 0
 143 121006.000 63079.000 0 0 0.000 0.000 0.000 0.137 0 1 0 0 0 0
 144 140365.000 86599.000 0 0 0.000 0.000 0.000 0.143 0 1 0 0 0 0
 145 57106.000 98257.000 0 0 0.000 0.000 0.000 0.152 0 1 0 0 0 0
 146 129421.000 131480.000 0 0 0.000 0.000 0.000 0.130 0 1 0 0 0 0
 147 61072.000 118528.000 0 0 0.000 0.000 0.000 0.145 0 1 0 0 0 0
 148 104653.000 143107.000 0 0 0.000 0.000 0.000 0.143 0 1 0 0 0 0
 149 95417.000 143879.000 0 0 0.000 0.000 0.000 0.133 0 1 0 0 0 0
 150 59608.000 117512.000 0 0 0.000 0.000 0.000 0.132 0 1 0 0 0 0
 151 57223.000 89492.000 0 0 0.000 0.000 0.000 0.132 0 1 0 0 0 0
 152 135408.000 126523.000 0 0 0.000 0.000 0.000 0.132 0 1 0 0 0 0
 153 118140.000 59584.000 0 0 0.000 0.000 0.000 0.136 0 1 0 0 0 0
 154 56072.000 91685.000 0 0 0.000 0.000 0.000 0.172 0 1 0 0 0 0
 155 67747.000 131409.000 0 0 0.000 0.000 0.000 0.141 0 1 0 0 0 0
 156 66625.000 130250.000 0 0 0.000 0.000 0.000 0.145 0 1 0 0 0 0
 157 59977.000 120443.000 0 0 0.000 0.000 0.000 0.149 0 1 0 0 0 0
 158 129712.000 66604.000 0 0 0.000 0.000 0.000 0.137 0 1 0 0 0 0
 159 62830.000 126079.000 0 0 0.000 0.000 0.000 0.160 0 1 0 0 0 0
 160 143803.000 111131.000 0 0 0.000 0.000 0.000 0.150 0 1 0 0 0 0
 161 122003.000 60150.000 0 0 0.000 0.000 0.000 0.148 0 1 0 0 0 0
 162 143833.000 113207.000 0 0 0.000 0.000 0.000 0.136 0 1 0 0 0 0
 163 63104.000 127660.000 0 0 0.000 0.000 0.000 0.134 0 1 0 0 0 0
 164 119830.000 58793.000 0 0 0.000 0.000 0.000 0.132 0 1 0 0 0 0
 165 146036.000 101897.000 0 0 0.000 0.000 0.000 0.130 0 1 0 0 0 0
 166 56714.000 83256.000 0 0 0.000 0.000 0.000 0.138 0 1 0 0 0 0
 167 92331.000 54441.000 0 0 0.000 0.000 0.000 0.135 0 1 0 0 0 0
 168 52950.000 98563.000 0 0 0.000 0.000 0.000 200000.000 0 1 0 200 0 0
 169 65027.000 131954.000 0 0 0.000 0.000 0.000 0.136 0 1 0 0 0 0
 170 52856.000 103493.000 0 0 0.000 0.000 0.000 0.133 0 1 0 0 0 0
 171 119523.000 143408.000 0 0 0.000 0.000 0.000 0.131 0 1 0 0 0 0
 172 135950.000 131522.000 0 0 0.000 0.000 0.000 0.158 0 1 0 0 0 0
 173 111211.000 146546.000 0 0 0.000 0.000 0.000 0.135 0 1 0 0 0 0
 174 144780.000 83055.000 0 0 0.000 0.000 0.000 0.130 0 1 0 0 0 0
 175 52852.000 90454.000 0 0 0.000 0.000 0.000 0.139 0 1 0 0 0 0
 176 104565.000 148245.000 0 0 0.000 0.000 0.000 0.143 0 1 0 0 0 0
 177 112344.000 53479.000 0 0 0.000 0.000 0.000 0.137 0 1 0 0 0 0
 178 63654.000 68052.000 0 0 0.000 0.000 0.000 0.169 0 1 0 0 0 0
 179 73009.000 59907.000 0 0 0.000 0.000 0.000 0.136 0 1 0 0 0 0
 180 92542.000 52354.000 0 0 0.000 0.000 0.000 0.158 0 1 0 0 0 0
 181 131489.000 62876.000 0 0 0.000 0.000 0.000 0.140 0 1 0 0 0 0
 182 123286.000 57262.000 0 0 0.000 0.000 0.000 0.131 0 1 0 0 0 0
 183 68669.000 62164.000 0 0 0.000 0.000 0.000 0.137 0 1 0 0 0 0
 184 132328.000 63041.000 0 0 0.000 0.000 0.000 0.149 0 1 0 0 0 0
 185 120631.000 55144.000 0 0 0.000 0.000 0.000 0.135 0 1 0 0 0 0
 186 85049.000 52600.000 0 0 0.000 0.000 0.000 0.135 0 1 0 0 0 0
 187 67431.000 138085.000 0 0 0.000 0.000 0.000 0.163 0 1 0 0 0 0
 188 79504.000 146279.000 0 0 0.000 0.000 0.000 0.134 0 1 0 0 0 0
 189 150166.000 102196.000 0 0 0.000 0.000 0.000 0.154 0 1 0 0 0 0
 190 133704.000 137510.000 0 0 0.000 0.000 0.000 0.162 0 1 0 0 0 0
 191 141920.000 128605.000 0 0 0.000 0.000 0.000 0.130 0 1 0 0 0 0
 192 73648.000 143754.000 0 0 0.000 0.000 0.000 0.153 0 1 0 0 0 0
 193 63336.000 64661.000 0 0 0.000 0.000 0.000 0.166 0 1 0 0 0 0
 194 48748.000 100299.000 0 0 0.000 0.000 0.000 0.132 0 1 0 0 0 0
 195 67212.000 60807.000 0 0 0.000 0.000 0.000 0.136 0 1 0 0 0 0
 196 56922.000 72335.000 0 0 0.000 0.000 0.000 0.130 0 1 0 0 0 0
 197 104535.000 48663.000 0 0 0.000 0.000 0.000 0.161 0 1 0 0 0 0
 198 51933.000 120573.000 0 0 0.000 0.000 0.000 200000.000 0 1 0 200 0 0
 199 48695.000 109553.000 0 0 0.000 0.000 0.000 0.139 0 1 0 0 0 0
 200 150641.000 112101.000 0 0 0.000 0.000 0.000 0.135 0 1 0 0 0 0
 201 72909.000 55529.000 0 0 0.000 0.000 0.000 0.130 0 1 0 0 0 0
 202 125756.000 54579.000 0 0 0.000 0.000 0.000 0.143 0 1 0 0 0 0
 203 64577.000 139188.000 0 0 0.000 0.000 0.000 0.147 0 1 0 0 0 0
 204 53550.000 125116.000 0 0 0.000 0.000 0.000 0.134 0 1 0 0 0 0
 205 108263.000 48187.000 0 0 0.000 0.000 0.000 0.147 0 1 0 0 0 0
 206 52306.000 120412.000 0 0 0.000 0.000 0.000 200000.000 0 1 0 200 0 0
 207 136296.000 138795.000 0 0 0.000 0.000 0.000 0.137 0 1 0 0 0 0
 208 47354.000 91763.000 0 0 0.000 0.000 0.000 0.139 0 1 0 0 0 0
 209 94385.000 46845.000 0 0 0.000 0.000 0.000 0.145 0 1 0 0 0 0
 210 102730.000 153998.000 0 0 0.000 0.000 0.000 0.131 0 1 0 0 0 0
 211 49953.000 80264.000 0 0 0.000 0.000 0.000 0.145 0 1 0 0 0 0
 212 63308.000 140035.000 0 0 0.000 0.000 0.000 0.140 0 1 0 0 0 0
 213 154031.000 95614.000 0 0 0.000 0.000 0.000 0.139 0 1 0 0 0 0
 214 86601.000 152950.000 0 0 0.000 0.000 0.000 0.136 0 1 0 0 0 0
 215 46538.000 110706.000 0 0 0.000 0.000 0.000 0.130 0 1 0 0 0 0
 216 49567.000 79446.000 0 0 0.000 0.000 0.000 0.134 0 1 0 0 0 0
 217 52047.000 126803.000 0 0 0.000 0.000 0.000 0.133 0 1 0 0 0 0
 218 150149.000 78238.000 0 0 0.000 0.000 0.000 0.136 0 1 0 0 0 0
 219 62133.000 60470.000 0 0 0.000 0.000 0.000 0.131 0 1 0 0 0 0
 220 47750.000 82888.000 0 0 0.000 0.000 0.000 0.131 0 1 0 0 0 0
 221 44571.000 97089.000 0 0 0.000 0.000 0.000 0.142 0 1 0 0 0 0
 222 115475.000 46951.000 0 0 0.000 0.000 0.000 0.132 0 1 0 0 0 0
 223 44543.000 96485.000 0 0 0.000 0.000 0.000 0.133 0 1 0 0 0 0
 224 151005.000 122204.000 0 0 0.000 0.000 0.000 0.130 0 1 0 0 0 0
 225 92432.000 155620.000 0 0 0.000 0.000 0.000 0.132 0 1 0 0 0 0
 226 49722.000 124924.000 0 0 0.000 0.000 0.000 0.139 0 1 0 0 0 0
 227 69302.000 53181.000 0 0 0.000 0.000 0.000 0.144 0 1 0 0 0 0
 228 45214.000 113576.000 0 0 0.000 0.000 0.000 0.132 0 1 0 0 0 0
 229 54809.000 134012.000 0 0 0.000 0.000 0.000 0.131 0 1 0 0 0 0
 230 75938.000 49085.000 0 0 0.000 0.000 0.000 0.142 0 1 0 0 0 0
 231 94615.000 156603.000 0 0 0.000 0.000 0.000 0.133 0 1 0 0 0 0
 232 43269.000 100366.000 0 0 0.000 0.000 0.000 0.142 0 1 0 0 0 0
 233 45658.000 83927.000 0 0 0.000 0.000 0.000 0.134 0 1 0 0 0 0
 234 85690.000 45444.000 0 0 0.000 0.000 0.000 0.137 0 1 0 0 0 0
 235 76295.000 48446.000 0 0 0.000 0.000 0.000 0.148 0 1 0 0 0 0
 236 123839.000 151988.000 0 0 0.000 0.000 0.000 0.138 0 1 0 0 0 0
 237 52468.000 68242.000 0 0 0.000 0.000 0.000 0.140 0 1 0 0 0 0
 238 118024.000 154529.000 0 0 0.000 0.000 0.000 0.156 0 1 0 0 0 0
 239 138584.000 143361.000 0 0 0.000 0.000 0.000 0.130 0 1 0 0 0 0
 240 51632.000 67929.000 0 0 0.000 0.000 0.000 0.160 0 1 0 0 0 0
 241 80000.000 45627.000 0 0 0.000 0.000 0.000 0.151 0 1 0 0 0 0
 242 134921.000 53734.000 0 0 0.000 0.000 0.000 0.131 0 1 0 0 0 0
 243 43157.000 113786.000 0 0 0.000 0.000 0.000 0.145 0 1 0 0 0 0
 244 44790.000 81297.000 0 0 0.000 0.000 0.000 0.132 0 1 0 0 0 0
 245 112028.000 42829.000 0 0 0.000 0.000 0.000 0.151 0 1 0 0 0 0
 246 96439.000 41251.000 0 0 0.000 0.000 0.000 0.134 0 1 0 0 0 0
 247 139168.000 144764.000 0 0 0.000 0.000 0.000 0.137 0 1 0 0 0 0
 248 43248.000 117758.000 0 0 0.000 0.000 0.000 0.137 0 1 0 0 0 0
 249 145805.000 137882.000 0 0 0.000 0.000 0.000 0.131 0 1 0 0 0 0
 250 113023.000 158190.000 0 0 0.000 0.000 0.000 0.145 0 1 0 0 0 0
 251 148552.000 65455.000 0 0 0.000 0.000 0.000 0.136 0 1 0 0 0 0
 252 49111.000 132557.000 0 0 0.000 0.000 0.000 0.134 0 1 0 0 0 0
 253 52490.000 62578.000 0 0 0.000 0.000 0.000 0.131 0 1 0 0 0 0
 254 52876.000 61419.000 0 0 0.000 0.000 0.000 0.153 0 1 0 0 0 0
 255 104152.000 162074.000 0 0 0.000 0.000 0.000 0.135 0 1 0 0 0 0
 256 140050.000 52763.000 0 0 0.000 0.000 0.000 0.132 0 1 0 0 0 0
 257 161464.000 90481.000 0 0 0.000 0.000 0.000 0.143 0 1 0 0 0 0
 258 80688.000 159749.000 0 0 0.000 0.000 0.000 0.144 0 1 0 0 0 0
 259 84445.000 39639.000 0 0 0.000 0.000 0.000 0.148 0 1 0 0 0 0
 260 139360.000 51547.000 0 0 0.000 0.000 0.000 0.130 0 1 0 0 0 0
 261 146999.000 141890.000 0 0 0.000 0.000 0.000 0.148 0 1 0 0 0 0
 262 52533.000 141770.000 0 0 0.000 0.000 0.000 0.135 0 1 0 0 0 0
 263 37642.000 110467.000 0 0 0.000 0.000 0.000 0.134 0 1 0 0 0 0
 264 36879.000 100574.000 0 0 0.000 0.000 0.000 0.130 0 1 0 0 0 0
 265 88949.000 37646.000 0 0 0.000 0.000 0.000 0.135 0 1 0 0 0 0
 266 159554.000 77522.000 0 0 0.000 0.000 0.000 0.146 0 1 0 0 0 0
 267 157623.000 127979.000 0 0 0.000 0.000 0.000 0.145 0 1 0 0 0 0
 268 159900.000 77662.000 0 0 0.000 0.000 0.000 0.134 0 1 0 0 0 0
 269 41110.000 73953.000 0 0 0.000 0.000 0.000 0.131 0 1 0 0 0 0
 270 146404.000 55521.000 0 0 0.000 0.000 0.000 0.134 0 1 0 0 0 0
 271 147878.000 57010.000 0 0 0.000 0.000 0.000 0.141 0 1 0 0 0 0
 272 155307.000 67099.000 0 0 0.000 0.000 0.000 0.150 0 1 0 0 0 0
 273 163404.000 112806.000 0 0 0.000 0.000 0.000 0.131 0 1 0 0 0 0
 274 153958.000 64491.000 0 0 0.000 0.000 0.000 0.156 0 1 0 0 0 0
 275 65317.000 45022.000 0 0 0.000 0.000 0.000 0.131 0 1 0 0 0 0
 276 113620.000 36478.000 0 0 0.000 0.000 0.000 0.135 0 1 0 0 0 0
 277 144869.000 52774.000 0 0 0.000 0.000 0.000 0.136 0 1 0 0 0 0
 278 39965.000 73716.000 0 0 0.000 0.000 0.000 0.153 0 1 0 0 0 0
 279 150782.000 141835.000 0 0 0.000 0.000 0.000 0.141 0 1 0 0 0 0
 280 119084.000 37118.000 0 0 0.000 0.000 0.000 0.145 0 1 0 0 0 0
 281 33714.000 96236.000 0 0 0.000 0.000 0.000 0.145 0 1 0 0 0 0
 282 104870.000 166635.000 0 0 0.000 0.000 0.000 0.138 0 1 0 0 0 0
 283 138196.000 45651.000 0 0 0.000 0.000 0.000 0.131 0 1 0 0 0 0
 284 160294.000 129128.000 0 0 0.000 0.000 0.000 0.137 0 1 0 0 0 0
 285 166400.000 108615.000 0 0 0.000 0.000 0.000 0.137 0 1 0 0 0 0
 286 69060.000 40404.000 0 0 0.000 0.000 0.000 0.152 0 1 0 0 0 0
 287 32446.000 98112.000 0 0 0.000 0.000 0.000 0.136 0 1 0 0 0 0
 288 34404.000 83702.000 0 0 0.000 0.000 0.000 0.141 0 1 0 0 0 0
 289 66366.000 159387.000 0 0 0.000 0.000 0.000 0.132 0 1 0 0 0 0
 290 101381.000 32132.000 0 0 0.000 0.000 0.000 0.131 0 1 0 0 0 0
 291 61295.000 43849.000 0 0 0.000 0.000 0.000 0.152 0 1 0 0 0 0
 292 82041.000 33895.000 0 0 0.000 0.000 0.000 0.135 0 1 0 0 0 0
 293 115868.000 32855.000 0 0 0.000 0.000 0.000 0.131 0 1 0 0 0 0
 294 148961.000 149222.000 0 0 0.000 0.000 0.000 0.153 0 1 0 0 0 0
 295 35367.000 75061.000 0 0 0.000 0.000 0.000 0.146 0 1 0 0 0 0
 296 36144.000 72881.000 0 0 0.000 0.000 0.000 0.147 0 1 0 0 0 0
 297 104385.000 30734.000 0 0 0.000 0.000 0.000 0.137 0 1 0 0 0 0
 298 139236.000 157743.000 0 0 0.000 0.000 0.000 0.151 0 1 0 0 0 0
 299 29996.000 105416.000 0 0 0.000 0.000 0.000 0.143 0 1 0 0 0 0
 300 40915.000 62180.000 0 0 0.000 0.000 0.000 0.131 0 1 0 0 0 0
 301 166750.000 77753.000 0 0 0.000 0.000 0.000 0.137 0 1 0 0 0 0
 302 115528.000 31186.000 0 0 0.000 0.000 0.000 0.146 0 1 0 0 0 0
 303 134231.000 38373.000 0 0 0.000 0.000 0.000 0.137 0 1 0 0 0 0
 304 149332.000 151744.000 0 0 0.000 0.000 0.000 0.137 0 1 0 0 0 0
 305 162771.000 134750.000 0 0 0.000 0.000 0.000 0.134 0 1 0 0 0 0
 306 158032.000 142219.000 0 0 0.000 0.000 0.000 0.132 0 1 0 0 0 0
 307 42521.000 57084.000 0 0 0.000 0.000 0.000 0.143 0 1 0 0 0 0
 308 53870.000 155435.000 0 0 0.000 0.000 0.000 0.156 0 1 0 0 0 0
 309 29555.000 114926.000 0 0 0.000 0.000 0.000 0.142 0 1 0 0 0 0
 310 101674.000 172169.000 0 0 0.000 0.000 0.000 0.133 0 1 0 0 0 0
 311 42772.000 144318.000 0 0 0.000 0.000 0.000 0.135 0 1 0 0 0 0
 312 64322.000 163505.000 0 0 0.000 0.000 0.000 0.138 0 1 0 0 0 0
 313 172396.000 95747.000 0 0 0.000 0.000 0.000 0.133 0 1 0 0 0 0
 314 48699.000 48568.000 0 0 0.000 0.000 0.000 0.147 0 1 0 0 0 0
 315 77025.000 30981.000 0 0 0.000 0.000 0.000 0.143 0 1 0 0 0 0
 316 138585.000 37638.000 0 0 0.000 0.000 0.000 0.132 0 1 0 0 0 0
 317 39545.000 57985.000 0 0 0.000 0.000 0.000 0.131 0 1 0 0 0 0
 318 95010.000 26630.000 0 0 0.000 0.000 0.000 0.134 0 1 0 0 0 0
 319 41477.000 54818.000 0 0 0.000 0.000 0.000 0.140 0 1 0 0 0 0
 320 102334.000 26255.000 0 0 0.000 0.000 0.000 0.138 0 1 0 0 0 0
 321 171214.000 123277.000 0 0 0.000 0.000 0.000 0.131 0 1 0 0 0 0
 322 98680.000 175531.000 0 0 0.000 0.000 0.000 0.132 0 1 0 0 0 0
 323 133230.000 167951.000 0 0 0.000 0.000 0.000 0.141 0 1 0 0 0 0
 324 97847.000 24717.000 0 0 0.000 0.000 0.000 0.150 0 1 0 0 0 0
 325 175400.000 102570.000 0 0 0.000 0.000 0.000 0.133 0 1 0 0 0 0
 326 124525.000 172219.000 0 0 0.000 0.000 0.000 0.138 0 1 0 0 0 0
 327 111640.000 175407.000 0 0 0.000 0.000 0.000 0.133 0 1 0 0 0 0
 328 53030.000 160196.000 0 0 0.000 0.000 0.000 0.155 0 1 0 0 0 0
 329 149921.000 41801.000 0 0 0.000 0.000 0.000 0.136 0 1 0 0 0 0
 330 22539.000 109643.000 0 0 0.000 0.000 0.000 0.156 0 1 0 0 0 0
 331 94393.000 22339.000 0 0 0.000 0.000 0.000 0.140 0 1 0 0 0 0
 332 177847.000 95619.000 0 0 0.000 0.000 0.000 0.141 0 1 0 0 0 0
 333 32081.000 61246.000 0 0 0.000 0.000 0.000 0.130 0 1 0 0 0 0
 334 38504.000 51550.000 0 0 0.000 0.000 0.000 0.131 0 1 0 0 0 0
 335 53217.000 163449.000 0 0 0.000 0.000 0.000 0.136 0 1 0 0 0 0
 336 21630.000 106810.000 0 0 0.000 0.000 0.000 0.134 0 1 0 0 0 0
 337 167876.000 60683.000 0 0 0.000 0.000 0.000 0.135 0 1 0 0 0 0
 338 112896.000 22545.000 0 0 0.000 0.000 0.000 0.138 0 1 0 0 0 0
 339 119693.000 24065.000 0 0 0.000 0.000 0.000 0.135 0 1 0 0 0 0
 340 173370.000 129265.000 0 0 0.000 0.000 0.000 0.137 0 1 0 0 0 0
 341 79945.000 23516.000 0 0 0.000 0.000 0.000 0.139 0 1 0 0 0 0
 342 108608.000 20645.000 0 0 0.000 0.000 0.000 0.130 0 1 0 0 0 0
 343 123920.000 23307.000 0 0 0.000 0.000 0.000 0.144 0 1 0 0 0 0
 344 21364.000 120412.000 0 0 0.000 0.000 0.000 0.139 0 1 0 0 0 0
 345 180258.000 111750.000 0 0 0.000 0.000 0.000 0.132 0 1 0 0 0 0
 346 72080.000 176630.000 0 0 0.000 0.000 0.000 0.136 0 1 0 0 0 0
 347 81570.000 20638.000 0 0 0.000 0.000 0.000 0.138 0 1 0 0 0 0
 348 150109.000 165907.000 0 0 0.000 0.000 0.000 0.130 0 1 0 0 0 0
 349 129103.000 22623.000 0 0 0.000 0.000 0.000 0.134 0 1 0 0 0 0
 350 46618.000 164012.000 0 0 0.000 0.000 0.000 0.141 0 1 0 0 0 0
 351 102436.000 17059.000 0 0 0.000 0.000 0.000 0.133 0 1 0 0 0 0
 352 182773.000 109877.000 0 0 0.000 0.000 0.000 0.136 0 1 0 0 0 0
 353 46329.000 165556.000 0 0 0.000 0.000 0.000 0.143 0 1 0 0 0 0
 354 79059.000 18427.000 0 0 0.000 0.000 0.000 0.257 0 1 0 0 0 0
 355 43695.000 164278.000 0 0 0.000 0.000 0.000 0.132 0 1 0 0 0 0
 356 66554.000 20990.000 0 0 0.000 0.000 0.000 0.135 0 1 0 0 0 0
 357 153053.000 31597.000 0 0 0.000 0.000 0.000 0.130 0 1 0 0 0 0
 358 16699.000 74131.000 0 0 0.000 0.000 0.000 0.131 0 1 0 0 0 0
 359 16570.000 127667.000 0 0 0.000 0.000 0.000 0.136 0 1 0 0 0 0
 360 17483.000 67563.000 0 0 0.000 0.000 0.000 0.130 0 1 0 0 0 0
 361 20050.000 146362.000 0 0 0.000 0.000 0.000 0.134 0 1 0 0 0 0;
ProcessEquipmentIDList 1
  "R404" ;
SummarySpec 5
  TESTNO    NDEFECT    DEFDENSITY    NDIE    NDEFDIE  ;
SummaryList 
  1    361    1.32    1    1  ;
EndOfFile;
