FileVersion 1 2;
FileTimestamp 01-08-26 22:19:54;
InspectionStationID "KLA-Tencor" "SFSSP1" "0901-0728-TBI";
SampleType WAFER;
ResultTimestamp 01-08-26 22:11:59;
LotID "2580";
SampleSize 1 200;
DeviceID "None";
SetupID "T2-2580NR" 01-08-26 22:11:59;
StepID "6625P";
SampleOrientationMarkType NOTCH;
OrientationMarkLocation DOWN;
DiePitch 200000 200000;
DieOrigin 0 0;
WaferID "13";
Slot 13;
SampleCenterLocation 100000 100000;
ClassLookup 1
  0 "0"  ;
OrientationInstructions "Front";
CoordinatesMirrored No;
InspectionTest 1;
SampleTestPlan 1
  0 0 ;
AreaPerTest 2.73517e+010;
ClusterClassificationList 2
  2 200 
  1 200 ;
DefectRecordSpec 15 DEFECTID XREL YREL XINDEX YINDEX XSIZE YSIZE DEFECTAREA DSIZE CLASSNUMBER TEST CLUSTERNUMBER ROUGHBINNUMBER FINEBINNUMBER REVIEWSAMPLE ;
DefectList
 1 103914.000 103074.000 0 0 0.000 0.000 0.000 0.143 0 1 0 0 0 0
 2 104953.000 100319.000 0 0 0.000 0.000 0.000 0.134 0 1 0 0 0 0
 3 96061.000 96327.000 0 0 0.000 0.000 0.000 0.146 0 1 0 0 0 0
 4 93212.000 102750.000 0 0 0.000 0.000 0.000 0.144 0 1 0 0 0 0
 5 98730.000 108309.000 0 0 0.000 0.000 0.000 0.130 0 1 0 0 0 0
 6 93799.000 94068.000 0 0 0.000 0.000 0.000 0.130 0 1 0 0 0 0
 7 96055.000 108242.000 0 0 0.000 0.000 0.000 0.133 0 1 0 0 0 0
 8 109919.000 100050.000 0 0 0.000 0.000 0.000 0.130 0 1 0 0 0 0
 9 109017.000 95362.000 0 0 0.000 0.000 0.000 0.151 0 1 0 0 0 0
 10 89831.000 90123.000 0 0 0.000 0.000 0.000 0.140 0 1 0 0 0 0
 11 109306.000 88805.000 0 0 0.000 0.000 0.000 0.143 0 1 0 0 0 0
 12 95861.000 85680.000 0 0 0.000 0.000 0.000 0.130 0 1 0 0 0 0
 13 98042.000 84323.000 0 0 0.000 0.000 0.000 0.140 0 1 0 0 0 0
 14 102941.000 83248.000 0 0 0.000 0.000 0.000 0.133 0 1 0 0 0 0
 15 82134.000 97726.000 0 0 0.000 0.000 0.000 0.134 0 1 0 0 0 0
 16 86461.000 112328.000 0 0 0.000 0.000 0.000 0.130 0 1 0 0 0 0
 17 109116.000 84244.000 0 0 0.000 0.000 0.000 0.132 0 1 0 0 0 0
 18 114314.000 86958.000 0 0 0.000 0.000 0.000 0.132 0 1 0 0 0 0
 19 79952.000 103802.000 0 0 0.000 0.000 0.000 0.133 0 1 0 0 0 0
 20 120157.000 104398.000 0 0 0.000 0.000 0.000 0.134 0 1 0 0 0 0
 21 97051.000 120699.000 0 0 0.000 0.000 0.000 0.135 0 1 0 0 0 0
 22 121250.000 100244.000 0 0 0.000 0.000 0.000 0.134 0 1 0 0 0 0
 23 116703.000 113341.000 0 0 0.000 0.000 0.000 0.140 0 1 0 0 0 0
 24 78970.000 96093.000 0 0 0.000 0.000 0.000 0.145 0 1 0 0 0 0
 25 113699.000 117358.000 0 0 0.000 0.000 0.000 0.130 0 1 0 0 0 0
 26 84449.000 116361.000 0 0 0.000 0.000 0.000 0.133 0 1 0 0 0 0
 27 107483.000 121501.000 0 0 0.000 0.000 0.000 0.130 0 1 0 0 0 0
 28 116665.000 115460.000 0 0 0.000 0.000 0.000 0.137 0 1 0 0 0 0
 29 93482.000 122096.000 0 0 0.000 0.000 0.000 0.132 0 1 0 0 0 0
 30 107807.000 78557.000 0 0 0.000 0.000 0.000 0.163 0 1 0 0 0 0
 31 118410.000 114210.000 0 0 0.000 0.000 0.000 0.133 0 1 0 0 0 0
 32 118197.000 114634.000 0 0 0.000 0.000 0.000 0.141 0 1 0 0 0 0
 33 84843.000 82556.000 0 0 0.000 0.000 0.000 0.150 0 1 0 0 0 0
 34 76611.000 98002.000 0 0 0.000 0.000 0.000 0.150 0 1 0 0 0 0
 35 75773.000 101357.000 0 0 0.000 0.000 0.000 0.134 0 1 0 0 0 0
 36 115996.000 82183.000 0 0 0.000 0.000 0.000 0.170 0 1 0 0 0 0
 37 121511.000 113721.000 0 0 0.000 0.000 0.000 0.135 0 1 0 0 0 0
 38 116966.000 119184.000 0 0 0.000 0.000 0.000 0.137 0 1 0 0 0 0
 39 121141.000 115190.000 0 0 0.000 0.000 0.000 0.130 0 1 0 0 0 0
 40 124693.000 91657.000 0 0 0.000 0.000 0.000 0.131 0 1 0 0 0 0
 41 113379.000 77431.000 0 0 0.000 0.000 0.000 0.131 0 1 0 0 0 0
 42 93573.000 74144.000 0 0 0.000 0.000 0.000 0.143 0 1 0 0 0 0
 43 122552.000 117506.000 0 0 0.000 0.000 0.000 0.144 0 1 0 0 0 0
 44 120994.000 81019.000 0 0 0.000 0.000 0.000 0.132 0 1 0 0 0 0
 45 118291.000 77732.000 0 0 0.000 0.000 0.000 0.132 0 1 0 0 0 0
 46 76953.000 118294.000 0 0 0.000 0.000 0.000 0.138 0 1 0 0 0 0
 47 128237.000 108469.000 0 0 0.000 0.000 0.000 0.149 0 1 0 0 0 0
 48 124058.000 116972.000 0 0 0.000 0.000 0.000 0.130 0 1 0 0 0 0
 49 119403.000 77705.000 0 0 0.000 0.000 0.000 0.137 0 1 0 0 0 0
 50 70158.000 96005.000 0 0 0.000 0.000 0.000 0.131 0 1 0 0 0 0
 51 68510.000 99508.000 0 0 0.000 0.000 0.000 0.133 0 1 0 0 0 0
 52 126311.000 82381.000 0 0 0.000 0.000 0.000 0.140 0 1 0 0 0 0
 53 84967.000 71911.000 0 0 0.000 0.000 0.000 0.131 0 1 0 0 0 0
 54 81755.000 73612.000 0 0 0.000 0.000 0.000 0.130 0 1 0 0 0 0
 55 84964.000 71321.000 0 0 0.000 0.000 0.000 0.133 0 1 0 0 0 0
 56 95187.000 133927.000 0 0 0.000 0.000 0.000 0.139 0 1 0 0 0 0
 57 90508.000 67555.000 0 0 0.000 0.000 0.000 0.131 0 1 0 0 0 0
 58 126596.000 78058.000 0 0 0.000 0.000 0.000 0.131 0 1 0 0 0 0
 59 103306.000 65478.000 0 0 0.000 0.000 0.000 0.147 0 1 0 0 0 0
 60 89427.000 66670.000 0 0 0.000 0.000 0.000 0.151 0 1 0 0 0 0
 61 128509.000 121813.000 0 0 0.000 0.000 0.000 0.146 0 1 0 0 0 0
 62 64855.000 107358.000 0 0 0.000 0.000 0.000 0.144 0 1 0 0 0 0
 63 105977.000 135886.000 0 0 0.000 0.000 0.000 0.136 0 1 0 0 0 0
 64 64318.000 106686.000 0 0 0.000 0.000 0.000 0.145 0 1 0 0 0 0
 65 109103.000 64951.000 0 0 0.000 0.000 0.000 0.134 0 1 0 0 0 0
 66 70102.000 78994.000 0 0 0.000 0.000 0.000 0.137 0 1 0 0 0 0
 67 132975.000 84350.000 0 0 0.000 0.000 0.000 0.131 0 1 0 0 0 0
 68 63978.000 91056.000 0 0 0.000 0.000 0.000 0.132 0 1 0 0 0 0
 69 133993.000 85475.000 0 0 0.000 0.000 0.000 0.147 0 1 0 0 0 0
 70 115977.000 66498.000 0 0 0.000 0.000 0.000 0.138 0 1 0 0 0 0
 71 118669.000 67684.000 0 0 0.000 0.000 0.000 0.144 0 1 0 0 0 0
 72 136575.000 109645.000 0 0 0.000 0.000 0.000 0.131 0 1 0 0 0 0
 73 137997.000 99210.000 0 0 0.000 0.000 0.000 0.143 0 1 0 0 0 0
 74 138379.000 100790.000 0 0 0.000 0.000 0.000 0.135 0 1 0 0 0 0
 75 74660.000 129216.000 0 0 0.000 0.000 0.000 0.131 0 1 0 0 0 0
 76 131223.000 122972.000 0 0 0.000 0.000 0.000 0.149 0 1 0 0 0 0
 77 135209.000 116936.000 0 0 0.000 0.000 0.000 0.140 0 1 0 0 0 0
 78 139737.000 97760.000 0 0 0.000 0.000 0.000 0.151 0 1 0 0 0 0
 79 103934.000 60283.000 0 0 0.000 0.000 0.000 0.142 0 1 0 0 0 0
 80 105647.000 140109.000 0 0 0.000 0.000 0.000 0.142 0 1 0 0 0 0
 81 67519.000 124418.000 0 0 0.000 0.000 0.000 0.146 0 1 0 0 0 0
 82 136858.000 117595.000 0 0 0.000 0.000 0.000 0.150 0 1 0 0 0 0
 83 100935.000 59212.000 0 0 0.000 0.000 0.000 0.135 0 1 0 0 0 0
 84 127493.000 69849.000 0 0 0.000 0.000 0.000 0.132 0 1 0 0 0 0
 85 105320.000 141114.000 0 0 0.000 0.000 0.000 0.136 0 1 0 0 0 0
 86 73800.000 67992.000 0 0 0.000 0.000 0.000 0.135 0 1 0 0 0 0
 87 140139.000 110586.000 0 0 0.000 0.000 0.000 0.137 0 1 0 0 0 0
 88 80998.000 137410.000 0 0 0.000 0.000 0.000 0.144 0 1 0 0 0 0
 89 83330.000 138948.000 0 0 0.000 0.000 0.000 0.157 0 1 0 0 0 0
 90 64214.000 123586.000 0 0 0.000 0.000 0.000 0.130 0 1 0 0 0 0
 91 59808.000 114956.000 0 0 0.000 0.000 0.000 0.136 0 1 0 0 0 0
 92 60283.000 83688.000 0 0 0.000 0.000 0.000 0.133 0 1 0 0 0 0
 93 132741.000 128975.000 0 0 0.000 0.000 0.000 0.136 0 1 0 0 0 0
 94 80940.000 60144.000 0 0 0.000 0.000 0.000 0.138 0 1 0 0 0 0
 95 144342.000 95159.000 0 0 0.000 0.000 0.000 0.136 0 1 0 0 0 0
 96 107400.000 55725.000 0 0 0.000 0.000 0.000 0.140 0 1 0 0 0 0
 97 69267.000 133373.000 0 0 0.000 0.000 0.000 0.302 0 1 0 0 0 0
 98 76056.000 138704.000 0 0 0.000 0.000 0.000 0.142 0 1 0 0 0 0
 99 68511.000 133131.000 0 0 0.000 0.000 0.000 0.150 0 1 0 0 0 0
 100 55314.000 91177.000 0 0 0.000 0.000 0.000 0.139 0 1 0 0 0 0
 101 143389.000 86642.000 0 0 0.000 0.000 0.000 0.169 0 1 0 0 0 0
 102 64577.000 70755.000 0 0 0.000 0.000 0.000 0.135 0 1 0 0 0 0
 103 67913.000 133922.000 0 0 0.000 0.000 0.000 0.200 0 1 0 0 0 0
 104 53056.000 99651.000 0 0 0.000 0.000 0.000 0.140 0 1 0 0 0 0
 105 82593.000 144284.000 0 0 0.000 0.000 0.000 0.139 0 1 0 0 0 0
 106 111084.000 53863.000 0 0 0.000 0.000 0.000 0.138 0 1 0 0 0 0
 107 53814.000 87894.000 0 0 0.000 0.000 0.000 0.154 0 1 0 0 0 0
 108 142421.000 77007.000 0 0 0.000 0.000 0.000 0.130 0 1 0 0 0 0
 109 121234.000 56065.000 0 0 0.000 0.000 0.000 0.131 0 1 0 0 0 0
 110 79337.000 55497.000 0 0 0.000 0.000 0.000 0.131 0 1 0 0 0 0
 111 131845.000 137910.000 0 0 0.000 0.000 0.000 0.131 0 1 0 0 0 0
 112 59992.000 71021.000 0 0 0.000 0.000 0.000 0.132 0 1 0 0 0 0
 113 107690.000 51216.000 0 0 0.000 0.000 0.000 0.135 0 1 0 0 0 0
 114 64141.000 136303.000 0 0 0.000 0.000 0.000 0.147 0 1 0 0 0 0
 115 76310.000 55228.000 0 0 0.000 0.000 0.000 0.132 0 1 0 0 0 0
 116 64092.000 136428.000 0 0 0.000 0.000 0.000 0.142 0 1 0 0 0 0
 117 150388.000 91249.000 0 0 0.000 0.000 0.000 0.137 0 1 0 0 0 0
 118 151790.000 103418.000 0 0 0.000 0.000 0.000 0.136 0 1 0 0 0 0
 119 71073.000 143890.000 0 0 0.000 0.000 0.000 0.152 0 1 0 0 0 0
 120 126686.000 146241.000 0 0 0.000 0.000 0.000 0.157 0 1 0 0 0 0
 121 152709.000 109287.000 0 0 0.000 0.000 0.000 0.140 0 1 0 0 0 0
 122 153751.000 102096.000 0 0 0.000 0.000 0.000 0.138 0 1 0 0 0 0
 123 133063.000 57594.000 0 0 0.000 0.000 0.000 0.131 0 1 0 0 0 0
 124 53064.000 71799.000 0 0 0.000 0.000 0.000 0.145 0 1 0 0 0 0
 125 154662.000 93922.000 0 0 0.000 0.000 0.000 0.141 0 1 0 0 0 0
 126 151938.000 81227.000 0 0 0.000 0.000 0.000 0.132 0 1 0 0 0 0
 127 117975.000 47323.000 0 0 0.000 0.000 0.000 0.131 0 1 0 0 0 0
 128 143042.000 64655.000 0 0 0.000 0.000 0.000 0.143 0 1 0 0 0 0
 129 77181.000 47993.000 0 0 0.000 0.000 0.000 0.145 0 1 0 0 0 0
 130 135259.000 145005.000 0 0 0.000 0.000 0.000 0.131 0 1 0 0 0 0
 131 81227.000 154330.000 0 0 0.000 0.000 0.000 0.130 0 1 0 0 0 0
 132 43332.000 110096.000 0 0 0.000 0.000 0.000 0.142 0 1 0 0 0 0
 133 42528.000 102659.000 0 0 0.000 0.000 0.000 0.138 0 1 0 0 0 0
 134 97761.000 42820.000 0 0 0.000 0.000 0.000 0.136 0 1 0 0 0 0
 135 140487.000 140986.000 0 0 0.000 0.000 0.000 0.137 0 1 0 0 0 0
 136 157904.000 96359.000 0 0 0.000 0.000 0.000 0.133 0 1 0 0 0 0
 137 151639.000 71477.000 0 0 0.000 0.000 0.000 0.137 0 1 0 0 0 0
 138 158134.000 111205.000 0 0 0.000 0.000 0.000 0.133 0 1 0 0 0 0
 139 77670.000 45173.000 0 0 0.000 0.000 0.000 0.135 0 1 0 0 0 0
 140 136428.000 147046.000 0 0 0.000 0.000 0.000 0.141 0 1 0 0 0 0
 141 90734.000 159747.000 0 0 0.000 0.000 0.000 0.132 0 1 0 0 0 0
 142 160103.000 94275.000 0 0 0.000 0.000 0.000 0.130 0 1 0 0 0 0
 143 130493.000 152515.000 0 0 0.000 0.000 0.000 0.148 0 1 0 0 0 0
 144 151709.000 132589.000 0 0 0.000 0.000 0.000 0.134 0 1 0 0 0 0
 145 43613.000 75368.000 0 0 0.000 0.000 0.000 0.132 0 1 0 0 0 0
 146 157498.000 74360.000 0 0 0.000 0.000 0.000 0.131 0 1 0 0 0 0
 147 88003.000 38032.000 0 0 0.000 0.000 0.000 0.137 0 1 0 0 0 0
 148 130602.000 156161.000 0 0 0.000 0.000 0.000 0.130 0 1 0 0 0 0
 149 137011.000 46984.000 0 0 0.000 0.000 0.000 0.132 0 1 0 0 0 0
 150 125517.000 38834.000 0 0 0.000 0.000 0.000 0.150 0 1 0 0 0 0
 151 136923.000 44785.000 0 0 0.000 0.000 0.000 0.135 0 1 0 0 0 0
 152 38631.000 127133.000 0 0 0.000 0.000 0.000 0.130 0 1 0 0 0 0
 153 139560.000 46028.000 0 0 0.000 0.000 0.000 0.135 0 1 0 0 0 0
 154 132331.000 40846.000 0 0 0.000 0.000 0.000 0.130 0 1 0 0 0 0
 155 167478.000 114066.000 0 0 0.000 0.000 0.000 0.159 0 1 0 0 0 0
 156 57699.000 156409.000 0 0 0.000 0.000 0.000 0.270 0 1 0 0 0 0
 157 57626.000 156609.000 0 0 0.000 0.000 0.000 0.156 0 1 0 0 0 0
 158 58515.000 157681.000 0 0 0.000 0.000 0.000 0.134 0 1 0 0 0 0
 159 137697.000 40231.000 0 0 0.000 0.000 0.000 0.130 0 1 0 0 0 0
 160 17317.000 100553.000 0 0 0.000 0.000 0.000 0.134 0 1 0 0 0 0
 161 183724.000 94325.000 0 0 0.000 0.000 0.000 0.136 0 1 0 0 0 0
 162 172440.000 145078.000 0 0 0.000 0.000 0.000 0.238 0 1 0 0 0 0
 163 14721.000 89794.000 0 0 52.000 28.000 1456.000 38.157 0 1 2 200 0 0
 164 15167.000 86882.000 0 0 0.000 0.000 0.000 0.134 0 1 0 0 0 0
 165 15126.000 84998.000 0 0 0.000 0.000 0.000 0.182 0 1 0 0 0 0
 166 13808.000 94277.000 0 0 0.000 0.000 0.000 0.135 0 1 0 0 0 0
 167 14256.000 89223.000 0 0 52.000 30.000 1560.000 39.496 0 1 2 200 0 0
 168 14991.000 84612.000 0 0 0.000 0.000 0.000 0.164 0 1 0 0 0 0
 169 15300.000 82351.000 0 0 54.000 34.000 1836.000 42.848 0 1 1 200 0 0
 170 13829.000 90090.000 0 0 52.000 28.000 1456.000 38.157 0 1 2 200 0 0
 171 14072.000 89158.000 0 0 52.000 30.000 1560.000 39.496 0 1 2 200 0 0
 172 173167.000 146538.000 0 0 0.000 0.000 0.000 0.168 0 1 0 0 0 0
 173 13226.000 95405.000 0 0 0.000 0.000 0.000 0.159 0 1 0 0 0 0
 174 13588.000 91255.000 0 0 0.000 0.000 0.000 0.133 0 1 0 0 0 0
 175 13757.000 89529.000 0 0 52.000 30.000 1560.000 39.496 0 1 2 200 0 0
 176 14655.000 83437.000 0 0 54.000 32.000 1728.000 41.569 0 1 1 200 0 0
 177 13325.000 92468.000 0 0 0.000 0.000 0.000 0.136 0 1 0 0 0 0
 178 13802.000 87685.000 0 0 0.000 0.000 0.000 0.423 0 1 0 0 0 0
 179 14696.000 82722.000 0 0 54.000 32.000 1728.000 41.569 0 1 1 200 0 0
 180 12991.000 94999.000 0 0 0.000 0.000 0.000 0.151 0 1 0 0 0 0
 181 13580.000 87245.000 0 0 0.000 0.000 0.000 0.465 0 1 0 0 0 0
 182 13708.000 86944.000 0 0 0.000 0.000 0.000 0.200 0 1 0 0 0 0
 183 14494.000 82339.000 0 0 54.000 34.000 1836.000 42.848 0 1 1 200 0 0
 184 13657.000 85015.000 0 0 0.000 0.000 0.000 0.130 0 1 0 0 0 0
 185 14164.000 82145.000 0 0 54.000 34.000 1836.000 42.848 0 1 1 200 0 0
 186 13937.000 82467.000 0 0 54.000 32.000 1728.000 41.569 0 1 1 200 0 0
 187 186331.000 116562.000 0 0 0.000 0.000 0.000 0.165 0 1 0 0 0 0
 188 182960.000 70767.000 0 0 0.000 0.000 0.000 0.379 0 1 0 0 0 0
 189 13350.000 83248.000 0 0 54.000 32.000 1728.000 41.569 0 1 1 200 0 0
 190 13673.000 82232.000 0 0 54.000 34.000 1836.000 42.848 0 1 1 200 0 0
 191 13329.000 82873.000 0 0 54.000 32.000 1728.000 41.569 0 1 1 200 0 0
 192 13340.000 82746.000 0 0 54.000 32.000 1728.000 41.569 0 1 1 200 0 0
 193 187665.000 112931.000 0 0 0.000 0.000 0.000 0.172 0 1 0 0 0 0
 194 9152.000 94672.000 0 0 0.000 0.000 0.000 200000.000 0 1 0 200 0 0
 195 9016.000 94125.000 0 0 0.000 0.000 0.000 0.152 0 1 0 0 0 0
 196 8899.000 94056.000 0 0 0.000 0.000 0.000 0.144 0 1 0 0 0 0
 197 8689.000 93892.000 0 0 0.000 0.000 0.000 0.187 0 1 0 0 0 0
 198 8169.000 95556.000 0 0 0.000 0.000 0.000 0.165 0 1 0 0 0 0
 199 7822.000 94244.000 0 0 0.000 0.000 0.000 0.419 0 1 0 0 0 0
 200 6978.000 96339.000 0 0 0.000 0.000 0.000 0.371 0 1 0 0 0 0
 201 6156.000 91834.000 0 0 0.000 0.000 0.000 0.177 0 1 0 0 0 0
 202 6164.000 91630.000 0 0 0.000 0.000 0.000 0.147 0 1 0 0 0 0
 203 5826.000 91076.000 0 0 0.000 0.000 0.000 0.135 0 1 0 0 0 0
 204 189288.000 131119.000 0 0 0.000 0.000 0.000 0.141 0 1 0 0 0 0
 205 5260.000 93544.000 0 0 0.000 0.000 0.000 0.226 0 1 0 0 0 0;
ProcessEquipmentIDList 1
  "R404" ;
SummarySpec 5
  TESTNO    NDEFECT    DEFDENSITY    NDIE    NDEFDIE  ;
SummaryList 
  1    205    0.7495    1    1  ;
EndOfFile;
