FileVersion 1 2;
FileTimestamp 01-08-26 23:34:06;
InspectionStationID "KLA-Tencor" "SFSSP1" "0901-0728-TBI";
SampleType WAFER;
ResultTimestamp 01-08-26 23:21:16;
LotID "2580";
SampleSize 1 200;
DeviceID "None";
SetupID "T2-2580NR" 01-08-26 23:21:16;
StepID "6625P";
SampleOrientationMarkType NOTCH;
OrientationMarkLocation DOWN;
DiePitch 200000 200000;
DieOrigin 0 0;
WaferID "21";
Slot 21;
SampleCenterLocation 100000 100000;
ClassLookup 1
  0 "0"  ;
OrientationInstructions "Front";
CoordinatesMirrored No;
InspectionTest 1;
SampleTestPlan 1
  0 0 ;
AreaPerTest 2.73516e+010;
DefectRecordSpec 15 DEFECTID XREL YREL XINDEX YINDEX XSIZE YSIZE DEFECTAREA DSIZE CLASSNUMBER TEST CLUSTERNUMBER ROUGHBINNUMBER FINEBINNUMBER REVIEWSAMPLE ;
DefectList
 1 101341.000 96710.000 0 0 0.000 0.000 0.000 0.138 0 1 0 0 0 0
 2 102287.000 103118.000 0 0 0.000 0.000 0.000 0.168 0 1 0 0 0 0
 3 99556.000 95547.000 0 0 0.000 0.000 0.000 0.145 0 1 0 0 0 0
 4 103173.000 105054.000 0 0 0.000 0.000 0.000 0.137 0 1 0 0 0 0
 5 96932.000 94752.000 0 0 0.000 0.000 0.000 0.167 0 1 0 0 0 0
 6 107599.000 101002.000 0 0 0.000 0.000 0.000 0.136 0 1 0 0 0 0
 7 107895.000 100235.000 0 0 0.000 0.000 0.000 0.136 0 1 0 0 0 0
 8 93972.000 94984.000 0 0 0.000 0.000 0.000 0.143 0 1 0 0 0 0
 9 108791.000 104570.000 0 0 0.000 0.000 0.000 0.132 0 1 0 0 0 0
 10 100658.000 90277.000 0 0 0.000 0.000 0.000 0.147 0 1 0 0 0 0
 11 98327.000 88710.000 0 0 0.000 0.000 0.000 0.149 0 1 0 0 0 0
 12 96498.000 111358.000 0 0 0.000 0.000 0.000 0.146 0 1 0 0 0 0
 13 89424.000 92593.000 0 0 0.000 0.000 0.000 0.136 0 1 0 0 0 0
 14 96979.000 87287.000 0 0 0.000 0.000 0.000 0.146 0 1 0 0 0 0
 15 111267.000 107434.000 0 0 0.000 0.000 0.000 0.148 0 1 0 0 0 0
 16 99892.000 114247.000 0 0 0.000 0.000 0.000 0.148 0 1 0 0 0 0
 17 99861.000 114574.000 0 0 0.000 0.000 0.000 0.131 0 1 0 0 0 0
 18 97938.000 85751.000 0 0 0.000 0.000 0.000 0.130 0 1 0 0 0 0
 19 99144.000 85408.000 0 0 0.000 0.000 0.000 0.130 0 1 0 0 0 0
 20 89392.000 110795.000 0 0 0.000 0.000 0.000 0.159 0 1 0 0 0 0
 21 108950.000 88338.000 0 0 0.000 0.000 0.000 0.132 0 1 0 0 0 0
 22 110097.000 88426.000 0 0 0.000 0.000 0.000 0.167 0 1 0 0 0 0
 23 114557.000 107252.000 0 0 0.000 0.000 0.000 0.130 0 1 0 0 0 0
 24 113797.000 90601.000 0 0 0.000 0.000 0.000 0.136 0 1 0 0 0 0
 25 111762.000 87837.000 0 0 0.000 0.000 0.000 0.141 0 1 0 0 0 0
 26 116772.000 104097.000 0 0 0.000 0.000 0.000 0.147 0 1 0 0 0 0
 27 84315.000 108478.000 0 0 0.000 0.000 0.000 0.143 0 1 0 0 0 0
 28 84421.000 109024.000 0 0 0.000 0.000 0.000 0.140 0 1 0 0 0 0
 29 83036.000 94609.000 0 0 0.000 0.000 0.000 0.144 0 1 0 0 0 0
 30 115713.000 108604.000 0 0 0.000 0.000 0.000 0.174 0 1 0 0 0 0
 31 82980.000 93966.000 0 0 0.000 0.000 0.000 0.144 0 1 0 0 0 0
 32 83109.000 93284.000 0 0 0.000 0.000 0.000 0.138 0 1 0 0 0 0
 33 81501.000 98551.000 0 0 0.000 0.000 0.000 0.145 0 1 0 0 0 0
 34 90687.000 84154.000 0 0 0.000 0.000 0.000 0.157 0 1 0 0 0 0
 35 82299.000 93413.000 0 0 0.000 0.000 0.000 0.154 0 1 0 0 0 0
 36 110483.000 84532.000 0 0 0.000 0.000 0.000 0.168 0 1 0 0 0 0
 37 99537.000 81190.000 0 0 0.000 0.000 0.000 0.156 0 1 0 0 0 0
 38 96078.000 119058.000 0 0 0.000 0.000 0.000 0.176 0 1 0 0 0 0
 39 89640.000 116801.000 0 0 0.000 0.000 0.000 0.205 0 1 0 0 0 0
 40 80295.000 99110.000 0 0 0.000 0.000 0.000 0.138 0 1 0 0 0 0
 41 92358.000 81873.000 0 0 0.000 0.000 0.000 0.138 0 1 0 0 0 0
 42 118750.000 93771.000 0 0 0.000 0.000 0.000 0.163 0 1 0 0 0 0
 43 88221.000 116475.000 0 0 0.000 0.000 0.000 0.138 0 1 0 0 0 0
 44 82232.000 90389.000 0 0 0.000 0.000 0.000 0.158 0 1 0 0 0 0
 45 120086.000 97782.000 0 0 0.000 0.000 0.000 0.142 0 1 0 0 0 0
 46 105455.000 119822.000 0 0 0.000 0.000 0.000 0.155 0 1 0 0 0 0
 47 83766.000 87860.000 0 0 0.000 0.000 0.000 0.200 0 1 0 0 0 0
 48 103449.000 121518.000 0 0 0.000 0.000 0.000 0.144 0 1 0 0 0 0
 49 111795.000 118433.000 0 0 0.000 0.000 0.000 0.134 0 1 0 0 0 0
 50 107902.000 120580.000 0 0 0.000 0.000 0.000 0.144 0 1 0 0 0 0
 51 117014.000 86310.000 0 0 0.000 0.000 0.000 0.138 0 1 0 0 0 0
 52 89360.000 119580.000 0 0 0.000 0.000 0.000 0.158 0 1 0 0 0 0
 53 77986.000 97722.000 0 0 0.000 0.000 0.000 0.143 0 1 0 0 0 0
 54 107667.000 79509.000 0 0 0.000 0.000 0.000 0.145 0 1 0 0 0 0
 55 122107.000 99986.000 0 0 0.000 0.000 0.000 0.162 0 1 0 0 0 0
 56 107383.000 121067.000 0 0 0.000 0.000 0.000 0.153 0 1 0 0 0 0
 57 89013.000 119523.000 0 0 0.000 0.000 0.000 0.137 0 1 0 0 0 0
 58 78434.000 106088.000 0 0 0.000 0.000 0.000 0.131 0 1 0 0 0 0
 59 96511.000 77968.000 0 0 0.000 0.000 0.000 0.135 0 1 0 0 0 0
 60 122869.000 97855.000 0 0 0.000 0.000 0.000 0.137 0 1 0 0 0 0
 61 91072.000 78277.000 0 0 0.000 0.000 0.000 0.133 0 1 0 0 0 0
 62 111773.000 121221.000 0 0 0.000 0.000 0.000 0.140 0 1 0 0 0 0
 63 80400.000 114311.000 0 0 0.000 0.000 0.000 0.144 0 1 0 0 0 0
 64 78060.000 89954.000 0 0 0.000 0.000 0.000 0.134 0 1 0 0 0 0
 65 118201.000 115985.000 0 0 0.000 0.000 0.000 0.130 0 1 0 0 0 0
 66 90788.000 122744.000 0 0 0.000 0.000 0.000 0.144 0 1 0 0 0 0
 67 119819.000 114381.000 0 0 0.000 0.000 0.000 0.132 0 1 0 0 0 0
 68 124103.000 95924.000 0 0 0.000 0.000 0.000 0.137 0 1 0 0 0 0
 69 102155.000 75700.000 0 0 0.000 0.000 0.000 0.132 0 1 0 0 0 0
 70 81182.000 83732.000 0 0 0.000 0.000 0.000 0.176 0 1 0 0 0 0
 71 120174.000 85632.000 0 0 0.000 0.000 0.000 0.133 0 1 0 0 0 0
 72 84315.000 119994.000 0 0 0.000 0.000 0.000 0.140 0 1 0 0 0 0
 73 75931.000 92103.000 0 0 0.000 0.000 0.000 0.143 0 1 0 0 0 0
 74 121858.000 87488.000 0 0 0.000 0.000 0.000 0.137 0 1 0 0 0 0
 75 124969.000 95941.000 0 0 0.000 0.000 0.000 0.154 0 1 0 0 0 0
 76 120586.000 115060.000 0 0 0.000 0.000 0.000 0.138 0 1 0 0 0 0
 77 123700.000 109361.000 0 0 0.000 0.000 0.000 0.150 0 1 0 0 0 0
 78 75054.000 94420.000 0 0 0.000 0.000 0.000 0.166 0 1 0 0 0 0
 79 120252.000 84224.000 0 0 0.000 0.000 0.000 0.161 0 1 0 0 0 0
 80 102458.000 126795.000 0 0 0.000 0.000 0.000 0.132 0 1 0 0 0 0
 81 93431.000 126227.000 0 0 0.000 0.000 0.000 0.151 0 1 0 0 0 0
 82 125808.000 108403.000 0 0 0.000 0.000 0.000 0.141 0 1 0 0 0 0
 83 86104.000 123907.000 0 0 0.000 0.000 0.000 0.154 0 1 0 0 0 0
 84 126871.000 93794.000 0 0 0.000 0.000 0.000 0.137 0 1 0 0 0 0
 85 118573.000 120796.000 0 0 0.000 0.000 0.000 0.134 0 1 0 0 0 0
 86 89085.000 74338.000 0 0 0.000 0.000 0.000 0.130 0 1 0 0 0 0
 87 126252.000 90573.000 0 0 0.000 0.000 0.000 0.140 0 1 0 0 0 0
 88 109890.000 126771.000 0 0 0.000 0.000 0.000 0.145 0 1 0 0 0 0
 89 76441.000 84356.000 0 0 0.000 0.000 0.000 0.137 0 1 0 0 0 0
 90 87709.000 74576.000 0 0 0.000 0.000 0.000 0.171 0 1 0 0 0 0
 91 89642.000 126854.000 0 0 0.000 0.000 0.000 0.149 0 1 0 0 0 0
 92 91500.000 72580.000 0 0 0.000 0.000 0.000 0.152 0 1 0 0 0 0
 93 126830.000 111182.000 0 0 0.000 0.000 0.000 0.138 0 1 0 0 0 0
 94 82768.000 123590.000 0 0 0.000 0.000 0.000 0.137 0 1 0 0 0 0
 95 97484.000 71280.000 0 0 0.000 0.000 0.000 0.133 0 1 0 0 0 0
 96 75242.000 115730.000 0 0 0.000 0.000 0.000 0.131 0 1 0 0 0 0
 97 98451.000 70843.000 0 0 0.000 0.000 0.000 0.130 0 1 0 0 0 0
 98 128862.000 94952.000 0 0 0.000 0.000 0.000 0.132 0 1 0 0 0 0
 99 123532.000 82531.000 0 0 0.000 0.000 0.000 0.130 0 1 0 0 0 0
 100 91684.000 128689.000 0 0 0.000 0.000 0.000 0.139 0 1 0 0 0 0
 101 124008.000 117977.000 0 0 0.000 0.000 0.000 0.137 0 1 0 0 0 0
 102 82556.000 124999.000 0 0 0.000 0.000 0.000 0.138 0 1 0 0 0 0
 103 92718.000 129741.000 0 0 0.000 0.000 0.000 0.160 0 1 0 0 0 0
 104 102652.000 69902.000 0 0 0.000 0.000 0.000 0.132 0 1 0 0 0 0
 105 129647.000 107064.000 0 0 0.000 0.000 0.000 0.137 0 1 0 0 0 0
 106 81598.000 124655.000 0 0 0.000 0.000 0.000 0.147 0 1 0 0 0 0
 107 89521.000 71394.000 0 0 0.000 0.000 0.000 0.134 0 1 0 0 0 0
 108 70316.000 92340.000 0 0 0.000 0.000 0.000 0.153 0 1 0 0 0 0
 109 74932.000 81799.000 0 0 0.000 0.000 0.000 0.130 0 1 0 0 0 0
 110 128948.000 111966.000 0 0 0.000 0.000 0.000 0.147 0 1 0 0 0 0
 111 126175.000 117414.000 0 0 0.000 0.000 0.000 0.167 0 1 0 0 0 0
 112 118028.000 74419.000 0 0 0.000 0.000 0.000 0.130 0 1 0 0 0 0
 113 125089.000 80893.000 0 0 0.000 0.000 0.000 0.134 0 1 0 0 0 0
 114 131554.000 102089.000 0 0 0.000 0.000 0.000 0.147 0 1 0 0 0 0
 115 94954.000 68778.000 0 0 0.000 0.000 0.000 0.131 0 1 0 0 0 0
 116 108913.000 69606.000 0 0 0.000 0.000 0.000 0.138 0 1 0 0 0 0
 117 69856.000 111294.000 0 0 0.000 0.000 0.000 0.149 0 1 0 0 0 0
 118 76490.000 77870.000 0 0 0.000 0.000 0.000 0.138 0 1 0 0 0 0
 119 84776.000 71714.000 0 0 0.000 0.000 0.000 0.153 0 1 0 0 0 0
 120 85990.000 71006.000 0 0 0.000 0.000 0.000 0.140 0 1 0 0 0 0
 121 130575.000 110451.000 0 0 0.000 0.000 0.000 0.131 0 1 0 0 0 0
 122 106508.000 68372.000 0 0 0.000 0.000 0.000 0.130 0 1 0 0 0 0
 123 126552.000 119290.000 0 0 0.000 0.000 0.000 0.145 0 1 0 0 0 0
 124 68227.000 91493.000 0 0 0.000 0.000 0.000 0.140 0 1 0 0 0 0
 125 130638.000 88440.000 0 0 0.000 0.000 0.000 0.154 0 1 0 0 0 0
 126 75799.000 122641.000 0 0 0.000 0.000 0.000 0.150 0 1 0 0 0 0
 127 96640.000 67420.000 0 0 0.000 0.000 0.000 0.148 0 1 0 0 0 0
 128 89543.000 132023.000 0 0 0.000 0.000 0.000 0.166 0 1 0 0 0 0
 129 111177.000 131815.000 0 0 0.000 0.000 0.000 0.132 0 1 0 0 0 0
 130 133354.000 104852.000 0 0 0.000 0.000 0.000 0.132 0 1 0 0 0 0
 131 87449.000 131555.000 0 0 0.000 0.000 0.000 0.131 0 1 0 0 0 0
 132 110232.000 132582.000 0 0 0.000 0.000 0.000 0.159 0 1 0 0 0 0
 133 119520.000 71932.000 0 0 0.000 0.000 0.000 0.132 0 1 0 0 0 0
 134 68642.000 85593.000 0 0 0.000 0.000 0.000 0.135 0 1 0 0 0 0
 135 96833.000 134828.000 0 0 0.000 0.000 0.000 0.137 0 1 0 0 0 0
 136 118330.000 129960.000 0 0 0.000 0.000 0.000 0.170 0 1 0 0 0 0
 137 71608.000 79597.000 0 0 0.000 0.000 0.000 0.130 0 1 0 0 0 0
 138 74119.000 76489.000 0 0 0.000 0.000 0.000 0.148 0 1 0 0 0 0
 139 75505.000 75126.000 0 0 0.000 0.000 0.000 0.150 0 1 0 0 0 0
 140 80631.000 129732.000 0 0 0.000 0.000 0.000 0.136 0 1 0 0 0 0
 141 64983.000 104825.000 0 0 0.000 0.000 0.000 0.134 0 1 0 0 0 0
 142 64625.000 98140.000 0 0 0.000 0.000 0.000 0.131 0 1 0 0 0 0
 143 85998.000 133066.000 0 0 0.000 0.000 0.000 0.147 0 1 0 0 0 0
 144 77226.000 72664.000 0 0 0.000 0.000 0.000 0.147 0 1 0 0 0 0
 145 82849.000 68818.000 0 0 0.000 0.000 0.000 0.151 0 1 0 0 0 0
 146 135644.000 101735.000 0 0 0.000 0.000 0.000 0.173 0 1 0 0 0 0
 147 136037.000 98499.000 0 0 0.000 0.000 0.000 0.141 0 1 0 0 0 0
 148 135051.000 90538.000 0 0 0.000 0.000 0.000 0.157 0 1 0 0 0 0
 149 128109.000 123845.000 0 0 0.000 0.000 0.000 0.131 0 1 0 0 0 0
 150 66993.000 83250.000 0 0 0.000 0.000 0.000 0.130 0 1 0 0 0 0
 151 90007.000 136117.000 0 0 0.000 0.000 0.000 0.146 0 1 0 0 0 0
 152 132183.000 81659.000 0 0 0.000 0.000 0.000 0.137 0 1 0 0 0 0
 153 135727.000 111303.000 0 0 0.000 0.000 0.000 0.131 0 1 0 0 0 0
 154 86056.000 135179.000 0 0 0.000 0.000 0.000 0.136 0 1 0 0 0 0
 155 134784.000 114550.000 0 0 0.000 0.000 0.000 0.144 0 1 0 0 0 0
 156 85754.000 135130.000 0 0 0.000 0.000 0.000 0.143 0 1 0 0 0 0
 157 131526.000 121477.000 0 0 0.000 0.000 0.000 0.135 0 1 0 0 0 0
 158 87183.000 135966.000 0 0 0.000 0.000 0.000 0.165 0 1 0 0 0 0
 159 118866.000 67136.000 0 0 0.000 0.000 0.000 0.154 0 1 0 0 0 0
 160 68140.000 121460.000 0 0 0.000 0.000 0.000 0.145 0 1 0 0 0 0
 161 104536.000 62238.000 0 0 0.000 0.000 0.000 0.136 0 1 0 0 0 0
 162 105833.000 138050.000 0 0 0.000 0.000 0.000 0.141 0 1 0 0 0 0
 163 110832.000 137237.000 0 0 0.000 0.000 0.000 0.132 0 1 0 0 0 0
 164 86797.000 136520.000 0 0 0.000 0.000 0.000 0.133 0 1 0 0 0 0
 165 73935.000 128602.000 0 0 0.000 0.000 0.000 0.142 0 1 0 0 0 0
 166 119048.000 66491.000 0 0 0.000 0.000 0.000 0.132 0 1 0 0 0 0
 167 69805.000 75234.000 0 0 0.000 0.000 0.000 0.145 0 1 0 0 0 0
 168 122295.000 132585.000 0 0 0.000 0.000 0.000 0.165 0 1 0 0 0 0
 169 124481.000 69367.000 0 0 0.000 0.000 0.000 0.130 0 1 0 0 0 0
 170 69090.000 124958.000 0 0 0.000 0.000 0.000 0.130 0 1 0 0 0 0
 171 105268.000 60977.000 0 0 0.000 0.000 0.000 0.138 0 1 0 0 0 0
 172 60271.000 102353.000 0 0 0.000 0.000 0.000 0.131 0 1 0 0 0 0
 173 62095.000 88019.000 0 0 0.000 0.000 0.000 0.142 0 1 0 0 0 0
 174 60192.000 104735.000 0 0 0.000 0.000 0.000 0.141 0 1 0 0 0 0
 175 132480.000 77182.000 0 0 0.000 0.000 0.000 0.152 0 1 0 0 0 0
 176 85637.000 62744.000 0 0 0.000 0.000 0.000 0.137 0 1 0 0 0 0
 177 136383.000 83422.000 0 0 0.000 0.000 0.000 0.133 0 1 0 0 0 0
 178 115153.000 137442.000 0 0 0.000 0.000 0.000 0.147 0 1 0 0 0 0
 179 95620.000 140093.000 0 0 0.000 0.000 0.000 0.162 0 1 0 0 0 0
 180 59846.000 104898.000 0 0 0.000 0.000 0.000 0.144 0 1 0 0 0 0
 181 104889.000 60025.000 0 0 0.000 0.000 0.000 0.145 0 1 0 0 0 0
 182 73755.000 69278.000 0 0 0.000 0.000 0.000 0.160 0 1 0 0 0 0
 183 83614.000 62906.000 0 0 0.000 0.000 0.000 0.137 0 1 0 0 0 0
 184 74943.000 67985.000 0 0 0.000 0.000 0.000 0.141 0 1 0 0 0 0
 185 66262.000 77001.000 0 0 0.000 0.000 0.000 0.141 0 1 0 0 0 0
 186 125871.000 68477.000 0 0 0.000 0.000 0.000 0.138 0 1 0 0 0 0
 187 125373.000 67836.000 0 0 0.000 0.000 0.000 0.201 0 1 0 0 0 0
 188 140938.000 94989.000 0 0 0.000 0.000 0.000 0.141 0 1 0 0 0 0
 189 120048.000 136419.000 0 0 0.000 0.000 0.000 0.136 0 1 0 0 0 0
 190 93134.000 59222.000 0 0 0.000 0.000 0.000 0.144 0 1 0 0 0 0
 191 100186.000 141842.000 0 0 0.000 0.000 0.000 0.150 0 1 0 0 0 0
 192 82380.000 62423.000 0 0 0.000 0.000 0.000 0.154 0 1 0 0 0 0
 193 129128.000 130006.000 0 0 0.000 0.000 0.000 0.158 0 1 0 0 0 0
 194 88277.000 140283.000 0 0 0.000 0.000 0.000 0.135 0 1 0 0 0 0
 195 61118.000 84610.000 0 0 0.000 0.000 0.000 0.161 0 1 0 0 0 0
 196 141056.000 92650.000 0 0 0.000 0.000 0.000 0.134 0 1 0 0 0 0
 197 141605.000 94881.000 0 0 0.000 0.000 0.000 0.138 0 1 0 0 0 0
 198 80022.000 63023.000 0 0 0.000 0.000 0.000 0.133 0 1 0 0 0 0
 199 134891.000 76613.000 0 0 0.000 0.000 0.000 0.141 0 1 0 0 0 0
 200 72255.000 132173.000 0 0 0.000 0.000 0.000 0.130 0 1 0 0 0 0
 201 64148.000 77108.000 0 0 0.000 0.000 0.000 0.162 0 1 0 0 0 0
 202 122536.000 63991.000 0 0 0.000 0.000 0.000 0.142 0 1 0 0 0 0
 203 68325.000 71280.000 0 0 0.000 0.000 0.000 0.159 0 1 0 0 0 0
 204 83211.000 60568.000 0 0 0.000 0.000 0.000 0.144 0 1 0 0 0 0
 205 138032.000 120421.000 0 0 0.000 0.000 0.000 0.135 0 1 0 0 0 0
 206 60179.000 83579.000 0 0 0.000 0.000 0.000 0.149 0 1 0 0 0 0
 207 88832.000 142073.000 0 0 0.000 0.000 0.000 0.131 0 1 0 0 0 0
 208 104169.000 57019.000 0 0 0.000 0.000 0.000 0.158 0 1 0 0 0 0
 209 106572.000 57180.000 0 0 0.000 0.000 0.000 0.137 0 1 0 0 0 0
 210 130608.000 69273.000 0 0 0.000 0.000 0.000 0.166 0 1 0 0 0 0
 211 142995.000 92167.000 0 0 0.000 0.000 0.000 0.139 0 1 0 0 0 0
 212 65674.000 127616.000 0 0 0.000 0.000 0.000 0.134 0 1 0 0 0 0
 213 142182.000 88506.000 0 0 0.000 0.000 0.000 0.134 0 1 0 0 0 0
 214 60198.000 119292.000 0 0 0.000 0.000 0.000 0.145 0 1 0 0 0 0
 215 144320.000 95755.000 0 0 0.000 0.000 0.000 0.165 0 1 0 0 0 0
 216 108897.000 56407.000 0 0 0.000 0.000 0.000 0.143 0 1 0 0 0 0
 217 121561.000 60817.000 0 0 0.000 0.000 0.000 0.134 0 1 0 0 0 0
 218 67904.000 131775.000 0 0 0.000 0.000 0.000 0.159 0 1 0 0 0 0
 219 110428.000 144039.000 0 0 0.000 0.000 0.000 0.131 0 1 0 0 0 0
 220 128667.000 135230.000 0 0 0.000 0.000 0.000 0.156 0 1 0 0 0 0
 221 121153.000 140542.000 0 0 0.000 0.000 0.000 0.142 0 1 0 0 0 0
 222 73641.000 137625.000 0 0 0.000 0.000 0.000 0.157 0 1 0 0 0 0
 223 112402.000 144407.000 0 0 0.000 0.000 0.000 0.143 0 1 0 0 0 0
 224 65174.000 69699.000 0 0 0.000 0.000 0.000 0.142 0 1 0 0 0 0
 225 91180.000 54620.000 0 0 0.000 0.000 0.000 0.142 0 1 0 0 0 0
 226 143288.000 83556.000 0 0 0.000 0.000 0.000 0.131 0 1 0 0 0 0
 227 132192.000 133636.000 0 0 0.000 0.000 0.000 0.205 0 1 0 0 0 0
 228 58513.000 79032.000 0 0 0.000 0.000 0.000 0.136 0 1 0 0 0 0
 229 80010.000 142363.000 0 0 0.000 0.000 0.000 0.157 0 1 0 0 0 0
 230 112316.000 55202.000 0 0 0.000 0.000 0.000 0.133 0 1 0 0 0 0
 231 80420.000 57563.000 0 0 0.000 0.000 0.000 0.164 0 1 0 0 0 0
 232 122908.000 59330.000 0 0 0.000 0.000 0.000 0.130 0 1 0 0 0 0
 233 125351.000 139981.000 0 0 0.000 0.000 0.000 0.133 0 1 0 0 0 0
 234 93560.000 146972.000 0 0 0.000 0.000 0.000 0.130 0 1 0 0 0 0
 235 52997.000 106979.000 0 0 0.000 0.000 0.000 0.133 0 1 0 0 0 0
 236 58073.000 77861.000 0 0 0.000 0.000 0.000 0.142 0 1 0 0 0 0
 237 71757.000 61997.000 0 0 0.000 0.000 0.000 0.161 0 1 0 0 0 0
 238 119118.000 143935.000 0 0 0.000 0.000 0.000 0.152 0 1 0 0 0 0
 239 78866.000 143034.000 0 0 0.000 0.000 0.000 0.169 0 1 0 0 0 0
 240 66773.000 65396.000 0 0 0.000 0.000 0.000 0.141 0 1 0 0 0 0
 241 87899.000 146971.000 0 0 0.000 0.000 0.000 0.162 0 1 0 0 0 0
 242 108234.000 52587.000 0 0 0.000 0.000 0.000 0.158 0 1 0 0 0 0
 243 91195.000 52473.000 0 0 0.000 0.000 0.000 0.132 0 1 0 0 0 0
 244 73960.000 141528.000 0 0 0.000 0.000 0.000 0.134 0 1 0 0 0 0
 245 112238.000 147571.000 0 0 0.000 0.000 0.000 0.150 0 1 0 0 0 0
 246 59153.000 73079.000 0 0 0.000 0.000 0.000 0.132 0 1 0 0 0 0
 247 96811.000 51411.000 0 0 0.000 0.000 0.000 0.152 0 1 0 0 0 0
 248 76856.000 56775.000 0 0 0.000 0.000 0.000 0.137 0 1 0 0 0 0
 249 148617.000 93520.000 0 0 0.000 0.000 0.000 0.134 0 1 0 0 0 0
 250 129891.000 61114.000 0 0 0.000 0.000 0.000 0.152 0 1 0 0 0 0
 251 102106.000 149823.000 0 0 0.000 0.000 0.000 0.130 0 1 0 0 0 0
 252 131430.000 138830.000 0 0 0.000 0.000 0.000 0.201 0 1 0 0 0 0
 253 116889.000 147157.000 0 0 0.000 0.000 0.000 0.143 0 1 0 0 0 0
 254 73655.000 57646.000 0 0 0.000 0.000 0.000 0.133 0 1 0 0 0 0
 255 78395.000 55154.000 0 0 0.000 0.000 0.000 0.151 0 1 0 0 0 0
 256 134951.000 135987.000 0 0 0.000 0.000 0.000 0.140 0 1 0 0 0 0
 257 150218.000 103886.000 0 0 0.000 0.000 0.000 0.143 0 1 0 0 0 0
 258 94451.000 150416.000 0 0 0.000 0.000 0.000 0.143 0 1 0 0 0 0
 259 128357.000 58293.000 0 0 0.000 0.000 0.000 0.149 0 1 0 0 0 0
 260 95250.000 150730.000 0 0 0.000 0.000 0.000 0.147 0 1 0 0 0 0
 261 86280.000 51236.000 0 0 0.000 0.000 0.000 0.151 0 1 0 0 0 0
 262 146842.000 80505.000 0 0 0.000 0.000 0.000 0.140 0 1 0 0 0 0
 263 70658.000 141970.000 0 0 0.000 0.000 0.000 0.147 0 1 0 0 0 0
 264 62548.000 134745.000 0 0 0.000 0.000 0.000 0.152 0 1 0 0 0 0
 265 96670.000 49370.000 0 0 0.000 0.000 0.000 0.140 0 1 0 0 0 0
 266 50337.000 87310.000 0 0 0.000 0.000 0.000 0.140 0 1 0 0 0 0
 267 115080.000 149396.000 0 0 0.000 0.000 0.000 0.146 0 1 0 0 0 0
 268 55663.000 74075.000 0 0 0.000 0.000 0.000 0.167 0 1 0 0 0 0
 269 136469.000 63962.000 0 0 0.000 0.000 0.000 0.136 0 1 0 0 0 0
 270 48168.000 98916.000 0 0 0.000 0.000 0.000 0.136 0 1 0 0 0 0
 271 120420.000 52541.000 0 0 0.000 0.000 0.000 0.134 0 1 0 0 0 0
 272 99617.000 152352.000 0 0 0.000 0.000 0.000 0.180 0 1 0 0 0 0
 273 84683.000 50278.000 0 0 0.000 0.000 0.000 0.135 0 1 0 0 0 0
 274 152159.000 102296.000 0 0 0.000 0.000 0.000 0.139 0 1 0 0 0 0
 275 98958.000 47935.000 0 0 0.000 0.000 0.000 0.161 0 1 0 0 0 0
 276 102020.000 48000.000 0 0 0.000 0.000 0.000 0.171 0 1 0 0 0 0
 277 100546.000 152679.000 0 0 0.000 0.000 0.000 0.135 0 1 0 0 0 0
 278 96215.000 47626.000 0 0 0.000 0.000 0.000 0.135 0 1 0 0 0 0
 279 102594.000 153162.000 0 0 0.000 0.000 0.000 0.133 0 1 0 0 0 0
 280 101908.000 153169.000 0 0 0.000 0.000 0.000 0.168 0 1 0 0 0 0
 281 81310.000 149727.000 0 0 0.000 0.000 0.000 0.130 0 1 0 0 0 0
 282 148202.000 77624.000 0 0 0.000 0.000 0.000 0.140 0 1 0 0 0 0
 283 152950.000 94682.000 0 0 0.000 0.000 0.000 0.150 0 1 0 0 0 0
 284 115535.000 151254.000 0 0 0.000 0.000 0.000 0.145 0 1 0 0 0 0
 285 141061.000 134326.000 0 0 0.000 0.000 0.000 0.130 0 1 0 0 0 0
 286 50426.000 79778.000 0 0 0.000 0.000 0.000 0.131 0 1 0 0 0 0
 287 152658.000 90553.000 0 0 0.000 0.000 0.000 0.131 0 1 0 0 0 0
 288 110113.000 152974.000 0 0 0.000 0.000 0.000 0.133 0 1 0 0 0 0
 289 141491.000 134354.000 0 0 0.000 0.000 0.000 0.143 0 1 0 0 0 0
 290 141924.000 134381.000 0 0 0.000 0.000 0.000 0.153 0 1 0 0 0 0
 291 70423.000 54561.000 0 0 0.000 0.000 0.000 0.138 0 1 0 0 0 0
 292 60189.000 62915.000 0 0 0.000 0.000 0.000 0.131 0 1 0 0 0 0
 293 66892.000 56770.000 0 0 0.000 0.000 0.000 0.153 0 1 0 0 0 0
 294 153574.000 110454.000 0 0 0.000 0.000 0.000 0.147 0 1 0 0 0 0
 295 127759.000 52893.000 0 0 0.000 0.000 0.000 0.148 0 1 0 0 0 0
 296 129680.000 53651.000 0 0 0.000 0.000 0.000 0.130 0 1 0 0 0 0
 297 126905.000 148546.000 0 0 0.000 0.000 0.000 0.130 0 1 0 0 0 0
 298 92707.000 155143.000 0 0 0.000 0.000 0.000 0.169 0 1 0 0 0 0
 299 151635.000 120155.000 0 0 0.000 0.000 0.000 0.135 0 1 0 0 0 0
 300 63949.000 142472.000 0 0 0.000 0.000 0.000 0.164 0 1 0 0 0 0
 301 54754.000 132606.000 0 0 0.000 0.000 0.000 0.133 0 1 0 0 0 0
 302 54371.000 68010.000 0 0 0.000 0.000 0.000 0.150 0 1 0 0 0 0
 303 147919.000 128767.000 0 0 0.000 0.000 0.000 0.133 0 1 0 0 0 0
 304 72703.000 149123.000 0 0 0.000 0.000 0.000 0.144 0 1 0 0 0 0
 305 151988.000 79905.000 0 0 0.000 0.000 0.000 0.161 0 1 0 0 0 0
 306 52389.000 70459.000 0 0 0.000 0.000 0.000 0.156 0 1 0 0 0 0
 307 45029.000 87899.000 0 0 0.000 0.000 0.000 0.131 0 1 0 0 0 0
 308 156505.000 102228.000 0 0 0.000 0.000 0.000 0.149 0 1 0 0 0 0
 309 46971.000 79718.000 0 0 0.000 0.000 0.000 0.162 0 1 0 0 0 0
 310 50575.000 72002.000 0 0 0.000 0.000 0.000 0.160 0 1 0 0 0 0
 311 99909.000 157366.000 0 0 0.000 0.000 0.000 0.134 0 1 0 0 0 0
 312 53036.000 132724.000 0 0 0.000 0.000 0.000 0.134 0 1 0 0 0 0
 313 74696.000 48946.000 0 0 0.000 0.000 0.000 0.137 0 1 0 0 0 0
 314 69773.000 149338.000 0 0 0.000 0.000 0.000 0.146 0 1 0 0 0 0
 315 76257.000 47708.000 0 0 0.000 0.000 0.000 0.131 0 1 0 0 0 0
 316 112229.000 156606.000 0 0 0.000 0.000 0.000 0.161 0 1 0 0 0 0
 317 107965.000 42880.000 0 0 0.000 0.000 0.000 0.140 0 1 0 0 0 0
 318 82275.000 155722.000 0 0 0.000 0.000 0.000 0.131 0 1 0 0 0 0
 319 126169.000 48205.000 0 0 0.000 0.000 0.000 0.162 0 1 0 0 0 0
 320 156414.000 85869.000 0 0 0.000 0.000 0.000 0.134 0 1 0 0 0 0
 321 151210.000 128347.000 0 0 0.000 0.000 0.000 0.142 0 1 0 0 0 0
 322 152617.000 74279.000 0 0 0.000 0.000 0.000 0.136 0 1 0 0 0 0
 323 140710.000 142350.000 0 0 0.000 0.000 0.000 0.131 0 1 0 0 0 0
 324 115724.000 156796.000 0 0 0.000 0.000 0.000 0.146 0 1 0 0 0 0
 325 41909.000 90988.000 0 0 0.000 0.000 0.000 0.147 0 1 0 0 0 0
 326 43453.000 84148.000 0 0 0.000 0.000 0.000 0.145 0 1 0 0 0 0
 327 91565.000 41961.000 0 0 0.000 0.000 0.000 0.140 0 1 0 0 0 0
 328 42432.000 112958.000 0 0 0.000 0.000 0.000 0.155 0 1 0 0 0 0
 329 157580.000 86706.000 0 0 0.000 0.000 0.000 0.135 0 1 0 0 0 0
 330 51964.000 134969.000 0 0 0.000 0.000 0.000 0.165 0 1 0 0 0 0
 331 52958.000 63859.000 0 0 0.000 0.000 0.000 0.147 0 1 0 0 0 0
 332 146130.000 138158.000 0 0 0.000 0.000 0.000 0.137 0 1 0 0 0 0
 333 143792.000 141445.000 0 0 0.000 0.000 0.000 0.133 0 1 0 0 0 0
 334 159195.000 111831.000 0 0 0.000 0.000 0.000 0.137 0 1 0 0 0 0
 335 85876.000 159071.000 0 0 0.000 0.000 0.000 0.137 0 1 0 0 0 0
 336 59591.000 145282.000 0 0 0.000 0.000 0.000 0.138 0 1 0 0 0 0
 337 123794.000 44724.000 0 0 0.000 0.000 0.000 0.167 0 1 0 0 0 0
 338 60012.000 54364.000 0 0 0.000 0.000 0.000 0.139 0 1 0 0 0 0
 339 60168.000 54201.000 0 0 0.000 0.000 0.000 0.135 0 1 0 0 0 0
 340 47429.000 131177.000 0 0 0.000 0.000 0.000 0.138 0 1 0 0 0 0
 341 140696.000 54769.000 0 0 0.000 0.000 0.000 0.134 0 1 0 0 0 0
 342 160669.000 107644.000 0 0 0.000 0.000 0.000 0.234 0 1 0 0 0 0
 343 54351.000 141225.000 0 0 0.000 0.000 0.000 0.145 0 1 0 0 0 0
 344 151685.000 67151.000 0 0 0.000 0.000 0.000 0.158 0 1 0 0 0 0
 345 67325.000 152296.000 0 0 0.000 0.000 0.000 0.131 0 1 0 0 0 0
 346 41762.000 80368.000 0 0 0.000 0.000 0.000 0.135 0 1 0 0 0 0
 347 49623.000 136137.000 0 0 0.000 0.000 0.000 0.134 0 1 0 0 0 0
 348 159141.000 119338.000 0 0 0.000 0.000 0.000 0.131 0 1 0 0 0 0
 349 55739.000 144317.000 0 0 0.000 0.000 0.000 0.135 0 1 0 0 0 0
 350 54503.000 143366.000 0 0 0.000 0.000 0.000 0.130 0 1 0 0 0 0
 351 41656.000 77284.000 0 0 0.000 0.000 0.000 0.176 0 1 0 0 0 0
 352 85160.000 39267.000 0 0 0.000 0.000 0.000 0.166 0 1 0 0 0 0
 353 143686.000 145238.000 0 0 0.000 0.000 0.000 0.132 0 1 0 0 0 0
 354 37242.000 104435.000 0 0 0.000 0.000 0.000 0.171 0 1 0 0 0 0
 355 92904.000 162815.000 0 0 0.000 0.000 0.000 0.134 0 1 0 0 0 0
 356 38291.000 113794.000 0 0 0.000 0.000 0.000 0.151 0 1 0 0 0 0
 357 39768.000 80680.000 0 0 0.000 0.000 0.000 0.144 0 1 0 0 0 0
 358 94531.000 37292.000 0 0 0.000 0.000 0.000 0.154 0 1 0 0 0 0
 359 38196.000 114602.000 0 0 0.000 0.000 0.000 0.135 0 1 0 0 0 0
 360 113545.000 162261.000 0 0 0.000 0.000 0.000 0.146 0 1 0 0 0 0
 361 119579.000 39684.000 0 0 0.000 0.000 0.000 0.139 0 1 0 0 0 0
 362 142635.000 53055.000 0 0 0.000 0.000 0.000 0.140 0 1 0 0 0 0
 363 38815.000 81010.000 0 0 0.000 0.000 0.000 0.141 0 1 0 0 0 0
 364 162905.000 87933.000 0 0 0.000 0.000 0.000 0.145 0 1 0 0 0 0
 365 70571.000 157539.000 0 0 0.000 0.000 0.000 0.144 0 1 0 0 0 0
 366 106047.000 164905.000 0 0 0.000 0.000 0.000 200000.000 0 1 0 200 0 0
 367 120839.000 38370.000 0 0 0.000 0.000 0.000 0.131 0 1 0 0 0 0
 368 140740.000 151321.000 0 0 0.000 0.000 0.000 0.139 0 1 0 0 0 0
 369 60458.000 152440.000 0 0 0.000 0.000 0.000 0.134 0 1 0 0 0 0
 370 73199.000 160173.000 0 0 0.000 0.000 0.000 0.141 0 1 0 0 0 0
 371 35578.000 87345.000 0 0 0.000 0.000 0.000 0.135 0 1 0 0 0 0
 372 157044.000 67771.000 0 0 0.000 0.000 0.000 0.131 0 1 0 0 0 0
 373 34305.000 96506.000 0 0 0.000 0.000 0.000 0.134 0 1 0 0 0 0
 374 165516.000 106980.000 0 0 0.000 0.000 0.000 0.169 0 1 0 0 0 0
 375 155631.000 135881.000 0 0 0.000 0.000 0.000 0.139 0 1 0 0 0 0
 376 40464.000 129201.000 0 0 0.000 0.000 0.000 0.155 0 1 0 0 0 0
 377 144146.000 149422.000 0 0 0.000 0.000 0.000 0.137 0 1 0 0 0 0
 378 81276.000 36569.000 0 0 0.000 0.000 0.000 0.140 0 1 0 0 0 0
 379 147832.000 146053.000 0 0 0.000 0.000 0.000 0.154 0 1 0 0 0 0
 380 74598.000 161656.000 0 0 0.000 0.000 0.000 0.168 0 1 0 0 0 0
 381 117914.000 164340.000 0 0 0.000 0.000 0.000 0.134 0 1 0 0 0 0
 382 80963.000 164261.000 0 0 0.000 0.000 0.000 0.131 0 1 0 0 0 0
 383 153681.000 140123.000 0 0 0.000 0.000 0.000 0.134 0 1 0 0 0 0
 384 38053.000 74369.000 0 0 0.000 0.000 0.000 0.141 0 1 0 0 0 0
 385 103909.000 167398.000 0 0 0.000 0.000 0.000 0.130 0 1 0 0 0 0
 386 93511.000 167319.000 0 0 0.000 0.000 0.000 0.163 0 1 0 0 0 0
 387 108202.000 33165.000 0 0 0.000 0.000 0.000 0.135 0 1 0 0 0 0
 388 37847.000 127229.000 0 0 0.000 0.000 0.000 0.275 0 1 0 0 0 0
 389 82340.000 166293.000 0 0 0.000 0.000 0.000 0.136 0 1 0 0 0 0
 390 31466.000 98188.000 0 0 0.000 0.000 0.000 0.131 0 1 0 0 0 0
 391 166346.000 117130.000 0 0 0.000 0.000 0.000 0.133 0 1 0 0 0 0
 392 151975.000 145154.000 0 0 0.000 0.000 0.000 0.151 0 1 0 0 0 0
 393 103936.000 31464.000 0 0 0.000 0.000 0.000 0.130 0 1 0 0 0 0
 394 36189.000 73908.000 0 0 0.000 0.000 0.000 0.146 0 1 0 0 0 0
 395 168190.000 89530.000 0 0 0.000 0.000 0.000 0.147 0 1 0 0 0 0
 396 84828.000 167742.000 0 0 0.000 0.000 0.000 0.134 0 1 0 0 0 0
 397 43015.000 60851.000 0 0 0.000 0.000 0.000 0.150 0 1 0 0 0 0
 398 115227.000 168195.000 0 0 0.000 0.000 0.000 0.132 0 1 0 0 0 0
 399 71555.000 163805.000 0 0 0.000 0.000 0.000 0.134 0 1 0 0 0 0
 400 31156.000 86235.000 0 0 0.000 0.000 0.000 0.153 0 1 0 0 0 0
 401 64171.000 39861.000 0 0 0.000 0.000 0.000 0.162 0 1 0 0 0 0
 402 37598.000 132909.000 0 0 0.000 0.000 0.000 0.149 0 1 0 0 0 0
 403 48950.000 51491.000 0 0 0.000 0.000 0.000 0.153 0 1 0 0 0 0
 404 38263.000 65071.000 0 0 0.000 0.000 0.000 0.143 0 1 0 0 0 0
 405 74474.000 33873.000 0 0 0.000 0.000 0.000 0.134 0 1 0 0 0 0
 406 170850.000 106167.000 0 0 0.000 0.000 0.000 0.141 0 1 0 0 0 0
 407 44848.000 145261.000 0 0 0.000 0.000 0.000 0.133 0 1 0 0 0 0
 408 34248.000 72838.000 0 0 0.000 0.000 0.000 0.151 0 1 0 0 0 0
 409 167759.000 77602.000 0 0 0.000 0.000 0.000 0.143 0 1 0 0 0 0
 410 51272.000 152939.000 0 0 0.000 0.000 0.000 0.151 0 1 0 0 0 0
 411 163946.000 67862.000 0 0 0.000 0.000 0.000 0.137 0 1 0 0 0 0
 412 164047.000 67172.000 0 0 0.000 0.000 0.000 0.150 0 1 0 0 0 0
 413 47015.000 149615.000 0 0 0.000 0.000 0.000 0.159 0 1 0 0 0 0
 414 107555.000 27730.000 0 0 0.000 0.000 0.000 0.151 0 1 0 0 0 0
 415 138201.000 38094.000 0 0 0.000 0.000 0.000 0.133 0 1 0 0 0 0
 416 132738.000 165671.000 0 0 0.000 0.000 0.000 0.136 0 1 0 0 0 0
 417 31817.000 127584.000 0 0 0.000 0.000 0.000 0.154 0 1 0 0 0 0
 418 80324.000 29252.000 0 0 0.000 0.000 0.000 0.132 0 1 0 0 0 0
 419 120250.000 28078.000 0 0 0.000 0.000 0.000 0.132 0 1 0 0 0 0
 420 172071.000 78046.000 0 0 0.000 0.000 0.000 0.134 0 1 0 0 0 0
 421 175278.000 105433.000 0 0 0.000 0.000 0.000 0.152 0 1 0 0 0 0
 422 77639.000 27765.000 0 0 0.000 0.000 0.000 0.133 0 1 0 0 0 0
 423 167600.000 134907.000 0 0 0.000 0.000 0.000 0.130 0 1 0 0 0 0
 424 52415.000 40713.000 0 0 0.000 0.000 0.000 0.131 0 1 0 0 0 0
 425 133149.000 31793.000 0 0 0.000 0.000 0.000 0.130 0 1 0 0 0 0
 426 45111.000 153307.000 0 0 0.000 0.000 0.000 0.137 0 1 0 0 0 0
 427 23620.000 103416.000 0 0 0.000 0.000 0.000 0.136 0 1 0 0 0 0
 428 98586.000 176772.000 0 0 0.000 0.000 0.000 0.130 0 1 0 0 0 0
 429 39759.000 147740.000 0 0 0.000 0.000 0.000 0.135 0 1 0 0 0 0
 430 139940.000 165948.000 0 0 0.000 0.000 0.000 0.146 0 1 0 0 0 0
 431 23452.000 89429.000 0 0 0.000 0.000 0.000 0.147 0 1 0 0 0 0
 432 84466.000 24408.000 0 0 0.000 0.000 0.000 0.141 0 1 0 0 0 0
 433 84481.000 24069.000 0 0 0.000 0.000 0.000 0.142 0 1 0 0 0 0
 434 41936.000 152161.000 0 0 0.000 0.000 0.000 0.160 0 1 0 0 0 0
 435 176822.000 112127.000 0 0 0.000 0.000 0.000 0.131 0 1 0 0 0 0
 436 42504.000 152951.000 0 0 0.000 0.000 0.000 0.157 0 1 0 0 0 0
 437 163812.000 55167.000 0 0 0.000 0.000 0.000 0.144 0 1 0 0 0 0
 438 93162.000 178613.000 0 0 0.000 0.000 0.000 0.130 0 1 0 0 0 0
 439 56828.000 33826.000 0 0 0.000 0.000 0.000 0.144 0 1 0 0 0 0
 440 112047.000 21465.000 0 0 0.000 0.000 0.000 0.137 0 1 0 0 0 0
 441 162934.000 149353.000 0 0 0.000 0.000 0.000 0.146 0 1 0 0 0 0
 442 49358.000 162679.000 0 0 0.000 0.000 0.000 0.133 0 1 0 0 0 0
 443 19863.000 108137.000 0 0 0.000 0.000 0.000 0.141 0 1 0 0 0 0
 444 50420.000 164499.000 0 0 0.000 0.000 0.000 0.130 0 1 0 0 0 0
 445 18627.000 102447.000 0 0 0.000 0.000 0.000 0.137 0 1 0 0 0 0
 446 96202.000 18837.000 0 0 0.000 0.000 0.000 0.143 0 1 0 0 0 0
 447 38858.000 45230.000 0 0 0.000 0.000 0.000 0.145 0 1 0 0 0 0
 448 122436.000 21115.000 0 0 0.000 0.000 0.000 0.131 0 1 0 0 0 0
 449 20037.000 76613.000 0 0 0.000 0.000 0.000 0.144 0 1 0 0 0 0
 450 26048.000 139248.000 0 0 0.000 0.000 0.000 0.135 0 1 0 0 0 0
 451 73550.000 20544.000 0 0 0.000 0.000 0.000 0.131 0 1 0 0 0 0
 452 16482.000 112205.000 0 0 0.000 0.000 0.000 0.133 0 1 0 0 0 0
 453 15726.000 88514.000 0 0 0.000 0.000 0.000 0.136 0 1 0 0 0 0
 454 23760.000 61583.000 0 0 0.000 0.000 0.000 0.170 0 1 0 0 0 0
 455 184867.000 112102.000 0 0 0.000 0.000 0.000 0.133 0 1 0 0 0 0
 456 17040.000 76481.000 0 0 0.000 0.000 0.000 0.174 0 1 0 0 0 0
 457 92388.000 187828.000 0 0 0.000 0.000 0.000 0.137 0 1 0 0 0 0
 458 20114.000 63213.000 0 0 0.000 0.000 0.000 0.157 0 1 0 0 0 0
 459 15791.000 71465.000 0 0 0.000 0.000 0.000 0.149 0 1 0 0 0 0
 460 18723.000 60330.000 0 0 0.000 0.000 0.000 0.206 0 1 0 0 0 0
 461 17490.000 61230.000 0 0 0.000 0.000 0.000 200000.000 0 1 0 200 0 0
 462 187674.000 73362.000 0 0 0.000 0.000 0.000 0.141 0 1 0 0 0 0
 463 17754.000 58530.000 0 0 0.000 0.000 0.000 0.141 0 1 0 0 0 0
 464 9758.000 73470.000 0 0 0.000 0.000 0.000 0.139 0 1 0 0 0 0
 465 15057.000 59619.000 0 0 0.000 0.000 0.000 0.189 0 1 0 0 0 0;
ProcessEquipmentIDList 1
  "R404" ;
SummarySpec 5
  TESTNO    NDEFECT    DEFDENSITY    NDIE    NDEFDIE  ;
SummaryList 
  1    465    1.7    1    1  ;
EndOfFile;
