FileVersion 1 2;
FileTimestamp 01-08-26 23:00:55;
InspectionStationID "KLA-Tencor" "SFSSP1" "0901-0728-TBI";
SampleType WAFER;
ResultTimestamp 01-08-26 22:55:34;
LotID "2580";
SampleSize 1 200;
DeviceID "None";
SetupID "T2-2580NR" 01-08-26 22:55:34;
StepID "6625P";
SampleOrientationMarkType NOTCH;
OrientationMarkLocation DOWN;
DiePitch 200000 200000;
DieOrigin 0 0;
WaferID "08";
Slot 8;
SampleCenterLocation 100000 100000;
ClassLookup 1
  0 "0"  ;
OrientationInstructions "Front";
CoordinatesMirrored No;
InspectionTest 1;
SampleTestPlan 1
  0 0 ;
AreaPerTest 2.73515e+010;
ClusterClassificationList 1
  1 200 ;
DefectRecordSpec 15 DEFECTID XREL YREL XINDEX YINDEX XSIZE YSIZE DEFECTAREA DSIZE CLASSNUMBER TEST CLUSTERNUMBER ROUGHBINNUMBER FINEBINNUMBER REVIEWSAMPLE ;
DefectList
 1 98123.000 101543.000 0 0 0.000 0.000 0.000 0.149 0 1 0 0 0 0
 2 104800.000 103333.000 0 0 0.000 0.000 0.000 0.152 0 1 0 0 0 0
 3 99693.000 91203.000 0 0 0.000 0.000 0.000 0.143 0 1 0 0 0 0
 4 99337.000 108888.000 0 0 0.000 0.000 0.000 0.134 0 1 0 0 0 0
 5 100934.000 109255.000 0 0 0.000 0.000 0.000 0.203 0 1 0 0 0 0
 6 108608.000 104650.000 0 0 0.000 0.000 0.000 0.200 0 1 0 0 0 0
 7 90132.000 102114.000 0 0 0.000 0.000 0.000 0.156 0 1 0 0 0 0
 8 92821.000 107730.000 0 0 0.000 0.000 0.000 0.130 0 1 0 0 0 0
 9 91514.000 93079.000 0 0 0.000 0.000 0.000 0.182 0 1 0 0 0 0
 10 91789.000 92637.000 0 0 0.000 0.000 0.000 0.149 0 1 0 0 0 0
 11 93427.000 91131.000 0 0 0.000 0.000 0.000 0.135 0 1 0 0 0 0
 12 89381.000 95397.000 0 0 0.000 0.000 0.000 0.161 0 1 0 0 0 0
 13 110747.000 93110.000 0 0 0.000 0.000 0.000 0.133 0 1 0 0 0 0
 14 107422.000 110280.000 0 0 0.000 0.000 0.000 0.132 0 1 0 0 0 0
 15 88800.000 105707.000 0 0 0.000 0.000 0.000 0.137 0 1 0 0 0 0
 16 86722.000 99065.000 0 0 0.000 0.000 0.000 0.135 0 1 0 0 0 0
 17 102297.000 85915.000 0 0 0.000 0.000 0.000 0.140 0 1 0 0 0 0
 18 85767.000 101837.000 0 0 0.000 0.000 0.000 0.140 0 1 0 0 0 0
 19 114003.000 91996.000 0 0 0.000 0.000 0.000 0.177 0 1 0 0 0 0
 20 114110.000 91966.000 0 0 0.000 0.000 0.000 0.177 0 1 0 0 0 0
 21 83974.000 102505.000 0 0 0.000 0.000 0.000 0.181 0 1 0 0 0 0
 22 116761.000 100659.000 0 0 0.000 0.000 0.000 0.139 0 1 0 0 0 0
 23 91515.000 114354.000 0 0 0.000 0.000 0.000 0.152 0 1 0 0 0 0
 24 106243.000 115938.000 0 0 0.000 0.000 0.000 0.130 0 1 0 0 0 0
 25 84962.000 108108.000 0 0 0.000 0.000 0.000 0.141 0 1 0 0 0 0
 26 101334.000 117095.000 0 0 0.000 0.000 0.000 0.133 0 1 0 0 0 0
 27 99277.000 117240.000 0 0 0.000 0.000 0.000 0.165 0 1 0 0 0 0
 28 83860.000 106704.000 0 0 0.000 0.000 0.000 0.138 0 1 0 0 0 0
 29 97198.000 82153.000 0 0 0.000 0.000 0.000 0.138 0 1 0 0 0 0
 30 115522.000 90550.000 0 0 0.000 0.000 0.000 0.140 0 1 0 0 0 0
 31 115545.000 90842.000 0 0 0.000 0.000 0.000 0.316 0 1 0 0 0 0
 32 107056.000 117042.000 0 0 0.000 0.000 0.000 0.143 0 1 0 0 0 0
 33 108273.000 82852.000 0 0 0.000 0.000 0.000 0.170 0 1 0 0 0 0
 34 90202.000 83063.000 0 0 0.000 0.000 0.000 0.131 0 1 0 0 0 0
 35 80374.000 97970.000 0 0 0.000 0.000 0.000 0.132 0 1 0 0 0 0
 36 95389.000 119375.000 0 0 0.000 0.000 0.000 0.143 0 1 0 0 0 0
 37 86026.000 114162.000 0 0 0.000 0.000 0.000 0.149 0 1 0 0 0 0
 38 110295.000 117413.000 0 0 0.000 0.000 0.000 0.132 0 1 0 0 0 0
 39 118936.000 92056.000 0 0 0.000 0.000 0.000 0.131 0 1 0 0 0 0
 40 114636.000 114259.000 0 0 0.000 0.000 0.000 0.134 0 1 0 0 0 0
 41 110546.000 81864.000 0 0 0.000 0.000 0.000 0.134 0 1 0 0 0 0
 42 110587.000 117844.000 0 0 0.000 0.000 0.000 0.137 0 1 0 0 0 0
 43 119350.000 91151.000 0 0 0.000 0.000 0.000 0.134 0 1 0 0 0 0
 44 78382.000 95677.000 0 0 0.000 0.000 0.000 0.156 0 1 0 0 0 0
 45 122393.000 101897.000 0 0 0.000 0.000 0.000 0.155 0 1 0 0 0 0
 46 121311.000 92159.000 0 0 0.000 0.000 0.000 0.146 0 1 0 0 0 0
 47 117457.000 114166.000 0 0 0.000 0.000 0.000 0.151 0 1 0 0 0 0
 48 110634.000 120306.000 0 0 0.000 0.000 0.000 0.145 0 1 0 0 0 0
 49 118154.000 84729.000 0 0 0.000 0.000 0.000 0.148 0 1 0 0 0 0
 50 76981.000 104343.000 0 0 0.000 0.000 0.000 0.144 0 1 0 0 0 0
 51 76655.000 101396.000 0 0 0.000 0.000 0.000 0.134 0 1 0 0 0 0
 52 85511.000 118709.000 0 0 0.000 0.000 0.000 0.137 0 1 0 0 0 0
 53 123089.000 93064.000 0 0 0.000 0.000 0.000 0.150 0 1 0 0 0 0
 54 81769.000 83444.000 0 0 0.000 0.000 0.000 0.130 0 1 0 0 0 0
 55 112889.000 78777.000 0 0 0.000 0.000 0.000 0.144 0 1 0 0 0 0
 56 118434.000 116635.000 0 0 0.000 0.000 0.000 0.142 0 1 0 0 0 0
 57 81236.000 116142.000 0 0 0.000 0.000 0.000 0.138 0 1 0 0 0 0
 58 76951.000 90765.000 0 0 0.000 0.000 0.000 0.167 0 1 0 0 0 0
 59 97455.000 74766.000 0 0 0.000 0.000 0.000 0.143 0 1 0 0 0 0
 60 97756.000 74736.000 0 0 0.000 0.000 0.000 0.144 0 1 0 0 0 0
 61 125252.000 99061.000 0 0 0.000 0.000 0.000 0.152 0 1 0 0 0 0
 62 125283.000 100637.000 0 0 0.000 0.000 0.000 0.142 0 1 0 0 0 0
 63 119929.000 115308.000 0 0 0.000 0.000 0.000 0.130 0 1 0 0 0 0
 64 115861.000 79970.000 0 0 0.000 0.000 0.000 0.162 0 1 0 0 0 0
 65 115935.000 119712.000 0 0 0.000 0.000 0.000 0.159 0 1 0 0 0 0
 66 91463.000 123719.000 0 0 0.000 0.000 0.000 0.140 0 1 0 0 0 0
 67 80822.000 116144.000 0 0 0.000 0.000 0.000 0.204 0 1 0 0 0 0
 68 116814.000 80563.000 0 0 0.000 0.000 0.000 0.146 0 1 0 0 0 0
 69 106825.000 74731.000 0 0 0.000 0.000 0.000 0.137 0 1 0 0 0 0
 70 122678.000 113287.000 0 0 0.000 0.000 0.000 0.139 0 1 0 0 0 0
 71 76574.000 87773.000 0 0 0.000 0.000 0.000 0.140 0 1 0 0 0 0
 72 114043.000 77193.000 0 0 0.000 0.000 0.000 0.147 0 1 0 0 0 0
 73 87241.000 123035.000 0 0 0.000 0.000 0.000 0.134 0 1 0 0 0 0
 74 75028.000 91094.000 0 0 0.000 0.000 0.000 0.135 0 1 0 0 0 0
 75 123491.000 86942.000 0 0 0.000 0.000 0.000 0.133 0 1 0 0 0 0
 76 122268.000 84389.000 0 0 0.000 0.000 0.000 0.142 0 1 0 0 0 0
 77 76255.000 86860.000 0 0 0.000 0.000 0.000 0.139 0 1 0 0 0 0
 78 91659.000 73713.000 0 0 0.000 0.000 0.000 0.145 0 1 0 0 0 0
 79 99428.000 127450.000 0 0 0.000 0.000 0.000 0.158 0 1 0 0 0 0
 80 72804.000 104386.000 0 0 0.000 0.000 0.000 0.136 0 1 0 0 0 0
 81 82814.000 78064.000 0 0 0.000 0.000 0.000 0.136 0 1 0 0 0 0
 82 87609.000 74941.000 0 0 0.000 0.000 0.000 0.155 0 1 0 0 0 0
 83 101853.000 127645.000 0 0 0.000 0.000 0.000 0.162 0 1 0 0 0 0
 84 74024.000 110046.000 0 0 0.000 0.000 0.000 0.142 0 1 0 0 0 0
 85 96796.000 128275.000 0 0 0.000 0.000 0.000 0.141 0 1 0 0 0 0
 86 92845.000 72078.000 0 0 0.000 0.000 0.000 0.149 0 1 0 0 0 0
 87 124050.000 115898.000 0 0 0.000 0.000 0.000 0.145 0 1 0 0 0 0
 88 87815.000 125800.000 0 0 0.000 0.000 0.000 0.141 0 1 0 0 0 0
 89 74020.000 112386.000 0 0 0.000 0.000 0.000 0.134 0 1 0 0 0 0
 90 106195.000 71409.000 0 0 0.000 0.000 0.000 0.132 0 1 0 0 0 0
 91 112859.000 126362.000 0 0 0.000 0.000 0.000 0.139 0 1 0 0 0 0
 92 112207.000 126823.000 0 0 0.000 0.000 0.000 0.132 0 1 0 0 0 0
 93 107809.000 128622.000 0 0 0.000 0.000 0.000 0.132 0 1 0 0 0 0
 94 78889.000 120732.000 0 0 0.000 0.000 0.000 0.130 0 1 0 0 0 0
 95 76591.000 118067.000 0 0 0.000 0.000 0.000 0.140 0 1 0 0 0 0
 96 72236.000 110298.000 0 0 0.000 0.000 0.000 0.132 0 1 0 0 0 0
 97 86666.000 72798.000 0 0 0.000 0.000 0.000 0.132 0 1 0 0 0 0
 98 78410.000 121127.000 0 0 0.000 0.000 0.000 0.137 0 1 0 0 0 0
 99 71236.000 90023.000 0 0 0.000 0.000 0.000 0.155 0 1 0 0 0 0
 100 79713.000 122852.000 0 0 0.000 0.000 0.000 0.131 0 1 0 0 0 0
 101 78631.000 122150.000 0 0 0.000 0.000 0.000 0.130 0 1 0 0 0 0
 102 85484.000 72448.000 0 0 0.000 0.000 0.000 0.136 0 1 0 0 0 0
 103 131126.000 97529.000 0 0 0.000 0.000 0.000 0.157 0 1 0 0 0 0
 104 131304.000 94764.000 0 0 0.000 0.000 0.000 0.130 0 1 0 0 0 0
 105 101980.000 67886.000 0 0 0.000 0.000 0.000 0.153 0 1 0 0 0 0
 106 68577.000 106120.000 0 0 0.000 0.000 0.000 0.138 0 1 0 0 0 0
 107 93036.000 131464.000 0 0 0.000 0.000 0.000 0.149 0 1 0 0 0 0
 108 67600.000 98860.000 0 0 0.000 0.000 0.000 0.134 0 1 0 0 0 0
 109 130496.000 111973.000 0 0 0.000 0.000 0.000 0.131 0 1 0 0 0 0
 110 67761.000 103845.000 0 0 0.000 0.000 0.000 0.134 0 1 0 0 0 0
 111 75058.000 78646.000 0 0 0.000 0.000 0.000 0.139 0 1 0 0 0 0
 112 76091.000 122455.000 0 0 0.000 0.000 0.000 0.131 0 1 0 0 0 0
 113 107275.000 132464.000 0 0 0.000 0.000 0.000 0.154 0 1 0 0 0 0
 114 99419.000 133290.000 0 0 0.000 0.000 0.000 0.134 0 1 0 0 0 0
 115 67578.000 107845.000 0 0 0.000 0.000 0.000 0.141 0 1 0 0 0 0
 116 82798.000 70445.000 0 0 0.000 0.000 0.000 0.144 0 1 0 0 0 0
 117 108864.000 66737.000 0 0 0.000 0.000 0.000 0.132 0 1 0 0 0 0
 118 84965.000 69011.000 0 0 0.000 0.000 0.000 0.135 0 1 0 0 0 0
 119 115244.000 68652.000 0 0 0.000 0.000 0.000 0.138 0 1 0 0 0 0
 120 110599.000 133054.000 0 0 0.000 0.000 0.000 0.138 0 1 0 0 0 0
 121 78047.000 127110.000 0 0 0.000 0.000 0.000 0.154 0 1 0 0 0 0
 122 65016.000 102539.000 0 0 0.000 0.000 0.000 0.131 0 1 0 0 0 0
 123 96503.000 64163.000 0 0 0.000 0.000 0.000 0.168 0 1 0 0 0 0
 124 133995.000 87650.000 0 0 0.000 0.000 0.000 0.163 0 1 0 0 0 0
 125 84587.000 66460.000 0 0 0.000 0.000 0.000 0.159 0 1 0 0 0 0
 126 128531.000 75825.000 0 0 0.000 0.000 0.000 0.148 0 1 0 0 0 0
 127 63524.000 90972.000 0 0 0.000 0.000 0.000 0.179 0 1 0 0 0 0
 128 126733.000 72774.000 0 0 0.000 0.000 0.000 0.156 0 1 0 0 0 0
 129 135559.000 113548.000 0 0 0.000 0.000 0.000 0.211 0 1 0 0 0 0
 130 75438.000 70927.000 0 0 0.000 0.000 0.000 0.131 0 1 0 0 0 0
 131 91492.000 137083.000 0 0 0.000 0.000 0.000 0.135 0 1 0 0 0 0
 132 100656.000 60351.000 0 0 0.000 0.000 0.000 0.137 0 1 0 0 0 0
 133 114945.000 63334.000 0 0 0.000 0.000 0.000 0.146 0 1 0 0 0 0
 134 138488.000 90593.000 0 0 0.000 0.000 0.000 0.131 0 1 0 0 0 0
 135 65133.000 118514.000 0 0 0.000 0.000 0.000 0.131 0 1 0 0 0 0
 136 112650.000 62138.000 0 0 0.000 0.000 0.000 0.134 0 1 0 0 0 0
 137 133618.000 121628.000 0 0 0.000 0.000 0.000 0.138 0 1 0 0 0 0
 138 95547.000 139515.000 0 0 0.000 0.000 0.000 0.140 0 1 0 0 0 0
 139 137132.000 116501.000 0 0 0.000 0.000 0.000 0.148 0 1 0 0 0 0
 140 104923.000 140248.000 0 0 0.000 0.000 0.000 0.137 0 1 0 0 0 0
 141 84119.000 137160.000 0 0 0.000 0.000 0.000 0.150 0 1 0 0 0 0
 142 59756.000 94771.000 0 0 0.000 0.000 0.000 0.130 0 1 0 0 0 0
 143 96357.000 59200.000 0 0 0.000 0.000 0.000 0.153 0 1 0 0 0 0
 144 78929.000 135388.000 0 0 0.000 0.000 0.000 0.144 0 1 0 0 0 0
 145 141752.000 101668.000 0 0 0.000 0.000 0.000 0.135 0 1 0 0 0 0
 146 120109.000 63042.000 0 0 0.000 0.000 0.000 0.130 0 1 0 0 0 0
 147 118276.000 61917.000 0 0 0.000 0.000 0.000 0.156 0 1 0 0 0 0
 148 132816.000 73115.000 0 0 0.000 0.000 0.000 0.138 0 1 0 0 0 0
 149 60486.000 114318.000 0 0 0.000 0.000 0.000 0.140 0 1 0 0 0 0
 150 130593.000 70017.000 0 0 0.000 0.000 0.000 0.131 0 1 0 0 0 0
 151 61799.000 81033.000 0 0 0.000 0.000 0.000 0.130 0 1 0 0 0 0
 152 118443.000 61161.000 0 0 0.000 0.000 0.000 0.147 0 1 0 0 0 0
 153 138947.000 81533.000 0 0 0.000 0.000 0.000 0.133 0 1 0 0 0 0
 154 72526.000 132739.000 0 0 0.000 0.000 0.000 0.136 0 1 0 0 0 0
 155 127482.000 133193.000 0 0 0.000 0.000 0.000 0.137 0 1 0 0 0 0
 156 115586.000 140051.000 0 0 0.000 0.000 0.000 0.144 0 1 0 0 0 0
 157 69091.000 129735.000 0 0 0.000 0.000 0.000 0.168 0 1 0 0 0 0
 158 66303.000 72605.000 0 0 0.000 0.000 0.000 0.137 0 1 0 0 0 0
 159 123386.000 62867.000 0 0 0.000 0.000 0.000 0.133 0 1 0 0 0 0
 160 142514.000 88477.000 0 0 0.000 0.000 0.000 0.140 0 1 0 0 0 0
 161 139032.000 119581.000 0 0 0.000 0.000 0.000 0.203 0 1 0 0 0 0
 162 68885.000 130584.000 0 0 0.000 0.000 0.000 0.135 0 1 0 0 0 0
 163 56330.000 97509.000 0 0 0.000 0.000 0.000 0.132 0 1 0 0 0 0
 164 98305.000 143821.000 0 0 0.000 0.000 0.000 0.132 0 1 0 0 0 0
 165 83108.000 59008.000 0 0 0.000 0.000 0.000 0.148 0 1 0 0 0 0
 166 116808.000 58729.000 0 0 0.000 0.000 0.000 0.134 0 1 0 0 0 0
 167 91553.000 56212.000 0 0 0.000 0.000 0.000 0.132 0 1 0 0 0 0
 168 136756.000 125178.000 0 0 0.000 0.000 0.000 0.154 0 1 0 0 0 0
 169 119259.000 59397.000 0 0 0.000 0.000 0.000 0.138 0 1 0 0 0 0
 170 83622.000 141627.000 0 0 0.000 0.000 0.000 0.132 0 1 0 0 0 0
 171 99621.000 54712.000 0 0 0.000 0.000 0.000 0.136 0 1 0 0 0 0
 172 82362.000 141258.000 0 0 0.000 0.000 0.000 0.143 0 1 0 0 0 0
 173 56467.000 88755.000 0 0 0.000 0.000 0.000 0.202 0 1 0 0 0 0
 174 74958.000 62250.000 0 0 0.000 0.000 0.000 0.140 0 1 0 0 0 0
 175 59218.000 80529.000 0 0 0.000 0.000 0.000 0.133 0 1 0 0 0 0
 176 71403.000 64881.000 0 0 0.000 0.000 0.000 0.131 0 1 0 0 0 0
 177 56401.000 112732.000 0 0 0.000 0.000 0.000 0.142 0 1 0 0 0 0
 178 54907.000 94085.000 0 0 0.000 0.000 0.000 0.137 0 1 0 0 0 0
 179 136998.000 72900.000 0 0 0.000 0.000 0.000 0.132 0 1 0 0 0 0
 180 64775.000 70802.000 0 0 0.000 0.000 0.000 0.152 0 1 0 0 0 0
 181 79294.000 58950.000 0 0 0.000 0.000 0.000 0.143 0 1 0 0 0 0
 182 90050.000 55152.000 0 0 0.000 0.000 0.000 0.134 0 1 0 0 0 0
 183 101503.000 145726.000 0 0 0.000 0.000 0.000 0.154 0 1 0 0 0 0
 184 62042.000 73694.000 0 0 0.000 0.000 0.000 0.138 0 1 0 0 0 0
 185 143668.000 83981.000 0 0 0.000 0.000 0.000 0.138 0 1 0 0 0 0
 186 78793.000 140883.000 0 0 0.000 0.000 0.000 0.133 0 1 0 0 0 0
 187 55437.000 87736.000 0 0 0.000 0.000 0.000 0.139 0 1 0 0 0 0
 188 119983.000 141927.000 0 0 0.000 0.000 0.000 0.145 0 1 0 0 0 0
 189 54904.000 88599.000 0 0 0.000 0.000 0.000 0.131 0 1 0 0 0 0
 190 63169.000 70740.000 0 0 0.000 0.000 0.000 0.134 0 1 0 0 0 0
 191 66272.000 132678.000 0 0 0.000 0.000 0.000 0.133 0 1 0 0 0 0
 192 56623.000 118992.000 0 0 0.000 0.000 0.000 0.135 0 1 0 0 0 0
 193 147284.000 93250.000 0 0 0.000 0.000 0.000 0.134 0 1 0 0 0 0
 194 66806.000 65605.000 0 0 0.000 0.000 0.000 0.137 0 1 0 0 0 0
 195 131464.000 63832.000 0 0 0.000 0.000 0.000 0.152 0 1 0 0 0 0
 196 120830.000 56414.000 0 0 0.000 0.000 0.000 0.143 0 1 0 0 0 0
 197 59835.000 126100.000 0 0 0.000 0.000 0.000 0.132 0 1 0 0 0 0
 198 147744.000 108224.000 0 0 0.000 0.000 0.000 0.137 0 1 0 0 0 0
 199 60223.000 127097.000 0 0 0.000 0.000 0.000 0.136 0 1 0 0 0 0
 200 54804.000 116481.000 0 0 0.000 0.000 0.000 0.136 0 1 0 0 0 0
 201 52071.000 104340.000 0 0 0.000 0.000 0.000 0.142 0 1 0 0 0 0
 202 146061.000 115241.000 0 0 0.000 0.000 0.000 0.133 0 1 0 0 0 0
 203 126612.000 140534.000 0 0 0.000 0.000 0.000 0.136 0 1 0 0 0 0
 204 53652.000 85138.000 0 0 0.000 0.000 0.000 0.132 0 1 0 0 0 0
 205 148387.000 107769.000 0 0 0.000 0.000 0.000 0.144 0 1 0 0 0 0
 206 57810.000 74093.000 0 0 0.000 0.000 0.000 0.131 0 1 0 0 0 0
 207 145368.000 79497.000 0 0 0.000 0.000 0.000 0.132 0 1 0 0 0 0
 208 102868.000 149546.000 0 0 0.000 0.000 0.000 0.159 0 1 0 0 0 0
 209 52634.000 116303.000 0 0 0.000 0.000 0.000 0.146 0 1 0 0 0 0
 210 49771.000 97566.000 0 0 0.000 0.000 0.000 0.136 0 1 0 0 0 0
 211 134747.000 63125.000 0 0 0.000 0.000 0.000 0.169 0 1 0 0 0 0
 212 114615.000 148282.000 0 0 0.000 0.000 0.000 0.142 0 1 0 0 0 0
 213 101454.000 150269.000 0 0 0.000 0.000 0.000 0.159 0 1 0 0 0 0
 214 61771.000 66856.000 0 0 0.000 0.000 0.000 0.141 0 1 0 0 0 0
 215 126338.000 56502.000 0 0 0.000 0.000 0.000 0.134 0 1 0 0 0 0
 216 81531.000 146969.000 0 0 0.000 0.000 0.000 0.142 0 1 0 0 0 0
 217 137338.000 65113.000 0 0 0.000 0.000 0.000 0.150 0 1 0 0 0 0
 218 140344.000 68589.000 0 0 0.000 0.000 0.000 0.154 0 1 0 0 0 0
 219 69462.000 140672.000 0 0 0.000 0.000 0.000 0.134 0 1 0 0 0 0
 220 49526.000 91022.000 0 0 0.000 0.000 0.000 0.133 0 1 0 0 0 0
 221 95992.000 48535.000 0 0 0.000 0.000 0.000 0.132 0 1 0 0 0 0
 222 129580.000 57527.000 0 0 0.000 0.000 0.000 0.131 0 1 0 0 0 0
 223 74045.000 55167.000 0 0 0.000 0.000 0.000 0.139 0 1 0 0 0 0
 224 101337.000 48129.000 0 0 0.000 0.000 0.000 0.133 0 1 0 0 0 0
 225 130943.000 141327.000 0 0 0.000 0.000 0.000 0.133 0 1 0 0 0 0
 226 50834.000 84345.000 0 0 0.000 0.000 0.000 0.146 0 1 0 0 0 0
 227 89049.000 49179.000 0 0 0.000 0.000 0.000 0.134 0 1 0 0 0 0
 228 139532.000 66182.000 0 0 0.000 0.000 0.000 0.130 0 1 0 0 0 0
 229 142989.000 70546.000 0 0 0.000 0.000 0.000 0.138 0 1 0 0 0 0
 230 151744.000 95211.000 0 0 0.000 0.000 0.000 0.131 0 1 0 0 0 0
 231 147535.000 120779.000 0 0 0.000 0.000 0.000 0.132 0 1 0 0 0 0
 232 146099.000 123946.000 0 0 0.000 0.000 0.000 0.144 0 1 0 0 0 0
 233 131705.000 141112.000 0 0 0.000 0.000 0.000 0.133 0 1 0 0 0 0
 234 52276.000 121343.000 0 0 0.000 0.000 0.000 0.143 0 1 0 0 0 0
 235 47724.000 100608.000 0 0 0.000 0.000 0.000 0.137 0 1 0 0 0 0
 236 111090.000 48452.000 0 0 0.000 0.000 0.000 0.135 0 1 0 0 0 0
 237 97668.000 47239.000 0 0 0.000 0.000 0.000 0.131 0 1 0 0 0 0
 238 152033.000 90219.000 0 0 0.000 0.000 0.000 0.144 0 1 0 0 0 0
 239 152836.000 103254.000 0 0 0.000 0.000 0.000 0.134 0 1 0 0 0 0
 240 107014.000 152517.000 0 0 0.000 0.000 0.000 0.132 0 1 0 0 0 0
 241 111310.000 47738.000 0 0 0.000 0.000 0.000 0.130 0 1 0 0 0 0
 242 46815.000 101892.000 0 0 0.000 0.000 0.000 0.133 0 1 0 0 0 0
 243 136483.000 139490.000 0 0 0.000 0.000 0.000 0.133 0 1 0 0 0 0
 244 142298.000 66098.000 0 0 0.000 0.000 0.000 0.147 0 1 0 0 0 0
 245 145796.000 128896.000 0 0 0.000 0.000 0.000 0.141 0 1 0 0 0 0
 246 154668.000 104699.000 0 0 0.000 0.000 0.000 0.141 0 1 0 0 0 0
 247 151263.000 119400.000 0 0 0.000 0.000 0.000 0.130 0 1 0 0 0 0
 248 45496.000 95402.000 0 0 0.000 0.000 0.000 0.131 0 1 0 0 0 0
 249 46658.000 87415.000 0 0 0.000 0.000 0.000 0.134 0 1 0 0 0 0
 250 78078.000 49559.000 0 0 0.000 0.000 0.000 0.160 0 1 0 0 0 0
 251 97061.000 154952.000 0 0 0.000 0.000 0.000 0.139 0 1 0 0 0 0
 252 105836.000 44966.000 0 0 0.000 0.000 0.000 0.147 0 1 0 0 0 0
 253 44727.000 105140.000 0 0 0.000 0.000 0.000 0.151 0 1 0 0 0 0
 254 45986.000 113910.000 0 0 0.000 0.000 0.000 0.131 0 1 0 0 0 0
 255 44112.000 100749.000 0 0 0.000 0.000 0.000 0.136 0 1 0 0 0 0
 256 117601.000 46298.000 0 0 0.000 0.000 0.000 0.134 0 1 0 0 0 0
 257 145910.000 66970.000 0 0 0.000 0.000 0.000 0.144 0 1 0 0 0 0
 258 104078.000 43661.000 0 0 0.000 0.000 0.000 0.157 0 1 0 0 0 0
 259 138451.000 142032.000 0 0 0.000 0.000 0.000 0.135 0 1 0 0 0 0
 260 42955.000 97674.000 0 0 0.000 0.000 0.000 0.162 0 1 0 0 0 0
 261 99551.000 42610.000 0 0 0.000 0.000 0.000 0.135 0 1 0 0 0 0
 262 149206.000 70158.000 0 0 0.000 0.000 0.000 0.134 0 1 0 0 0 0
 263 67881.000 147571.000 0 0 0.000 0.000 0.000 0.136 0 1 0 0 0 0
 264 55038.000 63711.000 0 0 0.000 0.000 0.000 0.141 0 1 0 0 0 0
 265 55247.000 63464.000 0 0 0.000 0.000 0.000 0.147 0 1 0 0 0 0
 266 140431.000 58407.000 0 0 0.000 0.000 0.000 0.142 0 1 0 0 0 0
 267 71472.000 49460.000 0 0 0.000 0.000 0.000 0.133 0 1 0 0 0 0
 268 145725.000 135620.000 0 0 0.000 0.000 0.000 0.136 0 1 0 0 0 0
 269 151100.000 127753.000 0 0 0.000 0.000 0.000 0.135 0 1 0 0 0 0
 270 41972.000 101489.000 0 0 0.000 0.000 0.000 0.134 0 1 0 0 0 0
 271 45764.000 79007.000 0 0 0.000 0.000 0.000 0.131 0 1 0 0 0 0
 272 79857.000 45217.000 0 0 0.000 0.000 0.000 0.144 0 1 0 0 0 0
 273 42872.000 88575.000 0 0 0.000 0.000 0.000 0.137 0 1 0 0 0 0
 274 157008.000 83795.000 0 0 0.000 0.000 0.000 0.155 0 1 0 0 0 0
 275 149171.000 66263.000 0 0 0.000 0.000 0.000 0.135 0 1 0 0 0 0
 276 40978.000 104877.000 0 0 0.000 0.000 0.000 0.140 0 1 0 0 0 0
 277 138010.000 54033.000 0 0 0.000 0.000 0.000 0.132 0 1 0 0 0 0
 278 66996.000 50315.000 0 0 0.000 0.000 0.000 0.152 0 1 0 0 0 0
 279 159817.000 97541.000 0 0 0.000 0.000 0.000 0.141 0 1 0 0 0 0
 280 153659.000 73219.000 0 0 0.000 0.000 0.000 0.204 0 1 0 0 0 0
 281 95466.000 159674.000 0 0 0.000 0.000 0.000 0.178 0 1 0 0 0 0
 282 41119.000 110694.000 0 0 0.000 0.000 0.000 0.147 0 1 0 0 0 0
 283 131206.000 151419.000 0 0 0.000 0.000 0.000 0.138 0 1 0 0 0 0
 284 157174.000 120836.000 0 0 0.000 0.000 0.000 0.137 0 1 0 0 0 0
 285 78151.000 43032.000 0 0 0.000 0.000 0.000 0.137 0 1 0 0 0 0
 286 61194.000 146746.000 0 0 0.000 0.000 0.000 0.141 0 1 0 0 0 0
 287 100472.000 160870.000 0 0 0.000 0.000 0.000 0.140 0 1 0 0 0 0
 288 39060.000 98704.000 0 0 0.000 0.000 0.000 0.139 0 1 0 0 0 0
 289 107507.000 160683.000 0 0 0.000 0.000 0.000 0.131 0 1 0 0 0 0
 290 161302.000 106848.000 0 0 0.000 0.000 0.000 0.150 0 1 0 0 0 0
 291 78271.000 157397.000 0 0 0.000 0.000 0.000 0.132 0 1 0 0 0 0
 292 45411.000 70999.000 0 0 0.000 0.000 0.000 0.133 0 1 0 0 0 0
 293 38390.000 96028.000 0 0 0.000 0.000 0.000 0.130 0 1 0 0 0 0
 294 153132.000 67253.000 0 0 0.000 0.000 0.000 0.146 0 1 0 0 0 0
 295 149821.000 137355.000 0 0 0.000 0.000 0.000 0.140 0 1 0 0 0 0
 296 38214.000 106624.000 0 0 0.000 0.000 0.000 0.134 0 1 0 0 0 0
 297 148853.000 138712.000 0 0 0.000 0.000 0.000 0.149 0 1 0 0 0 0
 298 159593.000 80212.000 0 0 0.000 0.000 0.000 0.148 0 1 0 0 0 0
 299 106082.000 37353.000 0 0 0.000 0.000 0.000 0.140 0 1 0 0 0 0
 300 85131.000 38794.000 0 0 0.000 0.000 0.000 0.143 0 1 0 0 0 0
 301 161511.000 113759.000 0 0 0.000 0.000 0.000 0.141 0 1 0 0 0 0
 302 64533.000 151764.000 0 0 0.000 0.000 0.000 0.132 0 1 0 0 0 0
 303 42572.000 74355.000 0 0 0.000 0.000 0.000 0.134 0 1 0 0 0 0
 304 160761.000 82552.000 0 0 0.000 0.000 0.000 0.142 0 1 0 0 0 0
 305 135067.000 152453.000 0 0 0.000 0.000 0.000 0.137 0 1 0 0 0 0
 306 51482.000 59161.000 0 0 0.000 0.000 0.000 0.133 0 1 0 0 0 0
 307 65990.000 153421.000 0 0 0.000 0.000 0.000 0.134 0 1 0 0 0 0
 308 55032.000 144769.000 0 0 0.000 0.000 0.000 0.138 0 1 0 0 0 0
 309 39224.000 81197.000 0 0 0.000 0.000 0.000 0.149 0 1 0 0 0 0
 310 72832.000 42347.000 0 0 0.000 0.000 0.000 0.134 0 1 0 0 0 0
 311 160367.000 120663.000 0 0 0.000 0.000 0.000 0.132 0 1 0 0 0 0
 312 68036.000 155657.000 0 0 0.000 0.000 0.000 0.143 0 1 0 0 0 0
 313 155510.000 133072.000 0 0 0.000 0.000 0.000 0.142 0 1 0 0 0 0
 314 144786.000 52864.000 0 0 0.000 0.000 0.000 0.134 0 1 0 0 0 0
 315 36330.000 85553.000 0 0 0.000 0.000 0.000 0.131 0 1 0 0 0 0
 316 121932.000 161554.000 0 0 0.000 0.000 0.000 0.238 0 1 0 0 0 0
 317 47631.000 60563.000 0 0 0.000 0.000 0.000 0.142 0 1 0 0 0 0
 318 147734.000 54465.000 0 0 0.000 0.000 0.000 0.133 0 1 0 0 0 0
 319 48546.000 58854.000 0 0 0.000 0.000 0.000 0.143 0 1 0 0 0 0
 320 164122.000 83584.000 0 0 0.000 0.000 0.000 0.130 0 1 0 0 0 0
 321 46962.000 139302.000 0 0 0.000 0.000 0.000 0.140 0 1 0 0 0 0
 322 34050.000 101286.000 0 0 0.000 0.000 0.000 0.148 0 1 0 0 0 0
 323 165618.000 111135.000 0 0 0.000 0.000 0.000 0.142 0 1 0 0 0 0
 324 165167.000 113896.000 0 0 0.000 0.000 0.000 0.148 0 1 0 0 0 0
 325 119792.000 36212.000 0 0 0.000 0.000 0.000 0.131 0 1 0 0 0 0
 326 166228.000 91581.000 0 0 0.000 0.000 0.000 0.132 0 1 0 0 0 0
 327 37967.000 124063.000 0 0 0.000 0.000 0.000 0.133 0 1 0 0 0 0
 328 35282.000 115485.000 0 0 0.000 0.000 0.000 0.133 0 1 0 0 0 0
 329 63429.000 44059.000 0 0 0.000 0.000 0.000 0.139 0 1 0 0 0 0
 330 68149.000 158520.000 0 0 0.000 0.000 0.000 0.135 0 1 0 0 0 0
 331 34794.000 114378.000 0 0 0.000 0.000 0.000 0.143 0 1 0 0 0 0
 332 166802.000 108067.000 0 0 0.000 0.000 0.000 0.137 0 1 0 0 0 0
 333 104867.000 31962.000 0 0 0.000 0.000 0.000 0.153 0 1 0 0 0 0
 334 114659.000 166202.000 0 0 0.000 0.000 0.000 0.162 0 1 0 0 0 0
 335 78916.000 35028.000 0 0 0.000 0.000 0.000 0.154 0 1 0 0 0 0
 336 162555.000 127900.000 0 0 0.000 0.000 0.000 0.133 0 1 0 0 0 0
 337 163052.000 127650.000 0 0 0.000 0.000 0.000 0.130 0 1 0 0 0 0
 338 106473.000 30969.000 0 0 0.000 0.000 0.000 0.136 0 1 0 0 0 0
 339 98049.000 169051.000 0 0 0.000 0.000 0.000 0.147 0 1 0 0 0 0
 340 72223.000 163210.000 0 0 0.000 0.000 0.000 0.137 0 1 0 0 0 0
 341 70724.000 162596.000 0 0 0.000 0.000 0.000 0.142 0 1 0 0 0 0
 342 35638.000 126013.000 0 0 0.000 0.000 0.000 0.134 0 1 0 0 0 0
 343 135562.000 160282.000 0 0 0.000 0.000 0.000 0.132 0 1 0 0 0 0
 344 147733.000 151900.000 0 0 0.000 0.000 0.000 0.134 0 1 0 0 0 0
 345 73165.000 34616.000 0 0 0.000 0.000 0.000 0.130 0 1 0 0 0 0
 346 155851.000 143556.000 0 0 0.000 0.000 0.000 0.149 0 1 0 0 0 0
 347 125774.000 33476.000 0 0 0.000 0.000 0.000 0.131 0 1 0 0 0 0
 348 36669.000 132418.000 0 0 0.000 0.000 0.000 0.134 0 1 0 0 0 0
 349 30017.000 85288.000 0 0 0.000 0.000 0.000 0.139 0 1 0 0 0 0
 350 164271.000 67613.000 0 0 0.000 0.000 0.000 0.153 0 1 0 0 0 0
 351 110024.000 28642.000 0 0 0.000 0.000 0.000 0.131 0 1 0 0 0 0
 352 61063.000 160365.000 0 0 0.000 0.000 0.000 0.130 0 1 0 0 0 0
 353 43484.000 144781.000 0 0 0.000 0.000 0.000 0.138 0 1 0 0 0 0
 354 135326.000 35968.000 0 0 0.000 0.000 0.000 0.130 0 1 0 0 0 0
 355 145194.000 157805.000 0 0 0.000 0.000 0.000 0.135 0 1 0 0 0 0
 356 43920.000 147079.000 0 0 0.000 0.000 0.000 0.151 0 1 0 0 0 0
 357 69355.000 32865.000 0 0 0.000 0.000 0.000 0.139 0 1 0 0 0 0
 358 116374.000 27671.000 0 0 0.000 0.000 0.000 0.131 0 1 0 0 0 0
 359 36681.000 60965.000 0 0 0.000 0.000 0.000 0.133 0 1 0 0 0 0
 360 28362.000 123027.000 0 0 0.000 0.000 0.000 0.134 0 1 0 0 0 0
 361 145254.000 39173.000 0 0 0.000 0.000 0.000 0.134 0 1 0 0 0 0
 362 175615.000 108326.000 0 0 0.000 0.000 0.000 0.133 0 1 0 0 0 0
 363 28791.000 126102.000 0 0 0.000 0.000 0.000 0.148 0 1 0 0 0 0
 364 48176.000 156297.000 0 0 0.000 0.000 0.000 0.138 0 1 0 0 0 0
 365 122175.000 25416.000 0 0 0.000 0.000 0.000 0.135 0 1 0 0 0 0
 366 33055.000 138899.000 0 0 0.000 0.000 0.000 0.134 0 1 0 0 0 0
 367 30605.000 65584.000 0 0 0.000 0.000 0.000 0.159 0 1 0 0 0 0
 368 48742.000 41610.000 0 0 0.000 0.000 0.000 0.132 0 1 0 0 0 0
 369 38853.000 147955.000 0 0 0.000 0.000 0.000 0.147 0 1 0 0 0 0
 370 57613.000 165370.000 0 0 0.000 0.000 0.000 0.131 0 1 0 0 0 0
 371 105317.000 21106.000 0 0 0.000 0.000 0.000 0.147 0 1 0 0 0 0
 372 108004.000 21399.000 0 0 0.000 0.000 0.000 0.130 0 1 0 0 0 0
 373 125374.000 174570.000 0 0 0.000 0.000 0.000 0.149 0 1 0 0 0 0
 374 87595.000 21871.000 0 0 0.000 0.000 0.000 0.134 0 1 0 0 0 0
 375 178211.000 87722.000 0 0 0.000 0.000 0.000 0.134 0 1 0 0 0 0
 376 45437.000 42128.000 0 0 0.000 0.000 0.000 0.132 0 1 0 0 0 0
 377 96624.000 20054.000 0 0 0.000 0.000 0.000 0.135 0 1 0 0 0 0
 378 166781.000 144099.000 0 0 0.000 0.000 0.000 0.157 0 1 0 0 0 0
 379 91720.000 19691.000 0 0 0.000 0.000 0.000 0.149 0 1 0 0 0 0
 380 164672.000 148055.000 0 0 0.000 0.000 0.000 0.135 0 1 0 0 0 0
 381 138812.000 170634.000 0 0 0.000 0.000 0.000 0.131 0 1 0 0 0 0
 382 64854.000 27151.000 0 0 0.000 0.000 0.000 0.132 0 1 0 0 0 0
 383 94797.000 19052.000 0 0 0.000 0.000 0.000 0.131 0 1 0 0 0 0
 384 52188.000 165643.000 0 0 0.000 0.000 0.000 0.136 0 1 0 0 0 0
 385 48278.000 163979.000 0 0 0.000 0.000 0.000 0.143 0 1 0 0 0 0
 386 174449.000 136449.000 0 0 0.000 0.000 0.000 0.131 0 1 0 0 0 0
 387 55258.000 30052.000 0 0 0.000 0.000 0.000 0.130 0 1 0 0 0 0
 388 52657.000 169912.000 0 0 0.000 0.000 0.000 0.141 0 1 0 0 0 0
 389 71541.000 19417.000 0 0 0.000 0.000 0.000 0.137 0 1 0 0 0 0
 390 62387.000 22159.000 0 0 0.000 0.000 0.000 0.136 0 1 0 0 0 0
 391 187061.000 100721.000 0 0 0.000 0.000 0.000 0.130 0 1 0 0 0 0
 392 54208.000 25264.000 0 0 0.000 0.000 0.000 0.135 0 1 0 0 0 0
 393 188396.000 101166.000 0 0 0.000 0.000 0.000 0.130 0 1 0 0 0 0
 394 13519.000 81749.000 0 0 0.000 0.000 0.000 0.148 0 1 0 0 0 0
 395 70942.000 16244.000 0 0 0.000 0.000 0.000 0.130 0 1 0 0 0 0
 396 47754.000 26804.000 0 0 0.000 0.000 0.000 0.138 0 1 0 0 0 0
 397 66742.000 15493.000 0 0 0.000 0.000 0.000 0.130 0 1 0 0 0 0
 398 36730.000 34592.000 0 0 0.000 0.000 0.000 0.141 0 1 0 0 0 0
 399 32827.000 38092.000 0 0 0.000 0.000 0.000 0.132 0 1 0 0 0 0
 400 33569.000 37227.000 0 0 0.000 0.000 0.000 0.130 0 1 0 0 0 0
 401 32361.000 38244.000 0 0 0.000 0.000 0.000 0.133 0 1 0 0 0 0
 402 50193.000 22339.000 0 0 0.000 0.000 0.000 0.138 0 1 0 0 0 0
 403 64372.000 14927.000 0 0 0.000 0.000 0.000 0.135 0 1 0 0 0 0
 404 33676.000 35865.000 0 0 0.000 0.000 0.000 0.134 0 1 0 0 0 0
 405 31770.000 37658.000 0 0 0.000 0.000 0.000 0.142 0 1 0 0 0 0
 406 32672.000 36585.000 0 0 0.000 0.000 0.000 0.140 0 1 0 0 0 0
 407 64332.000 14730.000 0 0 0.000 0.000 0.000 0.138 0 1 0 0 0 0
 408 35251.000 33219.000 0 0 0.000 0.000 0.000 0.135 0 1 0 0 0 0
 409 57791.000 16943.000 0 0 0.000 0.000 0.000 0.139 0 1 0 0 0 0
 410 30784.000 37578.000 0 0 54.000 50.000 2700.000 51.961 0 1 1 200 0 0
 411 30428.000 37668.000 0 0 54.000 50.000 2700.000 51.961 0 1 1 200 0 0
 412 29778.000 37481.000 0 0 52.000 50.000 2600.000 50.990 0 1 1 200 0 0
 413 32355.000 34821.000 0 0 0.000 0.000 0.000 0.132 0 1 0 0 0 0
 414 29336.000 37903.000 0 0 52.000 52.000 2704.000 52.000 0 1 1 200 0 0
 415 74184.000 9268.000 0 0 0.000 0.000 0.000 0.135 0 1 0 0 0 0
 416 36134.000 30655.000 0 0 0.000 0.000 0.000 0.144 0 1 0 0 0 0
 417 29109.000 37493.000 0 0 52.000 52.000 2704.000 52.000 0 1 1 200 0 0
 418 34220.000 31600.000 0 0 0.000 0.000 0.000 0.130 0 1 0 0 0 0;
ProcessEquipmentIDList 1
  "R404" ;
SummarySpec 5
  TESTNO    NDEFECT    DEFDENSITY    NDIE    NDEFDIE  ;
SummaryList 
  1    418    1.528    1    1  ;
EndOfFile;
