FileVersion 1 2;
FileTimestamp 01-08-26 22:41:23;
InspectionStationID "KLA-Tencor" "SFSSP1" "0901-0728-TBI";
SampleType WAFER;
ResultTimestamp 01-08-26 22:27:55;
LotID "2580";
SampleSize 1 200;
DeviceID "None";
SetupID "T2-2580NR" 01-08-26 22:27:55;
StepID "6625P";
SampleOrientationMarkType NOTCH;
OrientationMarkLocation DOWN;
DiePitch 200000 200000;
DieOrigin 0 0;
WaferID "15";
Slot 15;
SampleCenterLocation 100000 100000;
ClassLookup 1
  0 "0"  ;
OrientationInstructions "Front";
CoordinatesMirrored No;
InspectionTest 1;
SampleTestPlan 1
  0 0 ;
AreaPerTest 2.73516e+010;
ClusterClassificationList 1
  1 210 ;
DefectRecordSpec 15 DEFECTID XREL YREL XINDEX YINDEX XSIZE YSIZE DEFECTAREA DSIZE CLASSNUMBER TEST CLUSTERNUMBER ROUGHBINNUMBER FINEBINNUMBER REVIEWSAMPLE ;
DefectList
 1 100075.000 96011.000 0 0 0.000 0.000 0.000 0.148 0 1 0 0 0 0
 2 94645.000 101081.000 0 0 0.000 0.000 0.000 0.132 0 1 0 0 0 0
 3 94551.000 102382.000 0 0 0.000 0.000 0.000 0.155 0 1 0 0 0 0
 4 97175.000 94868.000 0 0 0.000 0.000 0.000 0.134 0 1 0 0 0 0
 5 106157.000 96378.000 0 0 0.000 0.000 0.000 0.138 0 1 0 0 0 0
 6 106912.000 98827.000 0 0 0.000 0.000 0.000 0.158 0 1 0 0 0 0
 7 91942.000 98447.000 0 0 0.000 0.000 0.000 0.152 0 1 0 0 0 0
 8 93137.000 106683.000 0 0 0.000 0.000 0.000 0.165 0 1 0 0 0 0
 9 91826.000 94484.000 0 0 0.000 0.000 0.000 0.137 0 1 0 0 0 0
 10 92956.000 107020.000 0 0 0.000 0.000 0.000 0.145 0 1 0 0 0 0
 11 96829.000 90588.000 0 0 0.000 0.000 0.000 0.152 0 1 0 0 0 0
 12 96291.000 111420.000 0 0 0.000 0.000 0.000 0.147 0 1 0 0 0 0
 13 90436.000 91708.000 0 0 0.000 0.000 0.000 0.134 0 1 0 0 0 0
 14 100439.000 113842.000 0 0 0.000 0.000 0.000 0.130 0 1 0 0 0 0
 15 109696.000 90109.000 0 0 0.000 0.000 0.000 0.132 0 1 0 0 0 0
 16 111049.000 91520.000 0 0 0.000 0.000 0.000 0.138 0 1 0 0 0 0
 17 113859.000 99413.000 0 0 0.000 0.000 0.000 0.133 0 1 0 0 0 0
 18 114204.000 101186.000 0 0 0.000 0.000 0.000 0.137 0 1 0 0 0 0
 19 91863.000 87790.000 0 0 0.000 0.000 0.000 0.141 0 1 0 0 0 0
 20 86457.000 106372.000 0 0 0.000 0.000 0.000 0.141 0 1 0 0 0 0
 21 102960.000 114714.000 0 0 0.000 0.000 0.000 0.132 0 1 0 0 0 0
 22 96247.000 84415.000 0 0 0.000 0.000 0.000 0.136 0 1 0 0 0 0
 23 114563.000 108692.000 0 0 0.000 0.000 0.000 0.140 0 1 0 0 0 0
 24 100455.000 118464.000 0 0 0.000 0.000 0.000 0.151 0 1 0 0 0 0
 25 82101.000 93520.000 0 0 0.000 0.000 0.000 0.164 0 1 0 0 0 0
 26 118469.000 103101.000 0 0 0.000 0.000 0.000 0.142 0 1 0 0 0 0
 27 109192.000 116474.000 0 0 0.000 0.000 0.000 0.150 0 1 0 0 0 0
 28 96728.000 80552.000 0 0 0.000 0.000 0.000 0.141 0 1 0 0 0 0
 29 82242.000 90820.000 0 0 0.000 0.000 0.000 0.147 0 1 0 0 0 0
 30 86401.000 115861.000 0 0 0.000 0.000 0.000 0.140 0 1 0 0 0 0
 31 107331.000 119427.000 0 0 0.000 0.000 0.000 0.135 0 1 0 0 0 0
 32 83201.000 112815.000 0 0 0.000 0.000 0.000 0.137 0 1 0 0 0 0
 33 78890.000 101722.000 0 0 0.000 0.000 0.000 0.134 0 1 0 0 0 0
 34 79606.000 106641.000 0 0 0.000 0.000 0.000 0.152 0 1 0 0 0 0
 35 107422.000 80075.000 0 0 0.000 0.000 0.000 0.150 0 1 0 0 0 0
 36 81676.000 87711.000 0 0 0.000 0.000 0.000 0.141 0 1 0 0 0 0
 37 111514.000 119108.000 0 0 0.000 0.000 0.000 0.135 0 1 0 0 0 0
 38 120796.000 108026.000 0 0 0.000 0.000 0.000 0.153 0 1 0 0 0 0
 39 78146.000 92568.000 0 0 0.000 0.000 0.000 0.141 0 1 0 0 0 0
 40 100732.000 123112.000 0 0 0.000 0.000 0.000 0.137 0 1 0 0 0 0
 41 81684.000 114966.000 0 0 0.000 0.000 0.000 0.145 0 1 0 0 0 0
 42 122778.000 95805.000 0 0 0.000 0.000 0.000 0.130 0 1 0 0 0 0
 43 78136.000 88970.000 0 0 0.000 0.000 0.000 0.134 0 1 0 0 0 0
 44 102095.000 75851.000 0 0 0.000 0.000 0.000 0.152 0 1 0 0 0 0
 45 87848.000 121434.000 0 0 0.000 0.000 0.000 0.148 0 1 0 0 0 0
 46 87701.000 78703.000 0 0 0.000 0.000 0.000 0.143 0 1 0 0 0 0
 47 75078.000 97727.000 0 0 0.000 0.000 0.000 0.143 0 1 0 0 0 0
 48 88893.000 122363.000 0 0 0.000 0.000 0.000 0.131 0 1 0 0 0 0
 49 115133.000 119817.000 0 0 0.000 0.000 0.000 0.148 0 1 0 0 0 0
 50 107787.000 76059.000 0 0 0.000 0.000 0.000 0.137 0 1 0 0 0 0
 51 77867.000 87155.000 0 0 0.000 0.000 0.000 0.132 0 1 0 0 0 0
 52 73795.000 98920.000 0 0 0.000 0.000 0.000 0.171 0 1 0 0 0 0
 53 77299.000 86836.000 0 0 0.000 0.000 0.000 0.151 0 1 0 0 0 0
 54 101955.000 126298.000 0 0 0.000 0.000 0.000 0.142 0 1 0 0 0 0
 55 85426.000 122203.000 0 0 0.000 0.000 0.000 0.136 0 1 0 0 0 0
 56 83605.000 120992.000 0 0 0.000 0.000 0.000 0.152 0 1 0 0 0 0
 57 108021.000 73968.000 0 0 0.000 0.000 0.000 0.131 0 1 0 0 0 0
 58 82497.000 78629.000 0 0 0.000 0.000 0.000 0.139 0 1 0 0 0 0
 59 126927.000 104738.000 0 0 0.000 0.000 0.000 0.136 0 1 0 0 0 0
 60 119823.000 80998.000 0 0 0.000 0.000 0.000 0.143 0 1 0 0 0 0
 61 95717.000 127445.000 0 0 0.000 0.000 0.000 0.145 0 1 0 0 0 0
 62 127093.000 93834.000 0 0 0.000 0.000 0.000 0.134 0 1 0 0 0 0
 63 127904.000 99256.000 0 0 0.000 0.000 0.000 0.137 0 1 0 0 0 0
 64 94975.000 71721.000 0 0 0.000 0.000 0.000 0.134 0 1 0 0 0 0
 65 71517.000 106296.000 0 0 0.000 0.000 0.000 0.161 0 1 0 0 0 0
 66 121222.000 119604.000 0 0 0.000 0.000 0.000 0.147 0 1 0 0 0 0
 67 71965.000 108861.000 0 0 0.000 0.000 0.000 0.130 0 1 0 0 0 0
 68 109884.000 127518.000 0 0 0.000 0.000 0.000 0.137 0 1 0 0 0 0
 69 85978.000 126183.000 0 0 0.000 0.000 0.000 0.145 0 1 0 0 0 0
 70 122738.000 81495.000 0 0 0.000 0.000 0.000 0.136 0 1 0 0 0 0
 71 96425.000 129432.000 0 0 0.000 0.000 0.000 0.133 0 1 0 0 0 0
 72 123762.000 117524.000 0 0 0.000 0.000 0.000 0.153 0 1 0 0 0 0
 73 126480.000 115769.000 0 0 0.000 0.000 0.000 0.156 0 1 0 0 0 0
 74 70859.000 111519.000 0 0 0.000 0.000 0.000 0.130 0 1 0 0 0 0
 75 113453.000 128274.000 0 0 0.000 0.000 0.000 0.131 0 1 0 0 0 0
 76 68759.000 95562.000 0 0 0.000 0.000 0.000 0.151 0 1 0 0 0 0
 77 115046.000 72144.000 0 0 0.000 0.000 0.000 0.130 0 1 0 0 0 0
 78 101465.000 132129.000 0 0 0.000 0.000 0.000 0.147 0 1 0 0 0 0
 79 76131.000 122479.000 0 0 0.000 0.000 0.000 0.140 0 1 0 0 0 0
 80 112608.000 69976.000 0 0 0.000 0.000 0.000 0.157 0 1 0 0 0 0
 81 130736.000 87958.000 0 0 0.000 0.000 0.000 0.131 0 1 0 0 0 0
 82 105675.000 132827.000 0 0 0.000 0.000 0.000 0.131 0 1 0 0 0 0
 83 73419.000 120669.000 0 0 0.000 0.000 0.000 0.140 0 1 0 0 0 0
 84 69646.000 114318.000 0 0 0.000 0.000 0.000 0.143 0 1 0 0 0 0
 85 73748.000 79172.000 0 0 0.000 0.000 0.000 0.130 0 1 0 0 0 0
 86 92234.000 67522.000 0 0 0.000 0.000 0.000 0.161 0 1 0 0 0 0
 87 97159.000 133478.000 0 0 0.000 0.000 0.000 0.130 0 1 0 0 0 0
 88 103877.000 66749.000 0 0 0.000 0.000 0.000 0.144 0 1 0 0 0 0
 89 104693.000 133399.000 0 0 0.000 0.000 0.000 0.140 0 1 0 0 0 0
 90 99919.000 65866.000 0 0 0.000 0.000 0.000 0.135 0 1 0 0 0 0
 91 72459.000 79307.000 0 0 0.000 0.000 0.000 0.141 0 1 0 0 0 0
 92 132803.000 109446.000 0 0 0.000 0.000 0.000 0.136 0 1 0 0 0 0
 93 125232.000 123181.000 0 0 0.000 0.000 0.000 0.144 0 1 0 0 0 0
 94 68927.000 84161.000 0 0 0.000 0.000 0.000 0.142 0 1 0 0 0 0
 95 105142.000 65801.000 0 0 0.000 0.000 0.000 0.137 0 1 0 0 0 0
 96 65099.000 102104.000 0 0 0.000 0.000 0.000 0.138 0 1 0 0 0 0
 97 66261.000 90683.000 0 0 0.000 0.000 0.000 0.135 0 1 0 0 0 0
 98 108487.000 66144.000 0 0 0.000 0.000 0.000 0.139 0 1 0 0 0 0
 99 108093.000 65882.000 0 0 0.000 0.000 0.000 0.131 0 1 0 0 0 0
 100 66677.000 113329.000 0 0 0.000 0.000 0.000 0.133 0 1 0 0 0 0
 101 125565.000 75232.000 0 0 0.000 0.000 0.000 0.132 0 1 0 0 0 0
 102 109465.000 134760.000 0 0 0.000 0.000 0.000 0.152 0 1 0 0 0 0
 103 100510.000 136379.000 0 0 0.000 0.000 0.000 0.135 0 1 0 0 0 0
 104 93617.000 64206.000 0 0 0.000 0.000 0.000 0.150 0 1 0 0 0 0
 105 72775.000 124515.000 0 0 0.000 0.000 0.000 0.164 0 1 0 0 0 0
 106 135708.000 107545.000 0 0 0.000 0.000 0.000 0.143 0 1 0 0 0 0
 107 134992.000 110171.000 0 0 0.000 0.000 0.000 0.140 0 1 0 0 0 0
 108 79273.000 69222.000 0 0 0.000 0.000 0.000 0.147 0 1 0 0 0 0
 109 118983.000 131798.000 0 0 0.000 0.000 0.000 0.133 0 1 0 0 0 0
 110 83394.000 66619.000 0 0 0.000 0.000 0.000 0.138 0 1 0 0 0 0
 111 112429.000 65009.000 0 0 0.000 0.000 0.000 0.149 0 1 0 0 0 0
 112 64164.000 111311.000 0 0 0.000 0.000 0.000 0.145 0 1 0 0 0 0
 113 117036.000 66832.000 0 0 0.000 0.000 0.000 0.143 0 1 0 0 0 0
 114 64444.000 112386.000 0 0 0.000 0.000 0.000 0.153 0 1 0 0 0 0
 115 93899.000 63063.000 0 0 0.000 0.000 0.000 0.145 0 1 0 0 0 0
 116 62166.000 102267.000 0 0 0.000 0.000 0.000 0.150 0 1 0 0 0 0
 117 64415.000 87046.000 0 0 0.000 0.000 0.000 0.134 0 1 0 0 0 0
 118 83474.000 65956.000 0 0 0.000 0.000 0.000 0.138 0 1 0 0 0 0
 119 64299.000 113091.000 0 0 0.000 0.000 0.000 0.132 0 1 0 0 0 0
 120 66197.000 82552.000 0 0 0.000 0.000 0.000 0.140 0 1 0 0 0 0
 121 77393.000 69553.000 0 0 0.000 0.000 0.000 0.130 0 1 0 0 0 0
 122 79469.000 132569.000 0 0 0.000 0.000 0.000 0.136 0 1 0 0 0 0
 123 132045.000 78477.000 0 0 0.000 0.000 0.000 0.135 0 1 0 0 0 0
 124 136384.000 113446.000 0 0 0.000 0.000 0.000 0.133 0 1 0 0 0 0
 125 123151.000 131444.000 0 0 0.000 0.000 0.000 0.130 0 1 0 0 0 0
 126 61219.000 93013.000 0 0 0.000 0.000 0.000 0.135 0 1 0 0 0 0
 127 138273.000 108001.000 0 0 0.000 0.000 0.000 0.140 0 1 0 0 0 0
 128 112299.000 137415.000 0 0 0.000 0.000 0.000 0.144 0 1 0 0 0 0
 129 109914.000 61737.000 0 0 0.000 0.000 0.000 0.131 0 1 0 0 0 0
 130 62636.000 114482.000 0 0 0.000 0.000 0.000 0.147 0 1 0 0 0 0
 131 138835.000 92009.000 0 0 0.000 0.000 0.000 0.158 0 1 0 0 0 0
 132 133942.000 79028.000 0 0 0.000 0.000 0.000 0.144 0 1 0 0 0 0
 133 81760.000 64032.000 0 0 0.000 0.000 0.000 0.150 0 1 0 0 0 0
 134 118147.000 136323.000 0 0 0.000 0.000 0.000 0.132 0 1 0 0 0 0
 135 133785.000 122721.000 0 0 0.000 0.000 0.000 0.137 0 1 0 0 0 0
 136 104005.000 59218.000 0 0 0.000 0.000 0.000 0.130 0 1 0 0 0 0
 137 86050.000 138849.000 0 0 0.000 0.000 0.000 0.141 0 1 0 0 0 0
 138 81969.000 62781.000 0 0 0.000 0.000 0.000 0.133 0 1 0 0 0 0
 139 82397.000 61889.000 0 0 0.000 0.000 0.000 0.140 0 1 0 0 0 0
 140 60414.000 115104.000 0 0 0.000 0.000 0.000 0.130 0 1 0 0 0 0
 141 108630.000 58773.000 0 0 0.000 0.000 0.000 0.135 0 1 0 0 0 0
 142 67197.000 127226.000 0 0 0.000 0.000 0.000 0.138 0 1 0 0 0 0
 143 57323.000 101256.000 0 0 0.000 0.000 0.000 0.161 0 1 0 0 0 0
 144 60762.000 82182.000 0 0 0.000 0.000 0.000 0.144 0 1 0 0 0 0
 145 90583.000 142280.000 0 0 0.000 0.000 0.000 0.150 0 1 0 0 0 0
 146 130761.000 69707.000 0 0 0.000 0.000 0.000 0.139 0 1 0 0 0 0
 147 143141.000 97943.000 0 0 0.000 0.000 0.000 0.153 0 1 0 0 0 0
 148 64001.000 74557.000 0 0 0.000 0.000 0.000 0.134 0 1 0 0 0 0
 149 96043.000 55649.000 0 0 0.000 0.000 0.000 0.147 0 1 0 0 0 0
 150 60864.000 78126.000 0 0 0.000 0.000 0.000 0.146 0 1 0 0 0 0
 151 57307.000 85606.000 0 0 0.000 0.000 0.000 0.146 0 1 0 0 0 0
 152 99333.000 55157.000 0 0 0.000 0.000 0.000 0.136 0 1 0 0 0 0
 153 144676.000 100394.000 0 0 0.000 0.000 0.000 0.130 0 1 0 0 0 0
 154 133539.000 129519.000 0 0 0.000 0.000 0.000 0.133 0 1 0 0 0 0
 155 144255.000 93231.000 0 0 0.000 0.000 0.000 0.156 0 1 0 0 0 0
 156 66764.000 130859.000 0 0 0.000 0.000 0.000 0.155 0 1 0 0 0 0
 157 82913.000 141985.000 0 0 0.000 0.000 0.000 0.133 0 1 0 0 0 0
 158 137661.000 74725.000 0 0 0.000 0.000 0.000 0.160 0 1 0 0 0 0
 159 81734.000 142117.000 0 0 0.000 0.000 0.000 0.151 0 1 0 0 0 0
 160 114871.000 56661.000 0 0 0.000 0.000 0.000 0.138 0 1 0 0 0 0
 161 56225.000 84075.000 0 0 0.000 0.000 0.000 0.140 0 1 0 0 0 0
 162 70268.000 135865.000 0 0 0.000 0.000 0.000 0.153 0 1 0 0 0 0
 163 62447.000 72254.000 0 0 0.000 0.000 0.000 0.169 0 1 0 0 0 0
 164 81105.000 142746.000 0 0 0.000 0.000 0.000 0.131 0 1 0 0 0 0
 165 96989.000 147134.000 0 0 0.000 0.000 0.000 0.173 0 1 0 0 0 0
 166 52647.000 100483.000 0 0 0.000 0.000 0.000 0.143 0 1 0 0 0 0
 167 70245.000 63322.000 0 0 0.000 0.000 0.000 0.133 0 1 0 0 0 0
 168 146013.000 90973.000 0 0 0.000 0.000 0.000 0.130 0 1 0 0 0 0
 169 97726.000 52565.000 0 0 0.000 0.000 0.000 0.142 0 1 0 0 0 0
 170 70935.000 62018.000 0 0 0.000 0.000 0.000 0.147 0 1 0 0 0 0
 171 147332.000 96547.000 0 0 0.000 0.000 0.000 0.140 0 1 0 0 0 0
 172 52217.000 105599.000 0 0 0.000 0.000 0.000 0.146 0 1 0 0 0 0
 173 54430.000 84457.000 0 0 0.000 0.000 0.000 0.137 0 1 0 0 0 0
 174 93463.000 147862.000 0 0 0.000 0.000 0.000 0.134 0 1 0 0 0 0
 175 79694.000 144094.000 0 0 0.000 0.000 0.000 0.131 0 1 0 0 0 0
 176 84163.000 54123.000 0 0 0.000 0.000 0.000 0.152 0 1 0 0 0 0
 177 98386.000 51479.000 0 0 0.000 0.000 0.000 0.160 0 1 0 0 0 0
 178 62279.000 131211.000 0 0 0.000 0.000 0.000 0.148 0 1 0 0 0 0
 179 68215.000 62404.000 0 0 0.000 0.000 0.000 0.136 0 1 0 0 0 0
 180 123319.000 56758.000 0 0 0.000 0.000 0.000 0.149 0 1 0 0 0 0
 181 93722.000 149010.000 0 0 0.000 0.000 0.000 0.139 0 1 0 0 0 0
 182 83684.000 147149.000 0 0 0.000 0.000 0.000 0.137 0 1 0 0 0 0
 183 78370.000 144880.000 0 0 0.000 0.000 0.000 0.144 0 1 0 0 0 0
 184 93205.000 49877.000 0 0 0.000 0.000 0.000 0.141 0 1 0 0 0 0
 185 135072.000 136422.000 0 0 0.000 0.000 0.000 0.140 0 1 0 0 0 0
 186 134099.000 137837.000 0 0 0.000 0.000 0.000 0.139 0 1 0 0 0 0
 187 70525.000 58179.000 0 0 0.000 0.000 0.000 0.147 0 1 0 0 0 0
 188 79261.000 53246.000 0 0 0.000 0.000 0.000 0.133 0 1 0 0 0 0
 189 136141.000 63567.000 0 0 0.000 0.000 0.000 0.133 0 1 0 0 0 0
 190 114262.000 50459.000 0 0 0.000 0.000 0.000 0.130 0 1 0 0 0 0
 191 133611.000 60999.000 0 0 0.000 0.000 0.000 0.157 0 1 0 0 0 0
 192 75900.000 145931.000 0 0 0.000 0.000 0.000 0.133 0 1 0 0 0 0
 193 48537.000 92836.000 0 0 0.000 0.000 0.000 0.139 0 1 0 0 0 0
 194 101163.000 48357.000 0 0 0.000 0.000 0.000 0.131 0 1 0 0 0 0
 195 112681.000 150490.000 0 0 0.000 0.000 0.000 0.132 0 1 0 0 0 0
 196 113958.000 49779.000 0 0 0.000 0.000 0.000 0.136 0 1 0 0 0 0
 197 148977.000 118049.000 0 0 0.000 0.000 0.000 0.136 0 1 0 0 0 0
 198 69908.000 56956.000 0 0 0.000 0.000 0.000 0.130 0 1 0 0 0 0
 199 77281.000 147817.000 0 0 0.000 0.000 0.000 0.134 0 1 0 0 0 0
 200 144852.000 72429.000 0 0 0.000 0.000 0.000 0.132 0 1 0 0 0 0
 201 92066.000 47115.000 0 0 0.000 0.000 0.000 0.151 0 1 0 0 0 0
 202 120808.000 149353.000 0 0 0.000 0.000 0.000 0.137 0 1 0 0 0 0
 203 61686.000 137646.000 0 0 0.000 0.000 0.000 0.154 0 1 0 0 0 0
 204 49067.000 80947.000 0 0 0.000 0.000 0.000 0.132 0 1 0 0 0 0
 205 153871.000 97752.000 0 0 0.000 0.000 0.000 0.130 0 1 0 0 0 0
 206 59240.000 64020.000 0 0 0.000 0.000 0.000 0.130 0 1 0 0 0 0
 207 51617.000 74541.000 0 0 0.000 0.000 0.000 0.131 0 1 0 0 0 0
 208 107888.000 154250.000 0 0 0.000 0.000 0.000 0.156 0 1 0 0 0 0
 209 106871.000 154453.000 0 0 0.000 0.000 0.000 0.137 0 1 0 0 0 0
 210 141957.000 64768.000 0 0 0.000 0.000 0.000 0.144 0 1 0 0 0 0
 211 60921.000 139266.000 0 0 0.000 0.000 0.000 0.135 0 1 0 0 0 0
 212 138011.000 60210.000 0 0 0.000 0.000 0.000 0.140 0 1 0 0 0 0
 213 149318.000 124496.000 0 0 0.000 0.000 0.000 0.131 0 1 0 0 0 0
 214 98897.000 155453.000 0 0 0.000 0.000 0.000 0.164 0 1 0 0 0 0
 215 117249.000 46951.000 0 0 0.000 0.000 0.000 0.138 0 1 0 0 0 0
 216 73682.000 50448.000 0 0 0.000 0.000 0.000 0.168 0 1 0 0 0 0
 217 145259.000 66861.000 0 0 0.000 0.000 0.000 0.147 0 1 0 0 0 0
 218 149571.000 128295.000 0 0 0.000 0.000 0.000 0.147 0 1 0 0 0 0
 219 63636.000 144607.000 0 0 0.000 0.000 0.000 0.141 0 1 0 0 0 0
 220 62041.000 56790.000 0 0 0.000 0.000 0.000 0.139 0 1 0 0 0 0
 221 142181.000 61163.000 0 0 0.000 0.000 0.000 0.159 0 1 0 0 0 0
 222 138444.000 142695.000 0 0 0.000 0.000 0.000 0.131 0 1 0 0 0 0
 223 137787.000 56458.000 0 0 0.000 0.000 0.000 0.137 0 1 0 0 0 0
 224 157643.000 100610.000 0 0 0.000 0.000 0.000 0.152 0 1 0 0 0 0
 225 140873.000 141640.000 0 0 0.000 0.000 0.000 0.131 0 1 0 0 0 0
 226 158063.000 105643.000 0 0 0.000 0.000 0.000 0.149 0 1 0 0 0 0
 227 83773.000 43200.000 0 0 0.000 0.000 0.000 0.132 0 1 0 0 0 0
 228 51279.000 65223.000 0 0 0.000 0.000 0.000 0.146 0 1 0 0 0 0
 229 101852.000 160104.000 0 0 0.000 0.000 0.000 0.130 0 1 0 0 0 0
 230 40067.000 93754.000 0 0 0.000 0.000 0.000 0.132 0 1 0 0 0 0
 231 133624.000 149819.000 0 0 0.000 0.000 0.000 0.137 0 1 0 0 0 0
 232 125967.000 154303.000 0 0 0.000 0.000 0.000 0.133 0 1 0 0 0 0
 233 40380.000 89915.000 0 0 0.000 0.000 0.000 0.146 0 1 0 0 0 0
 234 158299.000 85251.000 0 0 0.000 0.000 0.000 0.137 0 1 0 0 0 0
 235 160046.000 103586.000 0 0 0.000 0.000 0.000 0.138 0 1 0 0 0 0
 236 39080.000 101999.000 0 0 0.000 0.000 0.000 0.139 0 1 0 0 0 0
 237 60689.000 53688.000 0 0 0.000 0.000 0.000 0.133 0 1 0 0 0 0
 238 103748.000 160582.000 0 0 0.000 0.000 0.000 0.143 0 1 0 0 0 0
 239 39316.000 106096.000 0 0 0.000 0.000 0.000 0.144 0 1 0 0 0 0
 240 98264.000 160929.000 0 0 0.000 0.000 0.000 0.130 0 1 0 0 0 0
 241 83854.000 158758.000 0 0 0.000 0.000 0.000 0.130 0 1 0 0 0 0
 242 101922.000 38824.000 0 0 0.000 0.000 0.000 0.135 0 1 0 0 0 0
 243 115209.000 40725.000 0 0 0.000 0.000 0.000 0.134 0 1 0 0 0 0
 244 125489.000 155879.000 0 0 0.000 0.000 0.000 0.137 0 1 0 0 0 0
 245 106899.000 161069.000 0 0 0.000 0.000 0.000 0.137 0 1 0 0 0 0
 246 42048.000 78917.000 0 0 0.000 0.000 0.000 0.145 0 1 0 0 0 0
 247 140998.000 54472.000 0 0 0.000 0.000 0.000 0.136 0 1 0 0 0 0
 248 140312.000 146502.000 0 0 0.000 0.000 0.000 0.136 0 1 0 0 0 0
 249 96606.000 38354.000 0 0 0.000 0.000 0.000 0.133 0 1 0 0 0 0
 250 135320.000 49497.000 0 0 0.000 0.000 0.000 0.144 0 1 0 0 0 0
 251 93045.000 161639.000 0 0 0.000 0.000 0.000 0.132 0 1 0 0 0 0
 252 132505.000 153849.000 0 0 0.000 0.000 0.000 0.137 0 1 0 0 0 0
 253 46447.000 134140.000 0 0 0.000 0.000 0.000 0.131 0 1 0 0 0 0
 254 159338.000 78751.000 0 0 0.000 0.000 0.000 0.130 0 1 0 0 0 0
 255 163299.000 96118.000 0 0 0.000 0.000 0.000 0.153 0 1 0 0 0 0
 256 49910.000 59790.000 0 0 0.000 0.000 0.000 0.130 0 1 0 0 0 0
 257 162932.000 112471.000 0 0 0.000 0.000 0.000 0.134 0 1 0 0 0 0
 258 163982.000 92459.000 0 0 0.000 0.000 0.000 0.135 0 1 0 0 0 0
 259 106181.000 35380.000 0 0 0.000 0.000 0.000 0.140 0 1 0 0 0 0
 260 65980.000 44427.000 0 0 0.000 0.000 0.000 0.130 0 1 0 0 0 0
 261 160228.000 75742.000 0 0 0.000 0.000 0.000 0.148 0 1 0 0 0 0
 262 78363.000 162543.000 0 0 0.000 0.000 0.000 0.137 0 1 0 0 0 0
 263 160813.000 125936.000 0 0 0.000 0.000 0.000 0.140 0 1 0 0 0 0
 264 119374.000 36530.000 0 0 0.000 0.000 0.000 0.143 0 1 0 0 0 0
 265 46266.000 140078.000 0 0 0.000 0.000 0.000 0.141 0 1 0 0 0 0
 266 39952.000 130681.000 0 0 0.000 0.000 0.000 0.146 0 1 0 0 0 0
 267 66109.000 158389.000 0 0 0.000 0.000 0.000 0.147 0 1 0 0 0 0
 268 85894.000 34027.000 0 0 0.000 0.000 0.000 0.148 0 1 0 0 0 0
 269 75564.000 163098.000 0 0 0.000 0.000 0.000 0.135 0 1 0 0 0 0
 270 48394.000 144165.000 0 0 0.000 0.000 0.000 0.162 0 1 0 0 0 0
 271 158190.000 134631.000 0 0 0.000 0.000 0.000 0.131 0 1 0 0 0 0
 272 135413.000 157945.000 0 0 0.000 0.000 0.000 0.148 0 1 0 0 0 0
 273 96086.000 168201.000 0 0 0.000 0.000 0.000 0.130 0 1 0 0 0 0
 274 31563.000 107007.000 0 0 0.000 0.000 0.000 0.133 0 1 0 0 0 0
 275 70785.000 37135.000 0 0 0.000 0.000 0.000 0.133 0 1 0 0 0 0
 276 50698.000 149290.000 0 0 0.000 0.000 0.000 0.133 0 1 0 0 0 0
 277 74536.000 34781.000 0 0 0.000 0.000 0.000 0.140 0 1 0 0 0 0
 278 74284.000 34503.000 0 0 0.000 0.000 0.000 0.135 0 1 0 0 0 0
 279 97158.000 29445.000 0 0 0.000 0.000 0.000 0.130 0 1 0 0 0 0
 280 167263.000 122180.000 0 0 0.000 0.000 0.000 0.135 0 1 0 0 0 0
 281 138231.000 39860.000 0 0 0.000 0.000 0.000 0.130 0 1 0 0 0 0
 282 27994.000 100198.000 0 0 0.000 0.000 0.000 0.130 0 1 0 0 0 0
 283 28977.000 113347.000 0 0 0.000 0.000 0.000 0.133 0 1 0 0 0 0
 284 163161.000 64827.000 0 0 0.000 0.000 0.000 0.137 0 1 0 0 0 0
 285 143653.000 42020.000 0 0 0.000 0.000 0.000 0.140 0 1 0 0 0 0
 286 80874.000 170571.000 0 0 0.000 0.000 0.000 0.134 0 1 0 0 0 0
 287 28055.000 116429.000 0 0 0.000 0.000 0.000 0.132 0 1 0 0 0 0
 288 35546.000 63606.000 0 0 0.000 0.000 0.000 0.136 0 1 0 0 0 0
 289 58752.000 38344.000 0 0 0.000 0.000 0.000 0.135 0 1 0 0 0 0
 290 173173.000 88031.000 0 0 0.000 0.000 0.000 0.144 0 1 0 0 0 0
 291 121105.000 171450.000 0 0 0.000 0.000 0.000 0.144 0 1 0 0 0 0
 292 47710.000 46679.000 0 0 0.000 0.000 0.000 0.132 0 1 0 0 0 0
 293 164120.000 62285.000 0 0 0.000 0.000 0.000 0.140 0 1 0 0 0 0
 294 25086.000 103076.000 0 0 0.000 0.000 0.000 0.142 0 1 0 0 0 0
 295 122243.000 171417.000 0 0 0.000 0.000 0.000 0.164 0 1 0 0 0 0
 296 30333.000 127986.000 0 0 0.000 0.000 0.000 0.148 0 1 0 0 0 0
 297 33218.000 135086.000 0 0 0.000 0.000 0.000 0.130 0 1 0 0 0 0
 298 42511.000 149047.000 0 0 0.000 0.000 0.000 0.130 0 1 0 0 0 0
 299 126017.000 170879.000 0 0 0.000 0.000 0.000 0.142 0 1 0 0 0 0
 300 108889.000 23363.000 0 0 0.000 0.000 0.000 0.163 0 1 0 0 0 0
 301 37974.000 148140.000 0 0 0.000 0.000 0.000 0.130 0 1 0 0 0 0
 302 25888.000 129708.000 0 0 0.000 0.000 0.000 0.139 0 1 0 0 0 0
 303 176359.000 74443.000 0 0 0.000 0.000 0.000 0.135 0 1 0 0 0 0
 304 141511.000 30680.000 0 0 0.000 0.000 0.000 0.171 0 1 0 0 0 0
 305 21103.000 55150.000 0 0 54.000 46.000 2484.000 49.839 0 1 1 210 0 0
 306 21176.000 55101.000 0 0 54.000 46.000 2484.000 49.839 0 1 1 210 0 0
 307 20680.000 54792.000 0 0 54.000 46.000 2484.000 49.839 0 1 1 210 0 0
 308 20145.000 54688.000 0 0 54.000 46.000 2484.000 49.839 0 1 1 210 0 0
 309 19849.000 54480.000 0 0 54.000 46.000 2484.000 49.839 0 1 1 210 0 0
 310 19931.000 54221.000 0 0 54.000 46.000 2484.000 49.839 0 1 1 210 0 0
 311 19731.000 54152.000 0 0 54.000 46.000 2484.000 49.839 0 1 1 210 0 0
 312 19667.000 54314.000 0 0 54.000 46.000 2484.000 49.839 0 1 1 210 0 0
 313 19417.000 54135.000 0 0 54.000 46.000 2484.000 49.839 0 1 1 210 0 0
 314 18922.000 53828.000 0 0 54.000 46.000 2484.000 49.839 0 1 1 210 0 0
 315 28767.000 39909.000 0 0 0.000 0.000 0.000 0.159 0 1 0 0 0 0
 316 18987.000 53628.000 0 0 54.000 46.000 2484.000 49.839 0 1 1 210 0 0
 317 18759.000 53538.000 0 0 54.000 46.000 2484.000 49.839 0 1 1 210 0 0
 318 17763.000 53024.000 0 0 54.000 46.000 2484.000 49.839 0 1 1 210 0 0
 319 17702.000 53067.000 0 0 54.000 46.000 2484.000 49.839 0 1 1 210 0 0
 320 17720.000 52920.000 0 0 54.000 46.000 2484.000 49.839 0 1 1 210 0 0
 321 19624.000 53970.000 0 0 11.029 19.259 212.415 14.574 0 1 1 210 0 0
 322 19463.000 53909.000 0 0 37.560 65.631 2465.150 49.650 0 1 1 210 0 0
 323 19308.000 53836.000 0 0 68.603 119.914 8226.590 90.700 0 1 1 210 0 0
 324 19141.000 53787.000 0 0 24.372 42.643 1039.329 32.238 0 1 1 210 0 0
 325 19179.000 53718.000 0 0 31.062 54.243 1684.908 41.047 0 1 1 210 0 0
 326 19020.000 53655.000 0 0 42.209 73.753 3113.145 55.795 0 1 1 210 0 0
 327 18865.000 53586.000 0 0 24.478 42.789 1047.422 32.363 0 1 1 210 0 0
 328 18898.000 53527.000 0 0 11.135 19.433 216.396 14.710 0 1 1 210 0 0
 329 18923.000 53482.000 0 0 13.375 23.312 311.818 17.658 0 1 1 210 0 0
 330 18719.000 53496.000 0 0 28.982 50.657 1468.170 38.316 0 1 1 210 0 0
 331 18751.000 53441.000 0 0 17.849 31.149 556.006 23.579 0 1 1 210 0 0
 332 18773.000 53403.000 0 0 15.631 27.248 425.923 20.637 0 1 1 210 0 0
 333 18558.000 53435.000 0 0 15.620 27.320 426.760 20.658 0 1 1 210 0 0
 334 18584.000 53391.000 0 0 22.347 39.035 872.347 29.535 0 1 1 210 0 0
 335 18614.000 53339.000 0 0 33.553 58.522 1963.613 44.312 0 1 1 210 0 0
 336 18412.000 53349.000 0 0 8.942 15.639 139.857 11.826 0 1 1 210 0 0
 337 18466.000 53255.000 0 0 22.412 39.092 876.161 29.600 0 1 1 210 0 0
 338 18322.000 53165.000 0 0 15.711 27.399 430.479 20.747 0 1 1 210 0 0
 339 18361.000 53096.000 0 0 17.982 31.298 562.812 23.723 0 1 1 210 0 0
 340 18177.000 53078.000 0 0 8.994 15.684 141.075 11.877 0 1 1 210 0 0
 341 18204.000 53029.000 0 0 20.269 35.298 715.497 26.748 0 1 1 210 0 0
 342 18042.000 52969.000 0 0 27.057 47.150 1275.781 35.718 0 1 1 210 0 0
 343 17885.000 52902.000 0 0 20.324 35.436 720.231 26.837 0 1 1 210 0 0
 344 17726.000 52835.000 0 0 22.614 39.447 892.061 29.867 0 1 1 210 0 0;
ProcessEquipmentIDList 1
  "R404" ;
SummarySpec 5
  TESTNO    NDEFECT    DEFDENSITY    NDIE    NDEFDIE  ;
SummaryList 
  1    344    1.258    1    1  ;
EndOfFile;
