FileVersion 1 2;
FileTimestamp 01-08-26 22:43:04;
InspectionStationID "KLA-Tencor" "SFSSP1" "0901-0728-TBI";
SampleType WAFER;
ResultTimestamp 01-08-26 22:27:55;
LotID "2580";
SampleSize 1 200;
DeviceID "None";
SetupID "T2-2580NR" 01-08-26 22:27:55;
StepID "6625P";
SampleOrientationMarkType NOTCH;
OrientationMarkLocation DOWN;
DiePitch 200000 200000;
DieOrigin 0 0;
WaferID "18";
Slot 18;
SampleCenterLocation 100000 100000;
ClassLookup 1
  0 "0"  ;
OrientationInstructions "Front";
CoordinatesMirrored No;
InspectionTest 1;
SampleTestPlan 1
  0 0 ;
AreaPerTest 2.73514e+010;
ClusterClassificationList 3
  1 200 
  2 200 
  3 200 ;
DefectRecordSpec 15 DEFECTID XREL YREL XINDEX YINDEX XSIZE YSIZE DEFECTAREA DSIZE CLASSNUMBER TEST CLUSTERNUMBER ROUGHBINNUMBER FINEBINNUMBER REVIEWSAMPLE ;
DefectList
 1 99557.000 97833.000 0 0 0.000 0.000 0.000 0.141 0 1 0 0 0 0
 2 102288.000 102999.000 0 0 0.000 0.000 0.000 0.147 0 1 0 0 0 0
 3 101281.000 94861.000 0 0 0.000 0.000 0.000 0.138 0 1 0 0 0 0
 4 94086.000 102555.000 0 0 54.000 42.000 2268.000 47.623 0 1 1 200 0 0
 5 99122.000 106330.000 0 0 0.000 0.000 0.000 0.130 0 1 0 0 0 0
 6 96061.000 105120.000 0 0 0.000 0.000 0.000 0.131 0 1 0 0 0 0
 7 93941.000 102928.000 0 0 56.000 42.000 2352.000 48.497 0 1 1 200 0 0
 8 93886.000 102889.000 0 0 56.000 42.000 2352.000 48.497 0 1 1 200 0 0
 9 94050.000 103514.000 0 0 56.000 46.000 2576.000 50.754 0 1 1 200 0 0
 10 93941.000 103354.000 0 0 54.000 46.000 2484.000 49.839 0 1 1 200 0 0
 11 93805.000 103193.000 0 0 56.000 44.000 2464.000 49.638 0 1 1 200 0 0
 12 96131.000 105857.000 0 0 0.000 0.000 0.000 0.137 0 1 0 0 0 0
 13 96102.000 105833.000 0 0 0.000 0.000 0.000 0.134 0 1 0 0 0 0
 14 94720.000 104642.000 0 0 0.000 0.000 0.000 0.131 0 1 0 0 0 0
 15 93883.000 103431.000 0 0 54.000 46.000 2484.000 49.839 0 1 1 200 0 0
 16 93413.000 102701.000 0 0 56.000 42.000 2352.000 48.497 0 1 1 200 0 0
 17 93133.000 102862.000 0 0 56.000 42.000 2352.000 48.497 0 1 1 200 0 0
 18 92400.000 101553.000 0 0 54.000 34.000 1836.000 42.848 0 1 1 200 0 0
 19 92576.000 102795.000 0 0 56.000 40.000 2240.000 47.328 0 1 1 200 0 0
 20 95290.000 106295.000 0 0 0.000 0.000 0.000 0.136 0 1 0 0 0 0
 21 92320.000 102432.000 0 0 54.000 38.000 2052.000 45.299 0 1 1 200 0 0
 22 92437.000 103000.000 0 0 56.000 42.000 2352.000 48.497 0 1 1 200 0 0
 23 97290.000 107761.000 0 0 0.000 0.000 0.000 0.132 0 1 0 0 0 0
 24 91841.000 101723.000 0 0 54.000 34.000 1836.000 42.848 0 1 1 200 0 0
 25 97185.000 107853.000 0 0 0.000 0.000 0.000 0.132 0 1 0 0 0 0
 26 97158.000 107849.000 0 0 0.000 0.000 0.000 0.132 0 1 0 0 0 0
 27 92009.000 102723.000 0 0 54.000 40.000 2160.000 46.475 0 1 1 200 0 0
 28 91739.000 101882.000 0 0 54.000 34.000 1836.000 42.848 0 1 1 200 0 0
 29 91706.000 101674.000 0 0 54.000 32.000 1728.000 41.569 0 1 1 200 0 0
 30 91334.000 101195.000 0 0 52.000 30.000 1560.000 39.496 0 1 1 200 0 0
 31 91496.000 98549.000 0 0 0.000 0.000 0.000 0.131 0 1 0 0 0 0
 32 91762.000 103429.000 0 0 56.000 42.000 2352.000 48.497 0 1 1 200 0 0
 33 91384.000 102057.000 0 0 54.000 34.000 1836.000 42.848 0 1 1 200 0 0
 34 91815.000 103606.000 0 0 54.000 42.000 2268.000 47.623 0 1 1 200 0 0
 35 91785.000 103590.000 0 0 54.000 42.000 2268.000 47.623 0 1 1 200 0 0
 36 91705.000 103430.000 0 0 56.000 42.000 2352.000 48.497 0 1 1 200 0 0
 37 91963.000 101807.000 0 0 54.000 34.000 1836.000 42.848 0 1 1 200 0 0
 38 91143.000 102114.000 0 0 54.000 34.000 1836.000 42.848 0 1 1 200 0 0
 39 91677.000 96227.000 0 0 0.000 0.000 0.000 0.140 0 1 0 0 0 0
 40 90363.000 98659.000 0 0 0.000 0.000 0.000 0.146 0 1 0 0 0 0
 41 101490.000 109538.000 0 0 0.000 0.000 0.000 0.142 0 1 0 0 0 0
 42 101092.000 109808.000 0 0 0.000 0.000 0.000 0.133 0 1 0 0 0 0
 43 91400.000 105114.000 0 0 0.000 0.000 0.000 0.138 0 1 0 0 0 0
 44 89981.000 99869.000 0 0 0.000 0.000 0.000 0.130 0 1 0 0 0 0
 45 89974.000 99846.000 0 0 0.000 0.000 0.000 0.130 0 1 0 0 0 0
 46 90012.000 99815.000 0 0 0.000 0.000 0.000 0.130 0 1 0 0 0 0
 47 90201.000 97960.000 0 0 0.000 0.000 0.000 0.135 0 1 0 0 0 0
 48 101047.000 109850.000 0 0 0.000 0.000 0.000 0.134 0 1 0 0 0 0
 49 89820.000 100215.000 0 0 0.000 0.000 0.000 0.130 0 1 0 0 0 0
 50 95590.000 109538.000 0 0 0.000 0.000 0.000 0.148 0 1 0 0 0 0
 51 106029.000 91681.000 0 0 0.000 0.000 0.000 0.137 0 1 0 0 0 0
 52 109626.000 103462.000 0 0 0.000 0.000 0.000 0.152 0 1 0 0 0 0
 53 89962.000 96201.000 0 0 0.000 0.000 0.000 0.138 0 1 0 0 0 0
 54 90262.000 95148.000 0 0 0.000 0.000 0.000 0.146 0 1 0 0 0 0
 55 109778.000 96253.000 0 0 0.000 0.000 0.000 0.155 0 1 0 0 0 0
 56 104791.000 90279.000 0 0 0.000 0.000 0.000 0.140 0 1 0 0 0 0
 57 89630.000 95292.000 0 0 0.000 0.000 0.000 0.130 0 1 0 0 0 0
 58 93790.000 110468.000 0 0 0.000 0.000 0.000 0.138 0 1 0 0 0 0
 59 88270.000 104785.000 0 0 0.000 0.000 0.000 0.131 0 1 0 0 0 0
 60 87408.000 98042.000 0 0 0.000 0.000 0.000 0.130 0 1 0 0 0 0
 61 87439.000 98029.000 0 0 0.000 0.000 0.000 0.131 0 1 0 0 0 0
 62 86953.000 99960.000 0 0 0.000 0.000 0.000 0.131 0 1 0 0 0 0
 63 112840.000 98995.000 0 0 0.000 0.000 0.000 0.130 0 1 0 0 0 0
 64 113117.000 100231.000 0 0 0.000 0.000 0.000 0.143 0 1 0 0 0 0
 65 91621.000 110614.000 0 0 0.000 0.000 0.000 0.131 0 1 0 0 0 0
 66 89141.000 109306.000 0 0 0.000 0.000 0.000 0.139 0 1 0 0 0 0
 67 88138.000 109146.000 0 0 0.000 0.000 0.000 0.130 0 1 0 0 0 0
 68 105260.000 114073.000 0 0 0.000 0.000 0.000 0.162 0 1 0 0 0 0
 69 98473.000 115050.000 0 0 0.000 0.000 0.000 0.134 0 1 0 0 0 0
 70 90590.000 112292.000 0 0 0.000 0.000 0.000 0.139 0 1 0 0 0 0
 71 111493.000 110101.000 0 0 0.000 0.000 0.000 0.137 0 1 0 0 0 0
 72 88471.000 110767.000 0 0 0.000 0.000 0.000 0.134 0 1 0 0 0 0
 73 102209.000 115702.000 0 0 0.000 0.000 0.000 0.133 0 1 0 0 0 0
 74 116100.000 99569.000 0 0 0.000 0.000 0.000 0.139 0 1 0 0 0 0
 75 103817.000 84023.000 0 0 0.000 0.000 0.000 0.138 0 1 0 0 0 0
 76 97803.000 83560.000 0 0 0.000 0.000 0.000 0.133 0 1 0 0 0 0
 77 105119.000 116006.000 0 0 0.000 0.000 0.000 0.130 0 1 0 0 0 0
 78 99123.000 116896.000 0 0 0.000 0.000 0.000 0.130 0 1 0 0 0 0
 79 82753.000 98664.000 0 0 0.000 0.000 0.000 0.134 0 1 0 0 0 0
 80 83623.000 94116.000 0 0 0.000 0.000 0.000 0.136 0 1 0 0 0 0
 81 110726.000 113522.000 0 0 0.000 0.000 0.000 0.143 0 1 0 0 0 0
 82 103748.000 116906.000 0 0 0.000 0.000 0.000 0.131 0 1 0 0 0 0
 83 100832.000 117707.000 0 0 0.000 0.000 0.000 0.135 0 1 0 0 0 0
 84 108345.000 115458.000 0 0 0.000 0.000 0.000 0.131 0 1 0 0 0 0
 85 108211.000 115573.000 0 0 0.000 0.000 0.000 0.133 0 1 0 0 0 0
 86 82245.000 103606.000 0 0 0.000 0.000 0.000 0.134 0 1 0 0 0 0
 87 99755.000 82081.000 0 0 0.000 0.000 0.000 0.139 0 1 0 0 0 0
 88 102644.000 81587.000 0 0 0.000 0.000 0.000 0.131 0 1 0 0 0 0
 89 115479.000 110406.000 0 0 0.000 0.000 0.000 0.142 0 1 0 0 0 0
 90 98712.000 118796.000 0 0 0.000 0.000 0.000 0.161 0 1 0 0 0 0
 91 89596.000 83721.000 0 0 0.000 0.000 0.000 0.137 0 1 0 0 0 0
 92 109867.000 116653.000 0 0 0.000 0.000 0.000 0.132 0 1 0 0 0 0
 93 92504.000 81794.000 0 0 0.000 0.000 0.000 0.149 0 1 0 0 0 0
 94 111391.000 83834.000 0 0 0.000 0.000 0.000 0.132 0 1 0 0 0 0
 95 90316.000 82254.000 0 0 0.000 0.000 0.000 0.154 0 1 0 0 0 0
 96 80096.000 105931.000 0 0 0.000 0.000 0.000 0.156 0 1 0 0 0 0
 97 110478.000 82542.000 0 0 0.000 0.000 0.000 0.139 0 1 0 0 0 0
 98 80658.000 109314.000 0 0 0.000 0.000 0.000 0.131 0 1 0 0 0 0
 99 120175.000 106167.000 0 0 0.000 0.000 0.000 0.131 0 1 0 0 0 0
 100 121184.000 99258.000 0 0 0.000 0.000 0.000 0.135 0 1 0 0 0 0
 101 98083.000 121594.000 0 0 0.000 0.000 0.000 0.140 0 1 0 0 0 0
 102 97977.000 121772.000 0 0 0.000 0.000 0.000 0.130 0 1 0 0 0 0
 103 97820.000 121910.000 0 0 0.000 0.000 0.000 0.130 0 1 0 0 0 0
 104 97613.000 121957.000 0 0 0.000 0.000 0.000 0.136 0 1 0 0 0 0
 105 114507.000 83618.000 0 0 0.000 0.000 0.000 0.170 0 1 0 0 0 0
 106 120129.000 91509.000 0 0 0.000 0.000 0.000 0.149 0 1 0 0 0 0
 107 78139.000 105195.000 0 0 0.000 0.000 0.000 0.167 0 1 0 0 0 0
 108 95455.000 77912.000 0 0 0.000 0.000 0.000 0.140 0 1 0 0 0 0
 109 79666.000 88465.000 0 0 0.000 0.000 0.000 0.139 0 1 0 0 0 0
 110 109834.000 79180.000 0 0 0.000 0.000 0.000 0.134 0 1 0 0 0 0
 111 76504.000 96862.000 0 0 0.000 0.000 0.000 0.158 0 1 0 0 0 0
 112 78988.000 111368.000 0 0 0.000 0.000 0.000 0.161 0 1 0 0 0 0
 113 90322.000 78061.000 0 0 0.000 0.000 0.000 0.134 0 1 0 0 0 0
 114 116474.000 82803.000 0 0 0.000 0.000 0.000 0.132 0 1 0 0 0 0
 115 97506.000 124049.000 0 0 0.000 0.000 0.000 0.132 0 1 0 0 0 0
 116 85167.000 119290.000 0 0 0.000 0.000 0.000 0.136 0 1 0 0 0 0
 117 77059.000 91986.000 0 0 0.000 0.000 0.000 0.146 0 1 0 0 0 0
 118 75791.000 106586.000 0 0 0.000 0.000 0.000 0.133 0 1 0 0 0 0
 119 75554.000 105872.000 0 0 0.000 0.000 0.000 0.149 0 1 0 0 0 0
 120 83543.000 80709.000 0 0 0.000 0.000 0.000 0.135 0 1 0 0 0 0
 121 125079.000 101881.000 0 0 0.000 0.000 0.000 0.137 0 1 0 0 0 0
 122 117086.000 81438.000 0 0 0.000 0.000 0.000 0.155 0 1 0 0 0 0
 123 100833.000 125825.000 0 0 0.000 0.000 0.000 0.153 0 1 0 0 0 0
 124 80546.000 117391.000 0 0 0.000 0.000 0.000 0.130 0 1 0 0 0 0
 125 80762.000 117932.000 0 0 0.000 0.000 0.000 0.145 0 1 0 0 0 0
 126 103587.000 126301.000 0 0 0.000 0.000 0.000 0.134 0 1 0 0 0 0
 127 73324.000 100085.000 0 0 0.000 0.000 0.000 0.135 0 1 0 0 0 0
 128 121484.000 84892.000 0 0 0.000 0.000 0.000 0.160 0 1 0 0 0 0
 129 112890.000 123096.000 0 0 0.000 0.000 0.000 0.156 0 1 0 0 0 0
 130 94012.000 126093.000 0 0 0.000 0.000 0.000 0.135 0 1 0 0 0 0
 131 82388.000 120199.000 0 0 0.000 0.000 0.000 0.168 0 1 0 0 0 0
 132 74056.000 107254.000 0 0 0.000 0.000 0.000 0.137 0 1 0 0 0 0
 133 83740.000 121568.000 0 0 0.000 0.000 0.000 0.130 0 1 0 0 0 0
 134 82856.000 121201.000 0 0 0.000 0.000 0.000 0.136 0 1 0 0 0 0
 135 78779.000 117132.000 0 0 0.000 0.000 0.000 0.143 0 1 0 0 0 0
 136 73432.000 94037.000 0 0 0.000 0.000 0.000 0.176 0 1 0 0 0 0
 137 103377.000 126939.000 0 0 0.000 0.000 0.000 0.130 0 1 0 0 0 0
 138 73703.000 107476.000 0 0 0.000 0.000 0.000 0.131 0 1 0 0 0 0
 139 103310.000 127066.000 0 0 0.000 0.000 0.000 0.130 0 1 0 0 0 0
 140 111185.000 75074.000 0 0 0.000 0.000 0.000 0.154 0 1 0 0 0 0
 141 122845.000 85067.000 0 0 0.000 0.000 0.000 0.133 0 1 0 0 0 0
 142 118955.000 80072.000 0 0 0.000 0.000 0.000 0.153 0 1 0 0 0 0
 143 79951.000 80119.000 0 0 0.000 0.000 0.000 0.148 0 1 0 0 0 0
 144 85573.000 75716.000 0 0 0.000 0.000 0.000 0.131 0 1 0 0 0 0
 145 74778.000 86485.000 0 0 0.000 0.000 0.000 0.138 0 1 0 0 0 0
 146 111216.000 74127.000 0 0 0.000 0.000 0.000 0.170 0 1 0 0 0 0
 147 110425.000 126433.000 0 0 0.000 0.000 0.000 0.142 0 1 0 0 0 0
 148 104865.000 71877.000 0 0 0.000 0.000 0.000 0.135 0 1 0 0 0 0
 149 123728.000 115704.000 0 0 0.000 0.000 0.000 0.135 0 1 0 0 0 0
 150 94896.000 128203.000 0 0 0.000 0.000 0.000 0.147 0 1 0 0 0 0
 151 128209.000 104330.000 0 0 0.000 0.000 0.000 0.150 0 1 0 0 0 0
 152 111503.000 73273.000 0 0 0.000 0.000 0.000 0.143 0 1 0 0 0 0
 153 100890.000 129349.000 0 0 0.000 0.000 0.000 0.142 0 1 0 0 0 0
 154 101886.000 129506.000 0 0 0.000 0.000 0.000 0.134 0 1 0 0 0 0
 155 74151.000 114794.000 0 0 0.000 0.000 0.000 0.130 0 1 0 0 0 0
 156 71912.000 109891.000 0 0 0.000 0.000 0.000 0.131 0 1 0 0 0 0
 157 127965.000 91106.000 0 0 0.000 0.000 0.000 0.150 0 1 0 0 0 0
 158 74184.000 115215.000 0 0 0.000 0.000 0.000 0.141 0 1 0 0 0 0
 159 126621.000 112671.000 0 0 0.000 0.000 0.000 0.165 0 1 0 0 0 0
 160 71527.000 110028.000 0 0 0.000 0.000 0.000 0.131 0 1 0 0 0 0
 161 128822.000 108533.000 0 0 0.000 0.000 0.000 0.137 0 1 0 0 0 0
 162 125445.000 116389.000 0 0 0.000 0.000 0.000 0.146 0 1 0 0 0 0
 163 92180.000 70224.000 0 0 0.000 0.000 0.000 0.155 0 1 0 0 0 0
 164 81458.000 75052.000 0 0 0.000 0.000 0.000 0.153 0 1 0 0 0 0
 165 130741.000 101264.000 0 0 0.000 0.000 0.000 0.156 0 1 0 0 0 0
 166 130357.000 105079.000 0 0 0.000 0.000 0.000 0.148 0 1 0 0 0 0
 167 112578.000 128199.000 0 0 0.000 0.000 0.000 0.131 0 1 0 0 0 0
 168 112560.000 128244.000 0 0 0.000 0.000 0.000 0.134 0 1 0 0 0 0
 169 112502.000 128316.000 0 0 0.000 0.000 0.000 0.131 0 1 0 0 0 0
 170 70414.000 110342.000 0 0 0.000 0.000 0.000 0.131 0 1 0 0 0 0
 171 83334.000 73377.000 0 0 0.000 0.000 0.000 0.143 0 1 0 0 0 0
 172 115406.000 127300.000 0 0 0.000 0.000 0.000 0.136 0 1 0 0 0 0
 173 73644.000 82629.000 0 0 0.000 0.000 0.000 0.151 0 1 0 0 0 0
 174 74594.000 81226.000 0 0 0.000 0.000 0.000 0.136 0 1 0 0 0 0
 175 69696.000 90462.000 0 0 0.000 0.000 0.000 0.135 0 1 0 0 0 0
 176 87262.000 70908.000 0 0 0.000 0.000 0.000 0.137 0 1 0 0 0 0
 177 100973.000 68246.000 0 0 0.000 0.000 0.000 0.152 0 1 0 0 0 0
 178 111867.000 129831.000 0 0 42.000 56.000 2352.000 48.497 0 1 2 200 0 0
 179 110654.000 130315.000 0 0 40.000 54.000 2160.000 46.475 0 1 2 200 0 0
 180 111850.000 130012.000 0 0 42.000 56.000 2352.000 48.497 0 1 2 200 0 0
 181 110748.000 130478.000 0 0 40.000 54.000 2160.000 46.475 0 1 2 200 0 0
 182 67627.000 95341.000 0 0 0.000 0.000 0.000 0.162 0 1 0 0 0 0
 183 84858.000 71174.000 0 0 0.000 0.000 0.000 0.147 0 1 0 0 0 0
 184 111781.000 130206.000 0 0 42.000 56.000 2352.000 48.497 0 1 2 200 0 0
 185 111713.000 130277.000 0 0 42.000 56.000 2352.000 48.497 0 1 2 200 0 0
 186 111640.000 130405.000 0 0 40.000 56.000 2240.000 47.328 0 1 2 200 0 0
 187 111557.000 130446.000 0 0 40.000 56.000 2240.000 47.328 0 1 2 200 0 0
 188 111473.000 130461.000 0 0 40.000 56.000 2240.000 47.328 0 1 2 200 0 0
 189 111418.000 130498.000 0 0 40.000 56.000 2240.000 47.328 0 1 2 200 0 0
 190 111358.000 130547.000 0 0 40.000 56.000 2240.000 47.328 0 1 2 200 0 0
 191 110839.000 130615.000 0 0 40.000 56.000 2240.000 47.328 0 1 2 200 0 0
 192 116774.000 127944.000 0 0 0.000 0.000 0.000 0.137 0 1 0 0 0 0
 193 111211.000 130638.000 0 0 40.000 56.000 2240.000 47.328 0 1 2 200 0 0
 194 87616.000 130366.000 0 0 0.000 0.000 0.000 0.130 0 1 0 0 0 0
 195 68191.000 91215.000 0 0 0.000 0.000 0.000 0.132 0 1 0 0 0 0
 196 110991.000 130886.000 0 0 40.000 56.000 2240.000 47.328 0 1 2 200 0 0
 197 85214.000 70392.000 0 0 0.000 0.000 0.000 0.131 0 1 0 0 0 0
 198 111018.000 131099.000 0 0 40.000 56.000 2240.000 47.328 0 1 2 200 0 0
 199 78507.000 125502.000 0 0 0.000 0.000 0.000 0.132 0 1 0 0 0 0
 200 81401.000 72405.000 0 0 0.000 0.000 0.000 0.136 0 1 0 0 0 0
 201 116100.000 71294.000 0 0 0.000 0.000 0.000 0.158 0 1 0 0 0 0
 202 110937.000 131495.000 0 0 40.000 54.000 2160.000 46.475 0 1 2 200 0 0
 203 108959.000 132099.000 0 0 36.000 56.000 2016.000 44.899 0 1 2 200 0 0
 204 108494.000 132190.000 0 0 36.000 56.000 2016.000 44.899 0 1 2 200 0 0
 205 80208.000 72947.000 0 0 0.000 0.000 0.000 0.156 0 1 0 0 0 0
 206 110880.000 131669.000 0 0 40.000 54.000 2160.000 46.475 0 1 2 200 0 0
 207 110826.000 131703.000 0 0 40.000 54.000 2160.000 46.475 0 1 2 200 0 0
 208 110772.000 131783.000 0 0 40.000 54.000 2160.000 46.475 0 1 2 200 0 0
 209 107915.000 132680.000 0 0 34.000 54.000 1836.000 42.848 0 1 2 200 0 0
 210 80156.000 127382.000 0 0 0.000 0.000 0.000 0.136 0 1 0 0 0 0
 211 107366.000 67219.000 0 0 0.000 0.000 0.000 0.148 0 1 0 0 0 0
 212 128533.000 117534.000 0 0 0.000 0.000 0.000 0.153 0 1 0 0 0 0
 213 107747.000 132804.000 0 0 34.000 54.000 1836.000 42.848 0 1 2 200 0 0
 214 110593.000 132112.000 0 0 38.000 54.000 2052.000 45.299 0 1 2 200 0 0
 215 110552.000 132134.000 0 0 38.000 54.000 2052.000 45.299 0 1 2 200 0 0
 216 110238.000 132376.000 0 0 38.000 54.000 2052.000 45.299 0 1 2 200 0 0
 217 109853.000 132497.000 0 0 38.000 54.000 2052.000 45.299 0 1 2 200 0 0
 218 109763.000 132510.000 0 0 38.000 54.000 2052.000 45.299 0 1 2 200 0 0
 219 109657.000 132577.000 0 0 38.000 54.000 2052.000 45.299 0 1 2 200 0 0
 220 66840.000 108240.000 0 0 0.000 0.000 0.000 0.139 0 1 0 0 0 0
 221 110474.000 132311.000 0 0 38.000 54.000 2052.000 45.299 0 1 2 200 0 0
 222 110400.000 132349.000 0 0 38.000 54.000 2052.000 45.299 0 1 2 200 0 0
 223 110070.000 132422.000 0 0 38.000 54.000 2052.000 45.299 0 1 2 200 0 0
 224 110017.000 132449.000 0 0 38.000 54.000 2052.000 45.299 0 1 2 200 0 0
 225 109911.000 132486.000 0 0 38.000 54.000 2052.000 45.299 0 1 2 200 0 0
 226 109523.000 132627.000 0 0 38.000 54.000 2052.000 45.299 0 1 2 200 0 0
 227 109453.000 132648.000 0 0 36.000 56.000 2016.000 44.899 0 1 2 200 0 0
 228 109331.000 132667.000 0 0 36.000 56.000 2016.000 44.899 0 1 2 200 0 0
 229 71146.000 118605.000 0 0 0.000 0.000 0.000 0.149 0 1 0 0 0 0
 230 69465.000 84307.000 0 0 0.000 0.000 0.000 0.163 0 1 0 0 0 0
 231 128591.000 81609.000 0 0 0.000 0.000 0.000 0.131 0 1 0 0 0 0
 232 109457.000 132748.000 0 0 36.000 56.000 2016.000 44.899 0 1 2 200 0 0
 233 109334.000 132828.000 0 0 36.000 56.000 2016.000 44.899 0 1 2 200 0 0
 234 109302.000 132900.000 0 0 36.000 56.000 2016.000 44.899 0 1 2 200 0 0
 235 109197.000 133001.000 0 0 36.000 56.000 2016.000 44.899 0 1 2 200 0 0
 236 109117.000 133043.000 0 0 36.000 56.000 2016.000 44.899 0 1 2 200 0 0
 237 108261.000 133156.000 0 0 36.000 54.000 1944.000 44.090 0 1 2 200 0 0
 238 108150.000 133302.000 0 0 34.000 54.000 1836.000 42.848 0 1 2 200 0 0
 239 70431.000 117717.000 0 0 0.000 0.000 0.000 0.157 0 1 0 0 0 0
 240 134067.000 102780.000 0 0 0.000 0.000 0.000 0.143 0 1 0 0 0 0
 241 125515.000 122966.000 0 0 0.000 0.000 0.000 0.135 0 1 0 0 0 0
 242 108771.000 133357.000 0 0 36.000 56.000 2016.000 44.899 0 1 2 200 0 0
 243 108686.000 133253.000 0 0 36.000 56.000 2016.000 44.899 0 1 2 200 0 0
 244 108563.000 133287.000 0 0 36.000 54.000 1944.000 44.090 0 1 2 200 0 0
 245 108207.000 133320.000 0 0 34.000 54.000 1836.000 42.848 0 1 2 200 0 0
 246 67955.000 86514.000 0 0 0.000 0.000 0.000 0.139 0 1 0 0 0 0
 247 133378.000 107713.000 0 0 0.000 0.000 0.000 0.152 0 1 0 0 0 0
 248 103184.000 134869.000 0 0 0.000 0.000 0.000 0.144 0 1 0 0 0 0
 249 71696.000 120831.000 0 0 0.000 0.000 0.000 0.141 0 1 0 0 0 0
 250 74215.000 76152.000 0 0 0.000 0.000 0.000 0.138 0 1 0 0 0 0
 251 106524.000 134431.000 0 0 0.000 0.000 0.000 0.132 0 1 0 0 0 0
 252 106502.000 134466.000 0 0 0.000 0.000 0.000 0.134 0 1 0 0 0 0
 253 70205.000 119146.000 0 0 0.000 0.000 0.000 0.151 0 1 0 0 0 0
 254 105303.000 135004.000 0 0 0.000 0.000 0.000 0.147 0 1 0 0 0 0
 255 68077.000 115727.000 0 0 0.000 0.000 0.000 0.165 0 1 0 0 0 0
 256 66618.000 86683.000 0 0 0.000 0.000 0.000 0.156 0 1 0 0 0 0
 257 73155.000 75924.000 0 0 0.000 0.000 0.000 0.135 0 1 0 0 0 0
 258 92899.000 135428.000 0 0 0.000 0.000 0.000 0.142 0 1 0 0 0 0
 259 106328.000 135576.000 0 0 0.000 0.000 0.000 0.131 0 1 0 0 0 0
 260 83818.000 132364.000 0 0 0.000 0.000 0.000 0.155 0 1 0 0 0 0
 261 75904.000 127265.000 0 0 0.000 0.000 0.000 0.137 0 1 0 0 0 0
 262 66856.000 115209.000 0 0 0.000 0.000 0.000 0.143 0 1 0 0 0 0
 263 129317.000 79324.000 0 0 0.000 0.000 0.000 0.164 0 1 0 0 0 0
 264 64414.000 91259.000 0 0 0.000 0.000 0.000 0.134 0 1 0 0 0 0
 265 65815.000 113892.000 0 0 0.000 0.000 0.000 0.140 0 1 0 0 0 0
 266 124972.000 73338.000 0 0 0.000 0.000 0.000 0.133 0 1 0 0 0 0
 267 74889.000 72685.000 0 0 0.000 0.000 0.000 0.149 0 1 0 0 0 0
 268 133326.000 84403.000 0 0 0.000 0.000 0.000 0.130 0 1 0 0 0 0
 269 136668.000 97522.000 0 0 0.000 0.000 0.000 0.130 0 1 0 0 0 0
 270 103400.000 136936.000 0 0 28.000 52.000 1456.000 38.157 0 1 3 200 0 0
 271 103207.000 137153.000 0 0 28.000 52.000 1456.000 38.157 0 1 3 200 0 0
 272 103073.000 137335.000 0 0 28.000 50.000 1400.000 37.416 0 1 3 200 0 0
 273 63161.000 108364.000 0 0 0.000 0.000 0.000 0.158 0 1 0 0 0 0
 274 63304.000 91123.000 0 0 0.000 0.000 0.000 0.131 0 1 0 0 0 0
 275 66293.000 83072.000 0 0 0.000 0.000 0.000 0.151 0 1 0 0 0 0
 276 103054.000 137647.000 0 0 28.000 50.000 1400.000 37.416 0 1 3 200 0 0
 277 100296.000 137631.000 0 0 0.000 0.000 0.000 0.132 0 1 0 0 0 0
 278 133385.000 82888.000 0 0 0.000 0.000 0.000 0.139 0 1 0 0 0 0
 279 125620.000 127663.000 0 0 0.000 0.000 0.000 0.138 0 1 0 0 0 0
 280 119339.000 132393.000 0 0 0.000 0.000 0.000 0.170 0 1 0 0 0 0
 281 97869.000 62133.000 0 0 0.000 0.000 0.000 0.140 0 1 0 0 0 0
 282 104924.000 137649.000 0 0 0.000 0.000 0.000 0.135 0 1 0 0 0 0
 283 103872.000 137759.000 0 0 28.000 52.000 1456.000 38.157 0 1 3 200 0 0
 284 137492.000 94535.000 0 0 0.000 0.000 0.000 0.140 0 1 0 0 0 0
 285 64056.000 86515.000 0 0 0.000 0.000 0.000 0.140 0 1 0 0 0 0
 286 80597.000 67006.000 0 0 0.000 0.000 0.000 0.138 0 1 0 0 0 0
 287 103626.000 138117.000 0 0 28.000 52.000 1456.000 38.157 0 1 3 200 0 0
 288 137980.000 104492.000 0 0 0.000 0.000 0.000 0.131 0 1 0 0 0 0
 289 130161.000 123481.000 0 0 0.000 0.000 0.000 0.130 0 1 0 0 0 0
 290 70991.000 125714.000 0 0 0.000 0.000 0.000 0.157 0 1 0 0 0 0
 291 115290.000 64537.000 0 0 0.000 0.000 0.000 0.154 0 1 0 0 0 0
 292 90997.000 137797.000 0 0 0.000 0.000 0.000 0.152 0 1 0 0 0 0
 293 78831.000 67039.000 0 0 0.000 0.000 0.000 0.147 0 1 0 0 0 0
 294 136386.000 86454.000 0 0 0.000 0.000 0.000 0.134 0 1 0 0 0 0
 295 70542.000 126353.000 0 0 0.000 0.000 0.000 0.138 0 1 0 0 0 0
 296 76515.000 132030.000 0 0 0.000 0.000 0.000 0.148 0 1 0 0 0 0
 297 139537.000 96578.000 0 0 0.000 0.000 0.000 0.146 0 1 0 0 0 0
 298 139779.000 101689.000 0 0 0.000 0.000 0.000 0.145 0 1 0 0 0 0
 299 63306.000 116718.000 0 0 0.000 0.000 0.000 0.139 0 1 0 0 0 0
 300 82114.000 63870.000 0 0 0.000 0.000 0.000 0.140 0 1 0 0 0 0
 301 131376.000 75047.000 0 0 0.000 0.000 0.000 0.143 0 1 0 0 0 0
 302 69024.000 126399.000 0 0 0.000 0.000 0.000 0.138 0 1 0 0 0 0
 303 63897.000 81168.000 0 0 0.000 0.000 0.000 0.139 0 1 0 0 0 0
 304 136684.000 116962.000 0 0 0.000 0.000 0.000 0.161 0 1 0 0 0 0
 305 103688.000 140601.000 0 0 0.000 0.000 0.000 0.143 0 1 0 0 0 0
 306 131910.000 125133.000 0 0 0.000 0.000 0.000 0.130 0 1 0 0 0 0
 307 77563.000 134370.000 0 0 0.000 0.000 0.000 0.148 0 1 0 0 0 0
 308 60119.000 111407.000 0 0 0.000 0.000 0.000 0.133 0 1 0 0 0 0
 309 139795.000 110940.000 0 0 0.000 0.000 0.000 0.135 0 1 0 0 0 0
 310 81498.000 137470.000 0 0 0.000 0.000 0.000 0.137 0 1 0 0 0 0
 311 61102.000 115653.000 0 0 0.000 0.000 0.000 0.143 0 1 0 0 0 0
 312 73602.000 67583.000 0 0 0.000 0.000 0.000 0.144 0 1 0 0 0 0
 313 91349.000 140966.000 0 0 0.000 0.000 0.000 0.146 0 1 0 0 0 0
 314 57915.000 99800.000 0 0 0.000 0.000 0.000 0.151 0 1 0 0 0 0
 315 104212.000 141696.000 0 0 0.000 0.000 0.000 0.137 0 1 0 0 0 0
 316 128098.000 131188.000 0 0 0.000 0.000 0.000 0.137 0 1 0 0 0 0
 317 131265.000 128057.000 0 0 0.000 0.000 0.000 0.131 0 1 0 0 0 0
 318 142039.000 104185.000 0 0 0.000 0.000 0.000 0.144 0 1 0 0 0 0
 319 117759.000 138691.000 0 0 0.000 0.000 0.000 0.134 0 1 0 0 0 0
 320 95897.000 142638.000 0 0 0.000 0.000 0.000 0.143 0 1 0 0 0 0
 321 62363.000 120769.000 0 0 0.000 0.000 0.000 0.133 0 1 0 0 0 0
 322 99995.000 57171.000 0 0 0.000 0.000 0.000 0.132 0 1 0 0 0 0
 323 59313.000 85558.000 0 0 0.000 0.000 0.000 0.148 0 1 0 0 0 0
 324 70278.000 131528.000 0 0 0.000 0.000 0.000 0.135 0 1 0 0 0 0
 325 64682.000 74844.000 0 0 0.000 0.000 0.000 0.130 0 1 0 0 0 0
 326 108770.000 57513.000 0 0 0.000 0.000 0.000 0.166 0 1 0 0 0 0
 327 97574.000 56438.000 0 0 0.000 0.000 0.000 0.148 0 1 0 0 0 0
 328 117015.000 59871.000 0 0 0.000 0.000 0.000 0.142 0 1 0 0 0 0
 329 126333.000 134685.000 0 0 0.000 0.000 0.000 0.157 0 1 0 0 0 0
 330 126421.000 135086.000 0 0 0.000 0.000 0.000 0.158 0 1 0 0 0 0
 331 85953.000 142108.000 0 0 0.000 0.000 0.000 0.134 0 1 0 0 0 0
 332 56371.000 108906.000 0 0 0.000 0.000 0.000 0.159 0 1 0 0 0 0
 333 141172.000 116606.000 0 0 0.000 0.000 0.000 0.409 0 1 0 0 0 0
 334 110393.000 143377.000 0 0 0.000 0.000 0.000 0.131 0 1 0 0 0 0
 335 72000.000 64817.000 0 0 0.000 0.000 0.000 0.130 0 1 0 0 0 0
 336 128202.000 65237.000 0 0 0.000 0.000 0.000 0.144 0 1 0 0 0 0
 337 62640.000 74461.000 0 0 0.000 0.000 0.000 0.140 0 1 0 0 0 0
 338 136534.000 126400.000 0 0 0.000 0.000 0.000 0.131 0 1 0 0 0 0
 339 72536.000 63838.000 0 0 0.000 0.000 0.000 0.132 0 1 0 0 0 0
 340 142098.000 116713.000 0 0 0.000 0.000 0.000 0.192 0 1 0 0 0 0
 341 68971.000 133815.000 0 0 0.000 0.000 0.000 0.140 0 1 0 0 0 0
 342 130429.000 66065.000 0 0 0.000 0.000 0.000 0.133 0 1 0 0 0 0
 343 131961.000 132506.000 0 0 0.000 0.000 0.000 0.155 0 1 0 0 0 0
 344 105148.000 145664.000 0 0 0.000 0.000 0.000 0.149 0 1 0 0 0 0
 345 71823.000 136514.000 0 0 0.000 0.000 0.000 0.154 0 1 0 0 0 0
 346 96189.000 54149.000 0 0 0.000 0.000 0.000 0.139 0 1 0 0 0 0
 347 98813.000 54093.000 0 0 0.000 0.000 0.000 0.160 0 1 0 0 0 0
 348 117582.000 57563.000 0 0 0.000 0.000 0.000 0.146 0 1 0 0 0 0
 349 137823.000 126228.000 0 0 0.000 0.000 0.000 0.133 0 1 0 0 0 0
 350 121201.000 140931.000 0 0 0.000 0.000 0.000 0.146 0 1 0 0 0 0
 351 68793.000 134392.000 0 0 0.000 0.000 0.000 0.142 0 1 0 0 0 0
 352 145451.000 109167.000 0 0 0.000 0.000 0.000 0.145 0 1 0 0 0 0
 353 92862.000 146229.000 0 0 0.000 0.000 0.000 0.148 0 1 0 0 0 0
 354 54192.000 89543.000 0 0 0.000 0.000 0.000 0.145 0 1 0 0 0 0
 355 105600.000 146553.000 0 0 0.000 0.000 0.000 0.152 0 1 0 0 0 0
 356 120925.000 57928.000 0 0 0.000 0.000 0.000 0.133 0 1 0 0 0 0
 357 131494.000 65111.000 0 0 0.000 0.000 0.000 0.132 0 1 0 0 0 0
 358 130016.000 136398.000 0 0 0.000 0.000 0.000 0.131 0 1 0 0 0 0
 359 142618.000 79691.000 0 0 0.000 0.000 0.000 0.156 0 1 0 0 0 0
 360 146356.000 90941.000 0 0 0.000 0.000 0.000 0.135 0 1 0 0 0 0
 361 108944.000 53387.000 0 0 0.000 0.000 0.000 0.133 0 1 0 0 0 0
 362 147915.000 101882.000 0 0 0.000 0.000 0.000 0.131 0 1 0 0 0 0
 363 52970.000 88097.000 0 0 0.000 0.000 0.000 0.160 0 1 0 0 0 0
 364 138897.000 128469.000 0 0 0.000 0.000 0.000 0.146 0 1 0 0 0 0
 365 136469.000 131440.000 0 0 0.000 0.000 0.000 0.134 0 1 0 0 0 0
 366 136578.000 131693.000 0 0 0.000 0.000 0.000 0.146 0 1 0 0 0 0
 367 70516.000 138852.000 0 0 0.000 0.000 0.000 0.143 0 1 0 0 0 0
 368 51288.000 101918.000 0 0 0.000 0.000 0.000 0.130 0 1 0 0 0 0
 369 86943.000 53240.000 0 0 0.000 0.000 0.000 0.172 0 1 0 0 0 0
 370 51201.000 96319.000 0 0 0.000 0.000 0.000 0.133 0 1 0 0 0 0
 371 145017.000 81861.000 0 0 0.000 0.000 0.000 0.134 0 1 0 0 0 0
 372 144026.000 120619.000 0 0 0.000 0.000 0.000 0.147 0 1 0 0 0 0
 373 99360.000 148896.000 0 0 0.000 0.000 0.000 0.153 0 1 0 0 0 0
 374 92964.000 148418.000 0 0 0.000 0.000 0.000 0.135 0 1 0 0 0 0
 375 50803.000 100418.000 0 0 0.000 0.000 0.000 0.147 0 1 0 0 0 0
 376 56298.000 77610.000 0 0 0.000 0.000 0.000 0.130 0 1 0 0 0 0
 377 144794.000 119516.000 0 0 0.000 0.000 0.000 0.139 0 1 0 0 0 0
 378 80858.000 145301.000 0 0 0.000 0.000 0.000 0.148 0 1 0 0 0 0
 379 52600.000 113785.000 0 0 0.000 0.000 0.000 0.153 0 1 0 0 0 0
 380 110491.000 148204.000 0 0 0.000 0.000 0.000 0.142 0 1 0 0 0 0
 381 77775.000 55718.000 0 0 0.000 0.000 0.000 0.132 0 1 0 0 0 0
 382 144449.000 121203.000 0 0 0.000 0.000 0.000 0.153 0 1 0 0 0 0
 383 57072.000 125275.000 0 0 0.000 0.000 0.000 0.158 0 1 0 0 0 0
 384 93750.000 149643.000 0 0 0.000 0.000 0.000 0.131 0 1 0 0 0 0
 385 115982.000 147486.000 0 0 0.000 0.000 0.000 0.144 0 1 0 0 0 0
 386 61940.000 132779.000 0 0 0.000 0.000 0.000 0.130 0 1 0 0 0 0
 387 95904.000 150167.000 0 0 0.000 0.000 0.000 0.140 0 1 0 0 0 0
 388 49582.000 96328.000 0 0 0.000 0.000 0.000 0.130 0 1 0 0 0 0
 389 66529.000 62314.000 0 0 0.000 0.000 0.000 0.138 0 1 0 0 0 0
 390 130948.000 60464.000 0 0 0.000 0.000 0.000 0.140 0 1 0 0 0 0
 391 84443.000 148116.000 0 0 0.000 0.000 0.000 0.133 0 1 0 0 0 0
 392 149810.000 107433.000 0 0 0.000 0.000 0.000 0.151 0 1 0 0 0 0
 393 61528.000 133091.000 0 0 0.000 0.000 0.000 0.202 0 1 0 0 0 0
 394 149459.000 89251.000 0 0 0.000 0.000 0.000 0.138 0 1 0 0 0 0
 395 60640.000 132780.000 0 0 0.000 0.000 0.000 0.145 0 1 0 0 0 0
 396 48922.000 97033.000 0 0 0.000 0.000 0.000 0.136 0 1 0 0 0 0
 397 147311.000 118609.000 0 0 0.000 0.000 0.000 0.138 0 1 0 0 0 0
 398 151126.000 98173.000 0 0 0.000 0.000 0.000 0.144 0 1 0 0 0 0
 399 117414.000 148325.000 0 0 0.000 0.000 0.000 0.131 0 1 0 0 0 0
 400 104146.000 48607.000 0 0 0.000 0.000 0.000 0.136 0 1 0 0 0 0
 401 151119.000 107636.000 0 0 0.000 0.000 0.000 0.149 0 1 0 0 0 0
 402 68198.000 141267.000 0 0 0.000 0.000 0.000 0.162 0 1 0 0 0 0
 403 55221.000 126664.000 0 0 0.000 0.000 0.000 0.130 0 1 0 0 0 0
 404 89623.000 49027.000 0 0 0.000 0.000 0.000 0.142 0 1 0 0 0 0
 405 109846.000 151294.000 0 0 0.000 0.000 0.000 0.130 0 1 0 0 0 0
 406 105846.000 152013.000 0 0 0.000 0.000 0.000 0.147 0 1 0 0 0 0
 407 90971.000 48421.000 0 0 0.000 0.000 0.000 0.159 0 1 0 0 0 0
 408 102837.000 47799.000 0 0 0.000 0.000 0.000 0.134 0 1 0 0 0 0
 409 90510.000 151646.000 0 0 0.000 0.000 0.000 0.132 0 1 0 0 0 0
 410 50119.000 116977.000 0 0 0.000 0.000 0.000 0.147 0 1 0 0 0 0
 411 47440.000 96353.000 0 0 0.000 0.000 0.000 0.154 0 1 0 0 0 0
 412 88536.000 151444.000 0 0 0.000 0.000 0.000 0.131 0 1 0 0 0 0
 413 64014.000 61386.000 0 0 0.000 0.000 0.000 0.150 0 1 0 0 0 0
 414 152124.000 107859.000 0 0 0.000 0.000 0.000 0.136 0 1 0 0 0 0
 415 143502.000 130044.000 0 0 0.000 0.000 0.000 0.140 0 1 0 0 0 0
 416 89481.000 152679.000 0 0 0.000 0.000 0.000 0.134 0 1 0 0 0 0
 417 90531.000 47091.000 0 0 0.000 0.000 0.000 0.139 0 1 0 0 0 0
 418 139798.000 136605.000 0 0 0.000 0.000 0.000 0.145 0 1 0 0 0 0
 419 139322.000 137489.000 0 0 0.000 0.000 0.000 0.144 0 1 0 0 0 0
 420 121888.000 149957.000 0 0 0.000 0.000 0.000 0.133 0 1 0 0 0 0
 421 90518.000 154057.000 0 0 0.000 0.000 0.000 0.142 0 1 0 0 0 0
 422 44980.000 102878.000 0 0 0.000 0.000 0.000 0.146 0 1 0 0 0 0
 423 48066.000 81383.000 0 0 0.000 0.000 0.000 0.132 0 1 0 0 0 0
 424 136583.000 59233.000 0 0 0.000 0.000 0.000 0.159 0 1 0 0 0 0
 425 55265.000 132442.000 0 0 0.000 0.000 0.000 0.135 0 1 0 0 0 0
 426 154900.000 99142.000 0 0 0.000 0.000 0.000 0.131 0 1 0 0 0 0
 427 154085.000 109408.000 0 0 0.000 0.000 0.000 0.154 0 1 0 0 0 0
 428 78616.000 150905.000 0 0 0.000 0.000 0.000 0.175 0 1 0 0 0 0
 429 64353.000 57609.000 0 0 0.000 0.000 0.000 0.135 0 1 0 0 0 0
 430 155026.000 102416.000 0 0 0.000 0.000 0.000 0.268 0 1 0 0 0 0
 431 134427.000 143748.000 0 0 0.000 0.000 0.000 0.152 0 1 0 0 0 0
 432 93241.000 155470.000 0 0 0.000 0.000 0.000 0.131 0 1 0 0 0 0
 433 47644.000 119867.000 0 0 0.000 0.000 0.000 0.167 0 1 0 0 0 0
 434 66078.000 55353.000 0 0 0.000 0.000 0.000 0.132 0 1 0 0 0 0
 435 87307.000 154641.000 0 0 0.000 0.000 0.000 0.130 0 1 0 0 0 0
 436 69837.000 147473.000 0 0 0.000 0.000 0.000 0.131 0 1 0 0 0 0
 437 143156.000 136020.000 0 0 0.000 0.000 0.000 0.130 0 1 0 0 0 0
 438 83466.000 153938.000 0 0 0.000 0.000 0.000 0.130 0 1 0 0 0 0
 439 45695.000 83445.000 0 0 0.000 0.000 0.000 0.156 0 1 0 0 0 0
 440 153081.000 119614.000 0 0 0.000 0.000 0.000 0.134 0 1 0 0 0 0
 441 156611.000 95530.000 0 0 0.000 0.000 0.000 0.132 0 1 0 0 0 0
 442 49667.000 72308.000 0 0 0.000 0.000 0.000 0.132 0 1 0 0 0 0
 443 54196.000 65192.000 0 0 0.000 0.000 0.000 0.141 0 1 0 0 0 0
 444 104109.000 42873.000 0 0 0.000 0.000 0.000 0.145 0 1 0 0 0 0
 445 45557.000 118977.000 0 0 0.000 0.000 0.000 0.136 0 1 0 0 0 0
 446 151086.000 126102.000 0 0 0.000 0.000 0.000 0.146 0 1 0 0 0 0
 447 130303.000 148745.000 0 0 0.000 0.000 0.000 0.143 0 1 0 0 0 0
 448 85927.000 155883.000 0 0 0.000 0.000 0.000 0.137 0 1 0 0 0 0
 449 74029.000 151508.000 0 0 0.000 0.000 0.000 0.144 0 1 0 0 0 0
 450 153775.000 120367.000 0 0 0.000 0.000 0.000 0.153 0 1 0 0 0 0
 451 104346.000 157572.000 0 0 0.000 0.000 0.000 0.155 0 1 0 0 0 0
 452 82802.000 155222.000 0 0 0.000 0.000 0.000 0.136 0 1 0 0 0 0
 453 46136.000 78442.000 0 0 0.000 0.000 0.000 0.132 0 1 0 0 0 0
 454 138501.000 57218.000 0 0 0.000 0.000 0.000 0.133 0 1 0 0 0 0
 455 41944.000 93909.000 0 0 0.000 0.000 0.000 0.139 0 1 0 0 0 0
 456 60655.000 56946.000 0 0 0.000 0.000 0.000 0.134 0 1 0 0 0 0
 457 139632.000 142324.000 0 0 0.000 0.000 0.000 0.151 0 1 0 0 0 0
 458 79730.000 154702.000 0 0 0.000 0.000 0.000 0.135 0 1 0 0 0 0
 459 147296.000 134003.000 0 0 0.000 0.000 0.000 0.147 0 1 0 0 0 0
 460 113315.000 156951.000 0 0 0.000 0.000 0.000 0.160 0 1 0 0 0 0
 461 67155.000 51032.000 0 0 0.000 0.000 0.000 0.137 0 1 0 0 0 0
 462 142775.000 140221.000 0 0 0.000 0.000 0.000 0.139 0 1 0 0 0 0
 463 50275.000 131961.000 0 0 0.000 0.000 0.000 0.136 0 1 0 0 0 0
 464 137589.000 54919.000 0 0 0.000 0.000 0.000 0.130 0 1 0 0 0 0
 465 137973.000 145088.000 0 0 0.000 0.000 0.000 0.136 0 1 0 0 0 0
 466 51107.000 66545.000 0 0 0.000 0.000 0.000 0.134 0 1 0 0 0 0
 467 157877.000 111117.000 0 0 0.000 0.000 0.000 0.148 0 1 0 0 0 0
 468 125462.000 153364.000 0 0 0.000 0.000 0.000 0.133 0 1 0 0 0 0
 469 96416.000 159446.000 0 0 0.000 0.000 0.000 0.156 0 1 0 0 0 0
 470 128925.000 47819.000 0 0 0.000 0.000 0.000 0.137 0 1 0 0 0 0
 471 157491.000 83714.000 0 0 0.000 0.000 0.000 0.139 0 1 0 0 0 0
 472 91973.000 40465.000 0 0 0.000 0.000 0.000 0.132 0 1 0 0 0 0
 473 146323.000 61840.000 0 0 0.000 0.000 0.000 0.143 0 1 0 0 0 0
 474 153845.000 126506.000 0 0 0.000 0.000 0.000 0.161 0 1 0 0 0 0
 475 87537.000 40799.000 0 0 0.000 0.000 0.000 0.139 0 1 0 0 0 0
 476 43807.000 123549.000 0 0 0.000 0.000 0.000 0.132 0 1 0 0 0 0
 477 102065.000 160763.000 0 0 0.000 0.000 0.000 0.138 0 1 0 0 0 0
 478 159154.000 85992.000 0 0 0.000 0.000 0.000 0.131 0 1 0 0 0 0
 479 158036.000 118437.000 0 0 0.000 0.000 0.000 0.138 0 1 0 0 0 0
 480 44868.000 127116.000 0 0 0.000 0.000 0.000 0.139 0 1 0 0 0 0
 481 78334.000 157537.000 0 0 0.000 0.000 0.000 0.143 0 1 0 0 0 0
 482 154545.000 127944.000 0 0 0.000 0.000 0.000 0.133 0 1 0 0 0 0
 483 141446.000 145202.000 0 0 0.000 0.000 0.000 0.147 0 1 0 0 0 0
 484 62670.000 149079.000 0 0 0.000 0.000 0.000 0.131 0 1 0 0 0 0
 485 77497.000 42593.000 0 0 0.000 0.000 0.000 0.140 0 1 0 0 0 0
 486 146886.000 139648.000 0 0 0.000 0.000 0.000 0.151 0 1 0 0 0 0
 487 146599.000 140254.000 0 0 0.000 0.000 0.000 0.146 0 1 0 0 0 0
 488 74012.000 156178.000 0 0 0.000 0.000 0.000 0.137 0 1 0 0 0 0
 489 37918.000 98455.000 0 0 0.000 0.000 0.000 0.130 0 1 0 0 0 0
 490 120106.000 41670.000 0 0 0.000 0.000 0.000 0.130 0 1 0 0 0 0
 491 159101.000 117557.000 0 0 0.000 0.000 0.000 0.130 0 1 0 0 0 0
 492 141023.000 146294.000 0 0 0.000 0.000 0.000 0.137 0 1 0 0 0 0
 493 154993.000 71767.000 0 0 0.000 0.000 0.000 0.138 0 1 0 0 0 0
 494 158430.000 120457.000 0 0 0.000 0.000 0.000 0.148 0 1 0 0 0 0
 495 127597.000 44353.000 0 0 0.000 0.000 0.000 0.144 0 1 0 0 0 0
 496 161341.000 110436.000 0 0 0.000 0.000 0.000 0.131 0 1 0 0 0 0
 497 102294.000 162589.000 0 0 0.000 0.000 0.000 0.142 0 1 0 0 0 0
 498 46895.000 66123.000 0 0 0.000 0.000 0.000 0.137 0 1 0 0 0 0
 499 162583.000 103589.000 0 0 0.000 0.000 0.000 0.144 0 1 0 0 0 0
 500 153371.000 133440.000 0 0 0.000 0.000 0.000 0.163 0 1 0 0 0 0
 501 157252.000 73812.000 0 0 0.000 0.000 0.000 0.134 0 1 0 0 0 0
 502 125167.000 158257.000 0 0 0.000 0.000 0.000 0.154 0 1 0 0 0 0
 503 151025.000 137724.000 0 0 0.000 0.000 0.000 0.133 0 1 0 0 0 0
 504 61754.000 151084.000 0 0 0.000 0.000 0.000 0.142 0 1 0 0 0 0
 505 65707.000 45631.000 0 0 0.000 0.000 0.000 0.139 0 1 0 0 0 0
 506 36608.000 113608.000 0 0 0.000 0.000 0.000 0.131 0 1 0 0 0 0
 507 165015.000 101453.000 0 0 0.000 0.000 0.000 0.143 0 1 0 0 0 0
 508 86599.000 164049.000 0 0 0.000 0.000 0.000 0.130 0 1 0 0 0 0
 509 67821.000 42934.000 0 0 0.000 0.000 0.000 0.159 0 1 0 0 0 0
 510 137279.000 46467.000 0 0 0.000 0.000 0.000 0.158 0 1 0 0 0 0
 511 143561.000 50610.000 0 0 0.000 0.000 0.000 0.140 0 1 0 0 0 0
 512 130131.000 41063.000 0 0 0.000 0.000 0.000 0.143 0 1 0 0 0 0
 513 117865.000 36103.000 0 0 0.000 0.000 0.000 0.134 0 1 0 0 0 0
 514 145450.000 148312.000 0 0 0.000 0.000 0.000 0.132 0 1 0 0 0 0
 515 73004.000 161191.000 0 0 0.000 0.000 0.000 0.138 0 1 0 0 0 0
 516 71947.000 160726.000 0 0 0.000 0.000 0.000 0.131 0 1 0 0 0 0
 517 35158.000 83258.000 0 0 0.000 0.000 0.000 0.167 0 1 0 0 0 0
 518 149523.000 55492.000 0 0 0.000 0.000 0.000 0.140 0 1 0 0 0 0
 519 81087.000 164246.000 0 0 0.000 0.000 0.000 0.132 0 1 0 0 0 0
 520 165346.000 114334.000 0 0 0.000 0.000 0.000 0.137 0 1 0 0 0 0
 521 152751.000 57988.000 0 0 0.000 0.000 0.000 0.131 0 1 0 0 0 0
 522 145563.000 49777.000 0 0 0.000 0.000 0.000 0.136 0 1 0 0 0 0
 523 35894.000 123816.000 0 0 0.000 0.000 0.000 0.148 0 1 0 0 0 0
 524 164296.000 77878.000 0 0 0.000 0.000 0.000 0.135 0 1 0 0 0 0
 525 35851.000 124450.000 0 0 0.000 0.000 0.000 0.141 0 1 0 0 0 0
 526 152388.000 144018.000 0 0 0.000 0.000 0.000 0.133 0 1 0 0 0 0
 527 60022.000 43662.000 0 0 0.000 0.000 0.000 0.130 0 1 0 0 0 0
 528 57451.000 155048.000 0 0 0.000 0.000 0.000 0.133 0 1 0 0 0 0
 529 29973.000 97182.000 0 0 0.000 0.000 0.000 0.136 0 1 0 0 0 0
 530 168616.000 112193.000 0 0 0.000 0.000 0.000 0.131 0 1 0 0 0 0
 531 42294.000 60035.000 0 0 0.000 0.000 0.000 0.137 0 1 0 0 0 0
 532 130451.000 36713.000 0 0 0.000 0.000 0.000 0.136 0 1 0 0 0 0
 533 69523.000 36010.000 0 0 0.000 0.000 0.000 0.132 0 1 0 0 0 0
 534 68846.000 36031.000 0 0 0.000 0.000 0.000 0.142 0 1 0 0 0 0
 535 155431.000 145234.000 0 0 0.000 0.000 0.000 0.135 0 1 0 0 0 0
 536 126499.000 166714.000 0 0 0.000 0.000 0.000 0.134 0 1 0 0 0 0
 537 27160.000 93484.000 0 0 0.000 0.000 0.000 0.132 0 1 0 0 0 0
 538 108712.000 27671.000 0 0 0.000 0.000 0.000 0.134 0 1 0 0 0 0
 539 36211.000 63515.000 0 0 0.000 0.000 0.000 0.150 0 1 0 0 0 0
 540 28916.000 118925.000 0 0 0.000 0.000 0.000 0.131 0 1 0 0 0 0
 541 173931.000 101112.000 0 0 0.000 0.000 0.000 0.141 0 1 0 0 0 0
 542 173861.000 103805.000 0 0 0.000 0.000 0.000 0.149 0 1 0 0 0 0
 543 156628.000 51898.000 0 0 0.000 0.000 0.000 0.141 0 1 0 0 0 0
 544 57111.000 162068.000 0 0 0.000 0.000 0.000 0.130 0 1 0 0 0 0
 545 154446.000 152636.000 0 0 0.000 0.000 0.000 0.130 0 1 0 0 0 0
 546 131681.000 31025.000 0 0 0.000 0.000 0.000 0.136 0 1 0 0 0 0
 547 24284.000 109388.000 0 0 0.000 0.000 0.000 0.130 0 1 0 0 0 0
 548 176476.000 98628.000 0 0 0.000 0.000 0.000 0.137 0 1 0 0 0 0
 549 141752.000 35552.000 0 0 0.000 0.000 0.000 0.130 0 1 0 0 0 0
 550 171967.000 72799.000 0 0 0.000 0.000 0.000 0.142 0 1 0 0 0 0
 551 109354.000 176915.000 0 0 0.000 0.000 0.000 0.143 0 1 0 0 0 0
 552 118568.000 22994.000 0 0 0.000 0.000 0.000 0.130 0 1 0 0 0 0
 553 21232.000 112771.000 0 0 0.000 0.000 0.000 0.135 0 1 0 0 0 0
 554 178894.000 108886.000 0 0 0.000 0.000 0.000 0.152 0 1 0 0 0 0
 555 28671.000 137526.000 0 0 0.000 0.000 0.000 0.147 0 1 0 0 0 0
 556 46396.000 160759.000 0 0 0.000 0.000 0.000 0.130 0 1 0 0 0 0
 557 110602.000 19446.000 0 0 0.000 0.000 0.000 0.133 0 1 0 0 0 0
 558 85086.000 180346.000 0 0 0.000 0.000 0.000 0.130 0 1 0 0 0 0
 559 180985.000 91143.000 0 0 0.000 0.000 0.000 0.132 0 1 0 0 0 0
 560 19712.000 81383.000 0 0 0.000 0.000 0.000 0.148 0 1 0 0 0 0
 561 68187.000 176454.000 0 0 0.000 0.000 0.000 0.132 0 1 0 0 0 0
 562 49670.000 166235.000 0 0 0.000 0.000 0.000 0.131 0 1 0 0 0 0
 563 44697.000 162161.000 0 0 0.000 0.000 0.000 0.137 0 1 0 0 0 0
 564 52252.000 168584.000 0 0 0.000 0.000 0.000 0.200 0 1 0 0 0 0
 565 19755.000 75672.000 0 0 0.000 0.000 0.000 0.132 0 1 0 0 0 0
 566 82970.000 17734.000 0 0 0.000 0.000 0.000 0.136 0 1 0 0 0 0
 567 52399.000 169712.000 0 0 0.000 0.000 0.000 0.137 0 1 0 0 0 0
 568 45005.000 164003.000 0 0 0.000 0.000 0.000 0.134 0 1 0 0 0 0
 569 49046.000 32233.000 0 0 0.000 0.000 0.000 0.133 0 1 0 0 0 0
 570 53150.000 171272.000 0 0 0.000 0.000 0.000 0.130 0 1 0 0 0 0
 571 37150.000 159582.000 0 0 0.000 0.000 0.000 0.130 0 1 0 0 0 0
 572 23272.000 57929.000 0 0 0.000 0.000 0.000 0.133 0 1 0 0 0 0
 573 43945.000 169676.000 0 0 0.000 0.000 0.000 0.130 0 1 0 0 0 0
 574 129335.000 185055.000 0 0 0.000 0.000 0.000 0.135 0 1 0 0 0 0
 575 42867.000 170039.000 0 0 0.000 0.000 0.000 0.138 0 1 0 0 0 0
 576 45660.000 173284.000 0 0 0.000 0.000 0.000 0.141 0 1 0 0 0 0
 577 118963.000 189830.000 0 0 0.000 0.000 0.000 0.135 0 1 0 0 0 0
 578 183071.000 60157.000 0 0 0.000 0.000 0.000 0.142 0 1 0 0 0 0
 579 7513.000 91414.000 0 0 0.000 0.000 0.000 0.135 0 1 0 0 0 0
 580 185006.000 60037.000 0 0 0.000 0.000 0.000 0.449 0 1 0 0 0 0;
ProcessEquipmentIDList 1
  "R404" ;
SummarySpec 5
  TESTNO    NDEFECT    DEFDENSITY    NDIE    NDEFDIE  ;
SummaryList 
  1    580    2.121    1    1  ;
EndOfFile;
