FileVersion 1 2;
FileTimestamp 01-09-26 01:41:51;
InspectionStationID "KLA-Tencor" "SFSSP1" "0901-0728-TBI";
SampleType WAFER;
ResultTimestamp 01-09-26 01:26:54;
LotID "2580";
SampleSize 1 200;
DeviceID "None";
SetupID "T2-2580NR" 01-09-26 01:26:54;
StepID "6625P";
SampleOrientationMarkType NOTCH;
OrientationMarkLocation DOWN;
DiePitch 200000 200000;
DieOrigin 0 0;
WaferID "24";
Slot 24;
SampleCenterLocation 100000 100000;
ClassLookup 1
  0 "0"  ;
OrientationInstructions "Front";
CoordinatesMirrored No;
InspectionTest 1;
SampleTestPlan 1
  0 0 ;
AreaPerTest 2.73525e+010;
ClusterClassificationList 1
  1 200 ;
DefectRecordSpec 15 DEFECTID XREL YREL XINDEX YINDEX XSIZE YSIZE DEFECTAREA DSIZE CLASSNUMBER TEST CLUSTERNUMBER ROUGHBINNUMBER FINEBINNUMBER REVIEWSAMPLE ;
DefectList
 1 98089.000 99396.000 0 0 0.000 0.000 0.000 0.164 0 1 0 0 0 0
 2 98297.000 98310.000 0 0 0.000 0.000 0.000 0.141 0 1 0 0 0 0
 3 101279.000 101608.000 0 0 0.000 0.000 0.000 0.131 0 1 0 0 0 0
 4 99688.000 96776.000 0 0 0.000 0.000 0.000 0.136 0 1 0 0 0 0
 5 95326.000 100893.000 0 0 0.000 0.000 0.000 0.139 0 1 0 0 0 0
 6 98507.000 95211.000 0 0 0.000 0.000 0.000 0.154 0 1 0 0 0 0
 7 95769.000 103466.000 0 0 0.000 0.000 0.000 0.138 0 1 0 0 0 0
 8 95046.000 94672.000 0 0 0.000 0.000 0.000 0.135 0 1 0 0 0 0
 9 106495.000 103943.000 0 0 0.000 0.000 0.000 0.130 0 1 0 0 0 0
 10 93207.000 104795.000 0 0 0.000 0.000 0.000 0.133 0 1 0 0 0 0
 11 91621.000 101245.000 0 0 0.000 0.000 0.000 0.150 0 1 0 0 0 0
 12 106838.000 105180.000 0 0 0.000 0.000 0.000 0.131 0 1 0 0 0 0
 13 101724.000 108831.000 0 0 0.000 0.000 0.000 0.139 0 1 0 0 0 0
 14 97755.000 90439.000 0 0 0.000 0.000 0.000 0.144 0 1 0 0 0 0
 15 106154.000 107109.000 0 0 0.000 0.000 0.000 0.130 0 1 0 0 0 0
 16 93880.000 92119.000 0 0 0.000 0.000 0.000 0.132 0 1 0 0 0 0
 17 92244.000 93491.000 0 0 0.000 0.000 0.000 0.152 0 1 0 0 0 0
 18 91815.000 92684.000 0 0 0.000 0.000 0.000 0.142 0 1 0 0 0 0
 19 109490.000 93589.000 0 0 0.000 0.000 0.000 0.133 0 1 0 0 0 0
 20 109749.000 93899.000 0 0 0.000 0.000 0.000 0.133 0 1 0 0 0 0
 21 90435.000 91774.000 0 0 0.000 0.000 0.000 0.144 0 1 0 0 0 0
 22 112241.000 103893.000 0 0 0.000 0.000 0.000 0.142 0 1 0 0 0 0
 23 111519.000 93619.000 0 0 0.000 0.000 0.000 0.131 0 1 0 0 0 0
 24 93418.000 111442.000 0 0 0.000 0.000 0.000 0.134 0 1 0 0 0 0
 25 108372.000 110810.000 0 0 0.000 0.000 0.000 0.152 0 1 0 0 0 0
 26 94101.000 86791.000 0 0 0.000 0.000 0.000 0.151 0 1 0 0 0 0
 27 88865.000 90681.000 0 0 0.000 0.000 0.000 0.143 0 1 0 0 0 0
 28 85521.000 99744.000 0 0 0.000 0.000 0.000 0.132 0 1 0 0 0 0
 29 88151.000 91288.000 0 0 0.000 0.000 0.000 0.141 0 1 0 0 0 0
 30 89407.000 88050.000 0 0 0.000 0.000 0.000 0.172 0 1 0 0 0 0
 31 96812.000 84108.000 0 0 0.000 0.000 0.000 0.143 0 1 0 0 0 0
 32 84057.000 102008.000 0 0 0.000 0.000 0.000 0.147 0 1 0 0 0 0
 33 87478.000 87883.000 0 0 0.000 0.000 0.000 0.157 0 1 0 0 0 0
 34 84122.000 92737.000 0 0 0.000 0.000 0.000 0.141 0 1 0 0 0 0
 35 108595.000 82998.000 0 0 0.000 0.000 0.000 0.143 0 1 0 0 0 0
 36 85681.000 87243.000 0 0 0.000 0.000 0.000 0.138 0 1 0 0 0 0
 37 89031.000 84217.000 0 0 0.000 0.000 0.000 0.136 0 1 0 0 0 0
 38 113246.000 85211.000 0 0 0.000 0.000 0.000 0.207 0 1 0 0 0 0
 39 118679.000 106658.000 0 0 0.000 0.000 0.000 0.135 0 1 0 0 0 0
 40 119848.000 98266.000 0 0 0.000 0.000 0.000 0.144 0 1 0 0 0 0
 41 119863.000 103843.000 0 0 0.000 0.000 0.000 0.140 0 1 0 0 0 0
 42 105938.000 119253.000 0 0 0.000 0.000 0.000 0.146 0 1 0 0 0 0
 43 120855.000 97810.000 0 0 0.000 0.000 0.000 0.154 0 1 0 0 0 0
 44 120008.000 92521.000 0 0 0.000 0.000 0.000 0.154 0 1 0 0 0 0
 45 86522.000 82930.000 0 0 0.000 0.000 0.000 0.136 0 1 0 0 0 0
 46 111408.000 118512.000 0 0 0.000 0.000 0.000 0.138 0 1 0 0 0 0
 47 116239.000 114930.000 0 0 0.000 0.000 0.000 0.132 0 1 0 0 0 0
 48 87355.000 81406.000 0 0 0.000 0.000 0.000 0.134 0 1 0 0 0 0
 49 114801.000 83091.000 0 0 0.000 0.000 0.000 0.133 0 1 0 0 0 0
 50 119195.000 112199.000 0 0 0.000 0.000 0.000 0.131 0 1 0 0 0 0
 51 85549.000 81768.000 0 0 0.000 0.000 0.000 0.144 0 1 0 0 0 0
 52 82544.000 83815.000 0 0 0.000 0.000 0.000 0.144 0 1 0 0 0 0
 53 95264.000 76551.000 0 0 0.000 0.000 0.000 0.141 0 1 0 0 0 0
 54 78987.000 111030.000 0 0 0.000 0.000 0.000 0.135 0 1 0 0 0 0
 55 109280.000 122711.000 0 0 0.000 0.000 0.000 0.143 0 1 0 0 0 0
 56 109963.000 76956.000 0 0 0.000 0.000 0.000 0.142 0 1 0 0 0 0
 57 120339.000 114378.000 0 0 0.000 0.000 0.000 0.169 0 1 0 0 0 0
 58 110426.000 76755.000 0 0 0.000 0.000 0.000 0.162 0 1 0 0 0 0
 59 74720.000 96575.000 0 0 0.000 0.000 0.000 0.151 0 1 0 0 0 0
 60 100838.000 125473.000 0 0 0.000 0.000 0.000 0.132 0 1 0 0 0 0
 61 103514.000 125281.000 0 0 0.000 0.000 0.000 200000.000 0 1 0 200 0 0
 62 84084.000 120417.000 0 0 0.000 0.000 0.000 0.138 0 1 0 0 0 0
 63 122628.000 86095.000 0 0 0.000 0.000 0.000 0.153 0 1 0 0 0 0
 64 114777.000 77386.000 0 0 0.000 0.000 0.000 0.139 0 1 0 0 0 0
 65 78015.000 115910.000 0 0 0.000 0.000 0.000 0.137 0 1 0 0 0 0
 66 127115.000 96415.000 0 0 0.000 0.000 0.000 0.134 0 1 0 0 0 0
 67 74090.000 108852.000 0 0 0.000 0.000 0.000 0.144 0 1 0 0 0 0
 68 71656.000 97353.000 0 0 0.000 0.000 0.000 0.133 0 1 0 0 0 0
 69 106346.000 127642.000 0 0 0.000 0.000 0.000 0.135 0 1 0 0 0 0
 70 71289.000 101263.000 0 0 0.000 0.000 0.000 0.137 0 1 0 0 0 0
 71 97247.000 71006.000 0 0 0.000 0.000 0.000 0.134 0 1 0 0 0 0
 72 127101.000 109605.000 0 0 0.000 0.000 0.000 0.145 0 1 0 0 0 0
 73 77383.000 81586.000 0 0 0.000 0.000 0.000 0.284 0 1 0 0 0 0
 74 120918.000 79655.000 0 0 0.000 0.000 0.000 0.133 0 1 0 0 0 0
 75 89378.000 126898.000 0 0 0.000 0.000 0.000 0.132 0 1 0 0 0 0
 76 87598.000 73373.000 0 0 0.000 0.000 0.000 0.149 0 1 0 0 0 0
 77 73391.000 86983.000 0 0 0.000 0.000 0.000 0.138 0 1 0 0 0 0
 78 114711.000 125347.000 0 0 0.000 0.000 0.000 0.148 0 1 0 0 0 0
 79 123094.000 81033.000 0 0 0.000 0.000 0.000 0.143 0 1 0 0 0 0
 80 126189.000 113729.000 0 0 0.000 0.000 0.000 0.145 0 1 0 0 0 0
 81 129607.000 96903.000 0 0 0.000 0.000 0.000 0.152 0 1 0 0 0 0
 82 92145.000 70240.000 0 0 0.000 0.000 0.000 0.145 0 1 0 0 0 0
 83 130614.000 101128.000 0 0 0.000 0.000 0.000 0.130 0 1 0 0 0 0
 84 115822.000 126152.000 0 0 0.000 0.000 0.000 0.131 0 1 0 0 0 0
 85 68988.000 103042.000 0 0 0.000 0.000 0.000 0.134 0 1 0 0 0 0
 86 129681.000 109531.000 0 0 0.000 0.000 0.000 0.143 0 1 0 0 0 0
 87 68742.000 97404.000 0 0 0.000 0.000 0.000 0.142 0 1 0 0 0 0
 88 127861.000 85533.000 0 0 0.000 0.000 0.000 0.155 0 1 0 0 0 0
 89 69496.000 107690.000 0 0 0.000 0.000 0.000 0.138 0 1 0 0 0 0
 90 73353.000 82929.000 0 0 0.000 0.000 0.000 0.154 0 1 0 0 0 0
 91 79921.000 75245.000 0 0 0.000 0.000 0.000 0.136 0 1 0 0 0 0
 92 126077.000 81517.000 0 0 0.000 0.000 0.000 0.149 0 1 0 0 0 0
 93 71122.000 86097.000 0 0 0.000 0.000 0.000 0.166 0 1 0 0 0 0
 94 98697.000 67599.000 0 0 0.000 0.000 0.000 0.131 0 1 0 0 0 0
 95 131221.000 107658.000 0 0 0.000 0.000 0.000 0.140 0 1 0 0 0 0
 96 103823.000 67228.000 0 0 0.000 0.000 0.000 0.143 0 1 0 0 0 0
 97 104219.000 132212.000 0 0 0.000 0.000 0.000 0.149 0 1 0 0 0 0
 98 71192.000 83814.000 0 0 0.000 0.000 0.000 0.161 0 1 0 0 0 0
 99 132874.000 101068.000 0 0 0.000 0.000 0.000 0.161 0 1 0 0 0 0
 100 93851.000 132343.000 0 0 0.000 0.000 0.000 0.132 0 1 0 0 0 0
 101 125291.000 77635.000 0 0 0.000 0.000 0.000 0.135 0 1 0 0 0 0
 102 122664.000 124815.000 0 0 0.000 0.000 0.000 0.147 0 1 0 0 0 0
 103 92759.000 66051.000 0 0 0.000 0.000 0.000 0.138 0 1 0 0 0 0
 104 133655.000 92770.000 0 0 0.000 0.000 0.000 0.166 0 1 0 0 0 0
 105 68995.000 114961.000 0 0 0.000 0.000 0.000 0.204 0 1 0 0 0 0
 106 72690.000 122560.000 0 0 0.000 0.000 0.000 0.133 0 1 0 0 0 0
 107 110551.000 65602.000 0 0 0.000 0.000 0.000 0.148 0 1 0 0 0 0
 108 125146.000 74401.000 0 0 0.000 0.000 0.000 0.135 0 1 0 0 0 0
 109 119044.000 68574.000 0 0 0.000 0.000 0.000 0.130 0 1 0 0 0 0
 110 85067.000 133958.000 0 0 0.000 0.000 0.000 0.140 0 1 0 0 0 0
 111 81168.000 67572.000 0 0 0.000 0.000 0.000 0.143 0 1 0 0 0 0
 112 75257.000 128684.000 0 0 0.000 0.000 0.000 0.146 0 1 0 0 0 0
 113 136882.000 89297.000 0 0 0.000 0.000 0.000 0.133 0 1 0 0 0 0
 114 87064.000 63468.000 0 0 0.000 0.000 0.000 0.146 0 1 0 0 0 0
 115 63698.000 85949.000 0 0 0.000 0.000 0.000 0.135 0 1 0 0 0 0
 116 131721.000 122440.000 0 0 0.000 0.000 0.000 0.140 0 1 0 0 0 0
 117 135867.000 83986.000 0 0 0.000 0.000 0.000 0.136 0 1 0 0 0 0
 118 138124.000 109059.000 0 0 0.000 0.000 0.000 0.136 0 1 0 0 0 0
 119 60806.000 94741.000 0 0 0.000 0.000 0.000 0.137 0 1 0 0 0 0
 120 82635.000 64308.000 0 0 0.000 0.000 0.000 0.139 0 1 0 0 0 0
 121 138802.000 108822.000 0 0 0.000 0.000 0.000 0.130 0 1 0 0 0 0
 122 135289.000 118571.000 0 0 0.000 0.000 0.000 0.137 0 1 0 0 0 0
 123 106729.000 139805.000 0 0 0.000 0.000 0.000 0.135 0 1 0 0 0 0
 124 93695.000 140479.000 0 0 0.000 0.000 0.000 0.138 0 1 0 0 0 0
 125 138317.000 83763.000 0 0 0.000 0.000 0.000 0.134 0 1 0 0 0 0
 126 62142.000 117027.000 0 0 0.000 0.000 0.000 0.152 0 1 0 0 0 0
 127 90905.000 59049.000 0 0 0.000 0.000 0.000 0.143 0 1 0 0 0 0
 128 58713.000 107478.000 0 0 0.000 0.000 0.000 0.147 0 1 0 0 0 0
 129 134246.000 124576.000 0 0 0.000 0.000 0.000 0.153 0 1 0 0 0 0
 130 59609.000 113780.000 0 0 0.000 0.000 0.000 0.140 0 1 0 0 0 0
 131 61634.000 80950.000 0 0 0.000 0.000 0.000 0.137 0 1 0 0 0 0
 132 85720.000 59434.000 0 0 0.000 0.000 0.000 0.149 0 1 0 0 0 0
 133 75199.000 64676.000 0 0 0.000 0.000 0.000 0.148 0 1 0 0 0 0
 134 130452.000 129949.000 0 0 0.000 0.000 0.000 0.131 0 1 0 0 0 0
 135 59913.000 116076.000 0 0 0.000 0.000 0.000 0.135 0 1 0 0 0 0
 136 137211.000 121831.000 0 0 0.000 0.000 0.000 0.133 0 1 0 0 0 0
 137 114463.000 58410.000 0 0 0.000 0.000 0.000 0.144 0 1 0 0 0 0
 138 94369.000 56165.000 0 0 0.000 0.000 0.000 0.137 0 1 0 0 0 0
 139 138030.000 77468.000 0 0 0.000 0.000 0.000 0.138 0 1 0 0 0 0
 140 143655.000 92304.000 0 0 0.000 0.000 0.000 0.159 0 1 0 0 0 0
 141 133769.000 70912.000 0 0 0.000 0.000 0.000 0.150 0 1 0 0 0 0
 142 60969.000 78146.000 0 0 0.000 0.000 0.000 0.141 0 1 0 0 0 0
 143 135534.000 126924.000 0 0 0.000 0.000 0.000 0.141 0 1 0 0 0 0
 144 131083.000 132422.000 0 0 0.000 0.000 0.000 0.133 0 1 0 0 0 0
 145 77076.000 60227.000 0 0 0.000 0.000 0.000 0.140 0 1 0 0 0 0
 146 57279.000 83142.000 0 0 0.000 0.000 0.000 0.154 0 1 0 0 0 0
 147 139264.000 123583.000 0 0 0.000 0.000 0.000 0.143 0 1 0 0 0 0
 148 93609.000 145376.000 0 0 0.000 0.000 0.000 0.139 0 1 0 0 0 0
 149 55102.000 110473.000 0 0 0.000 0.000 0.000 0.138 0 1 0 0 0 0
 150 124213.000 60432.000 0 0 0.000 0.000 0.000 0.146 0 1 0 0 0 0
 151 144523.000 87271.000 0 0 0.000 0.000 0.000 0.131 0 1 0 0 0 0
 152 122027.000 140632.000 0 0 0.000 0.000 0.000 0.146 0 1 0 0 0 0
 153 118747.000 142208.000 0 0 0.000 0.000 0.000 0.137 0 1 0 0 0 0
 154 120362.000 141621.000 0 0 0.000 0.000 0.000 0.152 0 1 0 0 0 0
 155 92140.000 145624.000 0 0 0.000 0.000 0.000 0.140 0 1 0 0 0 0
 156 132620.000 65893.000 0 0 0.000 0.000 0.000 0.135 0 1 0 0 0 0
 157 146891.000 95992.000 0 0 0.000 0.000 0.000 0.138 0 1 0 0 0 0
 158 117707.000 143395.000 0 0 0.000 0.000 0.000 0.206 0 1 0 0 0 0
 159 57702.000 120691.000 0 0 0.000 0.000 0.000 0.167 0 1 0 0 0 0
 160 80898.000 143216.000 0 0 0.000 0.000 0.000 0.139 0 1 0 0 0 0
 161 137300.000 129633.000 0 0 0.000 0.000 0.000 0.136 0 1 0 0 0 0
 162 117044.000 144298.000 0 0 0.000 0.000 0.000 0.138 0 1 0 0 0 0
 163 62295.000 129166.000 0 0 0.000 0.000 0.000 0.156 0 1 0 0 0 0
 164 71085.000 61627.000 0 0 0.000 0.000 0.000 0.131 0 1 0 0 0 0
 165 83512.000 54851.000 0 0 0.000 0.000 0.000 0.154 0 1 0 0 0 0
 166 96545.000 147471.000 0 0 0.000 0.000 0.000 0.131 0 1 0 0 0 0
 167 53694.000 85630.000 0 0 0.000 0.000 0.000 0.159 0 1 0 0 0 0
 168 146610.000 114002.000 0 0 0.000 0.000 0.000 0.158 0 1 0 0 0 0
 169 141900.000 124627.000 0 0 0.000 0.000 0.000 0.143 0 1 0 0 0 0
 170 137754.000 131328.000 0 0 0.000 0.000 0.000 0.138 0 1 0 0 0 0
 171 69591.000 138420.000 0 0 0.000 0.000 0.000 0.170 0 1 0 0 0 0
 172 51022.000 93458.000 0 0 0.000 0.000 0.000 0.150 0 1 0 0 0 0
 173 140445.000 71142.000 0 0 0.000 0.000 0.000 0.143 0 1 0 0 0 0
 174 55747.000 122500.000 0 0 0.000 0.000 0.000 0.133 0 1 0 0 0 0
 175 146361.000 81471.000 0 0 0.000 0.000 0.000 0.137 0 1 0 0 0 0
 176 131594.000 138975.000 0 0 0.000 0.000 0.000 0.144 0 1 0 0 0 0
 177 97107.000 150290.000 0 0 0.000 0.000 0.000 0.150 0 1 0 0 0 0
 178 55647.000 124574.000 0 0 0.000 0.000 0.000 0.131 0 1 0 0 0 0
 179 54587.000 123506.000 0 0 0.000 0.000 0.000 0.153 0 1 0 0 0 0
 180 55965.000 73749.000 0 0 0.000 0.000 0.000 0.152 0 1 0 0 0 0
 181 132711.000 139109.000 0 0 0.000 0.000 0.000 0.130 0 1 0 0 0 0
 182 151347.000 99182.000 0 0 0.000 0.000 0.000 0.157 0 1 0 0 0 0
 183 62142.000 134663.000 0 0 0.000 0.000 0.000 0.130 0 1 0 0 0 0
 184 140006.000 67203.000 0 0 0.000 0.000 0.000 0.162 0 1 0 0 0 0
 185 134120.000 138544.000 0 0 0.000 0.000 0.000 0.140 0 1 0 0 0 0
 186 79134.000 147173.000 0 0 0.000 0.000 0.000 0.145 0 1 0 0 0 0
 187 142550.000 69541.000 0 0 0.000 0.000 0.000 0.135 0 1 0 0 0 0
 188 68716.000 57934.000 0 0 0.000 0.000 0.000 0.130 0 1 0 0 0 0
 189 106582.000 151593.000 0 0 0.000 0.000 0.000 0.147 0 1 0 0 0 0
 190 139118.000 64536.000 0 0 0.000 0.000 0.000 0.152 0 1 0 0 0 0
 191 124541.000 52970.000 0 0 0.000 0.000 0.000 0.134 0 1 0 0 0 0
 192 49472.000 115460.000 0 0 0.000 0.000 0.000 0.142 0 1 0 0 0 0
 193 52773.000 75275.000 0 0 0.000 0.000 0.000 0.135 0 1 0 0 0 0
 194 131163.000 142874.000 0 0 0.000 0.000 0.000 0.134 0 1 0 0 0 0
 195 67663.000 57370.000 0 0 0.000 0.000 0.000 0.140 0 1 0 0 0 0
 196 113887.000 151243.000 0 0 0.000 0.000 0.000 0.142 0 1 0 0 0 0
 197 46594.000 107435.000 0 0 0.000 0.000 0.000 0.130 0 1 0 0 0 0
 198 151345.000 82994.000 0 0 0.000 0.000 0.000 0.155 0 1 0 0 0 0
 199 76903.000 50529.000 0 0 0.000 0.000 0.000 0.142 0 1 0 0 0 0
 200 98464.000 154175.000 0 0 0.000 0.000 0.000 0.132 0 1 0 0 0 0
 201 45540.000 97706.000 0 0 0.000 0.000 0.000 0.130 0 1 0 0 0 0
 202 57922.000 134612.000 0 0 0.000 0.000 0.000 0.179 0 1 0 0 0 0
 203 80991.000 48574.000 0 0 0.000 0.000 0.000 0.140 0 1 0 0 0 0
 204 154868.000 95831.000 0 0 0.000 0.000 0.000 0.147 0 1 0 0 0 0
 205 131390.000 145283.000 0 0 0.000 0.000 0.000 0.142 0 1 0 0 0 0
 206 56362.000 65679.000 0 0 0.000 0.000 0.000 0.138 0 1 0 0 0 0
 207 48848.000 78417.000 0 0 0.000 0.000 0.000 0.148 0 1 0 0 0 0
 208 66171.000 55624.000 0 0 0.000 0.000 0.000 0.136 0 1 0 0 0 0
 209 155032.000 108229.000 0 0 0.000 0.000 0.000 0.130 0 1 0 0 0 0
 210 130755.000 146467.000 0 0 0.000 0.000 0.000 0.132 0 1 0 0 0 0
 211 94107.000 155382.000 0 0 0.000 0.000 0.000 0.133 0 1 0 0 0 0
 212 147070.000 69405.000 0 0 0.000 0.000 0.000 0.139 0 1 0 0 0 0
 213 105619.000 43561.000 0 0 0.000 0.000 0.000 0.130 0 1 0 0 0 0
 214 156677.000 102057.000 0 0 0.000 0.000 0.000 0.131 0 1 0 0 0 0
 215 57874.000 138629.000 0 0 0.000 0.000 0.000 0.148 0 1 0 0 0 0
 216 56817.000 137692.000 0 0 0.000 0.000 0.000 0.135 0 1 0 0 0 0
 217 157048.000 91690.000 0 0 0.000 0.000 0.000 0.138 0 1 0 0 0 0
 218 122687.000 152669.000 0 0 0.000 0.000 0.000 0.130 0 1 0 0 0 0
 219 62240.000 54731.000 0 0 0.000 0.000 0.000 0.133 0 1 0 0 0 0
 220 46703.000 73804.000 0 0 0.000 0.000 0.000 0.144 0 1 0 0 0 0
 221 39812.000 107307.000 0 0 0.000 0.000 0.000 0.132 0 1 0 0 0 0
 222 39663.000 89922.000 0 0 0.000 0.000 0.000 0.146 0 1 0 0 0 0
 223 140230.000 146171.000 0 0 0.000 0.000 0.000 0.150 0 1 0 0 0 0
 224 38464.000 96018.000 0 0 0.000 0.000 0.000 0.142 0 1 0 0 0 0
 225 63798.000 49641.000 0 0 0.000 0.000 0.000 0.146 0 1 0 0 0 0
 226 161023.000 90461.000 0 0 0.000 0.000 0.000 0.135 0 1 0 0 0 0
 227 148138.000 60541.000 0 0 0.000 0.000 0.000 0.149 0 1 0 0 0 0
 228 153012.000 67297.000 0 0 0.000 0.000 0.000 0.141 0 1 0 0 0 0
 229 63388.000 150033.000 0 0 0.000 0.000 0.000 0.136 0 1 0 0 0 0
 230 96853.000 37443.000 0 0 0.000 0.000 0.000 0.141 0 1 0 0 0 0
 231 140019.000 51681.000 0 0 0.000 0.000 0.000 0.133 0 1 0 0 0 0
 232 41029.000 122569.000 0 0 0.000 0.000 0.000 0.144 0 1 0 0 0 0
 233 93307.000 36655.000 0 0 0.000 0.000 0.000 0.157 0 1 0 0 0 0
 234 159445.000 122151.000 0 0 0.000 0.000 0.000 0.138 0 1 0 0 0 0
 235 62566.000 151569.000 0 0 0.000 0.000 0.000 0.130 0 1 0 0 0 0
 236 148398.000 57816.000 0 0 0.000 0.000 0.000 0.135 0 1 0 0 0 0
 237 115025.000 37387.000 0 0 0.000 0.000 0.000 0.206 0 1 0 0 0 0
 238 124046.000 159583.000 0 0 0.000 0.000 0.000 0.157 0 1 0 0 0 0
 239 128899.000 41983.000 0 0 0.000 0.000 0.000 0.150 0 1 0 0 0 0
 240 37881.000 120962.000 0 0 0.000 0.000 0.000 0.156 0 1 0 0 0 0
 241 34113.000 100889.000 0 0 0.000 0.000 0.000 0.148 0 1 0 0 0 0
 242 163339.000 81509.000 0 0 0.000 0.000 0.000 0.144 0 1 0 0 0 0
 243 107901.000 165198.000 0 0 0.000 0.000 0.000 0.147 0 1 0 0 0 0
 244 166509.000 103663.000 0 0 0.000 0.000 0.000 0.137 0 1 0 0 0 0
 245 37037.000 121632.000 0 0 0.000 0.000 0.000 0.136 0 1 0 0 0 0
 246 84726.000 164963.000 0 0 0.000 0.000 0.000 0.133 0 1 0 0 0 0
 247 126050.000 161614.000 0 0 0.000 0.000 0.000 0.131 0 1 0 0 0 0
 248 98548.000 166814.000 0 0 0.000 0.000 0.000 0.134 0 1 0 0 0 0
 249 58622.000 152923.000 0 0 0.000 0.000 0.000 0.131 0 1 0 0 0 0
 250 144539.000 150547.000 0 0 0.000 0.000 0.000 0.133 0 1 0 0 0 0
 251 51133.000 147118.000 0 0 0.000 0.000 0.000 0.137 0 1 0 0 0 0
 252 86038.000 32524.000 0 0 0.000 0.000 0.000 0.133 0 1 0 0 0 0
 253 104841.000 168348.000 0 0 0.000 0.000 0.000 0.138 0 1 0 0 0 0
 254 71906.000 162592.000 0 0 0.000 0.000 0.000 0.137 0 1 0 0 0 0
 255 125275.000 164119.000 0 0 0.000 0.000 0.000 0.149 0 1 0 0 0 0
 256 57524.000 154660.000 0 0 0.000 0.000 0.000 0.134 0 1 0 0 0 0
 257 30740.000 104946.000 0 0 0.000 0.000 0.000 0.144 0 1 0 0 0 0
 258 151224.000 146669.000 0 0 0.000 0.000 0.000 0.132 0 1 0 0 0 0
 259 75901.000 165154.000 0 0 0.000 0.000 0.000 0.136 0 1 0 0 0 0
 260 58413.000 43780.000 0 0 0.000 0.000 0.000 0.143 0 1 0 0 0 0
 261 169815.000 94080.000 0 0 0.000 0.000 0.000 0.131 0 1 0 0 0 0
 262 97453.000 29451.000 0 0 0.000 0.000 0.000 0.133 0 1 0 0 0 0
 263 150485.000 148688.000 0 0 0.000 0.000 0.000 0.133 0 1 0 0 0 0
 264 85468.000 169152.000 0 0 0.000 0.000 0.000 0.142 0 1 0 0 0 0
 265 104607.000 170635.000 0 0 0.000 0.000 0.000 0.141 0 1 0 0 0 0
 266 102196.000 171436.000 0 0 0.000 0.000 0.000 0.135 0 1 0 0 0 0
 267 99602.000 27857.000 0 0 0.000 0.000 0.000 0.132 0 1 0 0 0 0
 268 156157.000 54487.000 0 0 0.000 0.000 0.000 0.134 0 1 0 0 0 0
 269 29041.000 81690.000 0 0 0.000 0.000 0.000 0.135 0 1 0 0 0 0
 270 65297.000 164351.000 0 0 0.000 0.000 0.000 0.133 0 1 0 0 0 0
 271 35511.000 64842.000 0 0 0.000 0.000 0.000 0.132 0 1 0 0 0 0
 272 49906.000 45992.000 0 0 0.000 0.000 0.000 0.130 0 1 0 0 0 0
 273 150077.000 154601.000 0 0 0.000 0.000 0.000 0.144 0 1 0 0 0 0
 274 166557.000 65376.000 0 0 0.000 0.000 0.000 0.133 0 1 0 0 0 0
 275 25024.000 92081.000 0 0 0.000 0.000 0.000 0.135 0 1 0 0 0 0
 276 83140.000 173522.000 0 0 0.000 0.000 0.000 0.134 0 1 0 0 0 0
 277 110348.000 24403.000 0 0 0.000 0.000 0.000 0.133 0 1 0 0 0 0
 278 23486.000 93078.000 0 0 0.000 0.000 0.000 0.144 0 1 0 0 0 0
 279 24831.000 82459.000 0 0 0.000 0.000 0.000 0.139 0 1 0 0 0 0
 280 23416.000 119209.000 0 0 0.000 0.000 0.000 0.146 0 1 0 0 0 0
 281 152833.000 39084.000 0 0 0.000 0.000 0.000 0.131 0 1 0 0 0 0
 282 137118.000 26713.000 0 0 0.000 0.000 0.000 0.138 0 1 0 0 0 0
 283 180268.000 83353.000 0 0 0.000 0.000 0.000 0.138 0 1 0 0 0 0
 284 52605.000 32007.000 0 0 0.000 0.000 0.000 0.332 0 1 0 0 0 0
 285 27627.000 57410.000 0 0 0.000 0.000 0.000 0.131 0 1 0 0 0 0
 286 36503.000 44934.000 0 0 0.000 0.000 0.000 0.131 0 1 0 0 0 0
 287 16413.000 89175.000 0 0 0.000 0.000 0.000 0.140 0 1 0 0 0 0
 288 58858.000 26341.000 0 0 0.000 0.000 0.000 200000.000 0 1 0 200 0 0
 289 13179.000 108086.000 0 0 0.000 0.000 0.000 200000.000 0 1 0 200 0 0
 290 20320.000 136129.000 0 0 0.000 0.000 0.000 0.135 0 1 0 0 0 0
 291 19545.000 136609.000 0 0 0.000 0.000 0.000 0.139 0 1 0 0 0 0
 292 18616.000 137441.000 0 0 56.000 42.000 2352.000 48.497 0 1 1 200 0 0
 293 18278.000 137526.000 0 0 56.000 42.000 2352.000 48.497 0 1 1 200 0 0
 294 18168.000 137253.000 0 0 54.000 42.000 2268.000 47.623 0 1 1 200 0 0
 295 17852.000 136912.000 0 0 54.000 42.000 2268.000 47.623 0 1 1 200 0 0
 296 17246.000 137269.000 0 0 54.000 42.000 2268.000 47.623 0 1 1 200 0 0
 297 15964.000 140003.000 0 0 0.000 0.000 0.000 0.141 0 1 0 0 0 0;
ProcessEquipmentIDList 1
  "R404" ;
SummarySpec 5
  TESTNO    NDEFECT    DEFDENSITY    NDIE    NDEFDIE  ;
SummaryList 
  1    297    1.086    1    1  ;
EndOfFile;
