FileVersion 1 2;
FileTimestamp 01-09-26 01:40:11;
InspectionStationID "KLA-Tencor" "SFSSP1" "0901-0728-TBI";
SampleType WAFER;
ResultTimestamp 01-09-26 01:26:54;
LotID "2580";
SampleSize 1 200;
DeviceID "None";
SetupID "T2-2580NR" 01-09-26 01:26:54;
StepID "6625P";
SampleOrientationMarkType NOTCH;
OrientationMarkLocation DOWN;
DiePitch 200000 200000;
DieOrigin 0 0;
WaferID "21";
Slot 21;
SampleCenterLocation 100000 100000;
ClassLookup 1
  0 "0"  ;
OrientationInstructions "Front";
CoordinatesMirrored No;
InspectionTest 1;
SampleTestPlan 1
  0 0 ;
AreaPerTest 2.73513e+010;
DefectRecordSpec 15 DEFECTID XREL YREL XINDEX YINDEX XSIZE YSIZE DEFECTAREA DSIZE CLASSNUMBER TEST CLUSTERNUMBER ROUGHBINNUMBER FINEBINNUMBER REVIEWSAMPLE ;
DefectList
 1 100592.000 97966.000 0 0 0.000 0.000 0.000 0.137 0 1 0 0 0 0
 2 101742.000 100791.000 0 0 0.000 0.000 0.000 0.143 0 1 0 0 0 0
 3 96292.000 103863.000 0 0 0.000 0.000 0.000 0.130 0 1 0 0 0 0
 4 94063.000 100873.000 0 0 0.000 0.000 0.000 0.132 0 1 0 0 0 0
 5 101837.000 106584.000 0 0 0.000 0.000 0.000 0.131 0 1 0 0 0 0
 6 102967.000 92906.000 0 0 0.000 0.000 0.000 0.142 0 1 0 0 0 0
 7 106822.000 103206.000 0 0 0.000 0.000 0.000 0.132 0 1 0 0 0 0
 8 104902.000 93331.000 0 0 0.000 0.000 0.000 0.130 0 1 0 0 0 0
 9 100432.000 110798.000 0 0 0.000 0.000 0.000 0.154 0 1 0 0 0 0
 10 115314.000 100452.000 0 0 0.000 0.000 0.000 0.130 0 1 0 0 0 0
 11 115945.000 101678.000 0 0 0.000 0.000 0.000 0.137 0 1 0 0 0 0
 12 105927.000 115375.000 0 0 0.000 0.000 0.000 0.137 0 1 0 0 0 0
 13 85637.000 108457.000 0 0 0.000 0.000 0.000 0.139 0 1 0 0 0 0
 14 91529.000 85098.000 0 0 0.000 0.000 0.000 0.136 0 1 0 0 0 0
 15 117013.000 98405.000 0 0 0.000 0.000 0.000 0.137 0 1 0 0 0 0
 16 81560.000 106202.000 0 0 0.000 0.000 0.000 0.131 0 1 0 0 0 0
 17 119166.000 103172.000 0 0 0.000 0.000 0.000 0.157 0 1 0 0 0 0
 18 80118.000 98569.000 0 0 0.000 0.000 0.000 0.142 0 1 0 0 0 0
 19 80174.000 97277.000 0 0 0.000 0.000 0.000 0.135 0 1 0 0 0 0
 20 86353.000 115055.000 0 0 0.000 0.000 0.000 0.135 0 1 0 0 0 0
 21 96977.000 79402.000 0 0 0.000 0.000 0.000 0.134 0 1 0 0 0 0
 22 99343.000 78914.000 0 0 0.000 0.000 0.000 0.137 0 1 0 0 0 0
 23 97964.000 120606.000 0 0 0.000 0.000 0.000 0.134 0 1 0 0 0 0
 24 78734.000 102269.000 0 0 0.000 0.000 0.000 0.131 0 1 0 0 0 0
 25 79224.000 94804.000 0 0 0.000 0.000 0.000 0.130 0 1 0 0 0 0
 26 94879.000 78106.000 0 0 0.000 0.000 0.000 0.134 0 1 0 0 0 0
 27 103199.000 77135.000 0 0 0.000 0.000 0.000 0.149 0 1 0 0 0 0
 28 106454.000 76113.000 0 0 0.000 0.000 0.000 0.132 0 1 0 0 0 0
 29 84822.000 119162.000 0 0 0.000 0.000 0.000 0.143 0 1 0 0 0 0
 30 86552.000 121411.000 0 0 0.000 0.000 0.000 0.144 0 1 0 0 0 0
 31 97733.000 125496.000 0 0 0.000 0.000 0.000 0.143 0 1 0 0 0 0
 32 104422.000 126512.000 0 0 0.000 0.000 0.000 0.133 0 1 0 0 0 0
 33 72854.000 105535.000 0 0 0.000 0.000 0.000 0.150 0 1 0 0 0 0
 34 87724.000 124987.000 0 0 0.000 0.000 0.000 0.132 0 1 0 0 0 0
 35 107832.000 72679.000 0 0 0.000 0.000 0.000 0.137 0 1 0 0 0 0
 36 96484.000 71566.000 0 0 0.000 0.000 0.000 0.135 0 1 0 0 0 0
 37 99822.000 70918.000 0 0 0.000 0.000 0.000 0.133 0 1 0 0 0 0
 38 95767.000 128717.000 0 0 0.000 0.000 0.000 0.161 0 1 0 0 0 0
 39 121662.000 119609.000 0 0 0.000 0.000 0.000 0.131 0 1 0 0 0 0
 40 70923.000 92419.000 0 0 0.000 0.000 0.000 0.134 0 1 0 0 0 0
 41 90797.000 128783.000 0 0 0.000 0.000 0.000 0.134 0 1 0 0 0 0
 42 69464.000 95221.000 0 0 0.000 0.000 0.000 0.139 0 1 0 0 0 0
 43 100236.000 130704.000 0 0 0.000 0.000 0.000 0.144 0 1 0 0 0 0
 44 108151.000 67296.000 0 0 0.000 0.000 0.000 0.134 0 1 0 0 0 0
 45 120633.000 73327.000 0 0 0.000 0.000 0.000 0.134 0 1 0 0 0 0
 46 129825.000 84473.000 0 0 0.000 0.000 0.000 0.130 0 1 0 0 0 0
 47 83159.000 128717.000 0 0 0.000 0.000 0.000 0.134 0 1 0 0 0 0
 48 68431.000 87995.000 0 0 0.000 0.000 0.000 0.132 0 1 0 0 0 0
 49 123928.000 75659.000 0 0 0.000 0.000 0.000 0.135 0 1 0 0 0 0
 50 132698.000 109502.000 0 0 0.000 0.000 0.000 0.131 0 1 0 0 0 0
 51 71699.000 121251.000 0 0 0.000 0.000 0.000 0.143 0 1 0 0 0 0
 52 65232.000 107232.000 0 0 0.000 0.000 0.000 0.146 0 1 0 0 0 0
 53 112893.000 133567.000 0 0 0.000 0.000 0.000 0.132 0 1 0 0 0 0
 54 65794.000 114273.000 0 0 0.000 0.000 0.000 0.131 0 1 0 0 0 0
 55 85878.000 65218.000 0 0 0.000 0.000 0.000 0.132 0 1 0 0 0 0
 56 102057.000 62284.000 0 0 0.000 0.000 0.000 0.150 0 1 0 0 0 0
 57 137486.000 91835.000 0 0 0.000 0.000 0.000 0.130 0 1 0 0 0 0
 58 137583.000 90410.000 0 0 0.000 0.000 0.000 0.136 0 1 0 0 0 0
 59 71512.000 72915.000 0 0 0.000 0.000 0.000 0.137 0 1 0 0 0 0
 60 139064.000 101034.000 0 0 0.000 0.000 0.000 0.137 0 1 0 0 0 0
 61 75828.000 68944.000 0 0 0.000 0.000 0.000 0.155 0 1 0 0 0 0
 62 117633.000 64187.000 0 0 0.000 0.000 0.000 0.132 0 1 0 0 0 0
 63 80477.000 135304.000 0 0 0.000 0.000 0.000 0.134 0 1 0 0 0 0
 64 140419.000 93967.000 0 0 0.000 0.000 0.000 0.139 0 1 0 0 0 0
 65 69979.000 127444.000 0 0 0.000 0.000 0.000 0.146 0 1 0 0 0 0
 66 129300.000 128550.000 0 0 0.000 0.000 0.000 0.149 0 1 0 0 0 0
 67 134750.000 122057.000 0 0 0.000 0.000 0.000 0.139 0 1 0 0 0 0
 68 132870.000 125058.000 0 0 0.000 0.000 0.000 0.130 0 1 0 0 0 0
 69 84029.000 61110.000 0 0 0.000 0.000 0.000 0.137 0 1 0 0 0 0
 70 87736.000 140258.000 0 0 0.000 0.000 0.000 0.148 0 1 0 0 0 0
 71 57100.000 102452.000 0 0 0.000 0.000 0.000 0.138 0 1 0 0 0 0
 72 59742.000 84738.000 0 0 0.000 0.000 0.000 0.144 0 1 0 0 0 0
 73 118964.000 61081.000 0 0 0.000 0.000 0.000 0.130 0 1 0 0 0 0
 74 118831.000 60714.000 0 0 0.000 0.000 0.000 0.136 0 1 0 0 0 0
 75 102489.000 143127.000 0 0 0.000 0.000 0.000 0.144 0 1 0 0 0 0
 76 121833.000 137666.000 0 0 0.000 0.000 0.000 0.139 0 1 0 0 0 0
 77 144009.000 101753.000 0 0 0.000 0.000 0.000 0.133 0 1 0 0 0 0
 78 69206.000 67700.000 0 0 0.000 0.000 0.000 0.310 0 1 0 0 0 0
 79 143865.000 107592.000 0 0 0.000 0.000 0.000 0.157 0 1 0 0 0 0
 80 132359.000 131520.000 0 0 0.000 0.000 0.000 0.152 0 1 0 0 0 0
 81 85647.000 142880.000 0 0 0.000 0.000 0.000 0.134 0 1 0 0 0 0
 82 65336.000 69941.000 0 0 0.000 0.000 0.000 0.132 0 1 0 0 0 0
 83 58152.000 81187.000 0 0 0.000 0.000 0.000 0.131 0 1 0 0 0 0
 84 78295.000 140279.000 0 0 0.000 0.000 0.000 0.135 0 1 0 0 0 0
 85 93286.000 54241.000 0 0 0.000 0.000 0.000 0.138 0 1 0 0 0 0
 86 119888.000 143080.000 0 0 0.000 0.000 0.000 0.149 0 1 0 0 0 0
 87 57816.000 76946.000 0 0 0.000 0.000 0.000 0.136 0 1 0 0 0 0
 88 120410.000 56179.000 0 0 0.000 0.000 0.000 0.145 0 1 0 0 0 0
 89 93933.000 147867.000 0 0 0.000 0.000 0.000 0.132 0 1 0 0 0 0
 90 64316.000 66869.000 0 0 0.000 0.000 0.000 0.130 0 1 0 0 0 0
 91 95705.000 148462.000 0 0 0.000 0.000 0.000 0.143 0 1 0 0 0 0
 92 57238.000 123505.000 0 0 0.000 0.000 0.000 0.133 0 1 0 0 0 0
 93 81902.000 146210.000 0 0 0.000 0.000 0.000 0.132 0 1 0 0 0 0
 94 146695.000 80529.000 0 0 0.000 0.000 0.000 0.149 0 1 0 0 0 0
 95 84570.000 147949.000 0 0 0.000 0.000 0.000 0.140 0 1 0 0 0 0
 96 54200.000 122163.000 0 0 0.000 0.000 0.000 0.133 0 1 0 0 0 0
 97 66801.000 140370.000 0 0 0.000 0.000 0.000 0.144 0 1 0 0 0 0
 98 142118.000 68332.000 0 0 0.000 0.000 0.000 0.145 0 1 0 0 0 0
 99 125840.000 146457.000 0 0 0.000 0.000 0.000 0.130 0 1 0 0 0 0
 100 138304.000 61884.000 0 0 0.000 0.000 0.000 0.131 0 1 0 0 0 0
 101 94546.000 45362.000 0 0 0.000 0.000 0.000 0.130 0 1 0 0 0 0
 102 81012.000 48108.000 0 0 0.000 0.000 0.000 0.134 0 1 0 0 0 0
 103 155337.000 95939.000 0 0 0.000 0.000 0.000 0.140 0 1 0 0 0 0
 104 149426.000 125229.000 0 0 0.000 0.000 0.000 0.132 0 1 0 0 0 0
 105 137267.000 141349.000 0 0 0.000 0.000 0.000 0.144 0 1 0 0 0 0
 106 44511.000 109097.000 0 0 0.000 0.000 0.000 0.136 0 1 0 0 0 0
 107 134393.000 144319.000 0 0 0.000 0.000 0.000 0.136 0 1 0 0 0 0
 108 145994.000 132595.000 0 0 0.000 0.000 0.000 0.139 0 1 0 0 0 0
 109 71582.000 50173.000 0 0 0.000 0.000 0.000 0.153 0 1 0 0 0 0
 110 55627.000 62469.000 0 0 0.000 0.000 0.000 0.132 0 1 0 0 0 0
 111 134493.000 52858.000 0 0 0.000 0.000 0.000 0.132 0 1 0 0 0 0
 112 54202.000 61770.000 0 0 0.000 0.000 0.000 0.136 0 1 0 0 0 0
 113 42714.000 118724.000 0 0 0.000 0.000 0.000 0.130 0 1 0 0 0 0
 114 128325.000 46596.000 0 0 0.000 0.000 0.000 0.132 0 1 0 0 0 0
 115 142680.000 144765.000 0 0 0.000 0.000 0.000 0.136 0 1 0 0 0 0
 116 156794.000 73319.000 0 0 0.000 0.000 0.000 0.140 0 1 0 0 0 0
 117 48765.000 136362.000 0 0 0.000 0.000 0.000 0.131 0 1 0 0 0 0
 118 115829.000 38766.000 0 0 0.000 0.000 0.000 0.130 0 1 0 0 0 0
 119 100677.000 163088.000 0 0 0.000 0.000 0.000 0.134 0 1 0 0 0 0
 120 163769.000 96199.000 0 0 0.000 0.000 0.000 0.131 0 1 0 0 0 0
 121 113274.000 163065.000 0 0 0.000 0.000 0.000 0.137 0 1 0 0 0 0
 122 36375.000 117781.000 0 0 0.000 0.000 0.000 0.133 0 1 0 0 0 0
 123 33951.000 109626.000 0 0 0.000 0.000 0.000 0.133 0 1 0 0 0 0
 124 35941.000 79040.000 0 0 0.000 0.000 0.000 0.137 0 1 0 0 0 0
 125 146136.000 148725.000 0 0 0.000 0.000 0.000 0.131 0 1 0 0 0 0
 126 107419.000 166894.000 0 0 0.000 0.000 0.000 0.150 0 1 0 0 0 0
 127 148390.000 148678.000 0 0 0.000 0.000 0.000 0.134 0 1 0 0 0 0
 128 129781.000 162482.000 0 0 0.000 0.000 0.000 0.141 0 1 0 0 0 0
 129 30299.000 106962.000 0 0 0.000 0.000 0.000 0.141 0 1 0 0 0 0
 130 35046.000 65284.000 0 0 0.000 0.000 0.000 0.136 0 1 0 0 0 0
 131 22391.000 79858.000 0 0 0.000 0.000 0.000 0.131 0 1 0 0 0 0;
ProcessEquipmentIDList 1
  "R404" ;
SummarySpec 5
  TESTNO    NDEFECT    DEFDENSITY    NDIE    NDEFDIE  ;
SummaryList 
  1    131    0.479    1    1  ;
EndOfFile;
