FileVersion 1 2;
FileTimestamp 01-11-26 13:14:39;
InspectionStationID "KLA-Tencor" "SFSSP1" "0901-0728-TBI";
SampleType WAFER;
ResultTimestamp 01-11-26 13:00:14;
LotID "2580";
SampleSize 1 200;
DeviceID "None";
SetupID "T2-2580NR" 01-11-26 13:00:14;
StepID "6492";
SampleOrientationMarkType NOTCH;
OrientationMarkLocation DOWN;
DiePitch 200000 200000;
DieOrigin 0 0;
WaferID "24";
Slot 24;
SampleCenterLocation 100000 100000;
ClassLookup 1
  0 "0"  ;
OrientationInstructions "Front";
CoordinatesMirrored No;
InspectionTest 1;
SampleTestPlan 1
  0 0 ;
AreaPerTest 2.73528e+010;
DefectRecordSpec 15 DEFECTID XREL YREL XINDEX YINDEX XSIZE YSIZE DEFECTAREA DSIZE CLASSNUMBER TEST CLUSTERNUMBER ROUGHBINNUMBER FINEBINNUMBER REVIEWSAMPLE ;
DefectList
 1 98683.000 98382.000 0 0 0.000 0.000 0.000 0.149 0 1 0 0 0 0
 2 101601.000 94300.000 0 0 0.000 0.000 0.000 0.140 0 1 0 0 0 0
 3 99576.000 91297.000 0 0 0.000 0.000 0.000 0.152 0 1 0 0 0 0
 4 109209.000 101757.000 0 0 0.000 0.000 0.000 0.133 0 1 0 0 0 0
 5 94847.000 108520.000 0 0 0.000 0.000 0.000 0.130 0 1 0 0 0 0
 6 105778.000 110225.000 0 0 0.000 0.000 0.000 0.132 0 1 0 0 0 0
 7 106665.000 110237.000 0 0 0.000 0.000 0.000 0.136 0 1 0 0 0 0
 8 111508.000 105104.000 0 0 0.000 0.000 0.000 0.137 0 1 0 0 0 0
 9 102914.000 87959.000 0 0 0.000 0.000 0.000 0.131 0 1 0 0 0 0
 10 95749.000 87429.000 0 0 0.000 0.000 0.000 0.139 0 1 0 0 0 0
 11 107705.000 111264.000 0 0 0.000 0.000 0.000 0.135 0 1 0 0 0 0
 12 104503.000 113314.000 0 0 0.000 0.000 0.000 0.136 0 1 0 0 0 0
 13 90388.000 110768.000 0 0 0.000 0.000 0.000 0.148 0 1 0 0 0 0
 14 89509.000 88308.000 0 0 0.000 0.000 0.000 0.133 0 1 0 0 0 0
 15 108347.000 85371.000 0 0 0.000 0.000 0.000 0.132 0 1 0 0 0 0
 16 83116.000 105002.000 0 0 0.000 0.000 0.000 0.142 0 1 0 0 0 0
 17 84654.000 91796.000 0 0 0.000 0.000 0.000 0.140 0 1 0 0 0 0
 18 117710.000 100520.000 0 0 0.000 0.000 0.000 0.145 0 1 0 0 0 0
 19 113755.000 88542.000 0 0 0.000 0.000 0.000 0.148 0 1 0 0 0 0
 20 83114.000 92833.000 0 0 0.000 0.000 0.000 0.159 0 1 0 0 0 0
 21 105667.000 117755.000 0 0 0.000 0.000 0.000 0.130 0 1 0 0 0 0
 22 85576.000 112028.000 0 0 0.000 0.000 0.000 0.141 0 1 0 0 0 0
 23 85953.000 88045.000 0 0 0.000 0.000 0.000 0.141 0 1 0 0 0 0
 24 86943.000 86192.000 0 0 0.000 0.000 0.000 0.135 0 1 0 0 0 0
 25 117308.000 109388.000 0 0 0.000 0.000 0.000 0.142 0 1 0 0 0 0
 26 95473.000 120111.000 0 0 0.000 0.000 0.000 0.134 0 1 0 0 0 0
 27 79845.000 96764.000 0 0 0.000 0.000 0.000 0.145 0 1 0 0 0 0
 28 78316.000 96014.000 0 0 0.000 0.000 0.000 0.151 0 1 0 0 0 0
 29 83826.000 85031.000 0 0 0.000 0.000 0.000 0.133 0 1 0 0 0 0
 30 81794.000 84458.000 0 0 0.000 0.000 0.000 0.141 0 1 0 0 0 0
 31 87026.000 80013.000 0 0 0.000 0.000 0.000 0.136 0 1 0 0 0 0
 32 123475.000 95599.000 0 0 0.000 0.000 0.000 0.136 0 1 0 0 0 0
 33 94619.000 76629.000 0 0 0.000 0.000 0.000 0.132 0 1 0 0 0 0
 34 120983.000 114854.000 0 0 0.000 0.000 0.000 0.138 0 1 0 0 0 0
 35 125486.000 97667.000 0 0 0.000 0.000 0.000 0.133 0 1 0 0 0 0
 36 81390.000 81977.000 0 0 0.000 0.000 0.000 0.133 0 1 0 0 0 0
 37 79812.000 83566.000 0 0 0.000 0.000 0.000 0.158 0 1 0 0 0 0
 38 118130.000 80755.000 0 0 0.000 0.000 0.000 0.138 0 1 0 0 0 0
 39 98788.000 127157.000 0 0 0.000 0.000 0.000 0.149 0 1 0 0 0 0
 40 94993.000 73613.000 0 0 0.000 0.000 0.000 0.137 0 1 0 0 0 0
 41 88598.000 75433.000 0 0 0.000 0.000 0.000 0.132 0 1 0 0 0 0
 42 74875.000 89316.000 0 0 0.000 0.000 0.000 0.134 0 1 0 0 0 0
 43 87957.000 125246.000 0 0 0.000 0.000 0.000 0.142 0 1 0 0 0 0
 44 120391.000 79797.000 0 0 0.000 0.000 0.000 0.149 0 1 0 0 0 0
 45 71165.000 106122.000 0 0 0.000 0.000 0.000 0.153 0 1 0 0 0 0
 46 124073.000 117641.000 0 0 0.000 0.000 0.000 0.136 0 1 0 0 0 0
 47 96653.000 130351.000 0 0 0.000 0.000 0.000 0.144 0 1 0 0 0 0
 48 127589.000 86045.000 0 0 0.000 0.000 0.000 0.138 0 1 0 0 0 0
 49 130889.000 91946.000 0 0 0.000 0.000 0.000 0.146 0 1 0 0 0 0
 50 132082.000 99254.000 0 0 0.000 0.000 0.000 0.137 0 1 0 0 0 0
 51 131555.000 94059.000 0 0 0.000 0.000 0.000 0.130 0 1 0 0 0 0
 52 68390.000 109230.000 0 0 0.000 0.000 0.000 0.135 0 1 0 0 0 0
 53 133488.000 103895.000 0 0 0.000 0.000 0.000 0.139 0 1 0 0 0 0
 54 77336.000 125394.000 0 0 0.000 0.000 0.000 0.132 0 1 0 0 0 0
 55 77124.000 75186.000 0 0 0.000 0.000 0.000 0.131 0 1 0 0 0 0
 56 133340.000 94724.000 0 0 0.000 0.000 0.000 0.130 0 1 0 0 0 0
 57 132089.000 112388.000 0 0 0.000 0.000 0.000 0.135 0 1 0 0 0 0
 58 69202.000 116296.000 0 0 0.000 0.000 0.000 0.153 0 1 0 0 0 0
 59 134475.000 92586.000 0 0 0.000 0.000 0.000 0.147 0 1 0 0 0 0
 60 129077.000 79406.000 0 0 0.000 0.000 0.000 0.151 0 1 0 0 0 0
 61 136013.000 95414.000 0 0 0.000 0.000 0.000 0.138 0 1 0 0 0 0
 62 130563.000 120442.000 0 0 0.000 0.000 0.000 0.153 0 1 0 0 0 0
 63 94350.000 136905.000 0 0 0.000 0.000 0.000 0.136 0 1 0 0 0 0
 64 122429.000 70772.000 0 0 0.000 0.000 0.000 0.132 0 1 0 0 0 0
 65 131116.000 80012.000 0 0 0.000 0.000 0.000 0.144 0 1 0 0 0 0
 66 93877.000 62951.000 0 0 0.000 0.000 0.000 0.130 0 1 0 0 0 0
 67 95213.000 62803.000 0 0 0.000 0.000 0.000 0.143 0 1 0 0 0 0
 68 63271.000 111028.000 0 0 0.000 0.000 0.000 0.134 0 1 0 0 0 0
 69 104269.000 61646.000 0 0 0.000 0.000 0.000 0.132 0 1 0 0 0 0
 70 62520.000 89767.000 0 0 0.000 0.000 0.000 0.142 0 1 0 0 0 0
 71 70375.000 74902.000 0 0 0.000 0.000 0.000 0.147 0 1 0 0 0 0
 72 100639.000 61266.000 0 0 0.000 0.000 0.000 0.138 0 1 0 0 0 0
 73 60801.000 100821.000 0 0 0.000 0.000 0.000 0.133 0 1 0 0 0 0
 74 79976.000 66185.000 0 0 0.000 0.000 0.000 0.150 0 1 0 0 0 0
 75 83712.000 63493.000 0 0 0.000 0.000 0.000 0.135 0 1 0 0 0 0
 76 140187.000 102801.000 0 0 0.000 0.000 0.000 0.139 0 1 0 0 0 0
 77 136459.000 117431.000 0 0 0.000 0.000 0.000 0.149 0 1 0 0 0 0
 78 62287.000 116712.000 0 0 0.000 0.000 0.000 0.136 0 1 0 0 0 0
 79 58902.000 96681.000 0 0 0.000 0.000 0.000 0.130 0 1 0 0 0 0
 80 80680.000 136865.000 0 0 0.000 0.000 0.000 0.131 0 1 0 0 0 0
 81 59176.000 90839.000 0 0 0.000 0.000 0.000 0.141 0 1 0 0 0 0
 82 101504.000 58259.000 0 0 0.000 0.000 0.000 0.148 0 1 0 0 0 0
 83 95992.000 142544.000 0 0 0.000 0.000 0.000 0.144 0 1 0 0 0 0
 84 58584.000 110989.000 0 0 0.000 0.000 0.000 0.139 0 1 0 0 0 0
 85 74542.000 66080.000 0 0 0.000 0.000 0.000 0.165 0 1 0 0 0 0
 86 79681.000 138572.000 0 0 0.000 0.000 0.000 0.135 0 1 0 0 0 0
 87 141731.000 87926.000 0 0 0.000 0.000 0.000 0.140 0 1 0 0 0 0
 88 94607.000 143503.000 0 0 0.000 0.000 0.000 0.143 0 1 0 0 0 0
 89 134100.000 127773.000 0 0 0.000 0.000 0.000 0.153 0 1 0 0 0 0
 90 119655.000 60595.000 0 0 0.000 0.000 0.000 0.135 0 1 0 0 0 0
 91 142291.000 87387.000 0 0 0.000 0.000 0.000 0.138 0 1 0 0 0 0
 92 143701.000 106866.000 0 0 0.000 0.000 0.000 0.134 0 1 0 0 0 0
 93 108682.000 143591.000 0 0 0.000 0.000 0.000 0.131 0 1 0 0 0 0
 94 88050.000 57535.000 0 0 0.000 0.000 0.000 0.134 0 1 0 0 0 0
 95 106780.000 145034.000 0 0 0.000 0.000 0.000 0.141 0 1 0 0 0 0
 96 101408.000 54344.000 0 0 0.000 0.000 0.000 0.135 0 1 0 0 0 0
 97 127052.000 137857.000 0 0 0.000 0.000 0.000 0.132 0 1 0 0 0 0
 98 54752.000 111434.000 0 0 0.000 0.000 0.000 0.132 0 1 0 0 0 0
 99 67879.000 134108.000 0 0 0.000 0.000 0.000 0.132 0 1 0 0 0 0
 100 82110.000 143627.000 0 0 0.000 0.000 0.000 0.131 0 1 0 0 0 0
 101 146871.000 103061.000 0 0 0.000 0.000 0.000 0.133 0 1 0 0 0 0
 102 146336.000 107591.000 0 0 0.000 0.000 0.000 0.134 0 1 0 0 0 0
 103 53645.000 91703.000 0 0 0.000 0.000 0.000 0.132 0 1 0 0 0 0
 104 143238.000 81657.000 0 0 0.000 0.000 0.000 0.142 0 1 0 0 0 0
 105 81456.000 143723.000 0 0 0.000 0.000 0.000 0.149 0 1 0 0 0 0
 106 145774.000 112194.000 0 0 0.000 0.000 0.000 0.133 0 1 0 0 0 0
 107 139911.000 74521.000 0 0 0.000 0.000 0.000 0.134 0 1 0 0 0 0
 108 108876.000 53320.000 0 0 0.000 0.000 0.000 0.145 0 1 0 0 0 0
 109 120215.000 56916.000 0 0 0.000 0.000 0.000 0.140 0 1 0 0 0 0
 110 58678.000 74868.000 0 0 0.000 0.000 0.000 0.132 0 1 0 0 0 0
 111 78868.000 144299.000 0 0 0.000 0.000 0.000 0.139 0 1 0 0 0 0
 112 134779.000 65952.000 0 0 0.000 0.000 0.000 0.139 0 1 0 0 0 0
 113 65181.000 65837.000 0 0 0.000 0.000 0.000 0.150 0 1 0 0 0 0
 114 109989.000 52122.000 0 0 0.000 0.000 0.000 0.135 0 1 0 0 0 0
 115 52361.000 116094.000 0 0 0.000 0.000 0.000 0.167 0 1 0 0 0 0
 116 80846.000 146968.000 0 0 0.000 0.000 0.000 0.139 0 1 0 0 0 0
 117 56549.000 74379.000 0 0 0.000 0.000 0.000 0.134 0 1 0 0 0 0
 118 82175.000 52912.000 0 0 0.000 0.000 0.000 0.138 0 1 0 0 0 0
 119 101989.000 49592.000 0 0 0.000 0.000 0.000 0.140 0 1 0 0 0 0
 120 53659.000 121206.000 0 0 0.000 0.000 0.000 0.143 0 1 0 0 0 0
 121 127432.000 56434.000 0 0 0.000 0.000 0.000 0.133 0 1 0 0 0 0
 122 53290.000 123295.000 0 0 0.000 0.000 0.000 0.143 0 1 0 0 0 0
 123 48308.000 93835.000 0 0 0.000 0.000 0.000 0.135 0 1 0 0 0 0
 124 70136.000 143323.000 0 0 0.000 0.000 0.000 0.130 0 1 0 0 0 0
 125 82847.000 150086.000 0 0 0.000 0.000 0.000 0.133 0 1 0 0 0 0
 126 148695.000 79441.000 0 0 0.000 0.000 0.000 0.138 0 1 0 0 0 0
 127 54940.000 128806.000 0 0 0.000 0.000 0.000 0.160 0 1 0 0 0 0
 128 151327.000 114753.000 0 0 0.000 0.000 0.000 0.132 0 1 0 0 0 0
 129 46606.000 114727.000 0 0 0.000 0.000 0.000 0.146 0 1 0 0 0 0
 130 49875.000 124384.000 0 0 0.000 0.000 0.000 0.140 0 1 0 0 0 0
 131 88803.000 45746.000 0 0 0.000 0.000 0.000 0.131 0 1 0 0 0 0
 132 152224.000 80543.000 0 0 0.000 0.000 0.000 0.139 0 1 0 0 0 0
 133 50132.000 73285.000 0 0 0.000 0.000 0.000 0.134 0 1 0 0 0 0
 134 89674.000 156244.000 0 0 0.000 0.000 0.000 0.135 0 1 0 0 0 0
 135 54761.000 65698.000 0 0 0.000 0.000 0.000 0.142 0 1 0 0 0 0
 136 73863.000 151299.000 0 0 0.000 0.000 0.000 0.134 0 1 0 0 0 0
 137 106901.000 157706.000 0 0 0.000 0.000 0.000 0.144 0 1 0 0 0 0
 138 144977.000 63651.000 0 0 0.000 0.000 0.000 0.138 0 1 0 0 0 0
 139 133015.000 51557.000 0 0 0.000 0.000 0.000 0.139 0 1 0 0 0 0
 140 51227.000 66279.000 0 0 0.000 0.000 0.000 0.130 0 1 0 0 0 0
 141 86116.000 42341.000 0 0 0.000 0.000 0.000 0.135 0 1 0 0 0 0
 142 133897.000 51290.000 0 0 0.000 0.000 0.000 0.131 0 1 0 0 0 0
 143 107328.000 39681.000 0 0 0.000 0.000 0.000 0.146 0 1 0 0 0 0
 144 126451.000 44981.000 0 0 0.000 0.000 0.000 0.131 0 1 0 0 0 0
 145 145598.000 141443.000 0 0 0.000 0.000 0.000 0.155 0 1 0 0 0 0
 146 50571.000 137566.000 0 0 0.000 0.000 0.000 0.135 0 1 0 0 0 0
 147 118049.000 159761.000 0 0 0.000 0.000 0.000 0.138 0 1 0 0 0 0
 148 148738.000 61062.000 0 0 0.000 0.000 0.000 0.143 0 1 0 0 0 0
 149 37404.000 107054.000 0 0 0.000 0.000 0.000 0.133 0 1 0 0 0 0
 150 37529.000 108653.000 0 0 0.000 0.000 0.000 0.134 0 1 0 0 0 0
 151 43538.000 129532.000 0 0 0.000 0.000 0.000 0.130 0 1 0 0 0 0
 152 158797.000 75442.000 0 0 0.000 0.000 0.000 0.133 0 1 0 0 0 0
 153 38706.000 79619.000 0 0 0.000 0.000 0.000 0.141 0 1 0 0 0 0
 154 102685.000 165533.000 0 0 0.000 0.000 0.000 0.295 0 1 0 0 0 0
 155 152952.000 61044.000 0 0 0.000 0.000 0.000 0.142 0 1 0 0 0 0
 156 47242.000 140310.000 0 0 0.000 0.000 0.000 0.145 0 1 0 0 0 0
 157 45916.000 57562.000 0 0 0.000 0.000 0.000 0.135 0 1 0 0 0 0
 158 154305.000 142955.000 0 0 0.000 0.000 0.000 0.133 0 1 0 0 0 0
 159 73429.000 34140.000 0 0 0.000 0.000 0.000 0.147 0 1 0 0 0 0
 160 139207.000 32061.000 0 0 0.000 0.000 0.000 0.216 0 1 0 0 0 0
 161 30463.000 138588.000 0 0 0.000 0.000 0.000 0.138 0 1 0 0 0 0
 162 113296.000 20161.000 0 0 0.000 0.000 0.000 0.130 0 1 0 0 0 0
 163 18156.000 131030.000 0 0 0.000 0.000 0.000 0.144 0 1 0 0 0 0
 164 188589.000 98634.000 0 0 0.000 0.000 0.000 0.250 0 1 0 0 0 0
 165 169316.000 161779.000 0 0 0.000 0.000 0.000 0.175 0 1 0 0 0 0;
ProcessEquipmentIDList 1
  "6632" ;
SummarySpec 5
  TESTNO    NDEFECT    DEFDENSITY    NDIE    NDEFDIE  ;
SummaryList 
  1    165    0.6032    1    1  ;
EndOfFile;
