FileVersion 1 2;
FileTimestamp 01-11-26 16:01:16;
InspectionStationID "KLA-Tencor" "SFSSP1" "0901-0728-TBI";
SampleType WAFER;
ResultTimestamp 01-11-26 15:56:49;
LotID "2580";
SampleSize 1 200;
DeviceID "None";
SetupID "T2-2580NR" 01-11-26 15:56:49;
StepID "6492";
SampleOrientationMarkType NOTCH;
OrientationMarkLocation DOWN;
DiePitch 200000 200000;
DieOrigin 0 0;
WaferID "07";
Slot 7;
SampleCenterLocation 100000 100000;
ClassLookup 1
  0 "0"  ;
OrientationInstructions "Front";
CoordinatesMirrored No;
InspectionTest 1;
SampleTestPlan 1
  0 0 ;
AreaPerTest 2.73513e+010;
DefectRecordSpec 15 DEFECTID XREL YREL XINDEX YINDEX XSIZE YSIZE DEFECTAREA DSIZE CLASSNUMBER TEST CLUSTERNUMBER ROUGHBINNUMBER FINEBINNUMBER REVIEWSAMPLE ;
DefectList
 1 95941.000 97959.000 0 0 0.000 0.000 0.000 0.148 0 1 0 0 0 0
 2 94552.000 104041.000 0 0 0.000 0.000 0.000 0.140 0 1 0 0 0 0
 3 93638.000 97239.000 0 0 0.000 0.000 0.000 0.130 0 1 0 0 0 0
 4 108227.000 100844.000 0 0 0.000 0.000 0.000 0.131 0 1 0 0 0 0
 5 101620.000 108664.000 0 0 0.000 0.000 0.000 0.146 0 1 0 0 0 0
 6 108473.000 97807.000 0 0 0.000 0.000 0.000 0.131 0 1 0 0 0 0
 7 105987.000 92849.000 0 0 0.000 0.000 0.000 0.132 0 1 0 0 0 0
 8 104863.000 90257.000 0 0 0.000 0.000 0.000 0.140 0 1 0 0 0 0
 9 88642.000 102010.000 0 0 0.000 0.000 0.000 0.134 0 1 0 0 0 0
 10 103169.000 115372.000 0 0 0.000 0.000 0.000 0.132 0 1 0 0 0 0
 11 116243.000 99169.000 0 0 0.000 0.000 0.000 0.151 0 1 0 0 0 0
 12 84483.000 108876.000 0 0 0.000 0.000 0.000 0.135 0 1 0 0 0 0
 13 107974.000 84453.000 0 0 0.000 0.000 0.000 0.152 0 1 0 0 0 0
 14 115630.000 90248.000 0 0 0.000 0.000 0.000 0.134 0 1 0 0 0 0
 15 104593.000 82038.000 0 0 0.000 0.000 0.000 0.133 0 1 0 0 0 0
 16 103125.000 119258.000 0 0 0.000 0.000 0.000 0.136 0 1 0 0 0 0
 17 112905.000 85978.000 0 0 0.000 0.000 0.000 0.160 0 1 0 0 0 0
 18 111641.000 115779.000 0 0 0.000 0.000 0.000 0.130 0 1 0 0 0 0
 19 114670.000 113377.000 0 0 0.000 0.000 0.000 0.130 0 1 0 0 0 0
 20 94491.000 119177.000 0 0 0.000 0.000 0.000 0.141 0 1 0 0 0 0
 21 90506.000 117520.000 0 0 0.000 0.000 0.000 0.155 0 1 0 0 0 0
 22 111597.000 83261.000 0 0 0.000 0.000 0.000 0.135 0 1 0 0 0 0
 23 86496.000 84174.000 0 0 0.000 0.000 0.000 0.130 0 1 0 0 0 0
 24 82118.000 112812.000 0 0 0.000 0.000 0.000 0.139 0 1 0 0 0 0
 25 121269.000 104893.000 0 0 0.000 0.000 0.000 0.130 0 1 0 0 0 0
 26 121926.000 97626.000 0 0 0.000 0.000 0.000 0.132 0 1 0 0 0 0
 27 115642.000 84415.000 0 0 0.000 0.000 0.000 0.155 0 1 0 0 0 0
 28 104758.000 121987.000 0 0 0.000 0.000 0.000 0.130 0 1 0 0 0 0
 29 120412.000 110405.000 0 0 0.000 0.000 0.000 0.141 0 1 0 0 0 0
 30 100581.000 77169.000 0 0 0.000 0.000 0.000 0.137 0 1 0 0 0 0
 31 78566.000 109525.000 0 0 0.000 0.000 0.000 0.130 0 1 0 0 0 0
 32 124582.000 104518.000 0 0 0.000 0.000 0.000 0.136 0 1 0 0 0 0
 33 97119.000 75362.000 0 0 0.000 0.000 0.000 0.140 0 1 0 0 0 0
 34 109613.000 123565.000 0 0 0.000 0.000 0.000 0.135 0 1 0 0 0 0
 35 101804.000 74303.000 0 0 0.000 0.000 0.000 0.142 0 1 0 0 0 0
 36 75387.000 108810.000 0 0 0.000 0.000 0.000 0.134 0 1 0 0 0 0
 37 74253.000 105863.000 0 0 0.000 0.000 0.000 0.133 0 1 0 0 0 0
 38 126311.000 102004.000 0 0 0.000 0.000 0.000 0.140 0 1 0 0 0 0
 39 74713.000 108656.000 0 0 0.000 0.000 0.000 0.152 0 1 0 0 0 0
 40 103389.000 126942.000 0 0 0.000 0.000 0.000 0.145 0 1 0 0 0 0
 41 77621.000 115573.000 0 0 0.000 0.000 0.000 0.140 0 1 0 0 0 0
 42 107772.000 126751.000 0 0 0.000 0.000 0.000 0.152 0 1 0 0 0 0
 43 94197.000 73008.000 0 0 0.000 0.000 0.000 0.130 0 1 0 0 0 0
 44 71905.000 100980.000 0 0 0.000 0.000 0.000 0.135 0 1 0 0 0 0
 45 88588.000 74743.000 0 0 0.000 0.000 0.000 0.132 0 1 0 0 0 0
 46 72296.000 105961.000 0 0 0.000 0.000 0.000 0.141 0 1 0 0 0 0
 47 122831.000 82376.000 0 0 0.000 0.000 0.000 0.130 0 1 0 0 0 0
 48 71465.000 93427.000 0 0 0.000 0.000 0.000 0.137 0 1 0 0 0 0
 49 69768.000 101136.000 0 0 0.000 0.000 0.000 0.160 0 1 0 0 0 0
 50 109150.000 129031.000 0 0 0.000 0.000 0.000 0.137 0 1 0 0 0 0
 51 69313.000 102216.000 0 0 0.000 0.000 0.000 0.148 0 1 0 0 0 0
 52 70154.000 92367.000 0 0 0.000 0.000 0.000 0.155 0 1 0 0 0 0
 53 124533.000 81458.000 0 0 0.000 0.000 0.000 0.139 0 1 0 0 0 0
 54 69020.000 102731.000 0 0 0.000 0.000 0.000 0.142 0 1 0 0 0 0
 55 130088.000 108773.000 0 0 0.000 0.000 0.000 0.142 0 1 0 0 0 0
 56 111264.000 129490.000 0 0 0.000 0.000 0.000 0.139 0 1 0 0 0 0
 57 82489.000 126784.000 0 0 0.000 0.000 0.000 0.136 0 1 0 0 0 0
 58 68101.000 103975.000 0 0 0.000 0.000 0.000 0.153 0 1 0 0 0 0
 59 106022.000 68649.000 0 0 0.000 0.000 0.000 0.131 0 1 0 0 0 0
 60 128942.000 114665.000 0 0 0.000 0.000 0.000 0.132 0 1 0 0 0 0
 61 78774.000 74115.000 0 0 0.000 0.000 0.000 0.132 0 1 0 0 0 0
 62 68353.000 87391.000 0 0 0.000 0.000 0.000 0.164 0 1 0 0 0 0
 63 89826.000 67689.000 0 0 0.000 0.000 0.000 0.132 0 1 0 0 0 0
 64 73079.000 121672.000 0 0 0.000 0.000 0.000 0.135 0 1 0 0 0 0
 65 65263.000 105605.000 0 0 0.000 0.000 0.000 0.134 0 1 0 0 0 0
 66 66535.000 112940.000 0 0 0.000 0.000 0.000 200000.000 0 1 0 200 0 0
 67 115177.000 67707.000 0 0 0.000 0.000 0.000 0.132 0 1 0 0 0 0
 68 135935.000 100474.000 0 0 0.000 0.000 0.000 0.136 0 1 0 0 0 0
 69 91467.000 64722.000 0 0 0.000 0.000 0.000 0.131 0 1 0 0 0 0
 70 72123.000 76043.000 0 0 0.000 0.000 0.000 0.142 0 1 0 0 0 0
 71 68406.000 80092.000 0 0 0.000 0.000 0.000 0.141 0 1 0 0 0 0
 72 111995.000 135962.000 0 0 0.000 0.000 0.000 0.136 0 1 0 0 0 0
 73 112307.000 136427.000 0 0 0.000 0.000 0.000 0.130 0 1 0 0 0 0
 74 74683.000 71191.000 0 0 0.000 0.000 0.000 0.140 0 1 0 0 0 0
 75 95445.000 138656.000 0 0 0.000 0.000 0.000 0.141 0 1 0 0 0 0
 76 131568.000 124060.000 0 0 0.000 0.000 0.000 0.130 0 1 0 0 0 0
 77 94011.000 139408.000 0 0 0.000 0.000 0.000 0.133 0 1 0 0 0 0
 78 81637.000 64583.000 0 0 0.000 0.000 0.000 0.150 0 1 0 0 0 0
 79 134517.000 79539.000 0 0 0.000 0.000 0.000 0.153 0 1 0 0 0 0
 80 70970.000 128952.000 0 0 0.000 0.000 0.000 0.135 0 1 0 0 0 0
 81 93349.000 140867.000 0 0 0.000 0.000 0.000 0.141 0 1 0 0 0 0
 82 58910.000 90273.000 0 0 0.000 0.000 0.000 0.134 0 1 0 0 0 0
 83 75655.000 64860.000 0 0 0.000 0.000 0.000 0.151 0 1 0 0 0 0
 84 140659.000 115409.000 0 0 0.000 0.000 0.000 0.154 0 1 0 0 0 0
 85 63128.000 76813.000 0 0 0.000 0.000 0.000 0.140 0 1 0 0 0 0
 86 139721.000 119175.000 0 0 0.000 0.000 0.000 0.131 0 1 0 0 0 0
 87 139728.000 80850.000 0 0 0.000 0.000 0.000 0.131 0 1 0 0 0 0
 88 78878.000 139343.000 0 0 0.000 0.000 0.000 0.142 0 1 0 0 0 0
 89 54850.000 97285.000 0 0 0.000 0.000 0.000 0.131 0 1 0 0 0 0
 90 125031.000 61741.000 0 0 0.000 0.000 0.000 0.133 0 1 0 0 0 0
 91 121669.000 140923.000 0 0 0.000 0.000 0.000 0.201 0 1 0 0 0 0
 92 54422.000 108610.000 0 0 0.000 0.000 0.000 0.145 0 1 0 0 0 0
 93 139657.000 74822.000 0 0 0.000 0.000 0.000 0.135 0 1 0 0 0 0
 94 133099.000 134591.000 0 0 0.000 0.000 0.000 0.133 0 1 0 0 0 0
 95 130893.000 136872.000 0 0 0.000 0.000 0.000 0.143 0 1 0 0 0 0
 96 57071.000 78579.000 0 0 0.000 0.000 0.000 0.149 0 1 0 0 0 0
 97 52005.000 96576.000 0 0 0.000 0.000 0.000 0.152 0 1 0 0 0 0
 98 148464.000 95234.000 0 0 0.000 0.000 0.000 0.137 0 1 0 0 0 0
 99 105297.000 149722.000 0 0 0.000 0.000 0.000 0.139 0 1 0 0 0 0
 100 65691.000 136517.000 0 0 0.000 0.000 0.000 0.130 0 1 0 0 0 0
 101 50183.000 104400.000 0 0 0.000 0.000 0.000 0.133 0 1 0 0 0 0
 102 81904.000 53155.000 0 0 0.000 0.000 0.000 0.171 0 1 0 0 0 0
 103 113461.000 149784.000 0 0 0.000 0.000 0.000 0.133 0 1 0 0 0 0
 104 125960.000 55754.000 0 0 0.000 0.000 0.000 0.131 0 1 0 0 0 0
 105 47762.000 103593.000 0 0 0.000 0.000 0.000 0.131 0 1 0 0 0 0
 106 70273.000 143873.000 0 0 0.000 0.000 0.000 0.131 0 1 0 0 0 0
 107 150753.000 85848.000 0 0 0.000 0.000 0.000 0.136 0 1 0 0 0 0
 108 46625.000 96680.000 0 0 0.000 0.000 0.000 0.133 0 1 0 0 0 0
 109 98596.000 46763.000 0 0 0.000 0.000 0.000 0.134 0 1 0 0 0 0
 110 46877.000 108732.000 0 0 0.000 0.000 0.000 0.135 0 1 0 0 0 0
 111 147830.000 74369.000 0 0 0.000 0.000 0.000 0.130 0 1 0 0 0 0
 112 137147.000 140275.000 0 0 0.000 0.000 0.000 0.130 0 1 0 0 0 0
 113 127461.000 52402.000 0 0 0.000 0.000 0.000 0.133 0 1 0 0 0 0
 114 136594.000 141538.000 0 0 0.000 0.000 0.000 0.140 0 1 0 0 0 0
 115 110795.000 45588.000 0 0 0.000 0.000 0.000 0.139 0 1 0 0 0 0
 116 99195.000 44397.000 0 0 0.000 0.000 0.000 0.142 0 1 0 0 0 0
 117 132245.000 146171.000 0 0 0.000 0.000 0.000 0.137 0 1 0 0 0 0
 118 64348.000 56210.000 0 0 0.000 0.000 0.000 0.135 0 1 0 0 0 0
 119 117224.000 154389.000 0 0 0.000 0.000 0.000 0.141 0 1 0 0 0 0
 120 153715.000 81316.000 0 0 0.000 0.000 0.000 0.138 0 1 0 0 0 0
 121 157229.000 104694.000 0 0 0.000 0.000 0.000 0.134 0 1 0 0 0 0
 122 155741.000 113445.000 0 0 0.000 0.000 0.000 0.130 0 1 0 0 0 0
 123 44102.000 116334.000 0 0 0.000 0.000 0.000 0.132 0 1 0 0 0 0
 124 118325.000 44998.000 0 0 0.000 0.000 0.000 0.130 0 1 0 0 0 0
 125 42018.000 81178.000 0 0 0.000 0.000 0.000 0.135 0 1 0 0 0 0
 126 150359.000 134425.000 0 0 0.000 0.000 0.000 0.170 0 1 0 0 0 0
 127 134432.000 151915.000 0 0 0.000 0.000 0.000 0.133 0 1 0 0 0 0
 128 120889.000 41744.000 0 0 0.000 0.000 0.000 0.130 0 1 0 0 0 0
 129 53340.000 141864.000 0 0 0.000 0.000 0.000 0.130 0 1 0 0 0 0
 130 91714.000 37987.000 0 0 0.000 0.000 0.000 0.133 0 1 0 0 0 0
 131 110984.000 162231.000 0 0 0.000 0.000 0.000 0.209 0 1 0 0 0 0
 132 98815.000 164325.000 0 0 0.000 0.000 0.000 0.154 0 1 0 0 0 0
 133 90313.000 164589.000 0 0 0.000 0.000 0.000 0.130 0 1 0 0 0 0
 134 45010.000 63817.000 0 0 0.000 0.000 0.000 0.135 0 1 0 0 0 0
 135 62355.000 154898.000 0 0 0.000 0.000 0.000 0.137 0 1 0 0 0 0
 136 51769.000 54598.000 0 0 0.000 0.000 0.000 0.134 0 1 0 0 0 0
 137 49276.000 55967.000 0 0 0.000 0.000 0.000 0.134 0 1 0 0 0 0
 138 118630.000 165129.000 0 0 0.000 0.000 0.000 0.130 0 1 0 0 0 0
 139 116058.000 166425.000 0 0 0.000 0.000 0.000 0.144 0 1 0 0 0 0
 140 159313.000 133986.000 0 0 0.000 0.000 0.000 0.148 0 1 0 0 0 0
 141 51607.000 152138.000 0 0 0.000 0.000 0.000 0.138 0 1 0 0 0 0
 142 106443.000 178911.000 0 0 0.000 0.000 0.000 0.134 0 1 0 0 0 0
 143 40331.000 45834.000 0 0 0.000 0.000 0.000 0.130 0 1 0 0 0 0
 144 146068.000 167418.000 0 0 0.000 0.000 0.000 0.132 0 1 0 0 0 0
 145 143031.000 171655.000 0 0 0.000 0.000 0.000 0.130 0 1 0 0 0 0
 146 42850.000 166482.000 0 0 0.000 0.000 0.000 0.168 0 1 0 0 0 0;
ProcessEquipmentIDList 1
  "6632" ;
SummarySpec 5
  TESTNO    NDEFECT    DEFDENSITY    NDIE    NDEFDIE  ;
SummaryList 
  1    146    0.5338    1    1  ;
EndOfFile;
