FileVersion 1 2;
FileTimestamp 01-11-26 18:07:37;
InspectionStationID "KLA-Tencor" "SFSSP1" "0901-0728-TBI";
SampleType WAFER;
ResultTimestamp 01-11-26 18:01:31;
LotID "2580";
SampleSize 1 200;
DeviceID "None";
SetupID "T2-2580NR" 01-11-26 18:01:31;
StepID "6492";
SampleOrientationMarkType NOTCH;
OrientationMarkLocation DOWN;
DiePitch 200000 200000;
DieOrigin 0 0;
WaferID "10";
Slot 10;
SampleCenterLocation 100000 100000;
ClassLookup 1
  0 "0"  ;
OrientationInstructions "Front";
CoordinatesMirrored No;
InspectionTest 1;
SampleTestPlan 1
  0 0 ;
AreaPerTest 2.73524e+010;
DefectRecordSpec 15 DEFECTID XREL YREL XINDEX YINDEX XSIZE YSIZE DEFECTAREA DSIZE CLASSNUMBER TEST CLUSTERNUMBER ROUGHBINNUMBER FINEBINNUMBER REVIEWSAMPLE ;
DefectList
 1 99449.000 96577.000 0 0 0.000 0.000 0.000 0.135 0 1 0 0 0 0
 2 104207.000 106282.000 0 0 0.000 0.000 0.000 0.131 0 1 0 0 0 0
 3 106796.000 105070.000 0 0 0.000 0.000 0.000 0.135 0 1 0 0 0 0
 4 91050.000 99394.000 0 0 0.000 0.000 0.000 0.136 0 1 0 0 0 0
 5 96584.000 91229.000 0 0 0.000 0.000 0.000 0.130 0 1 0 0 0 0
 6 108529.000 105323.000 0 0 0.000 0.000 0.000 0.130 0 1 0 0 0 0
 7 103438.000 109925.000 0 0 0.000 0.000 0.000 0.135 0 1 0 0 0 0
 8 111600.000 101471.000 0 0 0.000 0.000 0.000 0.137 0 1 0 0 0 0
 9 92005.000 109451.000 0 0 0.000 0.000 0.000 0.143 0 1 0 0 0 0
 10 111859.000 104417.000 0 0 0.000 0.000 0.000 0.130 0 1 0 0 0 0
 11 94204.000 111398.000 0 0 0.000 0.000 0.000 0.142 0 1 0 0 0 0
 12 97005.000 112673.000 0 0 0.000 0.000 0.000 0.158 0 1 0 0 0 0
 13 101546.000 87378.000 0 0 0.000 0.000 0.000 0.133 0 1 0 0 0 0
 14 112341.000 104461.000 0 0 0.000 0.000 0.000 200000.000 0 1 0 200 0 0
 15 112310.000 105543.000 0 0 0.000 0.000 0.000 0.143 0 1 0 0 0 0
 16 100182.000 113983.000 0 0 0.000 0.000 0.000 0.153 0 1 0 0 0 0
 17 113851.000 100266.000 0 0 0.000 0.000 0.000 0.134 0 1 0 0 0 0
 18 110849.000 108865.000 0 0 0.000 0.000 0.000 0.133 0 1 0 0 0 0
 19 88709.000 91186.000 0 0 0.000 0.000 0.000 0.145 0 1 0 0 0 0
 20 96987.000 115114.000 0 0 0.000 0.000 0.000 0.147 0 1 0 0 0 0
 21 112977.000 108379.000 0 0 0.000 0.000 0.000 0.141 0 1 0 0 0 0
 22 112736.000 90970.000 0 0 0.000 0.000 0.000 0.160 0 1 0 0 0 0
 23 106973.000 85338.000 0 0 0.000 0.000 0.000 0.150 0 1 0 0 0 0
 24 116252.000 96829.000 0 0 0.000 0.000 0.000 0.133 0 1 0 0 0 0
 25 86894.000 111525.000 0 0 0.000 0.000 0.000 0.144 0 1 0 0 0 0
 26 92177.000 84416.000 0 0 0.000 0.000 0.000 0.138 0 1 0 0 0 0
 27 96548.000 118039.000 0 0 0.000 0.000 0.000 0.138 0 1 0 0 0 0
 28 103267.000 82296.000 0 0 0.000 0.000 0.000 0.135 0 1 0 0 0 0
 29 118053.000 104397.000 0 0 0.000 0.000 0.000 0.135 0 1 0 0 0 0
 30 84993.000 111226.000 0 0 0.000 0.000 0.000 0.148 0 1 0 0 0 0
 31 116447.000 89756.000 0 0 0.000 0.000 0.000 0.133 0 1 0 0 0 0
 32 111354.000 116382.000 0 0 0.000 0.000 0.000 0.153 0 1 0 0 0 0
 33 86499.000 114777.000 0 0 0.000 0.000 0.000 0.136 0 1 0 0 0 0
 34 112406.000 115844.000 0 0 0.000 0.000 0.000 0.141 0 1 0 0 0 0
 35 94610.000 119832.000 0 0 0.000 0.000 0.000 0.164 0 1 0 0 0 0
 36 86937.000 116568.000 0 0 0.000 0.000 0.000 0.138 0 1 0 0 0 0
 37 83532.000 113412.000 0 0 0.000 0.000 0.000 0.133 0 1 0 0 0 0
 38 78464.000 106950.000 0 0 0.000 0.000 0.000 0.133 0 1 0 0 0 0
 39 118189.000 113879.000 0 0 0.000 0.000 0.000 0.139 0 1 0 0 0 0
 40 117896.000 85931.000 0 0 0.000 0.000 0.000 0.147 0 1 0 0 0 0
 41 122828.000 104321.000 0 0 0.000 0.000 0.000 0.132 0 1 0 0 0 0
 42 111653.000 78851.000 0 0 0.000 0.000 0.000 0.135 0 1 0 0 0 0
 43 119070.000 115560.000 0 0 0.000 0.000 0.000 0.133 0 1 0 0 0 0
 44 80737.000 116335.000 0 0 0.000 0.000 0.000 0.138 0 1 0 0 0 0
 45 99412.000 75125.000 0 0 0.000 0.000 0.000 0.130 0 1 0 0 0 0
 46 123532.000 91866.000 0 0 0.000 0.000 0.000 0.159 0 1 0 0 0 0
 47 77226.000 111247.000 0 0 0.000 0.000 0.000 0.130 0 1 0 0 0 0
 48 118439.000 83041.000 0 0 0.000 0.000 0.000 0.138 0 1 0 0 0 0
 49 78386.000 113552.000 0 0 0.000 0.000 0.000 0.141 0 1 0 0 0 0
 50 114968.000 79448.000 0 0 0.000 0.000 0.000 0.139 0 1 0 0 0 0
 51 82567.000 119204.000 0 0 0.000 0.000 0.000 0.135 0 1 0 0 0 0
 52 102652.000 126126.000 0 0 0.000 0.000 0.000 0.147 0 1 0 0 0 0
 53 107792.000 75342.000 0 0 0.000 0.000 0.000 0.139 0 1 0 0 0 0
 54 75943.000 89357.000 0 0 0.000 0.000 0.000 0.141 0 1 0 0 0 0
 55 92892.000 74598.000 0 0 0.000 0.000 0.000 0.133 0 1 0 0 0 0
 56 121599.000 83654.000 0 0 0.000 0.000 0.000 0.160 0 1 0 0 0 0
 57 101347.000 128670.000 0 0 0.000 0.000 0.000 0.142 0 1 0 0 0 0
 58 74896.000 113896.000 0 0 0.000 0.000 0.000 0.139 0 1 0 0 0 0
 59 77909.000 118716.000 0 0 0.000 0.000 0.000 0.134 0 1 0 0 0 0
 60 110104.000 73350.000 0 0 0.000 0.000 0.000 0.130 0 1 0 0 0 0
 61 115726.000 75639.000 0 0 0.000 0.000 0.000 0.135 0 1 0 0 0 0
 62 75048.000 116644.000 0 0 0.000 0.000 0.000 0.145 0 1 0 0 0 0
 63 77784.000 79824.000 0 0 0.000 0.000 0.000 0.141 0 1 0 0 0 0
 64 124820.000 119052.000 0 0 0.000 0.000 0.000 0.133 0 1 0 0 0 0
 65 68820.000 90565.000 0 0 0.000 0.000 0.000 0.146 0 1 0 0 0 0
 66 84331.000 129333.000 0 0 0.000 0.000 0.000 0.134 0 1 0 0 0 0
 67 74637.000 78928.000 0 0 0.000 0.000 0.000 0.147 0 1 0 0 0 0
 68 124822.000 122268.000 0 0 0.000 0.000 0.000 0.137 0 1 0 0 0 0
 69 97063.000 67074.000 0 0 0.000 0.000 0.000 0.149 0 1 0 0 0 0
 70 133054.000 104906.000 0 0 0.000 0.000 0.000 0.134 0 1 0 0 0 0
 71 133389.000 105299.000 0 0 0.000 0.000 0.000 0.132 0 1 0 0 0 0
 72 67272.000 109883.000 0 0 0.000 0.000 0.000 0.131 0 1 0 0 0 0
 73 133266.000 107649.000 0 0 0.000 0.000 0.000 0.133 0 1 0 0 0 0
 74 132136.000 111475.000 0 0 0.000 0.000 0.000 0.144 0 1 0 0 0 0
 75 134191.000 96135.000 0 0 0.000 0.000 0.000 0.131 0 1 0 0 0 0
 76 116928.000 132075.000 0 0 0.000 0.000 0.000 0.133 0 1 0 0 0 0
 77 65932.000 112559.000 0 0 0.000 0.000 0.000 0.137 0 1 0 0 0 0
 78 64810.000 91686.000 0 0 0.000 0.000 0.000 0.138 0 1 0 0 0 0
 79 72563.000 124882.000 0 0 0.000 0.000 0.000 0.132 0 1 0 0 0 0
 80 77338.000 71243.000 0 0 0.000 0.000 0.000 0.135 0 1 0 0 0 0
 81 96969.000 137211.000 0 0 0.000 0.000 0.000 0.151 0 1 0 0 0 0
 82 113256.000 134982.000 0 0 0.000 0.000 0.000 0.152 0 1 0 0 0 0
 83 120456.000 68704.000 0 0 0.000 0.000 0.000 0.134 0 1 0 0 0 0
 84 136354.000 110749.000 0 0 0.000 0.000 0.000 0.135 0 1 0 0 0 0
 85 72801.000 73610.000 0 0 0.000 0.000 0.000 0.132 0 1 0 0 0 0
 86 138464.000 96872.000 0 0 0.000 0.000 0.000 0.135 0 1 0 0 0 0
 87 66844.000 120153.000 0 0 0.000 0.000 0.000 0.145 0 1 0 0 0 0
 88 93467.000 61972.000 0 0 0.000 0.000 0.000 0.148 0 1 0 0 0 0
 89 135270.000 118206.000 0 0 0.000 0.000 0.000 0.141 0 1 0 0 0 0
 90 74819.000 130856.000 0 0 0.000 0.000 0.000 0.153 0 1 0 0 0 0
 91 72599.000 70492.000 0 0 0.000 0.000 0.000 0.147 0 1 0 0 0 0
 92 102985.000 59247.000 0 0 0.000 0.000 0.000 0.159 0 1 0 0 0 0
 93 126939.000 131197.000 0 0 0.000 0.000 0.000 0.133 0 1 0 0 0 0
 94 65859.000 124028.000 0 0 0.000 0.000 0.000 0.137 0 1 0 0 0 0
 95 138973.000 84089.000 0 0 0.000 0.000 0.000 0.132 0 1 0 0 0 0
 96 141857.000 92816.000 0 0 0.000 0.000 0.000 0.136 0 1 0 0 0 0
 97 74883.000 65843.000 0 0 0.000 0.000 0.000 0.156 0 1 0 0 0 0
 98 140128.000 85338.000 0 0 0.000 0.000 0.000 0.144 0 1 0 0 0 0
 99 140295.000 85957.000 0 0 0.000 0.000 0.000 0.151 0 1 0 0 0 0
 100 141923.000 91759.000 0 0 0.000 0.000 0.000 0.239 0 1 0 0 0 0
 101 62801.000 78845.000 0 0 0.000 0.000 0.000 0.134 0 1 0 0 0 0
 102 142974.000 103680.000 0 0 0.000 0.000 0.000 0.150 0 1 0 0 0 0
 103 113585.000 141446.000 0 0 0.000 0.000 0.000 0.138 0 1 0 0 0 0
 104 93416.000 143162.000 0 0 0.000 0.000 0.000 0.132 0 1 0 0 0 0
 105 100723.000 143810.000 0 0 0.000 0.000 0.000 0.130 0 1 0 0 0 0
 106 143592.000 103779.000 0 0 0.000 0.000 0.000 0.138 0 1 0 0 0 0
 107 114020.000 141639.000 0 0 0.000 0.000 0.000 0.143 0 1 0 0 0 0
 108 80115.000 59975.000 0 0 0.000 0.000 0.000 0.142 0 1 0 0 0 0
 109 90109.000 56183.000 0 0 0.000 0.000 0.000 0.136 0 1 0 0 0 0
 110 120519.000 140640.000 0 0 0.000 0.000 0.000 0.135 0 1 0 0 0 0
 111 114646.000 57381.000 0 0 0.000 0.000 0.000 0.133 0 1 0 0 0 0
 112 98433.000 54399.000 0 0 0.000 0.000 0.000 0.132 0 1 0 0 0 0
 113 98828.000 54355.000 0 0 0.000 0.000 0.000 0.131 0 1 0 0 0 0
 114 112334.000 55896.000 0 0 0.000 0.000 0.000 0.135 0 1 0 0 0 0
 115 99652.000 53521.000 0 0 0.000 0.000 0.000 0.158 0 1 0 0 0 0
 116 146725.000 101141.000 0 0 0.000 0.000 0.000 0.133 0 1 0 0 0 0
 117 91329.000 54052.000 0 0 0.000 0.000 0.000 0.131 0 1 0 0 0 0
 118 135699.000 69362.000 0 0 0.000 0.000 0.000 0.152 0 1 0 0 0 0
 119 104420.000 147290.000 0 0 0.000 0.000 0.000 0.148 0 1 0 0 0 0
 120 88827.000 54020.000 0 0 0.000 0.000 0.000 0.134 0 1 0 0 0 0
 121 145829.000 87637.000 0 0 0.000 0.000 0.000 0.131 0 1 0 0 0 0
 122 140037.000 72703.000 0 0 0.000 0.000 0.000 0.154 0 1 0 0 0 0
 123 77443.000 57010.000 0 0 0.000 0.000 0.000 0.136 0 1 0 0 0 0
 124 100697.000 50981.000 0 0 0.000 0.000 0.000 0.139 0 1 0 0 0 0
 125 133421.000 64112.000 0 0 0.000 0.000 0.000 0.147 0 1 0 0 0 0
 126 56723.000 76473.000 0 0 0.000 0.000 0.000 0.144 0 1 0 0 0 0
 127 145892.000 119455.000 0 0 0.000 0.000 0.000 0.134 0 1 0 0 0 0
 128 70671.000 141223.000 0 0 0.000 0.000 0.000 0.136 0 1 0 0 0 0
 129 95025.000 49665.000 0 0 0.000 0.000 0.000 0.134 0 1 0 0 0 0
 130 62012.000 134429.000 0 0 0.000 0.000 0.000 0.132 0 1 0 0 0 0
 131 58630.000 69861.000 0 0 0.000 0.000 0.000 0.142 0 1 0 0 0 0
 132 49180.000 108393.000 0 0 0.000 0.000 0.000 0.147 0 1 0 0 0 0
 133 80648.000 52299.000 0 0 0.000 0.000 0.000 0.146 0 1 0 0 0 0
 134 151384.000 103834.000 0 0 0.000 0.000 0.000 0.162 0 1 0 0 0 0
 135 149424.000 116570.000 0 0 0.000 0.000 0.000 0.135 0 1 0 0 0 0
 136 49181.000 112113.000 0 0 0.000 0.000 0.000 0.137 0 1 0 0 0 0
 137 102813.000 48235.000 0 0 0.000 0.000 0.000 0.137 0 1 0 0 0 0
 138 148689.000 120388.000 0 0 0.000 0.000 0.000 0.134 0 1 0 0 0 0
 139 60443.000 65244.000 0 0 0.000 0.000 0.000 0.134 0 1 0 0 0 0
 140 125335.000 53162.000 0 0 0.000 0.000 0.000 0.133 0 1 0 0 0 0
 141 138018.000 62321.000 0 0 0.000 0.000 0.000 0.141 0 1 0 0 0 0
 142 83821.000 48890.000 0 0 0.000 0.000 0.000 0.168 0 1 0 0 0 0
 143 58614.000 136236.000 0 0 0.000 0.000 0.000 0.149 0 1 0 0 0 0
 144 66626.000 143983.000 0 0 0.000 0.000 0.000 0.135 0 1 0 0 0 0
 145 44462.000 100326.000 0 0 0.000 0.000 0.000 0.138 0 1 0 0 0 0
 146 45006.000 109217.000 0 0 0.000 0.000 0.000 0.136 0 1 0 0 0 0
 147 135867.000 55787.000 0 0 0.000 0.000 0.000 0.142 0 1 0 0 0 0
 148 98683.000 157965.000 0 0 0.000 0.000 0.000 0.143 0 1 0 0 0 0
 149 152027.000 74487.000 0 0 0.000 0.000 0.000 0.153 0 1 0 0 0 0
 150 68533.000 149398.000 0 0 0.000 0.000 0.000 0.152 0 1 0 0 0 0
 151 72561.000 152276.000 0 0 0.000 0.000 0.000 0.141 0 1 0 0 0 0
 152 85719.000 157632.000 0 0 0.000 0.000 0.000 0.136 0 1 0 0 0 0
 153 135296.000 148897.000 0 0 0.000 0.000 0.000 0.131 0 1 0 0 0 0
 154 155612.000 123641.000 0 0 0.000 0.000 0.000 0.142 0 1 0 0 0 0
 155 49289.000 65702.000 0 0 0.000 0.000 0.000 0.130 0 1 0 0 0 0
 156 63721.000 50081.000 0 0 0.000 0.000 0.000 0.152 0 1 0 0 0 0
 157 47333.000 136375.000 0 0 0.000 0.000 0.000 0.136 0 1 0 0 0 0
 158 154761.000 133196.000 0 0 0.000 0.000 0.000 0.167 0 1 0 0 0 0
 159 107344.000 35750.000 0 0 0.000 0.000 0.000 0.130 0 1 0 0 0 0
 160 116073.000 37428.000 0 0 0.000 0.000 0.000 0.132 0 1 0 0 0 0
 161 66525.000 44393.000 0 0 0.000 0.000 0.000 0.151 0 1 0 0 0 0
 162 40901.000 72443.000 0 0 0.000 0.000 0.000 0.144 0 1 0 0 0 0
 163 57214.000 49794.000 0 0 0.000 0.000 0.000 0.133 0 1 0 0 0 0
 164 120033.000 36708.000 0 0 0.000 0.000 0.000 0.143 0 1 0 0 0 0
 165 150034.000 56110.000 0 0 0.000 0.000 0.000 0.130 0 1 0 0 0 0
 166 54138.000 50146.000 0 0 0.000 0.000 0.000 0.132 0 1 0 0 0 0
 167 57561.000 45907.000 0 0 0.000 0.000 0.000 0.132 0 1 0 0 0 0
 168 163135.000 72408.000 0 0 0.000 0.000 0.000 0.130 0 1 0 0 0 0
 169 89627.000 31310.000 0 0 0.000 0.000 0.000 0.130 0 1 0 0 0 0
 170 156966.000 142665.000 0 0 0.000 0.000 0.000 0.135 0 1 0 0 0 0
 171 43698.000 144180.000 0 0 0.000 0.000 0.000 0.139 0 1 0 0 0 0
 172 45700.000 53625.000 0 0 0.000 0.000 0.000 0.151 0 1 0 0 0 0
 173 29169.000 86269.000 0 0 0.000 0.000 0.000 0.144 0 1 0 0 0 0
 174 158310.000 56258.000 0 0 0.000 0.000 0.000 0.132 0 1 0 0 0 0
 175 116934.000 172580.000 0 0 0.000 0.000 0.000 0.134 0 1 0 0 0 0
 176 80514.000 24182.000 0 0 0.000 0.000 0.000 0.132 0 1 0 0 0 0
 177 19578.000 89973.000 0 0 0.000 0.000 0.000 0.138 0 1 0 0 0 0
 178 183815.000 110255.000 0 0 0.000 0.000 0.000 0.132 0 1 0 0 0 0
 179 8600.000 88298.000 0 0 0.000 0.000 0.000 0.141 0 1 0 0 0 0;
ProcessEquipmentIDList 1
  "6632" ;
SummarySpec 5
  TESTNO    NDEFECT    DEFDENSITY    NDIE    NDEFDIE  ;
SummaryList 
  1    179    0.6544    1    1  ;
EndOfFile;
