FileVersion 1 2;
FileTimestamp 01-11-26 19:41:38;
InspectionStationID "KLA-Tencor" "SFSSP1" "0901-0728-TBI";
SampleType WAFER;
ResultTimestamp 01-11-26 19:16:53;
LotID "2580";
SampleSize 1 200;
DeviceID "None";
SetupID "T2-2580NR" 01-11-26 19:16:53;
StepID "6492";
SampleOrientationMarkType NOTCH;
OrientationMarkLocation DOWN;
DiePitch 200000 200000;
DieOrigin 0 0;
WaferID "23";
Slot 23;
SampleCenterLocation 100000 100000;
ClassLookup 1
  0 "0"  ;
OrientationInstructions "Front";
CoordinatesMirrored No;
InspectionTest 1;
SampleTestPlan 1
  0 0 ;
AreaPerTest 2.73515e+010;
DefectRecordSpec 15 DEFECTID XREL YREL XINDEX YINDEX XSIZE YSIZE DEFECTAREA DSIZE CLASSNUMBER TEST CLUSTERNUMBER ROUGHBINNUMBER FINEBINNUMBER REVIEWSAMPLE ;
DefectList
 1 97517.000 101613.000 0 0 0.000 0.000 0.000 0.142 0 1 0 0 0 0
 2 95196.000 97942.000 0 0 0.000 0.000 0.000 0.135 0 1 0 0 0 0
 3 97420.000 94090.000 0 0 0.000 0.000 0.000 0.141 0 1 0 0 0 0
 4 100206.000 91908.000 0 0 0.000 0.000 0.000 0.132 0 1 0 0 0 0
 5 108730.000 96586.000 0 0 0.000 0.000 0.000 0.146 0 1 0 0 0 0
 6 101460.000 90628.000 0 0 0.000 0.000 0.000 0.139 0 1 0 0 0 0
 7 104845.000 108659.000 0 0 0.000 0.000 0.000 0.131 0 1 0 0 0 0
 8 92122.000 93865.000 0 0 0.000 0.000 0.000 0.149 0 1 0 0 0 0
 9 90371.000 104097.000 0 0 0.000 0.000 0.000 0.136 0 1 0 0 0 0
 10 108656.000 92311.000 0 0 0.000 0.000 0.000 0.130 0 1 0 0 0 0
 11 102242.000 88130.000 0 0 0.000 0.000 0.000 0.142 0 1 0 0 0 0
 12 112105.000 96827.000 0 0 0.000 0.000 0.000 0.136 0 1 0 0 0 0
 13 87243.000 100875.000 0 0 0.000 0.000 0.000 0.383 0 1 0 0 0 0
 14 90486.000 108960.000 0 0 0.000 0.000 0.000 0.154 0 1 0 0 0 0
 15 111315.000 107931.000 0 0 0.000 0.000 0.000 0.155 0 1 0 0 0 0
 16 113019.000 108355.000 0 0 0.000 0.000 0.000 0.139 0 1 0 0 0 0
 17 91396.000 86982.000 0 0 0.000 0.000 0.000 0.143 0 1 0 0 0 0
 18 106961.000 115281.000 0 0 0.000 0.000 0.000 0.137 0 1 0 0 0 0
 19 106846.000 115350.000 0 0 0.000 0.000 0.000 0.166 0 1 0 0 0 0
 20 83278.000 101901.000 0 0 0.000 0.000 0.000 0.195 0 1 0 0 0 0
 21 101610.000 117185.000 0 0 0.000 0.000 0.000 0.131 0 1 0 0 0 0
 22 91759.000 85147.000 0 0 0.000 0.000 0.000 0.140 0 1 0 0 0 0
 23 97754.000 117276.000 0 0 0.000 0.000 0.000 0.135 0 1 0 0 0 0
 24 94369.000 83798.000 0 0 0.000 0.000 0.000 0.135 0 1 0 0 0 0
 25 108744.000 85258.000 0 0 0.000 0.000 0.000 0.148 0 1 0 0 0 0
 26 112059.000 87610.000 0 0 0.000 0.000 0.000 0.158 0 1 0 0 0 0
 27 117088.000 96622.000 0 0 0.000 0.000 0.000 0.208 0 1 0 0 0 0
 28 90785.000 84690.000 0 0 0.000 0.000 0.000 0.133 0 1 0 0 0 0
 29 118286.000 97383.000 0 0 0.000 0.000 0.000 0.138 0 1 0 0 0 0
 30 106496.000 81758.000 0 0 0.000 0.000 0.000 0.132 0 1 0 0 0 0
 31 87229.000 84892.000 0 0 0.000 0.000 0.000 0.133 0 1 0 0 0 0
 32 100512.000 79294.000 0 0 0.000 0.000 0.000 0.133 0 1 0 0 0 0
 33 101975.000 121286.000 0 0 0.000 0.000 0.000 0.143 0 1 0 0 0 0
 34 115738.000 115259.000 0 0 0.000 0.000 0.000 0.141 0 1 0 0 0 0
 35 113579.000 117328.000 0 0 0.000 0.000 0.000 0.132 0 1 0 0 0 0
 36 122226.000 99843.000 0 0 0.000 0.000 0.000 0.130 0 1 0 0 0 0
 37 79269.000 91893.000 0 0 0.000 0.000 0.000 0.143 0 1 0 0 0 0
 38 110678.000 120181.000 0 0 0.000 0.000 0.000 0.131 0 1 0 0 0 0
 39 86788.000 80839.000 0 0 0.000 0.000 0.000 0.142 0 1 0 0 0 0
 40 87981.000 80147.000 0 0 0.000 0.000 0.000 0.135 0 1 0 0 0 0
 41 77687.000 107627.000 0 0 0.000 0.000 0.000 0.130 0 1 0 0 0 0
 42 85192.000 81905.000 0 0 0.000 0.000 0.000 0.146 0 1 0 0 0 0
 43 116412.000 117068.000 0 0 0.000 0.000 0.000 0.130 0 1 0 0 0 0
 44 116401.000 83264.000 0 0 0.000 0.000 0.000 0.156 0 1 0 0 0 0
 45 97037.000 123841.000 0 0 0.000 0.000 0.000 0.131 0 1 0 0 0 0
 46 78092.000 113324.000 0 0 0.000 0.000 0.000 0.136 0 1 0 0 0 0
 47 109306.000 75791.000 0 0 0.000 0.000 0.000 0.137 0 1 0 0 0 0
 48 99921.000 73782.000 0 0 0.000 0.000 0.000 0.132 0 1 0 0 0 0
 49 74106.000 106544.000 0 0 0.000 0.000 0.000 0.133 0 1 0 0 0 0
 50 113404.000 77332.000 0 0 0.000 0.000 0.000 0.131 0 1 0 0 0 0
 51 119219.000 118789.000 0 0 0.000 0.000 0.000 0.137 0 1 0 0 0 0
 52 73096.000 95624.000 0 0 0.000 0.000 0.000 0.141 0 1 0 0 0 0
 53 89358.000 75116.000 0 0 0.000 0.000 0.000 0.132 0 1 0 0 0 0
 54 125142.000 89751.000 0 0 0.000 0.000 0.000 0.158 0 1 0 0 0 0
 55 96926.000 127872.000 0 0 0.000 0.000 0.000 0.130 0 1 0 0 0 0
 56 78528.000 118206.000 0 0 0.000 0.000 0.000 0.138 0 1 0 0 0 0
 57 111258.000 74141.000 0 0 0.000 0.000 0.000 0.143 0 1 0 0 0 0
 58 118488.000 78277.000 0 0 0.000 0.000 0.000 0.141 0 1 0 0 0 0
 59 113925.000 125881.000 0 0 0.000 0.000 0.000 0.130 0 1 0 0 0 0
 60 74585.000 85476.000 0 0 0.000 0.000 0.000 0.130 0 1 0 0 0 0
 61 94469.000 71052.000 0 0 0.000 0.000 0.000 0.136 0 1 0 0 0 0
 62 97102.000 130038.000 0 0 0.000 0.000 0.000 0.136 0 1 0 0 0 0
 63 85989.000 73312.000 0 0 0.000 0.000 0.000 0.131 0 1 0 0 0 0
 64 130396.000 97173.000 0 0 0.000 0.000 0.000 0.167 0 1 0 0 0 0
 65 70649.000 109455.000 0 0 0.000 0.000 0.000 0.150 0 1 0 0 0 0
 66 118619.000 75812.000 0 0 0.000 0.000 0.000 0.148 0 1 0 0 0 0
 67 125838.000 83722.000 0 0 0.000 0.000 0.000 0.134 0 1 0 0 0 0
 68 123241.000 120374.000 0 0 0.000 0.000 0.000 0.132 0 1 0 0 0 0
 69 114416.000 73024.000 0 0 0.000 0.000 0.000 0.144 0 1 0 0 0 0
 70 71615.000 87781.000 0 0 0.000 0.000 0.000 0.145 0 1 0 0 0 0
 71 115035.000 73018.000 0 0 0.000 0.000 0.000 0.153 0 1 0 0 0 0
 72 127840.000 114583.000 0 0 0.000 0.000 0.000 0.147 0 1 0 0 0 0
 73 130923.000 107733.000 0 0 0.000 0.000 0.000 0.136 0 1 0 0 0 0
 74 107781.000 69210.000 0 0 0.000 0.000 0.000 0.130 0 1 0 0 0 0
 75 127330.000 117113.000 0 0 0.000 0.000 0.000 0.141 0 1 0 0 0 0
 76 70197.000 87547.000 0 0 0.000 0.000 0.000 0.140 0 1 0 0 0 0
 77 108358.000 131580.000 0 0 0.000 0.000 0.000 0.132 0 1 0 0 0 0
 78 89546.000 69450.000 0 0 0.000 0.000 0.000 0.152 0 1 0 0 0 0
 79 131966.000 106638.000 0 0 0.000 0.000 0.000 0.134 0 1 0 0 0 0
 80 76132.000 123813.000 0 0 0.000 0.000 0.000 0.137 0 1 0 0 0 0
 81 68158.000 111127.000 0 0 0.000 0.000 0.000 0.142 0 1 0 0 0 0
 82 97281.000 133761.000 0 0 0.000 0.000 0.000 0.141 0 1 0 0 0 0
 83 94795.000 66836.000 0 0 0.000 0.000 0.000 0.140 0 1 0 0 0 0
 84 67958.000 112122.000 0 0 0.000 0.000 0.000 0.146 0 1 0 0 0 0
 85 84299.000 69428.000 0 0 0.000 0.000 0.000 0.141 0 1 0 0 0 0
 86 116275.000 69404.000 0 0 0.000 0.000 0.000 0.134 0 1 0 0 0 0
 87 101805.000 135882.000 0 0 0.000 0.000 0.000 0.137 0 1 0 0 0 0
 88 72562.000 123436.000 0 0 0.000 0.000 0.000 0.136 0 1 0 0 0 0
 89 74729.000 126582.000 0 0 0.000 0.000 0.000 0.132 0 1 0 0 0 0
 90 63883.000 94753.000 0 0 0.000 0.000 0.000 0.134 0 1 0 0 0 0
 91 133841.000 86530.000 0 0 0.000 0.000 0.000 0.144 0 1 0 0 0 0
 92 67779.000 82549.000 0 0 0.000 0.000 0.000 0.130 0 1 0 0 0 0
 93 116603.000 133244.000 0 0 0.000 0.000 0.000 0.132 0 1 0 0 0 0
 94 62650.000 101620.000 0 0 0.000 0.000 0.000 0.155 0 1 0 0 0 0
 95 76498.000 129631.000 0 0 0.000 0.000 0.000 0.132 0 1 0 0 0 0
 96 64637.000 87229.000 0 0 0.000 0.000 0.000 0.134 0 1 0 0 0 0
 97 77163.000 70239.000 0 0 0.000 0.000 0.000 0.140 0 1 0 0 0 0
 98 67740.000 120407.000 0 0 0.000 0.000 0.000 0.142 0 1 0 0 0 0
 99 65409.000 84464.000 0 0 0.000 0.000 0.000 0.141 0 1 0 0 0 0
 100 87243.000 136623.000 0 0 0.000 0.000 0.000 0.138 0 1 0 0 0 0
 101 84950.000 136026.000 0 0 0.000 0.000 0.000 0.162 0 1 0 0 0 0
 102 61596.000 93971.000 0 0 0.000 0.000 0.000 0.132 0 1 0 0 0 0
 103 82609.000 65437.000 0 0 0.000 0.000 0.000 0.130 0 1 0 0 0 0
 104 97091.000 61493.000 0 0 0.000 0.000 0.000 0.133 0 1 0 0 0 0
 105 90124.000 62527.000 0 0 0.000 0.000 0.000 0.138 0 1 0 0 0 0
 106 125098.000 130662.000 0 0 0.000 0.000 0.000 0.150 0 1 0 0 0 0
 107 67815.000 76071.000 0 0 0.000 0.000 0.000 0.131 0 1 0 0 0 0
 108 60060.000 92111.000 0 0 0.000 0.000 0.000 0.135 0 1 0 0 0 0
 109 74086.000 68868.000 0 0 0.000 0.000 0.000 0.136 0 1 0 0 0 0
 110 94376.000 59960.000 0 0 0.000 0.000 0.000 0.130 0 1 0 0 0 0
 111 89023.000 139614.000 0 0 0.000 0.000 0.000 0.147 0 1 0 0 0 0
 112 135769.000 80373.000 0 0 0.000 0.000 0.000 0.134 0 1 0 0 0 0
 113 135375.000 120831.000 0 0 0.000 0.000 0.000 0.139 0 1 0 0 0 0
 114 128053.000 70101.000 0 0 0.000 0.000 0.000 0.132 0 1 0 0 0 0
 115 61410.000 116444.000 0 0 0.000 0.000 0.000 0.137 0 1 0 0 0 0
 116 59228.000 113151.000 0 0 0.000 0.000 0.000 0.143 0 1 0 0 0 0
 117 89455.000 141895.000 0 0 0.000 0.000 0.000 0.137 0 1 0 0 0 0
 118 139506.000 83468.000 0 0 0.000 0.000 0.000 0.136 0 1 0 0 0 0
 119 106060.000 57599.000 0 0 0.000 0.000 0.000 0.149 0 1 0 0 0 0
 120 128048.000 133271.000 0 0 0.000 0.000 0.000 0.132 0 1 0 0 0 0
 121 57497.000 91202.000 0 0 0.000 0.000 0.000 0.132 0 1 0 0 0 0
 122 62780.000 77722.000 0 0 0.000 0.000 0.000 0.130 0 1 0 0 0 0
 123 127157.000 134126.000 0 0 0.000 0.000 0.000 0.136 0 1 0 0 0 0
 124 68777.000 131010.000 0 0 0.000 0.000 0.000 0.142 0 1 0 0 0 0
 125 127953.000 66647.000 0 0 0.000 0.000 0.000 0.131 0 1 0 0 0 0
 126 141437.000 114393.000 0 0 0.000 0.000 0.000 0.132 0 1 0 0 0 0
 127 71461.000 133640.000 0 0 0.000 0.000 0.000 0.130 0 1 0 0 0 0
 128 102090.000 56301.000 0 0 0.000 0.000 0.000 0.162 0 1 0 0 0 0
 129 56844.000 109652.000 0 0 0.000 0.000 0.000 0.144 0 1 0 0 0 0
 130 140511.000 80951.000 0 0 0.000 0.000 0.000 0.134 0 1 0 0 0 0
 131 56078.000 90616.000 0 0 0.000 0.000 0.000 0.134 0 1 0 0 0 0
 132 82832.000 58489.000 0 0 0.000 0.000 0.000 0.132 0 1 0 0 0 0
 133 95326.000 145149.000 0 0 0.000 0.000 0.000 0.132 0 1 0 0 0 0
 134 54960.000 106985.000 0 0 0.000 0.000 0.000 0.131 0 1 0 0 0 0
 135 90617.000 144895.000 0 0 0.000 0.000 0.000 0.132 0 1 0 0 0 0
 136 96768.000 54496.000 0 0 0.000 0.000 0.000 0.133 0 1 0 0 0 0
 137 104446.000 54354.000 0 0 0.000 0.000 0.000 0.145 0 1 0 0 0 0
 138 72487.000 62915.000 0 0 0.000 0.000 0.000 0.131 0 1 0 0 0 0
 139 53770.000 93405.000 0 0 0.000 0.000 0.000 0.139 0 1 0 0 0 0
 140 143243.000 82563.000 0 0 0.000 0.000 0.000 0.132 0 1 0 0 0 0
 141 102914.000 53534.000 0 0 0.000 0.000 0.000 0.130 0 1 0 0 0 0
 142 57403.000 120223.000 0 0 0.000 0.000 0.000 0.142 0 1 0 0 0 0
 143 129847.000 63757.000 0 0 0.000 0.000 0.000 0.147 0 1 0 0 0 0
 144 113942.000 145427.000 0 0 0.000 0.000 0.000 0.150 0 1 0 0 0 0
 145 140157.000 74166.000 0 0 0.000 0.000 0.000 0.130 0 1 0 0 0 0
 146 146804.000 90357.000 0 0 0.000 0.000 0.000 0.162 0 1 0 0 0 0
 147 54109.000 85891.000 0 0 0.000 0.000 0.000 0.139 0 1 0 0 0 0
 148 83586.000 55038.000 0 0 0.000 0.000 0.000 0.134 0 1 0 0 0 0
 149 52051.000 106678.000 0 0 0.000 0.000 0.000 0.152 0 1 0 0 0 0
 150 62266.000 131048.000 0 0 0.000 0.000 0.000 0.131 0 1 0 0 0 0
 151 51307.000 95020.000 0 0 0.000 0.000 0.000 0.134 0 1 0 0 0 0
 152 63830.000 67212.000 0 0 0.000 0.000 0.000 0.131 0 1 0 0 0 0
 153 103842.000 51329.000 0 0 0.000 0.000 0.000 0.141 0 1 0 0 0 0
 154 51653.000 89226.000 0 0 0.000 0.000 0.000 0.135 0 1 0 0 0 0
 155 67687.000 138054.000 0 0 0.000 0.000 0.000 0.130 0 1 0 0 0 0
 156 126890.000 58117.000 0 0 0.000 0.000 0.000 0.165 0 1 0 0 0 0
 157 49921.000 94152.000 0 0 0.000 0.000 0.000 0.131 0 1 0 0 0 0
 158 58195.000 71360.000 0 0 0.000 0.000 0.000 0.145 0 1 0 0 0 0
 159 90129.000 150582.000 0 0 0.000 0.000 0.000 0.142 0 1 0 0 0 0
 160 60185.000 132622.000 0 0 0.000 0.000 0.000 0.135 0 1 0 0 0 0
 161 48693.000 99875.000 0 0 0.000 0.000 0.000 0.130 0 1 0 0 0 0
 162 54445.000 76239.000 0 0 0.000 0.000 0.000 0.132 0 1 0 0 0 0
 163 57857.000 130049.000 0 0 0.000 0.000 0.000 0.146 0 1 0 0 0 0
 164 149766.000 86696.000 0 0 0.000 0.000 0.000 0.133 0 1 0 0 0 0
 165 52399.000 120893.000 0 0 0.000 0.000 0.000 0.155 0 1 0 0 0 0
 166 151719.000 106840.000 0 0 0.000 0.000 0.000 0.130 0 1 0 0 0 0
 167 141305.000 132114.000 0 0 0.000 0.000 0.000 0.148 0 1 0 0 0 0
 168 150680.000 113244.000 0 0 0.000 0.000 0.000 0.146 0 1 0 0 0 0
 169 49274.000 86578.000 0 0 0.000 0.000 0.000 0.141 0 1 0 0 0 0
 170 66089.000 140565.000 0 0 0.000 0.000 0.000 0.153 0 1 0 0 0 0
 171 85631.000 49456.000 0 0 0.000 0.000 0.000 0.137 0 1 0 0 0 0
 172 133568.000 58585.000 0 0 0.000 0.000 0.000 0.145 0 1 0 0 0 0
 173 47466.000 110902.000 0 0 0.000 0.000 0.000 0.140 0 1 0 0 0 0
 174 57316.000 67488.000 0 0 0.000 0.000 0.000 0.150 0 1 0 0 0 0
 175 66615.000 57762.000 0 0 0.000 0.000 0.000 0.132 0 1 0 0 0 0
 176 107633.000 46875.000 0 0 0.000 0.000 0.000 0.143 0 1 0 0 0 0
 177 48788.000 118087.000 0 0 0.000 0.000 0.000 0.150 0 1 0 0 0 0
 178 98674.000 45996.000 0 0 0.000 0.000 0.000 0.139 0 1 0 0 0 0
 179 48434.000 117047.000 0 0 0.000 0.000 0.000 0.132 0 1 0 0 0 0
 180 88163.000 46325.000 0 0 0.000 0.000 0.000 0.133 0 1 0 0 0 0
 181 150362.000 77737.000 0 0 0.000 0.000 0.000 0.135 0 1 0 0 0 0
 182 104972.000 155196.000 0 0 0.000 0.000 0.000 0.147 0 1 0 0 0 0
 183 55242.000 67552.000 0 0 0.000 0.000 0.000 0.156 0 1 0 0 0 0
 184 78470.000 152009.000 0 0 0.000 0.000 0.000 0.138 0 1 0 0 0 0
 185 60691.000 60168.000 0 0 0.000 0.000 0.000 0.135 0 1 0 0 0 0
 186 109151.000 155538.000 0 0 0.000 0.000 0.000 0.134 0 1 0 0 0 0
 187 141263.000 62025.000 0 0 0.000 0.000 0.000 0.133 0 1 0 0 0 0
 188 57642.000 63095.000 0 0 0.000 0.000 0.000 0.130 0 1 0 0 0 0
 189 104527.000 156598.000 0 0 0.000 0.000 0.000 0.132 0 1 0 0 0 0
 190 45078.000 117779.000 0 0 0.000 0.000 0.000 0.130 0 1 0 0 0 0
 191 54914.000 136811.000 0 0 0.000 0.000 0.000 0.137 0 1 0 0 0 0
 192 156520.000 113761.000 0 0 0.000 0.000 0.000 0.148 0 1 0 0 0 0
 193 97931.000 41887.000 0 0 0.000 0.000 0.000 0.140 0 1 0 0 0 0
 194 134344.000 147584.000 0 0 0.000 0.000 0.000 0.137 0 1 0 0 0 0
 195 65256.000 147388.000 0 0 0.000 0.000 0.000 0.138 0 1 0 0 0 0
 196 41399.000 102591.000 0 0 0.000 0.000 0.000 0.142 0 1 0 0 0 0
 197 134316.000 52380.000 0 0 0.000 0.000 0.000 0.136 0 1 0 0 0 0
 198 139466.000 55973.000 0 0 0.000 0.000 0.000 0.137 0 1 0 0 0 0
 199 78268.000 155691.000 0 0 0.000 0.000 0.000 0.145 0 1 0 0 0 0
 200 43204.000 82007.000 0 0 0.000 0.000 0.000 0.154 0 1 0 0 0 0
 201 159340.000 90074.000 0 0 0.000 0.000 0.000 0.146 0 1 0 0 0 0
 202 158190.000 115995.000 0 0 0.000 0.000 0.000 0.133 0 1 0 0 0 0
 203 87712.000 159326.000 0 0 0.000 0.000 0.000 0.143 0 1 0 0 0 0
 204 125873.000 45254.000 0 0 0.000 0.000 0.000 0.133 0 1 0 0 0 0
 205 141006.000 145116.000 0 0 0.000 0.000 0.000 0.131 0 1 0 0 0 0
 206 145771.000 141828.000 0 0 0.000 0.000 0.000 0.133 0 1 0 0 0 0
 207 58512.000 146551.000 0 0 0.000 0.000 0.000 0.141 0 1 0 0 0 0
 208 53749.000 142125.000 0 0 0.000 0.000 0.000 0.132 0 1 0 0 0 0
 209 80380.000 40778.000 0 0 0.000 0.000 0.000 0.153 0 1 0 0 0 0
 210 118418.000 40315.000 0 0 0.000 0.000 0.000 0.131 0 1 0 0 0 0
 211 41212.000 78193.000 0 0 0.000 0.000 0.000 0.131 0 1 0 0 0 0
 212 113231.000 162043.000 0 0 0.000 0.000 0.000 0.130 0 1 0 0 0 0
 213 124519.000 158693.000 0 0 0.000 0.000 0.000 0.153 0 1 0 0 0 0
 214 109936.000 37310.000 0 0 0.000 0.000 0.000 0.137 0 1 0 0 0 0
 215 47365.000 61457.000 0 0 0.000 0.000 0.000 0.133 0 1 0 0 0 0
 216 56751.000 51142.000 0 0 0.000 0.000 0.000 0.133 0 1 0 0 0 0
 217 75934.000 39451.000 0 0 0.000 0.000 0.000 0.133 0 1 0 0 0 0
 218 141939.000 49850.000 0 0 0.000 0.000 0.000 0.142 0 1 0 0 0 0
 219 40869.000 71356.000 0 0 0.000 0.000 0.000 0.133 0 1 0 0 0 0
 220 33825.000 95184.000 0 0 0.000 0.000 0.000 0.130 0 1 0 0 0 0
 221 42827.000 135002.000 0 0 0.000 0.000 0.000 0.138 0 1 0 0 0 0
 222 146284.000 148411.000 0 0 0.000 0.000 0.000 0.351 0 1 0 0 0 0
 223 128661.000 39442.000 0 0 0.000 0.000 0.000 0.133 0 1 0 0 0 0
 224 112426.000 166628.000 0 0 0.000 0.000 0.000 0.142 0 1 0 0 0 0
 225 32433.000 103401.000 0 0 0.000 0.000 0.000 0.142 0 1 0 0 0 0
 226 32486.000 102256.000 0 0 0.000 0.000 0.000 0.142 0 1 0 0 0 0
 227 160447.000 70117.000 0 0 0.000 0.000 0.000 0.163 0 1 0 0 0 0
 228 67644.000 159879.000 0 0 0.000 0.000 0.000 0.137 0 1 0 0 0 0
 229 83504.000 33879.000 0 0 0.000 0.000 0.000 0.133 0 1 0 0 0 0
 230 94523.000 31987.000 0 0 0.000 0.000 0.000 0.137 0 1 0 0 0 0
 231 121814.000 165312.000 0 0 0.000 0.000 0.000 0.134 0 1 0 0 0 0
 232 61485.000 157290.000 0 0 0.000 0.000 0.000 0.147 0 1 0 0 0 0
 233 33339.000 120326.000 0 0 0.000 0.000 0.000 0.135 0 1 0 0 0 0
 234 97893.000 30291.000 0 0 0.000 0.000 0.000 0.132 0 1 0 0 0 0
 235 30060.000 95886.000 0 0 0.000 0.000 0.000 0.133 0 1 0 0 0 0
 236 29459.000 107660.000 0 0 0.000 0.000 0.000 0.138 0 1 0 0 0 0
 237 161062.000 137273.000 0 0 0.000 0.000 0.000 0.138 0 1 0 0 0 0
 238 55690.000 156670.000 0 0 0.000 0.000 0.000 0.141 0 1 0 0 0 0
 239 55390.000 156991.000 0 0 0.000 0.000 0.000 0.134 0 1 0 0 0 0
 240 123468.000 31204.000 0 0 0.000 0.000 0.000 0.143 0 1 0 0 0 0
 241 156452.000 146318.000 0 0 0.000 0.000 0.000 0.130 0 1 0 0 0 0
 242 87487.000 28008.000 0 0 0.000 0.000 0.000 0.133 0 1 0 0 0 0
 243 133398.000 165817.000 0 0 0.000 0.000 0.000 0.140 0 1 0 0 0 0
 244 50002.000 154332.000 0 0 0.000 0.000 0.000 0.130 0 1 0 0 0 0
 245 67466.000 166876.000 0 0 0.000 0.000 0.000 0.132 0 1 0 0 0 0
 246 61215.000 36488.000 0 0 0.000 0.000 0.000 0.140 0 1 0 0 0 0
 247 43837.000 50360.000 0 0 0.000 0.000 0.000 0.130 0 1 0 0 0 0
 248 121178.000 28183.000 0 0 0.000 0.000 0.000 0.139 0 1 0 0 0 0
 249 33011.000 65970.000 0 0 0.000 0.000 0.000 0.146 0 1 0 0 0 0
 250 26700.000 122018.000 0 0 0.000 0.000 0.000 0.130 0 1 0 0 0 0
 251 37098.000 146574.000 0 0 0.000 0.000 0.000 0.132 0 1 0 0 0 0
 252 169240.000 58145.000 0 0 0.000 0.000 0.000 0.131 0 1 0 0 0 0
 253 176222.000 128903.000 0 0 0.000 0.000 0.000 0.131 0 1 0 0 0 0
 254 114307.000 181379.000 0 0 0.000 0.000 0.000 0.134 0 1 0 0 0 0
 255 162483.000 156638.000 0 0 0.000 0.000 0.000 0.134 0 1 0 0 0 0;
ProcessEquipmentIDList 1
  "6632" ;
SummarySpec 5
  TESTNO    NDEFECT    DEFDENSITY    NDIE    NDEFDIE  ;
SummaryList 
  1    255    0.9323    1    1  ;
EndOfFile;
