FileVersion 1 2;
FileTimestamp 01-11-26 11:33:32;
InspectionStationID "KLA-Tencor" "SFSSP1" "0901-0728-TBI";
SampleType WAFER;
ResultTimestamp 01-11-26 11:29:31;
LotID "2580";
SampleSize 1 200;
DeviceID "None";
SetupID "T2-2580NR" 01-11-26 11:29:31;
StepID "6492";
SampleOrientationMarkType NOTCH;
OrientationMarkLocation DOWN;
DiePitch 200000 200000;
DieOrigin 0 0;
WaferID "06";
Slot 6;
SampleCenterLocation 100000 100000;
ClassLookup 1
  0 "0"  ;
OrientationInstructions "Front";
CoordinatesMirrored No;
InspectionTest 1;
SampleTestPlan 1
  0 0 ;
AreaPerTest 2.73516e+010;
DefectRecordSpec 15 DEFECTID XREL YREL XINDEX YINDEX XSIZE YSIZE DEFECTAREA DSIZE CLASSNUMBER TEST CLUSTERNUMBER ROUGHBINNUMBER FINEBINNUMBER REVIEWSAMPLE ;
DefectList
 1 99431.000 96361.000 0 0 0.000 0.000 0.000 0.144 0 1 0 0 0 0
 2 98553.000 92485.000 0 0 0.000 0.000 0.000 0.136 0 1 0 0 0 0
 3 103696.000 109312.000 0 0 0.000 0.000 0.000 0.133 0 1 0 0 0 0
 4 107372.000 93557.000 0 0 0.000 0.000 0.000 0.156 0 1 0 0 0 0
 5 110727.000 103110.000 0 0 0.000 0.000 0.000 0.164 0 1 0 0 0 0
 6 88632.000 96999.000 0 0 0.000 0.000 0.000 0.143 0 1 0 0 0 0
 7 105012.000 111813.000 0 0 0.000 0.000 0.000 0.134 0 1 0 0 0 0
 8 105010.000 88635.000 0 0 0.000 0.000 0.000 0.138 0 1 0 0 0 0
 9 87017.000 97062.000 0 0 0.000 0.000 0.000 0.132 0 1 0 0 0 0
 10 91501.000 89614.000 0 0 0.000 0.000 0.000 0.133 0 1 0 0 0 0
 11 101773.000 115338.000 0 0 0.000 0.000 0.000 0.139 0 1 0 0 0 0
 12 83937.000 99448.000 0 0 0.000 0.000 0.000 0.144 0 1 0 0 0 0
 13 83702.000 103106.000 0 0 0.000 0.000 0.000 0.143 0 1 0 0 0 0
 14 96539.000 116514.000 0 0 0.000 0.000 0.000 0.131 0 1 0 0 0 0
 15 113800.000 110007.000 0 0 0.000 0.000 0.000 0.132 0 1 0 0 0 0
 16 98134.000 117657.000 0 0 0.000 0.000 0.000 0.134 0 1 0 0 0 0
 17 84645.000 91383.000 0 0 0.000 0.000 0.000 0.159 0 1 0 0 0 0
 18 101735.000 82672.000 0 0 0.000 0.000 0.000 0.154 0 1 0 0 0 0
 19 82063.000 103571.000 0 0 0.000 0.000 0.000 0.146 0 1 0 0 0 0
 20 83766.000 91152.000 0 0 0.000 0.000 0.000 0.134 0 1 0 0 0 0
 21 119104.000 101838.000 0 0 0.000 0.000 0.000 0.131 0 1 0 0 0 0
 22 120413.000 96278.000 0 0 0.000 0.000 0.000 0.132 0 1 0 0 0 0
 23 85287.000 84697.000 0 0 0.000 0.000 0.000 0.151 0 1 0 0 0 0
 24 78987.000 95357.000 0 0 0.000 0.000 0.000 0.137 0 1 0 0 0 0
 25 77513.000 103723.000 0 0 0.000 0.000 0.000 0.144 0 1 0 0 0 0
 26 121166.000 90279.000 0 0 0.000 0.000 0.000 0.131 0 1 0 0 0 0
 27 80210.000 86898.000 0 0 0.000 0.000 0.000 0.133 0 1 0 0 0 0
 28 96259.000 124211.000 0 0 0.000 0.000 0.000 0.139 0 1 0 0 0 0
 29 79559.000 86849.000 0 0 0.000 0.000 0.000 0.142 0 1 0 0 0 0
 30 124009.000 108513.000 0 0 0.000 0.000 0.000 0.150 0 1 0 0 0 0
 31 104654.000 74271.000 0 0 0.000 0.000 0.000 0.136 0 1 0 0 0 0
 32 99341.000 73578.000 0 0 0.000 0.000 0.000 0.138 0 1 0 0 0 0
 33 98412.000 73433.000 0 0 0.000 0.000 0.000 0.138 0 1 0 0 0 0
 34 79702.000 118077.000 0 0 0.000 0.000 0.000 0.139 0 1 0 0 0 0
 35 117819.000 79821.000 0 0 0.000 0.000 0.000 0.139 0 1 0 0 0 0
 36 81322.000 80398.000 0 0 0.000 0.000 0.000 0.143 0 1 0 0 0 0
 37 90777.000 126328.000 0 0 0.000 0.000 0.000 0.133 0 1 0 0 0 0
 38 87954.000 125309.000 0 0 0.000 0.000 0.000 0.146 0 1 0 0 0 0
 39 127411.000 92018.000 0 0 0.000 0.000 0.000 0.130 0 1 0 0 0 0
 40 78466.000 79902.000 0 0 0.000 0.000 0.000 0.143 0 1 0 0 0 0
 41 110040.000 71789.000 0 0 0.000 0.000 0.000 0.133 0 1 0 0 0 0
 42 77557.000 120607.000 0 0 0.000 0.000 0.000 0.135 0 1 0 0 0 0
 43 81734.000 125044.000 0 0 0.000 0.000 0.000 0.131 0 1 0 0 0 0
 44 106777.000 70206.000 0 0 0.000 0.000 0.000 0.138 0 1 0 0 0 0
 45 127280.000 85367.000 0 0 0.000 0.000 0.000 0.134 0 1 0 0 0 0
 46 72020.000 114466.000 0 0 0.000 0.000 0.000 0.132 0 1 0 0 0 0
 47 77020.000 78703.000 0 0 0.000 0.000 0.000 0.131 0 1 0 0 0 0
 48 91457.000 69773.000 0 0 0.000 0.000 0.000 0.135 0 1 0 0 0 0
 49 126405.000 82313.000 0 0 0.000 0.000 0.000 0.137 0 1 0 0 0 0
 50 75391.000 79564.000 0 0 0.000 0.000 0.000 0.143 0 1 0 0 0 0
 51 132038.000 105087.000 0 0 0.000 0.000 0.000 0.146 0 1 0 0 0 0
 52 132117.000 107966.000 0 0 0.000 0.000 0.000 0.135 0 1 0 0 0 0
 53 132915.000 105112.000 0 0 0.000 0.000 0.000 0.131 0 1 0 0 0 0
 54 87311.000 69242.000 0 0 0.000 0.000 0.000 0.140 0 1 0 0 0 0
 55 116495.000 70601.000 0 0 0.000 0.000 0.000 0.134 0 1 0 0 0 0
 56 99615.000 66116.000 0 0 0.000 0.000 0.000 0.133 0 1 0 0 0 0
 57 110984.000 132955.000 0 0 0.000 0.000 0.000 0.134 0 1 0 0 0 0
 58 100095.000 134742.000 0 0 0.000 0.000 0.000 0.136 0 1 0 0 0 0
 59 82674.000 69887.000 0 0 0.000 0.000 0.000 0.130 0 1 0 0 0 0
 60 75159.000 75378.000 0 0 0.000 0.000 0.000 0.147 0 1 0 0 0 0
 61 132149.000 85091.000 0 0 0.000 0.000 0.000 0.132 0 1 0 0 0 0
 62 132620.000 85833.000 0 0 0.000 0.000 0.000 0.131 0 1 0 0 0 0
 63 65690.000 111145.000 0 0 0.000 0.000 0.000 0.135 0 1 0 0 0 0
 64 76721.000 72784.000 0 0 0.000 0.000 0.000 0.142 0 1 0 0 0 0
 65 64684.000 92561.000 0 0 0.000 0.000 0.000 0.141 0 1 0 0 0 0
 66 129918.000 120454.000 0 0 0.000 0.000 0.000 0.164 0 1 0 0 0 0
 67 90909.000 135251.000 0 0 0.000 0.000 0.000 0.150 0 1 0 0 0 0
 68 128825.000 78249.000 0 0 0.000 0.000 0.000 0.130 0 1 0 0 0 0
 69 120959.000 129969.000 0 0 0.000 0.000 0.000 0.145 0 1 0 0 0 0
 70 123405.000 128832.000 0 0 0.000 0.000 0.000 0.132 0 1 0 0 0 0
 71 120136.000 68617.000 0 0 0.000 0.000 0.000 0.149 0 1 0 0 0 0
 72 117725.000 66914.000 0 0 0.000 0.000 0.000 0.133 0 1 0 0 0 0
 73 134392.000 116696.000 0 0 0.000 0.000 0.000 0.131 0 1 0 0 0 0
 74 61708.000 98076.000 0 0 0.000 0.000 0.000 0.137 0 1 0 0 0 0
 75 110120.000 137555.000 0 0 0.000 0.000 0.000 0.138 0 1 0 0 0 0
 76 133177.000 120252.000 0 0 0.000 0.000 0.000 0.146 0 1 0 0 0 0
 77 68945.000 123861.000 0 0 0.000 0.000 0.000 0.132 0 1 0 0 0 0
 78 68910.000 76602.000 0 0 0.000 0.000 0.000 0.135 0 1 0 0 0 0
 79 103855.000 61178.000 0 0 0.000 0.000 0.000 0.136 0 1 0 0 0 0
 80 116112.000 64573.000 0 0 0.000 0.000 0.000 0.138 0 1 0 0 0 0
 81 120251.000 66637.000 0 0 0.000 0.000 0.000 0.133 0 1 0 0 0 0
 82 108424.000 61605.000 0 0 0.000 0.000 0.000 0.139 0 1 0 0 0 0
 83 97652.000 140151.000 0 0 0.000 0.000 0.000 0.135 0 1 0 0 0 0
 84 135203.000 119247.000 0 0 0.000 0.000 0.000 0.131 0 1 0 0 0 0
 85 80839.000 64583.000 0 0 0.000 0.000 0.000 0.147 0 1 0 0 0 0
 86 62772.000 116920.000 0 0 0.000 0.000 0.000 0.131 0 1 0 0 0 0
 87 65227.000 78912.000 0 0 0.000 0.000 0.000 0.130 0 1 0 0 0 0
 88 95627.000 59446.000 0 0 0.000 0.000 0.000 0.132 0 1 0 0 0 0
 89 65014.000 122030.000 0 0 0.000 0.000 0.000 0.130 0 1 0 0 0 0
 90 139334.000 112659.000 0 0 0.000 0.000 0.000 0.142 0 1 0 0 0 0
 91 65478.000 76870.000 0 0 0.000 0.000 0.000 0.151 0 1 0 0 0 0
 92 105566.000 58850.000 0 0 0.000 0.000 0.000 0.133 0 1 0 0 0 0
 93 58320.000 109482.000 0 0 0.000 0.000 0.000 0.130 0 1 0 0 0 0
 94 65939.000 74251.000 0 0 0.000 0.000 0.000 0.135 0 1 0 0 0 0
 95 137032.000 77505.000 0 0 0.000 0.000 0.000 0.150 0 1 0 0 0 0
 96 59432.000 116079.000 0 0 0.000 0.000 0.000 0.134 0 1 0 0 0 0
 97 60251.000 82391.000 0 0 0.000 0.000 0.000 0.137 0 1 0 0 0 0
 98 106215.000 143549.000 0 0 0.000 0.000 0.000 0.140 0 1 0 0 0 0
 99 57554.000 87466.000 0 0 0.000 0.000 0.000 0.140 0 1 0 0 0 0
 100 134446.000 72614.000 0 0 0.000 0.000 0.000 0.158 0 1 0 0 0 0
 101 61446.000 123284.000 0 0 0.000 0.000 0.000 0.132 0 1 0 0 0 0
 102 68161.000 132449.000 0 0 0.000 0.000 0.000 0.132 0 1 0 0 0 0
 103 61805.000 124507.000 0 0 0.000 0.000 0.000 0.144 0 1 0 0 0 0
 104 135613.000 71694.000 0 0 0.000 0.000 0.000 0.134 0 1 0 0 0 0
 105 133299.000 131671.000 0 0 0.000 0.000 0.000 0.135 0 1 0 0 0 0
 106 106642.000 54820.000 0 0 0.000 0.000 0.000 0.133 0 1 0 0 0 0
 107 124535.000 61295.000 0 0 0.000 0.000 0.000 0.133 0 1 0 0 0 0
 108 54826.000 109812.000 0 0 0.000 0.000 0.000 0.130 0 1 0 0 0 0
 109 119817.000 58581.000 0 0 0.000 0.000 0.000 0.142 0 1 0 0 0 0
 110 104482.000 146204.000 0 0 0.000 0.000 0.000 0.133 0 1 0 0 0 0
 111 84314.000 143769.000 0 0 0.000 0.000 0.000 0.150 0 1 0 0 0 0
 112 102877.000 54027.000 0 0 0.000 0.000 0.000 0.134 0 1 0 0 0 0
 113 136453.000 128653.000 0 0 0.000 0.000 0.000 0.130 0 1 0 0 0 0
 114 55281.000 86033.000 0 0 0.000 0.000 0.000 0.137 0 1 0 0 0 0
 115 72113.000 62098.000 0 0 0.000 0.000 0.000 0.134 0 1 0 0 0 0
 116 102593.000 53214.000 0 0 0.000 0.000 0.000 0.148 0 1 0 0 0 0
 117 133236.000 66725.000 0 0 0.000 0.000 0.000 0.133 0 1 0 0 0 0
 118 79386.000 57617.000 0 0 0.000 0.000 0.000 0.141 0 1 0 0 0 0
 119 147185.000 102699.000 0 0 0.000 0.000 0.000 0.130 0 1 0 0 0 0
 120 139616.000 73630.000 0 0 0.000 0.000 0.000 0.147 0 1 0 0 0 0
 121 140238.000 74581.000 0 0 0.000 0.000 0.000 0.131 0 1 0 0 0 0
 122 88814.000 147361.000 0 0 0.000 0.000 0.000 0.153 0 1 0 0 0 0
 123 64144.000 67547.000 0 0 0.000 0.000 0.000 0.149 0 1 0 0 0 0
 124 75761.000 142660.000 0 0 0.000 0.000 0.000 0.141 0 1 0 0 0 0
 125 122748.000 57071.000 0 0 0.000 0.000 0.000 0.131 0 1 0 0 0 0
 126 144519.000 120796.000 0 0 0.000 0.000 0.000 0.137 0 1 0 0 0 0
 127 51260.000 94173.000 0 0 0.000 0.000 0.000 0.130 0 1 0 0 0 0
 128 125453.000 57958.000 0 0 0.000 0.000 0.000 0.138 0 1 0 0 0 0
 129 117015.000 53397.000 0 0 0.000 0.000 0.000 0.138 0 1 0 0 0 0
 130 149288.000 108785.000 0 0 0.000 0.000 0.000 0.134 0 1 0 0 0 0
 131 124492.000 56001.000 0 0 0.000 0.000 0.000 0.139 0 1 0 0 0 0
 132 62883.000 64848.000 0 0 0.000 0.000 0.000 0.144 0 1 0 0 0 0
 133 62960.000 135817.000 0 0 0.000 0.000 0.000 0.136 0 1 0 0 0 0
 134 52646.000 120178.000 0 0 0.000 0.000 0.000 0.139 0 1 0 0 0 0
 135 61673.000 134712.000 0 0 0.000 0.000 0.000 0.131 0 1 0 0 0 0
 136 56610.000 128606.000 0 0 0.000 0.000 0.000 0.139 0 1 0 0 0 0
 137 88796.000 151213.000 0 0 0.000 0.000 0.000 0.131 0 1 0 0 0 0
 138 74685.000 54068.000 0 0 0.000 0.000 0.000 0.132 0 1 0 0 0 0
 139 96744.000 47708.000 0 0 0.000 0.000 0.000 0.134 0 1 0 0 0 0
 140 144927.000 72860.000 0 0 0.000 0.000 0.000 0.131 0 1 0 0 0 0
 141 65460.000 140151.000 0 0 0.000 0.000 0.000 0.137 0 1 0 0 0 0
 142 92069.000 47982.000 0 0 0.000 0.000 0.000 0.135 0 1 0 0 0 0
 143 115688.000 49636.000 0 0 0.000 0.000 0.000 0.152 0 1 0 0 0 0
 144 118364.000 50239.000 0 0 0.000 0.000 0.000 0.135 0 1 0 0 0 0
 145 51701.000 123783.000 0 0 0.000 0.000 0.000 0.138 0 1 0 0 0 0
 146 139287.000 137139.000 0 0 0.000 0.000 0.000 0.135 0 1 0 0 0 0
 147 76840.000 51463.000 0 0 0.000 0.000 0.000 0.145 0 1 0 0 0 0
 148 123332.000 149052.000 0 0 0.000 0.000 0.000 0.135 0 1 0 0 0 0
 149 59790.000 137004.000 0 0 0.000 0.000 0.000 0.134 0 1 0 0 0 0
 150 63008.000 141557.000 0 0 0.000 0.000 0.000 0.136 0 1 0 0 0 0
 151 63796.000 143429.000 0 0 0.000 0.000 0.000 0.139 0 1 0 0 0 0
 152 109634.000 43960.000 0 0 0.000 0.000 0.000 0.133 0 1 0 0 0 0
 153 155655.000 113254.000 0 0 0.000 0.000 0.000 0.151 0 1 0 0 0 0
 154 125942.000 49008.000 0 0 0.000 0.000 0.000 0.147 0 1 0 0 0 0
 155 114401.000 155846.000 0 0 0.000 0.000 0.000 0.131 0 1 0 0 0 0
 156 157186.000 106991.000 0 0 0.000 0.000 0.000 0.137 0 1 0 0 0 0
 157 137503.000 144056.000 0 0 0.000 0.000 0.000 0.141 0 1 0 0 0 0
 158 150208.000 70802.000 0 0 0.000 0.000 0.000 0.159 0 1 0 0 0 0
 159 130675.000 150334.000 0 0 0.000 0.000 0.000 0.133 0 1 0 0 0 0
 160 88676.000 42517.000 0 0 0.000 0.000 0.000 0.132 0 1 0 0 0 0
 161 48874.000 129879.000 0 0 0.000 0.000 0.000 0.137 0 1 0 0 0 0
 162 50805.000 67270.000 0 0 0.000 0.000 0.000 0.148 0 1 0 0 0 0
 163 156643.000 120294.000 0 0 0.000 0.000 0.000 0.130 0 1 0 0 0 0
 164 63264.000 148142.000 0 0 0.000 0.000 0.000 0.131 0 1 0 0 0 0
 165 39021.000 95322.000 0 0 0.000 0.000 0.000 0.130 0 1 0 0 0 0
 166 157712.000 121028.000 0 0 0.000 0.000 0.000 0.132 0 1 0 0 0 0
 167 128118.000 155394.000 0 0 0.000 0.000 0.000 0.136 0 1 0 0 0 0
 168 68814.000 154207.000 0 0 0.000 0.000 0.000 0.145 0 1 0 0 0 0
 169 51761.000 60075.000 0 0 0.000 0.000 0.000 0.143 0 1 0 0 0 0
 170 96079.000 37444.000 0 0 0.000 0.000 0.000 0.141 0 1 0 0 0 0
 171 123625.000 40958.000 0 0 0.000 0.000 0.000 0.132 0 1 0 0 0 0
 172 141837.000 51216.000 0 0 0.000 0.000 0.000 0.136 0 1 0 0 0 0
 173 44360.000 133572.000 0 0 0.000 0.000 0.000 0.135 0 1 0 0 0 0
 174 163897.000 87407.000 0 0 0.000 0.000 0.000 0.130 0 1 0 0 0 0
 175 87140.000 164293.000 0 0 0.000 0.000 0.000 0.134 0 1 0 0 0 0
 176 54970.000 147665.000 0 0 0.000 0.000 0.000 0.134 0 1 0 0 0 0
 177 45794.000 136756.000 0 0 0.000 0.000 0.000 0.147 0 1 0 0 0 0
 178 158566.000 131616.000 0 0 0.000 0.000 0.000 0.142 0 1 0 0 0 0
 179 164061.000 118513.000 0 0 0.000 0.000 0.000 0.134 0 1 0 0 0 0
 180 37182.000 126143.000 0 0 0.000 0.000 0.000 0.138 0 1 0 0 0 0
 181 166150.000 81996.000 0 0 0.000 0.000 0.000 0.136 0 1 0 0 0 0
 182 81389.000 167280.000 0 0 0.000 0.000 0.000 0.137 0 1 0 0 0 0
 183 70564.000 163400.000 0 0 0.000 0.000 0.000 0.142 0 1 0 0 0 0
 184 163485.000 70548.000 0 0 0.000 0.000 0.000 0.131 0 1 0 0 0 0
 185 40316.000 63202.000 0 0 0.000 0.000 0.000 0.130 0 1 0 0 0 0
 186 168046.000 117673.000 0 0 0.000 0.000 0.000 0.137 0 1 0 0 0 0
 187 33423.000 73449.000 0 0 0.000 0.000 0.000 0.131 0 1 0 0 0 0
 188 153028.000 149716.000 0 0 0.000 0.000 0.000 0.135 0 1 0 0 0 0
 189 167368.000 127717.000 0 0 0.000 0.000 0.000 0.144 0 1 0 0 0 0
 190 139879.000 160891.000 0 0 0.000 0.000 0.000 0.225 0 1 0 0 0 0
 191 173113.000 106852.000 0 0 0.000 0.000 0.000 0.136 0 1 0 0 0 0
 192 121507.000 28832.000 0 0 0.000 0.000 0.000 0.133 0 1 0 0 0 0
 193 157804.000 147343.000 0 0 0.000 0.000 0.000 0.130 0 1 0 0 0 0
 194 163902.000 138874.000 0 0 0.000 0.000 0.000 0.134 0 1 0 0 0 0
 195 37777.000 58498.000 0 0 0.000 0.000 0.000 0.151 0 1 0 0 0 0
 196 92462.000 176550.000 0 0 0.000 0.000 0.000 0.140 0 1 0 0 0 0
 197 29288.000 132384.000 0 0 0.000 0.000 0.000 0.149 0 1 0 0 0 0
 198 64449.000 31098.000 0 0 0.000 0.000 0.000 0.138 0 1 0 0 0 0
 199 80070.000 181868.000 0 0 0.000 0.000 0.000 0.141 0 1 0 0 0 0
 200 14911.000 109713.000 0 0 0.000 0.000 0.000 0.150 0 1 0 0 0 0
 201 184777.000 86660.000 0 0 0.000 0.000 0.000 200000.000 0 1 0 200 0 0
 202 11191.000 101998.000 0 0 0.000 0.000 0.000 0.130 0 1 0 0 0 0
 203 185970.000 75010.000 0 0 0.000 0.000 0.000 200000.000 0 1 0 200 0 0
 204 6569.000 111603.000 0 0 0.000 0.000 0.000 0.142 0 1 0 0 0 0
 205 9288.000 125962.000 0 0 0.000 0.000 0.000 0.131 0 1 0 0 0 0
 206 192427.000 81252.000 0 0 0.000 0.000 0.000 0.141 0 1 0 0 0 0;
ProcessEquipmentIDList 1
  "6632" ;
SummarySpec 5
  TESTNO    NDEFECT    DEFDENSITY    NDIE    NDEFDIE  ;
SummaryList 
  1    206    0.7532    1    1  ;
EndOfFile;
