FileVersion 1 2;
FileTimestamp 01-11-26 16:17:41;
InspectionStationID "KLA-Tencor" "SFSSP1" "0901-0728-TBI";
SampleType WAFER;
ResultTimestamp 01-11-26 16:07:02;
LotID "2580";
SampleSize 1 200;
DeviceID "None";
SetupID "T2-2580NR" 01-11-26 16:07:02;
StepID "6492";
SampleOrientationMarkType NOTCH;
OrientationMarkLocation DOWN;
DiePitch 200000 200000;
DieOrigin 0 0;
WaferID "13";
Slot 13;
SampleCenterLocation 100000 100000;
ClassLookup 1
  0 "0"  ;
OrientationInstructions "Front";
CoordinatesMirrored No;
InspectionTest 1;
SampleTestPlan 1
  0 0 ;
AreaPerTest 2.73519e+010;
ClusterClassificationList 1
  1 200 ;
DefectRecordSpec 15 DEFECTID XREL YREL XINDEX YINDEX XSIZE YSIZE DEFECTAREA DSIZE CLASSNUMBER TEST CLUSTERNUMBER ROUGHBINNUMBER FINEBINNUMBER REVIEWSAMPLE ;
DefectList
 1 103119.000 100109.000 0 0 0.000 0.000 0.000 0.143 0 1 0 0 0 0
 2 97053.000 104446.000 0 0 0.000 0.000 0.000 0.145 0 1 0 0 0 0
 3 104659.000 102531.000 0 0 0.000 0.000 0.000 0.135 0 1 0 0 0 0
 4 94391.000 96541.000 0 0 0.000 0.000 0.000 0.163 0 1 0 0 0 0
 5 93666.000 103072.000 0 0 0.000 0.000 0.000 0.144 0 1 0 0 0 0
 6 100514.000 107993.000 0 0 0.000 0.000 0.000 0.166 0 1 0 0 0 0
 7 91913.000 97152.000 0 0 0.000 0.000 0.000 0.132 0 1 0 0 0 0
 8 106302.000 92997.000 0 0 0.000 0.000 0.000 0.143 0 1 0 0 0 0
 9 90308.000 99891.000 0 0 0.000 0.000 0.000 0.135 0 1 0 0 0 0
 10 103899.000 91161.000 0 0 0.000 0.000 0.000 0.131 0 1 0 0 0 0
 11 102244.000 90479.000 0 0 0.000 0.000 0.000 0.136 0 1 0 0 0 0
 12 97939.000 110399.000 0 0 0.000 0.000 0.000 0.141 0 1 0 0 0 0
 13 105258.000 109289.000 0 0 0.000 0.000 0.000 0.146 0 1 0 0 0 0
 14 89407.000 97455.000 0 0 0.000 0.000 0.000 0.174 0 1 0 0 0 0
 15 102416.000 111032.000 0 0 0.000 0.000 0.000 0.151 0 1 0 0 0 0
 16 91160.000 107428.000 0 0 0.000 0.000 0.000 0.152 0 1 0 0 0 0
 17 110993.000 95665.000 0 0 0.000 0.000 0.000 0.151 0 1 0 0 0 0
 18 106235.000 110376.000 0 0 0.000 0.000 0.000 0.132 0 1 0 0 0 0
 19 94654.000 110974.000 0 0 0.000 0.000 0.000 0.133 0 1 0 0 0 0
 20 107311.000 110584.000 0 0 0.000 0.000 0.000 0.167 0 1 0 0 0 0
 21 96923.000 112912.000 0 0 0.000 0.000 0.000 0.134 0 1 0 0 0 0
 22 107109.000 89313.000 0 0 0.000 0.000 0.000 0.149 0 1 0 0 0 0
 23 88755.000 107800.000 0 0 0.000 0.000 0.000 0.135 0 1 0 0 0 0
 24 92679.000 111857.000 0 0 0.000 0.000 0.000 0.140 0 1 0 0 0 0
 25 90494.000 110194.000 0 0 0.000 0.000 0.000 0.141 0 1 0 0 0 0
 26 102401.000 85005.000 0 0 0.000 0.000 0.000 0.137 0 1 0 0 0 0
 27 114262.000 105967.000 0 0 0.000 0.000 0.000 0.157 0 1 0 0 0 0
 28 106145.000 85946.000 0 0 0.000 0.000 0.000 0.141 0 1 0 0 0 0
 29 115445.000 104254.000 0 0 0.000 0.000 0.000 0.137 0 1 0 0 0 0
 30 90281.000 87377.000 0 0 0.000 0.000 0.000 0.145 0 1 0 0 0 0
 31 92940.000 115128.000 0 0 0.000 0.000 0.000 0.149 0 1 0 0 0 0
 32 112179.000 112338.000 0 0 0.000 0.000 0.000 0.145 0 1 0 0 0 0
 33 104916.000 83295.000 0 0 0.000 0.000 0.000 0.158 0 1 0 0 0 0
 34 82225.000 96446.000 0 0 0.000 0.000 0.000 0.138 0 1 0 0 0 0
 35 96532.000 82582.000 0 0 0.000 0.000 0.000 0.141 0 1 0 0 0 0
 36 110768.000 115185.000 0 0 0.000 0.000 0.000 0.141 0 1 0 0 0 0
 37 96509.000 82002.000 0 0 0.000 0.000 0.000 0.130 0 1 0 0 0 0
 38 85054.000 112826.000 0 0 0.000 0.000 0.000 0.158 0 1 0 0 0 0
 39 84363.000 112306.000 0 0 0.000 0.000 0.000 0.131 0 1 0 0 0 0
 40 90762.000 82650.000 0 0 0.000 0.000 0.000 0.151 0 1 0 0 0 0
 41 107466.000 118921.000 0 0 0.000 0.000 0.000 0.140 0 1 0 0 0 0
 42 84343.000 113294.000 0 0 0.000 0.000 0.000 0.146 0 1 0 0 0 0
 43 120556.000 98574.000 0 0 0.000 0.000 0.000 0.148 0 1 0 0 0 0
 44 119554.000 92974.000 0 0 0.000 0.000 0.000 0.147 0 1 0 0 0 0
 45 79294.000 108428.000 0 0 0.000 0.000 0.000 0.149 0 1 0 0 0 0
 46 78142.000 105185.000 0 0 0.000 0.000 0.000 0.131 0 1 0 0 0 0
 47 122353.000 103973.000 0 0 0.000 0.000 0.000 0.134 0 1 0 0 0 0
 48 122577.000 95853.000 0 0 0.000 0.000 0.000 0.134 0 1 0 0 0 0
 49 87912.000 80115.000 0 0 0.000 0.000 0.000 0.138 0 1 0 0 0 0
 50 76639.000 95615.000 0 0 0.000 0.000 0.000 0.136 0 1 0 0 0 0
 51 115708.000 82297.000 0 0 0.000 0.000 0.000 0.148 0 1 0 0 0 0
 52 101796.000 124594.000 0 0 0.000 0.000 0.000 0.136 0 1 0 0 0 0
 53 92160.000 76760.000 0 0 0.000 0.000 0.000 0.169 0 1 0 0 0 0
 54 96826.000 74853.000 0 0 0.000 0.000 0.000 0.143 0 1 0 0 0 0
 55 117019.000 81217.000 0 0 0.000 0.000 0.000 0.130 0 1 0 0 0 0
 56 75754.000 108846.000 0 0 0.000 0.000 0.000 0.141 0 1 0 0 0 0
 57 83689.000 120910.000 0 0 0.000 0.000 0.000 0.166 0 1 0 0 0 0
 58 88106.000 76404.000 0 0 0.000 0.000 0.000 0.146 0 1 0 0 0 0
 59 114612.000 77724.000 0 0 0.000 0.000 0.000 0.142 0 1 0 0 0 0
 60 127064.000 101874.000 0 0 0.000 0.000 0.000 0.150 0 1 0 0 0 0
 61 112986.000 124420.000 0 0 0.000 0.000 0.000 0.136 0 1 0 0 0 0
 62 125818.000 89590.000 0 0 0.000 0.000 0.000 0.143 0 1 0 0 0 0
 63 125036.000 112660.000 0 0 0.000 0.000 0.000 0.156 0 1 0 0 0 0
 64 115700.000 123332.000 0 0 0.000 0.000 0.000 0.139 0 1 0 0 0 0
 65 78839.000 81171.000 0 0 0.000 0.000 0.000 0.146 0 1 0 0 0 0
 66 87405.000 74753.000 0 0 0.000 0.000 0.000 0.136 0 1 0 0 0 0
 67 74174.000 87785.000 0 0 0.000 0.000 0.000 0.140 0 1 0 0 0 0
 68 97631.000 128782.000 0 0 0.000 0.000 0.000 0.132 0 1 0 0 0 0
 69 121297.000 80384.000 0 0 0.000 0.000 0.000 0.135 0 1 0 0 0 0
 70 73063.000 111752.000 0 0 0.000 0.000 0.000 0.131 0 1 0 0 0 0
 71 75135.000 116949.000 0 0 0.000 0.000 0.000 0.134 0 1 0 0 0 0
 72 130199.000 100840.000 0 0 0.000 0.000 0.000 0.154 0 1 0 0 0 0
 73 74461.000 83447.000 0 0 0.000 0.000 0.000 0.144 0 1 0 0 0 0
 74 69267.000 105194.000 0 0 0.000 0.000 0.000 0.144 0 1 0 0 0 0
 75 76351.000 79852.000 0 0 0.000 0.000 0.000 0.144 0 1 0 0 0 0
 76 128975.000 111734.000 0 0 0.000 0.000 0.000 0.134 0 1 0 0 0 0
 77 131060.000 96683.000 0 0 0.000 0.000 0.000 0.132 0 1 0 0 0 0
 78 70015.000 109918.000 0 0 0.000 0.000 0.000 0.143 0 1 0 0 0 0
 79 83918.000 73236.000 0 0 0.000 0.000 0.000 0.142 0 1 0 0 0 0
 80 80156.000 125006.000 0 0 0.000 0.000 0.000 0.143 0 1 0 0 0 0
 81 119754.000 75317.000 0 0 0.000 0.000 0.000 0.133 0 1 0 0 0 0
 82 113453.000 129123.000 0 0 0.000 0.000 0.000 0.154 0 1 0 0 0 0
 83 108309.000 69419.000 0 0 0.000 0.000 0.000 0.146 0 1 0 0 0 0
 84 77589.000 123240.000 0 0 0.000 0.000 0.000 0.139 0 1 0 0 0 0
 85 107508.000 131589.000 0 0 0.000 0.000 0.000 0.132 0 1 0 0 0 0
 86 122245.000 76870.000 0 0 0.000 0.000 0.000 0.144 0 1 0 0 0 0
 87 121256.000 75770.000 0 0 0.000 0.000 0.000 0.157 0 1 0 0 0 0
 88 67813.000 94195.000 0 0 0.000 0.000 0.000 0.131 0 1 0 0 0 0
 89 108897.000 68376.000 0 0 0.000 0.000 0.000 0.132 0 1 0 0 0 0
 90 133019.000 102893.000 0 0 0.000 0.000 0.000 0.150 0 1 0 0 0 0
 91 73483.000 120383.000 0 0 0.000 0.000 0.000 0.142 0 1 0 0 0 0
 92 102232.000 67019.000 0 0 0.000 0.000 0.000 0.133 0 1 0 0 0 0
 93 117620.000 71894.000 0 0 0.000 0.000 0.000 0.146 0 1 0 0 0 0
 94 117214.000 71240.000 0 0 0.000 0.000 0.000 0.135 0 1 0 0 0 0
 95 66098.000 103742.000 0 0 0.000 0.000 0.000 0.134 0 1 0 0 0 0
 96 94406.000 134659.000 0 0 0.000 0.000 0.000 0.134 0 1 0 0 0 0
 97 65069.000 103012.000 0 0 0.000 0.000 0.000 0.130 0 1 0 0 0 0
 98 127381.000 78429.000 0 0 0.000 0.000 0.000 0.157 0 1 0 0 0 0
 99 118557.000 69399.000 0 0 0.000 0.000 0.000 0.137 0 1 0 0 0 0
 100 81001.000 131097.000 0 0 0.000 0.000 0.000 0.148 0 1 0 0 0 0
 101 85680.000 66878.000 0 0 0.000 0.000 0.000 0.133 0 1 0 0 0 0
 102 110359.000 65535.000 0 0 0.000 0.000 0.000 0.130 0 1 0 0 0 0
 103 134431.000 88872.000 0 0 0.000 0.000 0.000 0.138 0 1 0 0 0 0
 104 116209.000 67668.000 0 0 0.000 0.000 0.000 0.133 0 1 0 0 0 0
 105 74592.000 126786.000 0 0 0.000 0.000 0.000 0.152 0 1 0 0 0 0
 106 74450.000 73757.000 0 0 0.000 0.000 0.000 0.148 0 1 0 0 0 0
 107 74778.000 73595.000 0 0 0.000 0.000 0.000 0.148 0 1 0 0 0 0
 108 63177.000 102060.000 0 0 0.000 0.000 0.000 0.132 0 1 0 0 0 0
 109 134702.000 86622.000 0 0 0.000 0.000 0.000 0.136 0 1 0 0 0 0
 110 76199.000 70180.000 0 0 0.000 0.000 0.000 0.138 0 1 0 0 0 0
 111 123265.000 130638.000 0 0 0.000 0.000 0.000 0.133 0 1 0 0 0 0
 112 137240.000 110078.000 0 0 0.000 0.000 0.000 0.139 0 1 0 0 0 0
 113 114091.000 136883.000 0 0 0.000 0.000 0.000 0.137 0 1 0 0 0 0
 114 115453.000 64185.000 0 0 0.000 0.000 0.000 0.130 0 1 0 0 0 0
 115 131057.000 76145.000 0 0 0.000 0.000 0.000 0.146 0 1 0 0 0 0
 116 78791.000 133674.000 0 0 0.000 0.000 0.000 0.136 0 1 0 0 0 0
 117 63641.000 83892.000 0 0 0.000 0.000 0.000 0.154 0 1 0 0 0 0
 118 103315.000 60523.000 0 0 0.000 0.000 0.000 0.143 0 1 0 0 0 0
 119 132373.000 123602.000 0 0 0.000 0.000 0.000 0.140 0 1 0 0 0 0
 120 64030.000 82182.000 0 0 0.000 0.000 0.000 0.141 0 1 0 0 0 0
 121 79553.000 65119.000 0 0 0.000 0.000 0.000 0.131 0 1 0 0 0 0
 122 84131.000 62589.000 0 0 0.000 0.000 0.000 0.138 0 1 0 0 0 0
 123 140923.000 99324.000 0 0 0.000 0.000 0.000 0.143 0 1 0 0 0 0
 124 60493.000 111667.000 0 0 0.000 0.000 0.000 0.143 0 1 0 0 0 0
 125 82855.000 62783.000 0 0 0.000 0.000 0.000 0.153 0 1 0 0 0 0
 126 103340.000 141349.000 0 0 0.000 0.000 0.000 0.166 0 1 0 0 0 0
 127 133611.000 124262.000 0 0 0.000 0.000 0.000 0.134 0 1 0 0 0 0
 128 71836.000 131302.000 0 0 0.000 0.000 0.000 0.142 0 1 0 0 0 0
 129 63421.000 120703.000 0 0 0.000 0.000 0.000 0.130 0 1 0 0 0 0
 130 59960.000 87392.000 0 0 0.000 0.000 0.000 0.138 0 1 0 0 0 0
 131 140862.000 90854.000 0 0 0.000 0.000 0.000 0.152 0 1 0 0 0 0
 132 97444.000 57789.000 0 0 0.000 0.000 0.000 0.137 0 1 0 0 0 0
 133 137180.000 79651.000 0 0 0.000 0.000 0.000 0.141 0 1 0 0 0 0
 134 142327.000 94365.000 0 0 0.000 0.000 0.000 0.149 0 1 0 0 0 0
 135 134848.000 75374.000 0 0 0.000 0.000 0.000 0.132 0 1 0 0 0 0
 136 76461.000 63647.000 0 0 0.000 0.000 0.000 200000.000 0 1 0 200 0 0
 137 135789.000 123796.000 0 0 0.000 0.000 0.000 0.164 0 1 0 0 0 0
 138 78778.000 62738.000 0 0 0.000 0.000 0.000 0.138 0 1 0 0 0 0
 139 69244.000 130575.000 0 0 0.000 0.000 0.000 0.135 0 1 0 0 0 0
 140 57576.000 110684.000 0 0 0.000 0.000 0.000 0.135 0 1 0 0 0 0
 141 57301.000 109565.000 0 0 0.000 0.000 0.000 0.133 0 1 0 0 0 0
 142 70724.000 67826.000 0 0 0.000 0.000 0.000 0.131 0 1 0 0 0 0
 143 56286.000 104929.000 0 0 0.000 0.000 0.000 0.136 0 1 0 0 0 0
 144 76586.000 63092.000 0 0 0.000 0.000 0.000 0.131 0 1 0 0 0 0
 145 120363.000 139357.000 0 0 0.000 0.000 0.000 0.148 0 1 0 0 0 0
 146 141477.000 115796.000 0 0 0.000 0.000 0.000 0.142 0 1 0 0 0 0
 147 136738.000 124838.000 0 0 0.000 0.000 0.000 0.140 0 1 0 0 0 0
 148 55757.000 102795.000 0 0 0.000 0.000 0.000 0.151 0 1 0 0 0 0
 149 91775.000 56657.000 0 0 0.000 0.000 0.000 0.157 0 1 0 0 0 0
 150 76676.000 63965.000 0 0 0.000 0.000 0.000 200000.000 0 1 0 200 0 0
 151 58791.000 118650.000 0 0 0.000 0.000 0.000 0.136 0 1 0 0 0 0
 152 54644.000 99151.000 0 0 0.000 0.000 0.000 0.157 0 1 0 0 0 0
 153 134952.000 71225.000 0 0 0.000 0.000 0.000 0.132 0 1 0 0 0 0
 154 145143.000 105931.000 0 0 0.000 0.000 0.000 0.143 0 1 0 0 0 0
 155 59727.000 121771.000 0 0 0.000 0.000 0.000 0.154 0 1 0 0 0 0
 156 61771.000 125868.000 0 0 0.000 0.000 0.000 0.143 0 1 0 0 0 0
 157 69983.000 65146.000 0 0 0.000 0.000 0.000 0.145 0 1 0 0 0 0
 158 120604.000 141729.000 0 0 0.000 0.000 0.000 0.136 0 1 0 0 0 0
 159 113018.000 55022.000 0 0 0.000 0.000 0.000 0.142 0 1 0 0 0 0
 160 104547.000 52940.000 0 0 0.000 0.000 0.000 0.149 0 1 0 0 0 0
 161 53364.000 111643.000 0 0 0.000 0.000 0.000 0.135 0 1 0 0 0 0
 162 90037.000 147046.000 0 0 0.000 0.000 0.000 0.416 0 1 0 0 0 0
 163 82031.000 55729.000 0 0 0.000 0.000 0.000 0.133 0 1 0 0 0 0
 164 79393.000 56642.000 0 0 0.000 0.000 0.000 0.135 0 1 0 0 0 0
 165 115945.000 54657.000 0 0 0.000 0.000 0.000 0.164 0 1 0 0 0 0
 166 51722.000 96000.000 0 0 0.000 0.000 0.000 0.144 0 1 0 0 0 0
 167 139147.000 71668.000 0 0 0.000 0.000 0.000 0.135 0 1 0 0 0 0
 168 99129.000 51412.000 0 0 0.000 0.000 0.000 0.141 0 1 0 0 0 0
 169 146761.000 114224.000 0 0 0.000 0.000 0.000 0.141 0 1 0 0 0 0
 170 102573.000 51219.000 0 0 0.000 0.000 0.000 0.147 0 1 0 0 0 0
 171 138172.000 69236.000 0 0 0.000 0.000 0.000 0.136 0 1 0 0 0 0
 172 77052.000 144364.000 0 0 0.000 0.000 0.000 0.137 0 1 0 0 0 0
 173 133157.000 63006.000 0 0 0.000 0.000 0.000 0.130 0 1 0 0 0 0
 174 97910.000 150206.000 0 0 0.000 0.000 0.000 0.134 0 1 0 0 0 0
 175 52351.000 84322.000 0 0 0.000 0.000 0.000 0.134 0 1 0 0 0 0
 176 135768.000 65223.000 0 0 0.000 0.000 0.000 0.159 0 1 0 0 0 0
 177 102631.000 49817.000 0 0 0.000 0.000 0.000 0.135 0 1 0 0 0 0
 178 101438.000 49628.000 0 0 0.000 0.000 0.000 0.167 0 1 0 0 0 0
 179 69653.000 58905.000 0 0 0.000 0.000 0.000 0.137 0 1 0 0 0 0
 180 88509.000 50300.000 0 0 0.000 0.000 0.000 0.133 0 1 0 0 0 0
 181 89268.000 49504.000 0 0 0.000 0.000 0.000 0.135 0 1 0 0 0 0
 182 87019.000 150634.000 0 0 0.000 0.000 0.000 0.142 0 1 0 0 0 0
 183 55157.000 73682.000 0 0 0.000 0.000 0.000 0.134 0 1 0 0 0 0
 184 110325.000 151714.000 0 0 0.000 0.000 0.000 0.139 0 1 0 0 0 0
 185 151428.000 89569.000 0 0 0.000 0.000 0.000 0.143 0 1 0 0 0 0
 186 86444.000 49343.000 0 0 0.000 0.000 0.000 0.147 0 1 0 0 0 0
 187 145824.000 126211.000 0 0 0.000 0.000 0.000 0.168 0 1 0 0 0 0
 188 54441.000 73255.000 0 0 0.000 0.000 0.000 0.139 0 1 0 0 0 0
 189 50936.000 79811.000 0 0 0.000 0.000 0.000 0.139 0 1 0 0 0 0
 190 101422.000 153365.000 0 0 0.000 0.000 0.000 0.141 0 1 0 0 0 0
 191 105759.000 153189.000 0 0 0.000 0.000 0.000 0.133 0 1 0 0 0 0
 192 85454.000 48693.000 0 0 0.000 0.000 0.000 0.160 0 1 0 0 0 0
 193 86620.000 48314.000 0 0 0.000 0.000 0.000 0.137 0 1 0 0 0 0
 194 55947.000 131370.000 0 0 0.000 0.000 0.000 0.144 0 1 0 0 0 0
 195 53380.000 127824.000 0 0 0.000 0.000 0.000 0.141 0 1 0 0 0 0
 196 145398.000 129678.000 0 0 0.000 0.000 0.000 0.148 0 1 0 0 0 0
 197 45666.000 93060.000 0 0 0.000 0.000 0.000 0.144 0 1 0 0 0 0
 198 46022.000 87916.000 0 0 0.000 0.000 0.000 0.137 0 1 0 0 0 0
 199 150759.000 122249.000 0 0 0.000 0.000 0.000 0.134 0 1 0 0 0 0
 200 112199.000 46113.000 0 0 0.000 0.000 0.000 0.156 0 1 0 0 0 0
 201 154398.000 90030.000 0 0 0.000 0.000 0.000 0.133 0 1 0 0 0 0
 202 116389.000 47003.000 0 0 0.000 0.000 0.000 0.137 0 1 0 0 0 0
 203 128456.000 148237.000 0 0 0.000 0.000 0.000 0.135 0 1 0 0 0 0
 204 110160.000 45041.000 0 0 0.000 0.000 0.000 0.154 0 1 0 0 0 0
 205 43400.000 105606.000 0 0 0.000 0.000 0.000 0.137 0 1 0 0 0 0
 206 76045.000 48728.000 0 0 0.000 0.000 0.000 0.148 0 1 0 0 0 0
 207 53333.000 132839.000 0 0 0.000 0.000 0.000 0.142 0 1 0 0 0 0
 208 151048.000 125545.000 0 0 0.000 0.000 0.000 0.130 0 1 0 0 0 0
 209 54726.000 65307.000 0 0 0.000 0.000 0.000 0.136 0 1 0 0 0 0
 210 111274.000 44110.000 0 0 0.000 0.000 0.000 0.149 0 1 0 0 0 0
 211 111203.000 43960.000 0 0 0.000 0.000 0.000 0.157 0 1 0 0 0 0
 212 133381.000 147206.000 0 0 0.000 0.000 0.000 0.132 0 1 0 0 0 0
 213 79065.000 154193.000 0 0 0.000 0.000 0.000 0.137 0 1 0 0 0 0
 214 83093.000 44888.000 0 0 0.000 0.000 0.000 0.132 0 1 0 0 0 0
 215 75587.000 47110.000 0 0 0.000 0.000 0.000 0.141 0 1 0 0 0 0
 216 155783.000 82472.000 0 0 0.000 0.000 0.000 0.131 0 1 0 0 0 0
 217 156546.000 82676.000 0 0 0.000 0.000 0.000 0.131 0 1 0 0 0 0
 218 130375.000 151074.000 0 0 0.000 0.000 0.000 0.135 0 1 0 0 0 0
 219 97602.000 40891.000 0 0 0.000 0.000 0.000 0.153 0 1 0 0 0 0
 220 159114.000 94375.000 0 0 0.000 0.000 0.000 0.132 0 1 0 0 0 0
 221 76984.000 45368.000 0 0 0.000 0.000 0.000 0.144 0 1 0 0 0 0
 222 158042.000 87273.000 0 0 0.000 0.000 0.000 0.147 0 1 0 0 0 0
 223 153615.000 72921.000 0 0 0.000 0.000 0.000 0.135 0 1 0 0 0 0
 224 156413.000 121862.000 0 0 0.000 0.000 0.000 0.131 0 1 0 0 0 0
 225 39214.000 104007.000 0 0 0.000 0.000 0.000 0.132 0 1 0 0 0 0
 226 141144.000 55323.000 0 0 0.000 0.000 0.000 0.138 0 1 0 0 0 0
 227 44633.000 125842.000 0 0 0.000 0.000 0.000 0.131 0 1 0 0 0 0
 228 110414.000 40117.000 0 0 0.000 0.000 0.000 0.147 0 1 0 0 0 0
 229 91013.000 39627.000 0 0 0.000 0.000 0.000 0.139 0 1 0 0 0 0
 230 109187.000 39705.000 0 0 0.000 0.000 0.000 0.162 0 1 0 0 0 0
 231 109222.000 39785.000 0 0 0.000 0.000 0.000 0.149 0 1 0 0 0 0
 232 47180.000 131496.000 0 0 0.000 0.000 0.000 0.131 0 1 0 0 0 0
 233 124087.000 43768.000 0 0 0.000 0.000 0.000 0.130 0 1 0 0 0 0
 234 89574.000 160902.000 0 0 0.000 0.000 0.000 0.140 0 1 0 0 0 0
 235 109042.000 39421.000 0 0 0.000 0.000 0.000 0.155 0 1 0 0 0 0
 236 42126.000 121783.000 0 0 0.000 0.000 0.000 0.131 0 1 0 0 0 0
 237 48505.000 65656.000 0 0 0.000 0.000 0.000 0.133 0 1 0 0 0 0
 238 42510.000 76417.000 0 0 0.000 0.000 0.000 0.141 0 1 0 0 0 0
 239 97794.000 38035.000 0 0 0.000 0.000 0.000 0.135 0 1 0 0 0 0
 240 125232.000 43369.000 0 0 0.000 0.000 0.000 0.140 0 1 0 0 0 0
 241 56974.000 54050.000 0 0 0.000 0.000 0.000 0.135 0 1 0 0 0 0
 242 116315.000 39078.000 0 0 0.000 0.000 0.000 0.135 0 1 0 0 0 0
 243 131429.000 45326.000 0 0 0.000 0.000 0.000 0.131 0 1 0 0 0 0
 244 51093.000 59843.000 0 0 0.000 0.000 0.000 0.134 0 1 0 0 0 0
 245 35885.000 103102.000 0 0 0.000 0.000 0.000 0.138 0 1 0 0 0 0
 246 35958.000 102131.000 0 0 0.000 0.000 0.000 0.149 0 1 0 0 0 0
 247 164162.000 98377.000 0 0 0.000 0.000 0.000 0.133 0 1 0 0 0 0
 248 90090.000 36849.000 0 0 0.000 0.000 0.000 0.130 0 1 0 0 0 0
 249 157731.000 71886.000 0 0 0.000 0.000 0.000 0.133 0 1 0 0 0 0
 250 163946.000 110537.000 0 0 0.000 0.000 0.000 0.134 0 1 0 0 0 0
 251 163930.000 112028.000 0 0 0.000 0.000 0.000 0.167 0 1 0 0 0 0
 252 59215.000 151553.000 0 0 0.000 0.000 0.000 0.132 0 1 0 0 0 0
 253 156899.000 132971.000 0 0 0.000 0.000 0.000 0.146 0 1 0 0 0 0
 254 122435.000 38234.000 0 0 0.000 0.000 0.000 0.133 0 1 0 0 0 0
 255 66334.000 157298.000 0 0 0.000 0.000 0.000 0.136 0 1 0 0 0 0
 256 166106.000 106864.000 0 0 0.000 0.000 0.000 0.144 0 1 0 0 0 0
 257 162479.000 122826.000 0 0 0.000 0.000 0.000 0.148 0 1 0 0 0 0
 258 98445.000 33679.000 0 0 0.000 0.000 0.000 0.131 0 1 0 0 0 0
 259 80593.000 164178.000 0 0 0.000 0.000 0.000 0.151 0 1 0 0 0 0
 260 166612.000 105433.000 0 0 0.000 0.000 0.000 0.143 0 1 0 0 0 0
 261 146545.000 148448.000 0 0 0.000 0.000 0.000 0.153 0 1 0 0 0 0
 262 42868.000 135626.000 0 0 0.000 0.000 0.000 0.138 0 1 0 0 0 0
 263 45660.000 60283.000 0 0 0.000 0.000 0.000 0.143 0 1 0 0 0 0
 264 34150.000 114863.000 0 0 0.000 0.000 0.000 0.131 0 1 0 0 0 0
 265 164653.000 81135.000 0 0 0.000 0.000 0.000 0.149 0 1 0 0 0 0
 266 154228.000 141382.000 0 0 0.000 0.000 0.000 0.133 0 1 0 0 0 0
 267 124531.000 163898.000 0 0 0.000 0.000 0.000 0.130 0 1 0 0 0 0
 268 93595.000 32196.000 0 0 0.000 0.000 0.000 0.141 0 1 0 0 0 0
 269 46790.000 143616.000 0 0 0.000 0.000 0.000 0.138 0 1 0 0 0 0
 270 45851.000 58067.000 0 0 0.000 0.000 0.000 0.132 0 1 0 0 0 0
 271 84774.000 32333.000 0 0 0.000 0.000 0.000 0.144 0 1 0 0 0 0
 272 100719.000 29979.000 0 0 0.000 0.000 0.000 0.144 0 1 0 0 0 0
 273 53863.000 46989.000 0 0 0.000 0.000 0.000 0.134 0 1 0 0 0 0
 274 30191.000 112584.000 0 0 0.000 0.000 0.000 0.145 0 1 0 0 0 0
 275 133429.000 37339.000 0 0 0.000 0.000 0.000 0.130 0 1 0 0 0 0
 276 103437.000 28524.000 0 0 0.000 0.000 0.000 0.131 0 1 0 0 0 0
 277 98915.000 172670.000 0 0 0.000 0.000 0.000 0.139 0 1 0 0 0 0
 278 146362.000 44604.000 0 0 0.000 0.000 0.000 0.142 0 1 0 0 0 0
 279 37156.000 136721.000 0 0 0.000 0.000 0.000 0.133 0 1 0 0 0 0
 280 89805.000 28181.000 0 0 0.000 0.000 0.000 0.144 0 1 0 0 0 0
 281 65767.000 164972.000 0 0 0.000 0.000 0.000 0.138 0 1 0 0 0 0
 282 52556.000 44409.000 0 0 0.000 0.000 0.000 0.132 0 1 0 0 0 0
 283 58190.000 160510.000 0 0 0.000 0.000 0.000 0.131 0 1 0 0 0 0
 284 113006.000 27616.000 0 0 0.000 0.000 0.000 0.137 0 1 0 0 0 0
 285 78242.000 170890.000 0 0 0.000 0.000 0.000 0.135 0 1 0 0 0 0
 286 139726.000 37529.000 0 0 48.000 56.000 2688.000 51.845 0 1 1 200 0 0
 287 139501.000 36970.000 0 0 48.000 56.000 2688.000 51.845 0 1 1 200 0 0
 288 140125.000 37367.000 0 0 48.000 56.000 2688.000 51.845 0 1 1 200 0 0
 289 139734.000 36955.000 0 0 48.000 56.000 2688.000 51.845 0 1 1 200 0 0
 290 139733.000 37184.000 0 0 48.000 56.000 2688.000 51.845 0 1 1 200 0 0
 291 148468.000 42923.000 0 0 0.000 0.000 0.000 0.206 0 1 0 0 0 0
 292 25139.000 90116.000 0 0 0.000 0.000 0.000 0.134 0 1 0 0 0 0
 293 169359.000 130047.000 0 0 0.000 0.000 0.000 0.131 0 1 0 0 0 0
 294 175648.000 97308.000 0 0 0.000 0.000 0.000 0.138 0 1 0 0 0 0
 295 41252.000 148918.000 0 0 0.000 0.000 0.000 0.132 0 1 0 0 0 0
 296 24723.000 86688.000 0 0 0.000 0.000 0.000 0.152 0 1 0 0 0 0
 297 175416.000 113277.000 0 0 0.000 0.000 0.000 0.143 0 1 0 0 0 0
 298 166152.000 60582.000 0 0 0.000 0.000 0.000 0.137 0 1 0 0 0 0
 299 30717.000 65868.000 0 0 0.000 0.000 0.000 0.135 0 1 0 0 0 0
 300 55245.000 35625.000 0 0 0.000 0.000 0.000 0.135 0 1 0 0 0 0
 301 167371.000 56462.000 0 0 0.000 0.000 0.000 0.139 0 1 0 0 0 0
 302 41262.000 155816.000 0 0 0.000 0.000 0.000 0.140 0 1 0 0 0 0
 303 39698.000 45509.000 0 0 0.000 0.000 0.000 0.135 0 1 0 0 0 0
 304 171639.000 58909.000 0 0 0.000 0.000 0.000 0.183 0 1 0 0 0 0
 305 85798.000 16771.000 0 0 0.000 0.000 0.000 0.131 0 1 0 0 0 0
 306 138240.000 176044.000 0 0 0.000 0.000 0.000 0.136 0 1 0 0 0 0
 307 69293.000 179641.000 0 0 0.000 0.000 0.000 0.142 0 1 0 0 0 0
 308 20200.000 131576.000 0 0 0.000 0.000 0.000 0.437 0 1 0 0 0 0
 309 182203.000 125184.000 0 0 0.000 0.000 0.000 0.135 0 1 0 0 0 0
 310 174215.000 53461.000 0 0 0.000 0.000 0.000 0.150 0 1 0 0 0 0
 311 174423.000 53853.000 0 0 0.000 0.000 0.000 0.131 0 1 0 0 0 0
 312 172877.000 51081.000 0 0 0.000 0.000 0.000 0.182 0 1 0 0 0 0
 313 178854.000 60836.000 0 0 0.000 0.000 0.000 0.131 0 1 0 0 0 0
 314 168959.000 44943.000 0 0 0.000 0.000 0.000 0.160 0 1 0 0 0 0
 315 181220.000 64973.000 0 0 0.000 0.000 0.000 0.138 0 1 0 0 0 0
 316 182065.000 66025.000 0 0 0.000 0.000 0.000 0.141 0 1 0 0 0 0
 317 182525.000 66721.000 0 0 0.000 0.000 0.000 0.142 0 1 0 0 0 0
 318 161428.000 34336.000 0 0 0.000 0.000 0.000 0.131 0 1 0 0 0 0
 319 166514.000 39523.000 0 0 0.000 0.000 0.000 0.161 0 1 0 0 0 0
 320 182704.000 64560.000 0 0 0.000 0.000 0.000 0.145 0 1 0 0 0 0
 321 185825.000 70744.000 0 0 0.000 0.000 0.000 0.136 0 1 0 0 0 0
 322 185529.000 65841.000 0 0 0.000 0.000 0.000 0.184 0 1 0 0 0 0;
ProcessEquipmentIDList 1
  "6632" ;
SummarySpec 5
  TESTNO    NDEFECT    DEFDENSITY    NDIE    NDEFDIE  ;
SummaryList 
  1    322    1.177    1    1  ;
EndOfFile;
