FileVersion 1 2;
FileTimestamp 01-11-26 14:57:48;
InspectionStationID "KLA-Tencor" "SFSSP1" "0901-0728-TBI";
SampleType WAFER;
ResultTimestamp 01-11-26 14:45:31;
LotID "2580";
SampleSize 1 200;
DeviceID "None";
SetupID "T2-2580NR" 01-11-26 14:45:31;
StepID "6492";
SampleOrientationMarkType NOTCH;
OrientationMarkLocation DOWN;
DiePitch 200000 200000;
DieOrigin 0 0;
WaferID "21";
Slot 21;
SampleCenterLocation 100000 100000;
ClassLookup 1
  0 "0"  ;
OrientationInstructions "Front";
CoordinatesMirrored No;
InspectionTest 1;
SampleTestPlan 1
  0 0 ;
AreaPerTest 2.73517e+010;
ClusterClassificationList 6
  5 210 
  4 210 
  6 210 
  3 200 
  2 200 
  1 210 ;
DefectRecordSpec 15 DEFECTID XREL YREL XINDEX YINDEX XSIZE YSIZE DEFECTAREA DSIZE CLASSNUMBER TEST CLUSTERNUMBER ROUGHBINNUMBER FINEBINNUMBER REVIEWSAMPLE ;
DefectList
 1 97274.000 97593.000 0 0 0.000 0.000 0.000 0.148 0 1 0 0 0 0
 2 104176.000 102486.000 0 0 0.000 0.000 0.000 0.158 0 1 0 0 0 0
 3 104197.000 97147.000 0 0 0.000 0.000 0.000 0.185 0 1 0 0 0 0
 4 94894.000 98267.000 0 0 0.000 0.000 0.000 0.142 0 1 0 0 0 0
 5 103484.000 95442.000 0 0 0.000 0.000 0.000 0.182 0 1 0 0 0 0
 6 104802.000 96395.000 0 0 0.000 0.000 0.000 0.142 0 1 0 0 0 0
 7 92588.000 101301.000 0 0 0.000 0.000 0.000 0.143 0 1 0 0 0 0
 8 104239.000 93286.000 0 0 0.000 0.000 0.000 0.135 0 1 0 0 0 0
 9 102665.000 108606.000 0 0 0.000 0.000 0.000 0.133 0 1 0 0 0 0
 10 103294.000 91778.000 0 0 0.000 0.000 0.000 0.138 0 1 0 0 0 0
 11 109537.000 98922.000 0 0 0.000 0.000 0.000 0.130 0 1 0 0 0 0
 12 106513.000 108090.000 0 0 0.000 0.000 0.000 0.139 0 1 0 0 0 0
 13 107533.000 93263.000 0 0 0.000 0.000 0.000 0.208 0 1 0 0 0 0
 14 107300.000 92721.000 0 0 0.000 0.000 0.000 0.234 0 1 0 0 0 0
 15 107064.000 92189.000 0 0 0.000 0.000 0.000 0.272 0 1 0 0 0 0
 16 101819.000 89177.000 0 0 0.000 0.000 0.000 0.164 0 1 0 0 0 0
 17 103681.000 89183.000 0 0 0.000 0.000 0.000 0.131 0 1 0 0 0 0
 18 105814.000 90120.000 0 0 0.000 0.000 0.000 0.215 0 1 0 0 0 0
 19 110960.000 96306.000 0 0 0.000 0.000 0.000 0.131 0 1 0 0 0 0
 20 111006.000 96388.000 0 0 0.000 0.000 0.000 0.151 0 1 0 0 0 0
 21 103595.000 88969.000 0 0 0.000 0.000 0.000 0.145 0 1 0 0 0 0
 22 111270.000 97004.000 0 0 0.000 0.000 0.000 0.159 0 1 0 0 0 0
 23 106059.000 89861.000 0 0 0.000 0.000 0.000 0.185 0 1 0 0 0 0
 24 87896.000 101706.000 0 0 0.000 0.000 0.000 0.151 0 1 0 0 0 0
 25 103362.000 88411.000 0 0 0.000 0.000 0.000 0.173 0 1 0 0 0 0
 26 112170.000 101456.000 0 0 0.000 0.000 0.000 0.168 0 1 0 0 0 0
 27 112738.000 100317.000 0 0 0.000 0.000 0.000 0.149 0 1 0 0 0 0
 28 88690.000 106659.000 0 0 0.000 0.000 0.000 0.136 0 1 0 0 0 0
 29 113034.000 100969.000 0 0 0.000 0.000 0.000 0.184 0 1 0 0 0 0
 30 101511.000 86653.000 0 0 0.000 0.000 0.000 0.136 0 1 0 0 0 0
 31 107557.000 88773.000 0 0 0.000 0.000 0.000 0.229 0 1 0 0 0 0
 32 109069.000 110512.000 0 0 0.000 0.000 0.000 0.136 0 1 0 0 0 0
 33 102555.000 86432.000 0 0 0.000 0.000 0.000 0.164 0 1 0 0 0 0
 34 104336.000 86678.000 0 0 0.000 0.000 0.000 0.152 0 1 0 0 0 0
 35 107176.000 87927.000 0 0 0.000 0.000 0.000 0.155 0 1 0 0 0 0
 36 111000.000 91301.000 0 0 0.000 0.000 0.000 0.139 0 1 0 0 0 0
 37 93680.000 113202.000 0 0 0.000 0.000 0.000 0.137 0 1 0 0 0 0
 38 110696.000 90658.000 0 0 0.000 0.000 0.000 0.140 0 1 0 0 0 0
 39 113207.000 94707.000 0 0 0.000 0.000 0.000 0.139 0 1 0 0 0 0
 40 104209.000 86370.000 0 0 0.000 0.000 0.000 0.160 0 1 0 0 0 0
 41 113875.000 95949.000 0 0 0.000 0.000 0.000 0.135 0 1 0 0 0 0
 42 86261.000 105586.000 0 0 0.000 0.000 0.000 0.136 0 1 0 0 0 0
 43 110023.000 89231.000 0 0 0.000 0.000 0.000 0.145 0 1 0 0 0 0
 44 114107.000 95579.000 0 0 0.000 0.000 0.000 0.165 0 1 0 0 0 0
 45 103971.000 85790.000 0 0 0.000 0.000 0.000 0.160 0 1 0 0 0 0
 46 104293.000 85719.000 0 0 0.000 0.000 0.000 0.139 0 1 0 0 0 0
 47 104985.000 114619.000 0 0 0.000 0.000 0.000 0.143 0 1 0 0 0 0
 48 85834.000 94007.000 0 0 0.000 0.000 0.000 0.149 0 1 0 0 0 0
 49 100238.000 85038.000 0 0 0.000 0.000 0.000 0.147 0 1 0 0 0 0
 50 100143.000 84790.000 0 0 0.000 0.000 0.000 0.239 0 1 0 0 0 0
 51 109317.000 87737.000 0 0 0.000 0.000 0.000 0.169 0 1 0 0 0 0
 52 109041.000 87155.000 0 0 0.000 0.000 0.000 0.177 0 1 0 0 0 0
 53 115776.000 99097.000 0 0 0.000 0.000 0.000 0.133 0 1 0 0 0 0
 54 115793.000 100124.000 0 0 0.000 0.000 0.000 0.157 0 1 0 0 0 0
 55 109914.000 112844.000 0 0 0.000 0.000 0.000 0.138 0 1 0 0 0 0
 56 108899.000 86853.000 0 0 0.000 0.000 0.000 0.137 0 1 0 0 0 0
 57 112262.000 89719.000 0 0 0.000 0.000 0.000 0.143 0 1 0 0 0 0
 58 103428.000 84477.000 0 0 0.000 0.000 0.000 0.157 0 1 0 0 0 0
 59 114706.000 107182.000 0 0 0.000 0.000 0.000 0.260 0 1 0 0 0 0
 60 112525.000 110678.000 0 0 0.000 0.000 0.000 0.221 0 1 0 0 0 0
 61 115310.000 94598.000 0 0 0.000 0.000 0.000 0.131 0 1 0 0 0 0
 62 84171.000 105477.000 0 0 0.000 0.000 0.000 0.136 0 1 0 0 0 0
 63 115952.000 95918.000 0 0 0.000 0.000 0.000 0.151 0 1 0 0 0 0
 64 113238.000 89713.000 0 0 0.000 0.000 0.000 0.170 0 1 0 0 0 0
 65 116734.000 103171.000 0 0 54.000 32.000 1728.000 41.569 0 1 5 210 0 0
 66 116915.000 96705.000 0 0 0.000 0.000 0.000 0.138 0 1 0 0 0 0
 67 98610.000 82863.000 0 0 0.000 0.000 0.000 0.151 0 1 0 0 0 0
 68 105304.000 83685.000 0 0 0.000 0.000 0.000 0.165 0 1 0 0 0 0
 69 117301.000 102237.000 0 0 0.000 0.000 0.000 0.145 0 1 0 0 0 0
 70 113151.000 112050.000 0 0 0.000 0.000 0.000 0.145 0 1 0 0 0 0
 71 98514.000 82595.000 0 0 0.000 0.000 0.000 0.148 0 1 0 0 0 0
 72 112841.000 88017.000 0 0 0.000 0.000 0.000 0.137 0 1 0 0 0 0
 73 115998.000 92592.000 0 0 0.000 0.000 0.000 0.144 0 1 0 0 0 0
 74 117222.000 104343.000 0 0 54.000 36.000 1944.000 44.090 0 1 5 210 0 0
 75 110742.000 114373.000 0 0 0.000 0.000 0.000 0.144 0 1 0 0 0 0
 76 83221.000 106643.000 0 0 0.000 0.000 0.000 0.135 0 1 0 0 0 0
 77 107564.000 83981.000 0 0 0.000 0.000 0.000 0.173 0 1 0 0 0 0
 78 117523.000 104946.000 0 0 56.000 36.000 2016.000 44.899 0 1 5 210 0 0
 79 115735.000 109397.000 0 0 0.000 0.000 0.000 0.144 0 1 0 0 0 0
 80 118130.000 97403.000 0 0 0.000 0.000 0.000 0.143 0 1 0 0 0 0
 81 99034.000 81717.000 0 0 0.000 0.000 0.000 0.138 0 1 0 0 0 0
 82 110591.000 84937.000 0 0 0.000 0.000 0.000 0.183 0 1 0 0 0 0
 83 117772.000 105462.000 0 0 54.000 38.000 2052.000 45.299 0 1 5 210 0 0
 84 98947.000 81471.000 0 0 0.000 0.000 0.000 0.153 0 1 0 0 0 0
 85 103714.000 81855.000 0 0 0.000 0.000 0.000 0.132 0 1 0 0 0 0
 86 117936.000 105779.000 0 0 54.000 38.000 2052.000 45.299 0 1 5 210 0 0
 87 104482.000 81778.000 0 0 0.000 0.000 0.000 0.281 0 1 0 0 0 0
 88 116141.000 110245.000 0 0 0.000 0.000 0.000 0.313 0 1 0 0 0 0
 89 118147.000 106190.000 0 0 54.000 40.000 2160.000 46.475 0 1 5 210 0 0
 90 85096.000 88082.000 0 0 0.000 0.000 0.000 0.132 0 1 0 0 0 0
 91 119182.000 102478.000 0 0 0.000 0.000 0.000 0.156 0 1 0 0 0 0
 92 118318.000 106526.000 0 0 56.000 40.000 2240.000 47.328 0 1 5 210 0 0
 93 105650.000 81553.000 0 0 0.000 0.000 0.000 0.150 0 1 0 0 0 0
 94 106685.000 82054.000 0 0 0.000 0.000 0.000 0.174 0 1 0 0 0 0
 95 118426.000 106751.000 0 0 56.000 40.000 2240.000 47.328 0 1 5 210 0 0
 96 97770.000 80651.000 0 0 0.000 0.000 0.000 0.132 0 1 0 0 0 0
 97 110626.000 83653.000 0 0 0.000 0.000 0.000 0.139 0 1 0 0 0 0
 98 107079.000 81715.000 0 0 0.000 0.000 0.000 0.133 0 1 0 0 0 0
 99 118944.000 94520.000 0 0 0.000 0.000 0.000 0.133 0 1 0 0 0 0
 100 103134.000 80460.000 0 0 0.000 0.000 0.000 0.137 0 1 0 0 0 0
 101 104035.000 80697.000 0 0 0.000 0.000 0.000 0.152 0 1 0 0 0 0
 102 112483.000 115743.000 0 0 0.000 0.000 0.000 0.169 0 1 0 0 0 0
 103 97704.000 80252.000 0 0 0.000 0.000 0.000 0.200 0 1 0 0 0 0
 104 106869.000 81246.000 0 0 0.000 0.000 0.000 0.131 0 1 0 0 0 0
 105 114269.000 114443.000 0 0 0.000 0.000 0.000 0.140 0 1 0 0 0 0
 106 79813.000 97312.000 0 0 0.000 0.000 0.000 0.131 0 1 0 0 0 0
 107 98366.000 79814.000 0 0 0.000 0.000 0.000 0.181 0 1 0 0 0 0
 108 80484.000 93268.000 0 0 0.000 0.000 0.000 0.134 0 1 0 0 0 0
 109 120778.000 98570.000 0 0 0.000 0.000 0.000 0.140 0 1 0 0 0 0
 110 105824.000 80128.000 0 0 0.000 0.000 0.000 0.135 0 1 0 0 0 0
 111 97347.000 79193.000 0 0 0.000 0.000 0.000 0.219 0 1 0 0 0 0
 112 117275.000 112595.000 0 0 0.000 0.000 0.000 0.155 0 1 0 0 0 0
 113 94893.000 120927.000 0 0 0.000 0.000 0.000 0.137 0 1 0 0 0 0
 114 118123.000 111695.000 0 0 0.000 0.000 0.000 0.131 0 1 0 0 0 0
 115 108739.000 80880.000 0 0 0.000 0.000 0.000 0.202 0 1 0 0 0 0
 116 85019.000 84207.000 0 0 0.000 0.000 0.000 0.134 0 1 0 0 0 0
 117 102343.000 78482.000 0 0 0.000 0.000 0.000 0.303 0 1 0 0 0 0
 118 119912.000 109625.000 0 0 0.000 0.000 0.000 0.144 0 1 0 0 0 0
 119 118675.000 112778.000 0 0 0.000 0.000 0.000 0.154 0 1 0 0 0 0
 120 105533.000 78200.000 0 0 0.000 0.000 0.000 0.182 0 1 0 0 0 0
 121 120954.000 109371.000 0 0 0.000 0.000 0.000 0.146 0 1 0 0 0 0
 122 100075.000 123237.000 0 0 0.000 0.000 0.000 0.151 0 1 0 0 0 0
 123 85282.000 118505.000 0 0 0.000 0.000 0.000 0.138 0 1 0 0 0 0
 124 119501.000 87426.000 0 0 0.000 0.000 0.000 0.133 0 1 0 0 0 0
 125 107933.000 78046.000 0 0 0.000 0.000 0.000 0.178 0 1 0 0 0 0
 126 117312.000 116211.000 0 0 0.000 0.000 0.000 0.203 0 1 0 0 0 0
 127 113383.000 120124.000 0 0 0.000 0.000 0.000 0.138 0 1 0 0 0 0
 128 102206.000 76211.000 0 0 0.000 0.000 0.000 0.256 0 1 0 0 0 0
 129 95256.000 76273.000 0 0 0.000 0.000 0.000 0.145 0 1 0 0 0 0
 130 105211.000 76444.000 0 0 0.000 0.000 0.000 0.183 0 1 0 0 0 0
 131 80973.000 116174.000 0 0 0.000 0.000 0.000 0.135 0 1 0 0 0 0
 132 101196.000 75571.000 0 0 0.000 0.000 0.000 0.131 0 1 0 0 0 0
 133 122081.000 111453.000 0 0 0.000 0.000 0.000 0.137 0 1 0 0 0 0
 134 123011.000 109829.000 0 0 0.000 0.000 0.000 0.131 0 1 0 0 0 0
 135 77465.000 111611.000 0 0 0.000 0.000 0.000 0.132 0 1 0 0 0 0
 136 123176.000 110130.000 0 0 0.000 0.000 0.000 0.165 0 1 0 0 0 0
 137 122363.000 111967.000 0 0 0.000 0.000 0.000 0.168 0 1 0 0 0 0
 138 122431.000 88298.000 0 0 0.000 0.000 0.000 0.131 0 1 0 0 0 0
 139 105169.000 75031.000 0 0 0.000 0.000 0.000 0.132 0 1 0 0 0 0
 140 95851.000 74599.000 0 0 0.000 0.000 0.000 0.156 0 1 0 0 0 0
 141 96572.000 74483.000 0 0 0.000 0.000 0.000 0.175 0 1 0 0 0 0
 142 123791.000 111251.000 0 0 0.000 0.000 0.000 0.133 0 1 0 0 0 0
 143 105530.000 74281.000 0 0 0.000 0.000 0.000 0.138 0 1 0 0 0 0
 144 100435.000 73592.000 0 0 0.000 0.000 0.000 0.279 0 1 0 0 0 0
 145 124260.000 112084.000 0 0 0.000 0.000 0.000 0.145 0 1 0 0 0 0
 146 113363.000 123711.000 0 0 0.000 0.000 0.000 0.204 0 1 0 0 0 0
 147 95525.000 73572.000 0 0 0.000 0.000 0.000 0.186 0 1 0 0 0 0
 148 125758.000 108551.000 0 0 0.000 0.000 0.000 0.148 0 1 0 0 0 0
 149 97649.000 72978.000 0 0 0.000 0.000 0.000 0.157 0 1 0 0 0 0
 150 115921.000 77797.000 0 0 0.000 0.000 0.000 0.149 0 1 0 0 0 0
 151 108594.000 126375.000 0 0 0.000 0.000 0.000 0.130 0 1 0 0 0 0
 152 100810.000 72599.000 0 0 0.000 0.000 0.000 0.220 0 1 0 0 0 0
 153 105207.000 73028.000 0 0 0.000 0.000 0.000 0.149 0 1 0 0 0 0
 154 113779.000 124584.000 0 0 0.000 0.000 0.000 0.141 0 1 0 0 0 0
 155 86128.000 124934.000 0 0 0.000 0.000 0.000 0.138 0 1 0 0 0 0
 156 100555.000 71927.000 0 0 0.000 0.000 0.000 0.159 0 1 0 0 0 0
 157 125037.000 113477.000 0 0 0.000 0.000 0.000 0.137 0 1 0 0 0 0
 158 76912.000 83672.000 0 0 0.000 0.000 0.000 0.162 0 1 0 0 0 0
 159 98957.000 71831.000 0 0 0.000 0.000 0.000 0.165 0 1 0 0 0 0
 160 102349.000 71865.000 0 0 0.000 0.000 0.000 0.143 0 1 0 0 0 0
 161 103275.000 71873.000 0 0 0.000 0.000 0.000 0.135 0 1 0 0 0 0
 162 107886.000 72900.000 0 0 0.000 0.000 0.000 0.135 0 1 0 0 0 0
 163 115875.000 124081.000 0 0 0.000 0.000 0.000 0.136 0 1 0 0 0 0
 164 107147.000 72069.000 0 0 0.000 0.000 0.000 0.133 0 1 0 0 0 0
 165 128849.000 101978.000 0 0 0.000 0.000 0.000 0.156 0 1 0 0 0 0
 166 119242.000 122034.000 0 0 0.000 0.000 0.000 0.137 0 1 0 0 0 0
 167 102109.000 71276.000 0 0 0.000 0.000 0.000 0.163 0 1 0 0 0 0
 168 95348.000 129187.000 0 0 0.000 0.000 0.000 0.131 0 1 0 0 0 0
 169 80244.000 78434.000 0 0 0.000 0.000 0.000 0.138 0 1 0 0 0 0
 170 94843.000 71358.000 0 0 0.000 0.000 0.000 0.207 0 1 0 0 0 0
 171 97847.000 70905.000 0 0 0.000 0.000 0.000 0.136 0 1 0 0 0 0
 172 101983.000 70943.000 0 0 0.000 0.000 0.000 0.147 0 1 0 0 0 0
 173 110104.000 72513.000 0 0 0.000 0.000 0.000 0.137 0 1 0 0 0 0
 174 120601.000 79129.000 0 0 0.000 0.000 0.000 0.142 0 1 0 0 0 0
 175 106631.000 129173.000 0 0 0.000 0.000 0.000 0.139 0 1 0 0 0 0
 176 92517.000 71570.000 0 0 0.000 0.000 0.000 0.131 0 1 0 0 0 0
 177 126322.000 113787.000 0 0 0.000 0.000 0.000 0.179 0 1 0 0 0 0
 178 79450.000 78634.000 0 0 0.000 0.000 0.000 0.139 0 1 0 0 0 0
 179 120099.000 122397.000 0 0 0.000 0.000 0.000 0.152 0 1 0 0 0 0
 180 104029.000 70257.000 0 0 0.000 0.000 0.000 0.133 0 1 0 0 0 0
 181 127378.000 87413.000 0 0 0.000 0.000 0.000 0.130 0 1 0 0 0 0
 182 70043.000 105474.000 0 0 0.000 0.000 0.000 0.146 0 1 0 0 0 0
 183 126534.000 84987.000 0 0 0.000 0.000 0.000 0.134 0 1 0 0 0 0
 184 126621.000 115041.000 0 0 0.000 0.000 0.000 0.295 0 1 0 0 0 0
 185 130558.000 101662.000 0 0 0.000 0.000 0.000 0.136 0 1 0 0 0 0
 186 124336.000 119617.000 0 0 0.000 0.000 0.000 0.132 0 1 0 0 0 0
 187 70701.000 111082.000 0 0 0.000 0.000 0.000 0.157 0 1 0 0 0 0
 188 96354.000 69224.000 0 0 0.000 0.000 0.000 0.206 0 1 0 0 0 0
 189 131009.000 103031.000 0 0 0.000 0.000 0.000 0.149 0 1 0 0 0 0
 190 98684.000 68855.000 0 0 0.000 0.000 0.000 0.161 0 1 0 0 0 0
 191 92349.000 130717.000 0 0 0.000 0.000 0.000 0.156 0 1 0 0 0 0
 192 112123.000 129493.000 0 0 0.000 0.000 0.000 0.135 0 1 0 0 0 0
 193 88996.000 130424.000 0 0 0.000 0.000 0.000 0.137 0 1 0 0 0 0
 194 111243.000 69990.000 0 0 0.000 0.000 0.000 0.135 0 1 0 0 0 0
 195 93959.000 68408.000 0 0 0.000 0.000 0.000 0.190 0 1 0 0 0 0
 196 128142.000 84172.000 0 0 0.000 0.000 0.000 0.131 0 1 0 0 0 0
 197 99031.000 67785.000 0 0 0.000 0.000 0.000 0.186 0 1 0 0 0 0
 198 100727.000 67725.000 0 0 0.000 0.000 0.000 0.172 0 1 0 0 0 0
 199 97433.000 67442.000 0 0 0.000 0.000 0.000 0.169 0 1 0 0 0 0
 200 102909.000 67571.000 0 0 0.000 0.000 0.000 0.165 0 1 0 0 0 0
 201 67169.000 96253.000 0 0 0.000 0.000 0.000 0.135 0 1 0 0 0 0
 202 94818.000 67488.000 0 0 0.000 0.000 0.000 0.137 0 1 0 0 0 0
 203 98106.000 67230.000 0 0 0.000 0.000 0.000 0.231 0 1 0 0 0 0
 204 102785.000 67198.000 0 0 0.000 0.000 0.000 0.144 0 1 0 0 0 0
 205 130543.000 87488.000 0 0 0.000 0.000 0.000 0.131 0 1 0 0 0 0
 206 132482.000 107527.000 0 0 0.000 0.000 0.000 0.152 0 1 0 0 0 0
 207 93663.000 67405.000 0 0 0.000 0.000 0.000 0.187 0 1 0 0 0 0
 208 128479.000 118155.000 0 0 0.000 0.000 0.000 0.156 0 1 0 0 0 0
 209 119745.000 127538.000 0 0 0.000 0.000 0.000 0.131 0 1 0 0 0 0
 210 97842.000 66482.000 0 0 0.000 0.000 0.000 0.146 0 1 0 0 0 0
 211 115074.000 130472.000 0 0 0.000 0.000 0.000 0.174 0 1 0 0 0 0
 212 109668.000 67688.000 0 0 0.000 0.000 0.000 0.147 0 1 0 0 0 0
 213 93440.000 66631.000 0 0 0.000 0.000 0.000 0.154 0 1 0 0 0 0
 214 128884.000 118826.000 0 0 0.000 0.000 0.000 0.131 0 1 0 0 0 0
 215 122539.000 126159.000 0 0 0.000 0.000 0.000 0.289 0 1 0 0 0 0
 216 120887.000 127532.000 0 0 0.000 0.000 0.000 0.132 0 1 0 0 0 0
 217 95330.000 66020.000 0 0 0.000 0.000 0.000 0.143 0 1 0 0 0 0
 218 97560.000 65677.000 0 0 0.000 0.000 0.000 0.272 0 1 0 0 0 0
 219 93307.000 66172.000 0 0 0.000 0.000 0.000 0.144 0 1 0 0 0 0
 220 134791.000 99071.000 0 0 0.000 0.000 0.000 0.182 0 1 0 0 0 0
 221 97419.000 65250.000 0 0 0.000 0.000 0.000 0.147 0 1 0 0 0 0
 222 100859.000 135503.000 0 0 0.000 0.000 0.000 0.147 0 1 0 0 0 0
 223 103298.000 136193.000 0 0 0.000 0.000 0.000 0.131 0 1 0 0 0 0
 224 94785.000 64256.000 0 0 30.000 52.000 1560.000 39.496 0 1 4 210 0 0
 225 101503.000 63863.000 0 0 0.000 0.000 0.000 0.173 0 1 0 0 0 0
 226 119128.000 131655.000 0 0 0.000 0.000 0.000 0.132 0 1 0 0 0 0
 227 94572.000 63558.000 0 0 30.000 52.000 1560.000 39.496 0 1 4 210 0 0
 228 105056.000 63663.000 0 0 0.000 0.000 0.000 0.148 0 1 0 0 0 0
 229 119062.000 68512.000 0 0 0.000 0.000 0.000 0.142 0 1 0 0 0 0
 230 130101.000 121956.000 0 0 0.000 0.000 0.000 0.178 0 1 0 0 0 0
 231 119355.000 132083.000 0 0 0.000 0.000 0.000 0.201 0 1 0 0 0 0
 232 62862.000 96916.000 0 0 0.000 0.000 0.000 0.136 0 1 0 0 0 0
 233 94447.000 63141.000 0 0 30.000 52.000 1560.000 39.496 0 1 4 210 0 0
 234 99356.000 62714.000 0 0 0.000 0.000 0.000 0.149 0 1 0 0 0 0
 235 105244.000 63072.000 0 0 0.000 0.000 0.000 0.136 0 1 0 0 0 0
 236 90800.000 63609.000 0 0 0.000 0.000 0.000 0.190 0 1 0 0 0 0
 237 114256.000 65298.000 0 0 0.000 0.000 0.000 0.131 0 1 0 0 0 0
 238 94443.000 137741.000 0 0 0.000 0.000 0.000 0.151 0 1 0 0 0 0
 239 94241.000 62463.000 0 0 30.000 52.000 1560.000 39.496 0 1 4 210 0 0
 240 100776.000 62111.000 0 0 0.000 0.000 0.000 0.146 0 1 0 0 0 0
 241 122743.000 130949.000 0 0 0.000 0.000 0.000 0.210 0 1 0 0 0 0
 242 81384.000 133706.000 0 0 0.000 0.000 0.000 0.133 0 1 0 0 0 0
 243 65648.000 117484.000 0 0 0.000 0.000 0.000 0.136 0 1 0 0 0 0
 244 128877.000 125545.000 0 0 0.000 0.000 0.000 0.174 0 1 0 0 0 0
 245 90480.000 62361.000 0 0 0.000 0.000 0.000 0.148 0 1 0 0 0 0
 246 94015.000 61710.000 0 0 30.000 52.000 1560.000 39.496 0 1 4 210 0 0
 247 62293.000 88123.000 0 0 0.000 0.000 0.000 0.146 0 1 0 0 0 0
 248 127461.000 128762.000 0 0 0.000 0.000 0.000 0.149 0 1 0 0 0 0
 249 125534.000 130487.000 0 0 0.000 0.000 0.000 0.169 0 1 0 0 0 0
 250 117663.000 135573.000 0 0 0.000 0.000 0.000 0.166 0 1 0 0 0 0
 251 79677.000 66077.000 0 0 0.000 0.000 0.000 0.135 0 1 0 0 0 0
 252 138885.000 92284.000 0 0 0.000 0.000 0.000 0.134 0 1 0 0 0 0
 253 90069.000 138837.000 0 0 0.000 0.000 0.000 0.139 0 1 0 0 0 0
 254 100129.000 60421.000 0 0 0.000 0.000 0.000 0.143 0 1 0 0 0 0
 255 131095.000 125705.000 0 0 0.000 0.000 0.000 0.154 0 1 0 0 0 0
 256 124949.000 132173.000 0 0 0.000 0.000 0.000 0.136 0 1 0 0 0 0
 257 120801.000 134806.000 0 0 0.000 0.000 0.000 0.151 0 1 0 0 0 0
 258 136919.000 116972.000 0 0 0.000 0.000 0.000 0.152 0 1 0 0 0 0
 259 136758.000 82700.000 0 0 0.000 0.000 0.000 0.133 0 1 0 0 0 0
 260 93429.000 59710.000 0 0 0.000 0.000 0.000 0.142 0 1 0 0 0 0
 261 95459.000 59420.000 0 0 0.000 0.000 0.000 0.266 0 1 0 0 0 0
 262 100659.000 141596.000 0 0 0.000 0.000 0.000 0.152 0 1 0 0 0 0
 263 58558.000 100584.000 0 0 0.000 0.000 0.000 0.151 0 1 0 0 0 0
 264 93290.000 59231.000 0 0 0.000 0.000 0.000 0.133 0 1 0 0 0 0
 265 130668.000 128480.000 0 0 0.000 0.000 0.000 0.226 0 1 0 0 0 0
 266 122473.000 135385.000 0 0 0.000 0.000 0.000 0.144 0 1 0 0 0 0
 267 76649.000 134931.000 0 0 0.000 0.000 0.000 0.157 0 1 0 0 0 0
 268 84296.000 61411.000 0 0 0.000 0.000 0.000 0.140 0 1 0 0 0 0
 269 93204.000 58931.000 0 0 0.000 0.000 0.000 0.141 0 1 0 0 0 0
 270 99338.000 58312.000 0 0 0.000 0.000 0.000 0.162 0 1 0 0 0 0
 271 124545.000 134189.000 0 0 0.000 0.000 0.000 0.130 0 1 0 0 0 0
 272 89679.000 59119.000 0 0 0.000 0.000 0.000 0.176 0 1 0 0 0 0
 273 98357.000 57695.000 0 0 0.000 0.000 0.000 0.130 0 1 0 0 0 0
 274 94861.000 57560.000 0 0 0.000 0.000 0.000 0.148 0 1 0 0 0 0
 275 129242.000 131749.000 0 0 0.000 0.000 0.000 0.150 0 1 0 0 0 0
 276 132515.000 71934.000 0 0 0.000 0.000 0.000 0.136 0 1 0 0 0 0
 277 119370.000 138828.000 0 0 0.000 0.000 0.000 0.142 0 1 0 0 0 0
 278 123871.000 63992.000 0 0 0.000 0.000 0.000 0.139 0 1 0 0 0 0
 279 90950.000 57526.000 0 0 0.000 0.000 0.000 0.130 0 1 0 0 0 0
 280 89385.000 57889.000 0 0 0.000 0.000 0.000 0.168 0 1 0 0 0 0
 281 109391.000 143138.000 0 0 0.000 0.000 0.000 0.136 0 1 0 0 0 0
 282 118452.000 140205.000 0 0 0.000 0.000 0.000 0.139 0 1 0 0 0 0
 283 125689.000 136198.000 0 0 0.000 0.000 0.000 0.131 0 1 0 0 0 0
 284 55795.000 97145.000 0 0 0.000 0.000 0.000 0.135 0 1 0 0 0 0
 285 122806.000 138472.000 0 0 0.000 0.000 0.000 0.276 0 1 0 0 0 0
 286 129078.000 134133.000 0 0 52.000 54.000 2808.000 52.990 0 1 6 210 0 0
 287 57537.000 114330.000 0 0 0.000 0.000 0.000 0.147 0 1 0 0 0 0
 288 126051.000 136830.000 0 0 0.000 0.000 0.000 0.133 0 1 0 0 0 0
 289 128450.000 135396.000 0 0 0.000 0.000 0.000 0.208 0 1 0 0 0 0
 290 59967.000 121479.000 0 0 0.000 0.000 0.000 0.150 0 1 0 0 0 0
 291 129428.000 134708.000 0 0 52.000 54.000 2808.000 52.990 0 1 6 210 0 0
 292 80804.000 141411.000 0 0 0.000 0.000 0.000 0.146 0 1 0 0 0 0
 293 120361.000 140676.000 0 0 0.000 0.000 0.000 0.201 0 1 0 0 0 0
 294 62089.000 75009.000 0 0 0.000 0.000 0.000 0.221 0 1 0 0 0 0
 295 121756.000 140156.000 0 0 0.000 0.000 0.000 0.153 0 1 0 0 0 0
 296 97310.000 54788.000 0 0 26.000 50.000 1300.000 36.055 0 1 3 200 0 0
 297 130740.000 134213.000 0 0 0.000 0.000 0.000 0.138 0 1 0 0 0 0
 298 129658.000 135098.000 0 0 52.000 54.000 2808.000 52.990 0 1 6 210 0 0
 299 56217.000 86169.000 0 0 0.000 0.000 0.000 0.134 0 1 0 0 0 0
 300 97788.000 54274.000 0 0 26.000 50.000 1300.000 36.055 0 1 3 200 0 0
 301 129779.000 135290.000 0 0 52.000 54.000 2808.000 52.990 0 1 6 210 0 0
 302 88802.000 55396.000 0 0 0.000 0.000 0.000 0.185 0 1 0 0 0 0
 303 130966.000 134583.000 0 0 0.000 0.000 0.000 0.156 0 1 0 0 0 0
 304 129894.000 135476.000 0 0 52.000 54.000 2808.000 52.990 0 1 6 210 0 0
 305 83193.000 57054.000 0 0 0.000 0.000 0.000 0.146 0 1 0 0 0 0
 306 58953.000 122713.000 0 0 0.000 0.000 0.000 0.131 0 1 0 0 0 0
 307 97521.000 53549.000 0 0 26.000 50.000 1300.000 36.055 0 1 3 200 0 0
 308 96818.000 53382.000 0 0 26.000 50.000 1300.000 36.055 0 1 3 200 0 0
 309 85791.000 55219.000 0 0 0.000 0.000 0.000 0.134 0 1 0 0 0 0
 310 90116.000 54224.000 0 0 0.000 0.000 0.000 0.168 0 1 0 0 0 0
 311 129517.000 137144.000 0 0 0.000 0.000 0.000 0.147 0 1 0 0 0 0
 312 97321.000 52983.000 0 0 26.000 50.000 1300.000 36.055 0 1 3 200 0 0
 313 121391.000 142579.000 0 0 0.000 0.000 0.000 0.159 0 1 0 0 0 0
 314 57806.000 122220.000 0 0 0.000 0.000 0.000 0.133 0 1 0 0 0 0
 315 130569.000 136581.000 0 0 0.000 0.000 0.000 0.163 0 1 0 0 0 0
 316 96533.000 52551.000 0 0 26.000 50.000 1300.000 36.055 0 1 3 200 0 0
 317 97117.000 52411.000 0 0 26.000 50.000 1300.000 36.055 0 1 3 200 0 0
 318 62884.000 69511.000 0 0 0.000 0.000 0.000 0.130 0 1 0 0 0 0
 319 96395.000 52152.000 0 0 26.000 50.000 1300.000 36.055 0 1 3 200 0 0
 320 134394.000 134351.000 0 0 0.000 0.000 0.000 0.135 0 1 0 0 0 0
 321 132131.000 136457.000 0 0 0.000 0.000 0.000 0.151 0 1 0 0 0 0
 322 52957.000 112302.000 0 0 0.000 0.000 0.000 0.131 0 1 0 0 0 0
 323 138616.000 70736.000 0 0 0.000 0.000 0.000 0.153 0 1 0 0 0 0
 324 62360.000 131043.000 0 0 0.000 0.000 0.000 0.148 0 1 0 0 0 0
 325 96204.000 51597.000 0 0 26.000 50.000 1300.000 36.055 0 1 3 200 0 0
 326 132317.000 136753.000 0 0 0.000 0.000 0.000 0.169 0 1 0 0 0 0
 327 136974.000 132358.000 0 0 0.000 0.000 0.000 0.206 0 1 0 0 0 0
 328 147441.000 87841.000 0 0 0.000 0.000 0.000 0.130 0 1 0 0 0 0
 329 95658.000 50992.000 0 0 28.000 52.000 1456.000 38.157 0 1 3 200 0 0
 330 89700.000 148869.000 0 0 0.000 0.000 0.000 0.136 0 1 0 0 0 0
 331 95872.000 50614.000 0 0 28.000 50.000 1400.000 37.416 0 1 3 200 0 0
 332 135156.000 135512.000 0 0 0.000 0.000 0.000 0.255 0 1 0 0 0 0
 333 96416.000 50426.000 0 0 26.000 50.000 1300.000 36.055 0 1 3 200 0 0
 334 107105.000 50531.000 0 0 0.000 0.000 0.000 0.137 0 1 0 0 0 0
 335 133138.000 138051.000 0 0 0.000 0.000 0.000 0.201 0 1 0 0 0 0
 336 97945.000 49673.000 0 0 0.000 0.000 0.000 0.138 0 1 0 0 0 0
 337 55602.000 75136.000 0 0 0.000 0.000 0.000 0.134 0 1 0 0 0 0
 338 139969.000 68715.000 0 0 0.000 0.000 0.000 0.130 0 1 0 0 0 0
 339 65169.000 62737.000 0 0 0.000 0.000 0.000 0.134 0 1 0 0 0 0
 340 64245.000 137013.000 0 0 0.000 0.000 0.000 0.137 0 1 0 0 0 0
 341 95092.000 49238.000 0 0 0.000 0.000 0.000 0.171 0 1 0 0 0 0
 342 147167.000 79995.000 0 0 0.000 0.000 0.000 0.142 0 1 0 0 0 0
 343 136069.000 136898.000 0 0 0.000 0.000 0.000 0.145 0 1 0 0 0 0
 344 71705.000 57129.000 0 0 0.000 0.000 0.000 0.143 0 1 0 0 0 0
 345 137217.000 135932.000 0 0 0.000 0.000 0.000 0.343 0 1 0 0 0 0
 346 95815.000 48698.000 0 0 0.000 0.000 0.000 0.286 0 1 0 0 0 0
 347 123324.000 146656.000 0 0 0.000 0.000 0.000 0.142 0 1 0 0 0 0
 348 134235.000 139766.000 0 0 0.000 0.000 0.000 0.183 0 1 0 0 0 0
 349 146547.000 124150.000 0 0 0.000 0.000 0.000 0.135 0 1 0 0 0 0
 350 134364.000 139975.000 0 0 0.000 0.000 0.000 0.172 0 1 0 0 0 0
 351 147621.000 123216.000 0 0 0.000 0.000 0.000 0.136 0 1 0 0 0 0
 352 127998.000 145054.000 0 0 0.000 0.000 0.000 0.162 0 1 0 0 0 0
 353 94553.000 47538.000 0 0 0.000 0.000 0.000 0.138 0 1 0 0 0 0
 354 97022.000 47177.000 0 0 0.000 0.000 0.000 0.152 0 1 0 0 0 0
 355 94355.000 46921.000 0 0 0.000 0.000 0.000 0.205 0 1 0 0 0 0
 356 137370.000 138843.000 0 0 0.000 0.000 0.000 0.141 0 1 0 0 0 0
 357 95233.000 46653.000 0 0 28.000 52.000 1456.000 38.157 0 1 2 200 0 0
 358 124514.000 52050.000 0 0 0.000 0.000 0.000 0.134 0 1 0 0 0 0
 359 95019.000 46014.000 0 0 28.000 52.000 1456.000 38.157 0 1 2 200 0 0
 360 140800.000 64177.000 0 0 0.000 0.000 0.000 0.159 0 1 0 0 0 0
 361 59121.000 63942.000 0 0 0.000 0.000 0.000 0.142 0 1 0 0 0 0
 362 94003.000 45768.000 0 0 28.000 52.000 1456.000 38.157 0 1 2 200 0 0
 363 136673.000 59432.000 0 0 0.000 0.000 0.000 0.132 0 1 0 0 0 0
 364 94783.000 45284.000 0 0 28.000 52.000 1456.000 38.157 0 1 2 200 0 0
 365 139343.000 138999.000 0 0 0.000 0.000 0.000 0.130 0 1 0 0 0 0
 366 94053.000 45033.000 0 0 28.000 52.000 1456.000 38.157 0 1 2 200 0 0
 367 134934.000 143437.000 0 0 0.000 0.000 0.000 0.139 0 1 0 0 0 0
 368 111345.000 154634.000 0 0 0.000 0.000 0.000 0.140 0 1 0 0 0 0
 369 44392.000 97705.000 0 0 0.000 0.000 0.000 0.130 0 1 0 0 0 0
 370 138531.000 140552.000 0 0 0.000 0.000 0.000 0.170 0 1 0 0 0 0
 371 135102.000 143690.000 0 0 0.000 0.000 0.000 0.137 0 1 0 0 0 0
 372 93901.000 44543.000 0 0 28.000 52.000 1456.000 38.157 0 1 2 200 0 0
 373 136386.000 143054.000 0 0 0.000 0.000 0.000 0.304 0 1 0 0 0 0
 374 136631.000 143430.000 0 0 0.000 0.000 0.000 0.247 0 1 0 0 0 0
 375 86635.000 45189.000 0 0 0.000 0.000 0.000 0.153 0 1 0 0 0 0
 376 135597.000 144442.000 0 0 0.000 0.000 0.000 0.167 0 1 0 0 0 0
 377 43658.000 108392.000 0 0 0.000 0.000 0.000 0.135 0 1 0 0 0 0
 378 93593.000 43569.000 0 0 0.000 0.000 0.000 0.168 0 1 0 0 0 0
 379 132859.000 148129.000 0 0 0.000 0.000 0.000 0.146 0 1 0 0 0 0
 380 139455.000 141883.000 0 0 0.000 0.000 0.000 0.143 0 1 0 0 0 0
 381 45054.000 82539.000 0 0 0.000 0.000 0.000 0.140 0 1 0 0 0 0
 382 93949.000 42721.000 0 0 28.000 52.000 1456.000 38.157 0 1 1 210 0 0
 383 48390.000 73679.000 0 0 0.000 0.000 0.000 0.145 0 1 0 0 0 0
 384 93839.000 42373.000 0 0 28.000 52.000 1456.000 38.157 0 1 1 210 0 0
 385 148674.000 67821.000 0 0 0.000 0.000 0.000 0.133 0 1 0 0 0 0
 386 93619.000 41685.000 0 0 28.000 52.000 1456.000 38.157 0 1 1 210 0 0
 387 82028.000 43804.000 0 0 0.000 0.000 0.000 0.130 0 1 0 0 0 0
 388 93500.000 41304.000 0 0 28.000 52.000 1456.000 38.157 0 1 1 210 0 0
 389 62786.000 53552.000 0 0 0.000 0.000 0.000 0.153 0 1 0 0 0 0
 390 93301.000 40675.000 0 0 28.000 52.000 1456.000 38.157 0 1 1 210 0 0
 391 93241.000 40478.000 0 0 28.000 52.000 1456.000 38.157 0 1 1 210 0 0
 392 93200.000 40345.000 0 0 28.000 52.000 1456.000 38.157 0 1 1 210 0 0
 393 157815.000 118731.000 0 0 0.000 0.000 0.000 0.138 0 1 0 0 0 0
 394 134225.000 150296.000 0 0 0.000 0.000 0.000 0.130 0 1 0 0 0 0
 395 93070.000 39941.000 0 0 28.000 52.000 1456.000 38.157 0 1 1 210 0 0
 396 141587.000 144908.000 0 0 0.000 0.000 0.000 0.295 0 1 0 0 0 0
 397 131342.000 152974.000 0 0 0.000 0.000 0.000 0.156 0 1 0 0 0 0
 398 94033.000 38626.000 0 0 0.000 0.000 0.000 0.163 0 1 0 0 0 0
 399 139774.000 148067.000 0 0 0.000 0.000 0.000 0.185 0 1 0 0 0 0
 400 142543.000 146237.000 0 0 0.000 0.000 0.000 0.130 0 1 0 0 0 0
 401 92442.000 37899.000 0 0 0.000 0.000 0.000 0.138 0 1 0 0 0 0
 402 143127.000 147049.000 0 0 0.000 0.000 0.000 0.181 0 1 0 0 0 0
 403 55141.000 54458.000 0 0 0.000 0.000 0.000 0.141 0 1 0 0 0 0
 404 156387.000 131024.000 0 0 0.000 0.000 0.000 0.130 0 1 0 0 0 0
 405 164355.000 104254.000 0 0 0.000 0.000 0.000 0.135 0 1 0 0 0 0
 406 91770.000 36054.000 0 0 0.000 0.000 0.000 0.145 0 1 0 0 0 0
 407 138504.000 152158.000 0 0 0.000 0.000 0.000 0.187 0 1 0 0 0 0
 408 159858.000 75563.000 0 0 0.000 0.000 0.000 0.182 0 1 0 0 0 0
 409 143842.000 148030.000 0 0 0.000 0.000 0.000 0.133 0 1 0 0 0 0
 410 73456.000 40661.000 0 0 0.000 0.000 0.000 0.134 0 1 0 0 0 0
 411 91813.000 35372.000 0 0 0.000 0.000 0.000 0.141 0 1 0 0 0 0
 412 138897.000 152734.000 0 0 0.000 0.000 0.000 0.165 0 1 0 0 0 0
 413 91737.000 35124.000 0 0 0.000 0.000 0.000 0.135 0 1 0 0 0 0
 414 141684.000 150798.000 0 0 0.000 0.000 0.000 0.155 0 1 0 0 0 0
 415 134731.000 155932.000 0 0 0.000 0.000 0.000 0.183 0 1 0 0 0 0
 416 121773.000 162159.000 0 0 0.000 0.000 0.000 0.133 0 1 0 0 0 0
 417 91652.000 34828.000 0 0 0.000 0.000 0.000 0.146 0 1 0 0 0 0
 418 144657.000 149134.000 0 0 0.000 0.000 0.000 0.157 0 1 0 0 0 0
 419 145205.000 149867.000 0 0 0.000 0.000 0.000 0.163 0 1 0 0 0 0
 420 161377.000 127867.000 0 0 0.000 0.000 0.000 0.135 0 1 0 0 0 0
 421 91164.000 33144.000 0 0 0.000 0.000 0.000 0.137 0 1 0 0 0 0
 422 68611.000 40075.000 0 0 0.000 0.000 0.000 0.137 0 1 0 0 0 0
 423 142353.000 154228.000 0 0 0.000 0.000 0.000 0.133 0 1 0 0 0 0
 424 136435.000 158547.000 0 0 0.000 0.000 0.000 0.130 0 1 0 0 0 0
 425 139135.000 157751.000 0 0 0.000 0.000 0.000 0.173 0 1 0 0 0 0
 426 105995.000 170016.000 0 0 0.000 0.000 0.000 0.132 0 1 0 0 0 0
 427 72989.000 35561.000 0 0 0.000 0.000 0.000 0.131 0 1 0 0 0 0
 428 112186.000 169990.000 0 0 0.000 0.000 0.000 0.133 0 1 0 0 0 0
 429 151213.000 151465.000 0 0 0.000 0.000 0.000 0.179 0 1 0 0 0 0
 430 167993.000 128899.000 0 0 0.000 0.000 0.000 0.134 0 1 0 0 0 0
 431 135213.000 165797.000 0 0 0.000 0.000 0.000 0.134 0 1 0 0 0 0
 432 88134.000 24524.000 0 0 0.000 0.000 0.000 0.157 0 1 0 0 0 0
 433 173936.000 75529.000 0 0 0.000 0.000 0.000 0.142 0 1 0 0 0 0
 434 153977.000 157082.000 0 0 0.000 0.000 0.000 0.184 0 1 0 0 0 0
 435 144718.000 165715.000 0 0 0.000 0.000 0.000 0.142 0 1 0 0 0 0
 436 150615.000 162768.000 0 0 0.000 0.000 0.000 0.162 0 1 0 0 0 0
 437 87721.000 20375.000 0 0 0.000 0.000 0.000 0.132 0 1 0 0 0 0
 438 155897.000 159419.000 0 0 0.000 0.000 0.000 0.150 0 1 0 0 0 0
 439 139078.000 171607.000 0 0 0.000 0.000 0.000 0.200 0 1 0 0 0 0
 440 86998.000 17920.000 0 0 0.000 0.000 0.000 0.133 0 1 0 0 0 0
 441 156064.000 163636.000 0 0 0.000 0.000 0.000 0.139 0 1 0 0 0 0
 442 86710.000 16221.000 0 0 0.000 0.000 0.000 0.136 0 1 0 0 0 0
 443 82331.000 16255.000 0 0 0.000 0.000 0.000 0.148 0 1 0 0 0 0
 444 85882.000 13806.000 0 0 0.000 0.000 0.000 0.141 0 1 0 0 0 0
 445 146010.000 174586.000 0 0 0.000 0.000 0.000 0.155 0 1 0 0 0 0
 446 86245.000 13729.000 0 0 0.000 0.000 0.000 0.189 0 1 0 0 0 0
 447 85772.000 13363.000 0 0 0.000 0.000 0.000 0.205 0 1 0 0 0 0
 448 156003.000 169446.000 0 0 0.000 0.000 0.000 0.134 0 1 0 0 0 0
 449 147065.000 176005.000 0 0 0.000 0.000 0.000 0.185 0 1 0 0 0 0
 450 159126.000 167244.000 0 0 0.000 0.000 0.000 0.203 0 1 0 0 0 0
 451 85519.000 11385.000 0 0 0.000 0.000 0.000 0.184 0 1 0 0 0 0
 452 162412.000 167076.000 0 0 0.000 0.000 0.000 0.138 0 1 0 0 0 0
 453 145675.000 180940.000 0 0 0.000 0.000 0.000 0.141 0 1 0 0 0 0
 454 161379.000 169855.000 0 0 0.000 0.000 0.000 0.147 0 1 0 0 0 0;
ProcessEquipmentIDList 1
  "6632" ;
SummarySpec 5
  TESTNO    NDEFECT    DEFDENSITY    NDIE    NDEFDIE  ;
SummaryList 
  1    454    1.66    1    1  ;
EndOfFile;
