FileVersion 1 2;
FileTimestamp 01-11-26 20:10:36;
InspectionStationID "KLA-Tencor" "SFSSP1" "0901-0728-TBI";
SampleType WAFER;
ResultTimestamp 01-11-26 20:05:21;
LotID "2580";
SampleSize 1 200;
DeviceID "None";
SetupID "T2-2580NR" 01-11-26 20:05:21;
StepID "6492";
SampleOrientationMarkType NOTCH;
OrientationMarkLocation DOWN;
DiePitch 200000 200000;
DieOrigin 0 0;
WaferID "06";
Slot 6;
SampleCenterLocation 100000 100000;
ClassLookup 1
  0 "0"  ;
OrientationInstructions "Front";
CoordinatesMirrored No;
InspectionTest 1;
SampleTestPlan 1
  0 0 ;
AreaPerTest 2.73519e+010;
DefectRecordSpec 15 DEFECTID XREL YREL XINDEX YINDEX XSIZE YSIZE DEFECTAREA DSIZE CLASSNUMBER TEST CLUSTERNUMBER ROUGHBINNUMBER FINEBINNUMBER REVIEWSAMPLE ;
DefectList
 1 107927.000 105541.000 0 0 0.000 0.000 0.000 0.131 0 1 0 0 0 0
 2 91046.000 94268.000 0 0 0.000 0.000 0.000 0.130 0 1 0 0 0 0
 3 110237.000 96231.000 0 0 0.000 0.000 0.000 0.130 0 1 0 0 0 0
 4 95702.000 88901.000 0 0 0.000 0.000 0.000 0.132 0 1 0 0 0 0
 5 101975.000 86020.000 0 0 0.000 0.000 0.000 0.133 0 1 0 0 0 0
 6 112102.000 92420.000 0 0 0.000 0.000 0.000 0.133 0 1 0 0 0 0
 7 108299.000 112138.000 0 0 0.000 0.000 0.000 0.135 0 1 0 0 0 0
 8 92295.000 112611.000 0 0 0.000 0.000 0.000 0.131 0 1 0 0 0 0
 9 111330.000 110848.000 0 0 0.000 0.000 0.000 0.134 0 1 0 0 0 0
 10 114157.000 93667.000 0 0 0.000 0.000 0.000 0.131 0 1 0 0 0 0
 11 83958.000 101555.000 0 0 0.000 0.000 0.000 0.139 0 1 0 0 0 0
 12 87536.000 89107.000 0 0 0.000 0.000 0.000 0.147 0 1 0 0 0 0
 13 88616.000 112659.000 0 0 0.000 0.000 0.000 0.155 0 1 0 0 0 0
 14 91837.000 84792.000 0 0 0.000 0.000 0.000 0.130 0 1 0 0 0 0
 15 82125.000 101765.000 0 0 0.000 0.000 0.000 0.141 0 1 0 0 0 0
 16 117455.000 94613.000 0 0 0.000 0.000 0.000 0.132 0 1 0 0 0 0
 17 116335.000 91116.000 0 0 0.000 0.000 0.000 0.136 0 1 0 0 0 0
 18 82110.000 107992.000 0 0 0.000 0.000 0.000 0.141 0 1 0 0 0 0
 19 117410.000 91137.000 0 0 0.000 0.000 0.000 0.136 0 1 0 0 0 0
 20 80386.000 96870.000 0 0 0.000 0.000 0.000 0.140 0 1 0 0 0 0
 21 107925.000 81901.000 0 0 0.000 0.000 0.000 0.149 0 1 0 0 0 0
 22 118062.000 90837.000 0 0 0.000 0.000 0.000 0.134 0 1 0 0 0 0
 23 116415.000 112895.000 0 0 0.000 0.000 0.000 0.152 0 1 0 0 0 0
 24 112991.000 116783.000 0 0 0.000 0.000 0.000 0.134 0 1 0 0 0 0
 25 81146.000 109974.000 0 0 0.000 0.000 0.000 0.131 0 1 0 0 0 0
 26 81938.000 88688.000 0 0 0.000 0.000 0.000 0.147 0 1 0 0 0 0
 27 118429.000 111390.000 0 0 0.000 0.000 0.000 0.133 0 1 0 0 0 0
 28 101347.000 121950.000 0 0 0.000 0.000 0.000 0.146 0 1 0 0 0 0
 29 78097.000 99435.000 0 0 0.000 0.000 0.000 0.142 0 1 0 0 0 0
 30 122168.000 103311.000 0 0 0.000 0.000 0.000 0.133 0 1 0 0 0 0
 31 123218.000 103122.000 0 0 0.000 0.000 0.000 0.146 0 1 0 0 0 0
 32 79034.000 89496.000 0 0 0.000 0.000 0.000 0.159 0 1 0 0 0 0
 33 89137.000 121285.000 0 0 0.000 0.000 0.000 0.142 0 1 0 0 0 0
 34 123600.000 103597.000 0 0 0.000 0.000 0.000 0.150 0 1 0 0 0 0
 35 94748.000 123629.000 0 0 0.000 0.000 0.000 0.131 0 1 0 0 0 0
 36 86445.000 120572.000 0 0 0.000 0.000 0.000 0.133 0 1 0 0 0 0
 37 124458.000 98341.000 0 0 0.000 0.000 0.000 0.132 0 1 0 0 0 0
 38 87176.000 121201.000 0 0 0.000 0.000 0.000 0.140 0 1 0 0 0 0
 39 82213.000 117306.000 0 0 0.000 0.000 0.000 0.133 0 1 0 0 0 0
 40 113810.000 79720.000 0 0 0.000 0.000 0.000 0.132 0 1 0 0 0 0
 41 84835.000 80000.000 0 0 0.000 0.000 0.000 0.141 0 1 0 0 0 0
 42 106777.000 124766.000 0 0 0.000 0.000 0.000 0.148 0 1 0 0 0 0
 43 112632.000 122810.000 0 0 0.000 0.000 0.000 0.133 0 1 0 0 0 0
 44 87496.000 122958.000 0 0 0.000 0.000 0.000 0.144 0 1 0 0 0 0
 45 74218.000 98907.000 0 0 0.000 0.000 0.000 0.130 0 1 0 0 0 0
 46 106475.000 74494.000 0 0 0.000 0.000 0.000 0.140 0 1 0 0 0 0
 47 124965.000 109312.000 0 0 0.000 0.000 0.000 0.148 0 1 0 0 0 0
 48 126711.000 97722.000 0 0 0.000 0.000 0.000 0.149 0 1 0 0 0 0
 49 93604.000 73670.000 0 0 0.000 0.000 0.000 0.156 0 1 0 0 0 0
 50 78598.000 83002.000 0 0 0.000 0.000 0.000 0.164 0 1 0 0 0 0
 51 113730.000 75805.000 0 0 0.000 0.000 0.000 0.145 0 1 0 0 0 0
 52 85300.000 124167.000 0 0 0.000 0.000 0.000 0.136 0 1 0 0 0 0
 53 116752.000 123110.000 0 0 0.000 0.000 0.000 0.143 0 1 0 0 0 0
 54 97206.000 129207.000 0 0 0.000 0.000 0.000 0.135 0 1 0 0 0 0
 55 108929.000 72076.000 0 0 0.000 0.000 0.000 0.132 0 1 0 0 0 0
 56 125925.000 85663.000 0 0 0.000 0.000 0.000 0.140 0 1 0 0 0 0
 57 125601.000 84670.000 0 0 0.000 0.000 0.000 0.140 0 1 0 0 0 0
 58 120103.000 122425.000 0 0 0.000 0.000 0.000 0.158 0 1 0 0 0 0
 59 129275.000 91983.000 0 0 0.000 0.000 0.000 0.138 0 1 0 0 0 0
 60 72563.000 87041.000 0 0 0.000 0.000 0.000 0.151 0 1 0 0 0 0
 61 78081.000 79038.000 0 0 0.000 0.000 0.000 0.133 0 1 0 0 0 0
 62 101831.000 69745.000 0 0 0.000 0.000 0.000 0.135 0 1 0 0 0 0
 63 124472.000 118812.000 0 0 0.000 0.000 0.000 0.155 0 1 0 0 0 0
 64 124042.000 119457.000 0 0 0.000 0.000 0.000 0.144 0 1 0 0 0 0
 65 130809.000 98848.000 0 0 0.000 0.000 0.000 0.151 0 1 0 0 0 0
 66 114261.000 127734.000 0 0 0.000 0.000 0.000 0.143 0 1 0 0 0 0
 67 87487.000 128780.000 0 0 0.000 0.000 0.000 0.134 0 1 0 0 0 0
 68 111040.000 129533.000 0 0 0.000 0.000 0.000 0.133 0 1 0 0 0 0
 69 96550.000 131392.000 0 0 0.000 0.000 0.000 0.131 0 1 0 0 0 0
 70 76450.000 121363.000 0 0 0.000 0.000 0.000 0.131 0 1 0 0 0 0
 71 95511.000 131893.000 0 0 0.000 0.000 0.000 0.150 0 1 0 0 0 0
 72 128412.000 84342.000 0 0 0.000 0.000 0.000 0.132 0 1 0 0 0 0
 73 120847.000 125644.000 0 0 0.000 0.000 0.000 0.158 0 1 0 0 0 0
 74 70737.000 84746.000 0 0 0.000 0.000 0.000 0.146 0 1 0 0 0 0
 75 82226.000 71934.000 0 0 0.000 0.000 0.000 0.137 0 1 0 0 0 0
 76 133892.000 104533.000 0 0 0.000 0.000 0.000 0.133 0 1 0 0 0 0
 77 125766.000 77279.000 0 0 0.000 0.000 0.000 0.133 0 1 0 0 0 0
 78 132695.000 111894.000 0 0 0.000 0.000 0.000 0.138 0 1 0 0 0 0
 79 107529.000 134103.000 0 0 0.000 0.000 0.000 0.139 0 1 0 0 0 0
 80 70635.000 81730.000 0 0 0.000 0.000 0.000 0.141 0 1 0 0 0 0
 81 70761.000 81317.000 0 0 0.000 0.000 0.000 0.147 0 1 0 0 0 0
 82 134418.000 94977.000 0 0 0.000 0.000 0.000 0.150 0 1 0 0 0 0
 83 92046.000 134195.000 0 0 0.000 0.000 0.000 0.150 0 1 0 0 0 0
 84 69193.000 117109.000 0 0 0.000 0.000 0.000 0.141 0 1 0 0 0 0
 85 82398.000 69889.000 0 0 0.000 0.000 0.000 0.155 0 1 0 0 0 0
 86 102964.000 64693.000 0 0 0.000 0.000 0.000 0.158 0 1 0 0 0 0
 87 67399.000 84571.000 0 0 0.000 0.000 0.000 0.130 0 1 0 0 0 0
 88 114313.000 66989.000 0 0 0.000 0.000 0.000 0.135 0 1 0 0 0 0
 89 79415.000 70333.000 0 0 0.000 0.000 0.000 0.153 0 1 0 0 0 0
 90 99951.000 63921.000 0 0 0.000 0.000 0.000 0.130 0 1 0 0 0 0
 91 86540.000 134036.000 0 0 0.000 0.000 0.000 0.132 0 1 0 0 0 0
 92 96171.000 63905.000 0 0 0.000 0.000 0.000 0.135 0 1 0 0 0 0
 93 136333.000 95595.000 0 0 0.000 0.000 0.000 0.146 0 1 0 0 0 0
 94 80441.000 131717.000 0 0 0.000 0.000 0.000 0.137 0 1 0 0 0 0
 95 75017.000 72825.000 0 0 0.000 0.000 0.000 0.135 0 1 0 0 0 0
 96 124863.000 127882.000 0 0 0.000 0.000 0.000 0.133 0 1 0 0 0 0
 97 68451.000 120178.000 0 0 0.000 0.000 0.000 0.148 0 1 0 0 0 0
 98 126949.000 74016.000 0 0 0.000 0.000 0.000 0.137 0 1 0 0 0 0
 99 110542.000 137257.000 0 0 0.000 0.000 0.000 0.141 0 1 0 0 0 0
 100 116220.000 135308.000 0 0 0.000 0.000 0.000 0.150 0 1 0 0 0 0
 101 71594.000 126506.000 0 0 0.000 0.000 0.000 0.137 0 1 0 0 0 0
 102 64255.000 115726.000 0 0 0.000 0.000 0.000 0.139 0 1 0 0 0 0
 103 139006.000 99269.000 0 0 0.000 0.000 0.000 0.144 0 1 0 0 0 0
 104 65484.000 81280.000 0 0 0.000 0.000 0.000 0.142 0 1 0 0 0 0
 105 95681.000 61036.000 0 0 0.000 0.000 0.000 0.131 0 1 0 0 0 0
 106 135228.000 118757.000 0 0 0.000 0.000 0.000 0.134 0 1 0 0 0 0
 107 64566.000 81159.000 0 0 0.000 0.000 0.000 0.150 0 1 0 0 0 0
 108 138156.000 85213.000 0 0 0.000 0.000 0.000 0.131 0 1 0 0 0 0
 109 59323.000 107323.000 0 0 0.000 0.000 0.000 0.140 0 1 0 0 0 0
 110 60325.000 89145.000 0 0 0.000 0.000 0.000 0.132 0 1 0 0 0 0
 111 132658.000 126125.000 0 0 0.000 0.000 0.000 0.131 0 1 0 0 0 0
 112 119962.000 136834.000 0 0 0.000 0.000 0.000 0.139 0 1 0 0 0 0
 113 59132.000 108464.000 0 0 0.000 0.000 0.000 0.131 0 1 0 0 0 0
 114 58379.000 105237.000 0 0 0.000 0.000 0.000 0.132 0 1 0 0 0 0
 115 81144.000 62758.000 0 0 0.000 0.000 0.000 0.138 0 1 0 0 0 0
 116 60309.000 86373.000 0 0 0.000 0.000 0.000 0.157 0 1 0 0 0 0
 117 59150.000 112295.000 0 0 0.000 0.000 0.000 0.153 0 1 0 0 0 0
 118 67841.000 72317.000 0 0 0.000 0.000 0.000 0.145 0 1 0 0 0 0
 119 66857.000 127283.000 0 0 0.000 0.000 0.000 0.133 0 1 0 0 0 0
 120 91571.000 58069.000 0 0 0.000 0.000 0.000 0.147 0 1 0 0 0 0
 121 108722.000 58187.000 0 0 0.000 0.000 0.000 0.131 0 1 0 0 0 0
 122 114453.000 59827.000 0 0 0.000 0.000 0.000 0.131 0 1 0 0 0 0
 123 132825.000 72641.000 0 0 0.000 0.000 0.000 0.145 0 1 0 0 0 0
 124 118635.000 139023.000 0 0 0.000 0.000 0.000 0.131 0 1 0 0 0 0
 125 73934.000 65956.000 0 0 0.000 0.000 0.000 0.139 0 1 0 0 0 0
 126 141510.000 85673.000 0 0 0.000 0.000 0.000 0.137 0 1 0 0 0 0
 127 125467.000 64099.000 0 0 0.000 0.000 0.000 0.137 0 1 0 0 0 0
 128 144473.000 102279.000 0 0 0.000 0.000 0.000 0.144 0 1 0 0 0 0
 129 144797.000 97104.000 0 0 0.000 0.000 0.000 0.135 0 1 0 0 0 0
 130 104155.000 55505.000 0 0 0.000 0.000 0.000 0.130 0 1 0 0 0 0
 131 108926.000 56027.000 0 0 0.000 0.000 0.000 0.142 0 1 0 0 0 0
 132 143355.000 86806.000 0 0 0.000 0.000 0.000 0.136 0 1 0 0 0 0
 133 86497.000 56845.000 0 0 0.000 0.000 0.000 0.159 0 1 0 0 0 0
 134 144562.000 112852.000 0 0 0.000 0.000 0.000 0.148 0 1 0 0 0 0
 135 87802.000 55267.000 0 0 0.000 0.000 0.000 0.152 0 1 0 0 0 0
 136 56269.000 83486.000 0 0 0.000 0.000 0.000 0.131 0 1 0 0 0 0
 137 55931.000 120634.000 0 0 0.000 0.000 0.000 0.139 0 1 0 0 0 0
 138 147525.000 110351.000 0 0 0.000 0.000 0.000 0.157 0 1 0 0 0 0
 139 65462.000 65941.000 0 0 0.000 0.000 0.000 0.144 0 1 0 0 0 0
 140 144581.000 80680.000 0 0 0.000 0.000 0.000 0.142 0 1 0 0 0 0
 141 131686.000 137433.000 0 0 0.000 0.000 0.000 0.137 0 1 0 0 0 0
 142 148550.000 93891.000 0 0 0.000 0.000 0.000 0.137 0 1 0 0 0 0
 143 76091.000 143176.000 0 0 0.000 0.000 0.000 0.136 0 1 0 0 0 0
 144 50464.000 101109.000 0 0 0.000 0.000 0.000 0.143 0 1 0 0 0 0
 145 149264.000 94297.000 0 0 0.000 0.000 0.000 0.151 0 1 0 0 0 0
 146 50969.000 92302.000 0 0 0.000 0.000 0.000 0.133 0 1 0 0 0 0
 147 88931.000 149045.000 0 0 0.000 0.000 0.000 0.137 0 1 0 0 0 0
 148 142876.000 74004.000 0 0 0.000 0.000 0.000 0.131 0 1 0 0 0 0
 149 140226.000 130467.000 0 0 0.000 0.000 0.000 0.146 0 1 0 0 0 0
 150 149296.000 111580.000 0 0 0.000 0.000 0.000 0.140 0 1 0 0 0 0
 151 109239.000 150189.000 0 0 0.000 0.000 0.000 0.141 0 1 0 0 0 0
 152 146467.000 121767.000 0 0 0.000 0.000 0.000 0.130 0 1 0 0 0 0
 153 145594.000 123738.000 0 0 0.000 0.000 0.000 0.132 0 1 0 0 0 0
 154 52066.000 81513.000 0 0 0.000 0.000 0.000 0.149 0 1 0 0 0 0
 155 78338.000 147187.000 0 0 0.000 0.000 0.000 0.142 0 1 0 0 0 0
 156 101392.000 48197.000 0 0 0.000 0.000 0.000 0.143 0 1 0 0 0 0
 157 62807.000 137306.000 0 0 0.000 0.000 0.000 0.148 0 1 0 0 0 0
 158 152408.000 104990.000 0 0 0.000 0.000 0.000 0.135 0 1 0 0 0 0
 159 61341.000 136248.000 0 0 0.000 0.000 0.000 0.144 0 1 0 0 0 0
 160 73005.000 54752.000 0 0 0.000 0.000 0.000 0.143 0 1 0 0 0 0
 161 100709.000 46774.000 0 0 0.000 0.000 0.000 0.142 0 1 0 0 0 0
 162 153228.000 93401.000 0 0 0.000 0.000 0.000 0.133 0 1 0 0 0 0
 163 113792.000 47622.000 0 0 0.000 0.000 0.000 0.133 0 1 0 0 0 0
 164 152022.000 116221.000 0 0 0.000 0.000 0.000 0.155 0 1 0 0 0 0
 165 154544.000 100532.000 0 0 0.000 0.000 0.000 0.138 0 1 0 0 0 0
 166 114866.000 153346.000 0 0 0.000 0.000 0.000 0.146 0 1 0 0 0 0
 167 137905.000 141373.000 0 0 0.000 0.000 0.000 0.137 0 1 0 0 0 0
 168 152973.000 118830.000 0 0 0.000 0.000 0.000 0.131 0 1 0 0 0 0
 169 119291.000 152936.000 0 0 0.000 0.000 0.000 0.153 0 1 0 0 0 0
 170 86104.000 45792.000 0 0 0.000 0.000 0.000 0.146 0 1 0 0 0 0
 171 43317.000 98524.000 0 0 0.000 0.000 0.000 0.138 0 1 0 0 0 0
 172 60263.000 59820.000 0 0 0.000 0.000 0.000 0.157 0 1 0 0 0 0
 173 82673.000 154963.000 0 0 0.000 0.000 0.000 0.139 0 1 0 0 0 0
 174 72343.000 49427.000 0 0 0.000 0.000 0.000 0.135 0 1 0 0 0 0
 175 139110.000 57487.000 0 0 0.000 0.000 0.000 0.140 0 1 0 0 0 0
 176 42432.000 90240.000 0 0 0.000 0.000 0.000 0.142 0 1 0 0 0 0
 177 66634.000 149420.000 0 0 0.000 0.000 0.000 0.147 0 1 0 0 0 0
 178 134063.000 149747.000 0 0 0.000 0.000 0.000 0.131 0 1 0 0 0 0
 179 41011.000 113571.000 0 0 0.000 0.000 0.000 0.130 0 1 0 0 0 0
 180 58696.000 55966.000 0 0 0.000 0.000 0.000 0.141 0 1 0 0 0 0
 181 44380.000 126717.000 0 0 0.000 0.000 0.000 0.136 0 1 0 0 0 0
 182 122913.000 157572.000 0 0 0.000 0.000 0.000 0.130 0 1 0 0 0 0
 183 38194.000 100193.000 0 0 0.000 0.000 0.000 0.130 0 1 0 0 0 0
 184 152250.000 66676.000 0 0 0.000 0.000 0.000 0.130 0 1 0 0 0 0
 185 162116.000 96223.000 0 0 0.000 0.000 0.000 0.134 0 1 0 0 0 0
 186 139494.000 148453.000 0 0 0.000 0.000 0.000 0.150 0 1 0 0 0 0
 187 62286.000 50365.000 0 0 0.000 0.000 0.000 0.134 0 1 0 0 0 0
 188 112523.000 161800.000 0 0 0.000 0.000 0.000 0.150 0 1 0 0 0 0
 189 149595.000 61705.000 0 0 0.000 0.000 0.000 0.132 0 1 0 0 0 0
 190 102829.000 37131.000 0 0 0.000 0.000 0.000 0.130 0 1 0 0 0 0
 191 112331.000 38056.000 0 0 0.000 0.000 0.000 0.137 0 1 0 0 0 0
 192 36447.000 102443.000 0 0 0.000 0.000 0.000 0.132 0 1 0 0 0 0
 193 138458.000 151762.000 0 0 0.000 0.000 0.000 0.132 0 1 0 0 0 0
 194 95839.000 164526.000 0 0 0.000 0.000 0.000 0.137 0 1 0 0 0 0
 195 127967.000 158816.000 0 0 0.000 0.000 0.000 0.133 0 1 0 0 0 0
 196 52889.000 145526.000 0 0 0.000 0.000 0.000 0.133 0 1 0 0 0 0
 197 126367.000 160791.000 0 0 0.000 0.000 0.000 0.136 0 1 0 0 0 0
 198 160839.000 73280.000 0 0 0.000 0.000 0.000 0.132 0 1 0 0 0 0
 199 40987.000 69040.000 0 0 0.000 0.000 0.000 0.139 0 1 0 0 0 0
 200 165249.000 86012.000 0 0 0.000 0.000 0.000 0.134 0 1 0 0 0 0
 201 131540.000 41232.000 0 0 0.000 0.000 0.000 0.130 0 1 0 0 0 0
 202 147619.000 53255.000 0 0 0.000 0.000 0.000 0.130 0 1 0 0 0 0
 203 145354.000 149490.000 0 0 0.000 0.000 0.000 0.131 0 1 0 0 0 0
 204 164818.000 82229.000 0 0 0.000 0.000 0.000 0.135 0 1 0 0 0 0
 205 165879.000 114495.000 0 0 0.000 0.000 0.000 0.130 0 1 0 0 0 0
 206 125599.000 37665.000 0 0 0.000 0.000 0.000 0.151 0 1 0 0 0 0
 207 111693.000 166986.000 0 0 0.000 0.000 0.000 0.146 0 1 0 0 0 0
 208 168053.000 108747.000 0 0 0.000 0.000 0.000 0.396 0 1 0 0 0 0
 209 157202.000 60682.000 0 0 0.000 0.000 0.000 0.130 0 1 0 0 0 0
 210 128430.000 35918.000 0 0 0.000 0.000 0.000 0.134 0 1 0 0 0 0
 211 147189.000 48177.000 0 0 0.000 0.000 0.000 0.132 0 1 0 0 0 0
 212 117575.000 30802.000 0 0 0.000 0.000 0.000 0.138 0 1 0 0 0 0
 213 38622.000 62534.000 0 0 0.000 0.000 0.000 0.135 0 1 0 0 0 0
 214 26854.000 95946.000 0 0 0.000 0.000 0.000 0.135 0 1 0 0 0 0
 215 120987.000 28774.000 0 0 0.000 0.000 0.000 0.150 0 1 0 0 0 0
 216 131003.000 170408.000 0 0 0.000 0.000 0.000 0.130 0 1 0 0 0 0
 217 94292.000 177127.000 0 0 0.000 0.000 0.000 0.145 0 1 0 0 0 0
 218 27832.000 127244.000 0 0 0.000 0.000 0.000 0.138 0 1 0 0 0 0
 219 160895.000 149188.000 0 0 0.000 0.000 0.000 0.139 0 1 0 0 0 0
 220 86038.000 23272.000 0 0 0.000 0.000 0.000 0.133 0 1 0 0 0 0
 221 43918.000 160812.000 0 0 0.000 0.000 0.000 0.139 0 1 0 0 0 0
 222 155428.000 29063.000 0 0 0.000 0.000 0.000 0.134 0 1 0 0 0 0
 223 147600.000 23004.000 0 0 0.000 0.000 0.000 200000.000 0 1 0 200 0 0
 224 187219.000 62658.000 0 0 0.000 0.000 0.000 0.140 0 1 0 0 0 0
 225 193610.000 84688.000 0 0 0.000 0.000 0.000 0.155 0 1 0 0 0 0;
ProcessEquipmentIDList 1
  "6632" ;
SummarySpec 5
  TESTNO    NDEFECT    DEFDENSITY    NDIE    NDEFDIE  ;
SummaryList 
  1    225    0.8226    1    1  ;
EndOfFile;
