FileVersion 1 2;
FileTimestamp 01-11-26 20:13:58;
InspectionStationID "KLA-Tencor" "SFSSP1" "0901-0728-TBI";
SampleType WAFER;
ResultTimestamp 01-11-26 20:05:21;
LotID "2580";
SampleSize 1 200;
DeviceID "None";
SetupID "T2-2580NR" 01-11-26 20:05:21;
StepID "6492";
SampleOrientationMarkType NOTCH;
OrientationMarkLocation DOWN;
DiePitch 200000 200000;
DieOrigin 0 0;
WaferID "12";
Slot 12;
SampleCenterLocation 100000 100000;
ClassLookup 1
  0 "0"  ;
OrientationInstructions "Front";
CoordinatesMirrored No;
InspectionTest 1;
SampleTestPlan 1
  0 0 ;
AreaPerTest 2.73525e+010;
DefectRecordSpec 15 DEFECTID XREL YREL XINDEX YINDEX XSIZE YSIZE DEFECTAREA DSIZE CLASSNUMBER TEST CLUSTERNUMBER ROUGHBINNUMBER FINEBINNUMBER REVIEWSAMPLE ;
DefectList
 1 93271.000 98529.000 0 0 0.000 0.000 0.000 0.152 0 1 0 0 0 0
 2 103027.000 107191.000 0 0 0.000 0.000 0.000 0.165 0 1 0 0 0 0
 3 92739.000 97682.000 0 0 0.000 0.000 0.000 0.142 0 1 0 0 0 0
 4 92571.000 103842.000 0 0 0.000 0.000 0.000 0.135 0 1 0 0 0 0
 5 103276.000 108150.000 0 0 0.000 0.000 0.000 0.147 0 1 0 0 0 0
 6 104303.000 108512.000 0 0 0.000 0.000 0.000 0.151 0 1 0 0 0 0
 7 106624.000 107272.000 0 0 0.000 0.000 0.000 0.164 0 1 0 0 0 0
 8 95674.000 110010.000 0 0 0.000 0.000 0.000 0.139 0 1 0 0 0 0
 9 90465.000 105069.000 0 0 0.000 0.000 0.000 0.130 0 1 0 0 0 0
 10 90036.000 94638.000 0 0 0.000 0.000 0.000 0.205 0 1 0 0 0 0
 11 110130.000 106079.000 0 0 0.000 0.000 0.000 0.137 0 1 0 0 0 0
 12 90721.000 92976.000 0 0 0.000 0.000 0.000 0.159 0 1 0 0 0 0
 13 94256.000 110710.000 0 0 0.000 0.000 0.000 0.138 0 1 0 0 0 0
 14 93311.000 90418.000 0 0 0.000 0.000 0.000 0.135 0 1 0 0 0 0
 15 93398.000 111005.000 0 0 0.000 0.000 0.000 0.136 0 1 0 0 0 0
 16 87427.000 97121.000 0 0 0.000 0.000 0.000 0.171 0 1 0 0 0 0
 17 111803.000 105657.000 0 0 0.000 0.000 0.000 0.132 0 1 0 0 0 0
 18 106504.000 111930.000 0 0 0.000 0.000 0.000 0.132 0 1 0 0 0 0
 19 106263.000 88281.000 0 0 0.000 0.000 0.000 0.159 0 1 0 0 0 0
 20 111313.000 107595.000 0 0 0.000 0.000 0.000 0.138 0 1 0 0 0 0
 21 111069.000 91949.000 0 0 0.000 0.000 0.000 0.152 0 1 0 0 0 0
 22 96432.000 86795.000 0 0 0.000 0.000 0.000 0.139 0 1 0 0 0 0
 23 86287.000 96804.000 0 0 0.000 0.000 0.000 0.138 0 1 0 0 0 0
 24 86625.000 95795.000 0 0 0.000 0.000 0.000 0.150 0 1 0 0 0 0
 25 87735.000 92648.000 0 0 0.000 0.000 0.000 0.146 0 1 0 0 0 0
 26 92508.000 87622.000 0 0 0.000 0.000 0.000 0.137 0 1 0 0 0 0
 27 86215.000 94104.000 0 0 0.000 0.000 0.000 0.163 0 1 0 0 0 0
 28 91616.000 113345.000 0 0 0.000 0.000 0.000 0.132 0 1 0 0 0 0
 29 113953.000 107404.000 0 0 0.000 0.000 0.000 0.166 0 1 0 0 0 0
 30 90314.000 113111.000 0 0 0.000 0.000 0.000 0.147 0 1 0 0 0 0
 31 101336.000 116997.000 0 0 0.000 0.000 0.000 0.152 0 1 0 0 0 0
 32 87769.000 88674.000 0 0 0.000 0.000 0.000 0.158 0 1 0 0 0 0
 33 91612.000 84944.000 0 0 0.000 0.000 0.000 0.131 0 1 0 0 0 0
 34 94295.000 116881.000 0 0 0.000 0.000 0.000 0.132 0 1 0 0 0 0
 35 83110.000 95095.000 0 0 0.000 0.000 0.000 0.145 0 1 0 0 0 0
 36 83662.000 109123.000 0 0 0.000 0.000 0.000 0.131 0 1 0 0 0 0
 37 108135.000 116919.000 0 0 0.000 0.000 0.000 0.151 0 1 0 0 0 0
 38 118917.000 103127.000 0 0 0.000 0.000 0.000 0.151 0 1 0 0 0 0
 39 119107.000 96441.000 0 0 0.000 0.000 0.000 0.130 0 1 0 0 0 0
 40 110763.000 116572.000 0 0 0.000 0.000 0.000 0.132 0 1 0 0 0 0
 41 105947.000 81440.000 0 0 0.000 0.000 0.000 0.171 0 1 0 0 0 0
 42 106867.000 118931.000 0 0 0.000 0.000 0.000 0.135 0 1 0 0 0 0
 43 80350.000 96897.000 0 0 0.000 0.000 0.000 0.156 0 1 0 0 0 0
 44 100974.000 120929.000 0 0 0.000 0.000 0.000 0.138 0 1 0 0 0 0
 45 79087.000 100345.000 0 0 0.000 0.000 0.000 0.145 0 1 0 0 0 0
 46 111403.000 82581.000 0 0 0.000 0.000 0.000 0.138 0 1 0 0 0 0
 47 118059.000 110911.000 0 0 0.000 0.000 0.000 0.170 0 1 0 0 0 0
 48 120452.000 94565.000 0 0 0.000 0.000 0.000 0.134 0 1 0 0 0 0
 49 108096.000 119825.000 0 0 0.000 0.000 0.000 0.142 0 1 0 0 0 0
 50 82439.000 88010.000 0 0 0.000 0.000 0.000 0.147 0 1 0 0 0 0
 51 116568.000 114283.000 0 0 0.000 0.000 0.000 0.166 0 1 0 0 0 0
 52 119337.000 110494.000 0 0 0.000 0.000 0.000 0.153 0 1 0 0 0 0
 53 116102.000 85376.000 0 0 0.000 0.000 0.000 0.166 0 1 0 0 0 0
 54 80964.000 111386.000 0 0 0.000 0.000 0.000 0.134 0 1 0 0 0 0
 55 99395.000 78182.000 0 0 0.000 0.000 0.000 0.147 0 1 0 0 0 0
 56 118218.000 113267.000 0 0 0.000 0.000 0.000 0.159 0 1 0 0 0 0
 57 120832.000 91868.000 0 0 0.000 0.000 0.000 0.140 0 1 0 0 0 0
 58 114007.000 117833.000 0 0 0.000 0.000 0.000 0.131 0 1 0 0 0 0
 59 113839.000 82317.000 0 0 0.000 0.000 0.000 0.146 0 1 0 0 0 0
 60 120484.000 89324.000 0 0 0.000 0.000 0.000 0.150 0 1 0 0 0 0
 61 90794.000 78698.000 0 0 0.000 0.000 0.000 0.133 0 1 0 0 0 0
 62 77042.000 105707.000 0 0 0.000 0.000 0.000 0.136 0 1 0 0 0 0
 63 118959.000 85836.000 0 0 0.000 0.000 0.000 0.170 0 1 0 0 0 0
 64 91580.000 77496.000 0 0 0.000 0.000 0.000 0.141 0 1 0 0 0 0
 65 114031.000 119972.000 0 0 0.000 0.000 0.000 0.133 0 1 0 0 0 0
 66 75663.000 100868.000 0 0 0.000 0.000 0.000 0.157 0 1 0 0 0 0
 67 101863.000 124825.000 0 0 0.000 0.000 0.000 0.150 0 1 0 0 0 0
 68 84846.000 119773.000 0 0 0.000 0.000 0.000 0.144 0 1 0 0 0 0
 69 75507.000 103466.000 0 0 0.000 0.000 0.000 0.137 0 1 0 0 0 0
 70 119077.000 116193.000 0 0 0.000 0.000 0.000 0.134 0 1 0 0 0 0
 71 101137.000 125202.000 0 0 0.000 0.000 0.000 0.139 0 1 0 0 0 0
 72 98172.000 75045.000 0 0 0.000 0.000 0.000 0.141 0 1 0 0 0 0
 73 76372.000 91232.000 0 0 0.000 0.000 0.000 0.132 0 1 0 0 0 0
 74 118442.000 82821.000 0 0 0.000 0.000 0.000 0.140 0 1 0 0 0 0
 75 74667.000 103362.000 0 0 0.000 0.000 0.000 0.149 0 1 0 0 0 0
 76 86172.000 78753.000 0 0 0.000 0.000 0.000 0.159 0 1 0 0 0 0
 77 83562.000 119994.000 0 0 0.000 0.000 0.000 0.140 0 1 0 0 0 0
 78 87355.000 77832.000 0 0 0.000 0.000 0.000 0.142 0 1 0 0 0 0
 79 79700.000 116546.000 0 0 0.000 0.000 0.000 0.134 0 1 0 0 0 0
 80 124024.000 111418.000 0 0 0.000 0.000 0.000 0.131 0 1 0 0 0 0
 81 123709.000 88162.000 0 0 0.000 0.000 0.000 0.157 0 1 0 0 0 0
 82 76060.000 88595.000 0 0 0.000 0.000 0.000 0.131 0 1 0 0 0 0
 83 80796.000 120037.000 0 0 0.000 0.000 0.000 0.158 0 1 0 0 0 0
 84 75144.000 88141.000 0 0 0.000 0.000 0.000 0.145 0 1 0 0 0 0
 85 88339.000 125683.000 0 0 0.000 0.000 0.000 0.149 0 1 0 0 0 0
 86 83945.000 123276.000 0 0 0.000 0.000 0.000 0.146 0 1 0 0 0 0
 87 128115.000 101341.000 0 0 0.000 0.000 0.000 0.170 0 1 0 0 0 0
 88 94964.000 72255.000 0 0 0.000 0.000 0.000 0.138 0 1 0 0 0 0
 89 90161.000 73236.000 0 0 0.000 0.000 0.000 0.133 0 1 0 0 0 0
 90 114339.000 75224.000 0 0 0.000 0.000 0.000 0.162 0 1 0 0 0 0
 91 124020.000 116540.000 0 0 0.000 0.000 0.000 0.158 0 1 0 0 0 0
 92 87333.000 126408.000 0 0 0.000 0.000 0.000 0.139 0 1 0 0 0 0
 93 120522.000 79585.000 0 0 0.000 0.000 0.000 0.135 0 1 0 0 0 0
 94 93808.000 71453.000 0 0 0.000 0.000 0.000 0.149 0 1 0 0 0 0
 95 98117.000 70969.000 0 0 0.000 0.000 0.000 0.156 0 1 0 0 0 0
 96 85792.000 126703.000 0 0 0.000 0.000 0.000 0.130 0 1 0 0 0 0
 97 130156.000 98659.000 0 0 0.000 0.000 0.000 0.146 0 1 0 0 0 0
 98 97783.000 69970.000 0 0 0.000 0.000 0.000 0.150 0 1 0 0 0 0
 99 93868.000 70096.000 0 0 0.000 0.000 0.000 0.130 0 1 0 0 0 0
 100 125513.000 82950.000 0 0 0.000 0.000 0.000 0.135 0 1 0 0 0 0
 101 118498.000 125055.000 0 0 0.000 0.000 0.000 0.134 0 1 0 0 0 0
 102 69409.000 95577.000 0 0 0.000 0.000 0.000 0.141 0 1 0 0 0 0
 103 97408.000 131384.000 0 0 0.000 0.000 0.000 0.175 0 1 0 0 0 0
 104 127485.000 115440.000 0 0 0.000 0.000 0.000 0.169 0 1 0 0 0 0
 105 86689.000 71702.000 0 0 0.000 0.000 0.000 0.165 0 1 0 0 0 0
 106 128529.000 113483.000 0 0 0.000 0.000 0.000 0.172 0 1 0 0 0 0
 107 124962.000 80822.000 0 0 0.000 0.000 0.000 0.202 0 1 0 0 0 0
 108 81326.000 126005.000 0 0 0.000 0.000 0.000 0.140 0 1 0 0 0 0
 109 104242.000 67818.000 0 0 0.000 0.000 0.000 0.130 0 1 0 0 0 0
 110 120828.000 75099.000 0 0 0.000 0.000 0.000 0.133 0 1 0 0 0 0
 111 132466.000 105181.000 0 0 0.000 0.000 0.000 0.165 0 1 0 0 0 0
 112 133359.000 99425.000 0 0 0.000 0.000 0.000 0.147 0 1 0 0 0 0
 113 117148.000 128918.000 0 0 0.000 0.000 0.000 0.148 0 1 0 0 0 0
 114 83508.000 69811.000 0 0 0.000 0.000 0.000 0.133 0 1 0 0 0 0
 115 86006.000 68725.000 0 0 0.000 0.000 0.000 0.146 0 1 0 0 0 0
 116 134375.000 103793.000 0 0 0.000 0.000 0.000 0.157 0 1 0 0 0 0
 117 131503.000 114442.000 0 0 0.000 0.000 0.000 0.131 0 1 0 0 0 0
 118 114213.000 131839.000 0 0 0.000 0.000 0.000 0.137 0 1 0 0 0 0
 119 75732.000 125067.000 0 0 0.000 0.000 0.000 0.153 0 1 0 0 0 0
 120 134633.000 102214.000 0 0 0.000 0.000 0.000 0.146 0 1 0 0 0 0
 121 64703.000 97501.000 0 0 0.000 0.000 0.000 0.135 0 1 0 0 0 0
 122 128808.000 79380.000 0 0 0.000 0.000 0.000 0.132 0 1 0 0 0 0
 123 106416.000 135344.000 0 0 0.000 0.000 0.000 0.131 0 1 0 0 0 0
 124 78463.000 128579.000 0 0 0.000 0.000 0.000 0.172 0 1 0 0 0 0
 125 83372.000 68346.000 0 0 0.000 0.000 0.000 0.145 0 1 0 0 0 0
 126 97221.000 64227.000 0 0 0.000 0.000 0.000 0.142 0 1 0 0 0 0
 127 120558.000 129886.000 0 0 0.000 0.000 0.000 0.132 0 1 0 0 0 0
 128 72319.000 123867.000 0 0 0.000 0.000 0.000 0.130 0 1 0 0 0 0
 129 136381.000 101553.000 0 0 0.000 0.000 0.000 0.137 0 1 0 0 0 0
 130 127385.000 124432.000 0 0 0.000 0.000 0.000 0.134 0 1 0 0 0 0
 131 72459.000 124373.000 0 0 0.000 0.000 0.000 0.143 0 1 0 0 0 0
 132 75053.000 127338.000 0 0 0.000 0.000 0.000 0.154 0 1 0 0 0 0
 133 73416.000 125853.000 0 0 0.000 0.000 0.000 0.164 0 1 0 0 0 0
 134 109544.000 64418.000 0 0 0.000 0.000 0.000 0.153 0 1 0 0 0 0
 135 96878.000 137360.000 0 0 0.000 0.000 0.000 0.153 0 1 0 0 0 0
 136 87635.000 135216.000 0 0 0.000 0.000 0.000 0.164 0 1 0 0 0 0
 137 70517.000 77579.000 0 0 0.000 0.000 0.000 0.134 0 1 0 0 0 0
 138 68143.000 80158.000 0 0 0.000 0.000 0.000 0.134 0 1 0 0 0 0
 139 132057.000 120185.000 0 0 0.000 0.000 0.000 0.141 0 1 0 0 0 0
 140 69493.000 78147.000 0 0 0.000 0.000 0.000 0.208 0 1 0 0 0 0
 141 120176.000 68150.000 0 0 0.000 0.000 0.000 0.130 0 1 0 0 0 0
 142 110144.000 136852.000 0 0 0.000 0.000 0.000 0.150 0 1 0 0 0 0
 143 87552.000 136117.000 0 0 0.000 0.000 0.000 0.146 0 1 0 0 0 0
 144 63075.000 109605.000 0 0 0.000 0.000 0.000 0.148 0 1 0 0 0 0
 145 119837.000 133123.000 0 0 0.000 0.000 0.000 0.138 0 1 0 0 0 0
 146 113891.000 136326.000 0 0 0.000 0.000 0.000 0.136 0 1 0 0 0 0
 147 137698.000 110997.000 0 0 0.000 0.000 0.000 0.142 0 1 0 0 0 0
 148 105041.000 61259.000 0 0 0.000 0.000 0.000 0.144 0 1 0 0 0 0
 149 116744.000 64679.000 0 0 0.000 0.000 0.000 0.164 0 1 0 0 0 0
 150 126942.000 129089.000 0 0 0.000 0.000 0.000 0.139 0 1 0 0 0 0
 151 137284.000 85598.000 0 0 0.000 0.000 0.000 0.142 0 1 0 0 0 0
 152 78510.000 66425.000 0 0 0.000 0.000 0.000 0.133 0 1 0 0 0 0
 153 61559.000 112979.000 0 0 0.000 0.000 0.000 0.167 0 1 0 0 0 0
 154 59781.000 94950.000 0 0 0.000 0.000 0.000 0.141 0 1 0 0 0 0
 155 130698.000 73492.000 0 0 0.000 0.000 0.000 0.154 0 1 0 0 0 0
 156 138563.000 87266.000 0 0 0.000 0.000 0.000 0.136 0 1 0 0 0 0
 157 102667.000 140973.000 0 0 0.000 0.000 0.000 0.142 0 1 0 0 0 0
 158 89316.000 139604.000 0 0 0.000 0.000 0.000 0.141 0 1 0 0 0 0
 159 81580.000 63787.000 0 0 0.000 0.000 0.000 0.146 0 1 0 0 0 0
 160 139669.000 111231.000 0 0 0.000 0.000 0.000 0.135 0 1 0 0 0 0
 161 141481.000 97954.000 0 0 0.000 0.000 0.000 0.140 0 1 0 0 0 0
 162 136764.000 119797.000 0 0 0.000 0.000 0.000 0.135 0 1 0 0 0 0
 163 113341.000 139706.000 0 0 0.000 0.000 0.000 0.155 0 1 0 0 0 0
 164 60450.000 86770.000 0 0 0.000 0.000 0.000 0.148 0 1 0 0 0 0
 165 71645.000 69207.000 0 0 0.000 0.000 0.000 0.138 0 1 0 0 0 0
 166 140887.000 111025.000 0 0 0.000 0.000 0.000 0.134 0 1 0 0 0 0
 167 74051.000 133603.000 0 0 0.000 0.000 0.000 0.134 0 1 0 0 0 0
 168 98548.000 57859.000 0 0 0.000 0.000 0.000 0.142 0 1 0 0 0 0
 169 57883.000 94138.000 0 0 0.000 0.000 0.000 0.146 0 1 0 0 0 0
 170 58926.000 89030.000 0 0 0.000 0.000 0.000 0.134 0 1 0 0 0 0
 171 121937.000 63591.000 0 0 0.000 0.000 0.000 0.133 0 1 0 0 0 0
 172 106846.000 142485.000 0 0 0.000 0.000 0.000 0.152 0 1 0 0 0 0
 173 57219.000 104832.000 0 0 0.000 0.000 0.000 0.135 0 1 0 0 0 0
 174 127730.000 133245.000 0 0 0.000 0.000 0.000 0.151 0 1 0 0 0 0
 175 70592.000 68557.000 0 0 0.000 0.000 0.000 0.152 0 1 0 0 0 0
 176 63495.000 123756.000 0 0 0.000 0.000 0.000 0.134 0 1 0 0 0 0
 177 56609.000 97383.000 0 0 0.000 0.000 0.000 0.143 0 1 0 0 0 0
 178 131903.000 70504.000 0 0 0.000 0.000 0.000 0.146 0 1 0 0 0 0
 179 143386.000 103920.000 0 0 0.000 0.000 0.000 0.143 0 1 0 0 0 0
 180 104719.000 143686.000 0 0 0.000 0.000 0.000 0.142 0 1 0 0 0 0
 181 58273.000 87129.000 0 0 0.000 0.000 0.000 0.150 0 1 0 0 0 0
 182 96046.000 56649.000 0 0 0.000 0.000 0.000 0.136 0 1 0 0 0 0
 183 140958.000 116032.000 0 0 0.000 0.000 0.000 200000.000 0 1 0 200 0 0
 184 98957.000 56156.000 0 0 0.000 0.000 0.000 0.137 0 1 0 0 0 0
 185 130797.000 68655.000 0 0 0.000 0.000 0.000 0.145 0 1 0 0 0 0
 186 71958.000 134285.000 0 0 0.000 0.000 0.000 0.131 0 1 0 0 0 0
 187 79800.000 139715.000 0 0 0.000 0.000 0.000 0.149 0 1 0 0 0 0
 188 116578.000 59103.000 0 0 0.000 0.000 0.000 0.147 0 1 0 0 0 0
 189 101144.000 55263.000 0 0 0.000 0.000 0.000 0.145 0 1 0 0 0 0
 190 120301.000 60084.000 0 0 0.000 0.000 0.000 0.133 0 1 0 0 0 0
 191 126272.000 136662.000 0 0 0.000 0.000 0.000 0.133 0 1 0 0 0 0
 192 75273.000 137921.000 0 0 0.000 0.000 0.000 0.142 0 1 0 0 0 0
 193 96942.000 55171.000 0 0 0.000 0.000 0.000 0.137 0 1 0 0 0 0
 194 107402.000 55798.000 0 0 0.000 0.000 0.000 0.147 0 1 0 0 0 0
 195 132092.000 131993.000 0 0 0.000 0.000 0.000 0.146 0 1 0 0 0 0
 196 79106.000 60181.000 0 0 0.000 0.000 0.000 0.132 0 1 0 0 0 0
 197 134763.000 129270.000 0 0 0.000 0.000 0.000 0.134 0 1 0 0 0 0
 198 57585.000 84054.000 0 0 0.000 0.000 0.000 0.130 0 1 0 0 0 0
 199 79545.000 59704.000 0 0 0.000 0.000 0.000 0.140 0 1 0 0 0 0
 200 121436.000 60171.000 0 0 0.000 0.000 0.000 0.141 0 1 0 0 0 0
 201 145195.000 95869.000 0 0 0.000 0.000 0.000 0.140 0 1 0 0 0 0
 202 69836.000 134260.000 0 0 0.000 0.000 0.000 0.130 0 1 0 0 0 0
 203 138197.000 75310.000 0 0 0.000 0.000 0.000 0.152 0 1 0 0 0 0
 204 64771.000 129302.000 0 0 0.000 0.000 0.000 0.142 0 1 0 0 0 0
 205 54421.000 104437.000 0 0 0.000 0.000 0.000 0.152 0 1 0 0 0 0
 206 54041.000 98481.000 0 0 0.000 0.000 0.000 0.165 0 1 0 0 0 0
 207 139772.000 123647.000 0 0 0.000 0.000 0.000 0.133 0 1 0 0 0 0
 208 67942.000 133672.000 0 0 0.000 0.000 0.000 0.134 0 1 0 0 0 0
 209 143152.000 83455.000 0 0 0.000 0.000 0.000 0.166 0 1 0 0 0 0
 210 79085.000 58856.000 0 0 0.000 0.000 0.000 0.131 0 1 0 0 0 0
 211 100801.000 53605.000 0 0 0.000 0.000 0.000 0.134 0 1 0 0 0 0
 212 138539.000 73994.000 0 0 0.000 0.000 0.000 0.151 0 1 0 0 0 0
 213 105740.000 146961.000 0 0 0.000 0.000 0.000 0.167 0 1 0 0 0 0
 214 143644.000 118085.000 0 0 0.000 0.000 0.000 0.157 0 1 0 0 0 0
 215 90136.000 146336.000 0 0 0.000 0.000 0.000 0.159 0 1 0 0 0 0
 216 68317.000 64868.000 0 0 0.000 0.000 0.000 0.134 0 1 0 0 0 0
 217 125499.000 140303.000 0 0 0.000 0.000 0.000 0.140 0 1 0 0 0 0
 218 134688.000 67492.000 0 0 0.000 0.000 0.000 0.130 0 1 0 0 0 0
 219 62022.000 71065.000 0 0 0.000 0.000 0.000 0.130 0 1 0 0 0 0
 220 147961.000 105009.000 0 0 0.000 0.000 0.000 0.149 0 1 0 0 0 0
 221 111274.000 147153.000 0 0 0.000 0.000 0.000 0.142 0 1 0 0 0 0
 222 70238.000 62152.000 0 0 0.000 0.000 0.000 0.148 0 1 0 0 0 0
 223 84133.000 54434.000 0 0 0.000 0.000 0.000 0.130 0 1 0 0 0 0
 224 137714.000 130926.000 0 0 0.000 0.000 0.000 0.132 0 1 0 0 0 0
 225 99796.000 148801.000 0 0 0.000 0.000 0.000 0.150 0 1 0 0 0 0
 226 54546.000 117773.000 0 0 0.000 0.000 0.000 0.141 0 1 0 0 0 0
 227 112371.000 53123.000 0 0 0.000 0.000 0.000 0.136 0 1 0 0 0 0
 228 148719.000 99738.000 0 0 0.000 0.000 0.000 0.130 0 1 0 0 0 0
 229 144551.000 79979.000 0 0 0.000 0.000 0.000 0.136 0 1 0 0 0 0
 230 126178.000 58812.000 0 0 0.000 0.000 0.000 0.135 0 1 0 0 0 0
 231 147357.000 113177.000 0 0 0.000 0.000 0.000 0.134 0 1 0 0 0 0
 232 145603.000 118850.000 0 0 0.000 0.000 0.000 0.137 0 1 0 0 0 0
 233 110014.000 51946.000 0 0 0.000 0.000 0.000 0.145 0 1 0 0 0 0
 234 148532.000 91014.000 0 0 0.000 0.000 0.000 0.141 0 1 0 0 0 0
 235 81892.000 146394.000 0 0 0.000 0.000 0.000 0.137 0 1 0 0 0 0
 236 58569.000 127908.000 0 0 0.000 0.000 0.000 0.134 0 1 0 0 0 0
 237 148111.000 113758.000 0 0 0.000 0.000 0.000 0.135 0 1 0 0 0 0
 238 116899.000 52995.000 0 0 0.000 0.000 0.000 0.137 0 1 0 0 0 0
 239 121496.000 145689.000 0 0 0.000 0.000 0.000 0.143 0 1 0 0 0 0
 240 54705.000 77885.000 0 0 0.000 0.000 0.000 0.148 0 1 0 0 0 0
 241 56843.000 73989.000 0 0 0.000 0.000 0.000 0.141 0 1 0 0 0 0
 242 49242.000 98060.000 0 0 0.000 0.000 0.000 0.131 0 1 0 0 0 0
 243 142851.000 72718.000 0 0 0.000 0.000 0.000 0.139 0 1 0 0 0 0
 244 151223.000 103368.000 0 0 0.000 0.000 0.000 0.131 0 1 0 0 0 0
 245 51283.000 116924.000 0 0 0.000 0.000 0.000 0.146 0 1 0 0 0 0
 246 53982.000 76240.000 0 0 0.000 0.000 0.000 0.139 0 1 0 0 0 0
 247 51739.000 119752.000 0 0 0.000 0.000 0.000 0.149 0 1 0 0 0 0
 248 92210.000 151913.000 0 0 0.000 0.000 0.000 0.131 0 1 0 0 0 0
 249 87508.000 151152.000 0 0 0.000 0.000 0.000 0.139 0 1 0 0 0 0
 250 152049.000 94540.000 0 0 0.000 0.000 0.000 0.155 0 1 0 0 0 0
 251 141146.000 132866.000 0 0 0.000 0.000 0.000 0.135 0 1 0 0 0 0
 252 152714.000 98849.000 0 0 0.000 0.000 0.000 0.158 0 1 0 0 0 0
 253 136659.000 138140.000 0 0 0.000 0.000 0.000 0.156 0 1 0 0 0 0
 254 116913.000 150457.000 0 0 0.000 0.000 0.000 0.146 0 1 0 0 0 0
 255 65807.000 140708.000 0 0 0.000 0.000 0.000 0.224 0 1 0 0 0 0
 256 71361.000 145068.000 0 0 0.000 0.000 0.000 0.142 0 1 0 0 0 0
 257 53064.000 75301.000 0 0 0.000 0.000 0.000 0.147 0 1 0 0 0 0
 258 145226.000 72101.000 0 0 0.000 0.000 0.000 0.143 0 1 0 0 0 0
 259 152264.000 89656.000 0 0 0.000 0.000 0.000 0.134 0 1 0 0 0 0
 260 134325.000 141047.000 0 0 0.000 0.000 0.000 0.138 0 1 0 0 0 0
 261 153430.000 99745.000 0 0 0.000 0.000 0.000 0.157 0 1 0 0 0 0
 262 79340.000 149685.000 0 0 0.000 0.000 0.000 0.135 0 1 0 0 0 0
 263 139035.000 63304.000 0 0 0.000 0.000 0.000 0.138 0 1 0 0 0 0
 264 48028.000 114575.000 0 0 0.000 0.000 0.000 0.144 0 1 0 0 0 0
 265 84684.000 48544.000 0 0 0.000 0.000 0.000 0.155 0 1 0 0 0 0
 266 150290.000 80685.000 0 0 0.000 0.000 0.000 0.150 0 1 0 0 0 0
 267 66403.000 142562.000 0 0 0.000 0.000 0.000 0.153 0 1 0 0 0 0
 268 71042.000 146039.000 0 0 0.000 0.000 0.000 0.136 0 1 0 0 0 0
 269 152373.000 114968.000 0 0 0.000 0.000 0.000 0.165 0 1 0 0 0 0
 270 138872.000 138525.000 0 0 0.000 0.000 0.000 0.142 0 1 0 0 0 0
 271 95315.000 154525.000 0 0 0.000 0.000 0.000 0.137 0 1 0 0 0 0
 272 153187.000 112953.000 0 0 0.000 0.000 0.000 0.143 0 1 0 0 0 0
 273 141558.000 135884.000 0 0 0.000 0.000 0.000 0.157 0 1 0 0 0 0
 274 79468.000 49397.000 0 0 0.000 0.000 0.000 0.167 0 1 0 0 0 0
 275 45084.000 104330.000 0 0 0.000 0.000 0.000 0.144 0 1 0 0 0 0
 276 122465.000 150614.000 0 0 0.000 0.000 0.000 0.143 0 1 0 0 0 0
 277 118018.000 47947.000 0 0 0.000 0.000 0.000 0.145 0 1 0 0 0 0
 278 130958.000 146058.000 0 0 0.000 0.000 0.000 0.131 0 1 0 0 0 0
 279 44567.000 99733.000 0 0 0.000 0.000 0.000 0.150 0 1 0 0 0 0
 280 142178.000 64318.000 0 0 0.000 0.000 0.000 0.152 0 1 0 0 0 0
 281 129739.000 147119.000 0 0 0.000 0.000 0.000 0.136 0 1 0 0 0 0
 282 49839.000 76206.000 0 0 0.000 0.000 0.000 0.135 0 1 0 0 0 0
 283 116531.000 153624.000 0 0 0.000 0.000 0.000 0.137 0 1 0 0 0 0
 284 117128.000 46946.000 0 0 0.000 0.000 0.000 0.147 0 1 0 0 0 0
 285 126737.000 149985.000 0 0 0.000 0.000 0.000 0.144 0 1 0 0 0 0
 286 108156.000 156414.000 0 0 0.000 0.000 0.000 0.142 0 1 0 0 0 0
 287 148083.000 70030.000 0 0 0.000 0.000 0.000 0.143 0 1 0 0 0 0
 288 105542.000 43588.000 0 0 0.000 0.000 0.000 0.134 0 1 0 0 0 0
 289 125768.000 49411.000 0 0 0.000 0.000 0.000 0.130 0 1 0 0 0 0
 290 74455.000 151717.000 0 0 0.000 0.000 0.000 0.143 0 1 0 0 0 0
 291 157491.000 95945.000 0 0 0.000 0.000 0.000 0.151 0 1 0 0 0 0
 292 136030.000 54370.000 0 0 0.000 0.000 0.000 0.132 0 1 0 0 0 0
 293 117165.000 156277.000 0 0 0.000 0.000 0.000 0.138 0 1 0 0 0 0
 294 92630.000 158356.000 0 0 0.000 0.000 0.000 0.130 0 1 0 0 0 0
 295 44582.000 119554.000 0 0 0.000 0.000 0.000 0.131 0 1 0 0 0 0
 296 155827.000 81684.000 0 0 0.000 0.000 0.000 0.130 0 1 0 0 0 0
 297 66781.000 149007.000 0 0 0.000 0.000 0.000 0.144 0 1 0 0 0 0
 298 79181.000 45061.000 0 0 0.000 0.000 0.000 0.131 0 1 0 0 0 0
 299 155260.000 79687.000 0 0 0.000 0.000 0.000 0.160 0 1 0 0 0 0
 300 43545.000 118217.000 0 0 0.000 0.000 0.000 0.135 0 1 0 0 0 0
 301 44284.000 80169.000 0 0 0.000 0.000 0.000 0.136 0 1 0 0 0 0
 302 154487.000 76898.000 0 0 0.000 0.000 0.000 0.132 0 1 0 0 0 0
 303 40697.000 103755.000 0 0 0.000 0.000 0.000 0.142 0 1 0 0 0 0
 304 59397.000 56982.000 0 0 0.000 0.000 0.000 0.140 0 1 0 0 0 0
 305 151522.000 70635.000 0 0 0.000 0.000 0.000 0.152 0 1 0 0 0 0
 306 109218.000 158949.000 0 0 0.000 0.000 0.000 0.142 0 1 0 0 0 0
 307 99129.000 40680.000 0 0 0.000 0.000 0.000 0.141 0 1 0 0 0 0
 308 99902.000 40769.000 0 0 0.000 0.000 0.000 0.133 0 1 0 0 0 0
 309 46917.000 72870.000 0 0 0.000 0.000 0.000 0.158 0 1 0 0 0 0
 310 53107.000 63293.000 0 0 0.000 0.000 0.000 0.131 0 1 0 0 0 0
 311 71103.000 47776.000 0 0 0.000 0.000 0.000 0.161 0 1 0 0 0 0
 312 57910.000 142931.000 0 0 0.000 0.000 0.000 0.130 0 1 0 0 0 0
 313 54636.000 60848.000 0 0 0.000 0.000 0.000 0.145 0 1 0 0 0 0
 314 71044.000 47550.000 0 0 0.000 0.000 0.000 0.145 0 1 0 0 0 0
 315 78303.000 44233.000 0 0 0.000 0.000 0.000 0.138 0 1 0 0 0 0
 316 73860.000 46091.000 0 0 0.000 0.000 0.000 0.153 0 1 0 0 0 0
 317 107093.000 40454.000 0 0 0.000 0.000 0.000 0.139 0 1 0 0 0 0
 318 149791.000 134141.000 0 0 0.000 0.000 0.000 0.134 0 1 0 0 0 0
 319 60957.000 146417.000 0 0 0.000 0.000 0.000 0.145 0 1 0 0 0 0
 320 139719.000 54270.000 0 0 0.000 0.000 0.000 0.149 0 1 0 0 0 0
 321 160783.000 99635.000 0 0 0.000 0.000 0.000 0.130 0 1 0 0 0 0
 322 113240.000 159658.000 0 0 0.000 0.000 0.000 0.151 0 1 0 0 0 0
 323 160491.000 108207.000 0 0 0.000 0.000 0.000 0.138 0 1 0 0 0 0
 324 44764.000 126631.000 0 0 0.000 0.000 0.000 0.131 0 1 0 0 0 0
 325 151777.000 133110.000 0 0 0.000 0.000 0.000 0.130 0 1 0 0 0 0
 326 78667.000 157940.000 0 0 0.000 0.000 0.000 0.169 0 1 0 0 0 0
 327 72755.000 155350.000 0 0 0.000 0.000 0.000 0.150 0 1 0 0 0 0
 328 49089.000 134885.000 0 0 0.000 0.000 0.000 0.131 0 1 0 0 0 0
 329 53882.000 59300.000 0 0 0.000 0.000 0.000 0.138 0 1 0 0 0 0
 330 87674.000 160752.000 0 0 0.000 0.000 0.000 0.145 0 1 0 0 0 0
 331 42644.000 122857.000 0 0 0.000 0.000 0.000 0.158 0 1 0 0 0 0
 332 82815.000 40893.000 0 0 0.000 0.000 0.000 0.147 0 1 0 0 0 0
 333 134909.000 151604.000 0 0 0.000 0.000 0.000 0.133 0 1 0 0 0 0
 334 39994.000 84087.000 0 0 0.000 0.000 0.000 0.131 0 1 0 0 0 0
 335 50708.000 62158.000 0 0 0.000 0.000 0.000 0.175 0 1 0 0 0 0
 336 144763.000 56729.000 0 0 0.000 0.000 0.000 0.139 0 1 0 0 0 0
 337 156219.000 72290.000 0 0 0.000 0.000 0.000 0.130 0 1 0 0 0 0
 338 155050.000 69313.000 0 0 0.000 0.000 0.000 0.143 0 1 0 0 0 0
 339 97681.000 36952.000 0 0 0.000 0.000 0.000 0.141 0 1 0 0 0 0
 340 153526.000 66363.000 0 0 0.000 0.000 0.000 0.146 0 1 0 0 0 0
 341 38705.000 116848.000 0 0 0.000 0.000 0.000 0.137 0 1 0 0 0 0
 342 145019.000 145102.000 0 0 0.000 0.000 0.000 0.145 0 1 0 0 0 0
 343 136881.000 48290.000 0 0 0.000 0.000 0.000 0.140 0 1 0 0 0 0
 344 161318.000 83455.000 0 0 0.000 0.000 0.000 0.144 0 1 0 0 0 0
 345 49806.000 139588.000 0 0 0.000 0.000 0.000 0.134 0 1 0 0 0 0
 346 66089.000 46222.000 0 0 0.000 0.000 0.000 0.130 0 1 0 0 0 0
 347 54359.000 145048.000 0 0 0.000 0.000 0.000 0.141 0 1 0 0 0 0
 348 38694.000 118375.000 0 0 0.000 0.000 0.000 0.131 0 1 0 0 0 0
 349 49344.000 60562.000 0 0 0.000 0.000 0.000 0.145 0 1 0 0 0 0
 350 141042.000 50278.000 0 0 0.000 0.000 0.000 0.157 0 1 0 0 0 0
 351 55553.000 147387.000 0 0 0.000 0.000 0.000 0.152 0 1 0 0 0 0
 352 162826.000 117137.000 0 0 0.000 0.000 0.000 0.138 0 1 0 0 0 0
 353 161640.000 78214.000 0 0 0.000 0.000 0.000 0.135 0 1 0 0 0 0
 354 163162.000 118314.000 0 0 0.000 0.000 0.000 0.145 0 1 0 0 0 0
 355 37653.000 79237.000 0 0 0.000 0.000 0.000 0.136 0 1 0 0 0 0
 356 97041.000 34421.000 0 0 0.000 0.000 0.000 0.134 0 1 0 0 0 0
 357 34765.000 111270.000 0 0 0.000 0.000 0.000 0.155 0 1 0 0 0 0
 358 165871.000 94726.000 0 0 0.000 0.000 0.000 0.154 0 1 0 0 0 0
 359 157901.000 132613.000 0 0 0.000 0.000 0.000 0.130 0 1 0 0 0 0
 360 60446.000 153594.000 0 0 0.000 0.000 0.000 0.145 0 1 0 0 0 0
 361 74891.000 162002.000 0 0 0.000 0.000 0.000 0.138 0 1 0 0 0 0
 362 99013.000 33560.000 0 0 0.000 0.000 0.000 0.136 0 1 0 0 0 0
 363 106677.000 166833.000 0 0 0.000 0.000 0.000 0.133 0 1 0 0 0 0
 364 36003.000 80237.000 0 0 0.000 0.000 0.000 0.140 0 1 0 0 0 0
 365 38089.000 72453.000 0 0 0.000 0.000 0.000 0.136 0 1 0 0 0 0
 366 166574.000 113820.000 0 0 0.000 0.000 0.000 0.149 0 1 0 0 0 0
 367 50104.000 146667.000 0 0 0.000 0.000 0.000 0.145 0 1 0 0 0 0
 368 152695.000 57113.000 0 0 0.000 0.000 0.000 0.168 0 1 0 0 0 0
 369 162700.000 73244.000 0 0 0.000 0.000 0.000 0.143 0 1 0 0 0 0
 370 146125.000 150493.000 0 0 0.000 0.000 0.000 0.132 0 1 0 0 0 0
 371 49894.000 146504.000 0 0 0.000 0.000 0.000 0.130 0 1 0 0 0 0
 372 48880.000 54923.000 0 0 0.000 0.000 0.000 0.148 0 1 0 0 0 0
 373 32476.000 87952.000 0 0 0.000 0.000 0.000 0.142 0 1 0 0 0 0
 374 166149.000 81855.000 0 0 0.000 0.000 0.000 0.148 0 1 0 0 0 0
 375 142131.000 154862.000 0 0 0.000 0.000 0.000 0.136 0 1 0 0 0 0
 376 122566.000 34913.000 0 0 0.000 0.000 0.000 0.136 0 1 0 0 0 0
 377 97710.000 169541.000 0 0 0.000 0.000 0.000 0.131 0 1 0 0 0 0
 378 39643.000 134473.000 0 0 0.000 0.000 0.000 0.137 0 1 0 0 0 0
 379 63199.000 41427.000 0 0 0.000 0.000 0.000 0.145 0 1 0 0 0 0
 380 125866.000 35808.000 0 0 0.000 0.000 0.000 0.138 0 1 0 0 0 0
 381 156028.000 59129.000 0 0 0.000 0.000 0.000 0.134 0 1 0 0 0 0
 382 65161.000 39246.000 0 0 0.000 0.000 0.000 0.149 0 1 0 0 0 0
 383 96518.000 30178.000 0 0 0.000 0.000 0.000 0.154 0 1 0 0 0 0
 384 42251.000 59991.000 0 0 0.000 0.000 0.000 0.144 0 1 0 0 0 0
 385 96755.000 29836.000 0 0 0.000 0.000 0.000 0.147 0 1 0 0 0 0
 386 166649.000 77524.000 0 0 0.000 0.000 0.000 0.135 0 1 0 0 0 0
 387 69226.000 163620.000 0 0 0.000 0.000 0.000 0.131 0 1 0 0 0 0
 388 32918.000 122089.000 0 0 0.000 0.000 0.000 0.140 0 1 0 0 0 0
 389 126625.000 34846.000 0 0 0.000 0.000 0.000 0.143 0 1 0 0 0 0
 390 31218.000 83354.000 0 0 0.000 0.000 0.000 0.136 0 1 0 0 0 0
 391 45852.000 54601.000 0 0 0.000 0.000 0.000 0.146 0 1 0 0 0 0
 392 61604.000 40858.000 0 0 0.000 0.000 0.000 0.135 0 1 0 0 0 0
 393 169622.000 114087.000 0 0 0.000 0.000 0.000 0.153 0 1 0 0 0 0
 394 166669.000 124419.000 0 0 0.000 0.000 0.000 0.146 0 1 0 0 0 0
 395 42923.000 57821.000 0 0 0.000 0.000 0.000 0.148 0 1 0 0 0 0
 396 125083.000 166904.000 0 0 0.000 0.000 0.000 0.153 0 1 0 0 0 0
 397 92384.000 171066.000 0 0 0.000 0.000 0.000 0.142 0 1 0 0 0 0
 398 145856.000 45646.000 0 0 0.000 0.000 0.000 0.141 0 1 0 0 0 0
 399 32707.000 76268.000 0 0 0.000 0.000 0.000 0.153 0 1 0 0 0 0
 400 167232.000 75369.000 0 0 0.000 0.000 0.000 0.139 0 1 0 0 0 0
 401 81882.000 169541.000 0 0 0.000 0.000 0.000 0.130 0 1 0 0 0 0
 402 97079.000 28469.000 0 0 0.000 0.000 0.000 0.135 0 1 0 0 0 0
 403 159538.000 141046.000 0 0 0.000 0.000 0.000 0.136 0 1 0 0 0 0
 404 76896.000 31539.000 0 0 0.000 0.000 0.000 0.136 0 1 0 0 0 0
 405 152941.000 150014.000 0 0 0.000 0.000 0.000 0.130 0 1 0 0 0 0
 406 30718.000 77511.000 0 0 0.000 0.000 0.000 0.140 0 1 0 0 0 0
 407 50350.000 153695.000 0 0 0.000 0.000 0.000 0.167 0 1 0 0 0 0
 408 124804.000 169591.000 0 0 0.000 0.000 0.000 0.142 0 1 0 0 0 0
 409 162766.000 138944.000 0 0 0.000 0.000 0.000 0.131 0 1 0 0 0 0
 410 143843.000 159418.000 0 0 0.000 0.000 0.000 0.152 0 1 0 0 0 0
 411 42737.000 53362.000 0 0 0.000 0.000 0.000 0.138 0 1 0 0 0 0
 412 168827.000 73244.000 0 0 0.000 0.000 0.000 0.133 0 1 0 0 0 0
 413 170752.000 122160.000 0 0 0.000 0.000 0.000 0.134 0 1 0 0 0 0
 414 73385.000 169364.000 0 0 0.000 0.000 0.000 0.152 0 1 0 0 0 0
 415 49974.000 154966.000 0 0 0.000 0.000 0.000 0.161 0 1 0 0 0 0
 416 34731.000 65108.000 0 0 0.000 0.000 0.000 0.148 0 1 0 0 0 0
 417 101956.000 174522.000 0 0 0.000 0.000 0.000 0.157 0 1 0 0 0 0
 418 142731.000 39112.000 0 0 0.000 0.000 0.000 0.139 0 1 0 0 0 0
 419 108820.000 174267.000 0 0 0.000 0.000 0.000 0.142 0 1 0 0 0 0
 420 43219.000 148780.000 0 0 0.000 0.000 0.000 0.160 0 1 0 0 0 0
 421 29072.000 123850.000 0 0 0.000 0.000 0.000 0.130 0 1 0 0 0 0
 422 166333.000 135703.000 0 0 0.000 0.000 0.000 0.137 0 1 0 0 0 0
 423 123444.000 28600.000 0 0 0.000 0.000 0.000 0.139 0 1 0 0 0 0
 424 66009.000 32530.000 0 0 0.000 0.000 0.000 0.142 0 1 0 0 0 0
 425 175094.000 113779.000 0 0 0.000 0.000 0.000 0.144 0 1 0 0 0 0
 426 169149.000 132830.000 0 0 0.000 0.000 0.000 0.143 0 1 0 0 0 0
 427 24021.000 88923.000 0 0 0.000 0.000 0.000 0.160 0 1 0 0 0 0
 428 121707.000 174024.000 0 0 0.000 0.000 0.000 0.140 0 1 0 0 0 0
 429 108038.000 23570.000 0 0 0.000 0.000 0.000 0.145 0 1 0 0 0 0
 430 148238.000 160445.000 0 0 0.000 0.000 0.000 0.137 0 1 0 0 0 0
 431 22882.000 94884.000 0 0 0.000 0.000 0.000 0.134 0 1 0 0 0 0
 432 23925.000 86018.000 0 0 0.000 0.000 0.000 0.152 0 1 0 0 0 0
 433 24173.000 85099.000 0 0 0.000 0.000 0.000 0.132 0 1 0 0 0 0
 434 26586.000 75510.000 0 0 0.000 0.000 0.000 0.140 0 1 0 0 0 0
 435 58772.000 165803.000 0 0 0.000 0.000 0.000 0.133 0 1 0 0 0 0
 436 50493.000 40527.000 0 0 0.000 0.000 0.000 0.133 0 1 0 0 0 0
 437 174584.000 78939.000 0 0 0.000 0.000 0.000 0.132 0 1 0 0 0 0
 438 22468.000 106755.000 0 0 0.000 0.000 0.000 0.145 0 1 0 0 0 0
 439 26349.000 74897.000 0 0 0.000 0.000 0.000 0.144 0 1 0 0 0 0
 440 153390.000 156939.000 0 0 0.000 0.000 0.000 0.132 0 1 0 0 0 0
 441 177892.000 105058.000 0 0 0.000 0.000 0.000 0.141 0 1 0 0 0 0
 442 177411.000 88617.000 0 0 0.000 0.000 0.000 0.142 0 1 0 0 0 0
 443 144160.000 35259.000 0 0 0.000 0.000 0.000 0.157 0 1 0 0 0 0
 444 84751.000 23034.000 0 0 0.000 0.000 0.000 0.201 0 1 0 0 0 0
 445 136599.000 29865.000 0 0 0.000 0.000 0.000 0.133 0 1 0 0 0 0
 446 133072.000 27594.000 0 0 0.000 0.000 0.000 0.132 0 1 0 0 0 0
 447 102929.000 20177.000 0 0 0.000 0.000 0.000 0.157 0 1 0 0 0 0
 448 38297.000 49060.000 0 0 0.000 0.000 0.000 0.130 0 1 0 0 0 0
 449 83952.000 21358.000 0 0 0.000 0.000 0.000 0.155 0 1 0 0 0 0
 450 149377.000 36674.000 0 0 0.000 0.000 0.000 0.134 0 1 0 0 0 0
 451 180458.000 101955.000 0 0 0.000 0.000 0.000 0.136 0 1 0 0 0 0
 452 177227.000 76436.000 0 0 0.000 0.000 0.000 0.148 0 1 0 0 0 0
 453 20859.000 82514.000 0 0 0.000 0.000 0.000 0.146 0 1 0 0 0 0
 454 151389.000 37494.000 0 0 0.000 0.000 0.000 0.131 0 1 0 0 0 0
 455 109629.000 181043.000 0 0 0.000 0.000 0.000 0.143 0 1 0 0 0 0
 456 115263.000 20250.000 0 0 0.000 0.000 0.000 0.139 0 1 0 0 0 0
 457 164437.000 150115.000 0 0 0.000 0.000 0.000 0.136 0 1 0 0 0 0
 458 151082.000 164876.000 0 0 0.000 0.000 0.000 0.138 0 1 0 0 0 0
 459 94232.000 182722.000 0 0 0.000 0.000 0.000 0.135 0 1 0 0 0 0
 460 176610.000 132393.000 0 0 0.000 0.000 0.000 0.136 0 1 0 0 0 0
 461 75591.000 180033.000 0 0 0.000 0.000 0.000 0.139 0 1 0 0 0 0
 462 63203.000 175219.000 0 0 0.000 0.000 0.000 0.135 0 1 0 0 0 0
 463 176468.000 64191.000 0 0 0.000 0.000 0.000 0.141 0 1 0 0 0 0
 464 164271.000 161609.000 0 0 0.000 0.000 0.000 0.132 0 1 0 0 0 0
 465 133351.000 183718.000 0 0 0.000 0.000 0.000 0.136 0 1 0 0 0 0
 466 190434.000 98385.000 0 0 0.000 0.000 0.000 0.132 0 1 0 0 0 0
 467 128148.000 11269.000 0 0 0.000 0.000 0.000 200000.000 0 1 0 200 0 0;
ProcessEquipmentIDList 1
  "6632" ;
SummarySpec 5
  TESTNO    NDEFECT    DEFDENSITY    NDIE    NDEFDIE  ;
SummaryList 
  1    467    1.707    1    1  ;
EndOfFile;
