FileVersion 1 2;
FileTimestamp 01-11-26 12:05:24;
InspectionStationID "KLA-Tencor" "SFSSP1" "0901-0728-TBI";
SampleType WAFER;
ResultTimestamp 01-11-26 11:51:00;
LotID "2580";
SampleSize 1 200;
DeviceID "None";
SetupID "T2-2580NR" 01-11-26 11:51:00;
StepID "6492";
SampleOrientationMarkType NOTCH;
OrientationMarkLocation DOWN;
DiePitch 200000 200000;
DieOrigin 0 0;
WaferID "22";
Slot 22;
SampleCenterLocation 100000 100000;
ClassLookup 1
  0 "0"  ;
OrientationInstructions "Front";
CoordinatesMirrored No;
InspectionTest 1;
SampleTestPlan 1
  0 0 ;
AreaPerTest 2.73515e+010;
DefectRecordSpec 15 DEFECTID XREL YREL XINDEX YINDEX XSIZE YSIZE DEFECTAREA DSIZE CLASSNUMBER TEST CLUSTERNUMBER ROUGHBINNUMBER FINEBINNUMBER REVIEWSAMPLE ;
DefectList
 1 97955.000 103272.000 0 0 0.000 0.000 0.000 0.138 0 1 0 0 0 0
 2 97196.000 107235.000 0 0 0.000 0.000 0.000 0.150 0 1 0 0 0 0
 3 92475.000 96926.000 0 0 0.000 0.000 0.000 0.131 0 1 0 0 0 0
 4 102150.000 91118.000 0 0 0.000 0.000 0.000 0.132 0 1 0 0 0 0
 5 107344.000 93954.000 0 0 0.000 0.000 0.000 0.133 0 1 0 0 0 0
 6 107261.000 107112.000 0 0 0.000 0.000 0.000 0.139 0 1 0 0 0 0
 7 105321.000 108598.000 0 0 0.000 0.000 0.000 0.130 0 1 0 0 0 0
 8 89995.000 102847.000 0 0 0.000 0.000 0.000 0.140 0 1 0 0 0 0
 9 107198.000 107775.000 0 0 0.000 0.000 0.000 0.135 0 1 0 0 0 0
 10 96235.000 110534.000 0 0 0.000 0.000 0.000 0.134 0 1 0 0 0 0
 11 105306.000 109910.000 0 0 0.000 0.000 0.000 0.136 0 1 0 0 0 0
 12 91128.000 109813.000 0 0 0.000 0.000 0.000 0.133 0 1 0 0 0 0
 13 86961.000 101348.000 0 0 0.000 0.000 0.000 0.135 0 1 0 0 0 0
 14 105764.000 87892.000 0 0 0.000 0.000 0.000 0.131 0 1 0 0 0 0
 15 111120.000 91803.000 0 0 0.000 0.000 0.000 0.138 0 1 0 0 0 0
 16 107304.000 112209.000 0 0 0.000 0.000 0.000 0.139 0 1 0 0 0 0
 17 114084.000 99679.000 0 0 0.000 0.000 0.000 0.146 0 1 0 0 0 0
 18 113697.000 102709.000 0 0 0.000 0.000 0.000 0.170 0 1 0 0 0 0
 19 102234.000 86116.000 0 0 0.000 0.000 0.000 0.141 0 1 0 0 0 0
 20 112128.000 108070.000 0 0 0.000 0.000 0.000 0.143 0 1 0 0 0 0
 21 113507.000 106822.000 0 0 0.000 0.000 0.000 0.137 0 1 0 0 0 0
 22 85237.000 106407.000 0 0 0.000 0.000 0.000 0.131 0 1 0 0 0 0
 23 82760.000 95364.000 0 0 0.000 0.000 0.000 0.142 0 1 0 0 0 0
 24 83260.000 107643.000 0 0 0.000 0.000 0.000 0.160 0 1 0 0 0 0
 25 116235.000 91771.000 0 0 0.000 0.000 0.000 0.136 0 1 0 0 0 0
 26 106110.000 82794.000 0 0 0.000 0.000 0.000 0.136 0 1 0 0 0 0
 27 82924.000 91859.000 0 0 0.000 0.000 0.000 0.131 0 1 0 0 0 0
 28 115670.000 88474.000 0 0 0.000 0.000 0.000 0.130 0 1 0 0 0 0
 29 88855.000 83283.000 0 0 0.000 0.000 0.000 0.159 0 1 0 0 0 0
 30 81035.000 108181.000 0 0 0.000 0.000 0.000 0.130 0 1 0 0 0 0
 31 95317.000 120270.000 0 0 0.000 0.000 0.000 0.135 0 1 0 0 0 0
 32 79942.000 95191.000 0 0 0.000 0.000 0.000 0.145 0 1 0 0 0 0
 33 120652.000 100745.000 0 0 0.000 0.000 0.000 0.132 0 1 0 0 0 0
 34 117669.000 89120.000 0 0 0.000 0.000 0.000 0.145 0 1 0 0 0 0
 35 100367.000 121404.000 0 0 0.000 0.000 0.000 0.139 0 1 0 0 0 0
 36 107831.000 120172.000 0 0 0.000 0.000 0.000 0.143 0 1 0 0 0 0
 37 87437.000 117689.000 0 0 0.000 0.000 0.000 0.147 0 1 0 0 0 0
 38 94962.000 78975.000 0 0 0.000 0.000 0.000 0.134 0 1 0 0 0 0
 39 109302.000 120219.000 0 0 0.000 0.000 0.000 0.132 0 1 0 0 0 0
 40 107824.000 121283.000 0 0 0.000 0.000 0.000 0.138 0 1 0 0 0 0
 41 110362.000 80022.000 0 0 0.000 0.000 0.000 0.138 0 1 0 0 0 0
 42 104598.000 77774.000 0 0 0.000 0.000 0.000 0.157 0 1 0 0 0 0
 43 114815.000 82899.000 0 0 0.000 0.000 0.000 0.154 0 1 0 0 0 0
 44 81678.000 116078.000 0 0 0.000 0.000 0.000 0.137 0 1 0 0 0 0
 45 86241.000 79414.000 0 0 0.000 0.000 0.000 0.141 0 1 0 0 0 0
 46 98003.000 75356.000 0 0 0.000 0.000 0.000 0.132 0 1 0 0 0 0
 47 92114.000 75927.000 0 0 0.000 0.000 0.000 0.136 0 1 0 0 0 0
 48 100468.000 126068.000 0 0 0.000 0.000 0.000 0.154 0 1 0 0 0 0
 49 83741.000 120774.000 0 0 0.000 0.000 0.000 0.144 0 1 0 0 0 0
 50 83901.000 121264.000 0 0 0.000 0.000 0.000 0.130 0 1 0 0 0 0
 51 126585.000 96727.000 0 0 0.000 0.000 0.000 0.150 0 1 0 0 0 0
 52 77102.000 114407.000 0 0 0.000 0.000 0.000 0.143 0 1 0 0 0 0
 53 116622.000 121566.000 0 0 0.000 0.000 0.000 0.159 0 1 0 0 0 0
 54 126792.000 94595.000 0 0 0.000 0.000 0.000 0.138 0 1 0 0 0 0
 55 126826.000 95018.000 0 0 0.000 0.000 0.000 0.137 0 1 0 0 0 0
 56 109296.000 74312.000 0 0 0.000 0.000 0.000 0.143 0 1 0 0 0 0
 57 126911.000 91828.000 0 0 0.000 0.000 0.000 0.134 0 1 0 0 0 0
 58 91465.000 73039.000 0 0 0.000 0.000 0.000 0.133 0 1 0 0 0 0
 59 108346.000 72806.000 0 0 0.000 0.000 0.000 0.134 0 1 0 0 0 0
 60 128204.000 106090.000 0 0 0.000 0.000 0.000 0.133 0 1 0 0 0 0
 61 71166.000 96399.000 0 0 0.000 0.000 0.000 0.137 0 1 0 0 0 0
 62 88917.000 127177.000 0 0 0.000 0.000 0.000 0.132 0 1 0 0 0 0
 63 127766.000 90797.000 0 0 0.000 0.000 0.000 0.148 0 1 0 0 0 0
 64 123147.000 118420.000 0 0 0.000 0.000 0.000 0.131 0 1 0 0 0 0
 65 73866.000 115094.000 0 0 0.000 0.000 0.000 0.138 0 1 0 0 0 0
 66 76849.000 80745.000 0 0 0.000 0.000 0.000 0.139 0 1 0 0 0 0
 67 100639.000 70128.000 0 0 0.000 0.000 0.000 0.148 0 1 0 0 0 0
 68 70966.000 109753.000 0 0 0.000 0.000 0.000 0.138 0 1 0 0 0 0
 69 127059.000 114603.000 0 0 0.000 0.000 0.000 0.131 0 1 0 0 0 0
 70 107083.000 70167.000 0 0 0.000 0.000 0.000 0.149 0 1 0 0 0 0
 71 91468.000 70389.000 0 0 0.000 0.000 0.000 0.136 0 1 0 0 0 0
 72 131246.000 97599.000 0 0 0.000 0.000 0.000 0.138 0 1 0 0 0 0
 73 99899.000 131794.000 0 0 0.000 0.000 0.000 0.153 0 1 0 0 0 0
 74 69100.000 93057.000 0 0 0.000 0.000 0.000 0.132 0 1 0 0 0 0
 75 75535.000 121346.000 0 0 0.000 0.000 0.000 0.137 0 1 0 0 0 0
 76 83657.000 72426.000 0 0 0.000 0.000 0.000 0.146 0 1 0 0 0 0
 77 124803.000 121415.000 0 0 0.000 0.000 0.000 0.136 0 1 0 0 0 0
 78 74309.000 120913.000 0 0 0.000 0.000 0.000 0.134 0 1 0 0 0 0
 79 69356.000 88059.000 0 0 0.000 0.000 0.000 0.149 0 1 0 0 0 0
 80 82222.000 72468.000 0 0 0.000 0.000 0.000 0.153 0 1 0 0 0 0
 81 130670.000 112298.000 0 0 0.000 0.000 0.000 0.134 0 1 0 0 0 0
 82 73727.000 79982.000 0 0 0.000 0.000 0.000 0.135 0 1 0 0 0 0
 83 132869.000 97802.000 0 0 0.000 0.000 0.000 0.179 0 1 0 0 0 0
 84 102817.000 133246.000 0 0 0.000 0.000 0.000 0.146 0 1 0 0 0 0
 85 91498.000 132383.000 0 0 0.000 0.000 0.000 0.154 0 1 0 0 0 0
 86 96017.000 67183.000 0 0 0.000 0.000 0.000 0.152 0 1 0 0 0 0
 87 76934.000 75874.000 0 0 0.000 0.000 0.000 0.131 0 1 0 0 0 0
 88 99892.000 66567.000 0 0 0.000 0.000 0.000 0.131 0 1 0 0 0 0
 89 65703.000 100448.000 0 0 0.000 0.000 0.000 0.137 0 1 0 0 0 0
 90 131804.000 87544.000 0 0 0.000 0.000 0.000 0.135 0 1 0 0 0 0
 91 132627.000 110447.000 0 0 0.000 0.000 0.000 0.148 0 1 0 0 0 0
 92 123242.000 126361.000 0 0 0.000 0.000 0.000 0.149 0 1 0 0 0 0
 93 65278.000 106927.000 0 0 0.000 0.000 0.000 0.140 0 1 0 0 0 0
 94 117612.000 69255.000 0 0 0.000 0.000 0.000 0.136 0 1 0 0 0 0
 95 75804.000 126903.000 0 0 0.000 0.000 0.000 0.134 0 1 0 0 0 0
 96 132743.000 115068.000 0 0 0.000 0.000 0.000 0.152 0 1 0 0 0 0
 97 79594.000 130036.000 0 0 0.000 0.000 0.000 0.154 0 1 0 0 0 0
 98 83889.000 67826.000 0 0 0.000 0.000 0.000 0.138 0 1 0 0 0 0
 99 63634.000 98767.000 0 0 0.000 0.000 0.000 0.140 0 1 0 0 0 0
 100 136723.000 102059.000 0 0 0.000 0.000 0.000 0.144 0 1 0 0 0 0
 101 63587.000 93296.000 0 0 0.000 0.000 0.000 0.149 0 1 0 0 0 0
 102 70626.000 77651.000 0 0 0.000 0.000 0.000 0.141 0 1 0 0 0 0
 103 136967.000 97852.000 0 0 0.000 0.000 0.000 0.137 0 1 0 0 0 0
 104 134202.000 114229.000 0 0 0.000 0.000 0.000 0.135 0 1 0 0 0 0
 105 134019.000 115293.000 0 0 0.000 0.000 0.000 0.137 0 1 0 0 0 0
 106 136723.000 107816.000 0 0 0.000 0.000 0.000 0.143 0 1 0 0 0 0
 107 72592.000 74399.000 0 0 0.000 0.000 0.000 0.151 0 1 0 0 0 0
 108 110688.000 64059.000 0 0 0.000 0.000 0.000 0.138 0 1 0 0 0 0
 109 73055.000 73572.000 0 0 0.000 0.000 0.000 0.157 0 1 0 0 0 0
 110 62354.000 106631.000 0 0 0.000 0.000 0.000 0.140 0 1 0 0 0 0
 111 85866.000 64414.000 0 0 0.000 0.000 0.000 0.139 0 1 0 0 0 0
 112 101810.000 61663.000 0 0 0.000 0.000 0.000 0.140 0 1 0 0 0 0
 113 122403.000 68560.000 0 0 0.000 0.000 0.000 0.143 0 1 0 0 0 0
 114 61093.000 95375.000 0 0 0.000 0.000 0.000 0.153 0 1 0 0 0 0
 115 63558.000 85740.000 0 0 0.000 0.000 0.000 0.151 0 1 0 0 0 0
 116 91354.000 61783.000 0 0 0.000 0.000 0.000 0.135 0 1 0 0 0 0
 117 118322.000 65152.000 0 0 0.000 0.000 0.000 0.143 0 1 0 0 0 0
 118 138592.000 109620.000 0 0 0.000 0.000 0.000 0.139 0 1 0 0 0 0
 119 67784.000 123618.000 0 0 0.000 0.000 0.000 0.132 0 1 0 0 0 0
 120 133458.000 78500.000 0 0 0.000 0.000 0.000 0.135 0 1 0 0 0 0
 121 98928.000 140495.000 0 0 0.000 0.000 0.000 0.134 0 1 0 0 0 0
 122 67397.000 124552.000 0 0 0.000 0.000 0.000 0.141 0 1 0 0 0 0
 123 110829.000 60926.000 0 0 0.000 0.000 0.000 0.131 0 1 0 0 0 0
 124 126247.000 68756.000 0 0 0.000 0.000 0.000 0.153 0 1 0 0 0 0
 125 128421.000 70632.000 0 0 0.000 0.000 0.000 0.133 0 1 0 0 0 0
 126 70337.000 71311.000 0 0 0.000 0.000 0.000 0.133 0 1 0 0 0 0
 127 105003.000 59124.000 0 0 0.000 0.000 0.000 0.130 0 1 0 0 0 0
 128 107859.000 59359.000 0 0 0.000 0.000 0.000 0.131 0 1 0 0 0 0
 129 81792.000 138182.000 0 0 0.000 0.000 0.000 0.141 0 1 0 0 0 0
 130 58106.000 107479.000 0 0 0.000 0.000 0.000 0.152 0 1 0 0 0 0
 131 99926.000 57846.000 0 0 0.000 0.000 0.000 0.141 0 1 0 0 0 0
 132 130971.000 129340.000 0 0 0.000 0.000 0.000 0.135 0 1 0 0 0 0
 133 131463.000 71651.000 0 0 0.000 0.000 0.000 0.150 0 1 0 0 0 0
 134 142833.000 100421.000 0 0 0.000 0.000 0.000 0.134 0 1 0 0 0 0
 135 104126.000 57471.000 0 0 0.000 0.000 0.000 0.133 0 1 0 0 0 0
 136 142664.000 104804.000 0 0 0.000 0.000 0.000 0.134 0 1 0 0 0 0
 137 135587.000 124840.000 0 0 0.000 0.000 0.000 0.141 0 1 0 0 0 0
 138 56488.000 101613.000 0 0 0.000 0.000 0.000 0.136 0 1 0 0 0 0
 139 56631.000 95271.000 0 0 0.000 0.000 0.000 0.138 0 1 0 0 0 0
 140 64374.000 126097.000 0 0 0.000 0.000 0.000 0.137 0 1 0 0 0 0
 141 132505.000 130056.000 0 0 0.000 0.000 0.000 0.143 0 1 0 0 0 0
 142 99534.000 55872.000 0 0 0.000 0.000 0.000 0.131 0 1 0 0 0 0
 143 140517.000 118233.000 0 0 0.000 0.000 0.000 0.134 0 1 0 0 0 0
 144 102024.000 55095.000 0 0 0.000 0.000 0.000 0.147 0 1 0 0 0 0
 145 72541.000 64074.000 0 0 0.000 0.000 0.000 0.132 0 1 0 0 0 0
 146 139272.000 122845.000 0 0 0.000 0.000 0.000 0.135 0 1 0 0 0 0
 147 131161.000 66661.000 0 0 0.000 0.000 0.000 0.136 0 1 0 0 0 0
 148 144803.000 109943.000 0 0 0.000 0.000 0.000 0.141 0 1 0 0 0 0
 149 81493.000 57701.000 0 0 0.000 0.000 0.000 0.131 0 1 0 0 0 0
 150 134208.000 68214.000 0 0 0.000 0.000 0.000 0.149 0 1 0 0 0 0
 151 99490.000 147113.000 0 0 0.000 0.000 0.000 200000.000 0 1 0 200 0 0
 152 143014.000 118699.000 0 0 0.000 0.000 0.000 0.134 0 1 0 0 0 0
 153 101937.000 147162.000 0 0 0.000 0.000 0.000 0.140 0 1 0 0 0 0
 154 53155.000 105260.000 0 0 0.000 0.000 0.000 0.140 0 1 0 0 0 0
 155 57609.000 122193.000 0 0 0.000 0.000 0.000 0.134 0 1 0 0 0 0
 156 93711.000 147669.000 0 0 0.000 0.000 0.000 0.133 0 1 0 0 0 0
 157 147368.000 106953.000 0 0 0.000 0.000 0.000 0.136 0 1 0 0 0 0
 158 144587.000 117627.000 0 0 0.000 0.000 0.000 0.143 0 1 0 0 0 0
 159 69513.000 137258.000 0 0 0.000 0.000 0.000 0.144 0 1 0 0 0 0
 160 148053.000 100566.000 0 0 0.000 0.000 0.000 0.131 0 1 0 0 0 0
 161 84756.000 146542.000 0 0 0.000 0.000 0.000 0.134 0 1 0 0 0 0
 162 54871.000 119539.000 0 0 0.000 0.000 0.000 0.162 0 1 0 0 0 0
 163 71598.000 60112.000 0 0 0.000 0.000 0.000 0.136 0 1 0 0 0 0
 164 51612.000 108931.000 0 0 0.000 0.000 0.000 0.130 0 1 0 0 0 0
 165 148002.000 88146.000 0 0 0.000 0.000 0.000 0.132 0 1 0 0 0 0
 166 126582.000 142384.000 0 0 0.000 0.000 0.000 0.139 0 1 0 0 0 0
 167 140763.000 129433.000 0 0 0.000 0.000 0.000 0.154 0 1 0 0 0 0
 168 49739.000 101679.000 0 0 0.000 0.000 0.000 0.140 0 1 0 0 0 0
 169 117591.000 147370.000 0 0 0.000 0.000 0.000 0.137 0 1 0 0 0 0
 170 150425.000 94661.000 0 0 0.000 0.000 0.000 0.138 0 1 0 0 0 0
 171 150804.000 104230.000 0 0 0.000 0.000 0.000 0.144 0 1 0 0 0 0
 172 86362.000 149459.000 0 0 0.000 0.000 0.000 0.142 0 1 0 0 0 0
 173 87741.000 50557.000 0 0 0.000 0.000 0.000 0.133 0 1 0 0 0 0
 174 100340.000 48928.000 0 0 0.000 0.000 0.000 0.139 0 1 0 0 0 0
 175 65071.000 62306.000 0 0 0.000 0.000 0.000 0.138 0 1 0 0 0 0
 176 55666.000 73444.000 0 0 0.000 0.000 0.000 0.137 0 1 0 0 0 0
 177 131384.000 141420.000 0 0 0.000 0.000 0.000 0.131 0 1 0 0 0 0
 178 141515.000 131571.000 0 0 0.000 0.000 0.000 0.142 0 1 0 0 0 0
 179 82185.000 51077.000 0 0 0.000 0.000 0.000 0.151 0 1 0 0 0 0
 180 73219.000 145241.000 0 0 0.000 0.000 0.000 0.130 0 1 0 0 0 0
 181 116933.000 149933.000 0 0 0.000 0.000 0.000 0.143 0 1 0 0 0 0
 182 49448.000 85381.000 0 0 0.000 0.000 0.000 0.133 0 1 0 0 0 0
 183 47907.000 109729.000 0 0 0.000 0.000 0.000 0.154 0 1 0 0 0 0
 184 114324.000 49104.000 0 0 0.000 0.000 0.000 0.143 0 1 0 0 0 0
 185 152947.000 96364.000 0 0 0.000 0.000 0.000 0.132 0 1 0 0 0 0
 186 90556.000 152704.000 0 0 0.000 0.000 0.000 0.148 0 1 0 0 0 0
 187 62966.000 61751.000 0 0 0.000 0.000 0.000 0.138 0 1 0 0 0 0
 188 62431.000 138399.000 0 0 0.000 0.000 0.000 0.132 0 1 0 0 0 0
 189 116574.000 49066.000 0 0 0.000 0.000 0.000 0.135 0 1 0 0 0 0
 190 146132.000 128072.000 0 0 0.000 0.000 0.000 0.135 0 1 0 0 0 0
 191 98359.000 154259.000 0 0 0.000 0.000 0.000 0.133 0 1 0 0 0 0
 192 48965.000 118421.000 0 0 0.000 0.000 0.000 0.134 0 1 0 0 0 0
 193 100934.000 46068.000 0 0 0.000 0.000 0.000 0.137 0 1 0 0 0 0
 194 108608.000 153953.000 0 0 0.000 0.000 0.000 0.151 0 1 0 0 0 0
 195 101717.000 154780.000 0 0 0.000 0.000 0.000 0.140 0 1 0 0 0 0
 196 52900.000 129864.000 0 0 0.000 0.000 0.000 0.136 0 1 0 0 0 0
 197 44020.000 91598.000 0 0 0.000 0.000 0.000 0.137 0 1 0 0 0 0
 198 44364.000 89849.000 0 0 0.000 0.000 0.000 0.135 0 1 0 0 0 0
 199 152613.000 78022.000 0 0 0.000 0.000 0.000 0.131 0 1 0 0 0 0
 200 130766.000 51150.000 0 0 0.000 0.000 0.000 200000.000 0 1 0 200 0 0
 201 152000.000 73860.000 0 0 0.000 0.000 0.000 0.138 0 1 0 0 0 0
 202 47260.000 126305.000 0 0 0.000 0.000 0.000 0.147 0 1 0 0 0 0
 203 91039.000 42175.000 0 0 0.000 0.000 0.000 0.133 0 1 0 0 0 0
 204 70091.000 49008.000 0 0 0.000 0.000 0.000 0.131 0 1 0 0 0 0
 205 156202.000 80103.000 0 0 0.000 0.000 0.000 0.130 0 1 0 0 0 0
 206 159656.000 94800.000 0 0 0.000 0.000 0.000 0.131 0 1 0 0 0 0
 207 158445.000 85779.000 0 0 0.000 0.000 0.000 0.147 0 1 0 0 0 0
 208 40928.000 86242.000 0 0 0.000 0.000 0.000 0.134 0 1 0 0 0 0
 209 157871.000 81146.000 0 0 0.000 0.000 0.000 0.142 0 1 0 0 0 0
 210 155475.000 126714.000 0 0 0.000 0.000 0.000 0.131 0 1 0 0 0 0
 211 160160.000 84173.000 0 0 0.000 0.000 0.000 0.141 0 1 0 0 0 0
 212 56420.000 54713.000 0 0 0.000 0.000 0.000 0.149 0 1 0 0 0 0
 213 159750.000 80195.000 0 0 0.000 0.000 0.000 0.132 0 1 0 0 0 0
 214 58340.000 148075.000 0 0 0.000 0.000 0.000 0.139 0 1 0 0 0 0
 215 56438.000 146253.000 0 0 0.000 0.000 0.000 0.153 0 1 0 0 0 0
 216 163232.000 96248.000 0 0 0.000 0.000 0.000 0.143 0 1 0 0 0 0
 217 139320.000 149897.000 0 0 0.000 0.000 0.000 0.141 0 1 0 0 0 0
 218 118864.000 39595.000 0 0 0.000 0.000 0.000 0.136 0 1 0 0 0 0
 219 123861.000 40426.000 0 0 0.000 0.000 0.000 0.131 0 1 0 0 0 0
 220 38271.000 118944.000 0 0 0.000 0.000 0.000 0.131 0 1 0 0 0 0
 221 102118.000 35054.000 0 0 0.000 0.000 0.000 0.137 0 1 0 0 0 0
 222 116946.000 37204.000 0 0 0.000 0.000 0.000 0.134 0 1 0 0 0 0
 223 159925.000 74478.000 0 0 0.000 0.000 0.000 0.139 0 1 0 0 0 0
 224 152778.000 140627.000 0 0 0.000 0.000 0.000 0.150 0 1 0 0 0 0
 225 74041.000 38798.000 0 0 0.000 0.000 0.000 0.145 0 1 0 0 0 0
 226 110802.000 166209.000 0 0 0.000 0.000 0.000 0.130 0 1 0 0 0 0
 227 75482.000 162853.000 0 0 0.000 0.000 0.000 0.137 0 1 0 0 0 0
 228 152196.000 142659.000 0 0 0.000 0.000 0.000 0.137 0 1 0 0 0 0
 229 166564.000 87432.000 0 0 0.000 0.000 0.000 0.150 0 1 0 0 0 0
 230 167978.000 94370.000 0 0 0.000 0.000 0.000 0.135 0 1 0 0 0 0
 231 159502.000 133655.000 0 0 0.000 0.000 0.000 0.138 0 1 0 0 0 0
 232 62977.000 157898.000 0 0 0.000 0.000 0.000 0.140 0 1 0 0 0 0
 233 33213.000 115580.000 0 0 0.000 0.000 0.000 0.139 0 1 0 0 0 0
 234 166259.000 117433.000 0 0 0.000 0.000 0.000 0.137 0 1 0 0 0 0
 235 166823.000 116337.000 0 0 0.000 0.000 0.000 0.134 0 1 0 0 0 0
 236 108251.000 31825.000 0 0 0.000 0.000 0.000 0.142 0 1 0 0 0 0
 237 33317.000 119251.000 0 0 0.000 0.000 0.000 0.160 0 1 0 0 0 0
 238 30653.000 94874.000 0 0 0.000 0.000 0.000 0.157 0 1 0 0 0 0
 239 159177.000 136994.000 0 0 0.000 0.000 0.000 0.147 0 1 0 0 0 0
 240 32025.000 77530.000 0 0 0.000 0.000 0.000 0.142 0 1 0 0 0 0
 241 34289.000 71310.000 0 0 0.000 0.000 0.000 0.145 0 1 0 0 0 0
 242 87841.000 172055.000 0 0 0.000 0.000 0.000 0.144 0 1 0 0 0 0
 243 71120.000 167629.000 0 0 0.000 0.000 0.000 0.133 0 1 0 0 0 0
 244 148742.000 155145.000 0 0 0.000 0.000 0.000 0.162 0 1 0 0 0 0
 245 26663.000 92162.000 0 0 0.000 0.000 0.000 0.132 0 1 0 0 0 0
 246 79582.000 29439.000 0 0 0.000 0.000 0.000 0.132 0 1 0 0 0 0
 247 159489.000 55920.000 0 0 0.000 0.000 0.000 0.139 0 1 0 0 0 0
 248 111312.000 26067.000 0 0 0.000 0.000 0.000 0.137 0 1 0 0 0 0
 249 92259.000 176300.000 0 0 0.000 0.000 0.000 0.131 0 1 0 0 0 0
 250 25753.000 120086.000 0 0 0.000 0.000 0.000 0.143 0 1 0 0 0 0
 251 99220.000 177858.000 0 0 0.000 0.000 0.000 0.131 0 1 0 0 0 0
 252 70112.000 27952.000 0 0 0.000 0.000 0.000 0.140 0 1 0 0 0 0
 253 98562.000 179902.000 0 0 0.000 0.000 0.000 0.131 0 1 0 0 0 0
 254 98416.000 18183.000 0 0 0.000 0.000 0.000 0.139 0 1 0 0 0 0
 255 143033.000 170327.000 0 0 0.000 0.000 0.000 0.135 0 1 0 0 0 0
 256 5896.000 105458.000 0 0 0.000 0.000 0.000 0.133 0 1 0 0 0 0;
ProcessEquipmentIDList 1
  "6632" ;
SummarySpec 5
  TESTNO    NDEFECT    DEFDENSITY    NDIE    NDEFDIE  ;
SummaryList 
  1    256    0.936    1    1  ;
EndOfFile;
