FileVersion 1 2;
FileTimestamp 01-11-26 12:24:13;
InspectionStationID "KLA-Tencor" "SFSSP1" "0901-0728-TBI";
SampleType WAFER;
ResultTimestamp 01-11-26 12:08:27;
LotID "2580";
SampleSize 1 200;
DeviceID "None";
SetupID "T2-2580NR" 01-11-26 12:08:27;
StepID "6492";
SampleOrientationMarkType NOTCH;
OrientationMarkLocation DOWN;
DiePitch 200000 200000;
DieOrigin 0 0;
WaferID "23";
Slot 23;
SampleCenterLocation 100000 100000;
ClassLookup 1
  0 "0"  ;
OrientationInstructions "Front";
CoordinatesMirrored No;
InspectionTest 1;
SampleTestPlan 1
  0 0 ;
AreaPerTest 2.73516e+010;
DefectRecordSpec 15 DEFECTID XREL YREL XINDEX YINDEX XSIZE YSIZE DEFECTAREA DSIZE CLASSNUMBER TEST CLUSTERNUMBER ROUGHBINNUMBER FINEBINNUMBER REVIEWSAMPLE ;
DefectList
 1 99026.000 97931.000 0 0 0.000 0.000 0.000 0.146 0 1 0 0 0 0
 2 103694.000 100846.000 0 0 0.000 0.000 0.000 0.132 0 1 0 0 0 0
 3 95064.000 102121.000 0 0 0.000 0.000 0.000 0.165 0 1 0 0 0 0
 4 94690.000 101156.000 0 0 0.000 0.000 0.000 0.136 0 1 0 0 0 0
 5 105150.000 101790.000 0 0 0.000 0.000 0.000 0.144 0 1 0 0 0 0
 6 103981.000 96383.000 0 0 0.000 0.000 0.000 0.147 0 1 0 0 0 0
 7 105276.000 102144.000 0 0 0.000 0.000 0.000 0.139 0 1 0 0 0 0
 8 100830.000 106018.000 0 0 0.000 0.000 0.000 0.136 0 1 0 0 0 0
 9 94297.000 98426.000 0 0 0.000 0.000 0.000 0.139 0 1 0 0 0 0
 10 96026.000 105624.000 0 0 0.000 0.000 0.000 0.143 0 1 0 0 0 0
 11 99990.000 93538.000 0 0 0.000 0.000 0.000 0.132 0 1 0 0 0 0
 12 93446.000 98201.000 0 0 0.000 0.000 0.000 0.145 0 1 0 0 0 0
 13 98470.000 92912.000 0 0 0.000 0.000 0.000 0.134 0 1 0 0 0 0
 14 100711.000 91829.000 0 0 0.000 0.000 0.000 0.164 0 1 0 0 0 0
 15 107753.000 93079.000 0 0 0.000 0.000 0.000 0.142 0 1 0 0 0 0
 16 107592.000 108247.000 0 0 0.000 0.000 0.000 0.151 0 1 0 0 0 0
 17 98515.000 111283.000 0 0 0.000 0.000 0.000 0.141 0 1 0 0 0 0
 18 109902.000 105149.000 0 0 0.000 0.000 0.000 0.162 0 1 0 0 0 0
 19 103404.000 111745.000 0 0 0.000 0.000 0.000 0.137 0 1 0 0 0 0
 20 108850.000 108776.000 0 0 0.000 0.000 0.000 0.155 0 1 0 0 0 0
 21 103450.000 88115.000 0 0 0.000 0.000 0.000 0.133 0 1 0 0 0 0
 22 104231.000 112552.000 0 0 0.000 0.000 0.000 0.132 0 1 0 0 0 0
 23 88402.000 93528.000 0 0 0.000 0.000 0.000 0.151 0 1 0 0 0 0
 24 100548.000 86361.000 0 0 0.000 0.000 0.000 0.132 0 1 0 0 0 0
 25 113643.000 96857.000 0 0 0.000 0.000 0.000 0.142 0 1 0 0 0 0
 26 85834.000 100944.000 0 0 0.000 0.000 0.000 0.130 0 1 0 0 0 0
 27 101537.000 85760.000 0 0 0.000 0.000 0.000 0.137 0 1 0 0 0 0
 28 91995.000 113246.000 0 0 0.000 0.000 0.000 0.136 0 1 0 0 0 0
 29 114521.000 106129.000 0 0 0.000 0.000 0.000 0.146 0 1 0 0 0 0
 30 86435.000 91812.000 0 0 0.000 0.000 0.000 0.141 0 1 0 0 0 0
 31 101777.000 83625.000 0 0 0.000 0.000 0.000 0.137 0 1 0 0 0 0
 32 115605.000 106360.000 0 0 0.000 0.000 0.000 0.139 0 1 0 0 0 0
 33 85757.000 109535.000 0 0 0.000 0.000 0.000 0.135 0 1 0 0 0 0
 34 83733.000 104867.000 0 0 0.000 0.000 0.000 0.133 0 1 0 0 0 0
 35 82614.000 98599.000 0 0 0.000 0.000 0.000 0.139 0 1 0 0 0 0
 36 100990.000 82916.000 0 0 0.000 0.000 0.000 0.166 0 1 0 0 0 0
 37 103023.000 83055.000 0 0 0.000 0.000 0.000 0.254 0 1 0 0 0 0
 38 116571.000 106457.000 0 0 0.000 0.000 0.000 0.153 0 1 0 0 0 0
 39 84184.000 90314.000 0 0 0.000 0.000 0.000 0.139 0 1 0 0 0 0
 40 94333.000 81764.000 0 0 0.000 0.000 0.000 0.132 0 1 0 0 0 0
 41 82207.000 108564.000 0 0 0.000 0.000 0.000 0.142 0 1 0 0 0 0
 42 112791.000 85301.000 0 0 0.000 0.000 0.000 0.135 0 1 0 0 0 0
 43 96884.000 119803.000 0 0 0.000 0.000 0.000 0.135 0 1 0 0 0 0
 44 117712.000 90153.000 0 0 0.000 0.000 0.000 0.141 0 1 0 0 0 0
 45 83011.000 112538.000 0 0 0.000 0.000 0.000 0.153 0 1 0 0 0 0
 46 114121.000 84660.000 0 0 0.000 0.000 0.000 0.144 0 1 0 0 0 0
 47 99369.000 121670.000 0 0 0.000 0.000 0.000 0.139 0 1 0 0 0 0
 48 121899.000 95122.000 0 0 0.000 0.000 0.000 0.148 0 1 0 0 0 0
 49 107259.000 121616.000 0 0 0.000 0.000 0.000 0.153 0 1 0 0 0 0
 50 96364.000 122545.000 0 0 0.000 0.000 0.000 0.139 0 1 0 0 0 0
 51 118662.000 87292.000 0 0 0.000 0.000 0.000 0.142 0 1 0 0 0 0
 52 120977.000 110127.000 0 0 0.000 0.000 0.000 0.138 0 1 0 0 0 0
 53 123168.000 96419.000 0 0 0.000 0.000 0.000 0.134 0 1 0 0 0 0
 54 98397.000 124624.000 0 0 0.000 0.000 0.000 0.140 0 1 0 0 0 0
 55 117645.000 117778.000 0 0 0.000 0.000 0.000 0.134 0 1 0 0 0 0
 56 115183.000 120028.000 0 0 0.000 0.000 0.000 0.135 0 1 0 0 0 0
 57 124546.000 95516.000 0 0 0.000 0.000 0.000 0.132 0 1 0 0 0 0
 58 85302.000 79314.000 0 0 0.000 0.000 0.000 0.149 0 1 0 0 0 0
 59 124013.000 91448.000 0 0 0.000 0.000 0.000 0.134 0 1 0 0 0 0
 60 73759.000 99645.000 0 0 0.000 0.000 0.000 0.152 0 1 0 0 0 0
 61 73315.000 98989.000 0 0 0.000 0.000 0.000 0.144 0 1 0 0 0 0
 62 98575.000 73031.000 0 0 0.000 0.000 0.000 0.150 0 1 0 0 0 0
 63 77173.000 84853.000 0 0 0.000 0.000 0.000 0.137 0 1 0 0 0 0
 64 119772.000 81127.000 0 0 0.000 0.000 0.000 0.133 0 1 0 0 0 0
 65 103865.000 127420.000 0 0 0.000 0.000 0.000 0.149 0 1 0 0 0 0
 66 75334.000 113567.000 0 0 0.000 0.000 0.000 0.130 0 1 0 0 0 0
 67 89989.000 74074.000 0 0 0.000 0.000 0.000 0.140 0 1 0 0 0 0
 68 73203.000 91493.000 0 0 0.000 0.000 0.000 0.135 0 1 0 0 0 0
 69 74716.000 113221.000 0 0 0.000 0.000 0.000 0.140 0 1 0 0 0 0
 70 89381.000 74040.000 0 0 0.000 0.000 0.000 0.131 0 1 0 0 0 0
 71 101451.000 128957.000 0 0 0.000 0.000 0.000 0.133 0 1 0 0 0 0
 72 80625.000 121847.000 0 0 0.000 0.000 0.000 0.140 0 1 0 0 0 0
 73 74420.000 114111.000 0 0 0.000 0.000 0.000 0.137 0 1 0 0 0 0
 74 129810.000 98549.000 0 0 0.000 0.000 0.000 0.139 0 1 0 0 0 0
 75 121792.000 121333.000 0 0 0.000 0.000 0.000 0.150 0 1 0 0 0 0
 76 119235.000 124131.000 0 0 0.000 0.000 0.000 0.138 0 1 0 0 0 0
 77 92009.000 70543.000 0 0 0.000 0.000 0.000 0.137 0 1 0 0 0 0
 78 69935.000 107531.000 0 0 0.000 0.000 0.000 0.140 0 1 0 0 0 0
 79 130769.000 96772.000 0 0 0.000 0.000 0.000 0.143 0 1 0 0 0 0
 80 119072.000 125094.000 0 0 0.000 0.000 0.000 0.151 0 1 0 0 0 0
 81 69010.000 93127.000 0 0 0.000 0.000 0.000 0.140 0 1 0 0 0 0
 82 131349.000 96282.000 0 0 0.000 0.000 0.000 0.156 0 1 0 0 0 0
 83 129608.000 112068.000 0 0 0.000 0.000 0.000 0.155 0 1 0 0 0 0
 84 94863.000 68493.000 0 0 0.000 0.000 0.000 0.133 0 1 0 0 0 0
 85 68658.000 91716.000 0 0 0.000 0.000 0.000 0.133 0 1 0 0 0 0
 86 108023.000 68783.000 0 0 0.000 0.000 0.000 0.134 0 1 0 0 0 0
 87 117968.000 73076.000 0 0 0.000 0.000 0.000 0.137 0 1 0 0 0 0
 88 93081.000 68006.000 0 0 0.000 0.000 0.000 0.131 0 1 0 0 0 0
 89 111544.000 69263.000 0 0 0.000 0.000 0.000 0.158 0 1 0 0 0 0
 90 126225.000 79983.000 0 0 0.000 0.000 0.000 0.135 0 1 0 0 0 0
 91 101629.000 133495.000 0 0 0.000 0.000 0.000 0.137 0 1 0 0 0 0
 92 74666.000 123404.000 0 0 0.000 0.000 0.000 0.145 0 1 0 0 0 0
 93 90977.000 133444.000 0 0 0.000 0.000 0.000 0.139 0 1 0 0 0 0
 94 88158.000 66550.000 0 0 0.000 0.000 0.000 0.148 0 1 0 0 0 0
 95 129426.000 79386.000 0 0 0.000 0.000 0.000 0.131 0 1 0 0 0 0
 96 128704.000 122560.000 0 0 0.000 0.000 0.000 0.136 0 1 0 0 0 0
 97 93781.000 63511.000 0 0 0.000 0.000 0.000 0.139 0 1 0 0 0 0
 98 136953.000 104642.000 0 0 0.000 0.000 0.000 0.140 0 1 0 0 0 0
 99 102016.000 137386.000 0 0 0.000 0.000 0.000 0.136 0 1 0 0 0 0
 100 67129.000 82571.000 0 0 0.000 0.000 0.000 0.135 0 1 0 0 0 0
 101 67089.000 118324.000 0 0 0.000 0.000 0.000 0.152 0 1 0 0 0 0
 102 113169.000 65048.000 0 0 0.000 0.000 0.000 0.136 0 1 0 0 0 0
 103 137034.000 94380.000 0 0 0.000 0.000 0.000 0.147 0 1 0 0 0 0
 104 68947.000 78908.000 0 0 0.000 0.000 0.000 0.141 0 1 0 0 0 0
 105 106500.000 62529.000 0 0 0.000 0.000 0.000 0.140 0 1 0 0 0 0
 106 137913.000 95577.000 0 0 0.000 0.000 0.000 0.151 0 1 0 0 0 0
 107 135118.000 114972.000 0 0 0.000 0.000 0.000 0.131 0 1 0 0 0 0
 108 81071.000 66923.000 0 0 0.000 0.000 0.000 0.141 0 1 0 0 0 0
 109 105888.000 61933.000 0 0 0.000 0.000 0.000 0.131 0 1 0 0 0 0
 110 131445.000 77311.000 0 0 0.000 0.000 0.000 0.147 0 1 0 0 0 0
 111 129639.000 125411.000 0 0 0.000 0.000 0.000 0.137 0 1 0 0 0 0
 112 135316.000 117003.000 0 0 0.000 0.000 0.000 0.142 0 1 0 0 0 0
 113 102699.000 60767.000 0 0 0.000 0.000 0.000 0.136 0 1 0 0 0 0
 114 116206.000 63995.000 0 0 0.000 0.000 0.000 0.144 0 1 0 0 0 0
 115 95928.000 139849.000 0 0 0.000 0.000 0.000 0.136 0 1 0 0 0 0
 116 129218.000 127893.000 0 0 0.000 0.000 0.000 0.134 0 1 0 0 0 0
 117 78920.000 135126.000 0 0 0.000 0.000 0.000 0.153 0 1 0 0 0 0
 118 78951.000 65218.000 0 0 0.000 0.000 0.000 0.134 0 1 0 0 0 0
 119 68934.000 127261.000 0 0 0.000 0.000 0.000 0.141 0 1 0 0 0 0
 120 59031.000 95530.000 0 0 0.000 0.000 0.000 0.130 0 1 0 0 0 0
 121 101012.000 59097.000 0 0 0.000 0.000 0.000 0.162 0 1 0 0 0 0
 122 97262.000 58946.000 0 0 0.000 0.000 0.000 0.154 0 1 0 0 0 0
 123 107956.000 59412.000 0 0 0.000 0.000 0.000 0.131 0 1 0 0 0 0
 124 59941.000 111870.000 0 0 0.000 0.000 0.000 0.164 0 1 0 0 0 0
 125 60839.000 85712.000 0 0 0.000 0.000 0.000 0.144 0 1 0 0 0 0
 126 60625.000 114498.000 0 0 0.000 0.000 0.000 0.154 0 1 0 0 0 0
 127 139971.000 87585.000 0 0 0.000 0.000 0.000 0.134 0 1 0 0 0 0
 128 101697.000 57968.000 0 0 0.000 0.000 0.000 0.134 0 1 0 0 0 0
 129 60927.000 116716.000 0 0 0.000 0.000 0.000 0.140 0 1 0 0 0 0
 130 134633.000 74468.000 0 0 0.000 0.000 0.000 0.139 0 1 0 0 0 0
 131 81934.000 141071.000 0 0 0.000 0.000 0.000 0.134 0 1 0 0 0 0
 132 67579.000 69532.000 0 0 0.000 0.000 0.000 0.149 0 1 0 0 0 0
 133 134500.000 71709.000 0 0 0.000 0.000 0.000 0.142 0 1 0 0 0 0
 134 144882.000 99453.000 0 0 0.000 0.000 0.000 0.141 0 1 0 0 0 0
 135 55542.000 107602.000 0 0 0.000 0.000 0.000 0.147 0 1 0 0 0 0
 136 130882.000 67514.000 0 0 0.000 0.000 0.000 0.147 0 1 0 0 0 0
 137 123514.000 61853.000 0 0 0.000 0.000 0.000 0.130 0 1 0 0 0 0
 138 54560.000 99681.000 0 0 0.000 0.000 0.000 0.140 0 1 0 0 0 0
 139 56536.000 86923.000 0 0 0.000 0.000 0.000 0.130 0 1 0 0 0 0
 140 86515.000 56745.000 0 0 0.000 0.000 0.000 0.138 0 1 0 0 0 0
 141 123818.000 61558.000 0 0 0.000 0.000 0.000 0.148 0 1 0 0 0 0
 142 73561.000 62897.000 0 0 0.000 0.000 0.000 0.136 0 1 0 0 0 0
 143 140060.000 122268.000 0 0 0.000 0.000 0.000 0.134 0 1 0 0 0 0
 144 55142.000 109575.000 0 0 0.000 0.000 0.000 0.140 0 1 0 0 0 0
 145 138523.000 125380.000 0 0 0.000 0.000 0.000 0.139 0 1 0 0 0 0
 146 118777.000 142255.000 0 0 0.000 0.000 0.000 0.131 0 1 0 0 0 0
 147 83184.000 143270.000 0 0 0.000 0.000 0.000 0.145 0 1 0 0 0 0
 148 78077.000 140804.000 0 0 0.000 0.000 0.000 0.140 0 1 0 0 0 0
 149 61301.000 74378.000 0 0 0.000 0.000 0.000 0.155 0 1 0 0 0 0
 150 145314.000 111759.000 0 0 0.000 0.000 0.000 0.144 0 1 0 0 0 0
 151 146183.000 91886.000 0 0 0.000 0.000 0.000 0.130 0 1 0 0 0 0
 152 122976.000 58954.000 0 0 0.000 0.000 0.000 0.138 0 1 0 0 0 0
 153 99366.000 147720.000 0 0 0.000 0.000 0.000 0.148 0 1 0 0 0 0
 154 117317.000 55540.000 0 0 0.000 0.000 0.000 0.136 0 1 0 0 0 0
 155 78595.000 143577.000 0 0 0.000 0.000 0.000 0.135 0 1 0 0 0 0
 156 146832.000 87934.000 0 0 0.000 0.000 0.000 0.137 0 1 0 0 0 0
 157 100870.000 148733.000 0 0 0.000 0.000 0.000 0.137 0 1 0 0 0 0
 158 77355.000 143360.000 0 0 0.000 0.000 0.000 0.148 0 1 0 0 0 0
 159 56069.000 121516.000 0 0 0.000 0.000 0.000 0.131 0 1 0 0 0 0
 160 148566.000 106293.000 0 0 0.000 0.000 0.000 0.131 0 1 0 0 0 0
 161 78833.000 144546.000 0 0 0.000 0.000 0.000 0.133 0 1 0 0 0 0
 162 60462.000 70082.000 0 0 0.000 0.000 0.000 0.143 0 1 0 0 0 0
 163 101663.000 150105.000 0 0 0.000 0.000 0.000 0.130 0 1 0 0 0 0
 164 122852.000 145010.000 0 0 0.000 0.000 0.000 0.134 0 1 0 0 0 0
 165 51655.000 114581.000 0 0 0.000 0.000 0.000 0.144 0 1 0 0 0 0
 166 91557.000 48907.000 0 0 0.000 0.000 0.000 0.139 0 1 0 0 0 0
 167 47836.000 95699.000 0 0 0.000 0.000 0.000 0.167 0 1 0 0 0 0
 168 94116.000 47708.000 0 0 0.000 0.000 0.000 0.147 0 1 0 0 0 0
 169 138802.000 64367.000 0 0 0.000 0.000 0.000 0.142 0 1 0 0 0 0
 170 67027.000 141683.000 0 0 0.000 0.000 0.000 0.132 0 1 0 0 0 0
 171 151274.000 83977.000 0 0 0.000 0.000 0.000 0.146 0 1 0 0 0 0
 172 132263.000 143877.000 0 0 0.000 0.000 0.000 0.149 0 1 0 0 0 0
 173 148669.000 75424.000 0 0 0.000 0.000 0.000 0.147 0 1 0 0 0 0
 174 155216.000 94672.000 0 0 0.000 0.000 0.000 0.146 0 1 0 0 0 0
 175 45166.000 109833.000 0 0 0.000 0.000 0.000 0.144 0 1 0 0 0 0
 176 144574.000 66903.000 0 0 0.000 0.000 0.000 0.132 0 1 0 0 0 0
 177 145614.000 131976.000 0 0 0.000 0.000 0.000 0.130 0 1 0 0 0 0
 178 147508.000 129723.000 0 0 0.000 0.000 0.000 0.136 0 1 0 0 0 0
 179 101207.000 156358.000 0 0 0.000 0.000 0.000 0.137 0 1 0 0 0 0
 180 64214.000 55957.000 0 0 0.000 0.000 0.000 0.143 0 1 0 0 0 0
 181 72036.000 50764.000 0 0 0.000 0.000 0.000 0.148 0 1 0 0 0 0
 182 144062.000 64308.000 0 0 0.000 0.000 0.000 0.134 0 1 0 0 0 0
 183 151636.000 124565.000 0 0 0.000 0.000 0.000 0.134 0 1 0 0 0 0
 184 156767.000 107893.000 0 0 0.000 0.000 0.000 0.138 0 1 0 0 0 0
 185 49253.000 126927.000 0 0 0.000 0.000 0.000 0.157 0 1 0 0 0 0
 186 66495.000 53510.000 0 0 0.000 0.000 0.000 0.137 0 1 0 0 0 0
 187 45624.000 80138.000 0 0 0.000 0.000 0.000 0.132 0 1 0 0 0 0
 188 67321.000 52413.000 0 0 0.000 0.000 0.000 0.152 0 1 0 0 0 0
 189 154432.000 79970.000 0 0 0.000 0.000 0.000 0.140 0 1 0 0 0 0
 190 59857.000 143099.000 0 0 0.000 0.000 0.000 0.132 0 1 0 0 0 0
 191 70565.000 49309.000 0 0 0.000 0.000 0.000 0.154 0 1 0 0 0 0
 192 58084.000 142075.000 0 0 0.000 0.000 0.000 0.145 0 1 0 0 0 0
 193 42452.000 85866.000 0 0 0.000 0.000 0.000 0.143 0 1 0 0 0 0
 194 99825.000 160067.000 0 0 0.000 0.000 0.000 0.135 0 1 0 0 0 0
 195 40373.000 95243.000 0 0 0.000 0.000 0.000 0.130 0 1 0 0 0 0
 196 154621.000 74716.000 0 0 0.000 0.000 0.000 0.135 0 1 0 0 0 0
 197 152066.000 131065.000 0 0 0.000 0.000 0.000 0.144 0 1 0 0 0 0
 198 62690.000 50818.000 0 0 0.000 0.000 0.000 0.134 0 1 0 0 0 0
 199 85518.000 160477.000 0 0 0.000 0.000 0.000 0.140 0 1 0 0 0 0
 200 139639.000 51585.000 0 0 0.000 0.000 0.000 0.144 0 1 0 0 0 0
 201 100927.000 36994.000 0 0 0.000 0.000 0.000 0.135 0 1 0 0 0 0
 202 111097.000 38078.000 0 0 0.000 0.000 0.000 0.147 0 1 0 0 0 0
 203 92925.000 37377.000 0 0 0.000 0.000 0.000 0.148 0 1 0 0 0 0
 204 44622.000 67560.000 0 0 0.000 0.000 0.000 0.142 0 1 0 0 0 0
 205 161427.000 81883.000 0 0 0.000 0.000 0.000 0.130 0 1 0 0 0 0
 206 49545.000 140244.000 0 0 0.000 0.000 0.000 0.153 0 1 0 0 0 0
 207 80510.000 161695.000 0 0 0.000 0.000 0.000 0.133 0 1 0 0 0 0
 208 160296.000 77007.000 0 0 0.000 0.000 0.000 0.130 0 1 0 0 0 0
 209 159770.000 72894.000 0 0 0.000 0.000 0.000 0.133 0 1 0 0 0 0
 210 35241.000 113473.000 0 0 0.000 0.000 0.000 0.139 0 1 0 0 0 0
 211 33784.000 101470.000 0 0 0.000 0.000 0.000 0.133 0 1 0 0 0 0
 212 143306.000 150540.000 0 0 0.000 0.000 0.000 0.132 0 1 0 0 0 0
 213 33526.000 91336.000 0 0 0.000 0.000 0.000 0.135 0 1 0 0 0 0
 214 78043.000 164026.000 0 0 0.000 0.000 0.000 0.140 0 1 0 0 0 0
 215 141993.000 153837.000 0 0 0.000 0.000 0.000 0.141 0 1 0 0 0 0
 216 115976.000 33842.000 0 0 0.000 0.000 0.000 0.131 0 1 0 0 0 0
 217 85392.000 33272.000 0 0 0.000 0.000 0.000 0.131 0 1 0 0 0 0
 218 168566.000 101328.000 0 0 0.000 0.000 0.000 0.133 0 1 0 0 0 0
 219 166056.000 121712.000 0 0 0.000 0.000 0.000 0.133 0 1 0 0 0 0
 220 57204.000 156057.000 0 0 0.000 0.000 0.000 0.133 0 1 0 0 0 0
 221 147567.000 48395.000 0 0 0.000 0.000 0.000 0.133 0 1 0 0 0 0
 222 62080.000 159804.000 0 0 0.000 0.000 0.000 0.143 0 1 0 0 0 0
 223 30543.000 114850.000 0 0 0.000 0.000 0.000 0.136 0 1 0 0 0 0
 224 66678.000 36752.000 0 0 0.000 0.000 0.000 0.156 0 1 0 0 0 0
 225 29054.000 118063.000 0 0 0.000 0.000 0.000 0.138 0 1 0 0 0 0
 226 73678.000 171441.000 0 0 0.000 0.000 0.000 0.135 0 1 0 0 0 0
 227 59865.000 35546.000 0 0 0.000 0.000 0.000 0.144 0 1 0 0 0 0
 228 23352.000 103173.000 0 0 0.000 0.000 0.000 0.285 0 1 0 0 0 0
 229 62069.000 32325.000 0 0 0.000 0.000 0.000 0.130 0 1 0 0 0 0
 230 149270.000 40006.000 0 0 0.000 0.000 0.000 0.132 0 1 0 0 0 0
 231 36874.000 49768.000 0 0 0.000 0.000 0.000 0.138 0 1 0 0 0 0
 232 94266.000 187849.000 0 0 0.000 0.000 0.000 0.212 0 1 0 0 0 0
 233 28769.000 153016.000 0 0 0.000 0.000 0.000 0.261 0 1 0 0 0 0
 234 77886.000 10150.000 0 0 0.000 0.000 0.000 0.130 0 1 0 0 0 0;
ProcessEquipmentIDList 1
  "6632" ;
SummarySpec 5
  TESTNO    NDEFECT    DEFDENSITY    NDIE    NDEFDIE  ;
SummaryList 
  1    234    0.8555    1    1  ;
EndOfFile;
