FileVersion 1 2;
FileTimestamp 01-11-26 14:55:34;
InspectionStationID "KLA-Tencor" "SFSSP1" "0901-0728-TBI";
SampleType WAFER;
ResultTimestamp 01-11-26 14:45:31;
LotID "2580";
SampleSize 1 200;
DeviceID "None";
SetupID "T2-2580NR" 01-11-26 14:45:31;
StepID "6492";
SampleOrientationMarkType NOTCH;
OrientationMarkLocation DOWN;
DiePitch 200000 200000;
DieOrigin 0 0;
WaferID "17";
Slot 17;
SampleCenterLocation 100000 100000;
ClassLookup 1
  0 "0"  ;
OrientationInstructions "Front";
CoordinatesMirrored No;
InspectionTest 1;
SampleTestPlan 1
  0 0 ;
AreaPerTest 2.73513e+010;
DefectRecordSpec 15 DEFECTID XREL YREL XINDEX YINDEX XSIZE YSIZE DEFECTAREA DSIZE CLASSNUMBER TEST CLUSTERNUMBER ROUGHBINNUMBER FINEBINNUMBER REVIEWSAMPLE ;
DefectList
 1 105913.000 104361.000 0 0 0.000 0.000 0.000 0.133 0 1 0 0 0 0
 2 108612.000 99882.000 0 0 0.000 0.000 0.000 0.135 0 1 0 0 0 0
 3 100140.000 89350.000 0 0 0.000 0.000 0.000 0.141 0 1 0 0 0 0
 4 93049.000 110272.000 0 0 0.000 0.000 0.000 0.142 0 1 0 0 0 0
 5 89572.000 92972.000 0 0 0.000 0.000 0.000 0.147 0 1 0 0 0 0
 6 113202.000 101446.000 0 0 0.000 0.000 0.000 0.130 0 1 0 0 0 0
 7 89126.000 109970.000 0 0 0.000 0.000 0.000 0.137 0 1 0 0 0 0
 8 97059.000 114898.000 0 0 0.000 0.000 0.000 0.131 0 1 0 0 0 0
 9 86264.000 93813.000 0 0 0.000 0.000 0.000 0.141 0 1 0 0 0 0
 10 111547.000 86468.000 0 0 0.000 0.000 0.000 0.133 0 1 0 0 0 0
 11 85785.000 111750.000 0 0 0.000 0.000 0.000 0.134 0 1 0 0 0 0
 12 98760.000 118627.000 0 0 0.000 0.000 0.000 0.148 0 1 0 0 0 0
 13 81445.000 99794.000 0 0 0.000 0.000 0.000 0.145 0 1 0 0 0 0
 14 116795.000 107696.000 0 0 0.000 0.000 0.000 0.130 0 1 0 0 0 0
 15 104528.000 81271.000 0 0 0.000 0.000 0.000 0.135 0 1 0 0 0 0
 16 117118.000 88911.000 0 0 0.000 0.000 0.000 0.167 0 1 0 0 0 0
 17 79544.000 105171.000 0 0 0.000 0.000 0.000 0.170 0 1 0 0 0 0
 18 90572.000 80333.000 0 0 0.000 0.000 0.000 0.130 0 1 0 0 0 0
 19 121318.000 107579.000 0 0 0.000 0.000 0.000 0.132 0 1 0 0 0 0
 20 117251.000 85047.000 0 0 0.000 0.000 0.000 0.146 0 1 0 0 0 0
 21 105165.000 77436.000 0 0 0.000 0.000 0.000 0.158 0 1 0 0 0 0
 22 107317.000 122436.000 0 0 0.000 0.000 0.000 0.131 0 1 0 0 0 0
 23 84865.000 82071.000 0 0 0.000 0.000 0.000 0.131 0 1 0 0 0 0
 24 113431.000 119787.000 0 0 0.000 0.000 0.000 0.143 0 1 0 0 0 0
 25 99921.000 124274.000 0 0 0.000 0.000 0.000 0.133 0 1 0 0 0 0
 26 119007.000 84815.000 0 0 0.000 0.000 0.000 0.130 0 1 0 0 0 0
 27 74974.000 97413.000 0 0 0.000 0.000 0.000 0.143 0 1 0 0 0 0
 28 77750.000 112145.000 0 0 0.000 0.000 0.000 0.132 0 1 0 0 0 0
 29 113245.000 78496.000 0 0 0.000 0.000 0.000 0.148 0 1 0 0 0 0
 30 125310.000 102332.000 0 0 0.000 0.000 0.000 0.138 0 1 0 0 0 0
 31 98265.000 74103.000 0 0 0.000 0.000 0.000 0.138 0 1 0 0 0 0
 32 106298.000 126119.000 0 0 0.000 0.000 0.000 0.149 0 1 0 0 0 0
 33 89454.000 75499.000 0 0 0.000 0.000 0.000 0.137 0 1 0 0 0 0
 34 89763.000 125606.000 0 0 0.000 0.000 0.000 0.132 0 1 0 0 0 0
 35 101313.000 72518.000 0 0 0.000 0.000 0.000 0.138 0 1 0 0 0 0
 36 97863.000 128606.000 0 0 0.000 0.000 0.000 0.135 0 1 0 0 0 0
 37 77880.000 82089.000 0 0 0.000 0.000 0.000 0.130 0 1 0 0 0 0
 38 95149.000 128740.000 0 0 0.000 0.000 0.000 0.134 0 1 0 0 0 0
 39 114736.000 125451.000 0 0 0.000 0.000 0.000 0.146 0 1 0 0 0 0
 40 70649.000 101643.000 0 0 0.000 0.000 0.000 0.136 0 1 0 0 0 0
 41 129290.000 98125.000 0 0 0.000 0.000 0.000 0.147 0 1 0 0 0 0
 42 114697.000 125917.000 0 0 0.000 0.000 0.000 0.142 0 1 0 0 0 0
 43 78048.000 120251.000 0 0 0.000 0.000 0.000 0.143 0 1 0 0 0 0
 44 98582.000 70007.000 0 0 0.000 0.000 0.000 0.132 0 1 0 0 0 0
 45 129962.000 97066.000 0 0 0.000 0.000 0.000 0.132 0 1 0 0 0 0
 46 130232.000 102934.000 0 0 0.000 0.000 0.000 0.146 0 1 0 0 0 0
 47 73908.000 84371.000 0 0 0.000 0.000 0.000 0.131 0 1 0 0 0 0
 48 73439.000 115805.000 0 0 0.000 0.000 0.000 0.134 0 1 0 0 0 0
 49 117291.000 74554.000 0 0 0.000 0.000 0.000 0.138 0 1 0 0 0 0
 50 81739.000 125599.000 0 0 0.000 0.000 0.000 0.134 0 1 0 0 0 0
 51 77392.000 78063.000 0 0 0.000 0.000 0.000 0.141 0 1 0 0 0 0
 52 79168.000 76187.000 0 0 0.000 0.000 0.000 0.148 0 1 0 0 0 0
 53 102967.000 68567.000 0 0 0.000 0.000 0.000 0.139 0 1 0 0 0 0
 54 77698.000 77372.000 0 0 0.000 0.000 0.000 0.137 0 1 0 0 0 0
 55 84633.000 72310.000 0 0 0.000 0.000 0.000 0.163 0 1 0 0 0 0
 56 130207.000 89534.000 0 0 0.000 0.000 0.000 0.137 0 1 0 0 0 0
 57 82428.000 73256.000 0 0 0.000 0.000 0.000 0.130 0 1 0 0 0 0
 58 67442.000 101808.000 0 0 0.000 0.000 0.000 0.147 0 1 0 0 0 0
 59 124828.000 121709.000 0 0 0.000 0.000 0.000 0.143 0 1 0 0 0 0
 60 95040.000 67765.000 0 0 0.000 0.000 0.000 0.132 0 1 0 0 0 0
 61 90081.000 68791.000 0 0 0.000 0.000 0.000 0.164 0 1 0 0 0 0
 62 90697.000 68475.000 0 0 0.000 0.000 0.000 0.132 0 1 0 0 0 0
 63 66663.000 96392.000 0 0 0.000 0.000 0.000 0.140 0 1 0 0 0 0
 64 87551.000 68742.000 0 0 0.000 0.000 0.000 0.140 0 1 0 0 0 0
 65 93638.000 133846.000 0 0 0.000 0.000 0.000 0.134 0 1 0 0 0 0
 66 112823.000 132632.000 0 0 0.000 0.000 0.000 0.164 0 1 0 0 0 0
 67 73699.000 123175.000 0 0 0.000 0.000 0.000 0.137 0 1 0 0 0 0
 68 129603.000 81503.000 0 0 0.000 0.000 0.000 0.134 0 1 0 0 0 0
 69 92755.000 65468.000 0 0 0.000 0.000 0.000 0.135 0 1 0 0 0 0
 70 65583.000 110262.000 0 0 0.000 0.000 0.000 0.157 0 1 0 0 0 0
 71 135112.000 91557.000 0 0 0.000 0.000 0.000 0.131 0 1 0 0 0 0
 72 109073.000 135499.000 0 0 0.000 0.000 0.000 0.137 0 1 0 0 0 0
 73 79273.000 130519.000 0 0 0.000 0.000 0.000 0.135 0 1 0 0 0 0
 74 124517.000 72259.000 0 0 0.000 0.000 0.000 0.132 0 1 0 0 0 0
 75 62917.000 104386.000 0 0 0.000 0.000 0.000 0.143 0 1 0 0 0 0
 76 129504.000 76733.000 0 0 0.000 0.000 0.000 0.130 0 1 0 0 0 0
 77 129227.000 124935.000 0 0 0.000 0.000 0.000 0.135 0 1 0 0 0 0
 78 112732.000 136624.000 0 0 0.000 0.000 0.000 0.132 0 1 0 0 0 0
 79 92302.000 62363.000 0 0 0.000 0.000 0.000 0.165 0 1 0 0 0 0
 80 112671.000 63667.000 0 0 0.000 0.000 0.000 0.148 0 1 0 0 0 0
 81 115567.000 64324.000 0 0 0.000 0.000 0.000 0.138 0 1 0 0 0 0
 82 75271.000 69633.000 0 0 0.000 0.000 0.000 0.145 0 1 0 0 0 0
 83 78753.000 133538.000 0 0 0.000 0.000 0.000 0.147 0 1 0 0 0 0
 84 78774.000 66660.000 0 0 0.000 0.000 0.000 0.130 0 1 0 0 0 0
 85 129272.000 127494.000 0 0 0.000 0.000 0.000 0.139 0 1 0 0 0 0
 86 139842.000 93102.000 0 0 0.000 0.000 0.000 0.131 0 1 0 0 0 0
 87 140416.000 96190.000 0 0 0.000 0.000 0.000 0.142 0 1 0 0 0 0
 88 62456.000 84399.000 0 0 0.000 0.000 0.000 0.137 0 1 0 0 0 0
 89 128906.000 71268.000 0 0 0.000 0.000 0.000 0.147 0 1 0 0 0 0
 90 131148.000 73723.000 0 0 0.000 0.000 0.000 0.165 0 1 0 0 0 0
 91 79126.000 135593.000 0 0 0.000 0.000 0.000 0.140 0 1 0 0 0 0
 92 116633.000 62685.000 0 0 0.000 0.000 0.000 0.134 0 1 0 0 0 0
 93 122243.000 134952.000 0 0 0.000 0.000 0.000 0.140 0 1 0 0 0 0
 94 120979.000 135632.000 0 0 0.000 0.000 0.000 0.133 0 1 0 0 0 0
 95 77493.000 65697.000 0 0 0.000 0.000 0.000 0.134 0 1 0 0 0 0
 96 99282.000 59099.000 0 0 0.000 0.000 0.000 0.157 0 1 0 0 0 0
 97 135351.000 121631.000 0 0 0.000 0.000 0.000 0.131 0 1 0 0 0 0
 98 59375.000 91913.000 0 0 0.000 0.000 0.000 0.135 0 1 0 0 0 0
 99 69811.000 71817.000 0 0 0.000 0.000 0.000 0.133 0 1 0 0 0 0
 100 118657.000 137266.000 0 0 0.000 0.000 0.000 0.130 0 1 0 0 0 0
 101 58358.000 99634.000 0 0 0.000 0.000 0.000 0.155 0 1 0 0 0 0
 102 84120.000 138731.000 0 0 0.000 0.000 0.000 0.146 0 1 0 0 0 0
 103 59249.000 111223.000 0 0 0.000 0.000 0.000 0.145 0 1 0 0 0 0
 104 58654.000 91167.000 0 0 0.000 0.000 0.000 0.135 0 1 0 0 0 0
 105 109838.000 59118.000 0 0 0.000 0.000 0.000 0.144 0 1 0 0 0 0
 106 106894.000 142021.000 0 0 0.000 0.000 0.000 0.134 0 1 0 0 0 0
 107 93369.000 142112.000 0 0 0.000 0.000 0.000 0.130 0 1 0 0 0 0
 108 57860.000 94979.000 0 0 0.000 0.000 0.000 0.145 0 1 0 0 0 0
 109 110299.000 141406.000 0 0 0.000 0.000 0.000 0.155 0 1 0 0 0 0
 110 63352.000 122008.000 0 0 0.000 0.000 0.000 0.142 0 1 0 0 0 0
 111 58188.000 91776.000 0 0 0.000 0.000 0.000 0.132 0 1 0 0 0 0
 112 77243.000 136349.000 0 0 0.000 0.000 0.000 0.147 0 1 0 0 0 0
 113 60830.000 83058.000 0 0 0.000 0.000 0.000 0.134 0 1 0 0 0 0
 114 142257.000 93497.000 0 0 0.000 0.000 0.000 0.132 0 1 0 0 0 0
 115 124433.000 135449.000 0 0 0.000 0.000 0.000 0.141 0 1 0 0 0 0
 116 132098.000 128869.000 0 0 0.000 0.000 0.000 0.132 0 1 0 0 0 0
 117 59059.000 86504.000 0 0 0.000 0.000 0.000 0.132 0 1 0 0 0 0
 118 103847.000 143432.000 0 0 0.000 0.000 0.000 0.144 0 1 0 0 0 0
 119 79411.000 138711.000 0 0 0.000 0.000 0.000 0.131 0 1 0 0 0 0
 120 71406.000 66604.000 0 0 0.000 0.000 0.000 0.174 0 1 0 0 0 0
 121 93049.000 56532.000 0 0 0.000 0.000 0.000 0.135 0 1 0 0 0 0
 122 117985.000 59712.000 0 0 0.000 0.000 0.000 0.136 0 1 0 0 0 0
 123 143196.000 86845.000 0 0 0.000 0.000 0.000 0.133 0 1 0 0 0 0
 124 66423.000 130718.000 0 0 0.000 0.000 0.000 0.133 0 1 0 0 0 0
 125 116331.000 57696.000 0 0 0.000 0.000 0.000 0.134 0 1 0 0 0 0
 126 126433.000 62811.000 0 0 0.000 0.000 0.000 0.162 0 1 0 0 0 0
 127 121080.000 58847.000 0 0 0.000 0.000 0.000 0.133 0 1 0 0 0 0
 128 69117.000 135797.000 0 0 0.000 0.000 0.000 0.149 0 1 0 0 0 0
 129 109723.000 53885.000 0 0 0.000 0.000 0.000 0.134 0 1 0 0 0 0
 130 133954.000 66564.000 0 0 0.000 0.000 0.000 0.137 0 1 0 0 0 0
 131 122811.000 142737.000 0 0 0.000 0.000 0.000 0.142 0 1 0 0 0 0
 132 118157.000 54951.000 0 0 0.000 0.000 0.000 0.132 0 1 0 0 0 0
 133 147474.000 112275.000 0 0 0.000 0.000 0.000 0.144 0 1 0 0 0 0
 134 97675.000 150269.000 0 0 0.000 0.000 0.000 0.143 0 1 0 0 0 0
 135 144825.000 123477.000 0 0 0.000 0.000 0.000 0.131 0 1 0 0 0 0
 136 113403.000 149019.000 0 0 0.000 0.000 0.000 0.142 0 1 0 0 0 0
 137 151408.000 105944.000 0 0 0.000 0.000 0.000 0.141 0 1 0 0 0 0
 138 61162.000 134901.000 0 0 0.000 0.000 0.000 0.153 0 1 0 0 0 0
 139 91691.000 48330.000 0 0 0.000 0.000 0.000 0.133 0 1 0 0 0 0
 140 149540.000 118009.000 0 0 0.000 0.000 0.000 0.141 0 1 0 0 0 0
 141 134296.000 141263.000 0 0 0.000 0.000 0.000 0.141 0 1 0 0 0 0
 142 132530.000 57525.000 0 0 0.000 0.000 0.000 0.134 0 1 0 0 0 0
 143 56343.000 131852.000 0 0 0.000 0.000 0.000 0.144 0 1 0 0 0 0
 144 153704.000 103920.000 0 0 0.000 0.000 0.000 0.143 0 1 0 0 0 0
 145 80344.000 150805.000 0 0 0.000 0.000 0.000 0.133 0 1 0 0 0 0
 146 60781.000 137708.000 0 0 0.000 0.000 0.000 0.163 0 1 0 0 0 0
 147 151494.000 82825.000 0 0 0.000 0.000 0.000 0.138 0 1 0 0 0 0
 148 62194.000 61104.000 0 0 0.000 0.000 0.000 0.130 0 1 0 0 0 0
 149 77155.000 149909.000 0 0 0.000 0.000 0.000 0.136 0 1 0 0 0 0
 150 147854.000 73959.000 0 0 0.000 0.000 0.000 0.134 0 1 0 0 0 0
 151 59186.000 136688.000 0 0 0.000 0.000 0.000 0.130 0 1 0 0 0 0
 152 129255.000 53679.000 0 0 0.000 0.000 0.000 0.149 0 1 0 0 0 0
 153 142202.000 135710.000 0 0 0.000 0.000 0.000 0.136 0 1 0 0 0 0
 154 64621.000 142823.000 0 0 0.000 0.000 0.000 0.150 0 1 0 0 0 0
 155 154287.000 89479.000 0 0 0.000 0.000 0.000 0.141 0 1 0 0 0 0
 156 135258.000 57389.000 0 0 0.000 0.000 0.000 0.149 0 1 0 0 0 0
 157 46501.000 115976.000 0 0 0.000 0.000 0.000 0.138 0 1 0 0 0 0
 158 86803.000 154437.000 0 0 0.000 0.000 0.000 0.137 0 1 0 0 0 0
 159 78345.000 151891.000 0 0 0.000 0.000 0.000 0.135 0 1 0 0 0 0
 160 53245.000 131015.000 0 0 0.000 0.000 0.000 0.140 0 1 0 0 0 0
 161 44024.000 103865.000 0 0 0.000 0.000 0.000 0.141 0 1 0 0 0 0
 162 149211.000 129173.000 0 0 0.000 0.000 0.000 0.138 0 1 0 0 0 0
 163 72281.000 49987.000 0 0 0.000 0.000 0.000 0.134 0 1 0 0 0 0
 164 49422.000 72554.000 0 0 0.000 0.000 0.000 0.137 0 1 0 0 0 0
 165 155366.000 84441.000 0 0 0.000 0.000 0.000 0.131 0 1 0 0 0 0
 166 58026.000 59580.000 0 0 0.000 0.000 0.000 0.134 0 1 0 0 0 0
 167 149883.000 130646.000 0 0 0.000 0.000 0.000 0.168 0 1 0 0 0 0
 168 103529.000 41792.000 0 0 0.000 0.000 0.000 0.135 0 1 0 0 0 0
 169 154510.000 78706.000 0 0 0.000 0.000 0.000 0.140 0 1 0 0 0 0
 170 110174.000 158173.000 0 0 0.000 0.000 0.000 0.134 0 1 0 0 0 0
 171 43876.000 82104.000 0 0 0.000 0.000 0.000 0.143 0 1 0 0 0 0
 172 42934.000 117058.000 0 0 0.000 0.000 0.000 0.145 0 1 0 0 0 0
 173 138917.000 55309.000 0 0 0.000 0.000 0.000 0.137 0 1 0 0 0 0
 174 157939.000 85141.000 0 0 0.000 0.000 0.000 0.139 0 1 0 0 0 0
 175 159673.000 106344.000 0 0 0.000 0.000 0.000 0.137 0 1 0 0 0 0
 176 148316.000 64287.000 0 0 0.000 0.000 0.000 0.150 0 1 0 0 0 0
 177 149535.000 134645.000 0 0 0.000 0.000 0.000 0.135 0 1 0 0 0 0
 178 146787.000 138331.000 0 0 0.000 0.000 0.000 0.133 0 1 0 0 0 0
 179 39911.000 90822.000 0 0 0.000 0.000 0.000 0.131 0 1 0 0 0 0
 180 52420.000 138935.000 0 0 0.000 0.000 0.000 0.139 0 1 0 0 0 0
 181 40390.000 84865.000 0 0 0.000 0.000 0.000 0.140 0 1 0 0 0 0
 182 59503.000 53768.000 0 0 0.000 0.000 0.000 0.148 0 1 0 0 0 0
 183 161459.000 107258.000 0 0 0.000 0.000 0.000 0.153 0 1 0 0 0 0
 184 153550.000 68094.000 0 0 0.000 0.000 0.000 0.135 0 1 0 0 0 0
 185 44587.000 70846.000 0 0 0.000 0.000 0.000 0.148 0 1 0 0 0 0
 186 151207.000 136167.000 0 0 0.000 0.000 0.000 0.130 0 1 0 0 0 0
 187 136174.000 151540.000 0 0 0.000 0.000 0.000 0.131 0 1 0 0 0 0
 188 110298.000 162582.000 0 0 0.000 0.000 0.000 0.138 0 1 0 0 0 0
 189 90251.000 37787.000 0 0 0.000 0.000 0.000 0.130 0 1 0 0 0 0
 190 141315.000 52071.000 0 0 0.000 0.000 0.000 0.134 0 1 0 0 0 0
 191 130459.000 156014.000 0 0 0.000 0.000 0.000 0.150 0 1 0 0 0 0
 192 117029.000 38802.000 0 0 0.000 0.000 0.000 0.133 0 1 0 0 0 0
 193 147197.000 57512.000 0 0 0.000 0.000 0.000 0.134 0 1 0 0 0 0
 194 141653.000 148399.000 0 0 0.000 0.000 0.000 0.146 0 1 0 0 0 0
 195 151604.000 137950.000 0 0 0.000 0.000 0.000 0.165 0 1 0 0 0 0
 196 157923.000 127676.000 0 0 0.000 0.000 0.000 0.141 0 1 0 0 0 0
 197 91945.000 35973.000 0 0 0.000 0.000 0.000 0.151 0 1 0 0 0 0
 198 158349.000 72414.000 0 0 0.000 0.000 0.000 0.133 0 1 0 0 0 0
 199 153163.000 137421.000 0 0 0.000 0.000 0.000 0.132 0 1 0 0 0 0
 200 54429.000 53562.000 0 0 0.000 0.000 0.000 0.135 0 1 0 0 0 0
 201 72610.000 159595.000 0 0 0.000 0.000 0.000 0.142 0 1 0 0 0 0
 202 112639.000 35147.000 0 0 0.000 0.000 0.000 0.146 0 1 0 0 0 0
 203 113325.000 35018.000 0 0 0.000 0.000 0.000 0.134 0 1 0 0 0 0
 204 160384.000 71821.000 0 0 0.000 0.000 0.000 0.130 0 1 0 0 0 0
 205 80624.000 164755.000 0 0 0.000 0.000 0.000 0.130 0 1 0 0 0 0
 206 136080.000 158109.000 0 0 0.000 0.000 0.000 0.148 0 1 0 0 0 0
 207 109251.000 168158.000 0 0 0.000 0.000 0.000 0.136 0 1 0 0 0 0
 208 161014.000 68911.000 0 0 0.000 0.000 0.000 0.135 0 1 0 0 0 0
 209 34386.000 79497.000 0 0 0.000 0.000 0.000 0.152 0 1 0 0 0 0
 210 41800.000 63248.000 0 0 0.000 0.000 0.000 0.150 0 1 0 0 0 0
 211 95699.000 31486.000 0 0 0.000 0.000 0.000 0.130 0 1 0 0 0 0
 212 37897.000 69670.000 0 0 0.000 0.000 0.000 0.133 0 1 0 0 0 0
 213 58454.000 44814.000 0 0 0.000 0.000 0.000 0.143 0 1 0 0 0 0
 214 169164.000 97719.000 0 0 0.000 0.000 0.000 0.131 0 1 0 0 0 0
 215 122076.000 166267.000 0 0 0.000 0.000 0.000 0.136 0 1 0 0 0 0
 216 127154.000 35983.000 0 0 0.000 0.000 0.000 0.143 0 1 0 0 0 0
 217 81027.000 167944.000 0 0 0.000 0.000 0.000 0.131 0 1 0 0 0 0
 218 65220.000 39110.000 0 0 0.000 0.000 0.000 0.139 0 1 0 0 0 0
 219 169527.000 90135.000 0 0 0.000 0.000 0.000 0.135 0 1 0 0 0 0
 220 90285.000 30506.000 0 0 0.000 0.000 0.000 0.130 0 1 0 0 0 0
 221 139355.000 41325.000 0 0 0.000 0.000 0.000 0.134 0 1 0 0 0 0
 222 59996.000 41519.000 0 0 0.000 0.000 0.000 0.139 0 1 0 0 0 0
 223 167585.000 75941.000 0 0 0.000 0.000 0.000 0.133 0 1 0 0 0 0
 224 96905.000 172098.000 0 0 0.000 0.000 0.000 0.138 0 1 0 0 0 0
 225 48699.000 49332.000 0 0 0.000 0.000 0.000 0.146 0 1 0 0 0 0
 226 75059.000 168124.000 0 0 0.000 0.000 0.000 0.134 0 1 0 0 0 0
 227 42101.000 143671.000 0 0 0.000 0.000 0.000 0.137 0 1 0 0 0 0
 228 139657.000 160860.000 0 0 0.000 0.000 0.000 0.137 0 1 0 0 0 0
 229 161025.000 139533.000 0 0 0.000 0.000 0.000 0.139 0 1 0 0 0 0
 230 30425.000 122418.000 0 0 0.000 0.000 0.000 0.130 0 1 0 0 0 0
 231 75356.000 169086.000 0 0 0.000 0.000 0.000 0.139 0 1 0 0 0 0
 232 172140.000 112897.000 0 0 0.000 0.000 0.000 0.136 0 1 0 0 0 0
 233 70272.000 167607.000 0 0 0.000 0.000 0.000 0.133 0 1 0 0 0 0
 234 64584.000 166849.000 0 0 0.000 0.000 0.000 0.134 0 1 0 0 0 0
 235 166508.000 64637.000 0 0 0.000 0.000 0.000 0.132 0 1 0 0 0 0
 236 69151.000 30850.000 0 0 0.000 0.000 0.000 0.134 0 1 0 0 0 0
 237 135702.000 32397.000 0 0 0.000 0.000 0.000 0.148 0 1 0 0 0 0
 238 24189.000 114936.000 0 0 0.000 0.000 0.000 0.139 0 1 0 0 0 0
 239 176318.000 85954.000 0 0 0.000 0.000 0.000 0.132 0 1 0 0 0 0
 240 131690.000 28910.000 0 0 0.000 0.000 0.000 0.139 0 1 0 0 0 0
 241 102701.000 21902.000 0 0 0.000 0.000 0.000 0.271 0 1 0 0 0 0
 242 161351.000 51160.000 0 0 0.000 0.000 0.000 0.142 0 1 0 0 0 0
 243 178800.000 101765.000 0 0 0.000 0.000 0.000 0.131 0 1 0 0 0 0
 244 154487.000 42322.000 0 0 0.000 0.000 0.000 0.138 0 1 0 0 0 0
 245 179785.000 108422.000 0 0 0.000 0.000 0.000 0.134 0 1 0 0 0 0
 246 51947.000 166765.000 0 0 0.000 0.000 0.000 0.134 0 1 0 0 0 0
 247 55331.000 30364.000 0 0 0.000 0.000 0.000 0.142 0 1 0 0 0 0
 248 176082.000 62088.000 0 0 0.000 0.000 0.000 0.139 0 1 0 0 0 0
 249 185835.000 100831.000 0 0 0.000 0.000 0.000 0.134 0 1 0 0 0 0
 250 13843.000 113937.000 0 0 0.000 0.000 0.000 0.135 0 1 0 0 0 0
 251 44426.000 29880.000 0 0 0.000 0.000 0.000 0.349 0 1 0 0 0 0
 252 173200.000 158381.000 0 0 0.000 0.000 0.000 0.130 0 1 0 0 0 0;
ProcessEquipmentIDList 1
  "6632" ;
SummarySpec 5
  TESTNO    NDEFECT    DEFDENSITY    NDIE    NDEFDIE  ;
SummaryList 
  1    252    0.9213    1    1  ;
EndOfFile;
