FileVersion 1 2;
FileTimestamp 01-11-26 11:44:09;
InspectionStationID "KLA-Tencor" "SFSSP1" "0901-0728-TBI";
SampleType WAFER;
ResultTimestamp 01-11-26 11:29:31;
LotID "2580";
SampleSize 1 200;
DeviceID "None";
SetupID "T2-2580NR" 01-11-26 11:29:31;
StepID "6492";
SampleOrientationMarkType NOTCH;
OrientationMarkLocation DOWN;
DiePitch 200000 200000;
DieOrigin 0 0;
WaferID "25";
Slot 25;
SampleCenterLocation 100000 100000;
ClassLookup 1
  0 "0"  ;
OrientationInstructions "Front";
CoordinatesMirrored No;
InspectionTest 1;
SampleTestPlan 1
  0 0 ;
AreaPerTest 2.73517e+010;
DefectRecordSpec 15 DEFECTID XREL YREL XINDEX YINDEX XSIZE YSIZE DEFECTAREA DSIZE CLASSNUMBER TEST CLUSTERNUMBER ROUGHBINNUMBER FINEBINNUMBER REVIEWSAMPLE ;
DefectList
 1 102613.000 100275.000 0 0 0.000 0.000 0.000 200000.000 0 1 0 200 0 0
 2 102631.000 100207.000 0 0 0.000 0.000 0.000 0.243 0 1 0 0 0 0
 3 104008.000 102445.000 0 0 0.000 0.000 0.000 0.133 0 1 0 0 0 0
 4 101994.000 106889.000 0 0 0.000 0.000 0.000 0.133 0 1 0 0 0 0
 5 97330.000 107328.000 0 0 0.000 0.000 0.000 0.134 0 1 0 0 0 0
 6 104992.000 94155.000 0 0 0.000 0.000 0.000 0.153 0 1 0 0 0 0
 7 107999.000 101764.000 0 0 0.000 0.000 0.000 0.169 0 1 0 0 0 0
 8 108329.000 98535.000 0 0 0.000 0.000 0.000 0.146 0 1 0 0 0 0
 9 102926.000 91051.000 0 0 0.000 0.000 0.000 0.136 0 1 0 0 0 0
 10 104579.000 108756.000 0 0 0.000 0.000 0.000 0.138 0 1 0 0 0 0
 11 110195.000 98940.000 0 0 0.000 0.000 0.000 0.133 0 1 0 0 0 0
 12 93353.000 109101.000 0 0 0.000 0.000 0.000 0.139 0 1 0 0 0 0
 13 92277.000 91721.000 0 0 0.000 0.000 0.000 0.131 0 1 0 0 0 0
 14 100368.000 112014.000 0 0 0.000 0.000 0.000 0.155 0 1 0 0 0 0
 15 100331.000 88332.000 0 0 0.000 0.000 0.000 0.141 0 1 0 0 0 0
 16 110841.000 106195.000 0 0 0.000 0.000 0.000 0.140 0 1 0 0 0 0
 17 103590.000 87293.000 0 0 0.000 0.000 0.000 0.163 0 1 0 0 0 0
 18 105107.000 113187.000 0 0 0.000 0.000 0.000 0.140 0 1 0 0 0 0
 19 92773.000 112286.000 0 0 0.000 0.000 0.000 0.143 0 1 0 0 0 0
 20 87005.000 106034.000 0 0 0.000 0.000 0.000 0.132 0 1 0 0 0 0
 21 94172.000 86885.000 0 0 0.000 0.000 0.000 0.152 0 1 0 0 0 0
 22 84437.000 97955.000 0 0 0.000 0.000 0.000 0.169 0 1 0 0 0 0
 23 115858.000 100459.000 0 0 0.000 0.000 0.000 0.137 0 1 0 0 0 0
 24 112451.000 90448.000 0 0 0.000 0.000 0.000 0.131 0 1 0 0 0 0
 25 112649.000 90491.000 0 0 0.000 0.000 0.000 0.135 0 1 0 0 0 0
 26 93380.000 116053.000 0 0 0.000 0.000 0.000 0.142 0 1 0 0 0 0
 27 108125.000 116167.000 0 0 0.000 0.000 0.000 0.140 0 1 0 0 0 0
 28 86353.000 88079.000 0 0 0.000 0.000 0.000 0.137 0 1 0 0 0 0
 29 106135.000 83285.000 0 0 0.000 0.000 0.000 0.164 0 1 0 0 0 0
 30 83867.000 88827.000 0 0 0.000 0.000 0.000 0.149 0 1 0 0 0 0
 31 81914.000 91581.000 0 0 0.000 0.000 0.000 0.137 0 1 0 0 0 0
 32 84304.000 87842.000 0 0 0.000 0.000 0.000 0.133 0 1 0 0 0 0
 33 80390.000 95700.000 0 0 0.000 0.000 0.000 0.151 0 1 0 0 0 0
 34 120253.000 103327.000 0 0 0.000 0.000 0.000 0.149 0 1 0 0 0 0
 35 119799.000 107393.000 0 0 0.000 0.000 0.000 0.143 0 1 0 0 0 0
 36 78666.000 100071.000 0 0 0.000 0.000 0.000 0.132 0 1 0 0 0 0
 37 108191.000 120174.000 0 0 0.000 0.000 0.000 0.138 0 1 0 0 0 0
 38 84853.000 115699.000 0 0 0.000 0.000 0.000 0.151 0 1 0 0 0 0
 39 103910.000 78776.000 0 0 0.000 0.000 0.000 0.133 0 1 0 0 0 0
 40 112015.000 119025.000 0 0 0.000 0.000 0.000 0.142 0 1 0 0 0 0
 41 109872.000 120155.000 0 0 0.000 0.000 0.000 0.140 0 1 0 0 0 0
 42 82152.000 86611.000 0 0 0.000 0.000 0.000 0.143 0 1 0 0 0 0
 43 104170.000 77967.000 0 0 0.000 0.000 0.000 0.139 0 1 0 0 0 0
 44 89061.000 120517.000 0 0 0.000 0.000 0.000 0.130 0 1 0 0 0 0
 45 77444.000 95061.000 0 0 0.000 0.000 0.000 0.138 0 1 0 0 0 0
 46 110631.000 79547.000 0 0 0.000 0.000 0.000 0.131 0 1 0 0 0 0
 47 79745.000 88328.000 0 0 0.000 0.000 0.000 0.131 0 1 0 0 0 0
 48 87202.000 80717.000 0 0 0.000 0.000 0.000 0.150 0 1 0 0 0 0
 49 121332.000 110980.000 0 0 0.000 0.000 0.000 0.135 0 1 0 0 0 0
 50 98261.000 124236.000 0 0 0.000 0.000 0.000 0.167 0 1 0 0 0 0
 51 103869.000 124796.000 0 0 0.000 0.000 0.000 0.155 0 1 0 0 0 0
 52 96646.000 75429.000 0 0 0.000 0.000 0.000 0.135 0 1 0 0 0 0
 53 90669.000 76830.000 0 0 0.000 0.000 0.000 0.140 0 1 0 0 0 0
 54 114548.000 79705.000 0 0 0.000 0.000 0.000 200000.000 0 1 0 200 0 0
 55 81466.000 117529.000 0 0 0.000 0.000 0.000 0.148 0 1 0 0 0 0
 56 114624.000 79692.000 0 0 0.000 0.000 0.000 200000.000 0 1 0 200 0 0
 57 97731.000 74877.000 0 0 0.000 0.000 0.000 0.137 0 1 0 0 0 0
 58 111444.000 122937.000 0 0 0.000 0.000 0.000 0.130 0 1 0 0 0 0
 59 81370.000 117800.000 0 0 0.000 0.000 0.000 0.146 0 1 0 0 0 0
 60 113072.000 78138.000 0 0 0.000 0.000 0.000 0.133 0 1 0 0 0 0
 61 73962.000 96880.000 0 0 0.000 0.000 0.000 0.133 0 1 0 0 0 0
 62 112516.000 76857.000 0 0 0.000 0.000 0.000 0.133 0 1 0 0 0 0
 63 73654.000 96224.000 0 0 0.000 0.000 0.000 0.146 0 1 0 0 0 0
 64 123655.000 112717.000 0 0 0.000 0.000 0.000 0.131 0 1 0 0 0 0
 65 79037.000 83066.000 0 0 0.000 0.000 0.000 0.147 0 1 0 0 0 0
 66 127880.000 99952.000 0 0 0.000 0.000 0.000 0.158 0 1 0 0 0 0
 67 108970.000 73227.000 0 0 0.000 0.000 0.000 0.143 0 1 0 0 0 0
 68 71584.000 94791.000 0 0 0.000 0.000 0.000 0.135 0 1 0 0 0 0
 69 71219.000 103908.000 0 0 0.000 0.000 0.000 0.131 0 1 0 0 0 0
 70 110390.000 127499.000 0 0 0.000 0.000 0.000 0.134 0 1 0 0 0 0
 71 128496.000 93852.000 0 0 0.000 0.000 0.000 0.140 0 1 0 0 0 0
 72 128916.000 96199.000 0 0 0.000 0.000 0.000 0.136 0 1 0 0 0 0
 73 125014.000 116506.000 0 0 0.000 0.000 0.000 0.144 0 1 0 0 0 0
 74 112434.000 72716.000 0 0 0.000 0.000 0.000 0.135 0 1 0 0 0 0
 75 124003.000 118512.000 0 0 0.000 0.000 0.000 0.131 0 1 0 0 0 0
 76 130471.000 101180.000 0 0 0.000 0.000 0.000 0.138 0 1 0 0 0 0
 77 127217.000 84212.000 0 0 0.000 0.000 0.000 0.131 0 1 0 0 0 0
 78 131335.000 95054.000 0 0 0.000 0.000 0.000 0.139 0 1 0 0 0 0
 79 113746.000 130574.000 0 0 0.000 0.000 0.000 0.131 0 1 0 0 0 0
 80 133152.000 104820.000 0 0 0.000 0.000 0.000 0.130 0 1 0 0 0 0
 81 68638.000 112901.000 0 0 0.000 0.000 0.000 0.135 0 1 0 0 0 0
 82 73702.000 121753.000 0 0 0.000 0.000 0.000 0.161 0 1 0 0 0 0
 83 66780.000 108143.000 0 0 0.000 0.000 0.000 0.138 0 1 0 0 0 0
 84 89856.000 134214.000 0 0 0.000 0.000 0.000 0.140 0 1 0 0 0 0
 85 72502.000 122557.000 0 0 0.000 0.000 0.000 0.130 0 1 0 0 0 0
 86 95442.000 64664.000 0 0 0.000 0.000 0.000 0.136 0 1 0 0 0 0
 87 98742.000 136180.000 0 0 0.000 0.000 0.000 0.135 0 1 0 0 0 0
 88 131149.000 81464.000 0 0 0.000 0.000 0.000 0.135 0 1 0 0 0 0
 89 69234.000 80408.000 0 0 0.000 0.000 0.000 0.141 0 1 0 0 0 0
 90 125823.000 126866.000 0 0 0.000 0.000 0.000 0.132 0 1 0 0 0 0
 91 72119.000 75465.000 0 0 0.000 0.000 0.000 0.137 0 1 0 0 0 0
 92 63253.000 106542.000 0 0 0.000 0.000 0.000 0.150 0 1 0 0 0 0
 93 128812.000 124510.000 0 0 0.000 0.000 0.000 0.142 0 1 0 0 0 0
 94 68934.000 77163.000 0 0 0.000 0.000 0.000 0.146 0 1 0 0 0 0
 95 110216.000 62700.000 0 0 0.000 0.000 0.000 0.150 0 1 0 0 0 0
 96 114356.000 136328.000 0 0 0.000 0.000 0.000 0.161 0 1 0 0 0 0
 97 136600.000 115191.000 0 0 0.000 0.000 0.000 0.141 0 1 0 0 0 0
 98 77779.000 133182.000 0 0 0.000 0.000 0.000 0.132 0 1 0 0 0 0
 99 139424.000 94667.000 0 0 0.000 0.000 0.000 0.134 0 1 0 0 0 0
 100 103786.000 140185.000 0 0 0.000 0.000 0.000 0.146 0 1 0 0 0 0
 101 71089.000 128658.000 0 0 0.000 0.000 0.000 0.142 0 1 0 0 0 0
 102 61004.000 88703.000 0 0 0.000 0.000 0.000 0.132 0 1 0 0 0 0
 103 108908.000 139933.000 0 0 0.000 0.000 0.000 0.130 0 1 0 0 0 0
 104 102896.000 140987.000 0 0 0.000 0.000 0.000 0.140 0 1 0 0 0 0
 105 84131.000 137819.000 0 0 0.000 0.000 0.000 0.130 0 1 0 0 0 0
 106 77975.000 134803.000 0 0 0.000 0.000 0.000 0.144 0 1 0 0 0 0
 107 140370.000 106446.000 0 0 0.000 0.000 0.000 0.131 0 1 0 0 0 0
 108 59008.000 102318.000 0 0 0.000 0.000 0.000 0.134 0 1 0 0 0 0
 109 109190.000 60013.000 0 0 0.000 0.000 0.000 0.131 0 1 0 0 0 0
 110 59031.000 107193.000 0 0 0.000 0.000 0.000 0.141 0 1 0 0 0 0
 111 59502.000 110128.000 0 0 0.000 0.000 0.000 0.141 0 1 0 0 0 0
 112 136411.000 120901.000 0 0 0.000 0.000 0.000 0.141 0 1 0 0 0 0
 113 98211.000 57915.000 0 0 0.000 0.000 0.000 0.137 0 1 0 0 0 0
 114 110729.000 141435.000 0 0 0.000 0.000 0.000 0.131 0 1 0 0 0 0
 115 57061.000 98298.000 0 0 0.000 0.000 0.000 0.134 0 1 0 0 0 0
 116 59182.000 114913.000 0 0 0.000 0.000 0.000 0.134 0 1 0 0 0 0
 117 58074.000 111322.000 0 0 0.000 0.000 0.000 0.135 0 1 0 0 0 0
 118 71710.000 66593.000 0 0 0.000 0.000 0.000 0.138 0 1 0 0 0 0
 119 119141.000 139966.000 0 0 0.000 0.000 0.000 0.138 0 1 0 0 0 0
 120 104704.000 56137.000 0 0 0.000 0.000 0.000 0.155 0 1 0 0 0 0
 121 123201.000 61855.000 0 0 0.000 0.000 0.000 0.134 0 1 0 0 0 0
 122 115255.000 142625.000 0 0 0.000 0.000 0.000 0.142 0 1 0 0 0 0
 123 64436.000 72518.000 0 0 0.000 0.000 0.000 0.131 0 1 0 0 0 0
 124 125134.000 137870.000 0 0 0.000 0.000 0.000 0.142 0 1 0 0 0 0
 125 54594.000 99794.000 0 0 0.000 0.000 0.000 0.143 0 1 0 0 0 0
 126 144812.000 111568.000 0 0 0.000 0.000 0.000 0.133 0 1 0 0 0 0
 127 66119.000 68141.000 0 0 0.000 0.000 0.000 0.135 0 1 0 0 0 0
 128 100649.000 147356.000 0 0 0.000 0.000 0.000 0.132 0 1 0 0 0 0
 129 147379.000 101718.000 0 0 0.000 0.000 0.000 0.130 0 1 0 0 0 0
 130 60533.000 127185.000 0 0 0.000 0.000 0.000 0.135 0 1 0 0 0 0
 131 103789.000 149124.000 0 0 0.000 0.000 0.000 0.130 0 1 0 0 0 0
 132 62902.000 132657.000 0 0 0.000 0.000 0.000 0.135 0 1 0 0 0 0
 133 59313.000 128013.000 0 0 0.000 0.000 0.000 0.155 0 1 0 0 0 0
 134 128337.000 59046.000 0 0 0.000 0.000 0.000 0.130 0 1 0 0 0 0
 135 127659.000 57311.000 0 0 0.000 0.000 0.000 0.135 0 1 0 0 0 0
 136 52012.000 82209.000 0 0 0.000 0.000 0.000 0.133 0 1 0 0 0 0
 137 119523.000 52718.000 0 0 0.000 0.000 0.000 0.138 0 1 0 0 0 0
 138 124249.000 145691.000 0 0 0.000 0.000 0.000 0.133 0 1 0 0 0 0
 139 136611.000 63928.000 0 0 0.000 0.000 0.000 0.149 0 1 0 0 0 0
 140 48520.000 107689.000 0 0 0.000 0.000 0.000 0.138 0 1 0 0 0 0
 141 102935.000 152339.000 0 0 0.000 0.000 0.000 0.131 0 1 0 0 0 0
 142 109060.000 48735.000 0 0 0.000 0.000 0.000 200000.000 0 1 0 200 0 0
 143 151855.000 93360.000 0 0 0.000 0.000 0.000 0.130 0 1 0 0 0 0
 144 134922.000 60653.000 0 0 0.000 0.000 0.000 0.134 0 1 0 0 0 0
 145 83133.000 150917.000 0 0 0.000 0.000 0.000 0.132 0 1 0 0 0 0
 146 138953.000 137049.000 0 0 0.000 0.000 0.000 0.132 0 1 0 0 0 0
 147 150304.000 80240.000 0 0 0.000 0.000 0.000 0.164 0 1 0 0 0 0
 148 63674.000 141593.000 0 0 0.000 0.000 0.000 0.139 0 1 0 0 0 0
 149 145894.000 68924.000 0 0 0.000 0.000 0.000 0.135 0 1 0 0 0 0
 150 148363.000 128754.000 0 0 0.000 0.000 0.000 0.130 0 1 0 0 0 0
 151 136849.000 57483.000 0 0 0.000 0.000 0.000 0.132 0 1 0 0 0 0
 152 47472.000 121692.000 0 0 0.000 0.000 0.000 0.131 0 1 0 0 0 0
 153 72316.000 150141.000 0 0 0.000 0.000 0.000 0.135 0 1 0 0 0 0
 154 46333.000 79658.000 0 0 0.000 0.000 0.000 0.156 0 1 0 0 0 0
 155 111881.000 156729.000 0 0 0.000 0.000 0.000 0.133 0 1 0 0 0 0
 156 75538.000 152429.000 0 0 0.000 0.000 0.000 0.132 0 1 0 0 0 0
 157 52142.000 67076.000 0 0 0.000 0.000 0.000 0.134 0 1 0 0 0 0
 158 111628.000 157551.000 0 0 0.000 0.000 0.000 0.143 0 1 0 0 0 0
 159 98070.000 41610.000 0 0 0.000 0.000 0.000 0.134 0 1 0 0 0 0
 160 156126.000 117286.000 0 0 0.000 0.000 0.000 0.139 0 1 0 0 0 0
 161 41751.000 89428.000 0 0 0.000 0.000 0.000 0.139 0 1 0 0 0 0
 162 61782.000 54609.000 0 0 0.000 0.000 0.000 0.142 0 1 0 0 0 0
 163 42151.000 82236.000 0 0 0.000 0.000 0.000 0.135 0 1 0 0 0 0
 164 55026.000 59683.000 0 0 0.000 0.000 0.000 0.130 0 1 0 0 0 0
 165 150678.000 66903.000 0 0 0.000 0.000 0.000 0.132 0 1 0 0 0 0
 166 53653.000 139637.000 0 0 0.000 0.000 0.000 0.135 0 1 0 0 0 0
 167 159940.000 85001.000 0 0 0.000 0.000 0.000 0.131 0 1 0 0 0 0
 168 161791.000 100612.000 0 0 0.000 0.000 0.000 0.131 0 1 0 0 0 0
 169 39898.000 115429.000 0 0 0.000 0.000 0.000 0.149 0 1 0 0 0 0
 170 161113.000 88393.000 0 0 0.000 0.000 0.000 0.134 0 1 0 0 0 0
 171 157504.000 126544.000 0 0 0.000 0.000 0.000 0.141 0 1 0 0 0 0
 172 157175.000 72488.000 0 0 0.000 0.000 0.000 0.143 0 1 0 0 0 0
 173 164792.000 91936.000 0 0 0.000 0.000 0.000 0.134 0 1 0 0 0 0
 174 36894.000 118407.000 0 0 0.000 0.000 0.000 0.147 0 1 0 0 0 0
 175 117708.000 163700.000 0 0 0.000 0.000 0.000 0.130 0 1 0 0 0 0
 176 56177.000 152038.000 0 0 0.000 0.000 0.000 0.133 0 1 0 0 0 0
 177 139674.000 155505.000 0 0 0.000 0.000 0.000 0.137 0 1 0 0 0 0
 178 148369.000 51677.000 0 0 0.000 0.000 0.000 0.146 0 1 0 0 0 0
 179 30574.000 104728.000 0 0 0.000 0.000 0.000 0.134 0 1 0 0 0 0
 180 151977.000 51743.000 0 0 0.000 0.000 0.000 0.143 0 1 0 0 0 0
 181 159615.000 140232.000 0 0 0.000 0.000 0.000 0.130 0 1 0 0 0 0
 182 27902.000 99783.000 0 0 0.000 0.000 0.000 0.138 0 1 0 0 0 0
 183 72878.000 33280.000 0 0 0.000 0.000 0.000 0.130 0 1 0 0 0 0
 184 165396.000 134167.000 0 0 0.000 0.000 0.000 0.131 0 1 0 0 0 0
 185 100765.000 174117.000 0 0 0.000 0.000 0.000 0.140 0 1 0 0 0 0
 186 94324.000 174005.000 0 0 0.000 0.000 0.000 0.131 0 1 0 0 0 0
 187 28135.000 128857.000 0 0 0.000 0.000 0.000 0.132 0 1 0 0 0 0
 188 152415.000 160327.000 0 0 0.000 0.000 0.000 0.132 0 1 0 0 0 0
 189 79060.000 21893.000 0 0 0.000 0.000 0.000 0.134 0 1 0 0 0 0;
ProcessEquipmentIDList 1
  "6632" ;
SummarySpec 5
  TESTNO    NDEFECT    DEFDENSITY    NDIE    NDEFDIE  ;
SummaryList 
  1    189    0.691    1    1  ;
EndOfFile;
