FileVersion 1 2;
FileTimestamp 01-11-26 17:22:26;
InspectionStationID "KLA-Tencor" "SFSSP1" "0901-0728-TBI";
SampleType WAFER;
ResultTimestamp 01-11-26 17:20:04;
LotID "2580";
SampleSize 1 200;
DeviceID "None";
SetupID "T2-2580NR" 01-11-26 17:20:04;
StepID "6492";
SampleOrientationMarkType NOTCH;
OrientationMarkLocation DOWN;
DiePitch 200000 200000;
DieOrigin 0 0;
WaferID "03";
Slot 3;
SampleCenterLocation 100000 100000;
ClassLookup 1
  0 "0"  ;
OrientationInstructions "Front";
CoordinatesMirrored No;
InspectionTest 1;
SampleTestPlan 1
  0 0 ;
AreaPerTest 2.73516e+010;
ClusterClassificationList 2
  1 200 
  2 200 ;
DefectRecordSpec 15 DEFECTID XREL YREL XINDEX YINDEX XSIZE YSIZE DEFECTAREA DSIZE CLASSNUMBER TEST CLUSTERNUMBER ROUGHBINNUMBER FINEBINNUMBER REVIEWSAMPLE ;
DefectList
 1 100406.000 97771.000 0 0 0.000 0.000 0.000 0.133 0 1 0 0 0 0
 2 97109.000 98069.000 0 0 0.000 0.000 0.000 0.163 0 1 0 0 0 0
 3 102700.000 103891.000 0 0 0.000 0.000 0.000 0.136 0 1 0 0 0 0
 4 104355.000 102473.000 0 0 0.000 0.000 0.000 0.140 0 1 0 0 0 0
 5 101461.000 95396.000 0 0 0.000 0.000 0.000 0.134 0 1 0 0 0 0
 6 92966.000 103160.000 0 0 0.000 0.000 0.000 0.150 0 1 0 0 0 0
 7 93561.000 104924.000 0 0 0.000 0.000 0.000 0.130 0 1 0 0 0 0
 8 91920.000 101824.000 0 0 0.000 0.000 0.000 0.145 0 1 0 0 0 0
 9 102088.000 91725.000 0 0 0.000 0.000 0.000 0.150 0 1 0 0 0 0
 10 108452.000 98215.000 0 0 0.000 0.000 0.000 0.132 0 1 0 0 0 0
 11 108125.000 103725.000 0 0 0.000 0.000 0.000 0.148 0 1 0 0 0 0
 12 94737.000 110052.000 0 0 0.000 0.000 0.000 0.152 0 1 0 0 0 0
 13 94867.000 89843.000 0 0 0.000 0.000 0.000 0.157 0 1 0 0 0 0
 14 109872.000 106750.000 0 0 0.000 0.000 0.000 0.147 0 1 0 0 0 0
 15 112159.000 96074.000 0 0 0.000 0.000 0.000 0.141 0 1 0 0 0 0
 16 115763.000 97740.000 0 0 0.000 0.000 0.000 0.140 0 1 0 0 0 0
 17 99943.000 84038.000 0 0 0.000 0.000 0.000 0.143 0 1 0 0 0 0
 18 91288.000 84319.000 0 0 0.000 0.000 0.000 0.139 0 1 0 0 0 0
 19 87184.000 85782.000 0 0 0.000 0.000 0.000 0.150 0 1 0 0 0 0
 20 115890.000 112829.000 0 0 0.000 0.000 0.000 0.149 0 1 0 0 0 0
 21 108498.000 81616.000 0 0 0.000 0.000 0.000 0.132 0 1 0 0 0 0
 22 112193.000 83624.000 0 0 0.000 0.000 0.000 0.136 0 1 0 0 0 0
 23 120523.000 103125.000 0 0 0.000 0.000 0.000 0.141 0 1 0 0 0 0
 24 111514.000 118170.000 0 0 0.000 0.000 0.000 0.140 0 1 0 0 0 0
 25 87482.000 82910.000 0 0 0.000 0.000 0.000 0.131 0 1 0 0 0 0
 26 114395.000 117814.000 0 0 0.000 0.000 0.000 0.156 0 1 0 0 0 0
 27 80070.000 87385.000 0 0 0.000 0.000 0.000 0.142 0 1 0 0 0 0
 28 105799.000 76915.000 0 0 0.000 0.000 0.000 0.133 0 1 0 0 0 0
 29 122397.000 109171.000 0 0 0.000 0.000 0.000 0.137 0 1 0 0 0 0
 30 75400.000 94159.000 0 0 0.000 0.000 0.000 0.135 0 1 0 0 0 0
 31 115346.000 80248.000 0 0 0.000 0.000 0.000 0.141 0 1 0 0 0 0
 32 121910.000 87714.000 0 0 0.000 0.000 0.000 0.139 0 1 0 0 0 0
 33 76419.000 110199.000 0 0 0.000 0.000 0.000 0.130 0 1 0 0 0 0
 34 75647.000 109163.000 0 0 0.000 0.000 0.000 0.149 0 1 0 0 0 0
 35 115458.000 79360.000 0 0 0.000 0.000 0.000 0.141 0 1 0 0 0 0
 36 110429.000 124054.000 0 0 0.000 0.000 0.000 0.134 0 1 0 0 0 0
 37 97743.000 74281.000 0 0 0.000 0.000 0.000 0.148 0 1 0 0 0 0
 38 111148.000 76639.000 0 0 0.000 0.000 0.000 0.148 0 1 0 0 0 0
 39 117775.000 119482.000 0 0 0.000 0.000 0.000 0.137 0 1 0 0 0 0
 40 100534.000 126459.000 0 0 0.000 0.000 0.000 0.133 0 1 0 0 0 0
 41 111790.000 76800.000 0 0 0.000 0.000 0.000 0.150 0 1 0 0 0 0
 42 126577.000 101402.000 0 0 0.000 0.000 0.000 0.131 0 1 0 0 0 0
 43 79663.000 81964.000 0 0 0.000 0.000 0.000 0.137 0 1 0 0 0 0
 44 124819.000 111750.000 0 0 0.000 0.000 0.000 0.139 0 1 0 0 0 0
 45 72875.000 94383.000 0 0 0.000 0.000 0.000 0.131 0 1 0 0 0 0
 46 106051.000 72965.000 0 0 0.000 0.000 0.000 0.131 0 1 0 0 0 0
 47 110486.000 74320.000 0 0 0.000 0.000 0.000 0.132 0 1 0 0 0 0
 48 125814.000 89510.000 0 0 0.000 0.000 0.000 0.145 0 1 0 0 0 0
 49 72193.000 93704.000 0 0 0.000 0.000 0.000 0.150 0 1 0 0 0 0
 50 70488.000 94269.000 0 0 0.000 0.000 0.000 0.131 0 1 0 0 0 0
 51 76477.000 81311.000 0 0 0.000 0.000 0.000 0.131 0 1 0 0 0 0
 52 130660.000 100552.000 0 0 0.000 0.000 0.000 0.139 0 1 0 0 0 0
 53 110678.000 71313.000 0 0 0.000 0.000 0.000 0.138 0 1 0 0 0 0
 54 119905.000 76355.000 0 0 0.000 0.000 0.000 0.132 0 1 0 0 0 0
 55 81091.000 125577.000 0 0 0.000 0.000 0.000 0.137 0 1 0 0 0 0
 56 129723.000 89779.000 0 0 0.000 0.000 0.000 0.142 0 1 0 0 0 0
 57 69267.000 108651.000 0 0 0.000 0.000 0.000 0.139 0 1 0 0 0 0
 58 69855.000 89547.000 0 0 0.000 0.000 0.000 0.135 0 1 0 0 0 0
 59 67560.000 99964.000 0 0 0.000 0.000 0.000 0.167 0 1 0 0 0 0
 60 67612.000 96284.000 0 0 0.000 0.000 0.000 0.156 0 1 0 0 0 0
 61 77677.000 124154.000 0 0 0.000 0.000 0.000 0.140 0 1 0 0 0 0
 62 85888.000 70092.000 0 0 0.000 0.000 0.000 0.142 0 1 0 0 0 0
 63 73034.000 119908.000 0 0 0.000 0.000 0.000 0.132 0 1 0 0 0 0
 64 132861.000 94474.000 0 0 0.000 0.000 0.000 0.145 0 1 0 0 0 0
 65 71702.000 118715.000 0 0 0.000 0.000 0.000 0.133 0 1 0 0 0 0
 66 66570.000 94673.000 0 0 0.000 0.000 0.000 0.135 0 1 0 0 0 0
 67 130899.000 114466.000 0 0 0.000 0.000 0.000 0.135 0 1 0 0 0 0
 68 66623.000 93382.000 0 0 0.000 0.000 0.000 0.136 0 1 0 0 0 0
 69 89680.000 65385.000 0 0 0.000 0.000 0.000 0.134 0 1 0 0 0 0
 70 76744.000 128371.000 0 0 0.000 0.000 0.000 0.151 0 1 0 0 0 0
 71 63798.000 106856.000 0 0 0.000 0.000 0.000 0.143 0 1 0 0 0 0
 72 122197.000 129997.000 0 0 0.000 0.000 0.000 0.130 0 1 0 0 0 0
 73 63617.000 109526.000 0 0 0.000 0.000 0.000 0.141 0 1 0 0 0 0
 74 134584.000 117490.000 0 0 0.000 0.000 0.000 0.137 0 1 0 0 0 0
 75 74483.000 129533.000 0 0 0.000 0.000 0.000 0.133 0 1 0 0 0 0
 76 65742.000 119022.000 0 0 0.000 0.000 0.000 0.138 0 1 0 0 0 0
 77 106853.000 138807.000 0 0 0.000 0.000 0.000 0.156 0 1 0 0 0 0
 78 101085.000 60434.000 0 0 0.000 0.000 0.000 0.141 0 1 0 0 0 0
 79 123077.000 67806.000 0 0 0.000 0.000 0.000 0.137 0 1 0 0 0 0
 80 76791.000 132895.000 0 0 0.000 0.000 0.000 0.130 0 1 0 0 0 0
 81 70430.000 127318.000 0 0 0.000 0.000 0.000 0.130 0 1 0 0 0 0
 82 138566.000 87864.000 0 0 0.000 0.000 0.000 0.135 0 1 0 0 0 0
 83 122690.000 66148.000 0 0 0.000 0.000 0.000 0.131 0 1 0 0 0 0
 84 73308.000 131695.000 0 0 0.000 0.000 0.000 0.130 0 1 0 0 0 0
 85 60139.000 111504.000 0 0 0.000 0.000 0.000 0.131 0 1 0 0 0 0
 86 59845.000 87439.000 0 0 0.000 0.000 0.000 0.134 0 1 0 0 0 0
 87 61575.000 118167.000 0 0 0.000 0.000 0.000 0.130 0 1 0 0 0 0
 88 79464.000 138489.000 0 0 0.000 0.000 0.000 0.147 0 1 0 0 0 0
 89 84846.000 59528.000 0 0 0.000 0.000 0.000 0.130 0 1 0 0 0 0
 90 99028.000 143754.000 0 0 0.000 0.000 0.000 0.138 0 1 0 0 0 0
 91 69208.000 131168.000 0 0 0.000 0.000 0.000 0.130 0 1 0 0 0 0
 92 105002.000 144429.000 0 0 0.000 0.000 0.000 0.150 0 1 0 0 0 0
 93 134031.000 70710.000 0 0 0.000 0.000 0.000 0.142 0 1 0 0 0 0
 94 63292.000 72027.000 0 0 0.000 0.000 0.000 0.138 0 1 0 0 0 0
 95 105511.000 53957.000 0 0 0.000 0.000 0.000 0.218 0 1 0 0 0 0
 96 105608.000 53898.000 0 0 0.000 0.000 0.000 0.243 0 1 0 0 0 0
 97 111704.000 55020.000 0 0 0.000 0.000 0.000 0.130 0 1 0 0 0 0
 98 58813.000 122631.000 0 0 0.000 0.000 0.000 0.140 0 1 0 0 0 0
 99 66954.000 133549.000 0 0 0.000 0.000 0.000 0.132 0 1 0 0 0 0
 100 105242.000 53062.000 0 0 0.000 0.000 0.000 200000.000 0 1 0 200 0 0
 101 144054.000 82803.000 0 0 0.000 0.000 0.000 0.144 0 1 0 0 0 0
 102 105302.000 53221.000 0 0 0.000 0.000 0.000 200000.000 0 1 0 200 0 0
 103 145063.000 116419.000 0 0 0.000 0.000 0.000 0.146 0 1 0 0 0 0
 104 75613.000 141674.000 0 0 0.000 0.000 0.000 0.147 0 1 0 0 0 0
 105 99817.000 51995.000 0 0 0.000 0.000 0.000 0.140 0 1 0 0 0 0
 106 69381.000 62766.000 0 0 0.000 0.000 0.000 0.140 0 1 0 0 0 0
 107 90660.000 52786.000 0 0 0.000 0.000 0.000 0.140 0 1 0 0 0 0
 108 80416.000 145196.000 0 0 0.000 0.000 0.000 0.130 0 1 0 0 0 0
 109 72236.000 140700.000 0 0 0.000 0.000 0.000 0.141 0 1 0 0 0 0
 110 60678.000 70664.000 0 0 0.000 0.000 0.000 0.157 0 1 0 0 0 0
 111 128407.000 140761.000 0 0 0.000 0.000 0.000 0.148 0 1 0 0 0 0
 112 72213.000 58303.000 0 0 0.000 0.000 0.000 0.151 0 1 0 0 0 0
 113 145935.000 120503.000 0 0 0.000 0.000 0.000 0.131 0 1 0 0 0 0
 114 53566.000 80346.000 0 0 0.000 0.000 0.000 0.142 0 1 0 0 0 0
 115 57765.000 128159.000 0 0 0.000 0.000 0.000 0.133 0 1 0 0 0 0
 116 64261.000 64452.000 0 0 0.000 0.000 0.000 0.137 0 1 0 0 0 0
 117 97861.000 151831.000 0 0 0.000 0.000 0.000 0.142 0 1 0 0 0 0
 118 48630.000 93534.000 0 0 0.000 0.000 0.000 0.131 0 1 0 0 0 0
 119 143122.000 129265.000 0 0 0.000 0.000 0.000 0.130 0 1 0 0 0 0
 120 49557.000 113847.000 0 0 0.000 0.000 0.000 0.133 0 1 0 0 0 0
 121 151236.000 89531.000 0 0 0.000 0.000 0.000 0.133 0 1 0 0 0 0
 122 139141.000 135032.000 0 0 0.000 0.000 0.000 0.136 0 1 0 0 0 0
 123 66015.000 60215.000 0 0 0.000 0.000 0.000 0.130 0 1 0 0 0 0
 124 147041.000 123539.000 0 0 0.000 0.000 0.000 0.137 0 1 0 0 0 0
 125 49583.000 116004.000 0 0 0.000 0.000 0.000 0.204 0 1 0 0 0 0
 126 47800.000 90434.000 0 0 0.000 0.000 0.000 0.150 0 1 0 0 0 0
 127 152978.000 93811.000 0 0 0.000 0.000 0.000 0.134 0 1 0 0 0 0
 128 130408.000 56233.000 0 0 0.000 0.000 0.000 0.146 0 1 0 0 0 0
 129 153388.000 93287.000 0 0 0.000 0.000 0.000 0.142 0 1 0 0 0 0
 130 61033.000 137612.000 0 0 0.000 0.000 0.000 0.143 0 1 0 0 0 0
 131 100697.000 46199.000 0 0 0.000 0.000 0.000 0.132 0 1 0 0 0 0
 132 124889.000 148222.000 0 0 0.000 0.000 0.000 0.135 0 1 0 0 0 0
 133 96426.000 45469.000 0 0 0.000 0.000 0.000 0.134 0 1 0 0 0 0
 134 62747.000 140975.000 0 0 0.000 0.000 0.000 0.133 0 1 0 0 0 0
 135 47094.000 116333.000 0 0 0.000 0.000 0.000 0.141 0 1 0 0 0 0
 136 56706.000 65825.000 0 0 0.000 0.000 0.000 0.131 0 1 0 0 0 0
 137 67607.000 53621.000 0 0 0.000 0.000 0.000 0.151 0 1 0 0 0 0
 138 156310.000 107584.000 0 0 0.000 0.000 0.000 0.131 0 1 0 0 0 0
 139 157148.000 96720.000 0 0 0.000 0.000 0.000 0.133 0 1 0 0 0 0
 140 153291.000 78919.000 0 0 0.000 0.000 0.000 0.132 0 1 0 0 0 0
 141 84556.000 44765.000 0 0 0.000 0.000 0.000 0.137 0 1 0 0 0 0
 142 87712.000 43438.000 0 0 0.000 0.000 0.000 0.137 0 1 0 0 0 0
 143 41768.000 99790.000 0 0 0.000 0.000 0.000 0.133 0 1 0 0 0 0
 144 133219.000 52151.000 0 0 0.000 0.000 0.000 0.141 0 1 0 0 0 0
 145 41083.000 103031.000 0 0 0.000 0.000 0.000 0.135 0 1 0 0 0 0
 146 101667.000 159328.000 0 0 0.000 0.000 0.000 0.135 0 1 0 0 0 0
 147 54245.000 62622.000 0 0 0.000 0.000 0.000 0.135 0 1 0 0 0 0
 148 77641.000 155460.000 0 0 0.000 0.000 0.000 0.142 0 1 0 0 0 0
 149 102462.000 159821.000 0 0 0.000 0.000 0.000 0.131 0 1 0 0 0 0
 150 85670.000 158744.000 0 0 0.000 0.000 0.000 0.134 0 1 0 0 0 0
 151 41659.000 84059.000 0 0 0.000 0.000 0.000 0.139 0 1 0 0 0 0
 152 97975.000 161170.000 0 0 0.000 0.000 0.000 0.139 0 1 0 0 0 0
 153 39207.000 93897.000 0 0 0.000 0.000 0.000 0.133 0 1 0 0 0 0
 154 98070.000 38743.000 0 0 0.000 0.000 0.000 0.133 0 1 0 0 0 0
 155 105362.000 38794.000 0 0 0.000 0.000 0.000 0.218 0 1 0 0 0 0
 156 157218.000 124801.000 0 0 0.000 0.000 0.000 0.153 0 1 0 0 0 0
 157 59966.000 149289.000 0 0 0.000 0.000 0.000 0.131 0 1 0 0 0 0
 158 125867.000 158703.000 0 0 0.000 0.000 0.000 0.133 0 1 0 0 0 0
 159 66633.000 155106.000 0 0 0.000 0.000 0.000 0.138 0 1 0 0 0 0
 160 126660.000 41830.000 0 0 0.000 0.000 0.000 0.131 0 1 0 0 0 0
 161 163191.000 87291.000 0 0 0.000 0.000 0.000 0.133 0 1 0 0 0 0
 162 105434.000 165467.000 0 0 0.000 0.000 0.000 0.179 0 1 0 0 0 0
 163 81901.000 163673.000 0 0 0.000 0.000 0.000 0.145 0 1 0 0 0 0
 164 129645.000 162127.000 0 0 0.000 0.000 0.000 0.142 0 1 0 0 0 0
 165 78313.000 165675.000 0 0 0.000 0.000 0.000 0.142 0 1 0 0 0 0
 166 25707.000 108276.000 0 0 0.000 0.000 0.000 0.130 0 1 0 0 0 0
 167 118692.000 26200.000 0 0 0.000 0.000 0.000 0.139 0 1 0 0 0 0
 168 32180.000 64371.000 0 0 0.000 0.000 0.000 0.133 0 1 0 0 0 0
 169 130940.000 25748.000 0 0 0.000 0.000 0.000 0.130 0 1 0 0 0 0
 170 66586.000 174405.000 0 0 0.000 0.000 0.000 0.180 0 1 0 0 0 0
 171 147789.000 33348.000 0 0 48.000 54.000 2592.000 50.911 0 1 1 200 0 0
 172 147596.000 33334.000 0 0 48.000 54.000 2592.000 50.911 0 1 1 200 0 0
 173 148081.000 33367.000 0 0 48.000 56.000 2688.000 51.845 0 1 1 200 0 0
 174 148111.000 32911.000 0 0 48.000 54.000 2592.000 50.911 0 1 1 200 0 0
 175 148079.000 32332.000 0 0 48.000 54.000 2592.000 50.911 0 1 1 200 0 0
 176 147906.000 32107.000 0 0 48.000 54.000 2592.000 50.911 0 1 1 200 0 0
 177 148798.000 32632.000 0 0 48.000 56.000 2688.000 51.845 0 1 1 200 0 0
 178 149143.000 30307.000 0 0 0.000 0.000 0.000 0.480 0 1 0 0 0 0
 179 162553.000 41497.000 0 0 0.000 0.000 0.000 0.159 0 1 0 0 0 0
 180 149665.000 29715.000 0 0 0.000 0.000 0.000 0.171 0 1 0 0 0 0
 181 187697.000 94666.000 0 0 0.000 0.000 0.000 0.137 0 1 0 0 0 0
 182 188416.000 95751.000 0 0 0.000 0.000 0.000 0.133 0 1 0 0 0 0
 183 112383.000 10808.000 0 0 0.000 0.000 0.000 0.337 0 1 0 0 0 0
 184 30083.000 41822.000 0 0 54.000 50.000 2700.000 51.961 0 1 2 200 0 0
 185 30533.000 41024.000 0 0 54.000 52.000 2808.000 52.990 0 1 2 200 0 0
 186 30035.000 41428.000 0 0 54.000 52.000 2808.000 52.990 0 1 2 200 0 0
 187 29295.000 41817.000 0 0 54.000 50.000 2700.000 51.961 0 1 2 200 0 0
 188 30289.000 40487.000 0 0 54.000 52.000 2808.000 52.990 0 1 2 200 0 0
 189 29550.000 41399.000 0 0 54.000 50.000 2700.000 51.961 0 1 2 200 0 0
 190 29405.000 41444.000 0 0 54.000 50.000 2700.000 51.961 0 1 2 200 0 0
 191 30002.000 40670.000 0 0 54.000 52.000 2808.000 52.990 0 1 2 200 0 0
 192 28666.000 41749.000 0 0 54.000 50.000 2700.000 51.961 0 1 2 200 0 0
 193 28877.000 41040.000 0 0 54.000 50.000 2700.000 51.961 0 1 2 200 0 0
 194 29159.000 41073.000 0 0 54.000 50.000 2700.000 51.961 0 1 2 200 0 0
 195 29511.000 40543.000 0 0 54.000 52.000 2808.000 52.990 0 1 2 200 0 0
 196 29660.000 40477.000 0 0 54.000 52.000 2808.000 52.990 0 1 2 200 0 0
 197 28585.000 41303.000 0 0 54.000 50.000 2700.000 51.961 0 1 2 200 0 0
 198 28839.000 41192.000 0 0 54.000 50.000 2700.000 51.961 0 1 2 200 0 0
 199 29948.000 39679.000 0 0 52.000 52.000 2704.000 52.000 0 1 2 200 0 0
 200 29181.000 40693.000 0 0 54.000 52.000 2808.000 52.990 0 1 2 200 0 0
 201 30008.000 39638.000 0 0 52.000 52.000 2704.000 52.000 0 1 2 200 0 0
 202 28309.000 41393.000 0 0 54.000 50.000 2700.000 51.961 0 1 2 200 0 0
 203 28236.000 41184.000 0 0 54.000 50.000 2700.000 51.961 0 1 2 200 0 0
 204 27780.000 41357.000 0 0 54.000 50.000 2700.000 51.961 0 1 2 200 0 0
 205 27895.000 41376.000 0 0 54.000 50.000 2700.000 51.961 0 1 2 200 0 0
 206 27457.000 41630.000 0 0 54.000 50.000 2700.000 51.961 0 1 2 200 0 0
 207 28459.000 40388.000 0 0 54.000 52.000 2808.000 52.990 0 1 2 200 0 0
 208 27591.000 41509.000 0 0 54.000 50.000 2700.000 51.961 0 1 2 200 0 0
 209 28768.000 40216.000 0 0 54.000 52.000 2808.000 52.990 0 1 2 200 0 0
 210 27649.000 41429.000 0 0 54.000 50.000 2700.000 51.961 0 1 2 200 0 0
 211 29615.000 38965.000 0 0 52.000 52.000 2704.000 52.000 0 1 2 200 0 0
 212 29743.000 38858.000 0 0 52.000 52.000 2704.000 52.000 0 1 2 200 0 0
 213 28093.000 40543.000 0 0 54.000 50.000 2700.000 51.961 0 1 2 200 0 0
 214 26902.000 41740.000 0 0 54.000 50.000 2700.000 51.961 0 1 2 200 0 0
 215 26992.000 41722.000 0 0 54.000 50.000 2700.000 51.961 0 1 2 200 0 0
 216 27639.000 40756.000 0 0 54.000 50.000 2700.000 51.961 0 1 2 200 0 0
 217 27450.000 40845.000 0 0 54.000 50.000 2700.000 51.961 0 1 2 200 0 0
 218 26449.000 41771.000 0 0 54.000 50.000 2700.000 51.961 0 1 2 200 0 0
 219 26550.000 41753.000 0 0 54.000 50.000 2700.000 51.961 0 1 2 200 0 0
 220 26896.000 41147.000 0 0 54.000 50.000 2700.000 51.961 0 1 2 200 0 0
 221 27189.000 40957.000 0 0 54.000 50.000 2700.000 51.961 0 1 2 200 0 0
 222 27720.000 40158.000 0 0 54.000 50.000 2700.000 51.961 0 1 2 200 0 0
 223 26231.000 41787.000 0 0 54.000 50.000 2700.000 51.961 0 1 2 200 0 0
 224 26575.000 41231.000 0 0 54.000 50.000 2700.000 51.961 0 1 2 200 0 0
 225 26670.000 41162.000 0 0 54.000 50.000 2700.000 51.961 0 1 2 200 0 0
 226 28888.000 38601.000 0 0 52.000 52.000 2704.000 52.000 0 1 2 200 0 0
 227 27387.000 40315.000 0 0 54.000 50.000 2700.000 51.961 0 1 2 200 0 0
 228 29086.000 38480.000 0 0 52.000 52.000 2704.000 52.000 0 1 2 200 0 0
 229 27565.000 40281.000 0 0 54.000 50.000 2700.000 51.961 0 1 2 200 0 0
 230 28090.000 39427.000 0 0 54.000 52.000 2808.000 52.990 0 1 2 200 0 0
 231 28629.000 38890.000 0 0 52.000 52.000 2704.000 52.000 0 1 2 200 0 0
 232 28700.000 38677.000 0 0 52.000 52.000 2704.000 52.000 0 1 2 200 0 0
 233 28968.000 38557.000 0 0 52.000 52.000 2704.000 52.000 0 1 2 200 0 0
 234 29580.000 37605.000 0 0 52.000 50.000 2600.000 50.990 0 1 2 200 0 0
 235 25955.000 41787.000 0 0 54.000 50.000 2700.000 51.961 0 1 2 200 0 0
 236 27649.000 39634.000 0 0 54.000 52.000 2808.000 52.990 0 1 2 200 0 0
 237 27828.000 39542.000 0 0 54.000 52.000 2808.000 52.990 0 1 2 200 0 0
 238 27937.000 39475.000 0 0 54.000 52.000 2808.000 52.990 0 1 2 200 0 0
 239 29085.000 37975.000 0 0 52.000 52.000 2704.000 52.000 0 1 2 200 0 0
 240 29851.000 37266.000 0 0 52.000 50.000 2600.000 50.990 0 1 2 200 0 0
 241 29908.000 37239.000 0 0 54.000 50.000 2700.000 51.961 0 1 2 200 0 0
 242 25856.000 41825.000 0 0 54.000 50.000 2700.000 51.961 0 1 2 200 0 0
 243 29399.000 37656.000 0 0 52.000 50.000 2600.000 50.990 0 1 2 200 0 0
 244 25520.000 41843.000 0 0 54.000 50.000 2700.000 51.961 0 1 2 200 0 0
 245 26380.000 40765.000 0 0 54.000 50.000 2700.000 51.961 0 1 2 200 0 0
 246 26878.000 40288.000 0 0 54.000 50.000 2700.000 51.961 0 1 2 200 0 0
 247 26894.000 40019.000 0 0 54.000 50.000 2700.000 51.961 0 1 2 200 0 0
 248 27011.000 39934.000 0 0 54.000 50.000 2700.000 51.961 0 1 2 200 0 0
 249 28200.000 38586.000 0 0 53.000 52.000 2756.000 52.497 0 1 2 200 0 0
 250 28557.000 38074.000 0 0 52.000 52.000 2704.000 52.000 0 1 2 200 0 0
 251 29310.000 37420.000 0 0 52.000 50.000 2600.000 50.990 0 1 2 200 0 0
 252 27941.000 38742.000 0 0 54.000 52.000 2808.000 52.990 0 1 2 200 0 0
 253 28320.000 38169.000 0 0 52.000 52.000 2704.000 52.000 0 1 2 200 0 0
 254 28433.000 38129.000 0 0 52.000 52.000 2704.000 52.000 0 1 2 200 0 0
 255 29540.000 36619.000 0 0 54.000 50.000 2700.000 51.961 0 1 2 200 0 0
 256 29615.000 36504.000 0 0 54.000 50.000 2700.000 51.961 0 1 2 200 0 0
 257 29681.000 36267.000 0 0 54.000 50.000 2700.000 51.961 0 1 2 200 0 0
 258 28940.000 37072.000 0 0 52.000 50.000 2600.000 50.990 0 1 2 200 0 0
 259 30637.000 41165.000 0 0 45.126 53.200 2400.754 48.997 0 1 2 200 0 0
 260 30407.000 41175.000 0 0 248.146 293.570 72848.466 269.904 0 1 2 200 0 0
 261 30223.000 40865.000 0 0 48.190 56.862 2740.213 52.347 0 1 2 200 0 0
 262 30336.000 40732.000 0 0 19.881 23.369 464.624 21.555 0 1 2 200 0 0
 263 30477.000 40567.000 0 0 245.013 286.610 70223.405 264.996 0 1 2 200 0 0
 264 30033.000 40826.000 0 0 360.257 425.964 153456.787 391.735 0 1 2 200 0 0
 265 30257.000 40565.000 0 0 42.738 50.150 2143.359 46.296 0 1 2 200 0 0
 266 30287.000 40529.000 0 0 8.550 10.022 85.692 9.256 0 1 2 200 0 0
 267 29634.000 41035.000 0 0 121.548 145.051 17630.800 132.781 0 1 2 200 0 0
 268 29719.000 40934.000 0 0 42.472 50.537 2146.469 46.329 0 1 2 200 0 0
 269 29779.000 40601.000 0 0 125.290 148.117 18557.817 136.227 0 1 2 200 0 0
 270 30024.000 39791.000 0 0 126.999 147.600 18745.137 136.912 0 1 2 200 0 0
 271 28696.000 40566.000 0 0 59.827 71.775 4294.129 65.529 0 1 2 200 0 0
 272 28871.000 40359.000 0 0 277.328 330.745 91725.152 302.861 0 1 2 200 0 0
 273 28468.000 40573.000 0 0 259.244 312.051 80897.475 284.424 0 1 2 200 0 0
 274 28649.000 40356.000 0 0 97.209 116.290 11304.577 106.322 0 1 2 200 0 0
 275 28236.000 40586.000 0 0 125.322 151.373 18970.378 137.732 0 1 2 200 0 0
 276 28325.000 40480.000 0 0 39.947 48.104 1921.656 43.836 0 1 2 200 0 0
 277 27319.000 41167.000 0 0 11.277 13.932 157.123 12.534 0 1 2 200 0 0
 278 27144.000 41114.000 0 0 132.675 164.149 21778.684 147.576 0 1 2 200 0 0
 279 29278.000 37547.000 0 0 122.754 139.005 17063.619 130.627 0 1 2 200 0 0
 280 29851.000 36906.000 0 0 18.141 20.170 365.926 19.129 0 1 2 200 0 0
 281 29648.000 36877.000 0 0 303.073 337.779 102372.180 319.956 0 1 2 200 0 0
 282 29351.000 36955.000 0 0 637.693 714.604 455698.416 675.054 0 1 2 200 0 0
 283 28792.000 37326.000 0 0 135.201 153.612 20768.741 144.113 0 1 2 200 0 0
 284 28966.000 37128.000 0 0 9.038 10.212 92.309 9.607 0 1 2 200 0 0
 285 28983.000 37110.000 0 0 12.055 13.613 164.115 12.810 0 1 2 200 0 0
 286 29043.000 37045.000 0 0 87.522 98.646 8633.783 92.918 0 1 2 200 0 0
 287 29128.000 36947.000 0 0 42.318 47.565 2012.898 44.865 0 1 2 200 0 0
 288 29243.000 36818.000 0 0 24.222 27.126 657.082 25.633 0 1 2 200 0 0
 289 29268.000 36791.000 0 0 12.116 13.558 164.285 12.817 0 1 2 200 0 0
 290 29318.000 36736.000 0 0 9.095 10.161 92.425 9.613 0 1 2 200 0 0
 291 29469.000 36568.000 0 0 12.159 13.520 164.395 12.821 0 1 2 200 0 0;
ProcessEquipmentIDList 1
  "6632" ;
SummarySpec 5
  TESTNO    NDEFECT    DEFDENSITY    NDIE    NDEFDIE  ;
SummaryList 
  1    291    1.064    1    1  ;
EndOfFile;
