FileVersion 1 2;
FileTimestamp 01-11-26 11:40:14;
InspectionStationID "KLA-Tencor" "SFSSP1" "0901-0728-TBI";
SampleType WAFER;
ResultTimestamp 01-11-26 11:29:31;
LotID "2580";
SampleSize 1 200;
DeviceID "None";
SetupID "T2-2580NR" 01-11-26 11:29:31;
StepID "6492";
SampleOrientationMarkType NOTCH;
OrientationMarkLocation DOWN;
DiePitch 200000 200000;
DieOrigin 0 0;
WaferID "18";
Slot 18;
SampleCenterLocation 100000 100000;
ClassLookup 1
  0 "0"  ;
OrientationInstructions "Front";
CoordinatesMirrored No;
InspectionTest 1;
SampleTestPlan 1
  0 0 ;
AreaPerTest 2.73517e+010;
DefectRecordSpec 15 DEFECTID XREL YREL XINDEX YINDEX XSIZE YSIZE DEFECTAREA DSIZE CLASSNUMBER TEST CLUSTERNUMBER ROUGHBINNUMBER FINEBINNUMBER REVIEWSAMPLE ;
DefectList
 1 96329.000 99883.000 0 0 0.000 0.000 0.000 0.132 0 1 0 0 0 0
 2 99243.000 104713.000 0 0 0.000 0.000 0.000 0.139 0 1 0 0 0 0
 3 95677.000 104136.000 0 0 0.000 0.000 0.000 0.140 0 1 0 0 0 0
 4 106364.000 97864.000 0 0 0.000 0.000 0.000 0.136 0 1 0 0 0 0
 5 106239.000 104424.000 0 0 0.000 0.000 0.000 0.150 0 1 0 0 0 0
 6 94921.000 106378.000 0 0 0.000 0.000 0.000 0.135 0 1 0 0 0 0
 7 91395.000 95162.000 0 0 0.000 0.000 0.000 0.136 0 1 0 0 0 0
 8 97222.000 110520.000 0 0 0.000 0.000 0.000 0.141 0 1 0 0 0 0
 9 94264.000 89872.000 0 0 0.000 0.000 0.000 0.136 0 1 0 0 0 0
 10 88786.000 104379.000 0 0 0.000 0.000 0.000 0.132 0 1 0 0 0 0
 11 108131.000 91462.000 0 0 0.000 0.000 0.000 0.140 0 1 0 0 0 0
 12 93405.000 110567.000 0 0 0.000 0.000 0.000 0.135 0 1 0 0 0 0
 13 99002.000 87688.000 0 0 0.000 0.000 0.000 0.135 0 1 0 0 0 0
 14 106690.000 89482.000 0 0 0.000 0.000 0.000 0.133 0 1 0 0 0 0
 15 106986.000 111359.000 0 0 0.000 0.000 0.000 0.139 0 1 0 0 0 0
 16 102578.000 87131.000 0 0 0.000 0.000 0.000 0.130 0 1 0 0 0 0
 17 113993.000 101811.000 0 0 0.000 0.000 0.000 0.178 0 1 0 0 0 0
 18 87564.000 109062.000 0 0 0.000 0.000 0.000 0.146 0 1 0 0 0 0
 19 105309.000 85929.000 0 0 0.000 0.000 0.000 0.142 0 1 0 0 0 0
 20 114350.000 105530.000 0 0 0.000 0.000 0.000 0.165 0 1 0 0 0 0
 21 99674.000 84833.000 0 0 0.000 0.000 0.000 0.155 0 1 0 0 0 0
 22 84110.000 99441.000 0 0 0.000 0.000 0.000 0.153 0 1 0 0 0 0
 23 110692.000 88180.000 0 0 0.000 0.000 0.000 0.144 0 1 0 0 0 0
 24 94835.000 115973.000 0 0 0.000 0.000 0.000 0.143 0 1 0 0 0 0
 25 92127.000 85638.000 0 0 0.000 0.000 0.000 0.142 0 1 0 0 0 0
 26 82939.000 98864.000 0 0 0.000 0.000 0.000 0.149 0 1 0 0 0 0
 27 96491.000 117110.000 0 0 0.000 0.000 0.000 0.141 0 1 0 0 0 0
 28 83983.000 91199.000 0 0 0.000 0.000 0.000 0.136 0 1 0 0 0 0
 29 95195.000 117987.000 0 0 0.000 0.000 0.000 0.131 0 1 0 0 0 0
 30 93852.000 82625.000 0 0 0.000 0.000 0.000 0.148 0 1 0 0 0 0
 31 115199.000 111050.000 0 0 0.000 0.000 0.000 0.151 0 1 0 0 0 0
 32 96713.000 81210.000 0 0 0.000 0.000 0.000 0.152 0 1 0 0 0 0
 33 81098.000 106546.000 0 0 0.000 0.000 0.000 0.135 0 1 0 0 0 0
 34 103381.000 80790.000 0 0 0.000 0.000 0.000 0.130 0 1 0 0 0 0
 35 82670.000 110651.000 0 0 0.000 0.000 0.000 0.130 0 1 0 0 0 0
 36 95599.000 120196.000 0 0 0.000 0.000 0.000 0.147 0 1 0 0 0 0
 37 106257.000 119848.000 0 0 0.000 0.000 0.000 0.139 0 1 0 0 0 0
 38 86503.000 84600.000 0 0 0.000 0.000 0.000 0.145 0 1 0 0 0 0
 39 113373.000 84556.000 0 0 0.000 0.000 0.000 0.141 0 1 0 0 0 0
 40 97164.000 120978.000 0 0 0.000 0.000 0.000 0.133 0 1 0 0 0 0
 41 78664.000 102058.000 0 0 0.000 0.000 0.000 0.151 0 1 0 0 0 0
 42 117194.000 113136.000 0 0 0.000 0.000 0.000 0.138 0 1 0 0 0 0
 43 82919.000 113602.000 0 0 0.000 0.000 0.000 0.130 0 1 0 0 0 0
 44 119746.000 91103.000 0 0 0.000 0.000 0.000 0.153 0 1 0 0 0 0
 45 109989.000 119819.000 0 0 0.000 0.000 0.000 0.139 0 1 0 0 0 0
 46 100456.000 122278.000 0 0 0.000 0.000 0.000 0.131 0 1 0 0 0 0
 47 78748.000 94517.000 0 0 0.000 0.000 0.000 0.135 0 1 0 0 0 0
 48 83338.000 85047.000 0 0 0.000 0.000 0.000 0.160 0 1 0 0 0 0
 49 119910.000 89575.000 0 0 0.000 0.000 0.000 0.135 0 1 0 0 0 0
 50 108925.000 121135.000 0 0 0.000 0.000 0.000 0.138 0 1 0 0 0 0
 51 112397.000 81236.000 0 0 0.000 0.000 0.000 0.141 0 1 0 0 0 0
 52 86771.000 119561.000 0 0 0.000 0.000 0.000 0.133 0 1 0 0 0 0
 53 114711.000 81940.000 0 0 0.000 0.000 0.000 0.148 0 1 0 0 0 0
 54 77532.000 92452.000 0 0 0.000 0.000 0.000 0.137 0 1 0 0 0 0
 55 76867.000 92826.000 0 0 0.000 0.000 0.000 0.141 0 1 0 0 0 0
 56 75655.000 101352.000 0 0 0.000 0.000 0.000 0.165 0 1 0 0 0 0
 57 116861.000 82027.000 0 0 0.000 0.000 0.000 0.154 0 1 0 0 0 0
 58 75176.000 95071.000 0 0 0.000 0.000 0.000 0.138 0 1 0 0 0 0
 59 83229.000 81237.000 0 0 0.000 0.000 0.000 0.141 0 1 0 0 0 0
 60 102632.000 74897.000 0 0 0.000 0.000 0.000 0.139 0 1 0 0 0 0
 61 98813.000 125782.000 0 0 0.000 0.000 0.000 0.130 0 1 0 0 0 0
 62 115918.000 120311.000 0 0 0.000 0.000 0.000 0.134 0 1 0 0 0 0
 63 97360.000 126024.000 0 0 0.000 0.000 0.000 0.157 0 1 0 0 0 0
 64 85417.000 78487.000 0 0 0.000 0.000 0.000 0.150 0 1 0 0 0 0
 65 77277.000 86838.000 0 0 0.000 0.000 0.000 0.135 0 1 0 0 0 0
 66 76954.000 87088.000 0 0 0.000 0.000 0.000 0.156 0 1 0 0 0 0
 67 99973.000 73850.000 0 0 0.000 0.000 0.000 0.131 0 1 0 0 0 0
 68 81607.000 80217.000 0 0 0.000 0.000 0.000 0.152 0 1 0 0 0 0
 69 91991.000 126345.000 0 0 0.000 0.000 0.000 0.153 0 1 0 0 0 0
 70 120863.000 117846.000 0 0 0.000 0.000 0.000 0.134 0 1 0 0 0 0
 71 74250.000 109704.000 0 0 0.000 0.000 0.000 0.147 0 1 0 0 0 0
 72 73895.000 91359.000 0 0 0.000 0.000 0.000 0.150 0 1 0 0 0 0
 73 112043.000 125176.000 0 0 0.000 0.000 0.000 0.136 0 1 0 0 0 0
 74 115260.000 76349.000 0 0 0.000 0.000 0.000 0.146 0 1 0 0 0 0
 75 121464.000 119738.000 0 0 0.000 0.000 0.000 0.134 0 1 0 0 0 0
 76 86173.000 125881.000 0 0 0.000 0.000 0.000 0.133 0 1 0 0 0 0
 77 77184.000 118710.000 0 0 0.000 0.000 0.000 0.145 0 1 0 0 0 0
 78 79440.000 79076.000 0 0 0.000 0.000 0.000 0.131 0 1 0 0 0 0
 79 106342.000 129112.000 0 0 0.000 0.000 0.000 0.149 0 1 0 0 0 0
 80 84084.000 125285.000 0 0 0.000 0.000 0.000 0.132 0 1 0 0 0 0
 81 83768.000 125030.000 0 0 0.000 0.000 0.000 0.140 0 1 0 0 0 0
 82 122311.000 119915.000 0 0 0.000 0.000 0.000 0.142 0 1 0 0 0 0
 83 73058.000 87185.000 0 0 0.000 0.000 0.000 0.130 0 1 0 0 0 0
 84 101930.000 130344.000 0 0 0.000 0.000 0.000 0.133 0 1 0 0 0 0
 85 80481.000 123751.000 0 0 0.000 0.000 0.000 0.139 0 1 0 0 0 0
 86 124047.000 81332.000 0 0 0.000 0.000 0.000 0.138 0 1 0 0 0 0
 87 69351.000 103234.000 0 0 0.000 0.000 0.000 0.141 0 1 0 0 0 0
 88 74412.000 83242.000 0 0 0.000 0.000 0.000 0.136 0 1 0 0 0 0
 89 117500.000 125556.000 0 0 0.000 0.000 0.000 0.132 0 1 0 0 0 0
 90 86676.000 128484.000 0 0 0.000 0.000 0.000 0.171 0 1 0 0 0 0
 91 93152.000 69617.000 0 0 0.000 0.000 0.000 0.132 0 1 0 0 0 0
 92 107325.000 131059.000 0 0 0.000 0.000 0.000 0.148 0 1 0 0 0 0
 93 79692.000 124622.000 0 0 0.000 0.000 0.000 0.130 0 1 0 0 0 0
 94 126157.000 82307.000 0 0 0.000 0.000 0.000 0.136 0 1 0 0 0 0
 95 109340.000 130593.000 0 0 0.000 0.000 0.000 0.142 0 1 0 0 0 0
 96 124550.000 120861.000 0 0 0.000 0.000 0.000 0.138 0 1 0 0 0 0
 97 117987.000 126875.000 0 0 0.000 0.000 0.000 0.130 0 1 0 0 0 0
 98 87650.000 129923.000 0 0 0.000 0.000 0.000 0.164 0 1 0 0 0 0
 99 107144.000 131903.000 0 0 0.000 0.000 0.000 0.137 0 1 0 0 0 0
 100 129562.000 86122.000 0 0 0.000 0.000 0.000 0.133 0 1 0 0 0 0
 101 132632.000 103928.000 0 0 0.000 0.000 0.000 0.132 0 1 0 0 0 0
 102 83509.000 71767.000 0 0 0.000 0.000 0.000 0.132 0 1 0 0 0 0
 103 97629.000 67180.000 0 0 0.000 0.000 0.000 0.139 0 1 0 0 0 0
 104 96760.000 67063.000 0 0 0.000 0.000 0.000 0.134 0 1 0 0 0 0
 105 127968.000 82118.000 0 0 0.000 0.000 0.000 0.137 0 1 0 0 0 0
 106 131537.000 111529.000 0 0 0.000 0.000 0.000 0.135 0 1 0 0 0 0
 107 107901.000 132739.000 0 0 0.000 0.000 0.000 0.152 0 1 0 0 0 0
 108 109474.000 132790.000 0 0 0.000 0.000 0.000 0.149 0 1 0 0 0 0
 109 100052.000 134171.000 0 0 0.000 0.000 0.000 0.135 0 1 0 0 0 0
 110 66014.000 101294.000 0 0 0.000 0.000 0.000 0.166 0 1 0 0 0 0
 111 104351.000 66361.000 0 0 0.000 0.000 0.000 0.151 0 1 0 0 0 0
 112 88648.000 132492.000 0 0 0.000 0.000 0.000 0.131 0 1 0 0 0 0
 113 131172.000 85943.000 0 0 0.000 0.000 0.000 0.133 0 1 0 0 0 0
 114 110603.000 67414.000 0 0 0.000 0.000 0.000 0.134 0 1 0 0 0 0
 115 128708.000 81321.000 0 0 0.000 0.000 0.000 0.150 0 1 0 0 0 0
 116 125569.000 123975.000 0 0 0.000 0.000 0.000 0.147 0 1 0 0 0 0
 117 97931.000 135156.000 0 0 0.000 0.000 0.000 0.151 0 1 0 0 0 0
 118 76324.000 74398.000 0 0 0.000 0.000 0.000 0.160 0 1 0 0 0 0
 119 122756.000 127032.000 0 0 0.000 0.000 0.000 0.131 0 1 0 0 0 0
 120 67156.000 113761.000 0 0 0.000 0.000 0.000 0.132 0 1 0 0 0 0
 121 133272.000 112743.000 0 0 0.000 0.000 0.000 0.156 0 1 0 0 0 0
 122 69738.000 80405.000 0 0 0.000 0.000 0.000 0.137 0 1 0 0 0 0
 123 65831.000 113122.000 0 0 0.000 0.000 0.000 0.133 0 1 0 0 0 0
 124 67891.000 83038.000 0 0 0.000 0.000 0.000 0.171 0 1 0 0 0 0
 125 118705.000 68136.000 0 0 0.000 0.000 0.000 0.160 0 1 0 0 0 0
 126 100947.000 137611.000 0 0 0.000 0.000 0.000 0.136 0 1 0 0 0 0
 127 78586.000 131050.000 0 0 0.000 0.000 0.000 0.147 0 1 0 0 0 0
 128 93920.000 137579.000 0 0 0.000 0.000 0.000 0.140 0 1 0 0 0 0
 129 67513.000 80966.000 0 0 0.000 0.000 0.000 0.162 0 1 0 0 0 0
 130 131511.000 78542.000 0 0 0.000 0.000 0.000 0.137 0 1 0 0 0 0
 131 72248.000 126966.000 0 0 0.000 0.000 0.000 0.130 0 1 0 0 0 0
 132 106242.000 62199.000 0 0 0.000 0.000 0.000 0.146 0 1 0 0 0 0
 133 73488.000 128353.000 0 0 0.000 0.000 0.000 0.144 0 1 0 0 0 0
 134 70235.000 125326.000 0 0 0.000 0.000 0.000 0.144 0 1 0 0 0 0
 135 123817.000 69292.000 0 0 0.000 0.000 0.000 0.138 0 1 0 0 0 0
 136 61212.000 92995.000 0 0 0.000 0.000 0.000 0.153 0 1 0 0 0 0
 137 106848.000 61203.000 0 0 0.000 0.000 0.000 0.147 0 1 0 0 0 0
 138 97690.000 60177.000 0 0 0.000 0.000 0.000 0.148 0 1 0 0 0 0
 139 133592.000 78354.000 0 0 0.000 0.000 0.000 0.158 0 1 0 0 0 0
 140 105669.000 139951.000 0 0 0.000 0.000 0.000 0.132 0 1 0 0 0 0
 141 72532.000 70722.000 0 0 0.000 0.000 0.000 0.130 0 1 0 0 0 0
 142 138515.000 88984.000 0 0 0.000 0.000 0.000 0.158 0 1 0 0 0 0
 143 126960.000 70160.000 0 0 0.000 0.000 0.000 0.157 0 1 0 0 0 0
 144 137347.000 115592.000 0 0 0.000 0.000 0.000 0.131 0 1 0 0 0 0
 145 131999.000 125426.000 0 0 0.000 0.000 0.000 0.147 0 1 0 0 0 0
 146 133499.000 76775.000 0 0 0.000 0.000 0.000 0.133 0 1 0 0 0 0
 147 65606.000 77476.000 0 0 0.000 0.000 0.000 0.132 0 1 0 0 0 0
 148 70684.000 70909.000 0 0 0.000 0.000 0.000 0.142 0 1 0 0 0 0
 149 74478.000 67643.000 0 0 0.000 0.000 0.000 0.133 0 1 0 0 0 0
 150 70515.000 129622.000 0 0 0.000 0.000 0.000 0.134 0 1 0 0 0 0
 151 107875.000 59407.000 0 0 0.000 0.000 0.000 0.151 0 1 0 0 0 0
 152 113050.000 139804.000 0 0 0.000 0.000 0.000 0.139 0 1 0 0 0 0
 153 68690.000 72597.000 0 0 0.000 0.000 0.000 0.138 0 1 0 0 0 0
 154 84441.000 61421.000 0 0 0.000 0.000 0.000 0.135 0 1 0 0 0 0
 155 82226.000 138139.000 0 0 0.000 0.000 0.000 0.132 0 1 0 0 0 0
 156 141214.000 107963.000 0 0 0.000 0.000 0.000 0.139 0 1 0 0 0 0
 157 136915.000 120426.000 0 0 0.000 0.000 0.000 0.137 0 1 0 0 0 0
 158 121842.000 64219.000 0 0 0.000 0.000 0.000 0.138 0 1 0 0 0 0
 159 83311.000 139198.000 0 0 0.000 0.000 0.000 0.134 0 1 0 0 0 0
 160 71566.000 131773.000 0 0 0.000 0.000 0.000 0.163 0 1 0 0 0 0
 161 141961.000 92411.000 0 0 0.000 0.000 0.000 0.132 0 1 0 0 0 0
 162 142958.000 97079.000 0 0 0.000 0.000 0.000 0.132 0 1 0 0 0 0
 163 142656.000 107526.000 0 0 0.000 0.000 0.000 0.144 0 1 0 0 0 0
 164 62906.000 77378.000 0 0 0.000 0.000 0.000 0.147 0 1 0 0 0 0
 165 62212.000 122478.000 0 0 0.000 0.000 0.000 0.150 0 1 0 0 0 0
 166 59626.000 118018.000 0 0 0.000 0.000 0.000 0.139 0 1 0 0 0 0
 167 143137.000 109932.000 0 0 0.000 0.000 0.000 0.134 0 1 0 0 0 0
 168 61051.000 121328.000 0 0 0.000 0.000 0.000 0.133 0 1 0 0 0 0
 169 55794.000 104129.000 0 0 0.000 0.000 0.000 0.174 0 1 0 0 0 0
 170 96141.000 56096.000 0 0 0.000 0.000 0.000 0.142 0 1 0 0 0 0
 171 143216.000 90254.000 0 0 0.000 0.000 0.000 0.149 0 1 0 0 0 0
 172 134822.000 72492.000 0 0 0.000 0.000 0.000 0.161 0 1 0 0 0 0
 173 136891.000 125458.000 0 0 0.000 0.000 0.000 0.147 0 1 0 0 0 0
 174 140904.000 81873.000 0 0 0.000 0.000 0.000 0.139 0 1 0 0 0 0
 175 137077.000 74858.000 0 0 0.000 0.000 0.000 0.153 0 1 0 0 0 0
 176 54867.000 97944.000 0 0 0.000 0.000 0.000 0.134 0 1 0 0 0 0
 177 118557.000 141520.000 0 0 0.000 0.000 0.000 0.143 0 1 0 0 0 0
 178 55082.000 94265.000 0 0 0.000 0.000 0.000 0.145 0 1 0 0 0 0
 179 70823.000 65531.000 0 0 0.000 0.000 0.000 0.141 0 1 0 0 0 0
 180 73116.000 136860.000 0 0 0.000 0.000 0.000 0.133 0 1 0 0 0 0
 181 66441.000 69518.000 0 0 0.000 0.000 0.000 0.143 0 1 0 0 0 0
 182 67319.000 67941.000 0 0 0.000 0.000 0.000 0.171 0 1 0 0 0 0
 183 143690.000 115021.000 0 0 0.000 0.000 0.000 0.138 0 1 0 0 0 0
 184 139716.000 76614.000 0 0 0.000 0.000 0.000 0.156 0 1 0 0 0 0
 185 125228.000 139290.000 0 0 0.000 0.000 0.000 0.141 0 1 0 0 0 0
 186 130388.000 64705.000 0 0 0.000 0.000 0.000 0.140 0 1 0 0 0 0
 187 83904.000 144356.000 0 0 0.000 0.000 0.000 0.144 0 1 0 0 0 0
 188 68023.000 134567.000 0 0 0.000 0.000 0.000 0.130 0 1 0 0 0 0
 189 70297.000 63744.000 0 0 0.000 0.000 0.000 0.158 0 1 0 0 0 0
 190 86258.000 145648.000 0 0 0.000 0.000 0.000 0.134 0 1 0 0 0 0
 191 90688.000 53389.000 0 0 0.000 0.000 0.000 0.137 0 1 0 0 0 0
 192 147744.000 97858.000 0 0 0.000 0.000 0.000 0.140 0 1 0 0 0 0
 193 108858.000 53203.000 0 0 0.000 0.000 0.000 0.154 0 1 0 0 0 0
 194 116343.000 55292.000 0 0 0.000 0.000 0.000 0.131 0 1 0 0 0 0
 195 97727.000 52178.000 0 0 0.000 0.000 0.000 0.130 0 1 0 0 0 0
 196 145458.000 84738.000 0 0 0.000 0.000 0.000 0.145 0 1 0 0 0 0
 197 136042.000 68225.000 0 0 0.000 0.000 0.000 0.135 0 1 0 0 0 0
 198 86108.000 146571.000 0 0 0.000 0.000 0.000 0.156 0 1 0 0 0 0
 199 130716.000 62778.000 0 0 0.000 0.000 0.000 0.134 0 1 0 0 0 0
 200 54491.000 117469.000 0 0 0.000 0.000 0.000 0.143 0 1 0 0 0 0
 201 52350.000 90404.000 0 0 0.000 0.000 0.000 0.135 0 1 0 0 0 0
 202 127019.000 59721.000 0 0 0.000 0.000 0.000 0.137 0 1 0 0 0 0
 203 79432.000 144590.000 0 0 0.000 0.000 0.000 0.144 0 1 0 0 0 0
 204 97924.000 149559.000 0 0 0.000 0.000 0.000 0.133 0 1 0 0 0 0
 205 61080.000 69819.000 0 0 0.000 0.000 0.000 0.132 0 1 0 0 0 0
 206 131792.000 62340.000 0 0 0.000 0.000 0.000 0.140 0 1 0 0 0 0
 207 57304.000 74931.000 0 0 0.000 0.000 0.000 0.150 0 1 0 0 0 0
 208 77005.000 56239.000 0 0 0.000 0.000 0.000 0.150 0 1 0 0 0 0
 209 61583.000 131786.000 0 0 0.000 0.000 0.000 0.150 0 1 0 0 0 0
 210 50396.000 104845.000 0 0 0.000 0.000 0.000 0.136 0 1 0 0 0 0
 211 55252.000 78426.000 0 0 0.000 0.000 0.000 0.139 0 1 0 0 0 0
 212 105556.000 50817.000 0 0 0.000 0.000 0.000 0.136 0 1 0 0 0 0
 213 146319.000 80494.000 0 0 0.000 0.000 0.000 0.141 0 1 0 0 0 0
 214 150169.000 96591.000 0 0 0.000 0.000 0.000 0.139 0 1 0 0 0 0
 215 149636.000 108745.000 0 0 0.000 0.000 0.000 0.135 0 1 0 0 0 0
 216 149263.000 110083.000 0 0 0.000 0.000 0.000 0.131 0 1 0 0 0 0
 217 131934.000 139014.000 0 0 0.000 0.000 0.000 0.158 0 1 0 0 0 0
 218 62482.000 66432.000 0 0 0.000 0.000 0.000 0.138 0 1 0 0 0 0
 219 78970.000 54458.000 0 0 0.000 0.000 0.000 0.133 0 1 0 0 0 0
 220 90344.000 149947.000 0 0 0.000 0.000 0.000 0.144 0 1 0 0 0 0
 221 140421.000 69836.000 0 0 0.000 0.000 0.000 0.167 0 1 0 0 0 0
 222 149292.000 111807.000 0 0 0.000 0.000 0.000 0.140 0 1 0 0 0 0
 223 124664.000 144599.000 0 0 0.000 0.000 0.000 0.144 0 1 0 0 0 0
 224 101455.000 49484.000 0 0 0.000 0.000 0.000 0.131 0 1 0 0 0 0
 225 150703.000 98896.000 0 0 0.000 0.000 0.000 0.134 0 1 0 0 0 0
 226 68802.000 59932.000 0 0 0.000 0.000 0.000 0.162 0 1 0 0 0 0
 227 149079.000 113899.000 0 0 0.000 0.000 0.000 0.134 0 1 0 0 0 0
 228 117390.000 148251.000 0 0 0.000 0.000 0.000 0.130 0 1 0 0 0 0
 229 74328.000 144436.000 0 0 0.000 0.000 0.000 0.133 0 1 0 0 0 0
 230 140349.000 68547.000 0 0 0.000 0.000 0.000 0.137 0 1 0 0 0 0
 231 150098.000 89139.000 0 0 0.000 0.000 0.000 0.138 0 1 0 0 0 0
 232 150479.000 109510.000 0 0 0.000 0.000 0.000 0.155 0 1 0 0 0 0
 233 143105.000 72240.000 0 0 0.000 0.000 0.000 0.137 0 1 0 0 0 0
 234 135533.000 137447.000 0 0 0.000 0.000 0.000 0.130 0 1 0 0 0 0
 235 105427.000 151548.000 0 0 0.000 0.000 0.000 0.140 0 1 0 0 0 0
 236 147415.000 120649.000 0 0 0.000 0.000 0.000 0.131 0 1 0 0 0 0
 237 97291.000 151833.000 0 0 0.000 0.000 0.000 0.146 0 1 0 0 0 0
 238 151117.000 108588.000 0 0 0.000 0.000 0.000 0.165 0 1 0 0 0 0
 239 67734.000 140913.000 0 0 0.000 0.000 0.000 0.140 0 1 0 0 0 0
 240 77970.000 53262.000 0 0 0.000 0.000 0.000 0.130 0 1 0 0 0 0
 241 120769.000 52664.000 0 0 0.000 0.000 0.000 0.140 0 1 0 0 0 0
 242 142865.000 70844.000 0 0 0.000 0.000 0.000 0.139 0 1 0 0 0 0
 243 146210.000 76566.000 0 0 0.000 0.000 0.000 0.141 0 1 0 0 0 0
 244 56078.000 72150.000 0 0 0.000 0.000 0.000 0.132 0 1 0 0 0 0
 245 106262.000 152124.000 0 0 0.000 0.000 0.000 0.159 0 1 0 0 0 0
 246 56146.000 71808.000 0 0 0.000 0.000 0.000 0.149 0 1 0 0 0 0
 247 108567.000 48217.000 0 0 0.000 0.000 0.000 0.135 0 1 0 0 0 0
 248 50363.000 118578.000 0 0 0.000 0.000 0.000 0.140 0 1 0 0 0 0
 249 54693.000 127654.000 0 0 0.000 0.000 0.000 0.134 0 1 0 0 0 0
 250 148653.000 121370.000 0 0 0.000 0.000 0.000 0.130 0 1 0 0 0 0
 251 46753.000 101047.000 0 0 0.000 0.000 0.000 0.135 0 1 0 0 0 0
 252 145698.000 73161.000 0 0 0.000 0.000 0.000 0.151 0 1 0 0 0 0
 253 46734.000 97443.000 0 0 0.000 0.000 0.000 0.150 0 1 0 0 0 0
 254 59728.000 64951.000 0 0 0.000 0.000 0.000 0.139 0 1 0 0 0 0
 255 70902.000 145345.000 0 0 0.000 0.000 0.000 0.149 0 1 0 0 0 0
 256 150322.000 81727.000 0 0 0.000 0.000 0.000 0.133 0 1 0 0 0 0
 257 134791.000 59084.000 0 0 0.000 0.000 0.000 0.131 0 1 0 0 0 0
 258 67850.000 143555.000 0 0 0.000 0.000 0.000 0.130 0 1 0 0 0 0
 259 61739.000 138374.000 0 0 0.000 0.000 0.000 0.147 0 1 0 0 0 0
 260 67764.000 56973.000 0 0 0.000 0.000 0.000 0.130 0 1 0 0 0 0
 261 153234.000 89876.000 0 0 0.000 0.000 0.000 0.142 0 1 0 0 0 0
 262 108981.000 46587.000 0 0 0.000 0.000 0.000 0.145 0 1 0 0 0 0
 263 53454.000 128789.000 0 0 0.000 0.000 0.000 0.141 0 1 0 0 0 0
 264 65694.000 142901.000 0 0 0.000 0.000 0.000 0.133 0 1 0 0 0 0
 265 127157.000 52434.000 0 0 0.000 0.000 0.000 0.135 0 1 0 0 0 0
 266 151826.000 81364.000 0 0 0.000 0.000 0.000 0.145 0 1 0 0 0 0
 267 153130.000 85020.000 0 0 0.000 0.000 0.000 0.145 0 1 0 0 0 0
 268 46051.000 112846.000 0 0 0.000 0.000 0.000 0.139 0 1 0 0 0 0
 269 145226.000 68179.000 0 0 0.000 0.000 0.000 0.136 0 1 0 0 0 0
 270 55338.000 133583.000 0 0 0.000 0.000 0.000 0.132 0 1 0 0 0 0
 271 46392.000 85178.000 0 0 0.000 0.000 0.000 0.131 0 1 0 0 0 0
 272 146883.000 69881.000 0 0 0.000 0.000 0.000 0.136 0 1 0 0 0 0
 273 155682.000 104266.000 0 0 0.000 0.000 0.000 0.152 0 1 0 0 0 0
 274 44771.000 109915.000 0 0 0.000 0.000 0.000 0.135 0 1 0 0 0 0
 275 55521.000 66054.000 0 0 0.000 0.000 0.000 0.134 0 1 0 0 0 0
 276 146359.000 132927.000 0 0 0.000 0.000 0.000 0.131 0 1 0 0 0 0
 277 156896.000 102868.000 0 0 0.000 0.000 0.000 0.137 0 1 0 0 0 0
 278 111727.000 156321.000 0 0 0.000 0.000 0.000 0.131 0 1 0 0 0 0
 279 139969.000 59076.000 0 0 0.000 0.000 0.000 0.135 0 1 0 0 0 0
 280 133245.000 147048.000 0 0 0.000 0.000 0.000 0.164 0 1 0 0 0 0
 281 54671.000 135762.000 0 0 0.000 0.000 0.000 0.145 0 1 0 0 0 0
 282 102165.000 42613.000 0 0 0.000 0.000 0.000 0.147 0 1 0 0 0 0
 283 155822.000 85763.000 0 0 0.000 0.000 0.000 0.138 0 1 0 0 0 0
 284 71684.000 49811.000 0 0 0.000 0.000 0.000 0.156 0 1 0 0 0 0
 285 127474.000 151396.000 0 0 0.000 0.000 0.000 0.139 0 1 0 0 0 0
 286 154588.000 121350.000 0 0 0.000 0.000 0.000 0.139 0 1 0 0 0 0
 287 102312.000 158862.000 0 0 0.000 0.000 0.000 0.160 0 1 0 0 0 0
 288 147915.000 134327.000 0 0 0.000 0.000 0.000 0.141 0 1 0 0 0 0
 289 97827.000 159116.000 0 0 0.000 0.000 0.000 0.131 0 1 0 0 0 0
 290 80163.000 44589.000 0 0 0.000 0.000 0.000 0.155 0 1 0 0 0 0
 291 137476.000 54330.000 0 0 0.000 0.000 0.000 0.147 0 1 0 0 0 0
 292 96074.000 40191.000 0 0 0.000 0.000 0.000 0.135 0 1 0 0 0 0
 293 160126.000 105202.000 0 0 0.000 0.000 0.000 0.136 0 1 0 0 0 0
 294 44321.000 123952.000 0 0 0.000 0.000 0.000 0.142 0 1 0 0 0 0
 295 51188.000 64485.000 0 0 0.000 0.000 0.000 0.135 0 1 0 0 0 0
 296 88532.000 40747.000 0 0 0.000 0.000 0.000 0.146 0 1 0 0 0 0
 297 112916.000 40700.000 0 0 0.000 0.000 0.000 0.156 0 1 0 0 0 0
 298 151783.000 132593.000 0 0 0.000 0.000 0.000 0.136 0 1 0 0 0 0
 299 157063.000 77476.000 0 0 0.000 0.000 0.000 0.139 0 1 0 0 0 0
 300 81950.000 159315.000 0 0 0.000 0.000 0.000 0.131 0 1 0 0 0 0
 301 53709.000 141307.000 0 0 0.000 0.000 0.000 0.141 0 1 0 0 0 0
 302 39103.000 87351.000 0 0 0.000 0.000 0.000 0.132 0 1 0 0 0 0
 303 135048.000 48594.000 0 0 0.000 0.000 0.000 0.135 0 1 0 0 0 0
 304 161267.000 111378.000 0 0 0.000 0.000 0.000 0.160 0 1 0 0 0 0
 305 155231.000 129629.000 0 0 0.000 0.000 0.000 0.140 0 1 0 0 0 0
 306 38029.000 111213.000 0 0 0.000 0.000 0.000 0.142 0 1 0 0 0 0
 307 158792.000 77853.000 0 0 0.000 0.000 0.000 0.133 0 1 0 0 0 0
 308 162779.000 96709.000 0 0 0.000 0.000 0.000 0.138 0 1 0 0 0 0
 309 96075.000 37378.000 0 0 0.000 0.000 0.000 0.138 0 1 0 0 0 0
 310 73595.000 158142.000 0 0 0.000 0.000 0.000 0.131 0 1 0 0 0 0
 311 36834.000 91386.000 0 0 0.000 0.000 0.000 0.131 0 1 0 0 0 0
 312 44893.000 67823.000 0 0 0.000 0.000 0.000 0.141 0 1 0 0 0 0
 313 74425.000 41654.000 0 0 0.000 0.000 0.000 0.152 0 1 0 0 0 0
 314 157490.000 71888.000 0 0 0.000 0.000 0.000 0.140 0 1 0 0 0 0
 315 156101.000 69077.000 0 0 0.000 0.000 0.000 0.155 0 1 0 0 0 0
 316 44660.000 67216.000 0 0 0.000 0.000 0.000 0.132 0 1 0 0 0 0
 317 106065.000 35781.000 0 0 0.000 0.000 0.000 0.132 0 1 0 0 0 0
 318 156453.000 67705.000 0 0 0.000 0.000 0.000 0.130 0 1 0 0 0 0
 319 38206.000 78411.000 0 0 0.000 0.000 0.000 0.133 0 1 0 0 0 0
 320 42100.000 68832.000 0 0 0.000 0.000 0.000 0.138 0 1 0 0 0 0
 321 165357.000 92066.000 0 0 0.000 0.000 0.000 0.131 0 1 0 0 0 0
 322 150144.000 142960.000 0 0 0.000 0.000 0.000 0.144 0 1 0 0 0 0
 323 69640.000 159154.000 0 0 0.000 0.000 0.000 0.151 0 1 0 0 0 0
 324 35522.000 84511.000 0 0 0.000 0.000 0.000 0.135 0 1 0 0 0 0
 325 45989.000 138861.000 0 0 0.000 0.000 0.000 0.130 0 1 0 0 0 0
 326 163807.000 82153.000 0 0 0.000 0.000 0.000 0.132 0 1 0 0 0 0
 327 99734.000 166848.000 0 0 0.000 0.000 0.000 0.130 0 1 0 0 0 0
 328 156692.000 65103.000 0 0 0.000 0.000 0.000 0.134 0 1 0 0 0 0
 329 131387.000 40752.000 0 0 0.000 0.000 0.000 0.141 0 1 0 0 0 0
 330 166999.000 92823.000 0 0 0.000 0.000 0.000 0.164 0 1 0 0 0 0
 331 167450.000 101855.000 0 0 0.000 0.000 0.000 0.133 0 1 0 0 0 0
 332 59098.000 154350.000 0 0 0.000 0.000 0.000 0.137 0 1 0 0 0 0
 333 157188.000 136718.000 0 0 0.000 0.000 0.000 0.136 0 1 0 0 0 0
 334 32645.000 111013.000 0 0 0.000 0.000 0.000 0.132 0 1 0 0 0 0
 335 168096.000 99357.000 0 0 0.000 0.000 0.000 0.136 0 1 0 0 0 0
 336 153058.000 142880.000 0 0 0.000 0.000 0.000 0.132 0 1 0 0 0 0
 337 91977.000 167880.000 0 0 0.000 0.000 0.000 0.130 0 1 0 0 0 0
 338 134172.000 159412.000 0 0 0.000 0.000 0.000 0.147 0 1 0 0 0 0
 339 113912.000 167444.000 0 0 0.000 0.000 0.000 0.139 0 1 0 0 0 0
 340 167569.000 87903.000 0 0 0.000 0.000 0.000 0.136 0 1 0 0 0 0
 341 157553.000 138308.000 0 0 0.000 0.000 0.000 0.141 0 1 0 0 0 0
 342 40443.000 135411.000 0 0 0.000 0.000 0.000 0.136 0 1 0 0 0 0
 343 37207.000 71148.000 0 0 0.000 0.000 0.000 0.148 0 1 0 0 0 0
 344 30992.000 107323.000 0 0 0.000 0.000 0.000 0.144 0 1 0 0 0 0
 345 166799.000 79573.000 0 0 0.000 0.000 0.000 0.134 0 1 0 0 0 0
 346 163475.000 130069.000 0 0 0.000 0.000 0.000 0.133 0 1 0 0 0 0
 347 31934.000 119097.000 0 0 0.000 0.000 0.000 0.131 0 1 0 0 0 0
 348 31732.000 80871.000 0 0 0.000 0.000 0.000 0.138 0 1 0 0 0 0
 349 168611.000 118486.000 0 0 0.000 0.000 0.000 0.138 0 1 0 0 0 0
 350 164020.000 68961.000 0 0 0.000 0.000 0.000 0.142 0 1 0 0 0 0
 351 55521.000 156010.000 0 0 0.000 0.000 0.000 0.141 0 1 0 0 0 0
 352 62754.000 39062.000 0 0 0.000 0.000 0.000 0.141 0 1 0 0 0 0
 353 162653.000 65554.000 0 0 0.000 0.000 0.000 0.140 0 1 0 0 0 0
 354 107366.000 171897.000 0 0 0.000 0.000 0.000 0.136 0 1 0 0 0 0
 355 77087.000 31530.000 0 0 0.000 0.000 0.000 0.147 0 1 0 0 0 0
 356 64572.000 36679.000 0 0 0.000 0.000 0.000 0.138 0 1 0 0 0 0
 357 172744.000 103211.000 0 0 0.000 0.000 0.000 0.143 0 1 0 0 0 0
 358 76730.000 169387.000 0 0 0.000 0.000 0.000 0.133 0 1 0 0 0 0
 359 156875.000 146435.000 0 0 0.000 0.000 0.000 0.134 0 1 0 0 0 0
 360 103953.000 173393.000 0 0 0.000 0.000 0.000 0.157 0 1 0 0 0 0
 361 111815.000 27770.000 0 0 0.000 0.000 0.000 0.135 0 1 0 0 0 0
 362 76860.000 29562.000 0 0 0.000 0.000 0.000 0.144 0 1 0 0 0 0
 363 172776.000 117625.000 0 0 0.000 0.000 0.000 0.134 0 1 0 0 0 0
 364 155602.000 49934.000 0 0 0.000 0.000 0.000 0.147 0 1 0 0 0 0
 365 24779.000 102774.000 0 0 0.000 0.000 0.000 0.130 0 1 0 0 0 0
 366 37986.000 57484.000 0 0 0.000 0.000 0.000 0.147 0 1 0 0 0 0
 367 156670.000 50580.000 0 0 0.000 0.000 0.000 0.154 0 1 0 0 0 0
 368 62508.000 34461.000 0 0 0.000 0.000 0.000 0.145 0 1 0 0 0 0
 369 116670.000 174389.000 0 0 0.000 0.000 0.000 0.137 0 1 0 0 0 0
 370 107388.000 23938.000 0 0 0.000 0.000 0.000 0.144 0 1 0 0 0 0
 371 170072.000 69302.000 0 0 0.000 0.000 0.000 0.131 0 1 0 0 0 0
 372 135159.000 168899.000 0 0 0.000 0.000 0.000 0.131 0 1 0 0 0 0
 373 118795.000 25348.000 0 0 0.000 0.000 0.000 0.134 0 1 0 0 0 0
 374 26958.000 71187.000 0 0 0.000 0.000 0.000 0.132 0 1 0 0 0 0
 375 179072.000 89767.000 0 0 0.000 0.000 0.000 0.133 0 1 0 0 0 0
 376 93381.000 20509.000 0 0 0.000 0.000 0.000 0.133 0 1 0 0 0 0
 377 174119.000 68299.000 0 0 0.000 0.000 0.000 0.141 0 1 0 0 0 0
 378 136581.000 28121.000 0 0 0.000 0.000 0.000 0.146 0 1 0 0 0 0
 379 44225.000 158952.000 0 0 0.000 0.000 0.000 0.136 0 1 0 0 0 0
 380 62699.000 27607.000 0 0 0.000 0.000 0.000 0.130 0 1 0 0 0 0
 381 95510.000 18618.000 0 0 0.000 0.000 0.000 0.131 0 1 0 0 0 0
 382 26628.000 136639.000 0 0 0.000 0.000 0.000 0.140 0 1 0 0 0 0
 383 91353.000 18113.000 0 0 0.000 0.000 0.000 0.130 0 1 0 0 0 0
 384 38924.000 43517.000 0 0 0.000 0.000 0.000 0.130 0 1 0 0 0 0
 385 24159.000 136918.000 0 0 0.000 0.000 0.000 0.133 0 1 0 0 0 0
 386 16670.000 84199.000 0 0 0.000 0.000 0.000 0.132 0 1 0 0 0 0
 387 110208.000 15961.000 0 0 0.000 0.000 0.000 0.137 0 1 0 0 0 0
 388 181731.000 76716.000 0 0 0.000 0.000 0.000 0.130 0 1 0 0 0 0
 389 21475.000 62956.000 0 0 0.000 0.000 0.000 0.135 0 1 0 0 0 0;
ProcessEquipmentIDList 1
  "6632" ;
SummarySpec 5
  TESTNO    NDEFECT    DEFDENSITY    NDIE    NDEFDIE  ;
SummaryList 
  1    389    1.422    1    1  ;
EndOfFile;
