FileVersion 1 2;
FileTimestamp 01-11-26 14:57:14;
InspectionStationID "KLA-Tencor" "SFSSP1" "0901-0728-TBI";
SampleType WAFER;
ResultTimestamp 01-11-26 14:45:31;
LotID "2580";
SampleSize 1 200;
DeviceID "None";
SetupID "T2-2580NR" 01-11-26 14:45:31;
StepID "6492";
SampleOrientationMarkType NOTCH;
OrientationMarkLocation DOWN;
DiePitch 200000 200000;
DieOrigin 0 0;
WaferID "20";
Slot 20;
SampleCenterLocation 100000 100000;
ClassLookup 1
  0 "0"  ;
OrientationInstructions "Front";
CoordinatesMirrored No;
InspectionTest 1;
SampleTestPlan 1
  0 0 ;
AreaPerTest 2.73516e+010;
DefectRecordSpec 15 DEFECTID XREL YREL XINDEX YINDEX XSIZE YSIZE DEFECTAREA DSIZE CLASSNUMBER TEST CLUSTERNUMBER ROUGHBINNUMBER FINEBINNUMBER REVIEWSAMPLE ;
DefectList
 1 98959.000 104943.000 0 0 0.000 0.000 0.000 0.135 0 1 0 0 0 0
 2 98690.000 105148.000 0 0 0.000 0.000 0.000 0.136 0 1 0 0 0 0
 3 102731.000 95310.000 0 0 0.000 0.000 0.000 0.161 0 1 0 0 0 0
 4 101456.000 94595.000 0 0 0.000 0.000 0.000 0.130 0 1 0 0 0 0
 5 91391.000 98427.000 0 0 0.000 0.000 0.000 0.149 0 1 0 0 0 0
 6 108701.000 97499.000 0 0 0.000 0.000 0.000 0.134 0 1 0 0 0 0
 7 91976.000 105607.000 0 0 0.000 0.000 0.000 0.136 0 1 0 0 0 0
 8 95406.000 89280.000 0 0 0.000 0.000 0.000 0.135 0 1 0 0 0 0
 9 96385.000 88978.000 0 0 0.000 0.000 0.000 0.132 0 1 0 0 0 0
 10 109520.000 91976.000 0 0 0.000 0.000 0.000 0.137 0 1 0 0 0 0
 11 89918.000 90645.000 0 0 0.000 0.000 0.000 0.134 0 1 0 0 0 0
 12 100253.000 85927.000 0 0 0.000 0.000 0.000 0.160 0 1 0 0 0 0
 13 85541.000 102844.000 0 0 0.000 0.000 0.000 0.142 0 1 0 0 0 0
 14 111890.000 108911.000 0 0 0.000 0.000 0.000 0.136 0 1 0 0 0 0
 15 114589.000 96796.000 0 0 0.000 0.000 0.000 0.158 0 1 0 0 0 0
 16 98465.000 115729.000 0 0 0.000 0.000 0.000 0.154 0 1 0 0 0 0
 17 115411.000 96608.000 0 0 0.000 0.000 0.000 0.166 0 1 0 0 0 0
 18 115845.000 106197.000 0 0 0.000 0.000 0.000 0.148 0 1 0 0 0 0
 19 108354.000 115457.000 0 0 0.000 0.000 0.000 0.145 0 1 0 0 0 0
 20 84036.000 107123.000 0 0 0.000 0.000 0.000 0.130 0 1 0 0 0 0
 21 115496.000 89474.000 0 0 0.000 0.000 0.000 0.143 0 1 0 0 0 0
 22 113712.000 86460.000 0 0 0.000 0.000 0.000 0.146 0 1 0 0 0 0
 23 93411.000 118665.000 0 0 0.000 0.000 0.000 0.201 0 1 0 0 0 0
 24 80498.000 95681.000 0 0 0.000 0.000 0.000 0.171 0 1 0 0 0 0
 25 119846.000 98060.000 0 0 0.000 0.000 0.000 0.142 0 1 0 0 0 0
 26 94230.000 80975.000 0 0 0.000 0.000 0.000 0.140 0 1 0 0 0 0
 27 116294.000 112061.000 0 0 0.000 0.000 0.000 0.137 0 1 0 0 0 0
 28 99318.000 120796.000 0 0 0.000 0.000 0.000 0.136 0 1 0 0 0 0
 29 93680.000 119846.000 0 0 0.000 0.000 0.000 0.133 0 1 0 0 0 0
 30 88855.000 82797.000 0 0 0.000 0.000 0.000 0.139 0 1 0 0 0 0
 31 82218.000 111223.000 0 0 0.000 0.000 0.000 0.138 0 1 0 0 0 0
 32 120793.000 105434.000 0 0 0.000 0.000 0.000 0.138 0 1 0 0 0 0
 33 121164.000 95515.000 0 0 0.000 0.000 0.000 0.132 0 1 0 0 0 0
 34 98245.000 78494.000 0 0 0.000 0.000 0.000 0.132 0 1 0 0 0 0
 35 97684.000 77761.000 0 0 0.000 0.000 0.000 0.149 0 1 0 0 0 0
 36 78611.000 89352.000 0 0 0.000 0.000 0.000 0.144 0 1 0 0 0 0
 37 97811.000 124535.000 0 0 0.000 0.000 0.000 0.146 0 1 0 0 0 0
 38 75511.000 104935.000 0 0 0.000 0.000 0.000 0.139 0 1 0 0 0 0
 39 98150.000 74766.000 0 0 0.000 0.000 0.000 0.142 0 1 0 0 0 0
 40 124322.000 108260.000 0 0 0.000 0.000 0.000 0.141 0 1 0 0 0 0
 41 125697.000 98320.000 0 0 0.000 0.000 0.000 0.145 0 1 0 0 0 0
 42 73319.000 95197.000 0 0 0.000 0.000 0.000 0.131 0 1 0 0 0 0
 43 72494.000 99051.000 0 0 0.000 0.000 0.000 0.141 0 1 0 0 0 0
 44 121783.000 82923.000 0 0 0.000 0.000 0.000 0.150 0 1 0 0 0 0
 45 75168.000 87351.000 0 0 0.000 0.000 0.000 0.139 0 1 0 0 0 0
 46 111941.000 74161.000 0 0 0.000 0.000 0.000 0.166 0 1 0 0 0 0
 47 76776.000 117820.000 0 0 0.000 0.000 0.000 0.134 0 1 0 0 0 0
 48 104883.000 129098.000 0 0 0.000 0.000 0.000 0.139 0 1 0 0 0 0
 49 117895.000 123598.000 0 0 0.000 0.000 0.000 0.130 0 1 0 0 0 0
 50 104762.000 70746.000 0 0 0.000 0.000 0.000 0.155 0 1 0 0 0 0
 51 84263.000 74695.000 0 0 0.000 0.000 0.000 0.155 0 1 0 0 0 0
 52 108205.000 70386.000 0 0 0.000 0.000 0.000 0.145 0 1 0 0 0 0
 53 71307.000 87694.000 0 0 0.000 0.000 0.000 0.137 0 1 0 0 0 0
 54 115891.000 73147.000 0 0 0.000 0.000 0.000 0.138 0 1 0 0 0 0
 55 103803.000 131495.000 0 0 0.000 0.000 0.000 0.141 0 1 0 0 0 0
 56 122444.000 122556.000 0 0 0.000 0.000 0.000 0.133 0 1 0 0 0 0
 57 130171.000 90419.000 0 0 0.000 0.000 0.000 0.154 0 1 0 0 0 0
 58 94843.000 131931.000 0 0 0.000 0.000 0.000 0.135 0 1 0 0 0 0
 59 124692.000 79401.000 0 0 0.000 0.000 0.000 0.135 0 1 0 0 0 0
 60 83337.000 128259.000 0 0 0.000 0.000 0.000 0.146 0 1 0 0 0 0
 61 115187.000 71484.000 0 0 0.000 0.000 0.000 0.281 0 1 0 0 0 0
 62 66991.000 98039.000 0 0 0.000 0.000 0.000 0.130 0 1 0 0 0 0
 63 119065.000 73287.000 0 0 0.000 0.000 0.000 0.145 0 1 0 0 0 0
 64 131017.000 112016.000 0 0 0.000 0.000 0.000 0.141 0 1 0 0 0 0
 65 74085.000 121266.000 0 0 0.000 0.000 0.000 0.133 0 1 0 0 0 0
 66 67096.000 106732.000 0 0 0.000 0.000 0.000 0.142 0 1 0 0 0 0
 67 121344.000 73813.000 0 0 0.000 0.000 0.000 0.134 0 1 0 0 0 0
 68 125875.000 78252.000 0 0 0.000 0.000 0.000 0.154 0 1 0 0 0 0
 69 66855.000 92446.000 0 0 0.000 0.000 0.000 0.133 0 1 0 0 0 0
 70 85679.000 67868.000 0 0 0.000 0.000 0.000 0.152 0 1 0 0 0 0
 71 67617.000 115025.000 0 0 0.000 0.000 0.000 0.146 0 1 0 0 0 0
 72 72125.000 122511.000 0 0 0.000 0.000 0.000 0.130 0 1 0 0 0 0
 73 121378.000 71413.000 0 0 0.000 0.000 0.000 0.152 0 1 0 0 0 0
 74 96327.000 64308.000 0 0 0.000 0.000 0.000 0.132 0 1 0 0 0 0
 75 116717.000 68087.000 0 0 0.000 0.000 0.000 0.142 0 1 0 0 0 0
 76 63582.000 102746.000 0 0 0.000 0.000 0.000 0.132 0 1 0 0 0 0
 77 63169.000 101218.000 0 0 0.000 0.000 0.000 0.133 0 1 0 0 0 0
 78 132574.000 82248.000 0 0 0.000 0.000 0.000 0.135 0 1 0 0 0 0
 79 128673.000 75644.000 0 0 0.000 0.000 0.000 0.149 0 1 0 0 0 0
 80 62774.000 92192.000 0 0 0.000 0.000 0.000 0.146 0 1 0 0 0 0
 81 119615.000 132874.000 0 0 0.000 0.000 0.000 0.139 0 1 0 0 0 0
 82 105266.000 137969.000 0 0 0.000 0.000 0.000 0.132 0 1 0 0 0 0
 83 138046.000 104386.000 0 0 0.000 0.000 0.000 0.134 0 1 0 0 0 0
 84 88546.000 136800.000 0 0 0.000 0.000 0.000 0.137 0 1 0 0 0 0
 85 116496.000 65473.000 0 0 0.000 0.000 0.000 0.153 0 1 0 0 0 0
 86 61344.000 97121.000 0 0 0.000 0.000 0.000 0.134 0 1 0 0 0 0
 87 137427.000 90777.000 0 0 0.000 0.000 0.000 0.143 0 1 0 0 0 0
 88 77894.000 132240.000 0 0 0.000 0.000 0.000 0.148 0 1 0 0 0 0
 89 136580.000 87186.000 0 0 0.000 0.000 0.000 0.131 0 1 0 0 0 0
 90 68161.000 122993.000 0 0 0.000 0.000 0.000 0.130 0 1 0 0 0 0
 91 73723.000 129455.000 0 0 0.000 0.000 0.000 0.134 0 1 0 0 0 0
 92 139318.000 97946.000 0 0 0.000 0.000 0.000 0.156 0 1 0 0 0 0
 93 126169.000 70630.000 0 0 0.000 0.000 0.000 0.133 0 1 0 0 0 0
 94 134708.000 119236.000 0 0 0.000 0.000 0.000 0.133 0 1 0 0 0 0
 95 97941.000 60116.000 0 0 0.000 0.000 0.000 0.133 0 1 0 0 0 0
 96 129842.000 127342.000 0 0 0.000 0.000 0.000 0.131 0 1 0 0 0 0
 97 90864.000 139645.000 0 0 0.000 0.000 0.000 0.151 0 1 0 0 0 0
 98 120216.000 64985.000 0 0 0.000 0.000 0.000 0.142 0 1 0 0 0 0
 99 137710.000 84900.000 0 0 0.000 0.000 0.000 0.139 0 1 0 0 0 0
 100 140243.000 106682.000 0 0 0.000 0.000 0.000 0.139 0 1 0 0 0 0
 101 138323.000 86039.000 0 0 0.000 0.000 0.000 0.143 0 1 0 0 0 0
 102 98273.000 58511.000 0 0 0.000 0.000 0.000 0.131 0 1 0 0 0 0
 103 139973.000 114591.000 0 0 0.000 0.000 0.000 0.133 0 1 0 0 0 0
 104 60007.000 114964.000 0 0 0.000 0.000 0.000 0.135 0 1 0 0 0 0
 105 110524.000 141978.000 0 0 0.000 0.000 0.000 0.136 0 1 0 0 0 0
 106 72013.000 133123.000 0 0 0.000 0.000 0.000 0.142 0 1 0 0 0 0
 107 109899.000 142405.000 0 0 0.000 0.000 0.000 0.133 0 1 0 0 0 0
 108 143634.000 102941.000 0 0 0.000 0.000 0.000 0.159 0 1 0 0 0 0
 109 143839.000 100583.000 0 0 0.000 0.000 0.000 0.161 0 1 0 0 0 0
 110 123896.000 62990.000 0 0 0.000 0.000 0.000 0.144 0 1 0 0 0 0
 111 56053.000 108131.000 0 0 0.000 0.000 0.000 0.138 0 1 0 0 0 0
 112 55421.000 103814.000 0 0 0.000 0.000 0.000 0.141 0 1 0 0 0 0
 113 129645.000 66902.000 0 0 0.000 0.000 0.000 0.137 0 1 0 0 0 0
 114 106529.000 144491.000 0 0 0.000 0.000 0.000 0.146 0 1 0 0 0 0
 115 64655.000 72576.000 0 0 0.000 0.000 0.000 0.137 0 1 0 0 0 0
 116 96442.000 144967.000 0 0 0.000 0.000 0.000 0.134 0 1 0 0 0 0
 117 137397.000 125997.000 0 0 0.000 0.000 0.000 0.138 0 1 0 0 0 0
 118 143090.000 115585.000 0 0 0.000 0.000 0.000 0.148 0 1 0 0 0 0
 119 114930.000 143428.000 0 0 0.000 0.000 0.000 0.135 0 1 0 0 0 0
 120 145854.000 92769.000 0 0 0.000 0.000 0.000 0.146 0 1 0 0 0 0
 121 138204.000 126564.000 0 0 0.000 0.000 0.000 0.169 0 1 0 0 0 0
 122 64863.000 130853.000 0 0 0.000 0.000 0.000 0.132 0 1 0 0 0 0
 123 131414.000 65726.000 0 0 0.000 0.000 0.000 0.140 0 1 0 0 0 0
 124 135233.000 131036.000 0 0 0.000 0.000 0.000 0.135 0 1 0 0 0 0
 125 117164.000 143954.000 0 0 0.000 0.000 0.000 0.130 0 1 0 0 0 0
 126 64975.000 131902.000 0 0 0.000 0.000 0.000 0.133 0 1 0 0 0 0
 127 137340.000 70557.000 0 0 0.000 0.000 0.000 0.134 0 1 0 0 0 0
 128 98805.000 148177.000 0 0 0.000 0.000 0.000 0.135 0 1 0 0 0 0
 129 96779.000 148574.000 0 0 0.000 0.000 0.000 0.138 0 1 0 0 0 0
 130 59978.000 129136.000 0 0 0.000 0.000 0.000 0.149 0 1 0 0 0 0
 131 125666.000 57761.000 0 0 0.000 0.000 0.000 0.135 0 1 0 0 0 0
 132 129528.000 140018.000 0 0 0.000 0.000 0.000 0.133 0 1 0 0 0 0
 133 149021.000 109242.000 0 0 0.000 0.000 0.000 0.139 0 1 0 0 0 0
 134 118738.000 146415.000 0 0 0.000 0.000 0.000 0.131 0 1 0 0 0 0
 135 49767.000 99030.000 0 0 0.000 0.000 0.000 0.133 0 1 0 0 0 0
 136 102256.000 150522.000 0 0 0.000 0.000 0.000 0.134 0 1 0 0 0 0
 137 145767.000 79214.000 0 0 0.000 0.000 0.000 0.151 0 1 0 0 0 0
 138 49565.000 104404.000 0 0 0.000 0.000 0.000 0.138 0 1 0 0 0 0
 139 53487.000 80469.000 0 0 0.000 0.000 0.000 0.143 0 1 0 0 0 0
 140 86927.000 149267.000 0 0 0.000 0.000 0.000 0.134 0 1 0 0 0 0
 141 150963.000 105865.000 0 0 0.000 0.000 0.000 0.153 0 1 0 0 0 0
 142 151452.000 95474.000 0 0 0.000 0.000 0.000 0.138 0 1 0 0 0 0
 143 50995.000 83805.000 0 0 0.000 0.000 0.000 0.131 0 1 0 0 0 0
 144 137367.000 63762.000 0 0 0.000 0.000 0.000 0.135 0 1 0 0 0 0
 145 131287.000 142614.000 0 0 0.000 0.000 0.000 0.139 0 1 0 0 0 0
 146 55858.000 71147.000 0 0 0.000 0.000 0.000 0.130 0 1 0 0 0 0
 147 53617.000 74107.000 0 0 0.000 0.000 0.000 0.142 0 1 0 0 0 0
 148 52348.000 124664.000 0 0 0.000 0.000 0.000 0.145 0 1 0 0 0 0
 149 140910.000 65544.000 0 0 0.000 0.000 0.000 0.134 0 1 0 0 0 0
 150 119582.000 151124.000 0 0 0.000 0.000 0.000 0.139 0 1 0 0 0 0
 151 107271.000 154380.000 0 0 0.000 0.000 0.000 0.132 0 1 0 0 0 0
 152 46996.000 115297.000 0 0 0.000 0.000 0.000 0.148 0 1 0 0 0 0
 153 50674.000 126413.000 0 0 0.000 0.000 0.000 0.139 0 1 0 0 0 0
 154 48607.000 78349.000 0 0 0.000 0.000 0.000 0.143 0 1 0 0 0 0
 155 76083.000 151805.000 0 0 0.000 0.000 0.000 0.134 0 1 0 0 0 0
 156 148064.000 70015.000 0 0 0.000 0.000 0.000 0.132 0 1 0 0 0 0
 157 148672.000 70815.000 0 0 0.000 0.000 0.000 0.133 0 1 0 0 0 0
 158 121357.000 153478.000 0 0 0.000 0.000 0.000 0.133 0 1 0 0 0 0
 159 42796.000 111022.000 0 0 0.000 0.000 0.000 0.144 0 1 0 0 0 0
 160 135827.000 146702.000 0 0 0.000 0.000 0.000 0.152 0 1 0 0 0 0
 161 54531.000 63081.000 0 0 0.000 0.000 0.000 0.140 0 1 0 0 0 0
 162 154263.000 122888.000 0 0 0.000 0.000 0.000 0.132 0 1 0 0 0 0
 163 129457.000 151922.000 0 0 0.000 0.000 0.000 0.134 0 1 0 0 0 0
 164 116726.000 157326.000 0 0 0.000 0.000 0.000 0.138 0 1 0 0 0 0
 165 47111.000 72169.000 0 0 0.000 0.000 0.000 0.138 0 1 0 0 0 0
 166 75799.000 45631.000 0 0 0.000 0.000 0.000 0.143 0 1 0 0 0 0
 167 106996.000 159743.000 0 0 0.000 0.000 0.000 0.130 0 1 0 0 0 0
 168 76044.000 155548.000 0 0 0.000 0.000 0.000 0.133 0 1 0 0 0 0
 169 89470.000 159837.000 0 0 0.000 0.000 0.000 0.154 0 1 0 0 0 0
 170 144216.000 58349.000 0 0 0.000 0.000 0.000 0.134 0 1 0 0 0 0
 171 40133.000 113653.000 0 0 0.000 0.000 0.000 0.132 0 1 0 0 0 0
 172 159303.000 85030.000 0 0 0.000 0.000 0.000 0.141 0 1 0 0 0 0
 173 125921.000 156263.000 0 0 0.000 0.000 0.000 0.137 0 1 0 0 0 0
 174 145822.000 58732.000 0 0 0.000 0.000 0.000 0.130 0 1 0 0 0 0
 175 67168.000 154187.000 0 0 0.000 0.000 0.000 0.136 0 1 0 0 0 0
 176 123309.000 160423.000 0 0 0.000 0.000 0.000 0.136 0 1 0 0 0 0
 177 165090.000 90388.000 0 0 0.000 0.000 0.000 0.135 0 1 0 0 0 0
 178 35755.000 82004.000 0 0 0.000 0.000 0.000 0.133 0 1 0 0 0 0
 179 85517.000 34410.000 0 0 0.000 0.000 0.000 0.132 0 1 0 0 0 0
 180 78548.000 164434.000 0 0 0.000 0.000 0.000 0.137 0 1 0 0 0 0
 181 59492.000 154444.000 0 0 0.000 0.000 0.000 0.156 0 1 0 0 0 0
 182 114755.000 166457.000 0 0 0.000 0.000 0.000 0.130 0 1 0 0 0 0
 183 64942.000 40708.000 0 0 0.000 0.000 0.000 0.131 0 1 0 0 0 0
 184 165114.000 123883.000 0 0 0.000 0.000 0.000 0.137 0 1 0 0 0 0
 185 76859.000 166299.000 0 0 0.000 0.000 0.000 0.140 0 1 0 0 0 0
 186 88242.000 169525.000 0 0 0.000 0.000 0.000 0.148 0 1 0 0 0 0
 187 35639.000 70932.000 0 0 0.000 0.000 0.000 0.130 0 1 0 0 0 0
 188 148481.000 48703.000 0 0 0.000 0.000 0.000 0.131 0 1 0 0 0 0
 189 59586.000 159176.000 0 0 0.000 0.000 0.000 0.134 0 1 0 0 0 0
 190 42312.000 56781.000 0 0 0.000 0.000 0.000 0.133 0 1 0 0 0 0
 191 90752.000 172978.000 0 0 0.000 0.000 0.000 0.152 0 1 0 0 0 0
 192 28863.000 74689.000 0 0 0.000 0.000 0.000 0.130 0 1 0 0 0 0
 193 81301.000 173939.000 0 0 0.000 0.000 0.000 0.130 0 1 0 0 0 0
 194 51699.000 159473.000 0 0 0.000 0.000 0.000 0.200 0 1 0 0 0 0
 195 67966.000 28563.000 0 0 0.000 0.000 0.000 0.143 0 1 0 0 0 0
 196 121408.000 21708.000 0 0 0.000 0.000 0.000 0.130 0 1 0 0 0 0
 197 34042.000 50411.000 0 0 0.000 0.000 0.000 0.164 0 1 0 0 0 0
 198 144374.000 174793.000 0 0 0.000 0.000 0.000 0.259 0 1 0 0 0 0
 199 10563.000 83323.000 0 0 0.000 0.000 0.000 0.329 0 1 0 0 0 0
 200 124147.000 10839.000 0 0 0.000 0.000 0.000 0.165 0 1 0 0 0 0
 201 8929.000 75375.000 0 0 0.000 0.000 0.000 0.333 0 1 0 0 0 0
 202 7215.000 80231.000 0 0 0.000 0.000 0.000 200000.000 0 1 0 200 0 0;
ProcessEquipmentIDList 1
  "6632" ;
SummarySpec 5
  TESTNO    NDEFECT    DEFDENSITY    NDIE    NDEFDIE  ;
SummaryList 
  1    202    0.7385    1    1  ;
EndOfFile;
