FileVersion 1 2;
FileTimestamp 01-11-26 13:09:04;
InspectionStationID "KLA-Tencor" "SFSSP1" "0901-0728-TBI";
SampleType WAFER;
ResultTimestamp 01-11-26 13:00:14;
LotID "2580";
SampleSize 1 200;
DeviceID "None";
SetupID "T2-2580NR" 01-11-26 13:00:14;
StepID "6492";
SampleOrientationMarkType NOTCH;
OrientationMarkLocation DOWN;
DiePitch 200000 200000;
DieOrigin 0 0;
WaferID "14";
Slot 14;
SampleCenterLocation 100000 100000;
ClassLookup 1
  0 "0"  ;
OrientationInstructions "Front";
CoordinatesMirrored No;
InspectionTest 1;
SampleTestPlan 1
  0 0 ;
AreaPerTest 2.73512e+010;
DefectRecordSpec 15 DEFECTID XREL YREL XINDEX YINDEX XSIZE YSIZE DEFECTAREA DSIZE CLASSNUMBER TEST CLUSTERNUMBER ROUGHBINNUMBER FINEBINNUMBER REVIEWSAMPLE ;
DefectList
 1 104041.000 93437.000 0 0 0.000 0.000 0.000 0.131 0 1 0 0 0 0
 2 90643.000 97892.000 0 0 0.000 0.000 0.000 0.137 0 1 0 0 0 0
 3 104908.000 108658.000 0 0 0.000 0.000 0.000 0.134 0 1 0 0 0 0
 4 110215.000 95981.000 0 0 0.000 0.000 0.000 0.130 0 1 0 0 0 0
 5 89038.000 94531.000 0 0 0.000 0.000 0.000 0.141 0 1 0 0 0 0
 6 89696.000 110411.000 0 0 0.000 0.000 0.000 0.147 0 1 0 0 0 0
 7 91916.000 87785.000 0 0 0.000 0.000 0.000 0.132 0 1 0 0 0 0
 8 113641.000 91735.000 0 0 0.000 0.000 0.000 0.141 0 1 0 0 0 0
 9 81846.000 92708.000 0 0 0.000 0.000 0.000 0.131 0 1 0 0 0 0
 10 97552.000 120417.000 0 0 0.000 0.000 0.000 0.141 0 1 0 0 0 0
 11 76671.000 106516.000 0 0 0.000 0.000 0.000 0.134 0 1 0 0 0 0
 12 121514.000 114353.000 0 0 0.000 0.000 0.000 0.133 0 1 0 0 0 0
 13 106210.000 125456.000 0 0 0.000 0.000 0.000 0.132 0 1 0 0 0 0
 14 77383.000 87220.000 0 0 0.000 0.000 0.000 0.138 0 1 0 0 0 0
 15 96311.000 130700.000 0 0 0.000 0.000 0.000 0.135 0 1 0 0 0 0
 16 127501.000 116403.000 0 0 0.000 0.000 0.000 0.130 0 1 0 0 0 0
 17 74791.000 121184.000 0 0 0.000 0.000 0.000 0.139 0 1 0 0 0 0
 18 132906.000 113963.000 0 0 0.000 0.000 0.000 0.142 0 1 0 0 0 0
 19 118670.000 68841.000 0 0 0.000 0.000 0.000 0.132 0 1 0 0 0 0
 20 65025.000 78814.000 0 0 0.000 0.000 0.000 0.148 0 1 0 0 0 0
 21 82670.000 62043.000 0 0 0.000 0.000 0.000 0.134 0 1 0 0 0 0
 22 136602.000 122466.000 0 0 0.000 0.000 0.000 0.131 0 1 0 0 0 0
 23 142401.000 93206.000 0 0 0.000 0.000 0.000 0.132 0 1 0 0 0 0
 24 78239.000 62565.000 0 0 0.000 0.000 0.000 0.134 0 1 0 0 0 0
 25 56300.000 107418.000 0 0 0.000 0.000 0.000 0.134 0 1 0 0 0 0
 26 70906.000 140064.000 0 0 0.000 0.000 0.000 0.233 0 1 0 0 0 0
 27 80226.000 148193.000 0 0 0.000 0.000 0.000 0.139 0 1 0 0 0 0
 28 67070.000 141111.000 0 0 0.000 0.000 0.000 0.134 0 1 0 0 0 0
 29 88664.000 152945.000 0 0 0.000 0.000 0.000 0.131 0 1 0 0 0 0
 30 51416.000 76093.000 0 0 0.000 0.000 0.000 0.131 0 1 0 0 0 0
 31 44699.000 103372.000 0 0 0.000 0.000 0.000 0.130 0 1 0 0 0 0
 32 152367.000 79563.000 0 0 0.000 0.000 0.000 0.144 0 1 0 0 0 0
 33 61109.000 141318.000 0 0 0.000 0.000 0.000 0.143 0 1 0 0 0 0
 34 111972.000 160158.000 0 0 0.000 0.000 0.000 0.140 0 1 0 0 0 0
 35 158200.000 79865.000 0 0 0.000 0.000 0.000 0.131 0 1 0 0 0 0
 36 102565.000 164025.000 0 0 0.000 0.000 0.000 0.143 0 1 0 0 0 0
 37 112511.000 36944.000 0 0 0.000 0.000 0.000 0.131 0 1 0 0 0 0
 38 71951.000 162161.000 0 0 0.000 0.000 0.000 0.173 0 1 0 0 0 0
 39 71807.000 162695.000 0 0 0.000 0.000 0.000 0.209 0 1 0 0 0 0
 40 113561.000 170538.000 0 0 0.000 0.000 0.000 0.136 0 1 0 0 0 0
 41 150948.000 47556.000 0 0 0.000 0.000 0.000 0.137 0 1 0 0 0 0
 42 141805.000 15592.000 0 0 0.000 0.000 0.000 0.153 0 1 0 0 0 0;
ProcessEquipmentIDList 1
  "6632" ;
SummarySpec 5
  TESTNO    NDEFECT    DEFDENSITY    NDIE    NDEFDIE  ;
SummaryList 
  1    42    0.1536    1    1  ;
EndOfFile;
