FileVersion 1 2;
FileTimestamp 01-11-26 12:16:23;
InspectionStationID "KLA-Tencor" "SFSSP1" "0901-0728-TBI";
SampleType WAFER;
ResultTimestamp 01-11-26 12:08:27;
LotID "2580";
SampleSize 1 200;
DeviceID "None";
SetupID "T2-2580NR" 01-11-26 12:08:27;
StepID "6492";
SampleOrientationMarkType NOTCH;
OrientationMarkLocation DOWN;
DiePitch 200000 200000;
DieOrigin 0 0;
WaferID "09";
Slot 9;
SampleCenterLocation 100000 100000;
ClassLookup 1
  0 "0"  ;
OrientationInstructions "Front";
CoordinatesMirrored No;
InspectionTest 1;
SampleTestPlan 1
  0 0 ;
AreaPerTest 2.73516e+010;
DefectRecordSpec 15 DEFECTID XREL YREL XINDEX YINDEX XSIZE YSIZE DEFECTAREA DSIZE CLASSNUMBER TEST CLUSTERNUMBER ROUGHBINNUMBER FINEBINNUMBER REVIEWSAMPLE ;
DefectList
 1 106830.000 98748.000 0 0 0.000 0.000 0.000 0.137 0 1 0 0 0 0
 2 103817.000 94211.000 0 0 0.000 0.000 0.000 0.168 0 1 0 0 0 0
 3 94939.000 93289.000 0 0 0.000 0.000 0.000 0.131 0 1 0 0 0 0
 4 91644.000 103084.000 0 0 0.000 0.000 0.000 0.132 0 1 0 0 0 0
 5 103099.000 91264.000 0 0 0.000 0.000 0.000 0.132 0 1 0 0 0 0
 6 95363.000 91551.000 0 0 0.000 0.000 0.000 0.143 0 1 0 0 0 0
 7 100608.000 90265.000 0 0 0.000 0.000 0.000 0.133 0 1 0 0 0 0
 8 93398.000 108303.000 0 0 0.000 0.000 0.000 0.134 0 1 0 0 0 0
 9 104590.000 90972.000 0 0 0.000 0.000 0.000 0.164 0 1 0 0 0 0
 10 109027.000 94157.000 0 0 0.000 0.000 0.000 0.142 0 1 0 0 0 0
 11 111230.000 103077.000 0 0 0.000 0.000 0.000 0.130 0 1 0 0 0 0
 12 89564.000 106568.000 0 0 0.000 0.000 0.000 0.138 0 1 0 0 0 0
 13 88585.000 95361.000 0 0 0.000 0.000 0.000 0.165 0 1 0 0 0 0
 14 97279.000 88062.000 0 0 0.000 0.000 0.000 0.131 0 1 0 0 0 0
 15 100948.000 87678.000 0 0 0.000 0.000 0.000 0.134 0 1 0 0 0 0
 16 93549.000 111031.000 0 0 0.000 0.000 0.000 0.155 0 1 0 0 0 0
 17 88014.000 105202.000 0 0 0.000 0.000 0.000 0.147 0 1 0 0 0 0
 18 94621.000 88060.000 0 0 0.000 0.000 0.000 0.130 0 1 0 0 0 0
 19 103690.000 86996.000 0 0 0.000 0.000 0.000 0.137 0 1 0 0 0 0
 20 107186.000 112872.000 0 0 0.000 0.000 0.000 0.155 0 1 0 0 0 0
 21 87021.000 92601.000 0 0 0.000 0.000 0.000 0.154 0 1 0 0 0 0
 22 114233.000 95152.000 0 0 0.000 0.000 0.000 0.132 0 1 0 0 0 0
 23 95612.000 83951.000 0 0 0.000 0.000 0.000 0.130 0 1 0 0 0 0
 24 112565.000 113217.000 0 0 0.000 0.000 0.000 0.141 0 1 0 0 0 0
 25 117018.000 92464.000 0 0 0.000 0.000 0.000 0.140 0 1 0 0 0 0
 26 81368.000 97187.000 0 0 0.000 0.000 0.000 0.146 0 1 0 0 0 0
 27 83033.000 91238.000 0 0 0.000 0.000 0.000 0.130 0 1 0 0 0 0
 28 103634.000 80945.000 0 0 0.000 0.000 0.000 0.136 0 1 0 0 0 0
 29 94638.000 119300.000 0 0 0.000 0.000 0.000 0.131 0 1 0 0 0 0
 30 93840.000 80868.000 0 0 0.000 0.000 0.000 0.164 0 1 0 0 0 0
 31 94570.000 79103.000 0 0 0.000 0.000 0.000 0.145 0 1 0 0 0 0
 32 107780.000 121393.000 0 0 0.000 0.000 0.000 0.171 0 1 0 0 0 0
 33 84936.000 117694.000 0 0 0.000 0.000 0.000 0.156 0 1 0 0 0 0
 34 88008.000 79498.000 0 0 0.000 0.000 0.000 0.138 0 1 0 0 0 0
 35 94573.000 123582.000 0 0 0.000 0.000 0.000 0.137 0 1 0 0 0 0
 36 86900.000 79705.000 0 0 0.000 0.000 0.000 0.133 0 1 0 0 0 0
 37 111360.000 78535.000 0 0 0.000 0.000 0.000 0.159 0 1 0 0 0 0
 38 95699.000 75396.000 0 0 0.000 0.000 0.000 0.158 0 1 0 0 0 0
 39 112834.000 78536.000 0 0 0.000 0.000 0.000 0.131 0 1 0 0 0 0
 40 115521.000 120409.000 0 0 0.000 0.000 0.000 0.144 0 1 0 0 0 0
 41 125598.000 99457.000 0 0 0.000 0.000 0.000 0.133 0 1 0 0 0 0
 42 97877.000 74389.000 0 0 0.000 0.000 0.000 0.146 0 1 0 0 0 0
 43 93664.000 125484.000 0 0 0.000 0.000 0.000 0.132 0 1 0 0 0 0
 44 83214.000 121184.000 0 0 0.000 0.000 0.000 0.148 0 1 0 0 0 0
 45 111546.000 75165.000 0 0 0.000 0.000 0.000 0.153 0 1 0 0 0 0
 46 116335.000 123491.000 0 0 0.000 0.000 0.000 0.138 0 1 0 0 0 0
 47 104765.000 71490.000 0 0 0.000 0.000 0.000 0.142 0 1 0 0 0 0
 48 70984.000 106677.000 0 0 0.000 0.000 0.000 0.167 0 1 0 0 0 0
 49 111481.000 128001.000 0 0 0.000 0.000 0.000 0.134 0 1 0 0 0 0
 50 120049.000 77715.000 0 0 0.000 0.000 0.000 0.154 0 1 0 0 0 0
 51 69274.000 98359.000 0 0 0.000 0.000 0.000 0.132 0 1 0 0 0 0
 52 125905.000 116681.000 0 0 0.000 0.000 0.000 0.133 0 1 0 0 0 0
 53 123421.000 80084.000 0 0 0.000 0.000 0.000 0.130 0 1 0 0 0 0
 54 124171.000 80809.000 0 0 0.000 0.000 0.000 0.136 0 1 0 0 0 0
 55 95885.000 69009.000 0 0 0.000 0.000 0.000 0.148 0 1 0 0 0 0
 56 131163.000 105054.000 0 0 0.000 0.000 0.000 0.155 0 1 0 0 0 0
 57 68390.000 89781.000 0 0 0.000 0.000 0.000 0.130 0 1 0 0 0 0
 58 66807.000 95407.000 0 0 0.000 0.000 0.000 0.141 0 1 0 0 0 0
 59 71384.000 82970.000 0 0 0.000 0.000 0.000 0.132 0 1 0 0 0 0
 60 122679.000 124788.000 0 0 0.000 0.000 0.000 0.163 0 1 0 0 0 0
 61 121927.000 125761.000 0 0 0.000 0.000 0.000 0.140 0 1 0 0 0 0
 62 78283.000 73955.000 0 0 0.000 0.000 0.000 0.133 0 1 0 0 0 0
 63 64814.000 104997.000 0 0 0.000 0.000 0.000 0.159 0 1 0 0 0 0
 64 65246.000 91320.000 0 0 0.000 0.000 0.000 0.131 0 1 0 0 0 0
 65 103612.000 64621.000 0 0 0.000 0.000 0.000 0.132 0 1 0 0 0 0
 66 64502.000 93326.000 0 0 0.000 0.000 0.000 0.134 0 1 0 0 0 0
 67 66325.000 114603.000 0 0 0.000 0.000 0.000 0.133 0 1 0 0 0 0
 68 64244.000 90357.000 0 0 0.000 0.000 0.000 0.133 0 1 0 0 0 0
 69 62850.000 102549.000 0 0 0.000 0.000 0.000 0.152 0 1 0 0 0 0
 70 75458.000 128398.000 0 0 0.000 0.000 0.000 0.138 0 1 0 0 0 0
 71 107510.000 136817.000 0 0 0.000 0.000 0.000 0.134 0 1 0 0 0 0
 72 126015.000 73245.000 0 0 0.000 0.000 0.000 0.151 0 1 0 0 0 0
 73 97594.000 137945.000 0 0 0.000 0.000 0.000 0.134 0 1 0 0 0 0
 74 81196.000 67296.000 0 0 0.000 0.000 0.000 0.137 0 1 0 0 0 0
 75 73114.000 127138.000 0 0 0.000 0.000 0.000 0.141 0 1 0 0 0 0
 76 65903.000 82402.000 0 0 0.000 0.000 0.000 0.132 0 1 0 0 0 0
 77 83618.000 64686.000 0 0 0.000 0.000 0.000 0.140 0 1 0 0 0 0
 78 94759.000 61486.000 0 0 0.000 0.000 0.000 0.181 0 1 0 0 0 0
 79 113930.000 136946.000 0 0 0.000 0.000 0.000 0.141 0 1 0 0 0 0
 80 94782.000 139215.000 0 0 0.000 0.000 0.000 0.137 0 1 0 0 0 0
 81 109564.000 62142.000 0 0 0.000 0.000 0.000 0.131 0 1 0 0 0 0
 82 137701.000 87805.000 0 0 0.000 0.000 0.000 0.133 0 1 0 0 0 0
 83 70136.000 73214.000 0 0 0.000 0.000 0.000 0.131 0 1 0 0 0 0
 84 117023.000 62888.000 0 0 0.000 0.000 0.000 0.136 0 1 0 0 0 0
 85 138085.000 116421.000 0 0 0.000 0.000 0.000 0.147 0 1 0 0 0 0
 86 141330.000 94493.000 0 0 0.000 0.000 0.000 0.152 0 1 0 0 0 0
 87 60604.000 86066.000 0 0 0.000 0.000 0.000 0.131 0 1 0 0 0 0
 88 140852.000 90733.000 0 0 0.000 0.000 0.000 0.136 0 1 0 0 0 0
 89 130952.000 70746.000 0 0 0.000 0.000 0.000 0.138 0 1 0 0 0 0
 90 105568.000 143007.000 0 0 0.000 0.000 0.000 0.145 0 1 0 0 0 0
 91 143067.000 92216.000 0 0 0.000 0.000 0.000 0.134 0 1 0 0 0 0
 92 57298.000 89353.000 0 0 0.000 0.000 0.000 0.143 0 1 0 0 0 0
 93 69494.000 68475.000 0 0 0.000 0.000 0.000 0.139 0 1 0 0 0 0
 94 70168.000 67696.000 0 0 0.000 0.000 0.000 0.133 0 1 0 0 0 0
 95 58426.000 116466.000 0 0 0.000 0.000 0.000 0.152 0 1 0 0 0 0
 96 141374.000 117450.000 0 0 0.000 0.000 0.000 0.135 0 1 0 0 0 0
 97 144961.000 101267.000 0 0 0.000 0.000 0.000 0.147 0 1 0 0 0 0
 98 56265.000 111627.000 0 0 0.000 0.000 0.000 0.158 0 1 0 0 0 0
 99 67756.000 68163.000 0 0 0.000 0.000 0.000 0.138 0 1 0 0 0 0
 100 134153.000 130708.000 0 0 0.000 0.000 0.000 0.139 0 1 0 0 0 0
 101 56621.000 115690.000 0 0 0.000 0.000 0.000 0.160 0 1 0 0 0 0
 102 59693.000 77517.000 0 0 0.000 0.000 0.000 0.142 0 1 0 0 0 0
 103 136626.000 72237.000 0 0 0.000 0.000 0.000 0.140 0 1 0 0 0 0
 104 60932.000 74489.000 0 0 0.000 0.000 0.000 0.132 0 1 0 0 0 0
 105 122333.000 59106.000 0 0 0.000 0.000 0.000 0.150 0 1 0 0 0 0
 106 145864.000 109803.000 0 0 0.000 0.000 0.000 0.158 0 1 0 0 0 0
 107 142455.000 120866.000 0 0 0.000 0.000 0.000 0.142 0 1 0 0 0 0
 108 61410.000 72790.000 0 0 0.000 0.000 0.000 0.137 0 1 0 0 0 0
 109 136773.000 70374.000 0 0 0.000 0.000 0.000 0.134 0 1 0 0 0 0
 110 77046.000 142458.000 0 0 0.000 0.000 0.000 0.155 0 1 0 0 0 0
 111 68625.000 137162.000 0 0 0.000 0.000 0.000 0.135 0 1 0 0 0 0
 112 55864.000 120249.000 0 0 0.000 0.000 0.000 0.144 0 1 0 0 0 0
 113 51922.000 106016.000 0 0 0.000 0.000 0.000 0.142 0 1 0 0 0 0
 114 135276.000 66720.000 0 0 0.000 0.000 0.000 0.132 0 1 0 0 0 0
 115 110970.000 52492.000 0 0 0.000 0.000 0.000 0.137 0 1 0 0 0 0
 116 121069.000 145141.000 0 0 0.000 0.000 0.000 0.134 0 1 0 0 0 0
 117 66287.000 62713.000 0 0 0.000 0.000 0.000 0.135 0 1 0 0 0 0
 118 123286.000 144958.000 0 0 0.000 0.000 0.000 0.134 0 1 0 0 0 0
 119 49330.000 94948.000 0 0 0.000 0.000 0.000 0.155 0 1 0 0 0 0
 120 147755.000 118020.000 0 0 0.000 0.000 0.000 0.137 0 1 0 0 0 0
 121 144010.000 126467.000 0 0 0.000 0.000 0.000 0.134 0 1 0 0 0 0
 122 47831.000 108844.000 0 0 0.000 0.000 0.000 0.132 0 1 0 0 0 0
 123 120015.000 149374.000 0 0 0.000 0.000 0.000 0.163 0 1 0 0 0 0
 124 150092.000 118799.000 0 0 0.000 0.000 0.000 0.137 0 1 0 0 0 0
 125 77677.000 148853.000 0 0 0.000 0.000 0.000 0.141 0 1 0 0 0 0
 126 136630.000 61223.000 0 0 0.000 0.000 0.000 0.131 0 1 0 0 0 0
 127 137342.000 61801.000 0 0 0.000 0.000 0.000 0.138 0 1 0 0 0 0
 128 153564.000 98432.000 0 0 0.000 0.000 0.000 0.139 0 1 0 0 0 0
 129 107434.000 153862.000 0 0 0.000 0.000 0.000 0.151 0 1 0 0 0 0
 130 58305.000 65749.000 0 0 0.000 0.000 0.000 0.131 0 1 0 0 0 0
 131 120838.000 49546.000 0 0 0.000 0.000 0.000 0.147 0 1 0 0 0 0
 132 70428.000 52911.000 0 0 0.000 0.000 0.000 0.136 0 1 0 0 0 0
 133 149898.000 124889.000 0 0 0.000 0.000 0.000 0.134 0 1 0 0 0 0
 134 70468.000 148031.000 0 0 0.000 0.000 0.000 0.172 0 1 0 0 0 0
 135 44273.000 108445.000 0 0 0.000 0.000 0.000 0.140 0 1 0 0 0 0
 136 120996.000 46156.000 0 0 0.000 0.000 0.000 0.139 0 1 0 0 0 0
 137 45775.000 77634.000 0 0 0.000 0.000 0.000 0.131 0 1 0 0 0 0
 138 158585.000 113213.000 0 0 0.000 0.000 0.000 0.136 0 1 0 0 0 0
 139 65407.000 149500.000 0 0 0.000 0.000 0.000 0.133 0 1 0 0 0 0
 140 154676.000 125733.000 0 0 0.000 0.000 0.000 0.133 0 1 0 0 0 0
 141 151077.000 68020.000 0 0 0.000 0.000 0.000 0.136 0 1 0 0 0 0
 142 118765.000 158237.000 0 0 0.000 0.000 0.000 0.131 0 1 0 0 0 0
 143 53398.000 139927.000 0 0 0.000 0.000 0.000 0.137 0 1 0 0 0 0
 144 42907.000 122683.000 0 0 0.000 0.000 0.000 0.138 0 1 0 0 0 0
 145 42098.000 79803.000 0 0 0.000 0.000 0.000 0.133 0 1 0 0 0 0
 146 41720.000 79349.000 0 0 0.000 0.000 0.000 0.140 0 1 0 0 0 0
 147 156980.000 76294.000 0 0 0.000 0.000 0.000 0.229 0 1 0 0 0 0
 148 129769.000 154510.000 0 0 0.000 0.000 0.000 0.136 0 1 0 0 0 0
 149 115588.000 39615.000 0 0 0.000 0.000 0.000 0.137 0 1 0 0 0 0
 150 37168.000 97347.000 0 0 0.000 0.000 0.000 0.134 0 1 0 0 0 0
 151 112769.000 161903.000 0 0 0.000 0.000 0.000 0.146 0 1 0 0 0 0
 152 99442.000 36364.000 0 0 0.000 0.000 0.000 0.133 0 1 0 0 0 0
 153 36020.000 94162.000 0 0 0.000 0.000 0.000 0.152 0 1 0 0 0 0
 154 57451.000 52239.000 0 0 0.000 0.000 0.000 0.132 0 1 0 0 0 0
 155 86310.000 163870.000 0 0 0.000 0.000 0.000 0.139 0 1 0 0 0 0
 156 106605.000 34960.000 0 0 0.000 0.000 0.000 0.140 0 1 0 0 0 0
 157 159481.000 127756.000 0 0 0.000 0.000 0.000 0.130 0 1 0 0 0 0
 158 164299.000 85162.000 0 0 0.000 0.000 0.000 0.134 0 1 0 0 0 0
 159 101775.000 34087.000 0 0 0.000 0.000 0.000 0.140 0 1 0 0 0 0
 160 167521.000 104572.000 0 0 0.000 0.000 0.000 0.132 0 1 0 0 0 0
 161 153485.000 141806.000 0 0 0.000 0.000 0.000 0.135 0 1 0 0 0 0
 162 142652.000 47517.000 0 0 0.000 0.000 0.000 0.163 0 1 0 0 0 0
 163 31171.000 88451.000 0 0 0.000 0.000 0.000 0.130 0 1 0 0 0 0
 164 66279.000 162206.000 0 0 0.000 0.000 0.000 0.130 0 1 0 0 0 0
 165 170257.000 107838.000 0 0 0.000 0.000 0.000 0.133 0 1 0 0 0 0
 166 56130.000 156551.000 0 0 0.000 0.000 0.000 0.133 0 1 0 0 0 0
 167 55105.000 156887.000 0 0 0.000 0.000 0.000 0.131 0 1 0 0 0 0
 168 141530.000 159997.000 0 0 0.000 0.000 0.000 0.130 0 1 0 0 0 0
 169 152202.000 151363.000 0 0 0.000 0.000 0.000 0.146 0 1 0 0 0 0
 170 146197.000 42910.000 0 0 0.000 0.000 0.000 0.141 0 1 0 0 0 0
 171 76872.000 173093.000 0 0 0.000 0.000 0.000 0.132 0 1 0 0 0 0
 172 149077.000 41172.000 0 0 0.000 0.000 0.000 0.249 0 1 0 0 0 0
 173 150294.000 40477.000 0 0 0.000 0.000 0.000 0.143 0 1 0 0 0 0
 174 149855.000 39411.000 0 0 0.000 0.000 0.000 0.172 0 1 0 0 0 0
 175 120926.000 176171.000 0 0 0.000 0.000 0.000 0.259 0 1 0 0 0 0
 176 150581.000 39167.000 0 0 0.000 0.000 0.000 0.151 0 1 0 0 0 0
 177 123657.000 23678.000 0 0 0.000 0.000 0.000 0.138 0 1 0 0 0 0
 178 47279.000 162954.000 0 0 0.000 0.000 0.000 0.152 0 1 0 0 0 0
 179 152834.000 37148.000 0 0 0.000 0.000 0.000 0.142 0 1 0 0 0 0
 180 104755.000 16875.000 0 0 0.000 0.000 0.000 0.182 0 1 0 0 0 0
 181 136719.000 23371.000 0 0 0.000 0.000 0.000 0.164 0 1 0 0 0 0
 182 157485.000 32562.000 0 0 0.000 0.000 0.000 0.148 0 1 0 0 0 0
 183 158928.000 32099.000 0 0 0.000 0.000 0.000 0.164 0 1 0 0 0 0
 184 158364.000 31213.000 0 0 0.000 0.000 0.000 0.164 0 1 0 0 0 0
 185 14663.000 141469.000 0 0 0.000 0.000 0.000 0.163 0 1 0 0 0 0;
ProcessEquipmentIDList 1
  "6632" ;
SummarySpec 5
  TESTNO    NDEFECT    DEFDENSITY    NDIE    NDEFDIE  ;
SummaryList 
  1    185    0.6764    1    1  ;
EndOfFile;
