FileVersion 1 2;
FileTimestamp 01-11-26 13:11:18;
InspectionStationID "KLA-Tencor" "SFSSP1" "0901-0728-TBI";
SampleType WAFER;
ResultTimestamp 01-11-26 13:00:14;
LotID "2580";
SampleSize 1 200;
DeviceID "None";
SetupID "T2-2580NR" 01-11-26 13:00:14;
StepID "6492";
SampleOrientationMarkType NOTCH;
OrientationMarkLocation DOWN;
DiePitch 200000 200000;
DieOrigin 0 0;
WaferID "18";
Slot 18;
SampleCenterLocation 100000 100000;
ClassLookup 1
  0 "0"  ;
OrientationInstructions "Front";
CoordinatesMirrored No;
InspectionTest 1;
SampleTestPlan 1
  0 0 ;
AreaPerTest 2.73517e+010;
ClusterClassificationList 1
  1 200 ;
DefectRecordSpec 15 DEFECTID XREL YREL XINDEX YINDEX XSIZE YSIZE DEFECTAREA DSIZE CLASSNUMBER TEST CLUSTERNUMBER ROUGHBINNUMBER FINEBINNUMBER REVIEWSAMPLE ;
DefectList
 1 98301.000 102815.000 0 0 0.000 0.000 0.000 0.145 0 1 0 0 0 0
 2 96683.000 99747.000 0 0 0.000 0.000 0.000 0.137 0 1 0 0 0 0
 3 94009.000 101536.000 0 0 0.000 0.000 0.000 0.131 0 1 0 0 0 0
 4 102507.000 106193.000 0 0 0.000 0.000 0.000 0.152 0 1 0 0 0 0
 5 104800.000 105945.000 0 0 0.000 0.000 0.000 0.136 0 1 0 0 0 0
 6 98167.000 107566.000 0 0 0.000 0.000 0.000 0.142 0 1 0 0 0 0
 7 95104.000 93160.000 0 0 0.000 0.000 0.000 0.140 0 1 0 0 0 0
 8 95112.000 92953.000 0 0 0.000 0.000 0.000 0.141 0 1 0 0 0 0
 9 110511.000 98222.000 0 0 0.000 0.000 0.000 0.134 0 1 0 0 0 0
 10 105290.000 109694.000 0 0 0.000 0.000 0.000 0.151 0 1 0 0 0 0
 11 112146.000 100388.000 0 0 0.000 0.000 0.000 0.143 0 1 0 0 0 0
 12 101749.000 113150.000 0 0 0.000 0.000 0.000 0.156 0 1 0 0 0 0
 13 86753.000 102003.000 0 0 0.000 0.000 0.000 0.140 0 1 0 0 0 0
 14 101102.000 87006.000 0 0 0.000 0.000 0.000 0.132 0 1 0 0 0 0
 15 96106.000 113147.000 0 0 0.000 0.000 0.000 0.133 0 1 0 0 0 0
 16 90243.000 110819.000 0 0 0.000 0.000 0.000 0.144 0 1 0 0 0 0
 17 94472.000 86583.000 0 0 0.000 0.000 0.000 0.137 0 1 0 0 0 0
 18 105803.000 85828.000 0 0 0.000 0.000 0.000 0.141 0 1 0 0 0 0
 19 113192.000 109771.000 0 0 0.000 0.000 0.000 0.141 0 1 0 0 0 0
 20 84072.000 94345.000 0 0 0.000 0.000 0.000 0.132 0 1 0 0 0 0
 21 84481.000 92791.000 0 0 0.000 0.000 0.000 0.138 0 1 0 0 0 0
 22 107069.000 84348.000 0 0 0.000 0.000 0.000 0.175 0 1 0 0 0 0
 23 111577.000 114277.000 0 0 0.000 0.000 0.000 0.137 0 1 0 0 0 0
 24 113822.000 112746.000 0 0 0.000 0.000 0.000 0.136 0 1 0 0 0 0
 25 116669.000 109059.000 0 0 0.000 0.000 0.000 0.138 0 1 0 0 0 0
 26 80282.000 93537.000 0 0 0.000 0.000 0.000 0.148 0 1 0 0 0 0
 27 115950.000 113504.000 0 0 0.000 0.000 0.000 0.132 0 1 0 0 0 0
 28 111084.000 118617.000 0 0 0.000 0.000 0.000 0.144 0 1 0 0 0 0
 29 84917.000 84541.000 0 0 0.000 0.000 0.000 0.131 0 1 0 0 0 0
 30 110094.000 120574.000 0 0 0.000 0.000 0.000 0.132 0 1 0 0 0 0
 31 111764.000 80665.000 0 0 0.000 0.000 0.000 0.132 0 1 0 0 0 0
 32 77446.000 104704.000 0 0 0.000 0.000 0.000 0.145 0 1 0 0 0 0
 33 119000.000 85833.000 0 0 0.000 0.000 0.000 0.146 0 1 0 0 0 0
 34 75287.000 103183.000 0 0 0.000 0.000 0.000 0.145 0 1 0 0 0 0
 35 84235.000 120867.000 0 0 0.000 0.000 0.000 0.133 0 1 0 0 0 0
 36 75910.000 110773.000 0 0 0.000 0.000 0.000 0.139 0 1 0 0 0 0
 37 99932.000 126631.000 0 0 0.000 0.000 0.000 0.142 0 1 0 0 0 0
 38 89133.000 75368.000 0 0 0.000 0.000 0.000 0.145 0 1 0 0 0 0
 39 116166.000 122085.000 0 0 0.000 0.000 0.000 0.133 0 1 0 0 0 0
 40 119997.000 81778.000 0 0 0.000 0.000 0.000 0.143 0 1 0 0 0 0
 41 122801.000 85279.000 0 0 0.000 0.000 0.000 0.138 0 1 0 0 0 0
 42 126370.000 93462.000 0 0 0.000 0.000 0.000 0.143 0 1 0 0 0 0
 43 113810.000 124552.000 0 0 0.000 0.000 0.000 0.136 0 1 0 0 0 0
 44 99099.000 128269.000 0 0 0.000 0.000 0.000 0.131 0 1 0 0 0 0
 45 125042.000 87594.000 0 0 0.000 0.000 0.000 0.137 0 1 0 0 0 0
 46 71806.000 105497.000 0 0 0.000 0.000 0.000 0.148 0 1 0 0 0 0
 47 128732.000 104058.000 0 0 0.000 0.000 0.000 0.134 0 1 0 0 0 0
 48 75172.000 84264.000 0 0 0.000 0.000 0.000 0.134 0 1 0 0 0 0
 49 96478.000 70957.000 0 0 0.000 0.000 0.000 0.140 0 1 0 0 0 0
 50 70308.000 102200.000 0 0 0.000 0.000 0.000 0.131 0 1 0 0 0 0
 51 78091.000 121669.000 0 0 0.000 0.000 0.000 0.152 0 1 0 0 0 0
 52 126451.000 116788.000 0 0 0.000 0.000 0.000 0.154 0 1 0 0 0 0
 53 113221.000 129264.000 0 0 0.000 0.000 0.000 0.144 0 1 0 0 0 0
 54 131119.000 108152.000 0 0 0.000 0.000 0.000 0.136 0 1 0 0 0 0
 55 86061.000 129941.000 0 0 0.000 0.000 0.000 0.148 0 1 0 0 0 0
 56 133238.000 100980.000 0 0 0.000 0.000 0.000 0.138 0 1 0 0 0 0
 57 67154.000 93976.000 0 0 0.000 0.000 0.000 0.148 0 1 0 0 0 0
 58 89816.000 68470.000 0 0 0.000 0.000 0.000 0.130 0 1 0 0 0 0
 59 66745.000 105018.000 0 0 0.000 0.000 0.000 0.144 0 1 0 0 0 0
 60 132652.000 107780.000 0 0 0.000 0.000 0.000 0.136 0 1 0 0 0 0
 61 89014.000 68068.000 0 0 0.000 0.000 0.000 0.135 0 1 0 0 0 0
 62 108438.000 66873.000 0 0 0.000 0.000 0.000 0.135 0 1 0 0 0 0
 63 133078.000 110108.000 0 0 0.000 0.000 0.000 0.141 0 1 0 0 0 0
 64 123614.000 74826.000 0 0 0.000 0.000 0.000 0.130 0 1 0 0 0 0
 65 100671.000 64832.000 0 0 0.000 0.000 0.000 0.130 0 1 0 0 0 0
 66 70237.000 80834.000 0 0 0.000 0.000 0.000 0.151 0 1 0 0 0 0
 67 115238.000 68128.000 0 0 0.000 0.000 0.000 0.136 0 1 0 0 0 0
 68 131433.000 83424.000 0 0 0.000 0.000 0.000 0.134 0 1 0 0 0 0
 69 132942.000 85482.000 0 0 0.000 0.000 0.000 0.133 0 1 0 0 0 0
 70 78980.000 130165.000 0 0 0.000 0.000 0.000 0.146 0 1 0 0 0 0
 71 64731.000 109642.000 0 0 0.000 0.000 0.000 0.150 0 1 0 0 0 0
 72 81340.000 131848.000 0 0 0.000 0.000 0.000 0.141 0 1 0 0 0 0
 73 124524.000 72150.000 0 0 0.000 0.000 0.000 0.149 0 1 0 0 0 0
 74 106932.000 63592.000 0 0 0.000 0.000 0.000 0.163 0 1 0 0 0 0
 75 110999.000 64517.000 0 0 0.000 0.000 0.000 0.154 0 1 0 0 0 0
 76 122623.000 69934.000 0 0 0.000 0.000 0.000 0.136 0 1 0 0 0 0
 77 125037.000 129273.000 0 0 0.000 0.000 0.000 0.145 0 1 0 0 0 0
 78 103742.000 61775.000 0 0 0.000 0.000 0.000 0.141 0 1 0 0 0 0
 79 137678.000 89810.000 0 0 0.000 0.000 0.000 0.153 0 1 0 0 0 0
 80 120587.000 66729.000 0 0 0.000 0.000 0.000 0.130 0 1 0 0 0 0
 81 100502.000 139764.000 0 0 0.000 0.000 0.000 0.137 0 1 0 0 0 0
 82 91316.000 139278.000 0 0 0.000 0.000 0.000 0.132 0 1 0 0 0 0
 83 111070.000 61923.000 0 0 0.000 0.000 0.000 0.173 0 1 0 0 0 0
 84 138589.000 112066.000 0 0 0.000 0.000 0.000 0.162 0 1 0 0 0 0
 85 60825.000 112672.000 0 0 0.000 0.000 0.000 0.140 0 1 0 0 0 0
 86 108091.000 59010.000 0 0 0.000 0.000 0.000 0.132 0 1 0 0 0 0
 87 141585.000 107629.000 0 0 0.000 0.000 0.000 0.142 0 1 0 0 0 0
 88 135739.000 123027.000 0 0 0.000 0.000 0.000 0.155 0 1 0 0 0 0
 89 133411.000 127537.000 0 0 0.000 0.000 0.000 0.132 0 1 0 0 0 0
 90 128869.000 67572.000 0 0 0.000 0.000 0.000 0.138 0 1 0 0 0 0
 91 78085.000 138611.000 0 0 0.000 0.000 0.000 0.139 0 1 0 0 0 0
 92 116173.000 59063.000 0 0 0.000 0.000 0.000 0.136 0 1 0 0 0 0
 93 91109.000 143807.000 0 0 0.000 0.000 0.000 0.148 0 1 0 0 0 0
 94 103009.000 55680.000 0 0 0.000 0.000 0.000 0.144 0 1 0 0 0 0
 95 132969.000 67591.000 0 0 0.000 0.000 0.000 0.141 0 1 0 0 0 0
 96 73498.000 139122.000 0 0 0.000 0.000 0.000 0.137 0 1 0 0 0 0
 97 52862.000 104468.000 0 0 0.000 0.000 0.000 0.134 0 1 0 0 0 0
 98 72819.000 61433.000 0 0 0.000 0.000 0.000 0.142 0 1 0 0 0 0
 99 146414.000 91449.000 0 0 0.000 0.000 0.000 0.132 0 1 0 0 0 0
 100 142969.000 120520.000 0 0 0.000 0.000 0.000 0.130 0 1 0 0 0 0
 101 121723.000 56757.000 0 0 0.000 0.000 0.000 0.135 0 1 0 0 0 0
 102 81033.000 54171.000 0 0 0.000 0.000 0.000 0.140 0 1 0 0 0 0
 103 82023.000 146836.000 0 0 0.000 0.000 0.000 0.155 0 1 0 0 0 0
 104 120390.000 53902.000 0 0 0.000 0.000 0.000 0.134 0 1 0 0 0 0
 105 146819.000 119789.000 0 0 0.000 0.000 0.000 0.285 0 1 0 0 0 0
 106 141983.000 130130.000 0 0 0.000 0.000 0.000 0.138 0 1 0 0 0 0
 107 65043.000 61895.000 0 0 0.000 0.000 0.000 0.158 0 1 0 0 0 0
 108 135070.000 61731.000 0 0 0.000 0.000 0.000 0.131 0 1 0 0 0 0
 109 142923.000 130975.000 0 0 0.000 0.000 0.000 0.161 0 1 0 0 0 0
 110 107852.000 47479.000 0 0 0.000 0.000 0.000 0.154 0 1 0 0 0 0
 111 151136.000 115945.000 0 0 0.000 0.000 0.000 0.137 0 1 0 0 0 0
 112 50960.000 122209.000 0 0 0.000 0.000 0.000 0.131 0 1 0 0 0 0
 113 46740.000 108239.000 0 0 0.000 0.000 0.000 0.140 0 1 0 0 0 0
 114 110649.000 47332.000 0 0 0.000 0.000 0.000 0.141 0 1 0 0 0 0
 115 150786.000 118337.000 0 0 0.000 0.000 0.000 0.132 0 1 0 0 0 0
 116 51634.000 124597.000 0 0 0.000 0.000 0.000 0.133 0 1 0 0 0 0
 117 57812.000 134322.000 0 0 0.000 0.000 0.000 0.139 0 1 0 0 0 0
 118 146611.000 128659.000 0 0 0.000 0.000 0.000 0.133 0 1 0 0 0 0
 119 62980.000 140508.000 0 0 0.000 0.000 0.000 0.130 0 1 0 0 0 0
 120 152063.000 83109.000 0 0 0.000 0.000 0.000 0.136 0 1 0 0 0 0
 121 70441.000 52247.000 0 0 0.000 0.000 0.000 0.131 0 1 0 0 0 0
 122 82361.000 46799.000 0 0 0.000 0.000 0.000 0.131 0 1 0 0 0 0
 123 155043.000 88117.000 0 0 0.000 0.000 0.000 0.132 0 1 0 0 0 0
 124 113063.000 155026.000 0 0 0.000 0.000 0.000 0.139 0 1 0 0 0 0
 125 44957.000 114575.000 0 0 0.000 0.000 0.000 0.134 0 1 0 0 0 0
 126 119167.000 46628.000 0 0 0.000 0.000 0.000 0.136 0 1 0 0 0 0
 127 51732.000 69577.000 0 0 0.000 0.000 0.000 0.138 0 1 0 0 0 0
 128 134873.000 145620.000 0 0 0.000 0.000 0.000 0.149 0 1 0 0 0 0
 129 153493.000 78708.000 0 0 0.000 0.000 0.000 0.132 0 1 0 0 0 0
 130 120671.000 154809.000 0 0 0.000 0.000 0.000 0.134 0 1 0 0 0 0
 131 43663.000 117652.000 0 0 0.000 0.000 0.000 0.143 0 1 0 0 0 0
 132 119003.000 44146.000 0 0 0.000 0.000 0.000 0.134 0 1 0 0 0 0
 133 159331.000 102779.000 0 0 0.000 0.000 0.000 0.130 0 1 0 0 0 0
 134 56844.000 141285.000 0 0 0.000 0.000 0.000 0.136 0 1 0 0 0 0
 135 41561.000 84979.000 0 0 0.000 0.000 0.000 0.132 0 1 0 0 0 0
 136 47616.000 131929.000 0 0 0.000 0.000 0.000 0.130 0 1 0 0 0 0
 137 124092.000 157432.000 0 0 0.000 0.000 0.000 0.149 0 1 0 0 0 0
 138 118664.000 39949.000 0 0 0.000 0.000 0.000 0.135 0 1 0 0 0 0
 139 47661.000 135710.000 0 0 0.000 0.000 0.000 0.136 0 1 0 0 0 0
 140 53897.000 144645.000 0 0 0.000 0.000 0.000 0.134 0 1 0 0 0 0
 141 164108.000 93529.000 0 0 52.000 28.000 1456.000 38.157 0 1 1 200 0 0
 142 164361.000 93340.000 0 0 52.000 28.000 1456.000 38.157 0 1 1 200 0 0
 143 38219.000 119677.000 0 0 0.000 0.000 0.000 0.132 0 1 0 0 0 0
 144 164859.000 94147.000 0 0 52.000 28.000 1456.000 38.157 0 1 1 200 0 0
 145 165167.000 94299.000 0 0 52.000 28.000 1456.000 38.157 0 1 1 200 0 0
 146 165278.000 93248.000 0 0 52.000 28.000 1456.000 38.157 0 1 1 200 0 0
 147 165617.000 93895.000 0 0 52.000 28.000 1456.000 38.157 0 1 1 200 0 0
 148 165620.000 94098.000 0 0 52.000 28.000 1456.000 38.157 0 1 1 200 0 0
 149 100036.000 166320.000 0 0 0.000 0.000 0.000 0.138 0 1 0 0 0 0
 150 166263.000 102098.000 0 0 0.000 0.000 0.000 0.133 0 1 0 0 0 0
 151 50739.000 55680.000 0 0 0.000 0.000 0.000 0.131 0 1 0 0 0 0
 152 165999.000 110029.000 0 0 0.000 0.000 0.000 0.133 0 1 0 0 0 0
 153 88791.000 166272.000 0 0 0.000 0.000 0.000 0.134 0 1 0 0 0 0
 154 34331.000 86663.000 0 0 0.000 0.000 0.000 0.133 0 1 0 0 0 0
 155 140089.000 45719.000 0 0 0.000 0.000 0.000 0.141 0 1 0 0 0 0
 156 81152.000 165764.000 0 0 0.000 0.000 0.000 0.132 0 1 0 0 0 0
 157 158075.000 135939.000 0 0 0.000 0.000 0.000 0.139 0 1 0 0 0 0
 158 80649.000 33825.000 0 0 0.000 0.000 0.000 0.136 0 1 0 0 0 0
 159 81635.000 33018.000 0 0 0.000 0.000 0.000 0.131 0 1 0 0 0 0
 160 162632.000 130747.000 0 0 0.000 0.000 0.000 0.130 0 1 0 0 0 0
 161 130761.000 163350.000 0 0 0.000 0.000 0.000 0.132 0 1 0 0 0 0
 162 123189.000 33730.000 0 0 0.000 0.000 0.000 0.135 0 1 0 0 0 0
 163 80061.000 32407.000 0 0 0.000 0.000 0.000 0.132 0 1 0 0 0 0
 164 31022.000 81181.000 0 0 0.000 0.000 0.000 0.137 0 1 0 0 0 0
 165 28311.000 90572.000 0 0 0.000 0.000 0.000 0.154 0 1 0 0 0 0
 166 67724.000 34494.000 0 0 0.000 0.000 0.000 0.134 0 1 0 0 0 0
 167 160083.000 142891.000 0 0 0.000 0.000 0.000 0.132 0 1 0 0 0 0
 168 136498.000 35532.000 0 0 0.000 0.000 0.000 0.130 0 1 0 0 0 0
 169 108198.000 26178.000 0 0 0.000 0.000 0.000 0.132 0 1 0 0 0 0
 170 84692.000 173832.000 0 0 0.000 0.000 0.000 0.131 0 1 0 0 0 0
 171 30746.000 129701.000 0 0 0.000 0.000 0.000 0.134 0 1 0 0 0 0
 172 176242.000 96144.000 0 0 0.000 0.000 0.000 0.138 0 1 0 0 0 0
 173 55028.000 37701.000 0 0 0.000 0.000 0.000 0.133 0 1 0 0 0 0
 174 134795.000 31584.000 0 0 0.000 0.000 0.000 0.131 0 1 0 0 0 0
 175 144907.000 37093.000 0 0 0.000 0.000 0.000 0.136 0 1 0 0 0 0
 176 22426.000 92907.000 0 0 0.000 0.000 0.000 0.137 0 1 0 0 0 0
 177 151530.000 40874.000 0 0 0.000 0.000 0.000 0.133 0 1 0 0 0 0
 178 97761.000 179924.000 0 0 0.000 0.000 0.000 0.131 0 1 0 0 0 0
 179 151103.000 161535.000 0 0 0.000 0.000 0.000 0.142 0 1 0 0 0 0
 180 79757.000 178222.000 0 0 0.000 0.000 0.000 0.137 0 1 0 0 0 0
 181 51580.000 165306.000 0 0 0.000 0.000 0.000 0.130 0 1 0 0 0 0
 182 45206.000 162047.000 0 0 0.000 0.000 0.000 0.130 0 1 0 0 0 0
 183 158209.000 41123.000 0 0 0.000 0.000 0.000 0.147 0 1 0 0 0 0
 184 24393.000 62371.000 0 0 0.000 0.000 0.000 0.133 0 1 0 0 0 0
 185 163494.000 93873.000 0 0 10.573 109.569 1158.543 34.037 0 1 1 200 0 0
 186 163661.000 93857.000 0 0 22.087 228.884 5055.584 71.102 0 1 1 200 0 0
 187 163831.000 93839.000 0 0 17.721 183.596 3253.553 57.039 0 1 1 200 0 0
 188 163997.000 93800.000 0 0 20.211 208.609 4216.379 64.933 0 1 1 200 0 0
 189 164166.000 93780.000 0 0 21.769 224.549 4888.275 69.916 0 1 1 200 0 0
 190 164195.000 94084.000 0 0 19.004 206.195 3918.689 62.599 0 1 1 200 0 0
 191 164336.000 93762.000 0 0 29.009 299.170 8678.717 93.159 0 1 1 200 0 0
 192 164362.000 94030.000 0 0 20.035 215.968 4327.067 65.780 0 1 1 200 0 0
 193 164373.000 94148.000 0 0 0.842 9.270 7.812 2.795 0 1 1 200 0 0
 194 164502.000 93732.000 0 0 25.541 262.822 6712.903 81.932 0 1 1 200 0 0
 195 164651.000 93504.000 0 0 2.180 21.703 47.328 6.879 0 1 1 200 0 0
 196 164670.000 93694.000 0 0 30.534 313.120 9560.955 97.780 0 1 1 200 0 0
 197 164813.000 93420.000 0 0 1.892 18.636 35.262 5.938 0 1 1 200 0 0
 198 164818.000 93478.000 0 0 9.066 90.096 816.872 28.580 0 1 1 200 0 0
 199 164826.000 93548.000 0 0 1.236 12.426 15.370 3.920 0 1 1 200 0 0
 200 164840.000 93686.000 0 0 23.911 245.552 5871.631 76.626 0 1 1 200 0 0
 201 164979.000 93370.000 0 0 0.954 9.357 8.934 2.989 0 1 1 200 0 0
 202 164981.000 93393.000 0 0 2.533 24.912 63.108 7.944 0 1 1 200 0 0
 203 164986.000 93440.000 0 0 5.029 49.828 250.635 15.831 0 1 1 200 0 0
 204 164991.000 93487.000 0 0 2.186 21.817 47.701 6.906 0 1 1 200 0 0
 205 165031.000 93899.000 0 0 65.806 701.408 46156.943 214.841 0 1 1 200 0 0
 206 165152.000 93401.000 0 0 14.869 146.792 2182.667 46.719 0 1 1 200 0 0
 207 165183.000 93696.000 0 0 22.064 228.111 5033.057 70.944 0 1 1 200 0 0
 208 165221.000 94084.000 0 0 4.821 53.149 256.254 16.007 0 1 1 200 0 0
 209 165352.000 93679.000 0 0 16.667 172.298 2871.702 53.588 0 1 1 200 0 0
 210 165520.000 93644.000 0 0 11.578 119.346 1381.803 37.172 0 1 1 200 0 0
 211 165689.000 93633.000 0 0 6.105 62.990 384.610 19.611 0 1 1 200 0 0
 212 165858.000 93605.000 0 0 7.050 72.605 511.931 22.625 0 1 1 200 0 0;
ProcessEquipmentIDList 1
  "6632" ;
SummarySpec 5
  TESTNO    NDEFECT    DEFDENSITY    NDIE    NDEFDIE  ;
SummaryList 
  1    212    0.7751    1    1  ;
EndOfFile;
