FileVersion 1 2;
FileTimestamp 01-11-26 17:27:15;
InspectionStationID "KLA-Tencor" "SFSSP1" "0901-0728-TBI";
SampleType WAFER;
ResultTimestamp 01-11-26 17:20:04;
LotID "2580";
SampleSize 1 200;
DeviceID "None";
SetupID "T2-2580NR" 01-11-26 17:20:04;
StepID "6492";
SampleOrientationMarkType NOTCH;
OrientationMarkLocation DOWN;
DiePitch 200000 200000;
DieOrigin 0 0;
WaferID "10";
Slot 10;
SampleCenterLocation 100000 100000;
ClassLookup 1
  0 "0"  ;
OrientationInstructions "Front";
CoordinatesMirrored No;
InspectionTest 1;
SampleTestPlan 1
  0 0 ;
AreaPerTest 2.73517e+010;
DefectRecordSpec 15 DEFECTID XREL YREL XINDEX YINDEX XSIZE YSIZE DEFECTAREA DSIZE CLASSNUMBER TEST CLUSTERNUMBER ROUGHBINNUMBER FINEBINNUMBER REVIEWSAMPLE ;
DefectList
 1 103549.000 102948.000 0 0 0.000 0.000 0.000 0.138 0 1 0 0 0 0
 2 104564.000 102474.000 0 0 0.000 0.000 0.000 0.146 0 1 0 0 0 0
 3 106908.000 101187.000 0 0 0.000 0.000 0.000 0.156 0 1 0 0 0 0
 4 104960.000 94583.000 0 0 0.000 0.000 0.000 0.146 0 1 0 0 0 0
 5 104082.000 92869.000 0 0 0.000 0.000 0.000 0.141 0 1 0 0 0 0
 6 97647.000 110016.000 0 0 0.000 0.000 0.000 0.134 0 1 0 0 0 0
 7 107656.000 106781.000 0 0 0.000 0.000 0.000 0.130 0 1 0 0 0 0
 8 96136.000 89453.000 0 0 0.000 0.000 0.000 0.152 0 1 0 0 0 0
 9 107497.000 91413.000 0 0 0.000 0.000 0.000 0.142 0 1 0 0 0 0
 10 112006.000 103890.000 0 0 0.000 0.000 0.000 0.130 0 1 0 0 0 0
 11 100797.000 87435.000 0 0 0.000 0.000 0.000 0.136 0 1 0 0 0 0
 12 112555.000 102476.000 0 0 0.000 0.000 0.000 0.144 0 1 0 0 0 0
 13 88122.000 94398.000 0 0 0.000 0.000 0.000 0.134 0 1 0 0 0 0
 14 90350.000 112198.000 0 0 0.000 0.000 0.000 0.160 0 1 0 0 0 0
 15 111560.000 90007.000 0 0 0.000 0.000 0.000 0.140 0 1 0 0 0 0
 16 98462.000 116105.000 0 0 0.000 0.000 0.000 0.131 0 1 0 0 0 0
 17 111807.000 111604.000 0 0 0.000 0.000 0.000 0.146 0 1 0 0 0 0
 18 116839.000 101770.000 0 0 0.000 0.000 0.000 0.131 0 1 0 0 0 0
 19 118327.000 100274.000 0 0 0.000 0.000 0.000 0.141 0 1 0 0 0 0
 20 106564.000 117388.000 0 0 0.000 0.000 0.000 0.130 0 1 0 0 0 0
 21 118535.000 96049.000 0 0 0.000 0.000 0.000 0.141 0 1 0 0 0 0
 22 115708.000 89501.000 0 0 0.000 0.000 0.000 0.140 0 1 0 0 0 0
 23 94536.000 118749.000 0 0 0.000 0.000 0.000 0.141 0 1 0 0 0 0
 24 112999.000 115291.000 0 0 0.000 0.000 0.000 0.144 0 1 0 0 0 0
 25 110234.000 117323.000 0 0 0.000 0.000 0.000 0.130 0 1 0 0 0 0
 26 82643.000 110796.000 0 0 0.000 0.000 0.000 0.142 0 1 0 0 0 0
 27 79767.000 102864.000 0 0 0.000 0.000 0.000 0.150 0 1 0 0 0 0
 28 78068.000 99355.000 0 0 0.000 0.000 0.000 0.153 0 1 0 0 0 0
 29 88935.000 119423.000 0 0 0.000 0.000 0.000 0.131 0 1 0 0 0 0
 30 123488.000 99205.000 0 0 0.000 0.000 0.000 0.130 0 1 0 0 0 0
 31 118120.000 84644.000 0 0 0.000 0.000 0.000 0.133 0 1 0 0 0 0
 32 122539.000 92339.000 0 0 0.000 0.000 0.000 0.143 0 1 0 0 0 0
 33 77341.000 108043.000 0 0 0.000 0.000 0.000 0.134 0 1 0 0 0 0
 34 75774.000 96676.000 0 0 0.000 0.000 0.000 0.144 0 1 0 0 0 0
 35 123327.000 107591.000 0 0 0.000 0.000 0.000 0.132 0 1 0 0 0 0
 36 109350.000 76987.000 0 0 0.000 0.000 0.000 0.160 0 1 0 0 0 0
 37 88729.000 77189.000 0 0 0.000 0.000 0.000 0.133 0 1 0 0 0 0
 38 93438.000 75204.000 0 0 0.000 0.000 0.000 0.145 0 1 0 0 0 0
 39 104713.000 126243.000 0 0 0.000 0.000 0.000 0.144 0 1 0 0 0 0
 40 90394.000 125860.000 0 0 0.000 0.000 0.000 0.146 0 1 0 0 0 0
 41 126771.000 108953.000 0 0 0.000 0.000 0.000 0.137 0 1 0 0 0 0
 42 123249.000 115975.000 0 0 0.000 0.000 0.000 0.131 0 1 0 0 0 0
 43 127763.000 93909.000 0 0 0.000 0.000 0.000 0.132 0 1 0 0 0 0
 44 77636.000 82501.000 0 0 0.000 0.000 0.000 0.130 0 1 0 0 0 0
 45 128027.000 94207.000 0 0 0.000 0.000 0.000 0.155 0 1 0 0 0 0
 46 128696.000 99923.000 0 0 0.000 0.000 0.000 0.138 0 1 0 0 0 0
 47 126447.000 87140.000 0 0 0.000 0.000 0.000 0.133 0 1 0 0 0 0
 48 122499.000 119386.000 0 0 0.000 0.000 0.000 0.142 0 1 0 0 0 0
 49 70269.000 98479.000 0 0 0.000 0.000 0.000 0.159 0 1 0 0 0 0
 50 70602.000 95092.000 0 0 0.000 0.000 0.000 0.132 0 1 0 0 0 0
 51 96375.000 70736.000 0 0 0.000 0.000 0.000 0.131 0 1 0 0 0 0
 52 128857.000 108519.000 0 0 0.000 0.000 0.000 0.141 0 1 0 0 0 0
 53 73586.000 115144.000 0 0 0.000 0.000 0.000 0.136 0 1 0 0 0 0
 54 90532.000 71214.000 0 0 0.000 0.000 0.000 0.137 0 1 0 0 0 0
 55 129680.000 88551.000 0 0 0.000 0.000 0.000 0.134 0 1 0 0 0 0
 56 68376.000 106958.000 0 0 0.000 0.000 0.000 0.137 0 1 0 0 0 0
 57 111638.000 70049.000 0 0 0.000 0.000 0.000 0.146 0 1 0 0 0 0
 58 72440.000 82850.000 0 0 0.000 0.000 0.000 0.140 0 1 0 0 0 0
 59 110759.000 69513.000 0 0 0.000 0.000 0.000 0.137 0 1 0 0 0 0
 60 100237.000 67258.000 0 0 0.000 0.000 0.000 0.133 0 1 0 0 0 0
 61 117835.000 72157.000 0 0 0.000 0.000 0.000 0.133 0 1 0 0 0 0
 62 67166.000 94607.000 0 0 0.000 0.000 0.000 0.130 0 1 0 0 0 0
 63 133186.000 94905.000 0 0 0.000 0.000 0.000 0.136 0 1 0 0 0 0
 64 69787.000 84878.000 0 0 0.000 0.000 0.000 0.141 0 1 0 0 0 0
 65 105608.000 133773.000 0 0 0.000 0.000 0.000 0.130 0 1 0 0 0 0
 66 127890.000 80704.000 0 0 0.000 0.000 0.000 0.143 0 1 0 0 0 0
 67 69201.000 84586.000 0 0 0.000 0.000 0.000 0.147 0 1 0 0 0 0
 68 92787.000 66391.000 0 0 0.000 0.000 0.000 0.130 0 1 0 0 0 0
 69 126824.000 122384.000 0 0 0.000 0.000 0.000 0.141 0 1 0 0 0 0
 70 89738.000 133471.000 0 0 0.000 0.000 0.000 0.150 0 1 0 0 0 0
 71 70966.000 119522.000 0 0 0.000 0.000 0.000 0.135 0 1 0 0 0 0
 72 134624.000 96054.000 0 0 0.000 0.000 0.000 0.179 0 1 0 0 0 0
 73 134481.000 105492.000 0 0 0.000 0.000 0.000 0.150 0 1 0 0 0 0
 74 86039.000 68007.000 0 0 0.000 0.000 0.000 0.147 0 1 0 0 0 0
 75 87855.000 66902.000 0 0 0.000 0.000 0.000 0.138 0 1 0 0 0 0
 76 133796.000 112346.000 0 0 0.000 0.000 0.000 0.142 0 1 0 0 0 0
 77 65115.000 110953.000 0 0 0.000 0.000 0.000 0.141 0 1 0 0 0 0
 78 85601.000 66790.000 0 0 0.000 0.000 0.000 0.135 0 1 0 0 0 0
 79 90644.000 65009.000 0 0 0.000 0.000 0.000 0.134 0 1 0 0 0 0
 80 133419.000 114567.000 0 0 0.000 0.000 0.000 0.160 0 1 0 0 0 0
 81 65602.000 114026.000 0 0 0.000 0.000 0.000 0.130 0 1 0 0 0 0
 82 125240.000 73123.000 0 0 0.000 0.000 0.000 0.143 0 1 0 0 0 0
 83 123313.000 129943.000 0 0 0.000 0.000 0.000 0.347 0 1 0 0 0 0
 84 94694.000 62344.000 0 0 0.000 0.000 0.000 0.147 0 1 0 0 0 0
 85 115602.000 65310.000 0 0 0.000 0.000 0.000 0.133 0 1 0 0 0 0
 86 62831.000 88889.000 0 0 0.000 0.000 0.000 0.148 0 1 0 0 0 0
 87 138333.000 107571.000 0 0 0.000 0.000 0.000 0.143 0 1 0 0 0 0
 88 139209.000 97752.000 0 0 0.000 0.000 0.000 0.150 0 1 0 0 0 0
 89 132551.000 122933.000 0 0 0.000 0.000 0.000 0.143 0 1 0 0 0 0
 90 60160.000 97713.000 0 0 0.000 0.000 0.000 0.133 0 1 0 0 0 0
 91 120813.000 134529.000 0 0 0.000 0.000 0.000 0.154 0 1 0 0 0 0
 92 61588.000 87799.000 0 0 0.000 0.000 0.000 0.142 0 1 0 0 0 0
 93 116853.000 137370.000 0 0 0.000 0.000 0.000 0.140 0 1 0 0 0 0
 94 82719.000 137672.000 0 0 0.000 0.000 0.000 0.132 0 1 0 0 0 0
 95 78448.000 64073.000 0 0 0.000 0.000 0.000 0.142 0 1 0 0 0 0
 96 120790.000 63519.000 0 0 0.000 0.000 0.000 0.141 0 1 0 0 0 0
 97 127983.000 132141.000 0 0 0.000 0.000 0.000 0.131 0 1 0 0 0 0
 98 89108.000 58853.000 0 0 0.000 0.000 0.000 0.147 0 1 0 0 0 0
 99 131379.000 129715.000 0 0 0.000 0.000 0.000 0.143 0 1 0 0 0 0
 100 130476.000 131671.000 0 0 0.000 0.000 0.000 0.143 0 1 0 0 0 0
 101 104489.000 56595.000 0 0 0.000 0.000 0.000 0.140 0 1 0 0 0 0
 102 57886.000 113401.000 0 0 0.000 0.000 0.000 0.135 0 1 0 0 0 0
 103 93562.000 143905.000 0 0 0.000 0.000 0.000 0.131 0 1 0 0 0 0
 104 122853.000 138182.000 0 0 0.000 0.000 0.000 0.146 0 1 0 0 0 0
 105 140754.000 82270.000 0 0 0.000 0.000 0.000 0.138 0 1 0 0 0 0
 106 72662.000 64913.000 0 0 0.000 0.000 0.000 0.157 0 1 0 0 0 0
 107 133107.000 70045.000 0 0 0.000 0.000 0.000 0.133 0 1 0 0 0 0
 108 56532.000 112069.000 0 0 0.000 0.000 0.000 0.132 0 1 0 0 0 0
 109 123190.000 61521.000 0 0 0.000 0.000 0.000 0.151 0 1 0 0 0 0
 110 102615.000 145516.000 0 0 0.000 0.000 0.000 0.137 0 1 0 0 0 0
 111 64505.000 129352.000 0 0 0.000 0.000 0.000 0.158 0 1 0 0 0 0
 112 71302.000 136490.000 0 0 0.000 0.000 0.000 0.134 0 1 0 0 0 0
 113 73712.000 138575.000 0 0 0.000 0.000 0.000 0.132 0 1 0 0 0 0
 114 53105.000 100238.000 0 0 0.000 0.000 0.000 0.140 0 1 0 0 0 0
 115 115562.000 56100.000 0 0 0.000 0.000 0.000 0.136 0 1 0 0 0 0
 116 67423.000 134087.000 0 0 0.000 0.000 0.000 0.131 0 1 0 0 0 0
 117 102388.000 147483.000 0 0 0.000 0.000 0.000 0.133 0 1 0 0 0 0
 118 53762.000 110123.000 0 0 0.000 0.000 0.000 0.132 0 1 0 0 0 0
 119 58004.000 78603.000 0 0 0.000 0.000 0.000 0.130 0 1 0 0 0 0
 120 70083.000 137567.000 0 0 0.000 0.000 0.000 0.143 0 1 0 0 0 0
 121 62085.000 71002.000 0 0 0.000 0.000 0.000 0.132 0 1 0 0 0 0
 122 132369.000 64693.000 0 0 0.000 0.000 0.000 0.133 0 1 0 0 0 0
 123 61318.000 129101.000 0 0 0.000 0.000 0.000 0.134 0 1 0 0 0 0
 124 148174.000 95844.000 0 0 0.000 0.000 0.000 0.135 0 1 0 0 0 0
 125 148253.000 102224.000 0 0 0.000 0.000 0.000 0.134 0 1 0 0 0 0
 126 74797.000 58624.000 0 0 0.000 0.000 0.000 0.132 0 1 0 0 0 0
 127 148006.000 90873.000 0 0 0.000 0.000 0.000 0.144 0 1 0 0 0 0
 128 50925.000 93959.000 0 0 0.000 0.000 0.000 0.145 0 1 0 0 0 0
 129 53582.000 118002.000 0 0 0.000 0.000 0.000 0.150 0 1 0 0 0 0
 130 149789.000 98936.000 0 0 0.000 0.000 0.000 0.140 0 1 0 0 0 0
 131 51769.000 86774.000 0 0 0.000 0.000 0.000 0.154 0 1 0 0 0 0
 132 52937.000 82664.000 0 0 0.000 0.000 0.000 0.143 0 1 0 0 0 0
 133 150393.000 97586.000 0 0 0.000 0.000 0.000 0.139 0 1 0 0 0 0
 134 57370.000 73226.000 0 0 0.000 0.000 0.000 0.130 0 1 0 0 0 0
 135 144567.000 124019.000 0 0 0.000 0.000 0.000 0.130 0 1 0 0 0 0
 136 121362.000 146076.000 0 0 0.000 0.000 0.000 0.133 0 1 0 0 0 0
 137 49505.000 107469.000 0 0 0.000 0.000 0.000 0.132 0 1 0 0 0 0
 138 49079.000 96798.000 0 0 0.000 0.000 0.000 0.134 0 1 0 0 0 0
 139 100317.000 49004.000 0 0 0.000 0.000 0.000 0.134 0 1 0 0 0 0
 140 113352.000 50851.000 0 0 0.000 0.000 0.000 0.150 0 1 0 0 0 0
 141 54399.000 123876.000 0 0 0.000 0.000 0.000 0.141 0 1 0 0 0 0
 142 48553.000 102720.000 0 0 0.000 0.000 0.000 0.138 0 1 0 0 0 0
 143 73630.000 144556.000 0 0 0.000 0.000 0.000 0.133 0 1 0 0 0 0
 144 48715.000 106033.000 0 0 0.000 0.000 0.000 0.137 0 1 0 0 0 0
 145 106126.000 49060.000 0 0 0.000 0.000 0.000 0.137 0 1 0 0 0 0
 146 86811.000 150157.000 0 0 0.000 0.000 0.000 0.137 0 1 0 0 0 0
 147 75395.000 145776.000 0 0 0.000 0.000 0.000 0.140 0 1 0 0 0 0
 148 103249.000 48590.000 0 0 0.000 0.000 0.000 0.200 0 1 0 0 0 0
 149 145291.000 74959.000 0 0 0.000 0.000 0.000 0.131 0 1 0 0 0 0
 150 151179.000 88786.000 0 0 0.000 0.000 0.000 0.146 0 1 0 0 0 0
 151 148202.000 121094.000 0 0 0.000 0.000 0.000 0.143 0 1 0 0 0 0
 152 51282.000 79426.000 0 0 0.000 0.000 0.000 0.143 0 1 0 0 0 0
 153 153817.000 110444.000 0 0 0.000 0.000 0.000 0.145 0 1 0 0 0 0
 154 152893.000 114752.000 0 0 0.000 0.000 0.000 0.142 0 1 0 0 0 0
 155 134280.000 57110.000 0 0 0.000 0.000 0.000 0.166 0 1 0 0 0 0
 156 53688.000 130861.000 0 0 0.000 0.000 0.000 0.131 0 1 0 0 0 0
 157 47116.000 118589.000 0 0 0.000 0.000 0.000 0.131 0 1 0 0 0 0
 158 93523.000 44591.000 0 0 0.000 0.000 0.000 0.132 0 1 0 0 0 0
 159 132764.000 54974.000 0 0 0.000 0.000 0.000 0.130 0 1 0 0 0 0
 160 67783.000 146709.000 0 0 0.000 0.000 0.000 0.137 0 1 0 0 0 0
 161 44536.000 89170.000 0 0 0.000 0.000 0.000 0.135 0 1 0 0 0 0
 162 43609.000 90652.000 0 0 0.000 0.000 0.000 0.135 0 1 0 0 0 0
 163 150612.000 73165.000 0 0 0.000 0.000 0.000 0.155 0 1 0 0 0 0
 164 155852.000 114797.000 0 0 0.000 0.000 0.000 0.133 0 1 0 0 0 0
 165 95543.000 158403.000 0 0 0.000 0.000 0.000 0.148 0 1 0 0 0 0
 166 56130.000 59557.000 0 0 0.000 0.000 0.000 0.143 0 1 0 0 0 0
 167 124966.000 154798.000 0 0 0.000 0.000 0.000 0.133 0 1 0 0 0 0
 168 114689.000 158619.000 0 0 0.000 0.000 0.000 0.135 0 1 0 0 0 0
 169 156001.000 78324.000 0 0 0.000 0.000 0.000 0.130 0 1 0 0 0 0
 170 42805.000 79874.000 0 0 0.000 0.000 0.000 0.154 0 1 0 0 0 0
 171 144023.000 58380.000 0 0 0.000 0.000 0.000 0.145 0 1 0 0 0 0
 172 58498.000 144836.000 0 0 0.000 0.000 0.000 0.140 0 1 0 0 0 0
 173 157397.000 120624.000 0 0 0.000 0.000 0.000 0.131 0 1 0 0 0 0
 174 97939.000 161308.000 0 0 0.000 0.000 0.000 0.138 0 1 0 0 0 0
 175 146967.000 139714.000 0 0 0.000 0.000 0.000 0.138 0 1 0 0 0 0
 176 160631.000 115276.000 0 0 0.000 0.000 0.000 0.131 0 1 0 0 0 0
 177 162574.000 91725.000 0 0 0.000 0.000 0.000 0.133 0 1 0 0 0 0
 178 44717.000 131098.000 0 0 0.000 0.000 0.000 0.143 0 1 0 0 0 0
 179 132864.000 45762.000 0 0 0.000 0.000 0.000 0.150 0 1 0 0 0 0
 180 160476.000 121419.000 0 0 0.000 0.000 0.000 0.133 0 1 0 0 0 0
 181 147347.000 143753.000 0 0 0.000 0.000 0.000 0.135 0 1 0 0 0 0
 182 36003.000 109800.000 0 0 0.000 0.000 0.000 0.131 0 1 0 0 0 0
 183 144603.000 147106.000 0 0 0.000 0.000 0.000 0.135 0 1 0 0 0 0
 184 136141.000 154068.000 0 0 0.000 0.000 0.000 0.137 0 1 0 0 0 0
 185 39072.000 122938.000 0 0 0.000 0.000 0.000 0.131 0 1 0 0 0 0
 186 115263.000 164105.000 0 0 0.000 0.000 0.000 0.138 0 1 0 0 0 0
 187 133427.000 43369.000 0 0 0.000 0.000 0.000 0.130 0 1 0 0 0 0
 188 162515.000 121231.000 0 0 0.000 0.000 0.000 0.133 0 1 0 0 0 0
 189 144677.000 149093.000 0 0 0.000 0.000 0.000 0.138 0 1 0 0 0 0
 190 42264.000 67393.000 0 0 0.000 0.000 0.000 0.132 0 1 0 0 0 0
 191 74745.000 38826.000 0 0 0.000 0.000 0.000 0.135 0 1 0 0 0 0
 192 60862.000 154287.000 0 0 0.000 0.000 0.000 0.147 0 1 0 0 0 0
 193 103963.000 167184.000 0 0 0.000 0.000 0.000 0.131 0 1 0 0 0 0
 194 37594.000 75157.000 0 0 0.000 0.000 0.000 0.141 0 1 0 0 0 0
 195 64122.000 157399.000 0 0 0.000 0.000 0.000 0.144 0 1 0 0 0 0
 196 34262.000 115885.000 0 0 0.000 0.000 0.000 0.133 0 1 0 0 0 0
 197 128991.000 161728.000 0 0 0.000 0.000 0.000 0.130 0 1 0 0 0 0
 198 32317.000 114198.000 0 0 0.000 0.000 0.000 0.146 0 1 0 0 0 0
 199 48727.000 53875.000 0 0 0.000 0.000 0.000 0.133 0 1 0 0 0 0
 200 60400.000 43735.000 0 0 0.000 0.000 0.000 0.130 0 1 0 0 0 0
 201 68942.000 163172.000 0 0 0.000 0.000 0.000 0.141 0 1 0 0 0 0
 202 155655.000 143129.000 0 0 0.000 0.000 0.000 0.132 0 1 0 0 0 0
 203 168885.000 85400.000 0 0 0.000 0.000 0.000 0.140 0 1 0 0 0 0
 204 133573.000 35108.000 0 0 0.000 0.000 0.000 0.133 0 1 0 0 0 0
 205 169539.000 126565.000 0 0 0.000 0.000 0.000 0.161 0 1 0 0 0 0
 206 162550.000 148302.000 0 0 0.000 0.000 0.000 0.132 0 1 0 0 0 0
 207 165641.000 146045.000 0 0 0.000 0.000 0.000 0.134 0 1 0 0 0 0
 208 90586.000 20374.000 0 0 0.000 0.000 0.000 200000.000 0 1 0 200 0 0
 209 148422.000 35832.000 0 0 0.000 0.000 0.000 0.136 0 1 0 0 0 0
 210 157815.000 161451.000 0 0 0.000 0.000 0.000 200000.000 0 1 0 200 0 0
 211 149808.000 172470.000 0 0 0.000 0.000 0.000 0.136 0 1 0 0 0 0
 212 59901.000 22051.000 0 0 0.000 0.000 0.000 0.283 0 1 0 0 0 0
 213 49258.000 24501.000 0 0 0.000 0.000 0.000 0.133 0 1 0 0 0 0
 214 47101.000 176379.000 0 0 0.000 0.000 0.000 0.135 0 1 0 0 0 0
 215 9772.000 71870.000 0 0 0.000 0.000 0.000 200000.000 0 1 0 200 0 0
 216 9327.000 72383.000 0 0 0.000 0.000 0.000 0.181 0 1 0 0 0 0;
ProcessEquipmentIDList 1
  "6632" ;
SummarySpec 5
  TESTNO    NDEFECT    DEFDENSITY    NDIE    NDEFDIE  ;
SummaryList 
  1    216    0.7897    1    1  ;
EndOfFile;
