FileVersion 1 2;
FileTimestamp 01-11-26 17:25:13;
InspectionStationID "KLA-Tencor" "SFSSP1" "0901-0728-TBI";
SampleType WAFER;
ResultTimestamp 01-11-26 17:20:04;
LotID "2580";
SampleSize 1 200;
DeviceID "None";
SetupID "T2-2580NR" 01-11-26 17:20:04;
StepID "6492";
SampleOrientationMarkType NOTCH;
OrientationMarkLocation DOWN;
DiePitch 200000 200000;
DieOrigin 0 0;
WaferID "08";
Slot 8;
SampleCenterLocation 100000 100000;
ClassLookup 1
  0 "0"  ;
OrientationInstructions "Front";
CoordinatesMirrored No;
InspectionTest 1;
SampleTestPlan 1
  0 0 ;
AreaPerTest 2.73525e+010;
DefectRecordSpec 15 DEFECTID XREL YREL XINDEX YINDEX XSIZE YSIZE DEFECTAREA DSIZE CLASSNUMBER TEST CLUSTERNUMBER ROUGHBINNUMBER FINEBINNUMBER REVIEWSAMPLE ;
DefectList
 1 98147.000 100667.000 0 0 0.000 0.000 0.000 0.143 0 1 0 0 0 0
 2 99482.000 96860.000 0 0 0.000 0.000 0.000 0.139 0 1 0 0 0 0
 3 103534.000 99593.000 0 0 0.000 0.000 0.000 0.131 0 1 0 0 0 0
 4 104572.000 100715.000 0 0 0.000 0.000 0.000 0.155 0 1 0 0 0 0
 5 102709.000 105082.000 0 0 0.000 0.000 0.000 0.137 0 1 0 0 0 0
 6 105698.000 99893.000 0 0 0.000 0.000 0.000 0.134 0 1 0 0 0 0
 7 96641.000 92524.000 0 0 0.000 0.000 0.000 0.137 0 1 0 0 0 0
 8 103473.000 107932.000 0 0 0.000 0.000 0.000 0.148 0 1 0 0 0 0
 9 109358.000 97663.000 0 0 0.000 0.000 0.000 0.130 0 1 0 0 0 0
 10 100088.000 110855.000 0 0 0.000 0.000 0.000 0.137 0 1 0 0 0 0
 11 110196.000 103569.000 0 0 0.000 0.000 0.000 0.141 0 1 0 0 0 0
 12 107072.000 92081.000 0 0 0.000 0.000 0.000 0.168 0 1 0 0 0 0
 13 110415.000 105690.000 0 0 0.000 0.000 0.000 0.142 0 1 0 0 0 0
 14 106048.000 89349.000 0 0 0.000 0.000 0.000 0.169 0 1 0 0 0 0
 15 94049.000 88525.000 0 0 0.000 0.000 0.000 0.140 0 1 0 0 0 0
 16 89262.000 109441.000 0 0 0.000 0.000 0.000 0.136 0 1 0 0 0 0
 17 93736.000 86575.000 0 0 0.000 0.000 0.000 0.135 0 1 0 0 0 0
 18 85397.000 104408.000 0 0 0.000 0.000 0.000 0.141 0 1 0 0 0 0
 19 112729.000 108353.000 0 0 0.000 0.000 0.000 0.148 0 1 0 0 0 0
 20 96834.000 115082.000 0 0 0.000 0.000 0.000 0.132 0 1 0 0 0 0
 21 98424.000 83616.000 0 0 0.000 0.000 0.000 0.146 0 1 0 0 0 0
 22 115292.000 107285.000 0 0 0.000 0.000 0.000 0.130 0 1 0 0 0 0
 23 97986.000 117346.000 0 0 0.000 0.000 0.000 0.131 0 1 0 0 0 0
 24 98513.000 82822.000 0 0 0.000 0.000 0.000 0.168 0 1 0 0 0 0
 25 117426.000 97281.000 0 0 0.000 0.000 0.000 0.137 0 1 0 0 0 0
 26 88099.000 113545.000 0 0 0.000 0.000 0.000 0.139 0 1 0 0 0 0
 27 118812.000 99072.000 0 0 0.000 0.000 0.000 0.130 0 1 0 0 0 0
 28 85339.000 87707.000 0 0 0.000 0.000 0.000 0.131 0 1 0 0 0 0
 29 104186.000 119057.000 0 0 0.000 0.000 0.000 0.145 0 1 0 0 0 0
 30 118362.000 90370.000 0 0 0.000 0.000 0.000 0.140 0 1 0 0 0 0
 31 107260.000 80708.000 0 0 0.000 0.000 0.000 0.150 0 1 0 0 0 0
 32 92656.000 120137.000 0 0 0.000 0.000 0.000 0.141 0 1 0 0 0 0
 33 121727.000 101291.000 0 0 0.000 0.000 0.000 0.160 0 1 0 0 0 0
 34 117897.000 113527.000 0 0 0.000 0.000 0.000 0.131 0 1 0 0 0 0
 35 118662.000 86961.000 0 0 0.000 0.000 0.000 0.141 0 1 0 0 0 0
 36 82992.000 84227.000 0 0 0.000 0.000 0.000 0.140 0 1 0 0 0 0
 37 104432.000 77405.000 0 0 0.000 0.000 0.000 0.144 0 1 0 0 0 0
 38 98505.000 124136.000 0 0 0.000 0.000 0.000 0.133 0 1 0 0 0 0
 39 84933.000 119464.000 0 0 0.000 0.000 0.000 0.148 0 1 0 0 0 0
 40 78493.000 112643.000 0 0 0.000 0.000 0.000 0.132 0 1 0 0 0 0
 41 87809.000 77499.000 0 0 0.000 0.000 0.000 0.140 0 1 0 0 0 0
 42 124509.000 108645.000 0 0 0.000 0.000 0.000 0.147 0 1 0 0 0 0
 43 82520.000 80788.000 0 0 0.000 0.000 0.000 0.154 0 1 0 0 0 0
 44 103664.000 74164.000 0 0 0.000 0.000 0.000 0.147 0 1 0 0 0 0
 45 126568.000 97970.000 0 0 0.000 0.000 0.000 0.131 0 1 0 0 0 0
 46 85525.000 122782.000 0 0 0.000 0.000 0.000 0.138 0 1 0 0 0 0
 47 111384.000 75820.000 0 0 0.000 0.000 0.000 0.136 0 1 0 0 0 0
 48 117896.000 79560.000 0 0 0.000 0.000 0.000 0.142 0 1 0 0 0 0
 49 108732.000 74143.000 0 0 0.000 0.000 0.000 0.140 0 1 0 0 0 0
 50 122607.000 116622.000 0 0 0.000 0.000 0.000 0.132 0 1 0 0 0 0
 51 77742.000 117305.000 0 0 0.000 0.000 0.000 0.146 0 1 0 0 0 0
 52 94699.000 128311.000 0 0 0.000 0.000 0.000 0.134 0 1 0 0 0 0
 53 122529.000 118726.000 0 0 0.000 0.000 0.000 0.154 0 1 0 0 0 0
 54 73291.000 112263.000 0 0 0.000 0.000 0.000 0.143 0 1 0 0 0 0
 55 70944.000 104041.000 0 0 0.000 0.000 0.000 0.148 0 1 0 0 0 0
 56 70808.000 102247.000 0 0 0.000 0.000 0.000 0.158 0 1 0 0 0 0
 57 69455.000 109435.000 0 0 0.000 0.000 0.000 0.141 0 1 0 0 0 0
 58 124620.000 120545.000 0 0 0.000 0.000 0.000 0.132 0 1 0 0 0 0
 59 100658.000 67614.000 0 0 0.000 0.000 0.000 0.144 0 1 0 0 0 0
 60 87212.000 130462.000 0 0 0.000 0.000 0.000 0.142 0 1 0 0 0 0
 61 79621.000 125881.000 0 0 0.000 0.000 0.000 0.134 0 1 0 0 0 0
 62 97512.000 133278.000 0 0 0.000 0.000 0.000 0.146 0 1 0 0 0 0
 63 130997.000 87952.000 0 0 0.000 0.000 0.000 0.136 0 1 0 0 0 0
 64 71999.000 81688.000 0 0 0.000 0.000 0.000 0.136 0 1 0 0 0 0
 65 127457.000 120136.000 0 0 0.000 0.000 0.000 0.154 0 1 0 0 0 0
 66 131977.000 88910.000 0 0 0.000 0.000 0.000 0.130 0 1 0 0 0 0
 67 90731.000 66496.000 0 0 0.000 0.000 0.000 0.131 0 1 0 0 0 0
 68 64686.000 101371.000 0 0 0.000 0.000 0.000 0.157 0 1 0 0 0 0
 69 102780.000 135602.000 0 0 0.000 0.000 0.000 0.161 0 1 0 0 0 0
 70 135005.000 106086.000 0 0 0.000 0.000 0.000 0.151 0 1 0 0 0 0
 71 70557.000 120349.000 0 0 0.000 0.000 0.000 0.131 0 1 0 0 0 0
 72 96266.000 64186.000 0 0 0.000 0.000 0.000 0.134 0 1 0 0 0 0
 73 132546.000 84116.000 0 0 0.000 0.000 0.000 0.137 0 1 0 0 0 0
 74 133871.000 86765.000 0 0 0.000 0.000 0.000 0.132 0 1 0 0 0 0
 75 120102.000 130585.000 0 0 0.000 0.000 0.000 0.134 0 1 0 0 0 0
 76 127914.000 124463.000 0 0 0.000 0.000 0.000 0.151 0 1 0 0 0 0
 77 63502.000 93599.000 0 0 0.000 0.000 0.000 0.138 0 1 0 0 0 0
 78 135463.000 88411.000 0 0 0.000 0.000 0.000 0.160 0 1 0 0 0 0
 79 62826.000 105563.000 0 0 0.000 0.000 0.000 0.141 0 1 0 0 0 0
 80 135591.000 87821.000 0 0 0.000 0.000 0.000 0.140 0 1 0 0 0 0
 81 112734.000 135899.000 0 0 0.000 0.000 0.000 0.139 0 1 0 0 0 0
 82 132866.000 119479.000 0 0 0.000 0.000 0.000 0.142 0 1 0 0 0 0
 83 131995.000 78535.000 0 0 0.000 0.000 0.000 0.141 0 1 0 0 0 0
 84 95274.000 61770.000 0 0 0.000 0.000 0.000 0.140 0 1 0 0 0 0
 85 134161.000 81952.000 0 0 0.000 0.000 0.000 0.148 0 1 0 0 0 0
 86 84931.000 64224.000 0 0 0.000 0.000 0.000 0.133 0 1 0 0 0 0
 87 69527.000 75653.000 0 0 0.000 0.000 0.000 0.202 0 1 0 0 0 0
 88 77344.000 132393.000 0 0 0.000 0.000 0.000 0.130 0 1 0 0 0 0
 89 63440.000 85544.000 0 0 0.000 0.000 0.000 0.133 0 1 0 0 0 0
 90 63598.000 84783.000 0 0 0.000 0.000 0.000 0.148 0 1 0 0 0 0
 91 133117.000 121738.000 0 0 0.000 0.000 0.000 0.140 0 1 0 0 0 0
 92 123091.000 132511.000 0 0 0.000 0.000 0.000 0.139 0 1 0 0 0 0
 93 61156.000 90973.000 0 0 0.000 0.000 0.000 200000.000 0 1 0 200 0 0
 94 138838.000 109987.000 0 0 0.000 0.000 0.000 0.143 0 1 0 0 0 0
 95 87372.000 138272.000 0 0 0.000 0.000 0.000 0.130 0 1 0 0 0 0
 96 62754.000 115947.000 0 0 0.000 0.000 0.000 0.142 0 1 0 0 0 0
 97 68471.000 74960.000 0 0 0.000 0.000 0.000 0.152 0 1 0 0 0 0
 98 102675.000 140823.000 0 0 0.000 0.000 0.000 0.136 0 1 0 0 0 0
 99 60828.000 111073.000 0 0 0.000 0.000 0.000 0.133 0 1 0 0 0 0
 100 114823.000 138349.000 0 0 0.000 0.000 0.000 0.131 0 1 0 0 0 0
 101 81686.000 136978.000 0 0 0.000 0.000 0.000 0.132 0 1 0 0 0 0
 102 64127.000 80051.000 0 0 0.000 0.000 0.000 0.132 0 1 0 0 0 0
 103 101007.000 59090.000 0 0 0.000 0.000 0.000 0.147 0 1 0 0 0 0
 104 128008.000 70179.000 0 0 0.000 0.000 0.000 0.132 0 1 0 0 0 0
 105 135489.000 121428.000 0 0 0.000 0.000 0.000 0.136 0 1 0 0 0 0
 106 128812.000 70437.000 0 0 0.000 0.000 0.000 0.140 0 1 0 0 0 0
 107 102580.000 142148.000 0 0 0.000 0.000 0.000 0.137 0 1 0 0 0 0
 108 130736.000 128943.000 0 0 0.000 0.000 0.000 0.165 0 1 0 0 0 0
 109 67078.000 73918.000 0 0 0.000 0.000 0.000 0.143 0 1 0 0 0 0
 110 73686.000 66839.000 0 0 0.000 0.000 0.000 0.130 0 1 0 0 0 0
 111 97511.000 57383.000 0 0 0.000 0.000 0.000 0.131 0 1 0 0 0 0
 112 143231.000 99818.000 0 0 0.000 0.000 0.000 0.130 0 1 0 0 0 0
 113 86559.000 141616.000 0 0 0.000 0.000 0.000 0.151 0 1 0 0 0 0
 114 129846.000 132502.000 0 0 0.000 0.000 0.000 0.133 0 1 0 0 0 0
 115 128249.000 134164.000 0 0 0.000 0.000 0.000 0.134 0 1 0 0 0 0
 116 109279.000 143464.000 0 0 0.000 0.000 0.000 0.139 0 1 0 0 0 0
 117 143212.000 110670.000 0 0 0.000 0.000 0.000 0.135 0 1 0 0 0 0
 118 85575.000 58068.000 0 0 0.000 0.000 0.000 0.135 0 1 0 0 0 0
 119 60902.000 78006.000 0 0 0.000 0.000 0.000 0.145 0 1 0 0 0 0
 120 88790.000 56367.000 0 0 0.000 0.000 0.000 0.150 0 1 0 0 0 0
 121 105427.000 55382.000 0 0 0.000 0.000 0.000 0.134 0 1 0 0 0 0
 122 75931.000 138681.000 0 0 0.000 0.000 0.000 0.142 0 1 0 0 0 0
 123 72700.000 136535.000 0 0 0.000 0.000 0.000 0.138 0 1 0 0 0 0
 124 100846.000 145939.000 0 0 0.000 0.000 0.000 0.139 0 1 0 0 0 0
 125 124593.000 61481.000 0 0 0.000 0.000 0.000 0.148 0 1 0 0 0 0
 126 60835.000 124879.000 0 0 0.000 0.000 0.000 0.137 0 1 0 0 0 0
 127 144970.000 89406.000 0 0 0.000 0.000 0.000 0.141 0 1 0 0 0 0
 128 134351.000 131642.000 0 0 0.000 0.000 0.000 0.146 0 1 0 0 0 0
 129 100774.000 53472.000 0 0 0.000 0.000 0.000 0.143 0 1 0 0 0 0
 130 120216.000 142464.000 0 0 0.000 0.000 0.000 0.154 0 1 0 0 0 0
 131 62173.000 128045.000 0 0 0.000 0.000 0.000 0.132 0 1 0 0 0 0
 132 59415.000 76712.000 0 0 0.000 0.000 0.000 0.134 0 1 0 0 0 0
 133 110962.000 54045.000 0 0 0.000 0.000 0.000 0.131 0 1 0 0 0 0
 134 91171.000 147009.000 0 0 0.000 0.000 0.000 0.131 0 1 0 0 0 0
 135 142420.000 78688.000 0 0 0.000 0.000 0.000 0.131 0 1 0 0 0 0
 136 146198.000 112280.000 0 0 0.000 0.000 0.000 0.146 0 1 0 0 0 0
 137 55906.000 119222.000 0 0 0.000 0.000 0.000 0.132 0 1 0 0 0 0
 138 54117.000 85205.000 0 0 0.000 0.000 0.000 0.138 0 1 0 0 0 0
 139 55141.000 81561.000 0 0 0.000 0.000 0.000 0.139 0 1 0 0 0 0
 140 66547.000 65053.000 0 0 0.000 0.000 0.000 0.134 0 1 0 0 0 0
 141 130103.000 138364.000 0 0 0.000 0.000 0.000 0.147 0 1 0 0 0 0
 142 50981.000 102749.000 0 0 0.000 0.000 0.000 0.133 0 1 0 0 0 0
 143 52087.000 87918.000 0 0 0.000 0.000 0.000 0.132 0 1 0 0 0 0
 144 106562.000 51145.000 0 0 0.000 0.000 0.000 0.135 0 1 0 0 0 0
 145 127842.000 59151.000 0 0 0.000 0.000 0.000 0.133 0 1 0 0 0 0
 146 149603.000 97127.000 0 0 0.000 0.000 0.000 0.142 0 1 0 0 0 0
 147 129771.000 60124.000 0 0 0.000 0.000 0.000 0.131 0 1 0 0 0 0
 148 51019.000 111277.000 0 0 0.000 0.000 0.000 0.136 0 1 0 0 0 0
 149 133833.000 137658.000 0 0 0.000 0.000 0.000 0.147 0 1 0 0 0 0
 150 100092.000 151491.000 0 0 0.000 0.000 0.000 0.140 0 1 0 0 0 0
 151 116453.000 51652.000 0 0 0.000 0.000 0.000 0.155 0 1 0 0 0 0
 152 84361.000 51147.000 0 0 0.000 0.000 0.000 0.157 0 1 0 0 0 0
 153 110892.000 49690.000 0 0 0.000 0.000 0.000 0.137 0 1 0 0 0 0
 154 142822.000 129138.000 0 0 0.000 0.000 0.000 0.134 0 1 0 0 0 0
 155 89230.000 150942.000 0 0 0.000 0.000 0.000 0.137 0 1 0 0 0 0
 156 105504.000 48682.000 0 0 0.000 0.000 0.000 0.134 0 1 0 0 0 0
 157 63637.000 138190.000 0 0 0.000 0.000 0.000 0.145 0 1 0 0 0 0
 158 48310.000 109923.000 0 0 0.000 0.000 0.000 0.133 0 1 0 0 0 0
 159 136157.000 61686.000 0 0 0.000 0.000 0.000 0.130 0 1 0 0 0 0
 160 134154.000 59767.000 0 0 0.000 0.000 0.000 0.133 0 1 0 0 0 0
 161 148236.000 77885.000 0 0 0.000 0.000 0.000 0.134 0 1 0 0 0 0
 162 79130.000 149274.000 0 0 0.000 0.000 0.000 0.136 0 1 0 0 0 0
 163 145099.000 129243.000 0 0 0.000 0.000 0.000 0.130 0 1 0 0 0 0
 164 96811.000 153854.000 0 0 0.000 0.000 0.000 0.162 0 1 0 0 0 0
 165 53011.000 74395.000 0 0 0.000 0.000 0.000 0.130 0 1 0 0 0 0
 166 70115.000 55342.000 0 0 0.000 0.000 0.000 0.134 0 1 0 0 0 0
 167 58609.000 65178.000 0 0 0.000 0.000 0.000 0.134 0 1 0 0 0 0
 168 45646.000 100547.000 0 0 0.000 0.000 0.000 0.130 0 1 0 0 0 0
 169 66469.000 143243.000 0 0 0.000 0.000 0.000 0.134 0 1 0 0 0 0
 170 48223.000 82221.000 0 0 0.000 0.000 0.000 0.135 0 1 0 0 0 0
 171 46556.000 116079.000 0 0 0.000 0.000 0.000 0.139 0 1 0 0 0 0
 172 103282.000 155972.000 0 0 0.000 0.000 0.000 0.132 0 1 0 0 0 0
 173 99642.000 156047.000 0 0 0.000 0.000 0.000 0.134 0 1 0 0 0 0
 174 74456.000 150614.000 0 0 0.000 0.000 0.000 0.132 0 1 0 0 0 0
 175 51311.000 129868.000 0 0 0.000 0.000 0.000 0.130 0 1 0 0 0 0
 176 88623.000 44345.000 0 0 0.000 0.000 0.000 0.150 0 1 0 0 0 0
 177 138378.000 142760.000 0 0 0.000 0.000 0.000 0.153 0 1 0 0 0 0
 178 50918.000 70217.000 0 0 0.000 0.000 0.000 0.134 0 1 0 0 0 0
 179 82540.000 45457.000 0 0 0.000 0.000 0.000 0.165 0 1 0 0 0 0
 180 118119.000 154872.000 0 0 0.000 0.000 0.000 0.137 0 1 0 0 0 0
 181 131525.000 148851.000 0 0 0.000 0.000 0.000 0.131 0 1 0 0 0 0
 182 42083.000 94049.000 0 0 0.000 0.000 0.000 0.139 0 1 0 0 0 0
 183 146740.000 134923.000 0 0 0.000 0.000 0.000 0.142 0 1 0 0 0 0
 184 117358.000 44656.000 0 0 0.000 0.000 0.000 0.158 0 1 0 0 0 0
 185 43270.000 114653.000 0 0 0.000 0.000 0.000 0.147 0 1 0 0 0 0
 186 86371.000 42961.000 0 0 0.000 0.000 0.000 0.138 0 1 0 0 0 0
 187 156457.000 83392.000 0 0 0.000 0.000 0.000 0.136 0 1 0 0 0 0
 188 158746.000 96652.000 0 0 0.000 0.000 0.000 0.136 0 1 0 0 0 0
 189 110907.000 158140.000 0 0 0.000 0.000 0.000 0.136 0 1 0 0 0 0
 190 78956.000 155526.000 0 0 0.000 0.000 0.000 0.138 0 1 0 0 0 0
 191 53284.000 136702.000 0 0 0.000 0.000 0.000 0.135 0 1 0 0 0 0
 192 115487.000 157749.000 0 0 0.000 0.000 0.000 0.130 0 1 0 0 0 0
 193 157501.000 84617.000 0 0 0.000 0.000 0.000 0.158 0 1 0 0 0 0
 194 61109.000 145824.000 0 0 0.000 0.000 0.000 0.135 0 1 0 0 0 0
 195 137292.000 147737.000 0 0 0.000 0.000 0.000 0.136 0 1 0 0 0 0
 196 88617.000 159669.000 0 0 0.000 0.000 0.000 0.156 0 1 0 0 0 0
 197 82613.000 158235.000 0 0 0.000 0.000 0.000 0.140 0 1 0 0 0 0
 198 81496.000 158175.000 0 0 0.000 0.000 0.000 0.133 0 1 0 0 0 0
 199 39534.000 107763.000 0 0 0.000 0.000 0.000 0.151 0 1 0 0 0 0
 200 149488.000 136001.000 0 0 0.000 0.000 0.000 0.132 0 1 0 0 0 0
 201 88663.000 160386.000 0 0 0.000 0.000 0.000 0.144 0 1 0 0 0 0
 202 40141.000 113793.000 0 0 0.000 0.000 0.000 0.153 0 1 0 0 0 0
 203 150804.000 134774.000 0 0 0.000 0.000 0.000 0.132 0 1 0 0 0 0
 204 74735.000 156470.000 0 0 0.000 0.000 0.000 0.143 0 1 0 0 0 0
 205 46054.000 130407.000 0 0 0.000 0.000 0.000 0.136 0 1 0 0 0 0
 206 151216.000 65798.000 0 0 0.000 0.000 0.000 0.134 0 1 0 0 0 0
 207 161832.000 101564.000 0 0 0.000 0.000 0.000 0.143 0 1 0 0 0 0
 208 46603.000 68682.000 0 0 0.000 0.000 0.000 0.131 0 1 0 0 0 0
 209 134176.000 152351.000 0 0 0.000 0.000 0.000 0.137 0 1 0 0 0 0
 210 56467.000 55515.000 0 0 0.000 0.000 0.000 0.137 0 1 0 0 0 0
 211 143944.000 144975.000 0 0 0.000 0.000 0.000 0.130 0 1 0 0 0 0
 212 159299.000 121708.000 0 0 0.000 0.000 0.000 0.136 0 1 0 0 0 0
 213 38074.000 87488.000 0 0 0.000 0.000 0.000 0.138 0 1 0 0 0 0
 214 157324.000 73386.000 0 0 0.000 0.000 0.000 0.143 0 1 0 0 0 0
 215 89093.000 37362.000 0 0 0.000 0.000 0.000 0.131 0 1 0 0 0 0
 216 100053.000 164088.000 0 0 0.000 0.000 0.000 0.139 0 1 0 0 0 0
 217 154149.000 134979.000 0 0 0.000 0.000 0.000 0.151 0 1 0 0 0 0
 218 130475.000 156896.000 0 0 0.000 0.000 0.000 0.130 0 1 0 0 0 0
 219 41346.000 127155.000 0 0 0.000 0.000 0.000 0.132 0 1 0 0 0 0
 220 52048.000 56972.000 0 0 0.000 0.000 0.000 0.131 0 1 0 0 0 0
 221 95347.000 165004.000 0 0 0.000 0.000 0.000 0.140 0 1 0 0 0 0
 222 34956.000 98013.000 0 0 0.000 0.000 0.000 0.137 0 1 0 0 0 0
 223 164046.000 87402.000 0 0 0.000 0.000 0.000 0.149 0 1 0 0 0 0
 224 60467.000 47947.000 0 0 0.000 0.000 0.000 0.144 0 1 0 0 0 0
 225 55977.000 51268.000 0 0 0.000 0.000 0.000 0.133 0 1 0 0 0 0
 226 165036.000 110147.000 0 0 0.000 0.000 0.000 0.135 0 1 0 0 0 0
 227 165711.000 94727.000 0 0 0.000 0.000 0.000 0.138 0 1 0 0 0 0
 228 96491.000 166486.000 0 0 0.000 0.000 0.000 0.143 0 1 0 0 0 0
 229 38432.000 73916.000 0 0 0.000 0.000 0.000 0.139 0 1 0 0 0 0
 230 59566.000 46758.000 0 0 0.000 0.000 0.000 0.132 0 1 0 0 0 0
 231 63961.000 157190.000 0 0 0.000 0.000 0.000 0.134 0 1 0 0 0 0
 232 39666.000 69715.000 0 0 0.000 0.000 0.000 0.133 0 1 0 0 0 0
 233 86327.000 33878.000 0 0 0.000 0.000 0.000 0.139 0 1 0 0 0 0
 234 68358.000 160264.000 0 0 0.000 0.000 0.000 0.135 0 1 0 0 0 0
 235 163412.000 76046.000 0 0 0.000 0.000 0.000 0.136 0 1 0 0 0 0
 236 133737.000 41038.000 0 0 0.000 0.000 0.000 0.135 0 1 0 0 0 0
 237 49509.000 146821.000 0 0 0.000 0.000 0.000 0.132 0 1 0 0 0 0
 238 70607.000 38129.000 0 0 0.000 0.000 0.000 0.138 0 1 0 0 0 0
 239 157492.000 62694.000 0 0 0.000 0.000 0.000 0.138 0 1 0 0 0 0
 240 107017.000 168670.000 0 0 0.000 0.000 0.000 0.138 0 1 0 0 0 0
 241 94219.000 31282.000 0 0 0.000 0.000 0.000 0.151 0 1 0 0 0 0
 242 77532.000 166217.000 0 0 0.000 0.000 0.000 0.130 0 1 0 0 0 0
 243 145323.000 47295.000 0 0 0.000 0.000 0.000 0.142 0 1 0 0 0 0
 244 83805.000 168107.000 0 0 0.000 0.000 0.000 0.131 0 1 0 0 0 0
 245 150486.000 149089.000 0 0 0.000 0.000 0.000 0.133 0 1 0 0 0 0
 246 61866.000 159876.000 0 0 0.000 0.000 0.000 0.133 0 1 0 0 0 0
 247 123578.000 32482.000 0 0 0.000 0.000 0.000 0.132 0 1 0 0 0 0
 248 110723.000 28931.000 0 0 0.000 0.000 0.000 0.146 0 1 0 0 0 0
 249 156368.000 54984.000 0 0 0.000 0.000 0.000 0.134 0 1 0 0 0 0
 250 143901.000 41566.000 0 0 0.000 0.000 0.000 0.131 0 1 0 0 0 0
 251 36227.000 137182.000 0 0 0.000 0.000 0.000 0.133 0 1 0 0 0 0
 252 28249.000 80897.000 0 0 0.000 0.000 0.000 0.137 0 1 0 0 0 0
 253 69811.000 168297.000 0 0 0.000 0.000 0.000 0.130 0 1 0 0 0 0
 254 55806.000 160346.000 0 0 0.000 0.000 0.000 0.149 0 1 0 0 0 0
 255 175580.000 93717.000 0 0 0.000 0.000 0.000 0.151 0 1 0 0 0 0
 256 177039.000 101023.000 0 0 0.000 0.000 0.000 0.154 0 1 0 0 0 0
 257 100409.000 177434.000 0 0 0.000 0.000 0.000 0.130 0 1 0 0 0 0
 258 142603.000 35411.000 0 0 0.000 0.000 0.000 0.135 0 1 0 0 0 0
 259 152939.000 43481.000 0 0 0.000 0.000 0.000 0.130 0 1 0 0 0 0
 260 151512.000 159238.000 0 0 0.000 0.000 0.000 0.130 0 1 0 0 0 0
 261 177815.000 87220.000 0 0 0.000 0.000 0.000 0.131 0 1 0 0 0 0
 262 179092.000 106242.000 0 0 0.000 0.000 0.000 0.137 0 1 0 0 0 0
 263 20858.000 89313.000 0 0 0.000 0.000 0.000 0.141 0 1 0 0 0 0
 264 180559.000 99680.000 0 0 0.000 0.000 0.000 0.134 0 1 0 0 0 0
 265 122183.000 177900.000 0 0 0.000 0.000 0.000 0.149 0 1 0 0 0 0
 266 112050.000 180732.000 0 0 0.000 0.000 0.000 0.151 0 1 0 0 0 0
 267 67562.000 23783.000 0 0 0.000 0.000 0.000 0.143 0 1 0 0 0 0
 268 72794.000 21545.000 0 0 0.000 0.000 0.000 0.136 0 1 0 0 0 0
 269 60566.000 175163.000 0 0 0.000 0.000 0.000 0.130 0 1 0 0 0 0
 270 118094.000 184261.000 0 0 0.000 0.000 0.000 0.134 0 1 0 0 0 0
 271 175868.000 58918.000 0 0 0.000 0.000 0.000 0.178 0 1 0 0 0 0
 272 176123.000 59374.000 0 0 0.000 0.000 0.000 0.165 0 1 0 0 0 0
 273 167872.000 46102.000 0 0 0.000 0.000 0.000 0.140 0 1 0 0 0 0
 274 168031.000 46343.000 0 0 0.000 0.000 0.000 0.179 0 1 0 0 0 0
 275 159221.000 34368.000 0 0 0.000 0.000 0.000 0.156 0 1 0 0 0 0
 276 158550.000 33535.000 0 0 0.000 0.000 0.000 0.286 0 1 0 0 0 0
 277 182687.000 66214.000 0 0 0.000 0.000 0.000 0.139 0 1 0 0 0 0
 278 189908.000 87741.000 0 0 0.000 0.000 0.000 0.156 0 1 0 0 0 0
 279 190142.000 88606.000 0 0 0.000 0.000 0.000 0.146 0 1 0 0 0 0
 280 190329.000 89088.000 0 0 0.000 0.000 0.000 0.136 0 1 0 0 0 0
 281 75855.000 11359.000 0 0 0.000 0.000 0.000 0.137 0 1 0 0 0 0
 282 192308.000 93894.000 0 0 0.000 0.000 0.000 0.131 0 1 0 0 0 0
 283 37186.000 31823.000 0 0 0.000 0.000 0.000 0.140 0 1 0 0 0 0
 284 194756.000 100739.000 0 0 0.000 0.000 0.000 0.132 0 1 0 0 0 0
 285 194864.000 101045.000 0 0 0.000 0.000 0.000 0.134 0 1 0 0 0 0;
ProcessEquipmentIDList 1
  "6632" ;
SummarySpec 5
  TESTNO    NDEFECT    DEFDENSITY    NDIE    NDEFDIE  ;
SummaryList 
  1    285    1.042    1    1  ;
EndOfFile;
