FileVersion 1 2;
FileTimestamp 01-11-26 12:09:33;
InspectionStationID "KLA-Tencor" "SFSSP1" "0901-0728-TBI";
SampleType WAFER;
ResultTimestamp 01-11-26 12:08:27;
LotID "2580";
SampleSize 1 200;
DeviceID "None";
SetupID "T2-2580NR" 01-11-26 12:08:27;
StepID "6492";
SampleOrientationMarkType NOTCH;
OrientationMarkLocation DOWN;
DiePitch 200000 200000;
DieOrigin 0 0;
WaferID "01";
Slot 1;
SampleCenterLocation 100000 100000;
ClassLookup 1
  0 "0"  ;
OrientationInstructions "Front";
CoordinatesMirrored No;
InspectionTest 1;
SampleTestPlan 1
  0 0 ;
AreaPerTest 2.73522e+010;
DefectRecordSpec 15 DEFECTID XREL YREL XINDEX YINDEX XSIZE YSIZE DEFECTAREA DSIZE CLASSNUMBER TEST CLUSTERNUMBER ROUGHBINNUMBER FINEBINNUMBER REVIEWSAMPLE ;
DefectList
 1 98304.000 98608.000 0 0 0.000 0.000 0.000 0.145 0 1 0 0 0 0
 2 104703.000 102389.000 0 0 0.000 0.000 0.000 0.138 0 1 0 0 0 0
 3 98271.000 106563.000 0 0 0.000 0.000 0.000 0.145 0 1 0 0 0 0
 4 97073.000 92464.000 0 0 0.000 0.000 0.000 0.131 0 1 0 0 0 0
 5 90531.000 101075.000 0 0 0.000 0.000 0.000 0.130 0 1 0 0 0 0
 6 110565.000 99926.000 0 0 0.000 0.000 0.000 0.132 0 1 0 0 0 0
 7 100475.000 110886.000 0 0 0.000 0.000 0.000 0.135 0 1 0 0 0 0
 8 98270.000 111131.000 0 0 0.000 0.000 0.000 0.133 0 1 0 0 0 0
 9 91706.000 90981.000 0 0 0.000 0.000 0.000 0.140 0 1 0 0 0 0
 10 105918.000 87529.000 0 0 0.000 0.000 0.000 0.170 0 1 0 0 0 0
 11 88635.000 108781.000 0 0 0.000 0.000 0.000 0.133 0 1 0 0 0 0
 12 110597.000 90042.000 0 0 0.000 0.000 0.000 0.160 0 1 0 0 0 0
 13 90749.000 112323.000 0 0 0.000 0.000 0.000 0.154 0 1 0 0 0 0
 14 107385.000 113548.000 0 0 0.000 0.000 0.000 0.157 0 1 0 0 0 0
 15 102775.000 85184.000 0 0 0.000 0.000 0.000 0.139 0 1 0 0 0 0
 16 95047.000 115207.000 0 0 0.000 0.000 0.000 0.142 0 1 0 0 0 0
 17 95239.000 84562.000 0 0 0.000 0.000 0.000 0.140 0 1 0 0 0 0
 18 111409.000 87652.000 0 0 0.000 0.000 0.000 0.135 0 1 0 0 0 0
 19 84902.000 91719.000 0 0 0.000 0.000 0.000 0.144 0 1 0 0 0 0
 20 109670.000 86015.000 0 0 0.000 0.000 0.000 0.133 0 1 0 0 0 0
 21 116153.000 93443.000 0 0 0.000 0.000 0.000 0.158 0 1 0 0 0 0
 22 117171.000 91822.000 0 0 0.000 0.000 0.000 0.148 0 1 0 0 0 0
 23 117336.000 109339.000 0 0 0.000 0.000 0.000 0.132 0 1 0 0 0 0
 24 119175.000 94618.000 0 0 0.000 0.000 0.000 0.132 0 1 0 0 0 0
 25 119936.000 102807.000 0 0 0.000 0.000 0.000 0.154 0 1 0 0 0 0
 26 120417.000 98297.000 0 0 0.000 0.000 0.000 0.133 0 1 0 0 0 0
 27 88900.000 117667.000 0 0 0.000 0.000 0.000 0.135 0 1 0 0 0 0
 28 90736.000 81479.000 0 0 0.000 0.000 0.000 0.145 0 1 0 0 0 0
 29 118651.000 90960.000 0 0 0.000 0.000 0.000 0.164 0 1 0 0 0 0
 30 120505.000 105165.000 0 0 0.000 0.000 0.000 0.150 0 1 0 0 0 0
 31 102785.000 78645.000 0 0 0.000 0.000 0.000 0.139 0 1 0 0 0 0
 32 92311.000 120805.000 0 0 0.000 0.000 0.000 0.141 0 1 0 0 0 0
 33 77925.000 97663.000 0 0 0.000 0.000 0.000 0.130 0 1 0 0 0 0
 34 103297.000 77324.000 0 0 0.000 0.000 0.000 0.146 0 1 0 0 0 0
 35 108934.000 78812.000 0 0 0.000 0.000 0.000 0.153 0 1 0 0 0 0
 36 85760.000 81195.000 0 0 0.000 0.000 0.000 0.131 0 1 0 0 0 0
 37 79511.000 112806.000 0 0 0.000 0.000 0.000 0.137 0 1 0 0 0 0
 38 123099.000 106856.000 0 0 0.000 0.000 0.000 0.134 0 1 0 0 0 0
 39 95634.000 123970.000 0 0 0.000 0.000 0.000 0.153 0 1 0 0 0 0
 40 76043.000 94954.000 0 0 0.000 0.000 0.000 0.141 0 1 0 0 0 0
 41 120203.000 86344.000 0 0 0.000 0.000 0.000 0.133 0 1 0 0 0 0
 42 124590.000 103873.000 0 0 0.000 0.000 0.000 0.138 0 1 0 0 0 0
 43 79157.000 86219.000 0 0 0.000 0.000 0.000 0.137 0 1 0 0 0 0
 44 122930.000 110724.000 0 0 0.000 0.000 0.000 0.142 0 1 0 0 0 0
 45 115240.000 120369.000 0 0 0.000 0.000 0.000 0.139 0 1 0 0 0 0
 46 97731.000 74723.000 0 0 0.000 0.000 0.000 0.146 0 1 0 0 0 0
 47 96965.000 125944.000 0 0 0.000 0.000 0.000 0.150 0 1 0 0 0 0
 48 120984.000 85093.000 0 0 0.000 0.000 0.000 0.133 0 1 0 0 0 0
 49 106744.000 74994.000 0 0 0.000 0.000 0.000 0.152 0 1 0 0 0 0
 50 125112.000 106984.000 0 0 0.000 0.000 0.000 0.132 0 1 0 0 0 0
 51 94616.000 73959.000 0 0 0.000 0.000 0.000 0.138 0 1 0 0 0 0
 52 115151.000 78165.000 0 0 0.000 0.000 0.000 0.142 0 1 0 0 0 0
 53 74511.000 108999.000 0 0 0.000 0.000 0.000 0.172 0 1 0 0 0 0
 54 126752.000 96250.000 0 0 0.000 0.000 0.000 0.138 0 1 0 0 0 0
 55 86597.000 124405.000 0 0 0.000 0.000 0.000 0.148 0 1 0 0 0 0
 56 73566.000 108500.000 0 0 0.000 0.000 0.000 0.139 0 1 0 0 0 0
 57 107777.000 73604.000 0 0 0.000 0.000 0.000 0.137 0 1 0 0 0 0
 58 123034.000 116823.000 0 0 0.000 0.000 0.000 0.135 0 1 0 0 0 0
 59 123158.000 117116.000 0 0 0.000 0.000 0.000 0.139 0 1 0 0 0 0
 60 95915.000 71457.000 0 0 0.000 0.000 0.000 0.140 0 1 0 0 0 0
 61 79202.000 79448.000 0 0 0.000 0.000 0.000 0.134 0 1 0 0 0 0
 62 101882.000 71078.000 0 0 0.000 0.000 0.000 0.131 0 1 0 0 0 0
 63 79233.000 79252.000 0 0 0.000 0.000 0.000 0.132 0 1 0 0 0 0
 64 108259.000 71978.000 0 0 0.000 0.000 0.000 0.145 0 1 0 0 0 0
 65 130202.000 98629.000 0 0 0.000 0.000 0.000 0.149 0 1 0 0 0 0
 66 126676.000 115115.000 0 0 0.000 0.000 0.000 0.169 0 1 0 0 0 0
 67 74345.000 82424.000 0 0 0.000 0.000 0.000 0.130 0 1 0 0 0 0
 68 74329.000 118594.000 0 0 0.000 0.000 0.000 0.136 0 1 0 0 0 0
 69 115812.000 72884.000 0 0 0.000 0.000 0.000 0.141 0 1 0 0 0 0
 70 117381.000 73219.000 0 0 0.000 0.000 0.000 0.137 0 1 0 0 0 0
 71 74042.000 119191.000 0 0 0.000 0.000 0.000 0.161 0 1 0 0 0 0
 72 120694.000 75718.000 0 0 0.000 0.000 0.000 0.161 0 1 0 0 0 0
 73 86459.000 70765.000 0 0 0.000 0.000 0.000 0.131 0 1 0 0 0 0
 74 116746.000 72521.000 0 0 0.000 0.000 0.000 0.134 0 1 0 0 0 0
 75 95963.000 132441.000 0 0 0.000 0.000 0.000 0.136 0 1 0 0 0 0
 76 103652.000 67909.000 0 0 0.000 0.000 0.000 0.136 0 1 0 0 0 0
 77 79278.000 126398.000 0 0 0.000 0.000 0.000 0.134 0 1 0 0 0 0
 78 125326.000 78138.000 0 0 0.000 0.000 0.000 0.140 0 1 0 0 0 0
 79 99646.000 134197.000 0 0 0.000 0.000 0.000 0.149 0 1 0 0 0 0
 80 76067.000 76004.000 0 0 0.000 0.000 0.000 0.140 0 1 0 0 0 0
 81 91032.000 67325.000 0 0 0.000 0.000 0.000 0.134 0 1 0 0 0 0
 82 119761.000 72534.000 0 0 0.000 0.000 0.000 0.133 0 1 0 0 0 0
 83 130104.000 84314.000 0 0 0.000 0.000 0.000 0.136 0 1 0 0 0 0
 84 78974.000 72618.000 0 0 0.000 0.000 0.000 0.139 0 1 0 0 0 0
 85 83068.000 69709.000 0 0 0.000 0.000 0.000 0.148 0 1 0 0 0 0
 86 129036.000 80995.000 0 0 0.000 0.000 0.000 0.143 0 1 0 0 0 0
 87 126195.000 123413.000 0 0 0.000 0.000 0.000 0.134 0 1 0 0 0 0
 88 85097.000 67608.000 0 0 0.000 0.000 0.000 0.130 0 1 0 0 0 0
 89 84026.000 67902.000 0 0 0.000 0.000 0.000 0.133 0 1 0 0 0 0
 90 125542.000 125999.000 0 0 0.000 0.000 0.000 0.138 0 1 0 0 0 0
 91 66717.000 115719.000 0 0 0.000 0.000 0.000 0.149 0 1 0 0 0 0
 92 66635.000 84983.000 0 0 0.000 0.000 0.000 0.137 0 1 0 0 0 0
 93 126496.000 75102.000 0 0 0.000 0.000 0.000 0.133 0 1 0 0 0 0
 94 67942.000 118743.000 0 0 0.000 0.000 0.000 0.143 0 1 0 0 0 0
 95 117927.000 132751.000 0 0 0.000 0.000 0.000 0.142 0 1 0 0 0 0
 96 78238.000 69808.000 0 0 0.000 0.000 0.000 0.135 0 1 0 0 0 0
 97 133343.000 116973.000 0 0 0.000 0.000 0.000 0.139 0 1 0 0 0 0
 98 137394.000 99451.000 0 0 0.000 0.000 0.000 0.136 0 1 0 0 0 0
 99 137476.000 100678.000 0 0 0.000 0.000 0.000 0.133 0 1 0 0 0 0
 100 65694.000 84291.000 0 0 0.000 0.000 0.000 0.134 0 1 0 0 0 0
 101 68144.000 79127.000 0 0 0.000 0.000 0.000 0.146 0 1 0 0 0 0
 102 120546.000 67922.000 0 0 0.000 0.000 0.000 0.149 0 1 0 0 0 0
 103 81763.000 66067.000 0 0 0.000 0.000 0.000 0.158 0 1 0 0 0 0
 104 130195.000 124706.000 0 0 0.000 0.000 0.000 0.139 0 1 0 0 0 0
 105 133205.000 79996.000 0 0 0.000 0.000 0.000 0.162 0 1 0 0 0 0
 106 139160.000 100195.000 0 0 0.000 0.000 0.000 0.148 0 1 0 0 0 0
 107 135368.000 83219.000 0 0 0.000 0.000 0.000 0.142 0 1 0 0 0 0
 108 126010.000 129813.000 0 0 0.000 0.000 0.000 0.139 0 1 0 0 0 0
 109 65063.000 81386.000 0 0 0.000 0.000 0.000 0.140 0 1 0 0 0 0
 110 130777.000 75000.000 0 0 0.000 0.000 0.000 0.136 0 1 0 0 0 0
 111 63385.000 117398.000 0 0 0.000 0.000 0.000 0.150 0 1 0 0 0 0
 112 61294.000 88698.000 0 0 0.000 0.000 0.000 0.143 0 1 0 0 0 0
 113 140653.000 99360.000 0 0 0.000 0.000 0.000 0.146 0 1 0 0 0 0
 114 116913.000 137281.000 0 0 0.000 0.000 0.000 0.153 0 1 0 0 0 0
 115 125560.000 132401.000 0 0 0.000 0.000 0.000 0.144 0 1 0 0 0 0
 116 58808.000 100479.000 0 0 0.000 0.000 0.000 0.132 0 1 0 0 0 0
 117 128472.000 130069.000 0 0 0.000 0.000 0.000 0.140 0 1 0 0 0 0
 118 126103.000 67856.000 0 0 0.000 0.000 0.000 0.137 0 1 0 0 0 0
 119 72551.000 68807.000 0 0 0.000 0.000 0.000 0.142 0 1 0 0 0 0
 120 71589.000 69291.000 0 0 0.000 0.000 0.000 0.136 0 1 0 0 0 0
 121 115558.000 60907.000 0 0 0.000 0.000 0.000 0.137 0 1 0 0 0 0
 122 134194.000 124992.000 0 0 0.000 0.000 0.000 0.138 0 1 0 0 0 0
 123 113972.000 140177.000 0 0 0.000 0.000 0.000 0.135 0 1 0 0 0 0
 124 119023.000 138156.000 0 0 0.000 0.000 0.000 0.147 0 1 0 0 0 0
 125 112623.000 140952.000 0 0 0.000 0.000 0.000 0.138 0 1 0 0 0 0
 126 82398.000 61329.000 0 0 0.000 0.000 0.000 0.132 0 1 0 0 0 0
 127 60106.000 116730.000 0 0 0.000 0.000 0.000 0.141 0 1 0 0 0 0
 128 59148.000 86546.000 0 0 0.000 0.000 0.000 0.134 0 1 0 0 0 0
 129 132349.000 71344.000 0 0 0.000 0.000 0.000 0.134 0 1 0 0 0 0
 130 116856.000 140395.000 0 0 0.000 0.000 0.000 0.141 0 1 0 0 0 0
 131 117502.000 60260.000 0 0 0.000 0.000 0.000 0.132 0 1 0 0 0 0
 132 115984.000 140873.000 0 0 0.000 0.000 0.000 0.131 0 1 0 0 0 0
 133 74129.000 64787.000 0 0 0.000 0.000 0.000 0.133 0 1 0 0 0 0
 134 143702.000 105446.000 0 0 0.000 0.000 0.000 0.135 0 1 0 0 0 0
 135 74857.000 136487.000 0 0 0.000 0.000 0.000 0.147 0 1 0 0 0 0
 136 94334.000 56448.000 0 0 0.000 0.000 0.000 0.132 0 1 0 0 0 0
 137 110477.000 143165.000 0 0 0.000 0.000 0.000 0.135 0 1 0 0 0 0
 138 138841.000 78450.000 0 0 0.000 0.000 0.000 0.138 0 1 0 0 0 0
 139 85324.000 142463.000 0 0 0.000 0.000 0.000 0.130 0 1 0 0 0 0
 140 124986.000 137535.000 0 0 0.000 0.000 0.000 0.142 0 1 0 0 0 0
 141 88675.000 56713.000 0 0 0.000 0.000 0.000 0.133 0 1 0 0 0 0
 142 107657.000 55473.000 0 0 0.000 0.000 0.000 0.135 0 1 0 0 0 0
 143 144384.000 89104.000 0 0 0.000 0.000 0.000 0.149 0 1 0 0 0 0
 144 144244.000 112015.000 0 0 0.000 0.000 0.000 0.143 0 1 0 0 0 0
 145 121744.000 140825.000 0 0 0.000 0.000 0.000 0.141 0 1 0 0 0 0
 146 57274.000 118226.000 0 0 0.000 0.000 0.000 0.164 0 1 0 0 0 0
 147 57000.000 117876.000 0 0 0.000 0.000 0.000 0.130 0 1 0 0 0 0
 148 54576.000 89875.000 0 0 0.000 0.000 0.000 0.151 0 1 0 0 0 0
 149 84008.000 56182.000 0 0 0.000 0.000 0.000 0.139 0 1 0 0 0 0
 150 136944.000 70879.000 0 0 0.000 0.000 0.000 0.135 0 1 0 0 0 0
 151 90184.000 146554.000 0 0 0.000 0.000 0.000 0.149 0 1 0 0 0 0
 152 61855.000 72093.000 0 0 0.000 0.000 0.000 0.131 0 1 0 0 0 0
 153 55630.000 82990.000 0 0 0.000 0.000 0.000 0.154 0 1 0 0 0 0
 154 113773.000 145910.000 0 0 0.000 0.000 0.000 0.161 0 1 0 0 0 0
 155 91261.000 52777.000 0 0 0.000 0.000 0.000 0.137 0 1 0 0 0 0
 156 108522.000 52203.000 0 0 0.000 0.000 0.000 0.140 0 1 0 0 0 0
 157 89560.000 147908.000 0 0 0.000 0.000 0.000 0.158 0 1 0 0 0 0
 158 54511.000 118211.000 0 0 0.000 0.000 0.000 0.150 0 1 0 0 0 0
 159 136906.000 132718.000 0 0 0.000 0.000 0.000 0.137 0 1 0 0 0 0
 160 58394.000 126535.000 0 0 0.000 0.000 0.000 0.140 0 1 0 0 0 0
 161 56609.000 77109.000 0 0 0.000 0.000 0.000 0.130 0 1 0 0 0 0
 162 137724.000 68658.000 0 0 0.000 0.000 0.000 0.133 0 1 0 0 0 0
 163 52475.000 86941.000 0 0 0.000 0.000 0.000 0.149 0 1 0 0 0 0
 164 141553.000 127308.000 0 0 0.000 0.000 0.000 0.159 0 1 0 0 0 0
 165 137870.000 68014.000 0 0 0.000 0.000 0.000 0.137 0 1 0 0 0 0
 166 66576.000 62732.000 0 0 0.000 0.000 0.000 0.131 0 1 0 0 0 0
 167 130989.000 139754.000 0 0 0.000 0.000 0.000 0.139 0 1 0 0 0 0
 168 53193.000 119513.000 0 0 0.000 0.000 0.000 0.134 0 1 0 0 0 0
 169 79057.000 53798.000 0 0 0.000 0.000 0.000 0.138 0 1 0 0 0 0
 170 67041.000 139280.000 0 0 0.000 0.000 0.000 0.154 0 1 0 0 0 0
 171 92644.000 151403.000 0 0 0.000 0.000 0.000 0.146 0 1 0 0 0 0
 172 94094.000 48848.000 0 0 0.000 0.000 0.000 0.148 0 1 0 0 0 0
 173 147958.000 119780.000 0 0 0.000 0.000 0.000 0.139 0 1 0 0 0 0
 174 59934.000 67190.000 0 0 0.000 0.000 0.000 0.146 0 1 0 0 0 0
 175 70652.000 56869.000 0 0 0.000 0.000 0.000 0.136 0 1 0 0 0 0
 176 120555.000 148481.000 0 0 0.000 0.000 0.000 0.153 0 1 0 0 0 0
 177 83986.000 49727.000 0 0 0.000 0.000 0.000 0.161 0 1 0 0 0 0
 178 82079.000 150124.000 0 0 0.000 0.000 0.000 0.158 0 1 0 0 0 0
 179 74706.000 146972.000 0 0 0.000 0.000 0.000 0.138 0 1 0 0 0 0
 180 55825.000 129622.000 0 0 0.000 0.000 0.000 0.134 0 1 0 0 0 0
 181 88151.000 152181.000 0 0 0.000 0.000 0.000 0.131 0 1 0 0 0 0
 182 85779.000 151587.000 0 0 0.000 0.000 0.000 0.134 0 1 0 0 0 0
 183 63566.000 139429.000 0 0 0.000 0.000 0.000 0.137 0 1 0 0 0 0
 184 47411.000 90269.000 0 0 0.000 0.000 0.000 0.146 0 1 0 0 0 0
 185 144292.000 132087.000 0 0 0.000 0.000 0.000 0.138 0 1 0 0 0 0
 186 59276.000 136734.000 0 0 0.000 0.000 0.000 0.149 0 1 0 0 0 0
 187 119145.000 49080.000 0 0 0.000 0.000 0.000 0.130 0 1 0 0 0 0
 188 78030.000 150489.000 0 0 0.000 0.000 0.000 0.139 0 1 0 0 0 0
 189 46170.000 110771.000 0 0 0.000 0.000 0.000 0.136 0 1 0 0 0 0
 190 89442.000 46460.000 0 0 0.000 0.000 0.000 0.134 0 1 0 0 0 0
 191 105398.000 45300.000 0 0 0.000 0.000 0.000 0.134 0 1 0 0 0 0
 192 58866.000 62863.000 0 0 0.000 0.000 0.000 0.141 0 1 0 0 0 0
 193 108914.000 45553.000 0 0 0.000 0.000 0.000 0.157 0 1 0 0 0 0
 194 125708.000 149556.000 0 0 0.000 0.000 0.000 0.148 0 1 0 0 0 0
 195 44332.000 99136.000 0 0 0.000 0.000 0.000 0.131 0 1 0 0 0 0
 196 82911.000 47173.000 0 0 0.000 0.000 0.000 0.137 0 1 0 0 0 0
 197 46245.000 116050.000 0 0 0.000 0.000 0.000 0.132 0 1 0 0 0 0
 198 45327.000 88338.000 0 0 0.000 0.000 0.000 0.134 0 1 0 0 0 0
 199 75630.000 151018.000 0 0 0.000 0.000 0.000 0.144 0 1 0 0 0 0
 200 114509.000 45635.000 0 0 0.000 0.000 0.000 0.133 0 1 0 0 0 0
 201 75528.000 151301.000 0 0 0.000 0.000 0.000 0.135 0 1 0 0 0 0
 202 156352.000 94668.000 0 0 0.000 0.000 0.000 0.153 0 1 0 0 0 0
 203 86002.000 155899.000 0 0 0.000 0.000 0.000 0.133 0 1 0 0 0 0
 204 105820.000 42222.000 0 0 0.000 0.000 0.000 0.135 0 1 0 0 0 0
 205 144537.000 62649.000 0 0 0.000 0.000 0.000 0.143 0 1 0 0 0 0
 206 46894.000 124390.000 0 0 0.000 0.000 0.000 0.134 0 1 0 0 0 0
 207 108324.000 158179.000 0 0 0.000 0.000 0.000 0.136 0 1 0 0 0 0
 208 42180.000 109825.000 0 0 0.000 0.000 0.000 0.138 0 1 0 0 0 0
 209 148612.000 67290.000 0 0 0.000 0.000 0.000 0.148 0 1 0 0 0 0
 210 49760.000 131011.000 0 0 0.000 0.000 0.000 0.138 0 1 0 0 0 0
 211 81115.000 44364.000 0 0 0.000 0.000 0.000 0.130 0 1 0 0 0 0
 212 136235.000 53491.000 0 0 0.000 0.000 0.000 0.136 0 1 0 0 0 0
 213 92069.000 41625.000 0 0 0.000 0.000 0.000 0.130 0 1 0 0 0 0
 214 40140.000 103866.000 0 0 0.000 0.000 0.000 0.130 0 1 0 0 0 0
 215 83672.000 42548.000 0 0 0.000 0.000 0.000 0.138 0 1 0 0 0 0
 216 125075.000 45802.000 0 0 0.000 0.000 0.000 0.133 0 1 0 0 0 0
 217 112461.000 158960.000 0 0 0.000 0.000 0.000 0.130 0 1 0 0 0 0
 218 159455.000 88316.000 0 0 0.000 0.000 0.000 0.138 0 1 0 0 0 0
 219 150718.000 134506.000 0 0 0.000 0.000 0.000 0.138 0 1 0 0 0 0
 220 98730.000 38746.000 0 0 0.000 0.000 0.000 0.135 0 1 0 0 0 0
 221 150197.000 63981.000 0 0 0.000 0.000 0.000 0.135 0 1 0 0 0 0
 222 53641.000 143539.000 0 0 0.000 0.000 0.000 0.133 0 1 0 0 0 0
 223 109001.000 37412.000 0 0 0.000 0.000 0.000 0.131 0 1 0 0 0 0
 224 45620.000 66114.000 0 0 0.000 0.000 0.000 0.131 0 1 0 0 0 0
 225 49949.000 140751.000 0 0 0.000 0.000 0.000 0.130 0 1 0 0 0 0
 226 35191.000 95877.000 0 0 0.000 0.000 0.000 0.140 0 1 0 0 0 0
 227 142687.000 51308.000 0 0 0.000 0.000 0.000 0.133 0 1 0 0 0 0
 228 159094.000 72841.000 0 0 0.000 0.000 0.000 0.132 0 1 0 0 0 0
 229 101185.000 33806.000 0 0 0.000 0.000 0.000 0.134 0 1 0 0 0 0
 230 47715.000 58610.000 0 0 0.000 0.000 0.000 0.140 0 1 0 0 0 0
 231 76694.000 163459.000 0 0 0.000 0.000 0.000 0.138 0 1 0 0 0 0
 232 102016.000 168298.000 0 0 0.000 0.000 0.000 0.139 0 1 0 0 0 0
 233 137979.000 156796.000 0 0 0.000 0.000 0.000 0.141 0 1 0 0 0 0
 234 121634.000 165116.000 0 0 0.000 0.000 0.000 0.134 0 1 0 0 0 0
 235 110365.000 167967.000 0 0 0.000 0.000 0.000 0.132 0 1 0 0 0 0
 236 40037.000 133637.000 0 0 0.000 0.000 0.000 0.144 0 1 0 0 0 0
 237 74592.000 164081.000 0 0 0.000 0.000 0.000 0.131 0 1 0 0 0 0
 238 161410.000 130914.000 0 0 0.000 0.000 0.000 0.130 0 1 0 0 0 0
 239 32018.000 111789.000 0 0 0.000 0.000 0.000 0.150 0 1 0 0 0 0
 240 49375.000 53182.000 0 0 0.000 0.000 0.000 0.134 0 1 0 0 0 0
 241 151255.000 53318.000 0 0 0.000 0.000 0.000 0.136 0 1 0 0 0 0
 242 154071.000 143735.000 0 0 0.000 0.000 0.000 0.130 0 1 0 0 0 0
 243 169303.000 94742.000 0 0 0.000 0.000 0.000 0.159 0 1 0 0 0 0
 244 33575.000 121756.000 0 0 0.000 0.000 0.000 0.136 0 1 0 0 0 0
 245 112796.000 168945.000 0 0 0.000 0.000 0.000 0.132 0 1 0 0 0 0
 246 32881.000 121033.000 0 0 0.000 0.000 0.000 0.140 0 1 0 0 0 0
 247 74726.000 33319.000 0 0 0.000 0.000 0.000 0.132 0 1 0 0 0 0
 248 28256.000 100014.000 0 0 0.000 0.000 0.000 0.145 0 1 0 0 0 0
 249 81608.000 169854.000 0 0 0.000 0.000 0.000 0.132 0 1 0 0 0 0
 250 157282.000 144122.000 0 0 0.000 0.000 0.000 0.146 0 1 0 0 0 0
 251 169306.000 79284.000 0 0 0.000 0.000 0.000 0.139 0 1 0 0 0 0
 252 172581.000 104113.000 0 0 0.000 0.000 0.000 0.150 0 1 0 0 0 0
 253 64983.000 36283.000 0 0 0.000 0.000 0.000 0.151 0 1 0 0 0 0
 254 144686.000 157943.000 0 0 0.000 0.000 0.000 0.139 0 1 0 0 0 0
 255 33635.000 131433.000 0 0 0.000 0.000 0.000 0.136 0 1 0 0 0 0
 256 61232.000 37406.000 0 0 0.000 0.000 0.000 0.135 0 1 0 0 0 0
 257 164264.000 62151.000 0 0 0.000 0.000 0.000 0.141 0 1 0 0 0 0
 258 76846.000 28848.000 0 0 0.000 0.000 0.000 0.140 0 1 0 0 0 0
 259 159974.000 54550.000 0 0 0.000 0.000 0.000 0.138 0 1 0 0 0 0
 260 53560.000 39588.000 0 0 0.000 0.000 0.000 0.130 0 1 0 0 0 0
 261 32298.000 64328.000 0 0 0.000 0.000 0.000 0.141 0 1 0 0 0 0
 262 74401.000 25855.000 0 0 0.000 0.000 0.000 0.209 0 1 0 0 0 0
 263 108473.000 180475.000 0 0 0.000 0.000 0.000 0.136 0 1 0 0 0 0
 264 168062.000 51754.000 0 0 0.000 0.000 0.000 0.130 0 1 0 0 0 0
 265 46406.000 25968.000 0 0 0.000 0.000 0.000 0.136 0 1 0 0 0 0
 266 45334.000 26260.000 0 0 0.000 0.000 0.000 0.130 0 1 0 0 0 0;
ProcessEquipmentIDList 1
  "6632" ;
SummarySpec 5
  TESTNO    NDEFECT    DEFDENSITY    NDIE    NDEFDIE  ;
SummaryList 
  1    266    0.9725    1    1  ;
EndOfFile;
