FileVersion 1 2;
FileTimestamp 01-11-26 16:40:33;
InspectionStationID "KLA-Tencor" "SFSSP1" "0901-0728-TBI";
SampleType WAFER;
ResultTimestamp 01-11-26 16:36:40;
LotID "2580";
SampleSize 1 200;
DeviceID "None";
SetupID "T2-2580NR" 01-11-26 16:36:40;
StepID "6492";
SampleOrientationMarkType NOTCH;
OrientationMarkLocation DOWN;
DiePitch 200000 200000;
DieOrigin 0 0;
WaferID "06";
Slot 6;
SampleCenterLocation 100000 100000;
ClassLookup 1
  0 "0"  ;
OrientationInstructions "Front";
CoordinatesMirrored No;
InspectionTest 1;
SampleTestPlan 1
  0 0 ;
AreaPerTest 2.7352e+010;
DefectRecordSpec 15 DEFECTID XREL YREL XINDEX YINDEX XSIZE YSIZE DEFECTAREA DSIZE CLASSNUMBER TEST CLUSTERNUMBER ROUGHBINNUMBER FINEBINNUMBER REVIEWSAMPLE ;
DefectList
 1 101836.000 99536.000 0 0 0.000 0.000 0.000 0.132 0 1 0 0 0 0
 2 97687.000 100124.000 0 0 0.000 0.000 0.000 0.133 0 1 0 0 0 0
 3 103884.000 98549.000 0 0 0.000 0.000 0.000 0.136 0 1 0 0 0 0
 4 96964.000 94680.000 0 0 0.000 0.000 0.000 0.142 0 1 0 0 0 0
 5 100991.000 93340.000 0 0 0.000 0.000 0.000 0.136 0 1 0 0 0 0
 6 108791.000 100557.000 0 0 0.000 0.000 0.000 0.139 0 1 0 0 0 0
 7 94319.000 107015.000 0 0 0.000 0.000 0.000 0.137 0 1 0 0 0 0
 8 90990.000 99073.000 0 0 0.000 0.000 0.000 0.139 0 1 0 0 0 0
 9 98233.000 109606.000 0 0 0.000 0.000 0.000 0.135 0 1 0 0 0 0
 10 109750.000 101202.000 0 0 0.000 0.000 0.000 0.140 0 1 0 0 0 0
 11 91758.000 94235.000 0 0 0.000 0.000 0.000 0.134 0 1 0 0 0 0
 12 90246.000 103665.000 0 0 0.000 0.000 0.000 0.172 0 1 0 0 0 0
 13 90651.000 105990.000 0 0 0.000 0.000 0.000 0.139 0 1 0 0 0 0
 14 105830.000 90727.000 0 0 0.000 0.000 0.000 0.140 0 1 0 0 0 0
 15 91215.000 92789.000 0 0 0.000 0.000 0.000 0.138 0 1 0 0 0 0
 16 111322.000 105258.000 0 0 0.000 0.000 0.000 0.135 0 1 0 0 0 0
 17 91577.000 91050.000 0 0 0.000 0.000 0.000 0.155 0 1 0 0 0 0
 18 111465.000 105753.000 0 0 0.000 0.000 0.000 0.144 0 1 0 0 0 0
 19 88110.000 105650.000 0 0 0.000 0.000 0.000 0.132 0 1 0 0 0 0
 20 100188.000 86933.000 0 0 0.000 0.000 0.000 0.140 0 1 0 0 0 0
 21 99290.000 113809.000 0 0 0.000 0.000 0.000 0.145 0 1 0 0 0 0
 22 86506.000 105597.000 0 0 0.000 0.000 0.000 0.158 0 1 0 0 0 0
 23 98084.000 114731.000 0 0 0.000 0.000 0.000 0.138 0 1 0 0 0 0
 24 114915.000 102541.000 0 0 0.000 0.000 0.000 0.140 0 1 0 0 0 0
 25 91963.000 87343.000 0 0 0.000 0.000 0.000 0.138 0 1 0 0 0 0
 26 114120.000 106097.000 0 0 0.000 0.000 0.000 0.139 0 1 0 0 0 0
 27 93803.000 114555.000 0 0 0.000 0.000 0.000 0.134 0 1 0 0 0 0
 28 100433.000 116016.000 0 0 0.000 0.000 0.000 0.159 0 1 0 0 0 0
 29 88211.000 88971.000 0 0 0.000 0.000 0.000 0.132 0 1 0 0 0 0
 30 102205.000 83734.000 0 0 0.000 0.000 0.000 0.136 0 1 0 0 0 0
 31 87028.000 89593.000 0 0 0.000 0.000 0.000 0.141 0 1 0 0 0 0
 32 86899.000 89603.000 0 0 0.000 0.000 0.000 0.161 0 1 0 0 0 0
 33 102867.000 83487.000 0 0 0.000 0.000 0.000 0.133 0 1 0 0 0 0
 34 83777.000 94457.000 0 0 0.000 0.000 0.000 0.153 0 1 0 0 0 0
 35 88405.000 113132.000 0 0 0.000 0.000 0.000 0.138 0 1 0 0 0 0
 36 82459.000 104443.000 0 0 0.000 0.000 0.000 0.132 0 1 0 0 0 0
 37 102767.000 118229.000 0 0 0.000 0.000 0.000 0.157 0 1 0 0 0 0
 38 82710.000 108228.000 0 0 0.000 0.000 0.000 0.149 0 1 0 0 0 0
 39 82102.000 107219.000 0 0 0.000 0.000 0.000 0.130 0 1 0 0 0 0
 40 80791.000 97326.000 0 0 0.000 0.000 0.000 0.138 0 1 0 0 0 0
 41 120142.000 99769.000 0 0 0.000 0.000 0.000 0.136 0 1 0 0 0 0
 42 96351.000 80320.000 0 0 0.000 0.000 0.000 0.144 0 1 0 0 0 0
 43 96176.000 79982.000 0 0 0.000 0.000 0.000 0.137 0 1 0 0 0 0
 44 80512.000 92067.000 0 0 0.000 0.000 0.000 0.154 0 1 0 0 0 0
 45 121166.000 98494.000 0 0 0.000 0.000 0.000 0.133 0 1 0 0 0 0
 46 104109.000 121590.000 0 0 0.000 0.000 0.000 0.138 0 1 0 0 0 0
 47 89724.000 80665.000 0 0 0.000 0.000 0.000 0.138 0 1 0 0 0 0
 48 118268.000 112522.000 0 0 0.000 0.000 0.000 0.142 0 1 0 0 0 0
 49 89214.000 119881.000 0 0 0.000 0.000 0.000 0.140 0 1 0 0 0 0
 50 84502.000 83993.000 0 0 0.000 0.000 0.000 0.157 0 1 0 0 0 0
 51 99339.000 123006.000 0 0 0.000 0.000 0.000 0.139 0 1 0 0 0 0
 52 104884.000 122805.000 0 0 0.000 0.000 0.000 0.139 0 1 0 0 0 0
 53 120891.000 90325.000 0 0 0.000 0.000 0.000 0.145 0 1 0 0 0 0
 54 92578.000 122934.000 0 0 0.000 0.000 0.000 0.133 0 1 0 0 0 0
 55 88919.000 121543.000 0 0 0.000 0.000 0.000 0.156 0 1 0 0 0 0
 56 93838.000 123715.000 0 0 0.000 0.000 0.000 0.142 0 1 0 0 0 0
 57 107548.000 123534.000 0 0 0.000 0.000 0.000 0.143 0 1 0 0 0 0
 58 97067.000 124489.000 0 0 0.000 0.000 0.000 0.147 0 1 0 0 0 0
 59 109431.000 122937.000 0 0 0.000 0.000 0.000 0.136 0 1 0 0 0 0
 60 79673.000 86022.000 0 0 0.000 0.000 0.000 0.137 0 1 0 0 0 0
 61 124583.000 103134.000 0 0 0.000 0.000 0.000 0.140 0 1 0 0 0 0
 62 85496.000 120848.000 0 0 0.000 0.000 0.000 0.137 0 1 0 0 0 0
 63 95692.000 75399.000 0 0 0.000 0.000 0.000 0.133 0 1 0 0 0 0
 64 124294.000 92743.000 0 0 0.000 0.000 0.000 0.146 0 1 0 0 0 0
 65 107020.000 124706.000 0 0 0.000 0.000 0.000 0.143 0 1 0 0 0 0
 66 95192.000 125293.000 0 0 0.000 0.000 0.000 0.153 0 1 0 0 0 0
 67 89682.000 76851.000 0 0 0.000 0.000 0.000 0.144 0 1 0 0 0 0
 68 119417.000 117130.000 0 0 0.000 0.000 0.000 0.133 0 1 0 0 0 0
 69 103818.000 125968.000 0 0 0.000 0.000 0.000 0.149 0 1 0 0 0 0
 70 93954.000 125688.000 0 0 0.000 0.000 0.000 0.151 0 1 0 0 0 0
 71 116100.000 79478.000 0 0 0.000 0.000 0.000 0.142 0 1 0 0 0 0
 72 113499.000 122799.000 0 0 0.000 0.000 0.000 0.137 0 1 0 0 0 0
 73 75215.000 109640.000 0 0 0.000 0.000 0.000 0.130 0 1 0 0 0 0
 74 89253.000 75665.000 0 0 0.000 0.000 0.000 0.140 0 1 0 0 0 0
 75 85631.000 123532.000 0 0 0.000 0.000 0.000 0.132 0 1 0 0 0 0
 76 76362.000 114359.000 0 0 0.000 0.000 0.000 0.132 0 1 0 0 0 0
 77 79844.000 119383.000 0 0 0.000 0.000 0.000 0.141 0 1 0 0 0 0
 78 113131.000 75517.000 0 0 0.000 0.000 0.000 0.132 0 1 0 0 0 0
 79 91980.000 73012.000 0 0 0.000 0.000 0.000 0.151 0 1 0 0 0 0
 80 100489.000 128996.000 0 0 0.000 0.000 0.000 0.134 0 1 0 0 0 0
 81 71103.000 102398.000 0 0 0.000 0.000 0.000 0.136 0 1 0 0 0 0
 82 76854.000 82716.000 0 0 0.000 0.000 0.000 0.132 0 1 0 0 0 0
 83 108649.000 128006.000 0 0 0.000 0.000 0.000 0.133 0 1 0 0 0 0
 84 87031.000 72209.000 0 0 0.000 0.000 0.000 0.133 0 1 0 0 0 0
 85 91426.000 130268.000 0 0 0.000 0.000 0.000 0.134 0 1 0 0 0 0
 86 69075.000 105889.000 0 0 0.000 0.000 0.000 0.153 0 1 0 0 0 0
 87 129760.000 110840.000 0 0 0.000 0.000 0.000 0.138 0 1 0 0 0 0
 88 76412.000 121818.000 0 0 0.000 0.000 0.000 0.146 0 1 0 0 0 0
 89 105463.000 131941.000 0 0 0.000 0.000 0.000 0.148 0 1 0 0 0 0
 90 123986.000 121664.000 0 0 0.000 0.000 0.000 0.131 0 1 0 0 0 0
 91 119339.000 73676.000 0 0 0.000 0.000 0.000 0.133 0 1 0 0 0 0
 92 67411.000 106093.000 0 0 0.000 0.000 0.000 0.133 0 1 0 0 0 0
 93 128040.000 117884.000 0 0 0.000 0.000 0.000 0.132 0 1 0 0 0 0
 94 75543.000 77291.000 0 0 0.000 0.000 0.000 0.134 0 1 0 0 0 0
 95 127382.000 80745.000 0 0 0.000 0.000 0.000 0.153 0 1 0 0 0 0
 96 110803.000 132304.000 0 0 0.000 0.000 0.000 0.130 0 1 0 0 0 0
 97 92545.000 133368.000 0 0 0.000 0.000 0.000 0.141 0 1 0 0 0 0
 98 70269.000 117339.000 0 0 0.000 0.000 0.000 0.165 0 1 0 0 0 0
 99 65489.000 103054.000 0 0 0.000 0.000 0.000 0.139 0 1 0 0 0 0
 100 65241.000 101657.000 0 0 0.000 0.000 0.000 0.136 0 1 0 0 0 0
 101 65323.000 105858.000 0 0 0.000 0.000 0.000 0.150 0 1 0 0 0 0
 102 135360.000 103230.000 0 0 0.000 0.000 0.000 0.136 0 1 0 0 0 0
 103 135734.000 97073.000 0 0 0.000 0.000 0.000 0.137 0 1 0 0 0 0
 104 89253.000 134574.000 0 0 0.000 0.000 0.000 0.146 0 1 0 0 0 0
 105 64349.000 94730.000 0 0 0.000 0.000 0.000 0.151 0 1 0 0 0 0
 106 71133.000 122224.000 0 0 0.000 0.000 0.000 0.130 0 1 0 0 0 0
 107 84727.000 67228.000 0 0 0.000 0.000 0.000 0.132 0 1 0 0 0 0
 108 67503.000 82888.000 0 0 0.000 0.000 0.000 0.130 0 1 0 0 0 0
 109 136667.000 102947.000 0 0 0.000 0.000 0.000 0.134 0 1 0 0 0 0
 110 79851.000 68995.000 0 0 0.000 0.000 0.000 0.153 0 1 0 0 0 0
 111 129423.000 77778.000 0 0 0.000 0.000 0.000 0.160 0 1 0 0 0 0
 112 130293.000 78450.000 0 0 0.000 0.000 0.000 0.139 0 1 0 0 0 0
 113 62511.000 100120.000 0 0 0.000 0.000 0.000 0.149 0 1 0 0 0 0
 114 64074.000 89411.000 0 0 0.000 0.000 0.000 0.141 0 1 0 0 0 0
 115 112058.000 64743.000 0 0 0.000 0.000 0.000 0.136 0 1 0 0 0 0
 116 93585.000 137616.000 0 0 0.000 0.000 0.000 0.135 0 1 0 0 0 0
 117 102674.000 138245.000 0 0 0.000 0.000 0.000 0.143 0 1 0 0 0 0
 118 62582.000 89591.000 0 0 0.000 0.000 0.000 0.132 0 1 0 0 0 0
 119 138727.000 95559.000 0 0 0.000 0.000 0.000 0.138 0 1 0 0 0 0
 120 110856.000 137849.000 0 0 0.000 0.000 0.000 0.132 0 1 0 0 0 0
 121 115338.000 136490.000 0 0 0.000 0.000 0.000 0.152 0 1 0 0 0 0
 122 133650.000 121160.000 0 0 0.000 0.000 0.000 0.156 0 1 0 0 0 0
 123 87404.000 62314.000 0 0 0.000 0.000 0.000 0.135 0 1 0 0 0 0
 124 122331.000 67105.000 0 0 0.000 0.000 0.000 0.133 0 1 0 0 0 0
 125 123164.000 133324.000 0 0 0.000 0.000 0.000 0.181 0 1 0 0 0 0
 126 73574.000 131781.000 0 0 0.000 0.000 0.000 0.133 0 1 0 0 0 0
 127 105326.000 59439.000 0 0 0.000 0.000 0.000 0.136 0 1 0 0 0 0
 128 92917.000 141361.000 0 0 0.000 0.000 0.000 0.144 0 1 0 0 0 0
 129 69214.000 128343.000 0 0 0.000 0.000 0.000 0.142 0 1 0 0 0 0
 130 88341.000 60003.000 0 0 0.000 0.000 0.000 0.135 0 1 0 0 0 0
 131 113669.000 140177.000 0 0 0.000 0.000 0.000 0.133 0 1 0 0 0 0
 132 110510.000 59175.000 0 0 0.000 0.000 0.000 0.141 0 1 0 0 0 0
 133 59280.000 113091.000 0 0 0.000 0.000 0.000 0.136 0 1 0 0 0 0
 134 70790.000 131715.000 0 0 0.000 0.000 0.000 0.134 0 1 0 0 0 0
 135 62662.000 77303.000 0 0 0.000 0.000 0.000 0.135 0 1 0 0 0 0
 136 143848.000 100241.000 0 0 0.000 0.000 0.000 0.140 0 1 0 0 0 0
 137 141608.000 114505.000 0 0 0.000 0.000 0.000 0.146 0 1 0 0 0 0
 138 100999.000 56180.000 0 0 0.000 0.000 0.000 0.137 0 1 0 0 0 0
 139 66607.000 70922.000 0 0 0.000 0.000 0.000 0.130 0 1 0 0 0 0
 140 105155.000 55818.000 0 0 0.000 0.000 0.000 0.140 0 1 0 0 0 0
 141 138007.000 75714.000 0 0 0.000 0.000 0.000 0.137 0 1 0 0 0 0
 142 84440.000 142949.000 0 0 0.000 0.000 0.000 0.137 0 1 0 0 0 0
 143 60873.000 76993.000 0 0 0.000 0.000 0.000 0.133 0 1 0 0 0 0
 144 92603.000 55316.000 0 0 0.000 0.000 0.000 0.140 0 1 0 0 0 0
 145 120085.000 141124.000 0 0 0.000 0.000 0.000 0.140 0 1 0 0 0 0
 146 144751.000 91368.000 0 0 0.000 0.000 0.000 0.139 0 1 0 0 0 0
 147 97989.000 146095.000 0 0 0.000 0.000 0.000 0.158 0 1 0 0 0 0
 148 120013.000 141799.000 0 0 0.000 0.000 0.000 0.131 0 1 0 0 0 0
 149 90338.000 145506.000 0 0 0.000 0.000 0.000 0.134 0 1 0 0 0 0
 150 129122.000 63985.000 0 0 0.000 0.000 0.000 0.140 0 1 0 0 0 0
 151 144891.000 87996.000 0 0 0.000 0.000 0.000 0.134 0 1 0 0 0 0
 152 104373.000 146767.000 0 0 0.000 0.000 0.000 0.142 0 1 0 0 0 0
 153 95476.000 147047.000 0 0 0.000 0.000 0.000 0.157 0 1 0 0 0 0
 154 74866.000 140061.000 0 0 0.000 0.000 0.000 0.133 0 1 0 0 0 0
 155 145332.000 87310.000 0 0 0.000 0.000 0.000 0.152 0 1 0 0 0 0
 156 87154.000 145934.000 0 0 0.000 0.000 0.000 0.155 0 1 0 0 0 0
 157 138783.000 127996.000 0 0 0.000 0.000 0.000 0.131 0 1 0 0 0 0
 158 88394.000 146630.000 0 0 0.000 0.000 0.000 0.136 0 1 0 0 0 0
 159 147761.000 101803.000 0 0 0.000 0.000 0.000 0.139 0 1 0 0 0 0
 160 86129.000 54232.000 0 0 0.000 0.000 0.000 0.165 0 1 0 0 0 0
 161 85670.000 54265.000 0 0 0.000 0.000 0.000 0.142 0 1 0 0 0 0
 162 146432.000 85622.000 0 0 0.000 0.000 0.000 0.140 0 1 0 0 0 0
 163 148435.000 92763.000 0 0 0.000 0.000 0.000 0.141 0 1 0 0 0 0
 164 52176.000 112206.000 0 0 0.000 0.000 0.000 0.133 0 1 0 0 0 0
 165 139927.000 129782.000 0 0 0.000 0.000 0.000 0.134 0 1 0 0 0 0
 166 123227.000 144187.000 0 0 0.000 0.000 0.000 0.132 0 1 0 0 0 0
 167 92280.000 50860.000 0 0 0.000 0.000 0.000 0.138 0 1 0 0 0 0
 168 124051.000 56345.000 0 0 0.000 0.000 0.000 0.133 0 1 0 0 0 0
 169 149016.000 110743.000 0 0 0.000 0.000 0.000 0.134 0 1 0 0 0 0
 170 150423.000 99740.000 0 0 0.000 0.000 0.000 0.149 0 1 0 0 0 0
 171 50588.000 89341.000 0 0 0.000 0.000 0.000 0.132 0 1 0 0 0 0
 172 60345.000 68287.000 0 0 0.000 0.000 0.000 0.134 0 1 0 0 0 0
 173 62177.000 66054.000 0 0 0.000 0.000 0.000 0.138 0 1 0 0 0 0
 174 50800.000 86116.000 0 0 0.000 0.000 0.000 0.133 0 1 0 0 0 0
 175 67753.000 60317.000 0 0 0.000 0.000 0.000 0.146 0 1 0 0 0 0
 176 84686.000 51373.000 0 0 0.000 0.000 0.000 0.132 0 1 0 0 0 0
 177 128454.000 142966.000 0 0 0.000 0.000 0.000 0.144 0 1 0 0 0 0
 178 52554.000 121032.000 0 0 0.000 0.000 0.000 0.146 0 1 0 0 0 0
 179 59536.000 67933.000 0 0 0.000 0.000 0.000 0.134 0 1 0 0 0 0
 180 140736.000 67879.000 0 0 0.000 0.000 0.000 0.136 0 1 0 0 0 0
 181 141627.000 68977.000 0 0 0.000 0.000 0.000 0.135 0 1 0 0 0 0
 182 146425.000 124833.000 0 0 0.000 0.000 0.000 0.142 0 1 0 0 0 0
 183 140123.000 66158.000 0 0 0.000 0.000 0.000 0.131 0 1 0 0 0 0
 184 145900.000 126375.000 0 0 0.000 0.000 0.000 0.139 0 1 0 0 0 0
 185 137863.000 63059.000 0 0 0.000 0.000 0.000 0.147 0 1 0 0 0 0
 186 109661.000 152592.000 0 0 0.000 0.000 0.000 0.136 0 1 0 0 0 0
 187 55823.000 130004.000 0 0 0.000 0.000 0.000 0.139 0 1 0 0 0 0
 188 152443.000 90267.000 0 0 0.000 0.000 0.000 0.139 0 1 0 0 0 0
 189 125810.000 146959.000 0 0 0.000 0.000 0.000 0.141 0 1 0 0 0 0
 190 75650.000 147805.000 0 0 0.000 0.000 0.000 0.140 0 1 0 0 0 0
 191 59010.000 134456.000 0 0 0.000 0.000 0.000 0.155 0 1 0 0 0 0
 192 151433.000 85264.000 0 0 0.000 0.000 0.000 0.133 0 1 0 0 0 0
 193 136682.000 60745.000 0 0 0.000 0.000 0.000 0.141 0 1 0 0 0 0
 194 153309.000 91933.000 0 0 0.000 0.000 0.000 0.138 0 1 0 0 0 0
 195 130458.000 144794.000 0 0 0.000 0.000 0.000 0.141 0 1 0 0 0 0
 196 142956.000 67373.000 0 0 0.000 0.000 0.000 0.130 0 1 0 0 0 0
 197 153999.000 102592.000 0 0 0.000 0.000 0.000 0.133 0 1 0 0 0 0
 198 103590.000 154586.000 0 0 0.000 0.000 0.000 0.148 0 1 0 0 0 0
 199 53515.000 71934.000 0 0 0.000 0.000 0.000 0.134 0 1 0 0 0 0
 200 147560.000 126876.000 0 0 0.000 0.000 0.000 0.138 0 1 0 0 0 0
 201 66502.000 143515.000 0 0 0.000 0.000 0.000 0.154 0 1 0 0 0 0
 202 148512.000 74680.000 0 0 0.000 0.000 0.000 0.133 0 1 0 0 0 0
 203 62004.000 140067.000 0 0 0.000 0.000 0.000 0.138 0 1 0 0 0 0
 204 58184.000 135846.000 0 0 0.000 0.000 0.000 0.132 0 1 0 0 0 0
 205 66881.000 144383.000 0 0 0.000 0.000 0.000 0.135 0 1 0 0 0 0
 206 155279.000 97929.000 0 0 0.000 0.000 0.000 0.133 0 1 0 0 0 0
 207 56028.000 133936.000 0 0 0.000 0.000 0.000 0.130 0 1 0 0 0 0
 208 51719.000 72224.000 0 0 0.000 0.000 0.000 0.137 0 1 0 0 0 0
 209 138181.000 141514.000 0 0 0.000 0.000 0.000 0.142 0 1 0 0 0 0
 210 107930.000 155945.000 0 0 0.000 0.000 0.000 0.151 0 1 0 0 0 0
 211 150269.000 74540.000 0 0 0.000 0.000 0.000 0.138 0 1 0 0 0 0
 212 156536.000 99293.000 0 0 0.000 0.000 0.000 0.135 0 1 0 0 0 0
 213 148792.000 71514.000 0 0 0.000 0.000 0.000 0.150 0 1 0 0 0 0
 214 103176.000 157057.000 0 0 0.000 0.000 0.000 0.155 0 1 0 0 0 0
 215 44935.000 117282.000 0 0 0.000 0.000 0.000 0.132 0 1 0 0 0 0
 216 70758.000 150152.000 0 0 0.000 0.000 0.000 0.144 0 1 0 0 0 0
 217 145083.000 136534.000 0 0 0.000 0.000 0.000 0.142 0 1 0 0 0 0
 218 143650.000 138341.000 0 0 0.000 0.000 0.000 0.136 0 1 0 0 0 0
 219 68686.000 149119.000 0 0 0.000 0.000 0.000 0.156 0 1 0 0 0 0
 220 105238.000 42123.000 0 0 0.000 0.000 0.000 0.139 0 1 0 0 0 0
 221 78254.000 154644.000 0 0 0.000 0.000 0.000 0.166 0 1 0 0 0 0
 222 94895.000 158966.000 0 0 0.000 0.000 0.000 0.142 0 1 0 0 0 0
 223 133015.000 149571.000 0 0 0.000 0.000 0.000 0.142 0 1 0 0 0 0
 224 138655.000 55147.000 0 0 0.000 0.000 0.000 0.132 0 1 0 0 0 0
 225 159129.000 93913.000 0 0 0.000 0.000 0.000 0.142 0 1 0 0 0 0
 226 102687.000 159648.000 0 0 0.000 0.000 0.000 0.138 0 1 0 0 0 0
 227 41296.000 110609.000 0 0 0.000 0.000 0.000 0.131 0 1 0 0 0 0
 228 103966.000 159801.000 0 0 0.000 0.000 0.000 0.140 0 1 0 0 0 0
 229 153792.000 126445.000 0 0 0.000 0.000 0.000 0.130 0 1 0 0 0 0
 230 60730.000 54793.000 0 0 0.000 0.000 0.000 0.137 0 1 0 0 0 0
 231 39735.000 101307.000 0 0 0.000 0.000 0.000 0.132 0 1 0 0 0 0
 232 46271.000 72904.000 0 0 0.000 0.000 0.000 0.136 0 1 0 0 0 0
 233 49050.000 133133.000 0 0 0.000 0.000 0.000 0.141 0 1 0 0 0 0
 234 39337.000 103859.000 0 0 0.000 0.000 0.000 0.130 0 1 0 0 0 0
 235 44534.000 74952.000 0 0 0.000 0.000 0.000 0.131 0 1 0 0 0 0
 236 52018.000 62242.000 0 0 0.000 0.000 0.000 0.145 0 1 0 0 0 0
 237 69487.000 153752.000 0 0 0.000 0.000 0.000 0.138 0 1 0 0 0 0
 238 38839.000 107824.000 0 0 0.000 0.000 0.000 0.140 0 1 0 0 0 0
 239 42379.000 78103.000 0 0 0.000 0.000 0.000 0.143 0 1 0 0 0 0
 240 61541.000 51610.000 0 0 0.000 0.000 0.000 0.133 0 1 0 0 0 0
 241 153280.000 68660.000 0 0 0.000 0.000 0.000 0.131 0 1 0 0 0 0
 242 114179.000 160685.000 0 0 0.000 0.000 0.000 0.140 0 1 0 0 0 0
 243 41316.000 120442.000 0 0 0.000 0.000 0.000 0.160 0 1 0 0 0 0
 244 159871.000 118156.000 0 0 0.000 0.000 0.000 0.135 0 1 0 0 0 0
 245 104011.000 162567.000 0 0 0.000 0.000 0.000 0.175 0 1 0 0 0 0
 246 101481.000 37596.000 0 0 0.000 0.000 0.000 0.135 0 1 0 0 0 0
 247 151493.000 137750.000 0 0 0.000 0.000 0.000 0.134 0 1 0 0 0 0
 248 79527.000 39579.000 0 0 0.000 0.000 0.000 0.134 0 1 0 0 0 0
 249 39945.000 74526.000 0 0 0.000 0.000 0.000 0.138 0 1 0 0 0 0
 250 45700.000 137190.000 0 0 0.000 0.000 0.000 0.132 0 1 0 0 0 0
 251 92946.000 34485.000 0 0 0.000 0.000 0.000 0.132 0 1 0 0 0 0
 252 118203.000 36474.000 0 0 0.000 0.000 0.000 0.131 0 1 0 0 0 0
 253 165693.000 110798.000 0 0 0.000 0.000 0.000 0.133 0 1 0 0 0 0
 254 47978.000 57524.000 0 0 0.000 0.000 0.000 0.140 0 1 0 0 0 0
 255 141784.000 47551.000 0 0 0.000 0.000 0.000 0.134 0 1 0 0 0 0
 256 145323.000 50293.000 0 0 0.000 0.000 0.000 0.148 0 1 0 0 0 0
 257 161573.000 128360.000 0 0 0.000 0.000 0.000 0.144 0 1 0 0 0 0
 258 93447.000 167776.000 0 0 0.000 0.000 0.000 0.137 0 1 0 0 0 0
 259 47235.000 143003.000 0 0 0.000 0.000 0.000 0.142 0 1 0 0 0 0
 260 68502.000 161687.000 0 0 0.000 0.000 0.000 0.130 0 1 0 0 0 0
 261 148602.000 49674.000 0 0 0.000 0.000 0.000 0.137 0 1 0 0 0 0
 262 87448.000 169365.000 0 0 0.000 0.000 0.000 0.130 0 1 0 0 0 0
 263 36350.000 130575.000 0 0 0.000 0.000 0.000 0.141 0 1 0 0 0 0
 264 102800.000 170782.000 0 0 0.000 0.000 0.000 0.135 0 1 0 0 0 0
 265 30098.000 112683.000 0 0 0.000 0.000 0.000 0.133 0 1 0 0 0 0
 266 34159.000 127128.000 0 0 0.000 0.000 0.000 0.130 0 1 0 0 0 0
 267 156502.000 143789.000 0 0 0.000 0.000 0.000 0.142 0 1 0 0 0 0
 268 31036.000 119351.000 0 0 0.000 0.000 0.000 0.137 0 1 0 0 0 0
 269 121748.000 31854.000 0 0 0.000 0.000 0.000 0.147 0 1 0 0 0 0
 270 168703.000 121871.000 0 0 0.000 0.000 0.000 0.144 0 1 0 0 0 0
 271 120287.000 30773.000 0 0 0.000 0.000 0.000 0.142 0 1 0 0 0 0
 272 96196.000 172581.000 0 0 0.000 0.000 0.000 0.136 0 1 0 0 0 0
 273 53495.000 156515.000 0 0 0.000 0.000 0.000 0.140 0 1 0 0 0 0
 274 171651.000 116347.000 0 0 0.000 0.000 0.000 0.136 0 1 0 0 0 0
 275 26708.000 95037.000 0 0 0.000 0.000 0.000 0.136 0 1 0 0 0 0
 276 40564.000 144060.000 0 0 0.000 0.000 0.000 0.135 0 1 0 0 0 0
 277 174787.000 93563.000 0 0 0.000 0.000 0.000 0.141 0 1 0 0 0 0
 278 166699.000 65515.000 0 0 0.000 0.000 0.000 0.137 0 1 0 0 0 0
 279 76774.000 171957.000 0 0 0.000 0.000 0.000 0.132 0 1 0 0 0 0
 280 87034.000 175025.000 0 0 0.000 0.000 0.000 0.130 0 1 0 0 0 0
 281 171696.000 127708.000 0 0 0.000 0.000 0.000 0.130 0 1 0 0 0 0
 282 172348.000 73368.000 0 0 0.000 0.000 0.000 0.138 0 1 0 0 0 0
 283 140620.000 167856.000 0 0 0.000 0.000 0.000 200000.000 0 1 0 200 0 0
 284 28631.000 65743.000 0 0 0.000 0.000 0.000 0.132 0 1 0 0 0 0
 285 96991.000 180284.000 0 0 0.000 0.000 0.000 0.137 0 1 0 0 0 0
 286 127176.000 23848.000 0 0 0.000 0.000 0.000 0.184 0 1 0 0 0 0
 287 23371.000 129418.000 0 0 0.000 0.000 0.000 0.142 0 1 0 0 0 0
 288 143643.000 170229.000 0 0 0.000 0.000 0.000 0.301 0 1 0 0 0 0
 289 138468.000 173974.000 0 0 0.000 0.000 0.000 0.205 0 1 0 0 0 0
 290 165860.000 45295.000 0 0 0.000 0.000 0.000 0.329 0 1 0 0 0 0
 291 156986.000 165136.000 0 0 0.000 0.000 0.000 0.176 0 1 0 0 0 0
 292 64574.000 18333.000 0 0 0.000 0.000 0.000 0.131 0 1 0 0 0 0
 293 118454.000 187694.000 0 0 0.000 0.000 0.000 0.184 0 1 0 0 0 0
 294 129593.000 14646.000 0 0 0.000 0.000 0.000 0.146 0 1 0 0 0 0
 295 179004.000 55893.000 0 0 0.000 0.000 0.000 0.285 0 1 0 0 0 0
 296 120298.000 189455.000 0 0 0.000 0.000 0.000 0.137 0 1 0 0 0 0
 297 127128.000 11910.000 0 0 0.000 0.000 0.000 0.141 0 1 0 0 0 0
 298 50850.000 21791.000 0 0 0.000 0.000 0.000 0.189 0 1 0 0 0 0;
ProcessEquipmentIDList 1
  "6632" ;
SummarySpec 5
  TESTNO    NDEFECT    DEFDENSITY    NDIE    NDEFDIE  ;
SummaryList 
  1    298    1.09    1    1  ;
EndOfFile;
