FileVersion 1 2;
FileTimestamp 01-15-26 22:54:30;
InspectionStationID "KLA-Tencor" "SFSSP1" "0901-0728-TBI";
SampleType WAFER;
ResultTimestamp 01-15-26 22:52:51;
LotID "2850";
SampleSize 1 200;
DeviceID "None";
SetupID "T2-2850A" 01-15-26 22:52:51;
StepID "6505";
SampleOrientationMarkType NOTCH;
OrientationMarkLocation DOWN;
DiePitch 200000 200000;
DieOrigin 0 0;
WaferID "02";
Slot 2;
SampleCenterLocation 100000 100000;
ClassLookup 1
  0 "0"  ;
OrientationInstructions "Front";
CoordinatesMirrored No;
InspectionTest 1;
SampleTestPlan 1
  0 0 ;
AreaPerTest 2.85008e+010;
DefectRecordSpec 15 DEFECTID XREL YREL XINDEX YINDEX XSIZE YSIZE DEFECTAREA DSIZE CLASSNUMBER TEST CLUSTERNUMBER ROUGHBINNUMBER FINEBINNUMBER REVIEWSAMPLE ;
DefectList
 1 112059.000 69437.000 0 0 0.000 0.000 0.000 0.138 0 1 0 0 0 0
 2 134100.000 143248.000 0 0 0.000 0.000 0.000 0.143 0 1 0 0 0 0
 3 169234.000 101897.000 0 0 0.000 0.000 0.000 0.127 0 1 0 0 0 0
 4 85696.000 171214.000 0 0 0.000 0.000 0.000 0.168 0 1 0 0 0 0
 5 30849.000 121996.000 0 0 0.000 0.000 0.000 0.120 0 1 0 0 0 0
 6 39988.000 141576.000 0 0 0.000 0.000 0.000 0.228 0 1 0 0 0 0
 7 123242.000 170577.000 0 0 0.000 0.000 0.000 0.142 0 1 0 0 0 0
 8 27873.000 118259.000 0 0 0.000 0.000 0.000 0.131 0 1 0 0 0 0
 9 175943.000 117932.000 0 0 0.000 0.000 0.000 0.125 0 1 0 0 0 0
 10 27556.000 128501.000 0 0 0.000 0.000 0.000 0.130 0 1 0 0 0 0
 11 18271.000 102280.000 0 0 0.000 0.000 0.000 0.160 0 1 0 0 0 0
 12 24638.000 66196.000 0 0 0.000 0.000 0.000 200000.000 0 1 0 200 0 0
 13 13575.000 105026.000 0 0 0.000 0.000 0.000 0.128 0 1 0 0 0 0
 14 13454.000 103324.000 0 0 0.000 0.000 0.000 0.129 0 1 0 0 0 0
 15 13359.000 104938.000 0 0 0.000 0.000 0.000 0.145 0 1 0 0 0 0
 16 186285.000 113842.000 0 0 0.000 0.000 0.000 0.141 0 1 0 0 0 0
 17 138456.000 21115.000 0 0 0.000 0.000 0.000 0.177 0 1 0 0 0 0
 18 10319.000 111235.000 0 0 0.000 0.000 0.000 0.120 0 1 0 0 0 0
 19 9828.000 108874.000 0 0 0.000 0.000 0.000 0.265 0 1 0 0 0 0
 20 9684.000 112704.000 0 0 0.000 0.000 0.000 0.130 0 1 0 0 0 0
 21 8936.000 108334.000 0 0 0.000 0.000 0.000 0.145 0 1 0 0 0 0
 22 8638.000 111255.000 0 0 0.000 0.000 0.000 0.126 0 1 0 0 0 0
 23 8906.000 113741.000 0 0 0.000 0.000 0.000 0.121 0 1 0 0 0 0
 24 8200.000 108850.000 0 0 0.000 0.000 0.000 0.393 0 1 0 0 0 0
 25 9148.000 116964.000 0 0 0.000 0.000 0.000 0.122 0 1 0 0 0 0
 26 7816.000 108730.000 0 0 0.000 0.000 0.000 0.343 0 1 0 0 0 0
 27 13152.000 141332.000 0 0 0.000 0.000 0.000 0.142 0 1 0 0 0 0;
ProcessEquipmentIDList 1
  "6489" ;
SummarySpec 5
  TESTNO    NDEFECT    DEFDENSITY    NDIE    NDEFDIE  ;
SummaryList 
  1    27    0.09473    1    1  ;
EndOfFile;
