FileVersion 1 2;
FileTimestamp 01-15-26 22:56:36;
InspectionStationID "KLA-Tencor" "SFSSP1" "0901-0728-TBI";
SampleType WAFER;
ResultTimestamp 01-15-26 22:52:51;
LotID "2850";
SampleSize 1 200;
DeviceID "None";
SetupID "T2-2850A" 01-15-26 22:52:51;
StepID "6505";
SampleOrientationMarkType NOTCH;
OrientationMarkLocation DOWN;
DiePitch 200000 200000;
DieOrigin 0 0;
WaferID "03";
Slot 3;
SampleCenterLocation 100000 100000;
ClassLookup 1
  0 "0"  ;
OrientationInstructions "Front";
CoordinatesMirrored No;
InspectionTest 1;
SampleTestPlan 1
  0 0 ;
AreaPerTest 2.85008e+010;
ClusterClassificationList 1
  1 210 ;
DefectRecordSpec 15 DEFECTID XREL YREL XINDEX YINDEX XSIZE YSIZE DEFECTAREA DSIZE CLASSNUMBER TEST CLUSTERNUMBER ROUGHBINNUMBER FINEBINNUMBER REVIEWSAMPLE ;
DefectList
 1 99671.000 118205.000 0 0 0.000 0.000 0.000 0.200 0 1 0 0 0 0
 2 113714.000 118087.000 0 0 0.000 0.000 0.000 0.124 0 1 0 0 0 0
 3 119257.000 118952.000 0 0 0.000 0.000 0.000 0.133 0 1 0 0 0 0
 4 121398.000 119427.000 0 0 0.000 0.000 0.000 0.156 0 1 0 0 0 0
 5 123808.000 120074.000 0 0 0.000 0.000 0.000 0.372 0 1 0 0 0 0
 6 127601.000 121344.000 0 0 0.000 0.000 0.000 0.134 0 1 0 0 0 0
 7 128041.000 121497.000 0 0 0.000 0.000 0.000 0.176 0 1 0 0 0 0
 8 66664.000 79610.000 0 0 0.000 0.000 0.000 0.132 0 1 0 0 0 0
 9 148677.000 134035.000 0 0 0.000 0.000 0.000 0.144 0 1 0 0 0 0
 10 149176.000 134487.000 0 0 0.000 0.000 0.000 0.151 0 1 0 0 0 0
 11 150847.000 136037.000 0 0 0.000 0.000 0.000 0.120 0 1 0 0 0 0
 12 151679.000 136840.000 0 0 0.000 0.000 0.000 0.148 0 1 0 0 0 0
 13 152383.000 137540.000 0 0 0.000 0.000 0.000 0.193 0 1 0 0 0 0
 14 152715.000 137877.000 0 0 0.000 0.000 0.000 0.148 0 1 0 0 0 0
 15 153617.000 138814.000 0 0 56.000 48.000 2688.000 51.845 0 1 1 210 0 0
 16 153890.000 139094.000 0 0 56.000 48.000 2688.000 51.845 0 1 1 210 0 0
 17 154136.000 139355.000 0 0 56.000 48.000 2688.000 51.845 0 1 1 210 0 0
 18 154427.000 139659.000 0 0 56.000 48.000 2688.000 51.845 0 1 1 210 0 0
 19 62130.000 44728.000 0 0 0.000 0.000 0.000 0.134 0 1 0 0 0 0
 20 154798.000 140049.000 0 0 56.000 48.000 2688.000 51.845 0 1 1 210 0 0
 21 154978.000 140258.000 0 0 56.000 48.000 2688.000 51.845 0 1 1 210 0 0
 22 155449.000 140771.000 0 0 56.000 48.000 2688.000 51.845 0 1 1 210 0 0
 23 156381.000 141874.000 0 0 0.000 0.000 0.000 0.144 0 1 0 0 0 0
 24 157758.000 143670.000 0 0 0.000 0.000 0.000 0.156 0 1 0 0 0 0
 25 160749.000 147713.000 0 0 0.000 0.000 0.000 0.233 0 1 0 0 0 0
 26 161717.000 148943.000 0 0 0.000 0.000 0.000 0.134 0 1 0 0 0 0
 27 23163.000 131940.000 0 0 0.000 0.000 0.000 0.204 0 1 0 0 0 0
 28 164919.000 153787.000 0 0 0.000 0.000 0.000 0.127 0 1 0 0 0 0
 29 22592.000 133323.000 0 0 0.000 0.000 0.000 0.123 0 1 0 0 0 0
 30 165484.000 154657.000 0 0 0.000 0.000 0.000 0.166 0 1 0 0 0 0
 31 58690.000 180215.000 0 0 0.000 0.000 0.000 0.125 0 1 0 0 0 0
 32 58842.000 181211.000 0 0 0.000 0.000 0.000 0.121 0 1 0 0 0 0
 33 61866.000 189153.000 0 0 0.000 0.000 0.000 0.201 0 1 0 0 0 0;
ProcessEquipmentIDList 1
  "6489" ;
SummarySpec 5
  TESTNO    NDEFECT    DEFDENSITY    NDIE    NDEFDIE  ;
SummaryList 
  1    33    0.1158    1    1  ;
EndOfFile;
