FileVersion 1 2;
FileTimestamp 01-15-26 06:48:15;
InspectionStationID "KLA-Tencor" "SFSSP1" "0901-0728-TBI";
SampleType WAFER;
ResultTimestamp 01-15-26 06:36:18;
LotID "2850";
SampleSize 1 200;
DeviceID "None";
SetupID "T2-2850A" 01-15-26 06:36:18;
StepID "6298";
SampleOrientationMarkType NOTCH;
OrientationMarkLocation DOWN;
DiePitch 200000 200000;
DieOrigin 0 0;
WaferID "20";
Slot 20;
SampleCenterLocation 100000 100000;
ClassLookup 1
  0 "0"  ;
OrientationInstructions "Front";
CoordinatesMirrored No;
InspectionTest 1;
SampleTestPlan 1
  0 0 ;
AreaPerTest 2.85008e+010;
ClusterClassificationList 1
  1 200 ;
DefectRecordSpec 15 DEFECTID XREL YREL XINDEX YINDEX XSIZE YSIZE DEFECTAREA DSIZE CLASSNUMBER TEST CLUSTERNUMBER ROUGHBINNUMBER FINEBINNUMBER REVIEWSAMPLE ;
DefectList
 1 106969.000 109183.000 0 0 0.000 0.000 0.000 0.153 0 1 0 0 0 0
 2 109616.000 107973.000 0 0 0.000 0.000 0.000 0.237 0 1 0 0 0 0
 3 110711.000 107452.000 0 0 0.000 0.000 0.000 0.137 0 1 0 0 0 0
 4 112250.000 106688.000 0 0 0.000 0.000 0.000 0.135 0 1 0 0 0 0
 5 113573.000 106012.000 0 0 0.000 0.000 0.000 0.123 0 1 0 0 0 0
 6 114000.000 105794.000 0 0 0.000 0.000 0.000 0.136 0 1 0 0 0 0
 7 114460.000 105556.000 0 0 0.000 0.000 0.000 0.162 0 1 0 0 0 0
 8 117956.000 103656.000 0 0 0.000 0.000 0.000 0.130 0 1 0 0 0 0
 9 131860.000 95463.000 0 0 0.000 0.000 0.000 0.130 0 1 0 0 0 0
 10 69662.000 33812.000 0 0 0.000 0.000 0.000 0.154 0 1 0 0 0 0
 11 77541.000 172027.000 0 0 0.000 0.000 0.000 0.124 0 1 0 0 0 0
 12 63626.000 168724.000 0 0 0.000 0.000 0.000 0.122 0 1 0 0 0 0
 13 96788.000 187462.000 0 0 0.000 0.000 0.000 0.121 0 1 0 0 0 0
 14 67201.000 15495.000 0 0 0.000 0.000 0.000 0.127 0 1 0 0 0 0
 15 66095.000 187982.000 0 0 0.000 0.000 0.000 0.121 0 1 0 0 0 0
 16 26281.000 38049.000 0 0 54.000 52.000 2808.000 52.990 0 1 1 200 0 0
 17 26410.000 37936.000 0 0 54.000 52.000 2808.000 52.990 0 1 1 200 0 0
 18 26459.000 37838.000 0 0 54.000 52.000 2808.000 52.990 0 1 1 200 0 0
 19 26571.000 37618.000 0 0 54.000 52.000 2808.000 52.990 0 1 1 200 0 0
 20 25831.000 38425.000 0 0 54.000 50.000 2700.000 51.961 0 1 1 200 0 0
 21 25935.000 38242.000 0 0 54.000 52.000 2808.000 52.990 0 1 1 200 0 0
 22 26009.000 38196.000 0 0 54.000 52.000 2808.000 52.990 0 1 1 200 0 0
 23 26241.000 37890.000 0 0 54.000 52.000 2808.000 52.990 0 1 1 200 0 0
 24 26401.000 37711.000 0 0 54.000 52.000 2808.000 52.990 0 1 1 200 0 0
 25 26700.000 37238.000 0 0 52.000 52.000 2704.000 52.000 0 1 1 200 0 0
 26 25552.000 38478.000 0 0 54.000 50.000 2700.000 51.961 0 1 1 200 0 0
 27 25675.000 38477.000 0 0 54.000 50.000 2700.000 51.961 0 1 1 200 0 0
 28 25669.000 38382.000 0 0 54.000 50.000 2700.000 51.961 0 1 1 200 0 0
 29 25801.000 38233.000 0 0 54.000 50.000 2700.000 51.961 0 1 1 200 0 0
 30 26415.000 37408.000 0 0 54.000 52.000 2808.000 52.990 0 1 1 200 0 0
 31 26521.000 37402.000 0 0 54.000 52.000 2808.000 52.990 0 1 1 200 0 0
 32 25395.000 38581.000 0 0 54.000 50.000 2700.000 51.961 0 1 1 200 0 0
 33 26774.000 36820.000 0 0 52.000 52.000 2704.000 52.000 0 1 1 200 0 0
 34 26029.000 37501.000 0 0 54.000 52.000 2808.000 52.990 0 1 1 200 0 0
 35 26772.000 36824.000 0 0 52.000 52.000 2704.000 52.000 0 1 1 200 0 0
 36 25105.000 38602.000 0 0 54.000 50.000 2700.000 51.961 0 1 1 200 0 0
 37 26360.000 36924.000 0 0 52.000 52.000 2704.000 52.000 0 1 1 200 0 0
 38 26757.000 36611.000 0 0 52.000 52.000 2704.000 52.000 0 1 1 200 0 0
 39 26741.000 36456.000 0 0 52.000 52.000 2704.000 52.000 0 1 1 200 0 0
 40 25093.000 38418.000 0 0 54.000 50.000 2700.000 51.961 0 1 1 200 0 0
 41 24799.000 38780.000 0 0 54.000 50.000 2700.000 51.961 0 1 1 200 0 0
 42 24850.000 38718.000 0 0 54.000 50.000 2700.000 51.961 0 1 1 200 0 0;
ProcessEquipmentIDList 1
  "6448" ;
SummarySpec 5
  TESTNO    NDEFECT    DEFDENSITY    NDIE    NDEFDIE  ;
SummaryList 
  1    42    0.1474    1    1  ;
EndOfFile;
