FileVersion 1 2;
FileTimestamp 01-15-26 23:49:00;
InspectionStationID "KLA-Tencor" "SFSSP1" "0901-0728-TBI";
SampleType WAFER;
ResultTimestamp 01-15-26 23:42:50;
LotID "2850";
SampleSize 1 200;
DeviceID "None";
SetupID "T2-2850A" 01-15-26 23:42:50;
StepID "6505";
SampleOrientationMarkType NOTCH;
OrientationMarkLocation DOWN;
DiePitch 200000 200000;
DieOrigin 0 0;
WaferID "10";
Slot 10;
SampleCenterLocation 100000 100000;
ClassLookup 1
  0 "0"  ;
OrientationInstructions "Front";
CoordinatesMirrored No;
InspectionTest 1;
SampleTestPlan 1
  0 0 ;
AreaPerTest 2.85008e+010;
ClusterClassificationList 2
  2 200 
  1 200 ;
DefectRecordSpec 15 DEFECTID XREL YREL XINDEX YINDEX XSIZE YSIZE DEFECTAREA DSIZE CLASSNUMBER TEST CLUSTERNUMBER ROUGHBINNUMBER FINEBINNUMBER REVIEWSAMPLE ;
DefectList
 1 81596.000 109047.000 0 0 0.000 0.000 0.000 0.148 0 1 0 0 0 0
 2 80032.000 109243.000 0 0 0.000 0.000 0.000 0.121 0 1 0 0 0 0
 3 63092.000 110893.000 0 0 0.000 0.000 0.000 0.132 0 1 0 0 0 0
 4 61904.000 110978.000 0 0 0.000 0.000 0.000 0.120 0 1 0 0 0 0
 5 61618.000 110996.000 0 0 0.000 0.000 0.000 0.134 0 1 0 0 0 0
 6 61219.000 111027.000 0 0 0.000 0.000 0.000 0.133 0 1 0 0 0 0
 7 51144.000 76823.000 0 0 0.000 0.000 0.000 0.323 0 1 0 0 0 0
 8 165784.000 93078.000 0 0 0.000 0.000 0.000 0.133 0 1 0 0 0 0
 9 39864.000 135100.000 0 0 0.000 0.000 0.000 0.129 0 1 0 0 0 0
 10 38767.000 135372.000 0 0 0.000 0.000 0.000 0.149 0 1 0 0 0 0
 11 30071.000 115373.000 0 0 0.000 0.000 0.000 0.177 0 1 0 0 0 0
 12 26190.000 138179.000 0 0 0.000 0.000 0.000 0.269 0 1 0 0 0 0
 13 26277.000 138747.000 0 0 0.000 0.000 0.000 200000.000 0 1 0 200 0 0
 14 25787.000 138260.000 0 0 0.000 0.000 0.000 0.147 0 1 0 0 0 0
 15 23672.000 138672.000 0 0 0.000 0.000 0.000 0.132 0 1 0 0 0 0
 16 23111.000 138780.000 0 0 0.000 0.000 0.000 0.138 0 1 0 0 0 0
 17 22231.000 138951.000 0 0 0.000 0.000 0.000 0.146 0 1 0 0 0 0
 18 20379.000 139294.000 0 0 0.000 0.000 0.000 0.120 0 1 0 0 0 0
 19 19427.000 139464.000 0 0 0.000 0.000 0.000 0.121 0 1 0 0 0 0
 20 19129.000 139514.000 0 0 0.000 0.000 0.000 0.272 0 1 0 0 0 0
 21 19236.000 140089.000 0 0 0.000 0.000 0.000 0.277 0 1 0 0 0 0
 22 22414.000 53309.000 0 0 0.000 0.000 0.000 0.120 0 1 0 0 0 0
 23 18064.000 139707.000 0 0 0.000 0.000 0.000 0.128 0 1 0 0 0 0
 24 17601.000 139760.000 0 0 0.000 0.000 0.000 0.133 0 1 0 0 0 0
 25 184727.000 138376.000 0 0 0.000 0.000 0.000 0.120 0 1 0 0 0 0
 26 15911.000 140077.000 0 0 0.000 0.000 0.000 0.248 0 1 0 0 0 0
 27 14686.000 140281.000 0 0 56.000 42.000 2352.000 48.497 0 1 2 200 0 0
 28 14762.000 140854.000 0 0 56.000 42.000 2352.000 48.497 0 1 2 200 0 0
 29 14362.000 140335.000 0 0 56.000 42.000 2352.000 48.497 0 1 2 200 0 0
 30 14082.000 140381.000 0 0 56.000 42.000 2352.000 48.497 0 1 2 200 0 0
 31 13905.000 140999.000 0 0 56.000 42.000 2352.000 48.497 0 1 2 200 0 0
 32 13306.000 140505.000 0 0 56.000 42.000 2352.000 48.497 0 1 2 200 0 0
 33 12797.000 140585.000 0 0 56.000 42.000 2352.000 48.497 0 1 2 200 0 0
 34 12355.000 140657.000 0 0 56.000 42.000 2352.000 48.497 0 1 2 200 0 0
 35 12458.000 141229.000 0 0 56.000 42.000 2352.000 48.497 0 1 2 200 0 0
 36 12060.000 140706.000 0 0 56.000 42.000 2352.000 48.497 0 1 2 200 0 0
 37 10447.000 86942.000 0 0 13.770 94.436 1300.415 36.061 0 1 1 200 0 0
 38 10287.000 86861.000 0 0 22.674 154.816 3510.344 59.248 0 1 1 200 0 0
 39 10108.000 86908.000 0 0 1.882 12.923 24.325 4.932 0 1 1 200 0 0
 40 10113.000 86873.000 0 0 5.664 38.789 219.741 14.823 0 1 1 200 0 0
 41 10126.000 86783.000 0 0 19.642 133.558 2623.394 51.219 0 1 1 200 0 0
 42 9964.000 86715.000 0 0 3.183 21.573 68.677 8.287 0 1 1 200 0 0;
ProcessEquipmentIDList 1
  "6489" ;
SummarySpec 5
  TESTNO    NDEFECT    DEFDENSITY    NDIE    NDEFDIE  ;
SummaryList 
  1    42    0.1474    1    1  ;
EndOfFile;
