FileVersion 1 2;
FileTimestamp 01-15-26 08:14:27;
InspectionStationID "KLA-Tencor" "SFSSP1" "0901-0728-TBI";
SampleType WAFER;
ResultTimestamp 01-15-26 08:01:26;
LotID "2850";
SampleSize 1 200;
DeviceID "None";
SetupID "T2-2850A" 01-15-26 08:01:26;
StepID "6298";
SampleOrientationMarkType NOTCH;
OrientationMarkLocation DOWN;
DiePitch 200000 200000;
DieOrigin 0 0;
WaferID "17";
Slot 17;
SampleCenterLocation 100000 100000;
ClassLookup 1
  0 "0"  ;
OrientationInstructions "Front";
CoordinatesMirrored No;
InspectionTest 1;
SampleTestPlan 1
  0 0 ;
AreaPerTest 2.85004e+010;
ClusterClassificationList 4
  2 210 
  1 210 
  3 210 
  4 200 ;
DefectRecordSpec 15 DEFECTID XREL YREL XINDEX YINDEX XSIZE YSIZE DEFECTAREA DSIZE CLASSNUMBER TEST CLUSTERNUMBER ROUGHBINNUMBER FINEBINNUMBER REVIEWSAMPLE ;
DefectList
 1 92340.000 111489.000 0 0 0.000 0.000 0.000 0.143 0 1 0 0 0 0
 2 78748.000 104424.000 0 0 0.000 0.000 0.000 0.141 0 1 0 0 0 0
 3 120056.000 86257.000 0 0 0.000 0.000 0.000 0.133 0 1 0 0 0 0
 4 158745.000 91409.000 0 0 0.000 0.000 0.000 0.124 0 1 0 0 0 0
 5 112623.000 161600.000 0 0 0.000 0.000 0.000 0.243 0 1 0 0 0 0
 6 172784.000 99951.000 0 0 0.000 0.000 0.000 0.122 0 1 0 0 0 0
 7 54458.000 42968.000 0 0 0.000 0.000 0.000 0.127 0 1 0 0 0 0
 8 88874.000 173872.000 0 0 0.000 0.000 0.000 0.222 0 1 0 0 0 0
 9 177699.000 96191.000 0 0 0.000 0.000 0.000 0.120 0 1 0 0 0 0
 10 72579.000 26431.000 0 0 0.000 0.000 0.000 0.134 0 1 0 0 0 0
 11 178437.000 97910.000 0 0 0.000 0.000 0.000 0.121 0 1 0 0 0 0
 12 180030.000 93794.000 0 0 0.000 0.000 0.000 0.130 0 1 0 0 0 0
 13 19804.000 95082.000 0 0 0.000 0.000 0.000 0.130 0 1 0 0 0 0
 14 182403.000 108916.000 0 0 0.000 0.000 0.000 0.122 0 1 0 0 0 0
 15 47300.000 167975.000 0 0 50.000 54.000 2700.000 51.961 0 1 2 210 0 0
 16 47069.000 168083.000 0 0 50.000 54.000 2700.000 51.961 0 1 2 210 0 0
 17 46679.000 167990.000 0 0 50.000 54.000 2700.000 51.961 0 1 2 210 0 0
 18 46764.000 167989.000 0 0 50.000 54.000 2700.000 51.961 0 1 2 210 0 0
 19 163289.000 161081.000 0 0 52.000 52.000 2704.000 52.000 0 1 1 210 0 0
 20 163314.000 161601.000 0 0 52.000 52.000 2704.000 52.000 0 1 1 210 0 0
 21 163328.000 161865.000 0 0 52.000 52.000 2704.000 52.000 0 1 1 210 0 0
 22 163345.000 162032.000 0 0 52.000 52.000 2704.000 52.000 0 1 1 210 0 0
 23 163349.000 162244.000 0 0 52.000 52.000 2704.000 52.000 0 1 1 210 0 0
 24 163377.000 162505.000 0 0 52.000 52.000 2704.000 52.000 0 1 1 210 0 0
 25 163390.000 162743.000 0 0 52.000 52.000 2704.000 52.000 0 1 1 210 0 0
 26 190009.000 92151.000 0 0 0.000 0.000 0.000 0.124 0 1 0 0 0 0
 27 12217.000 122756.000 0 0 0.000 0.000 0.000 0.210 0 1 0 0 0 0
 28 163836.000 167395.000 0 0 52.000 54.000 2808.000 52.990 0 1 3 210 0 0
 29 163597.000 167544.000 0 0 52.000 54.000 2808.000 52.990 0 1 3 210 0 0
 30 163621.000 167727.000 0 0 52.000 54.000 2808.000 52.990 0 1 3 210 0 0
 31 163631.000 167809.000 0 0 52.000 54.000 2808.000 52.990 0 1 3 210 0 0
 32 39928.000 171040.000 0 0 52.000 54.000 2808.000 52.990 0 1 4 200 0 0
 33 39950.000 171027.000 0 0 52.000 54.000 2808.000 52.990 0 1 4 200 0 0
 34 163648.000 167972.000 0 0 52.000 54.000 2808.000 52.990 0 1 3 210 0 0
 35 39947.000 171218.000 0 0 52.000 54.000 2808.000 52.990 0 1 4 200 0 0
 36 193010.000 90113.000 0 0 0.000 0.000 0.000 0.132 0 1 0 0 0 0
 37 163684.000 168148.000 0 0 52.000 54.000 2808.000 52.990 0 1 3 210 0 0
 38 39680.000 171090.000 0 0 52.000 54.000 2808.000 52.990 0 1 4 200 0 0
 39 183556.000 56862.000 0 0 0.000 0.000 0.000 0.128 0 1 0 0 0 0
 40 163759.000 168499.000 0 0 52.000 54.000 2808.000 52.990 0 1 3 210 0 0
 41 163761.000 168653.000 0 0 52.000 54.000 2808.000 52.990 0 1 3 210 0 0
 42 39651.000 171457.000 0 0 52.000 54.000 2808.000 52.990 0 1 4 200 0 0
 43 38304.000 170650.000 0 0 52.000 52.000 2704.000 52.000 0 1 4 200 0 0
 44 38019.000 170456.000 0 0 52.000 52.000 2704.000 52.000 0 1 4 200 0 0
 45 163937.000 168964.000 0 0 50.000 54.000 2700.000 51.961 0 1 3 210 0 0
 46 194093.000 89471.000 0 0 0.000 0.000 0.000 0.121 0 1 0 0 0 0
 47 38535.000 171690.000 0 0 52.000 52.000 2704.000 52.000 0 1 4 200 0 0
 48 194404.000 107922.000 0 0 0.000 0.000 0.000 0.120 0 1 0 0 0 0
 49 163975.000 169634.000 0 0 50.000 54.000 2700.000 51.961 0 1 3 210 0 0
 50 164036.000 169829.000 0 0 50.000 54.000 2700.000 51.961 0 1 3 210 0 0
 51 59924.000 185763.000 0 0 0.000 0.000 0.000 0.147 0 1 0 0 0 0
 52 164239.000 170998.000 0 0 50.000 54.000 2700.000 51.961 0 1 3 210 0 0
 53 33930.000 169193.000 0 0 52.000 54.000 2808.000 52.990 0 1 4 200 0 0
 54 164293.000 171431.000 0 0 50.000 54.000 2700.000 51.961 0 1 3 210 0 0
 55 164563.000 171676.000 0 0 50.000 54.000 2700.000 51.961 0 1 3 210 0 0
 56 164343.000 171631.000 0 0 50.000 54.000 2700.000 51.961 0 1 3 210 0 0
 57 164449.000 172413.000 0 0 50.000 52.000 2600.000 50.990 0 1 3 210 0 0
 58 47313.000 167769.000 0 0 25.981 20.199 524.801 22.908 0 1 2 210 0 0
 59 47133.000 167846.000 0 0 188.642 146.993 27729.279 166.521 0 1 2 210 0 0
 60 47064.000 168006.000 0 0 114.097 88.814 10133.564 100.665 0 1 2 210 0 0
 61 46725.000 167742.000 0 0 58.451 45.967 2686.863 51.834 0 1 2 210 0 0
 62 46450.000 167740.000 0 0 373.436 295.207 110241.382 332.026 0 1 2 210 0 0
 63 46311.000 167847.000 0 0 32.530 25.742 837.395 28.937 0 1 2 210 0 0
 64 46268.000 167816.000 0 0 29.265 23.187 678.591 26.049 0 1 2 210 0 0
 65 46197.000 167758.000 0 0 107.188 85.111 9122.977 95.514 0 1 2 210 0 0
 66 45823.000 167460.000 0 0 281.340 225.943 63567.176 252.125 0 1 2 210 0 0
 67 45617.000 167296.000 0 0 12.899 10.424 134.479 11.596 0 1 2 210 0 0
 68 45695.000 167577.000 0 0 45.354 36.447 1653.048 40.657 0 1 2 210 0 0
 69 45654.000 167543.000 0 0 12.947 10.417 134.881 11.613 0 1 2 210 0 0
 70 45595.000 167497.000 0 0 51.769 41.728 2160.293 46.478 0 1 2 210 0 0
 71 45438.000 167369.000 0 0 177.614 143.849 25549.836 159.843 0 1 2 210 0 0
 72 45211.000 167404.000 0 0 151.867 123.444 18747.148 136.920 0 1 2 210 0 0
 73 45008.000 167459.000 0 0 97.015 79.086 7672.678 87.593 0 1 2 210 0 0
 74 44866.000 167562.000 0 0 29.155 23.792 693.694 26.338 0 1 2 210 0 0
 75 37067.000 168231.000 0 0 16.348 15.079 246.534 15.701 0 1 4 200 0 0
 76 37003.000 168170.000 0 0 16.334 15.094 246.566 15.702 0 1 4 200 0 0
 77 37003.000 168400.000 0 0 16.389 15.094 247.398 15.728 0 1 4 200 0 0
 78 36875.000 168283.000 0 0 232.397 214.844 49929.282 223.448 0 1 4 200 0 0
 79 36679.000 168102.000 0 0 45.706 42.498 1942.445 44.073 0 1 4 200 0 0
 80 39580.000 170904.000 0 0 176.741 150.607 26618.499 163.151 0 1 4 200 0 0
 81 39424.000 170772.000 0 0 23.740 20.320 482.431 21.964 0 1 4 200 0 0
 82 36926.000 168562.000 0 0 16.428 15.113 248.285 15.757 0 1 4 200 0 0
 83 36886.000 168524.000 0 0 59.125 54.457 3219.797 56.743 0 1 4 200 0 0
 84 36626.000 168286.000 0 0 320.794 297.720 95507.235 309.042 0 1 4 200 0 0
 85 39523.000 171078.000 0 0 10.218 8.694 88.849 9.425 0 1 4 200 0 0
 86 39338.000 170921.000 0 0 309.382 264.629 81871.880 286.132 0 1 4 200 0 0
 87 36778.000 168655.000 0 0 98.735 90.923 8977.407 94.749 0 1 4 200 0 0
 88 36632.000 168522.000 0 0 19.702 18.220 358.988 18.946 0 1 4 200 0 0
 89 36443.000 168347.000 0 0 350.237 325.691 114069.193 337.741 0 1 4 200 0 0
 90 39298.000 171110.000 0 0 74.988 64.012 4800.142 69.283 0 1 4 200 0 0
 91 39064.000 170911.000 0 0 241.342 207.391 50052.432 223.724 0 1 4 200 0 0
 92 38914.000 170784.000 0 0 20.352 17.564 357.480 18.907 0 1 4 200 0 0
 93 38833.000 170713.000 0 0 20.332 17.587 357.601 18.910 0 1 4 200 0 0
 94 37673.000 169680.000 0 0 2095.275 1874.165 3926893.789 1981.639 0 1 4 200 0 0
 95 36334.000 168479.000 0 0 151.006 140.392 21200.120 145.602 0 1 4 200 0 0
 96 36184.000 168339.000 0 0 131.031 122.358 16032.888 126.621 0 1 4 200 0 0
 97 163724.000 168730.000 0 0 29.651 27.492 815.185 28.551 0 1 3 210 0 0
 98 38788.000 170898.000 0 0 203.925 176.065 35904.266 189.484 0 1 4 200 0 0
 99 37579.000 169823.000 0 0 2041.903 1825.434 3727360.000 1930.637 0 1 4 200 0 0
 100 36287.000 168667.000 0 0 16.453 15.266 251.186 15.848 0 1 4 200 0 0
 101 36188.000 168574.000 0 0 161.074 149.888 24143.172 155.380 0 1 4 200 0 0
 102 36020.000 168418.000 0 0 121.347 113.475 13769.935 117.345 0 1 4 200 0 0
 103 163880.000 168819.000 0 0 29.689 27.559 818.233 28.604 0 1 3 210 0 0
 104 163838.000 168856.000 0 0 26.406 24.481 646.478 25.425 0 1 3 210 0 0
 105 38938.000 171251.000 0 0 92.225 79.038 7289.336 85.377 0 1 4 200 0 0
 106 38357.000 170752.000 0 0 16.952 14.770 250.402 15.824 0 1 4 200 0 0
 107 37369.000 169865.000 0 0 1945.966 1744.485 3394710.536 1842.474 0 1 4 200 0 0
 108 36015.000 168646.000 0 0 157.953 147.230 23255.517 152.497 0 1 4 200 0 0
 109 35853.000 168495.000 0 0 111.635 104.549 11671.448 108.034 0 1 4 200 0 0
 110 35779.000 168425.000 0 0 29.528 27.714 818.349 28.606 0 1 4 200 0 0
 111 163972.000 168965.000 0 0 89.262 82.799 7390.930 85.970 0 1 3 210 0 0
 112 163769.000 169151.000 0 0 23.205 21.399 496.579 22.284 0 1 3 210 0 0
 113 38815.000 171371.000 0 0 157.382 134.921 21234.426 145.720 0 1 4 200 0 0
 114 35924.000 168793.000 0 0 16.483 15.353 253.083 15.908 0 1 4 200 0 0
 115 35839.000 168716.000 0 0 144.942 135.335 19615.824 140.056 0 1 4 200 0 0
 116 35685.000 168569.000 0 0 72.308 67.822 4904.114 70.029 0 1 4 200 0 0
 117 35636.000 168525.000 0 0 16.419 15.422 253.225 15.913 0 1 4 200 0 0
 118 164017.000 169153.000 0 0 129.285 119.684 15473.565 124.392 0 1 3 210 0 0
 119 163884.000 169276.000 0 0 16.603 15.311 254.219 15.944 0 1 3 210 0 0
 120 38711.000 171503.000 0 0 167.954 143.962 24179.122 155.496 0 1 4 200 0 0
 121 35594.000 168717.000 0 0 279.993 262.428 73478.242 271.068 0 1 4 200 0 0
 122 35444.000 168577.000 0 0 9.859 9.281 91.503 9.565 0 1 4 200 0 0
 123 164060.000 169344.000 0 0 132.967 122.835 16333.107 127.801 0 1 3 210 0 0
 124 38594.000 171629.000 0 0 130.475 111.852 14593.931 120.805 0 1 4 200 0 0
 125 35576.000 168934.000 0 0 9.910 9.262 91.792 9.580 0 1 4 200 0 0
 126 35413.000 168781.000 0 0 309.936 291.040 90203.996 300.339 0 1 4 200 0 0
 127 164107.000 169533.000 0 0 136.661 125.996 17218.814 131.220 0 1 3 210 0 0
 128 163886.000 169734.000 0 0 10.029 9.188 92.158 9.599 0 1 3 210 0 0
 129 38452.000 171732.000 0 0 34.392 29.509 1014.920 31.857 0 1 4 200 0 0
 130 35236.000 168848.000 0 0 254.132 239.060 60752.978 246.481 0 1 4 200 0 0
 131 164153.000 169722.000 0 0 150.403 138.389 20814.162 144.271 0 1 3 210 0 0
 132 164061.000 169805.000 0 0 16.730 15.353 256.874 16.027 0 1 3 210 0 0
 133 164001.000 169862.000 0 0 10.048 9.205 92.493 9.617 0 1 3 210 0 0
 134 35097.000 168951.000 0 0 171.871 161.783 27806.079 166.751 0 1 4 200 0 0
 135 34896.000 168762.000 0 0 9.885 9.359 92.530 9.619 0 1 4 200 0 0
 136 164184.000 169924.000 0 0 134.078 123.072 16501.374 128.457 0 1 3 210 0 0
 137 163992.000 170099.000 0 0 70.567 64.418 4545.849 67.422 0 1 3 210 0 0
 138 34932.000 169030.000 0 0 195.244 184.037 35932.172 189.557 0 1 4 200 0 0
 139 34746.000 168855.000 0 0 89.124 84.463 7527.771 86.762 0 1 4 200 0 0
 140 164233.000 170111.000 0 0 147.881 135.482 20035.338 141.546 0 1 3 210 0 0
 141 164031.000 170294.000 0 0 104.461 95.154 9940.069 99.699 0 1 3 210 0 0
 142 34728.000 169070.000 0 0 192.046 181.486 34853.835 186.691 0 1 4 200 0 0
 143 34568.000 168920.000 0 0 99.117 94.100 9327.070 96.576 0 1 4 200 0 0
 144 164262.000 170314.000 0 0 148.308 135.543 20102.298 141.782 0 1 3 210 0 0
 145 164059.000 170497.000 0 0 101.381 92.122 9339.497 96.641 0 1 3 210 0 0
 146 34539.000 169127.000 0 0 168.999 160.035 27045.960 164.456 0 1 4 200 0 0
 147 34382.000 168978.000 0 0 105.811 100.657 10650.780 103.202 0 1 4 200 0 0
 148 164295.000 170512.000 0 0 114.924 104.790 12042.890 109.740 0 1 3 210 0 0
 149 164103.000 170687.000 0 0 64.383 58.386 3759.119 61.311 0 1 3 210 0 0
 150 34448.000 169275.000 0 0 19.918 18.848 375.442 19.376 0 1 4 200 0 0
 151 34347.000 169179.000 0 0 162.495 154.214 25059.068 158.300 0 1 4 200 0 0
 152 34182.000 169022.000 0 0 119.110 113.580 13528.718 116.313 0 1 4 200 0 0
 153 164327.000 170713.000 0 0 135.591 123.347 16724.783 129.324 0 1 3 210 0 0
 154 34270.000 169339.000 0 0 9.968 9.449 94.202 9.705 0 1 4 200 0 0
 155 34158.000 169234.000 0 0 179.214 170.433 30544.196 174.768 0 1 4 200 0 0
 156 34007.000 169091.000 0 0 115.918 110.721 12834.660 113.290 0 1 4 200 0 0
 157 164422.000 170855.000 0 0 16.981 15.440 262.204 16.192 0 1 3 210 0 0
 158 164345.000 170926.000 0 0 132.601 120.297 15951.661 126.299 0 1 3 210 0 0
 159 164064.000 171180.000 0 0 23.886 21.498 513.519 22.660 0 1 3 210 0 0
 160 34113.000 169425.000 0 0 23.289 22.102 514.738 22.687 0 1 4 200 0 0
 161 33894.000 169218.000 0 0 285.354 272.524 77766.124 278.865 0 1 4 200 0 0
 162 164394.000 171112.000 0 0 119.313 108.042 12890.941 113.538 0 1 3 210 0 0
 163 164196.000 171290.000 0 0 58.095 52.314 3039.255 55.129 0 1 3 210 0 0
 164 164144.000 171337.000 0 0 10.260 9.225 94.657 9.729 0 1 3 210 0 0
 165 33877.000 169436.000 0 0 13.310 12.675 168.708 12.988 0 1 4 200 0 0
 166 33777.000 169341.000 0 0 139.614 133.337 18615.826 136.439 0 1 4 200 0 0
 167 33624.000 169195.000 0 0 132.672 127.266 16884.762 129.941 0 1 4 200 0 0
 168 164431.000 171308.000 0 0 136.733 123.546 16892.879 129.972 0 1 3 210 0 0
 169 164291.000 171433.000 0 0 20.543 18.489 379.849 19.489 0 1 3 210 0 0
 170 164226.000 171490.000 0 0 85.675 76.969 6594.411 81.205 0 1 3 210 0 0
 171 33678.000 169481.000 0 0 16.648 15.891 264.572 16.265 0 1 4 200 0 0
 172 33518.000 169330.000 0 0 262.555 251.771 66103.960 257.106 0 1 4 200 0 0
 173 164447.000 171523.000 0 0 140.571 126.665 17805.629 133.437 0 1 3 210 0 0
 174 164333.000 171624.000 0 0 24.035 21.588 518.891 22.779 0 1 3 210 0 0
 175 33334.000 169387.000 0 0 262.772 252.469 66342.064 257.569 0 1 4 200 0 0
 176 164488.000 171713.000 0 0 134.073 120.565 16164.546 127.139 0 1 3 210 0 0
 177 33143.000 169440.000 0 0 256.318 246.786 63255.900 251.507 0 1 4 200 0 0
 178 164520.000 171913.000 0 0 110.314 98.973 10918.187 104.490 0 1 3 210 0 0
 179 164445.000 171979.000 0 0 17.251 15.445 266.459 16.323 0 1 3 210 0 0
 180 32960.000 169499.000 0 0 273.188 263.523 71991.591 268.312 0 1 4 200 0 0
 181 164602.000 172068.000 0 0 20.726 18.579 385.078 19.623 0 1 3 210 0 0
 182 164530.000 172131.000 0 0 93.360 83.523 7797.770 88.304 0 1 3 210 0 0
 183 32767.000 169549.000 0 0 263.386 254.615 67062.342 258.963 0 1 4 200 0 0
 184 164565.000 172328.000 0 0 104.013 92.850 9657.738 98.273 0 1 3 210 0 0;
ProcessEquipmentIDList 1
  "6448" ;
SummarySpec 5
  TESTNO    NDEFECT    DEFDENSITY    NDIE    NDEFDIE  ;
SummaryList 
  1    184    0.6456    1    1  ;
EndOfFile;
