FileVersion 1 2;
FileTimestamp 01-15-26 22:43:16;
InspectionStationID "KLA-Tencor" "SFSSP1" "0901-0728-TBI";
SampleType WAFER;
ResultTimestamp 01-15-26 22:36:58;
LotID "2850";
SampleSize 1 200;
DeviceID "None";
SetupID "T2-2850A" 01-15-26 22:36:58;
StepID "6505";
SampleOrientationMarkType NOTCH;
OrientationMarkLocation DOWN;
DiePitch 200000 200000;
DieOrigin 0 0;
WaferID "10";
Slot 10;
SampleCenterLocation 100000 100000;
ClassLookup 1
  0 "0"  ;
OrientationInstructions "Front";
CoordinatesMirrored No;
InspectionTest 1;
SampleTestPlan 1
  0 0 ;
AreaPerTest 2.85014e+010;
ClusterClassificationList 3
  3 210 
  2 210 
  1 210 ;
DefectRecordSpec 15 DEFECTID XREL YREL XINDEX YINDEX XSIZE YSIZE DEFECTAREA DSIZE CLASSNUMBER TEST CLUSTERNUMBER ROUGHBINNUMBER FINEBINNUMBER REVIEWSAMPLE ;
DefectList
 1 65602.000 90050.000 0 0 0.000 0.000 0.000 0.208 0 1 0 0 0 0
 2 55045.000 122785.000 0 0 0.000 0.000 0.000 200000.000 0 1 0 200 0 0
 3 133129.000 54449.000 0 0 0.000 0.000 0.000 0.177 0 1 0 0 0 0
 4 133664.000 53385.000 0 0 0.000 0.000 0.000 0.169 0 1 0 0 0 0
 5 135066.000 50320.000 0 0 0.000 0.000 0.000 0.138 0 1 0 0 0 0
 6 135846.000 49137.000 0 0 0.000 0.000 0.000 0.131 0 1 0 0 0 0
 7 136559.000 47758.000 0 0 0.000 0.000 0.000 0.160 0 1 0 0 0 0
 8 136941.000 46974.000 0 0 0.000 0.000 0.000 0.161 0 1 0 0 0 0
 9 138196.000 44612.000 0 0 0.000 0.000 0.000 0.123 0 1 0 0 0 0
 10 139357.000 42847.000 0 0 0.000 0.000 0.000 0.213 0 1 0 0 0 0
 11 139755.000 42351.000 0 0 0.000 0.000 0.000 0.123 0 1 0 0 0 0
 12 140234.000 41771.000 0 0 0.000 0.000 0.000 0.125 0 1 0 0 0 0
 13 141006.000 40887.000 0 0 48.000 54.000 2592.000 50.911 0 1 3 210 0 0
 14 141460.000 40384.000 0 0 48.000 54.000 2592.000 50.911 0 1 3 210 0 0
 15 141707.000 40116.000 0 0 48.000 54.000 2592.000 50.911 0 1 3 210 0 0
 16 141942.000 39871.000 0 0 48.000 54.000 2592.000 50.911 0 1 3 210 0 0
 17 142255.000 39539.000 0 0 48.000 54.000 2592.000 50.911 0 1 3 210 0 0
 18 144239.000 37551.000 0 0 0.000 0.000 0.000 0.178 0 1 0 0 0 0
 19 144560.000 37252.000 0 0 0.000 0.000 0.000 200000.000 0 1 0 200 0 0
 20 144747.000 37078.000 0 0 0.000 0.000 0.000 0.268 0 1 0 0 0 0
 21 144941.000 36915.000 0 0 0.000 0.000 0.000 0.123 0 1 0 0 0 0
 22 145692.000 36269.000 0 0 0.000 0.000 0.000 0.191 0 1 0 0 0 0
 23 145950.000 36053.000 0 0 0.000 0.000 0.000 0.124 0 1 0 0 0 0
 24 146196.000 35847.000 0 0 0.000 0.000 0.000 0.144 0 1 0 0 0 0
 25 146901.000 35256.000 0 0 0.000 0.000 0.000 0.143 0 1 0 0 0 0
 26 147171.000 35048.000 0 0 0.000 0.000 0.000 0.128 0 1 0 0 0 0
 27 148241.000 34156.000 0 0 48.000 56.000 2688.000 51.845 0 1 2 210 0 0
 28 125686.000 178172.000 0 0 0.000 0.000 0.000 0.132 0 1 0 0 0 0
 29 148688.000 33773.000 0 0 48.000 56.000 2688.000 51.845 0 1 2 210 0 0
 30 149233.000 33315.000 0 0 48.000 56.000 2688.000 51.845 0 1 2 210 0 0
 31 162080.000 44918.000 0 0 0.000 0.000 0.000 200000.000 0 1 0 200 0 0
 32 149476.000 33134.000 0 0 48.000 56.000 2688.000 51.845 0 1 2 210 0 0
 33 149820.000 32870.000 0 0 48.000 56.000 2688.000 51.845 0 1 2 210 0 0
 34 150313.000 32498.000 0 0 48.000 56.000 2688.000 51.845 0 1 2 210 0 0
 35 150750.000 32198.000 0 0 48.000 56.000 2688.000 51.845 0 1 2 210 0 0
 36 150952.000 32045.000 0 0 48.000 56.000 2688.000 51.845 0 1 2 210 0 0
 37 151107.000 31947.000 0 0 50.000 54.000 2700.000 51.961 0 1 2 210 0 0
 38 151436.000 31701.000 0 0 50.000 54.000 2700.000 51.961 0 1 2 210 0 0
 39 151507.000 31662.000 0 0 50.000 54.000 2700.000 51.961 0 1 2 210 0 0
 40 151714.000 31524.000 0 0 50.000 54.000 2700.000 51.961 0 1 2 210 0 0
 41 15675.000 120022.000 0 0 0.000 0.000 0.000 0.180 0 1 0 0 0 0
 42 152185.000 31217.000 0 0 50.000 54.000 2700.000 51.961 0 1 2 210 0 0
 43 152792.000 30805.000 0 0 50.000 54.000 2700.000 51.961 0 1 2 210 0 0
 44 153139.000 30564.000 0 0 50.000 54.000 2700.000 51.961 0 1 2 210 0 0
 45 154043.000 29970.000 0 0 50.000 54.000 2700.000 51.961 0 1 2 210 0 0
 46 154829.000 29444.000 0 0 0.000 0.000 0.000 0.127 0 1 0 0 0 0
 47 155329.000 29118.000 0 0 0.000 0.000 0.000 0.137 0 1 0 0 0 0
 48 155510.000 28986.000 0 0 0.000 0.000 0.000 0.136 0 1 0 0 0 0
 49 156395.000 28429.000 0 0 50.000 54.000 2700.000 51.961 0 1 1 210 0 0
 50 156699.000 28214.000 0 0 50.000 54.000 2700.000 51.961 0 1 1 210 0 0
 51 156852.000 28124.000 0 0 50.000 54.000 2700.000 51.961 0 1 1 210 0 0
 52 157086.000 27972.000 0 0 50.000 54.000 2700.000 51.961 0 1 1 210 0 0
 53 157780.000 27548.000 0 0 50.000 54.000 2700.000 51.961 0 1 1 210 0 0
 54 158033.000 27374.000 0 0 50.000 54.000 2700.000 51.961 0 1 1 210 0 0
 55 158693.000 26954.000 0 0 50.000 54.000 2700.000 51.961 0 1 1 210 0 0
 56 159301.000 26594.000 0 0 50.000 54.000 2700.000 51.961 0 1 1 210 0 0
 57 159464.000 26493.000 0 0 50.000 54.000 2700.000 51.961 0 1 1 210 0 0
 58 159782.000 26282.000 0 0 50.000 54.000 2700.000 51.961 0 1 1 210 0 0
 59 159987.000 26168.000 0 0 50.000 54.000 2700.000 51.961 0 1 1 210 0 0
 60 160074.000 26118.000 0 0 50.000 54.000 2700.000 51.961 0 1 1 210 0 0
 61 161444.000 25193.000 0 0 0.000 0.000 0.000 0.155 0 1 0 0 0 0;
ProcessEquipmentIDList 1
  "6489" ;
SummarySpec 5
  TESTNO    NDEFECT    DEFDENSITY    NDIE    NDEFDIE  ;
SummaryList 
  1    61    0.214    1    1  ;
EndOfFile;
