FileVersion 1 2;
FileTimestamp 01-15-26 07:25:56;
InspectionStationID "KLA-Tencor" "SFSSP1" "0901-0728-TBI";
SampleType WAFER;
ResultTimestamp 01-15-26 07:16:02;
LotID "2850";
SampleSize 1 200;
DeviceID "None";
SetupID "T2-2850A" 01-15-26 07:16:02;
StepID "6298";
SampleOrientationMarkType NOTCH;
OrientationMarkLocation DOWN;
DiePitch 200000 200000;
DieOrigin 0 0;
WaferID "16";
Slot 16;
SampleCenterLocation 100000 100000;
ClassLookup 1
  0 "0"  ;
OrientationInstructions "Front";
CoordinatesMirrored No;
InspectionTest 1;
SampleTestPlan 1
  0 0 ;
AreaPerTest 2.85005e+010;
ClusterClassificationList 9
  7 210 
  6 210 
  8 210 
  5 210 
  3 200 
  9 210 
  1 200 
  4 200 
  2 200 ;
DefectRecordSpec 15 DEFECTID XREL YREL XINDEX YINDEX XSIZE YSIZE DEFECTAREA DSIZE CLASSNUMBER TEST CLUSTERNUMBER ROUGHBINNUMBER FINEBINNUMBER REVIEWSAMPLE ;
DefectList
 1 104078.000 103347.000 0 0 0.000 0.000 0.000 0.125 0 1 0 0 0 0
 2 81361.000 84335.000 0 0 0.000 0.000 0.000 200000.000 0 1 0 200 0 0
 3 73406.000 105142.000 0 0 54.000 32.000 1728.000 41.569 0 1 7 210 0 0
 4 74218.000 90522.000 0 0 56.000 40.000 2240.000 47.328 0 1 6 210 0 0
 5 73922.000 108268.000 0 0 0.000 0.000 0.000 0.153 0 1 0 0 0 0
 6 73171.000 106065.000 0 0 54.000 34.000 1836.000 42.848 0 1 7 210 0 0
 7 73104.000 106366.000 0 0 54.000 34.000 1836.000 42.848 0 1 7 210 0 0
 8 73158.000 105924.000 0 0 54.000 34.000 1836.000 42.848 0 1 7 210 0 0
 9 73662.000 89904.000 0 0 56.000 40.000 2240.000 47.328 0 1 6 210 0 0
 10 73124.000 106283.000 0 0 54.000 34.000 1836.000 42.848 0 1 7 210 0 0
 11 73305.000 89415.000 0 0 56.000 42.000 2352.000 48.497 0 1 6 210 0 0
 12 72982.000 88798.000 0 0 56.000 42.000 2352.000 48.497 0 1 6 210 0 0
 13 73052.000 88762.000 0 0 56.000 42.000 2352.000 48.497 0 1 6 210 0 0
 14 72635.000 88771.000 0 0 56.000 42.000 2352.000 48.497 0 1 6 210 0 0
 15 72071.000 88666.000 0 0 56.000 42.000 2352.000 48.497 0 1 6 210 0 0
 16 71904.000 88745.000 0 0 56.000 42.000 2352.000 48.497 0 1 6 210 0 0
 17 71487.000 88441.000 0 0 56.000 42.000 2352.000 48.497 0 1 6 210 0 0
 18 71266.000 88441.000 0 0 56.000 42.000 2352.000 48.497 0 1 6 210 0 0
 19 71181.000 88227.000 0 0 56.000 42.000 2352.000 48.497 0 1 6 210 0 0
 20 71118.000 88009.000 0 0 56.000 42.000 2352.000 48.497 0 1 6 210 0 0
 21 70758.000 87962.000 0 0 56.000 42.000 2352.000 48.497 0 1 6 210 0 0
 22 70290.000 87753.000 0 0 56.000 42.000 2352.000 48.497 0 1 6 210 0 0
 23 69521.000 87922.000 0 0 56.000 42.000 2352.000 48.497 0 1 6 210 0 0
 24 70568.000 114338.000 0 0 56.000 42.000 2352.000 48.497 0 1 8 210 0 0
 25 70409.000 114832.000 0 0 56.000 44.000 2464.000 49.638 0 1 8 210 0 0
 26 70543.000 114426.000 0 0 56.000 42.000 2352.000 48.497 0 1 8 210 0 0
 27 70483.000 114641.000 0 0 56.000 44.000 2464.000 49.638 0 1 8 210 0 0
 28 68857.000 87886.000 0 0 56.000 42.000 2352.000 48.497 0 1 6 210 0 0
 29 70842.000 113922.000 0 0 56.000 42.000 2352.000 48.497 0 1 8 210 0 0
 30 68716.000 87879.000 0 0 56.000 42.000 2352.000 48.497 0 1 6 210 0 0
 31 70304.000 115262.000 0 0 56.000 44.000 2464.000 49.638 0 1 8 210 0 0
 32 68471.000 87836.000 0 0 56.000 40.000 2240.000 47.328 0 1 6 210 0 0
 33 68216.000 87907.000 0 0 56.000 40.000 2240.000 47.328 0 1 6 210 0 0
 34 69951.000 116444.000 0 0 0.000 0.000 0.000 0.218 0 1 0 0 0 0
 35 67745.000 87801.000 0 0 56.000 40.000 2240.000 47.328 0 1 5 210 0 0
 36 67812.000 87699.000 0 0 56.000 40.000 2240.000 47.328 0 1 5 210 0 0
 37 66938.000 87681.000 0 0 56.000 40.000 2240.000 47.328 0 1 5 210 0 0
 38 66739.000 87712.000 0 0 56.000 40.000 2240.000 47.328 0 1 5 210 0 0
 39 66557.000 87519.000 0 0 56.000 40.000 2240.000 47.328 0 1 5 210 0 0
 40 65987.000 87663.000 0 0 56.000 40.000 2240.000 47.328 0 1 5 210 0 0
 41 65901.000 87410.000 0 0 56.000 40.000 2240.000 47.328 0 1 5 210 0 0
 42 65865.000 87505.000 0 0 56.000 40.000 2240.000 47.328 0 1 5 210 0 0
 43 65932.000 87186.000 0 0 56.000 40.000 2240.000 47.328 0 1 5 210 0 0
 44 65065.000 87462.000 0 0 56.000 40.000 2240.000 47.328 0 1 5 210 0 0
 45 63449.000 87697.000 0 0 0.000 0.000 0.000 0.214 0 1 0 0 0 0
 46 61309.000 105009.000 0 0 0.000 0.000 0.000 0.141 0 1 0 0 0 0
 47 62869.000 87823.000 0 0 0.000 0.000 0.000 0.139 0 1 0 0 0 0
 48 61954.000 87861.000 0 0 0.000 0.000 0.000 0.135 0 1 0 0 0 0
 49 61642.000 87909.000 0 0 0.000 0.000 0.000 0.124 0 1 0 0 0 0
 50 61163.000 88086.000 0 0 0.000 0.000 0.000 0.137 0 1 0 0 0 0
 51 60786.000 88155.000 0 0 0.000 0.000 0.000 0.122 0 1 0 0 0 0
 52 143621.000 106509.000 0 0 0.000 0.000 0.000 0.146 0 1 0 0 0 0
 53 98818.000 145287.000 0 0 0.000 0.000 0.000 0.143 0 1 0 0 0 0
 54 62621.000 130191.000 0 0 0.000 0.000 0.000 0.122 0 1 0 0 0 0
 55 51305.000 98854.000 0 0 0.000 0.000 0.000 200000.000 0 1 0 200 0 0
 56 59155.000 135521.000 0 0 0.000 0.000 0.000 0.135 0 1 0 0 0 0
 57 57983.000 137475.000 0 0 0.000 0.000 0.000 0.125 0 1 0 0 0 0
 58 57684.000 137701.000 0 0 0.000 0.000 0.000 0.122 0 1 0 0 0 0
 59 56973.000 139003.000 0 0 0.000 0.000 0.000 0.125 0 1 0 0 0 0
 60 138757.000 55384.000 0 0 0.000 0.000 0.000 0.335 0 1 0 0 0 0
 61 55903.000 140573.000 0 0 0.000 0.000 0.000 0.123 0 1 0 0 0 0
 62 55403.000 141105.000 0 0 0.000 0.000 0.000 0.120 0 1 0 0 0 0
 63 55167.000 141549.000 0 0 0.000 0.000 0.000 0.121 0 1 0 0 0 0
 64 135447.000 150495.000 0 0 0.000 0.000 0.000 0.138 0 1 0 0 0 0
 65 54796.000 142338.000 0 0 0.000 0.000 0.000 0.124 0 1 0 0 0 0
 66 54442.000 143005.000 0 0 0.000 0.000 0.000 0.133 0 1 0 0 0 0
 67 53873.000 143730.000 0 0 0.000 0.000 0.000 0.129 0 1 0 0 0 0
 68 53424.000 144513.000 0 0 0.000 0.000 0.000 0.128 0 1 0 0 0 0
 69 53051.000 145022.000 0 0 0.000 0.000 0.000 0.133 0 1 0 0 0 0
 70 52100.000 146284.000 0 0 0.000 0.000 0.000 0.129 0 1 0 0 0 0
 71 50185.000 148682.000 0 0 0.000 0.000 0.000 0.120 0 1 0 0 0 0
 72 49783.000 149237.000 0 0 0.000 0.000 0.000 0.121 0 1 0 0 0 0
 73 49430.000 149742.000 0 0 0.000 0.000 0.000 0.124 0 1 0 0 0 0
 74 49115.000 150207.000 0 0 0.000 0.000 0.000 0.127 0 1 0 0 0 0
 75 48393.000 151137.000 0 0 0.000 0.000 0.000 0.125 0 1 0 0 0 0
 76 150464.000 154283.000 0 0 0.000 0.000 0.000 0.152 0 1 0 0 0 0
 77 54642.000 158827.000 0 0 0.000 0.000 0.000 0.180 0 1 0 0 0 0
 78 77534.000 173221.000 0 0 0.000 0.000 0.000 0.137 0 1 0 0 0 0
 79 27931.000 73182.000 0 0 0.000 0.000 0.000 0.135 0 1 0 0 0 0
 80 25054.000 79663.000 0 0 0.000 0.000 0.000 0.491 0 1 0 0 0 0
 81 133176.000 28536.000 0 0 0.000 0.000 0.000 200000.000 0 1 0 200 0 0
 82 99317.000 178675.000 0 0 0.000 0.000 0.000 0.141 0 1 0 0 0 0
 83 50672.000 34840.000 0 0 0.000 0.000 0.000 0.160 0 1 0 0 0 0
 84 43345.000 158800.000 0 0 0.000 0.000 0.000 0.124 0 1 0 0 0 0
 85 139363.000 172033.000 0 0 0.000 0.000 0.000 0.138 0 1 0 0 0 0
 86 42932.000 40479.000 0 0 52.000 54.000 2808.000 52.990 0 1 3 200 0 0
 87 43049.000 159285.000 0 0 0.000 0.000 0.000 0.120 0 1 0 0 0 0
 88 42985.000 39957.000 0 0 52.000 54.000 2808.000 52.990 0 1 3 200 0 0
 89 42026.000 40621.000 0 0 0.000 0.000 0.000 0.135 0 1 0 0 0 0
 90 42028.000 160994.000 0 0 0.000 0.000 0.000 0.121 0 1 0 0 0 0
 91 41724.000 161391.000 0 0 0.000 0.000 0.000 0.121 0 1 0 0 0 0
 92 41594.000 161559.000 0 0 0.000 0.000 0.000 0.120 0 1 0 0 0 0
 93 34306.000 154213.000 0 0 0.000 0.000 0.000 0.188 0 1 0 0 0 0
 94 41118.000 162337.000 0 0 0.000 0.000 0.000 0.120 0 1 0 0 0 0
 95 40840.000 162765.000 0 0 0.000 0.000 0.000 0.120 0 1 0 0 0 0
 96 40222.000 163575.000 0 0 0.000 0.000 0.000 0.120 0 1 0 0 0 0
 97 40158.000 163761.000 0 0 0.000 0.000 0.000 0.150 0 1 0 0 0 0
 98 70967.000 16070.000 0 0 0.000 0.000 0.000 0.270 0 1 0 0 0 0
 99 39127.000 165156.000 0 0 0.000 0.000 0.000 0.123 0 1 0 0 0 0
 100 13157.000 78274.000 0 0 0.000 0.000 0.000 0.132 0 1 0 0 0 0
 101 41832.000 168544.000 0 0 0.000 0.000 0.000 0.126 0 1 0 0 0 0
 102 38636.000 166052.000 0 0 52.000 54.000 2808.000 52.990 0 1 9 210 0 0
 103 138401.000 16374.000 0 0 0.000 0.000 0.000 0.120 0 1 0 0 0 0
 104 36983.000 168249.000 0 0 50.000 54.000 2700.000 51.961 0 1 9 210 0 0
 105 8094.000 83048.000 0 0 0.000 0.000 0.000 200000.000 0 1 0 200 0 0
 106 35851.000 169760.000 0 0 50.000 54.000 2700.000 51.961 0 1 9 210 0 0
 107 14984.000 57918.000 0 0 0.000 0.000 0.000 0.206 0 1 0 0 0 0
 108 29291.000 163656.000 0 0 0.000 0.000 0.000 0.178 0 1 0 0 0 0
 109 154266.000 178480.000 0 0 0.000 0.000 0.000 0.142 0 1 0 0 0 0
 110 154495.000 178522.000 0 0 0.000 0.000 0.000 200000.000 0 1 0 200 0 0
 111 27894.000 36696.000 0 0 52.000 52.000 2704.000 52.000 0 1 1 200 0 0
 112 170993.000 165048.000 0 0 0.000 0.000 0.000 0.137 0 1 0 0 0 0
 113 28957.000 34566.000 0 0 54.000 50.000 2700.000 51.961 0 1 1 200 0 0
 114 27429.000 36043.000 0 0 52.000 52.000 2704.000 52.000 0 1 1 200 0 0
 115 27536.000 35799.000 0 0 52.000 50.000 2600.000 50.990 0 1 1 200 0 0
 116 27782.000 35780.000 0 0 52.000 50.000 2600.000 50.990 0 1 1 200 0 0
 117 28190.000 35246.000 0 0 54.000 50.000 2700.000 51.961 0 1 1 200 0 0
 118 28365.000 35073.000 0 0 54.000 50.000 2700.000 51.961 0 1 1 200 0 0
 119 29089.000 34342.000 0 0 54.000 50.000 2700.000 51.961 0 1 1 200 0 0
 120 28473.000 34983.000 0 0 54.000 50.000 2700.000 51.961 0 1 1 200 0 0
 121 29155.000 34156.000 0 0 54.000 52.000 2808.000 52.990 0 1 1 200 0 0
 122 28982.000 34408.000 0 0 54.000 50.000 2700.000 51.961 0 1 1 200 0 0
 123 29423.000 33944.000 0 0 54.000 52.000 2808.000 52.990 0 1 1 200 0 0
 124 29265.000 34120.000 0 0 54.000 52.000 2808.000 52.990 0 1 1 200 0 0
 125 29643.000 33725.000 0 0 54.000 52.000 2808.000 52.990 0 1 1 200 0 0
 126 31331.000 31926.000 0 0 0.000 0.000 0.000 0.126 0 1 0 0 0 0
 127 29718.000 33612.000 0 0 54.000 52.000 2808.000 52.990 0 1 1 200 0 0
 128 32151.000 31135.000 0 0 0.000 0.000 0.000 0.121 0 1 0 0 0 0
 129 29994.000 33331.000 0 0 54.000 52.000 2808.000 52.990 0 1 1 200 0 0
 130 22004.000 42357.000 0 0 0.000 0.000 0.000 200000.000 0 1 0 200 0 0
 131 23201.000 40823.000 0 0 54.000 50.000 2700.000 51.961 0 1 4 200 0 0
 132 23819.000 39968.000 0 0 54.000 50.000 2700.000 51.961 0 1 4 200 0 0
 133 26794.000 36375.000 0 0 52.000 52.000 2704.000 52.000 0 1 1 200 0 0
 134 21915.000 42459.000 0 0 0.000 0.000 0.000 0.440 0 1 0 0 0 0
 135 23130.000 40938.000 0 0 54.000 50.000 2700.000 51.961 0 1 4 200 0 0
 136 23517.000 40461.000 0 0 54.000 50.000 2700.000 51.961 0 1 4 200 0 0
 137 13041.000 57359.000 0 0 0.000 0.000 0.000 0.133 0 1 0 0 0 0
 138 13859.000 55720.000 0 0 0.000 0.000 0.000 0.138 0 1 0 0 0 0
 139 14622.000 54254.000 0 0 0.000 0.000 0.000 0.210 0 1 0 0 0 0
 140 14742.000 54029.000 0 0 0.000 0.000 0.000 0.138 0 1 0 0 0 0
 141 14852.000 53929.000 0 0 0.000 0.000 0.000 0.492 0 1 0 0 0 0
 142 15404.000 52815.000 0 0 0.000 0.000 0.000 0.214 0 1 0 0 0 0
 143 17153.000 49789.000 0 0 0.000 0.000 0.000 0.120 0 1 0 0 0 0
 144 17227.000 49666.000 0 0 0.000 0.000 0.000 0.236 0 1 0 0 0 0
 145 20543.000 44368.000 0 0 0.000 0.000 0.000 200000.000 0 1 0 200 0 0
 146 71092.000 113770.000 0 0 13.861 29.099 403.361 20.083 0 1 8 210 0 0
 147 71053.000 113689.000 0 0 11.155 23.589 263.154 16.222 0 1 8 210 0 0
 148 70933.000 113828.000 0 0 82.198 172.783 14202.535 119.174 0 1 8 210 0 0
 149 70908.000 114167.000 0 0 13.582 27.890 378.823 19.463 0 1 8 210 0 0
 150 70877.000 114104.000 0 0 9.465 19.546 185.023 13.602 0 1 8 210 0 0
 151 70782.000 113907.000 0 0 82.004 172.283 14128.111 118.861 0 1 8 210 0 0
 152 70750.000 114229.000 0 0 88.677 182.281 16164.224 127.138 0 1 8 210 0 0
 153 70646.000 114017.000 0 0 44.348 92.873 4118.809 64.177 0 1 8 210 0 0
 154 70619.000 114347.000 0 0 46.769 95.775 4479.319 66.927 0 1 8 210 0 0
 155 70588.000 114286.000 0 0 10.957 22.559 247.198 15.722 0 1 8 210 0 0
 156 70570.000 114251.000 0 0 3.414 7.051 24.080 4.907 0 1 8 210 0 0
 157 70561.000 114232.000 0 0 6.141 12.704 78.027 8.833 0 1 8 210 0 0
 158 70482.000 114455.000 0 0 6.238 12.738 79.463 8.914 0 1 8 210 0 0
 159 43405.000 40216.000 0 0 25.799 24.423 630.098 25.101 0 1 3 200 0 0
 160 43383.000 40005.000 0 0 169.689 160.135 27173.423 164.843 0 1 3 200 0 0
 161 43338.000 39811.000 0 0 11.537 10.861 125.315 11.194 0 1 3 200 0 0
 162 38549.000 166119.000 0 0 25.348 23.559 597.196 24.437 0 1 9 210 0 0
 163 38422.000 166234.000 0 0 41.278 38.377 1584.167 39.801 0 1 9 210 0 0
 164 38323.000 166373.000 0 0 98.635 91.657 9040.653 95.082 0 1 9 210 0 0
 165 38303.000 166585.000 0 0 12.763 11.826 150.954 12.286 0 1 9 210 0 0
 166 38219.000 166511.000 0 0 124.338 115.496 14360.629 119.835 0 1 9 210 0 0
 167 38127.000 166654.000 0 0 146.981 136.440 20054.198 141.612 0 1 9 210 0 0
 168 38018.000 166785.000 0 0 163.274 151.530 24740.995 157.292 0 1 9 210 0 0
 169 37926.000 166931.000 0 0 189.307 175.568 33236.543 182.308 0 1 9 210 0 0
 170 37827.000 167073.000 0 0 160.763 149.018 23956.687 154.779 0 1 9 210 0 0
 171 37722.000 167206.000 0 0 167.524 155.238 26006.213 161.264 0 1 9 210 0 0
 172 37618.000 167342.000 0 0 138.817 128.592 17850.817 133.606 0 1 9 210 0 0
 173 37517.000 167480.000 0 0 148.802 137.784 20502.661 143.187 0 1 9 210 0 0
 174 37401.000 167604.000 0 0 142.597 132.039 18828.556 137.217 0 1 9 210 0 0
 175 37331.000 167770.000 0 0 22.734 21.022 477.936 21.861 0 1 9 210 0 0
 176 37291.000 167735.000 0 0 9.738 9.015 87.794 9.369 0 1 9 210 0 0
 177 37248.000 167927.000 0 0 110.710 102.275 11322.942 106.409 0 1 9 210 0 0
 178 37149.000 168065.000 0 0 146.831 135.584 19908.153 141.096 0 1 9 210 0 0
 179 37043.000 168201.000 0 0 140.587 129.777 18245.138 135.074 0 1 9 210 0 0
 180 36941.000 168337.000 0 0 42.589 39.300 1673.767 40.911 0 1 9 210 0 0
 181 36109.000 169419.000 0 0 59.897 55.128 3302.030 57.463 0 1 9 210 0 0
 182 36015.000 169564.000 0 0 116.712 107.352 12529.372 111.934 0 1 9 210 0 0
 183 35920.000 169707.000 0 0 150.374 138.234 20786.907 144.176 0 1 9 210 0 0
 184 35809.000 169836.000 0 0 137.265 126.169 17318.674 131.600 0 1 9 210 0 0
 185 27325.000 37958.000 0 0 115.984 135.862 15757.882 125.530 0 1 1 200 0 0
 186 27198.000 37844.000 0 0 122.169 143.095 17481.943 132.219 0 1 1 200 0 0
 187 27879.000 37050.000 0 0 250.461 286.951 71870.366 268.086 0 1 1 200 0 0
 188 27093.000 37706.000 0 0 170.219 199.220 33911.228 184.150 0 1 1 200 0 0
 189 27711.000 36985.000 0 0 178.231 204.461 36441.477 190.896 0 1 1 200 0 0
 190 27843.000 36831.000 0 0 33.314 38.054 1267.754 35.605 0 1 1 200 0 0
 191 27872.000 36799.000 0 0 12.115 13.826 167.505 12.942 0 1 1 200 0 0
 192 27001.000 37553.000 0 0 311.321 363.928 113298.670 336.598 0 1 1 200 0 0
 193 27562.000 36897.000 0 0 226.881 260.441 59089.269 243.082 0 1 1 200 0 0
 194 27720.000 36715.000 0 0 72.801 83.148 6053.358 77.803 0 1 1 200 0 0
 195 27805.000 36617.000 0 0 48.614 55.373 2691.954 51.884 0 1 1 200 0 0
 196 25837.000 38677.000 0 0 44.095 53.328 2351.578 48.493 0 1 2 200 0 0
 197 25925.000 38571.000 0 0 38.284 46.165 1767.439 42.040 0 1 2 200 0 0
 198 26813.000 37511.000 0 0 206.525 241.881 49954.742 223.505 0 1 1 200 0 0
 199 27424.000 36796.000 0 0 215.111 247.008 53134.324 230.508 0 1 1 200 0 0
 200 27646.000 36540.000 0 0 163.571 186.495 30505.423 174.658 0 1 1 200 0 0
 201 30034.000 33902.000 0 0 19.005 20.117 382.343 19.553 0 1 1 200 0 0
 202 24047.000 40644.000 0 0 39.836 50.976 2030.743 45.063 0 1 4 200 0 0
 203 25693.000 38583.000 0 0 20.602 24.926 513.563 22.661 0 1 2 200 0 0
 204 25723.000 38547.000 0 0 32.409 39.172 1269.570 35.631 0 1 2 200 0 0
 205 25791.000 38466.000 0 0 79.648 96.054 7650.638 87.467 0 1 2 200 0 0
 206 26722.000 37355.000 0 0 273.281 319.668 87359.578 295.566 0 1 1 200 0 0
 207 27320.000 36657.000 0 0 233.813 268.278 62727.143 250.453 0 1 1 200 0 0
 208 27480.000 36472.000 0 0 88.060 100.525 8852.347 94.086 0 1 1 200 0 0
 209 27562.000 36378.000 0 0 76.480 87.078 6659.815 81.607 0 1 1 200 0 0
 210 29865.000 33835.000 0 0 136.390 144.575 19718.672 140.423 0 1 1 200 0 0
 211 23925.000 40526.000 0 0 159.651 204.214 32603.187 180.563 0 1 4 200 0 0
 212 25613.000 38415.000 0 0 185.990 224.655 41783.841 204.410 0 1 2 200 0 0
 213 26620.000 37212.000 0 0 255.835 298.995 76493.595 276.574 0 1 1 200 0 0
 214 27223.000 36511.000 0 0 191.741 219.791 42143.183 205.288 0 1 1 200 0 0
 215 27399.000 36307.000 0 0 152.662 174.012 26565.298 162.988 0 1 1 200 0 0
 216 29700.000 33763.000 0 0 41.280 43.813 1808.658 42.528 0 1 1 200 0 0
 217 29746.000 33714.000 0 0 38.135 40.417 1541.330 39.259 0 1 1 200 0 0
 218 29788.000 33669.000 0 0 41.339 43.758 1808.940 42.531 0 1 1 200 0 0
 219 23790.000 40421.000 0 0 165.657 211.899 35102.818 187.357 0 1 4 200 0 0
 220 25477.000 38312.000 0 0 206.996 250.062 51762.151 227.512 0 1 2 200 0 0
 221 26390.000 37218.000 0 0 39.127 45.875 1795.029 42.367 0 1 1 200 0 0
 222 26528.000 37056.000 0 0 178.029 207.806 36995.555 192.342 0 1 1 200 0 0
 223 27031.000 36471.000 0 0 24.355 27.974 681.350 26.102 0 1 1 200 0 0
 224 27142.000 36344.000 0 0 119.002 136.204 16208.726 127.313 0 1 1 200 0 0
 225 27246.000 36224.000 0 0 76.437 87.198 6665.210 81.640 0 1 1 200 0 0
 226 27338.000 36118.000 0 0 48.997 55.731 2730.689 52.255 0 1 1 200 0 0
 227 29665.000 33552.000 0 0 15.921 16.853 268.332 16.380 0 1 1 200 0 0
 228 23657.000 40316.000 0 0 163.090 208.608 34022.050 184.450 0 1 4 200 0 0
 229 25291.000 38270.000 0 0 32.555 39.400 1282.698 35.814 0 1 2 200 0 0
 230 25378.000 38165.000 0 0 136.356 164.551 22437.638 149.791 0 1 2 200 0 0
 231 26399.000 36946.000 0 0 154.152 179.937 27737.778 166.546 0 1 1 200 0 0
 232 26994.000 36254.000 0 0 128.349 146.994 18866.586 137.355 0 1 1 200 0 0
 233 27137.000 36089.000 0 0 18.376 20.950 384.999 19.621 0 1 1 200 0 0;
ProcessEquipmentIDList 1
  "6448" ;
SummarySpec 5
  TESTNO    NDEFECT    DEFDENSITY    NDIE    NDEFDIE  ;
SummaryList 
  1    233    0.8175    1    1  ;
EndOfFile;
