FileVersion 1 2;
FileTimestamp 01-15-26 07:02:52;
InspectionStationID "KLA-Tencor" "SFSSP1" "0901-0728-TBI";
SampleType WAFER;
ResultTimestamp 01-15-26 06:53:56;
LotID "2850";
SampleSize 1 200;
DeviceID "None";
SetupID "T2-2850A" 01-15-26 06:53:56;
StepID "6298";
SampleOrientationMarkType NOTCH;
OrientationMarkLocation DOWN;
DiePitch 200000 200000;
DieOrigin 0 0;
WaferID "11";
Slot 11;
SampleCenterLocation 100000 100000;
ClassLookup 1
  0 "0"  ;
OrientationInstructions "Front";
CoordinatesMirrored No;
InspectionTest 1;
SampleTestPlan 1
  0 0 ;
AreaPerTest 2.85023e+010;
DefectRecordSpec 15 DEFECTID XREL YREL XINDEX YINDEX XSIZE YSIZE DEFECTAREA DSIZE CLASSNUMBER TEST CLUSTERNUMBER ROUGHBINNUMBER FINEBINNUMBER REVIEWSAMPLE ;
DefectList
 1 73011.000 101559.000 0 0 0.000 0.000 0.000 0.126 0 1 0 0 0 0
 2 72364.000 103350.000 0 0 0.000 0.000 0.000 0.134 0 1 0 0 0 0
 3 75004.000 124708.000 0 0 0.000 0.000 0.000 200000.000 0 1 0 200 0 0
 4 112888.000 62847.000 0 0 0.000 0.000 0.000 0.178 0 1 0 0 0 0
 5 145352.000 65808.000 0 0 0.000 0.000 0.000 0.123 0 1 0 0 0 0
 6 145907.000 64129.000 0 0 0.000 0.000 0.000 0.159 0 1 0 0 0 0
 7 146069.000 63618.000 0 0 0.000 0.000 0.000 0.149 0 1 0 0 0 0
 8 146298.000 62895.000 0 0 0.000 0.000 0.000 0.150 0 1 0 0 0 0
 9 147511.000 58987.000 0 0 0.000 0.000 0.000 0.155 0 1 0 0 0 0
 10 147791.000 58045.000 0 0 0.000 0.000 0.000 0.169 0 1 0 0 0 0
 11 148554.000 55395.000 0 0 0.000 0.000 0.000 0.130 0 1 0 0 0 0
 12 149010.000 53752.000 0 0 0.000 0.000 0.000 0.190 0 1 0 0 0 0
 13 169094.000 105521.000 0 0 0.000 0.000 0.000 200000.000 0 1 0 200 0 0
 14 150132.000 49438.000 0 0 0.000 0.000 0.000 0.134 0 1 0 0 0 0
 15 150232.000 49062.000 0 0 0.000 0.000 0.000 0.121 0 1 0 0 0 0
 16 122154.000 28252.000 0 0 0.000 0.000 0.000 0.123 0 1 0 0 0 0
 17 116724.000 173065.000 0 0 0.000 0.000 0.000 0.163 0 1 0 0 0 0
 18 117978.000 18896.000 0 0 0.000 0.000 0.000 0.122 0 1 0 0 0 0
 19 183332.000 114247.000 0 0 0.000 0.000 0.000 0.131 0 1 0 0 0 0
 20 143475.000 20865.000 0 0 0.000 0.000 0.000 0.126 0 1 0 0 0 0
 21 131769.000 184687.000 0 0 0.000 0.000 0.000 0.122 0 1 0 0 0 0
 22 69708.000 187197.000 0 0 0.000 0.000 0.000 0.128 0 1 0 0 0 0
 23 188570.000 131495.000 0 0 0.000 0.000 0.000 0.142 0 1 0 0 0 0
 24 175820.000 42260.000 0 0 0.000 0.000 0.000 0.146 0 1 0 0 0 0;
ProcessEquipmentIDList 1
  "6448" ;
SummarySpec 5
  TESTNO    NDEFECT    DEFDENSITY    NDIE    NDEFDIE  ;
SummaryList 
  1    24    0.0842    1    1  ;
EndOfFile;
