FileVersion 1 2;
FileTimestamp 01-15-26 06:55:03;
InspectionStationID "KLA-Tencor" "SFSSP1" "0901-0728-TBI";
SampleType WAFER;
ResultTimestamp 01-15-26 06:53:56;
LotID "2850";
SampleSize 1 200;
DeviceID "None";
SetupID "T2-2850A" 01-15-26 06:53:56;
StepID "6298";
SampleOrientationMarkType NOTCH;
OrientationMarkLocation DOWN;
DiePitch 200000 200000;
DieOrigin 0 0;
WaferID "01";
Slot 1;
SampleCenterLocation 100000 100000;
ClassLookup 1
  0 "0"  ;
OrientationInstructions "Front";
CoordinatesMirrored No;
InspectionTest 1;
SampleTestPlan 1
  0 0 ;
AreaPerTest 2.85007e+010;
DefectRecordSpec 15 DEFECTID XREL YREL XINDEX YINDEX XSIZE YSIZE DEFECTAREA DSIZE CLASSNUMBER TEST CLUSTERNUMBER ROUGHBINNUMBER FINEBINNUMBER REVIEWSAMPLE ;
DefectList
 1 91815.000 95934.000 0 0 0.000 0.000 0.000 0.148 0 1 0 0 0 0
 2 96217.000 109148.000 0 0 0.000 0.000 0.000 0.146 0 1 0 0 0 0
 3 91832.000 105786.000 0 0 0.000 0.000 0.000 0.138 0 1 0 0 0 0
 4 94800.000 90324.000 0 0 0.000 0.000 0.000 0.148 0 1 0 0 0 0
 5 110919.000 99641.000 0 0 0.000 0.000 0.000 0.150 0 1 0 0 0 0
 6 91374.000 92862.000 0 0 0.000 0.000 0.000 0.122 0 1 0 0 0 0
 7 107723.000 91197.000 0 0 0.000 0.000 0.000 0.335 0 1 0 0 0 0
 8 109010.000 92566.000 0 0 0.000 0.000 0.000 0.129 0 1 0 0 0 0
 9 91468.000 107560.000 0 0 0.000 0.000 0.000 0.127 0 1 0 0 0 0
 10 105687.000 110671.000 0 0 0.000 0.000 0.000 0.124 0 1 0 0 0 0
 11 92063.000 88558.000 0 0 0.000 0.000 0.000 0.138 0 1 0 0 0 0
 12 100894.000 86005.000 0 0 0.000 0.000 0.000 0.161 0 1 0 0 0 0
 13 99371.000 85562.000 0 0 0.000 0.000 0.000 0.140 0 1 0 0 0 0
 14 96507.000 113948.000 0 0 0.000 0.000 0.000 0.138 0 1 0 0 0 0
 15 94072.000 85663.000 0 0 0.000 0.000 0.000 0.127 0 1 0 0 0 0
 16 109668.000 113029.000 0 0 0.000 0.000 0.000 0.120 0 1 0 0 0 0
 17 92161.000 85131.000 0 0 0.000 0.000 0.000 0.127 0 1 0 0 0 0
 18 100178.000 80664.000 0 0 0.000 0.000 0.000 0.210 0 1 0 0 0 0
 19 109562.000 117487.000 0 0 0.000 0.000 0.000 0.135 0 1 0 0 0 0
 20 119364.000 108799.000 0 0 0.000 0.000 0.000 0.185 0 1 0 0 0 0
 21 116953.000 112874.000 0 0 0.000 0.000 0.000 0.130 0 1 0 0 0 0
 22 118642.000 86902.000 0 0 0.000 0.000 0.000 0.125 0 1 0 0 0 0
 23 111238.000 120204.000 0 0 0.000 0.000 0.000 0.126 0 1 0 0 0 0
 24 85038.000 118740.000 0 0 0.000 0.000 0.000 0.121 0 1 0 0 0 0
 25 118823.000 82956.000 0 0 0.000 0.000 0.000 0.125 0 1 0 0 0 0
 26 106817.000 125007.000 0 0 0.000 0.000 0.000 0.166 0 1 0 0 0 0
 27 126773.000 103593.000 0 0 0.000 0.000 0.000 0.319 0 1 0 0 0 0
 28 117534.000 78436.000 0 0 0.000 0.000 0.000 0.152 0 1 0 0 0 0
 29 71240.000 103999.000 0 0 0.000 0.000 0.000 200000.000 0 1 0 200 0 0
 30 123427.000 126656.000 0 0 0.000 0.000 0.000 0.154 0 1 0 0 0 0
 31 87045.000 66326.000 0 0 0.000 0.000 0.000 0.128 0 1 0 0 0 0
 32 69267.000 78284.000 0 0 0.000 0.000 0.000 0.136 0 1 0 0 0 0
 33 65889.000 116980.000 0 0 0.000 0.000 0.000 0.151 0 1 0 0 0 0
 34 60617.000 115793.000 0 0 0.000 0.000 0.000 0.144 0 1 0 0 0 0
 35 58149.000 90609.000 0 0 0.000 0.000 0.000 0.130 0 1 0 0 0 0
 36 66093.000 72653.000 0 0 0.000 0.000 0.000 0.134 0 1 0 0 0 0
 37 114470.000 144975.000 0 0 0.000 0.000 0.000 0.125 0 1 0 0 0 0
 38 62902.000 133327.000 0 0 0.000 0.000 0.000 0.132 0 1 0 0 0 0
 39 133643.000 58795.000 0 0 0.000 0.000 0.000 0.170 0 1 0 0 0 0
 40 52962.000 128491.000 0 0 0.000 0.000 0.000 0.127 0 1 0 0 0 0
 41 74882.000 150845.000 0 0 0.000 0.000 0.000 0.173 0 1 0 0 0 0
 42 136201.000 145431.000 0 0 0.000 0.000 0.000 0.123 0 1 0 0 0 0
 43 41277.000 86474.000 0 0 0.000 0.000 0.000 0.144 0 1 0 0 0 0
 44 71407.000 153158.000 0 0 0.000 0.000 0.000 0.192 0 1 0 0 0 0
 45 38526.000 88473.000 0 0 0.000 0.000 0.000 0.151 0 1 0 0 0 0
 46 144721.000 49842.000 0 0 0.000 0.000 0.000 0.125 0 1 0 0 0 0
 47 30973.000 76628.000 0 0 0.000 0.000 0.000 0.150 0 1 0 0 0 0
 48 30049.000 75012.000 0 0 0.000 0.000 0.000 0.153 0 1 0 0 0 0
 49 37052.000 60005.000 0 0 0.000 0.000 0.000 0.123 0 1 0 0 0 0
 50 159626.000 52337.000 0 0 0.000 0.000 0.000 0.237 0 1 0 0 0 0
 51 28486.000 72187.000 0 0 0.000 0.000 0.000 0.131 0 1 0 0 0 0
 52 27577.000 70496.000 0 0 0.000 0.000 0.000 0.153 0 1 0 0 0 0
 53 26541.000 68500.000 0 0 0.000 0.000 0.000 0.136 0 1 0 0 0 0
 54 26011.000 67492.000 0 0 0.000 0.000 0.000 0.139 0 1 0 0 0 0
 55 39969.000 44363.000 0 0 0.000 0.000 0.000 0.180 0 1 0 0 0 0
 56 134862.000 25843.000 0 0 0.000 0.000 0.000 0.143 0 1 0 0 0 0
 57 135844.000 23589.000 0 0 0.000 0.000 0.000 0.130 0 1 0 0 0 0
 58 64109.000 176322.000 0 0 0.000 0.000 0.000 0.166 0 1 0 0 0 0
 59 62399.000 23827.000 0 0 0.000 0.000 0.000 200000.000 0 1 0 200 0 0
 60 153559.000 33757.000 0 0 0.000 0.000 0.000 0.126 0 1 0 0 0 0
 61 142268.000 173815.000 0 0 0.000 0.000 0.000 0.121 0 1 0 0 0 0
 62 20389.000 64879.000 0 0 0.000 0.000 0.000 0.158 0 1 0 0 0 0
 63 137091.000 20810.000 0 0 0.000 0.000 0.000 0.151 0 1 0 0 0 0
 64 187435.000 107166.000 0 0 0.000 0.000 0.000 0.130 0 1 0 0 0 0
 65 153572.000 169383.000 0 0 0.000 0.000 0.000 0.161 0 1 0 0 0 0
 66 188818.000 96869.000 0 0 0.000 0.000 0.000 0.129 0 1 0 0 0 0
 67 140813.000 179975.000 0 0 0.000 0.000 0.000 0.150 0 1 0 0 0 0
 68 173420.000 47055.000 0 0 0.000 0.000 0.000 0.140 0 1 0 0 0 0
 69 10031.000 88964.000 0 0 0.000 0.000 0.000 0.178 0 1 0 0 0 0
 70 173363.000 46212.000 0 0 0.000 0.000 0.000 0.169 0 1 0 0 0 0
 71 173237.000 44392.000 0 0 0.000 0.000 0.000 0.174 0 1 0 0 0 0
 72 159792.000 29207.000 0 0 0.000 0.000 0.000 0.392 0 1 0 0 0 0
 73 168924.000 38031.000 0 0 0.000 0.000 0.000 0.130 0 1 0 0 0 0
 74 153074.000 20993.000 0 0 0.000 0.000 0.000 0.147 0 1 0 0 0 0
 75 42309.000 175797.000 0 0 0.000 0.000 0.000 0.128 0 1 0 0 0 0
 76 195476.000 102962.000 0 0 0.000 0.000 0.000 0.207 0 1 0 0 0 0
 77 16656.000 50502.000 0 0 0.000 0.000 0.000 0.121 0 1 0 0 0 0;
ProcessEquipmentIDList 1
  "6448" ;
SummarySpec 5
  TESTNO    NDEFECT    DEFDENSITY    NDIE    NDEFDIE  ;
SummaryList 
  1    77    0.2702    1    1  ;
EndOfFile;
