FileVersion 1 2;
FileTimestamp 01-15-26 06:46:33;
InspectionStationID "KLA-Tencor" "SFSSP1" "0901-0728-TBI";
SampleType WAFER;
ResultTimestamp 01-15-26 06:36:18;
LotID "2850";
SampleSize 1 200;
DeviceID "None";
SetupID "T2-2850A" 01-15-26 06:36:18;
StepID "6298";
SampleOrientationMarkType NOTCH;
OrientationMarkLocation DOWN;
DiePitch 200000 200000;
DieOrigin 0 0;
WaferID "17";
Slot 17;
SampleCenterLocation 100000 100000;
ClassLookup 1
  0 "0"  ;
OrientationInstructions "Front";
CoordinatesMirrored No;
InspectionTest 1;
SampleTestPlan 1
  0 0 ;
AreaPerTest 2.85008e+010;
ClusterClassificationList 3
  2 210 
  1 200 
  3 200 ;
DefectRecordSpec 15 DEFECTID XREL YREL XINDEX YINDEX XSIZE YSIZE DEFECTAREA DSIZE CLASSNUMBER TEST CLUSTERNUMBER ROUGHBINNUMBER FINEBINNUMBER REVIEWSAMPLE ;
DefectList
 1 116505.000 85767.000 0 0 0.000 0.000 0.000 0.120 0 1 0 0 0 0
 2 127522.000 50837.000 0 0 46.000 54.000 2484.000 49.839 0 1 2 210 0 0
 3 127507.000 50658.000 0 0 46.000 54.000 2484.000 49.839 0 1 2 210 0 0
 4 128850.000 49855.000 0 0 0.000 0.000 0.000 200000.000 0 1 0 200 0 0
 5 129961.000 49520.000 0 0 0.000 0.000 0.000 200000.000 0 1 0 200 0 0
 6 129926.000 49853.000 0 0 0.000 0.000 0.000 0.121 0 1 0 0 0 0
 7 132080.000 48423.000 0 0 0.000 0.000 0.000 200000.000 0 1 0 200 0 0
 8 131566.000 48705.000 0 0 0.000 0.000 0.000 200000.000 0 1 0 200 0 0
 9 86504.000 161838.000 0 0 0.000 0.000 0.000 0.318 0 1 0 0 0 0
 10 140812.000 154824.000 0 0 0.000 0.000 0.000 0.162 0 1 0 0 0 0
 11 149179.000 156883.000 0 0 0.000 0.000 0.000 0.148 0 1 0 0 0 0
 12 93940.000 179145.000 0 0 0.000 0.000 0.000 200000.000 0 1 0 200 0 0
 13 152497.000 35164.000 0 0 50.000 54.000 2700.000 51.961 0 1 1 200 0 0
 14 153239.000 34563.000 0 0 50.000 54.000 2700.000 51.961 0 1 1 200 0 0
 15 156741.000 33053.000 0 0 0.000 0.000 0.000 200000.000 0 1 0 200 0 0
 16 157727.000 32776.000 0 0 0.000 0.000 0.000 200000.000 0 1 0 200 0 0
 17 190043.000 79569.000 0 0 54.000 34.000 1836.000 42.848 0 1 3 200 0 0
 18 189864.000 77921.000 0 0 54.000 34.000 1836.000 42.848 0 1 3 200 0 0
 19 189893.000 78342.000 0 0 54.000 34.000 1836.000 42.848 0 1 3 200 0 0
 20 189929.000 78557.000 0 0 54.000 34.000 1836.000 42.848 0 1 3 200 0 0
 21 189981.000 78876.000 0 0 54.000 34.000 1836.000 42.848 0 1 3 200 0 0
 22 189995.000 79055.000 0 0 54.000 34.000 1836.000 42.848 0 1 3 200 0 0
 23 189656.000 76372.000 0 0 56.000 36.000 2016.000 44.899 0 1 3 200 0 0
 24 189714.000 76610.000 0 0 56.000 36.000 2016.000 44.899 0 1 3 200 0 0
 25 189923.000 77157.000 0 0 54.000 36.000 1944.000 44.090 0 1 3 200 0 0
 26 190112.000 77361.000 0 0 54.000 36.000 1944.000 44.090 0 1 3 200 0 0
 27 190832.000 78339.000 0 0 54.000 34.000 1836.000 42.848 0 1 3 200 0 0
 28 190904.000 78657.000 0 0 54.000 34.000 1836.000 42.848 0 1 3 200 0 0
 29 190935.000 78815.000 0 0 54.000 34.000 1836.000 42.848 0 1 3 200 0 0
 30 190501.000 76420.000 0 0 56.000 36.000 2016.000 44.899 0 1 3 200 0 0
 31 190701.000 77717.000 0 0 54.000 34.000 1836.000 42.848 0 1 3 200 0 0
 32 190797.000 77195.000 0 0 54.000 36.000 1944.000 44.090 0 1 3 200 0 0
 33 191045.000 77619.000 0 0 54.000 34.000 1836.000 42.848 0 1 3 200 0 0
 34 32424.000 165928.000 0 0 0.000 0.000 0.000 0.121 0 1 0 0 0 0
 35 127086.000 51494.000 0 0 51.163 28.569 1461.710 38.232 0 1 2 210 0 0
 36 127159.000 51341.000 0 0 90.978 50.778 4619.746 67.968 0 1 2 210 0 0
 37 127243.000 51191.000 0 0 98.263 54.847 5389.522 73.413 0 1 2 210 0 0
 38 127322.000 51041.000 0 0 168.975 94.298 15934.064 126.230 0 1 2 210 0 0
 39 127400.000 50890.000 0 0 174.204 97.193 16931.476 130.121 0 1 2 210 0 0
 40 127481.000 50740.000 0 0 174.738 97.481 17033.658 130.513 0 1 2 210 0 0
 41 127555.000 50588.000 0 0 130.273 72.648 9464.239 97.284 0 1 2 210 0 0
 42 127649.000 50445.000 0 0 61.768 34.463 2128.775 46.138 0 1 2 210 0 0
 43 152300.000 35224.000 0 0 12.416 10.025 124.486 11.157 0 1 1 200 0 0
 44 152389.000 35296.000 0 0 49.612 40.170 1992.943 44.642 0 1 1 200 0 0
 45 152413.000 35096.000 0 0 105.782 85.425 9036.510 95.060 0 1 1 200 0 0
 46 152491.000 35161.000 0 0 46.624 37.745 1759.847 41.950 0 1 1 200 0 0
 47 152537.000 34978.000 0 0 208.850 168.748 35243.364 187.732 0 1 1 200 0 0
 48 152644.000 34847.000 0 0 221.387 178.883 39602.405 199.003 0 1 1 200 0 0
 49 152754.000 34718.000 0 0 222.200 179.559 39898.239 199.745 0 1 1 200 0 0
 50 152805.000 34539.000 0 0 15.700 12.665 198.858 14.101 0 1 1 200 0 0
 51 152885.000 34604.000 0 0 137.925 111.538 15384.001 124.032 0 1 1 200 0 0
 52 152969.000 34454.000 0 0 31.411 25.383 797.346 28.237 0 1 1 200 0 0
 53 153015.000 34491.000 0 0 15.712 12.715 199.794 14.134 0 1 1 200 0 0
 54 189288.000 77840.000 0 0 5.315 21.415 113.827 10.668 0 1 3 200 0 0
 55 189448.000 77782.000 0 0 26.623 107.185 2853.715 53.420 0 1 3 200 0 0
 56 189615.000 77748.000 0 0 40.532 163.236 6616.437 81.341 0 1 3 200 0 0
 57 189780.000 77704.000 0 0 36.339 146.327 5317.517 72.921 0 1 3 200 0 0
 58 189945.000 77667.000 0 0 38.539 155.217 5982.063 77.343 0 1 3 200 0 0
 59 190110.000 77625.000 0 0 39.691 159.840 6344.281 79.650 0 1 3 200 0 0
 60 190277.000 77591.000 0 0 40.819 164.441 6712.456 81.929 0 1 3 200 0 0
 61 190439.000 77535.000 0 0 42.002 169.092 7102.406 84.275 0 1 3 200 0 0
 62 190604.000 77498.000 0 0 39.915 160.717 6415.140 80.094 0 1 3 200 0 0
 63 190767.000 77451.000 0 0 41.073 165.335 6790.949 82.407 0 1 3 200 0 0
 64 190933.000 77413.000 0 0 35.735 143.870 5141.355 71.703 0 1 3 200 0 0
 65 191102.000 77385.000 0 0 14.094 56.777 800.260 28.288 0 1 3 200 0 0;
ProcessEquipmentIDList 1
  "6448" ;
SummarySpec 5
  TESTNO    NDEFECT    DEFDENSITY    NDIE    NDEFDIE  ;
SummaryList 
  1    65    0.2281    1    1  ;
EndOfFile;
