FileVersion 1 2;
FileTimestamp 01-15-26 09:08:11;
InspectionStationID "KLA-Tencor" "SFSSP1" "0901-0728-TBI";
SampleType WAFER;
ResultTimestamp 01-15-26 09:04:14;
LotID "2850";
SampleSize 1 200;
DeviceID "None";
SetupID "T2-2850A" 01-15-26 09:04:14;
StepID "6298";
SampleOrientationMarkType NOTCH;
OrientationMarkLocation DOWN;
DiePitch 200000 200000;
DieOrigin 0 0;
WaferID "06";
Slot 6;
SampleCenterLocation 100000 100000;
ClassLookup 1
  0 "0"  ;
OrientationInstructions "Front";
CoordinatesMirrored No;
InspectionTest 1;
SampleTestPlan 1
  0 0 ;
AreaPerTest 2.85004e+010;
DefectRecordSpec 15 DEFECTID XREL YREL XINDEX YINDEX XSIZE YSIZE DEFECTAREA DSIZE CLASSNUMBER TEST CLUSTERNUMBER ROUGHBINNUMBER FINEBINNUMBER REVIEWSAMPLE ;
DefectList
 1 100445.000 109779.000 0 0 0.000 0.000 0.000 0.128 0 1 0 0 0 0
 2 107759.000 83400.000 0 0 0.000 0.000 0.000 0.150 0 1 0 0 0 0
 3 81905.000 91386.000 0 0 0.000 0.000 0.000 0.133 0 1 0 0 0 0
 4 78465.000 109528.000 0 0 0.000 0.000 0.000 0.146 0 1 0 0 0 0
 5 79866.000 69488.000 0 0 0.000 0.000 0.000 0.158 0 1 0 0 0 0
 6 117467.000 63917.000 0 0 0.000 0.000 0.000 0.139 0 1 0 0 0 0
 7 130269.000 63667.000 0 0 0.000 0.000 0.000 0.134 0 1 0 0 0 0
 8 126321.000 146846.000 0 0 0.000 0.000 0.000 0.135 0 1 0 0 0 0
 9 108464.000 153420.000 0 0 0.000 0.000 0.000 0.124 0 1 0 0 0 0
 10 156078.000 101786.000 0 0 0.000 0.000 0.000 0.124 0 1 0 0 0 0
 11 125788.000 149916.000 0 0 0.000 0.000 0.000 0.151 0 1 0 0 0 0
 12 77861.000 47840.000 0 0 0.000 0.000 0.000 0.130 0 1 0 0 0 0
 13 150605.000 67709.000 0 0 0.000 0.000 0.000 0.125 0 1 0 0 0 0
 14 91048.000 39487.000 0 0 0.000 0.000 0.000 0.129 0 1 0 0 0 0
 15 105654.000 37271.000 0 0 0.000 0.000 0.000 0.123 0 1 0 0 0 0
 16 91647.000 162787.000 0 0 0.000 0.000 0.000 0.127 0 1 0 0 0 0
 17 106746.000 163690.000 0 0 0.000 0.000 0.000 0.122 0 1 0 0 0 0
 18 35395.000 85583.000 0 0 0.000 0.000 0.000 0.127 0 1 0 0 0 0
 19 151894.000 144284.000 0 0 0.000 0.000 0.000 0.121 0 1 0 0 0 0
 20 45772.000 58954.000 0 0 0.000 0.000 0.000 0.249 0 1 0 0 0 0
 21 31420.000 92973.000 0 0 0.000 0.000 0.000 0.193 0 1 0 0 0 0
 22 159955.000 137342.000 0 0 0.000 0.000 0.000 0.273 0 1 0 0 0 0
 23 152200.000 49247.000 0 0 0.000 0.000 0.000 0.132 0 1 0 0 0 0
 24 129109.000 29193.000 0 0 0.000 0.000 0.000 0.138 0 1 0 0 0 0
 25 134905.000 173595.000 0 0 0.000 0.000 0.000 0.149 0 1 0 0 0 0
 26 20066.000 87084.000 0 0 0.000 0.000 0.000 0.120 0 1 0 0 0 0
 27 75175.000 21822.000 0 0 0.000 0.000 0.000 0.129 0 1 0 0 0 0
 28 184072.000 89866.000 0 0 0.000 0.000 0.000 0.120 0 1 0 0 0 0
 29 117500.000 184121.000 0 0 0.000 0.000 0.000 0.369 0 1 0 0 0 0
 30 187225.000 88421.000 0 0 0.000 0.000 0.000 0.121 0 1 0 0 0 0
 31 188693.000 100516.000 0 0 0.000 0.000 0.000 0.160 0 1 0 0 0 0
 32 175705.000 146569.000 0 0 0.000 0.000 0.000 0.247 0 1 0 0 0 0
 33 142373.000 182615.000 0 0 0.000 0.000 0.000 0.122 0 1 0 0 0 0
 34 6430.000 104832.000 0 0 0.000 0.000 0.000 0.128 0 1 0 0 0 0
 35 130143.000 189464.000 0 0 0.000 0.000 0.000 0.137 0 1 0 0 0 0
 36 195616.000 112851.000 0 0 0.000 0.000 0.000 0.130 0 1 0 0 0 0;
ProcessEquipmentIDList 1
  "6448" ;
SummarySpec 5
  TESTNO    NDEFECT    DEFDENSITY    NDIE    NDEFDIE  ;
SummaryList 
  1    36    0.1263    1    1  ;
EndOfFile;
