FileVersion 1 2;
FileTimestamp 01-15-26 07:07:56;
InspectionStationID "KLA-Tencor" "SFSSP1" "0901-0728-TBI";
SampleType WAFER;
ResultTimestamp 01-15-26 06:53:56;
LotID "2850";
SampleSize 1 200;
DeviceID "None";
SetupID "T2-2850A" 01-15-26 06:53:56;
StepID "6298";
SampleOrientationMarkType NOTCH;
OrientationMarkLocation DOWN;
DiePitch 200000 200000;
DieOrigin 0 0;
WaferID "20";
Slot 20;
SampleCenterLocation 100000 100000;
ClassLookup 1
  0 "0"  ;
OrientationInstructions "Front";
CoordinatesMirrored No;
InspectionTest 1;
SampleTestPlan 1
  0 0 ;
AreaPerTest 2.85008e+010;
ClusterClassificationList 2
  1 210 
  2 200 ;
DefectRecordSpec 15 DEFECTID XREL YREL XINDEX YINDEX XSIZE YSIZE DEFECTAREA DSIZE CLASSNUMBER TEST CLUSTERNUMBER ROUGHBINNUMBER FINEBINNUMBER REVIEWSAMPLE ;
DefectList
 1 111808.000 95486.000 0 0 0.000 0.000 0.000 0.143 0 1 0 0 0 0
 2 114494.000 114026.000 0 0 0.000 0.000 0.000 0.178 0 1 0 0 0 0
 3 62902.000 62688.000 0 0 0.000 0.000 0.000 0.161 0 1 0 0 0 0
 4 79042.000 28640.000 0 0 0.000 0.000 0.000 0.123 0 1 0 0 0 0
 5 11585.000 98434.000 0 0 50.000 24.000 1200.000 34.641 0 1 1 210 0 0
 6 11152.000 99400.000 0 0 51.000 24.000 1224.000 34.985 0 1 1 210 0 0
 7 11102.000 99271.000 0 0 50.000 24.000 1200.000 34.641 0 1 1 210 0 0
 8 11163.000 99152.000 0 0 51.000 24.000 1224.000 34.985 0 1 1 210 0 0
 9 10611.000 99706.000 0 0 51.000 24.000 1224.000 34.985 0 1 1 210 0 0
 10 132325.000 183697.000 0 0 0.000 0.000 0.000 0.151 0 1 0 0 0 0
 11 10008.000 101482.000 0 0 50.000 24.000 1200.000 34.641 0 1 2 200 0 0
 12 9823.000 101395.000 0 0 50.000 24.000 1200.000 34.641 0 1 2 200 0 0
 13 9731.000 101167.000 0 0 50.000 24.000 1200.000 34.641 0 1 2 200 0 0
 14 9381.000 100494.000 0 0 51.000 24.000 1224.000 34.985 0 1 2 200 0 0
 15 9284.000 100090.000 0 0 51.000 24.000 1224.000 34.985 0 1 2 200 0 0
 16 9253.000 100343.000 0 0 51.000 24.000 1224.000 34.985 0 1 2 200 0 0
 17 9247.000 100155.000 0 0 51.000 24.000 1224.000 34.985 0 1 2 200 0 0
 18 9293.000 99996.000 0 0 51.000 25.000 1275.000 35.707 0 1 2 200 0 0
 19 9116.000 100998.000 0 0 51.000 24.000 1224.000 34.985 0 1 2 200 0 0
 20 9104.000 100872.000 0 0 51.000 24.000 1224.000 34.985 0 1 2 200 0 0
 21 8599.000 100080.000 0 0 51.000 24.000 1224.000 34.985 0 1 2 200 0 0
 22 8698.000 99906.000 0 0 51.000 24.000 1224.000 34.985 0 1 2 200 0 0
 23 8516.000 100971.000 0 0 50.000 24.000 1200.000 34.641 0 1 2 200 0 0
 24 6173.000 106862.000 0 0 0.000 0.000 0.000 0.135 0 1 0 0 0 0
 25 6258.000 106697.000 0 0 0.000 0.000 0.000 0.131 0 1 0 0 0 0
 26 6133.000 107304.000 0 0 0.000 0.000 0.000 0.124 0 1 0 0 0 0
 27 5976.000 107558.000 0 0 0.000 0.000 0.000 0.130 0 1 0 0 0 0
 28 5647.000 108930.000 0 0 0.000 0.000 0.000 0.128 0 1 0 0 0 0
 29 5380.000 109543.000 0 0 0.000 0.000 0.000 0.126 0 1 0 0 0 0
 30 5375.000 109401.000 0 0 0.000 0.000 0.000 0.127 0 1 0 0 0 0
 31 5358.000 109481.000 0 0 0.000 0.000 0.000 0.125 0 1 0 0 0 0;
ProcessEquipmentIDList 1
  "6448" ;
SummarySpec 5
  TESTNO    NDEFECT    DEFDENSITY    NDIE    NDEFDIE  ;
SummaryList 
  1    31    0.1088    1    1  ;
EndOfFile;
