FileVersion 1 2;
FileTimestamp 01-15-26 07:53:54;
InspectionStationID "KLA-Tencor" "SFSSP1" "0901-0728-TBI";
SampleType WAFER;
ResultTimestamp 01-15-26 07:31:22;
LotID "2850";
SampleSize 1 200;
DeviceID "None";
SetupID "T2-2850A" 01-15-26 07:31:22;
StepID "6298";
SampleOrientationMarkType NOTCH;
OrientationMarkLocation DOWN;
DiePitch 200000 200000;
DieOrigin 0 0;
WaferID "25";
Slot 25;
SampleCenterLocation 100000 100000;
ClassLookup 1
  0 "0"  ;
OrientationInstructions "Front";
CoordinatesMirrored No;
InspectionTest 1;
SampleTestPlan 1
  0 0 ;
AreaPerTest 2.85012e+010;
ClusterClassificationList 1
  1 200 ;
DefectRecordSpec 15 DEFECTID XREL YREL XINDEX YINDEX XSIZE YSIZE DEFECTAREA DSIZE CLASSNUMBER TEST CLUSTERNUMBER ROUGHBINNUMBER FINEBINNUMBER REVIEWSAMPLE ;
DefectList
 1 96738.000 84849.000 0 0 0.000 0.000 0.000 0.137 0 1 0 0 0 0
 2 114499.000 126736.000 0 0 0.000 0.000 0.000 0.124 0 1 0 0 0 0
 3 104875.000 130029.000 0 0 0.000 0.000 0.000 0.147 0 1 0 0 0 0
 4 89031.000 136737.000 0 0 0.000 0.000 0.000 0.133 0 1 0 0 0 0
 5 93369.000 142089.000 0 0 0.000 0.000 0.000 0.157 0 1 0 0 0 0
 6 129928.000 60522.000 0 0 0.000 0.000 0.000 200000.000 0 1 0 200 0 0
 7 90027.000 49407.000 0 0 0.000 0.000 0.000 0.203 0 1 0 0 0 0
 8 56102.000 65696.000 0 0 0.000 0.000 0.000 0.120 0 1 0 0 0 0
 9 40625.000 111331.000 0 0 0.000 0.000 0.000 0.122 0 1 0 0 0 0
 10 129303.000 45416.000 0 0 0.000 0.000 0.000 0.125 0 1 0 0 0 0
 11 57952.000 146559.000 0 0 0.000 0.000 0.000 0.294 0 1 0 0 0 0
 12 108897.000 163796.000 0 0 0.000 0.000 0.000 0.123 0 1 0 0 0 0
 13 42526.000 70554.000 0 0 0.000 0.000 0.000 0.125 0 1 0 0 0 0
 14 109642.000 164932.000 0 0 0.000 0.000 0.000 0.123 0 1 0 0 0 0
 15 112177.000 168987.000 0 0 0.000 0.000 0.000 0.164 0 1 0 0 0 0
 16 155018.000 53274.000 0 0 0.000 0.000 0.000 0.131 0 1 0 0 0 0
 17 171076.000 85103.000 0 0 0.000 0.000 0.000 0.345 0 1 0 0 0 0
 18 28121.000 84496.000 0 0 0.000 0.000 0.000 0.120 0 1 0 0 0 0
 19 117036.000 177187.000 0 0 0.000 0.000 0.000 0.157 0 1 0 0 0 0
 20 117638.000 178250.000 0 0 0.000 0.000 0.000 0.133 0 1 0 0 0 0
 21 118571.000 179902.000 0 0 0.000 0.000 0.000 0.179 0 1 0 0 0 0
 22 119464.000 181511.000 0 0 0.000 0.000 0.000 0.143 0 1 0 0 0 0
 23 59005.000 26098.000 0 0 0.000 0.000 0.000 0.130 0 1 0 0 0 0
 24 87738.000 12906.000 0 0 0.000 0.000 0.000 0.160 0 1 0 0 0 0
 25 121831.000 185872.000 0 0 0.000 0.000 0.000 0.134 0 1 0 0 0 0
 26 89936.000 188723.000 0 0 0.000 0.000 0.000 0.191 0 1 0 0 0 0
 27 79713.000 187479.000 0 0 0.000 0.000 0.000 0.172 0 1 0 0 0 0
 28 78578.000 187361.000 0 0 34.000 54.000 1836.000 42.848 0 1 1 200 0 0
 29 20771.000 143315.000 0 0 0.000 0.000 0.000 0.211 0 1 0 0 0 0
 30 74620.000 186980.000 0 0 0.000 0.000 0.000 0.123 0 1 0 0 0 0
 31 73686.000 186907.000 0 0 0.000 0.000 0.000 0.140 0 1 0 0 0 0
 32 78046.000 188496.000 0 0 36.000 54.000 1944.000 44.090 0 1 1 200 0 0
 33 77814.000 188237.000 0 0 36.000 54.000 1944.000 44.090 0 1 1 200 0 0
 34 67754.000 186466.000 0 0 0.000 0.000 0.000 0.154 0 1 0 0 0 0
 35 37205.000 32173.000 0 0 0.000 0.000 0.000 0.128 0 1 0 0 0 0
 36 65096.000 186315.000 0 0 0.000 0.000 0.000 0.358 0 1 0 0 0 0
 37 64107.000 186274.000 0 0 0.000 0.000 0.000 0.123 0 1 0 0 0 0
 38 62711.000 186186.000 0 0 0.000 0.000 0.000 0.120 0 1 0 0 0 0
 39 60144.000 186115.000 0 0 0.000 0.000 0.000 0.142 0 1 0 0 0 0
 40 59534.000 186100.000 0 0 0.000 0.000 0.000 0.126 0 1 0 0 0 0
 41 58483.000 186072.000 0 0 0.000 0.000 0.000 0.175 0 1 0 0 0 0
 42 125225.000 192434.000 0 0 0.000 0.000 0.000 0.177 0 1 0 0 0 0
 43 57841.000 186049.000 0 0 0.000 0.000 0.000 0.165 0 1 0 0 0 0
 44 35701.000 28015.000 0 0 0.000 0.000 0.000 0.122 0 1 0 0 0 0
 45 78046.000 187156.000 0 0 121.166 30.521 3698.187 60.812 0 1 1 200 0 0
 46 78183.000 187366.000 0 0 12.560 3.136 39.396 6.276 0 1 1 200 0 0
 47 78000.000 187320.000 0 0 146.501 36.910 5407.491 73.535 0 1 1 200 0 0
 48 77885.000 187290.000 0 0 50.208 12.720 638.689 25.272 0 1 1 200 0 0
 49 78044.000 187506.000 0 0 192.963 48.416 9342.668 96.657 0 1 1 200 0 0
 50 77828.000 187451.000 0 0 197.034 49.955 9843.013 99.211 0 1 1 200 0 0
 51 78076.000 187689.000 0 0 46.235 11.560 534.492 23.119 0 1 1 200 0 0
 52 77832.000 187628.000 0 0 432.667 109.456 47358.398 217.619 0 1 1 200 0 0
 53 77769.000 187787.000 0 0 467.120 118.294 55257.747 235.069 0 1 1 200 0 0
 54 77944.000 188007.000 0 0 295.318 74.013 21857.454 147.842 0 1 1 200 0 0
 55 77875.000 188164.000 0 0 232.451 58.336 13560.378 116.449 0 1 1 200 0 0
 56 77644.000 188106.000 0 0 25.344 6.430 162.985 12.766 0 1 1 200 0 0
 57 77769.000 188313.000 0 0 452.980 114.029 51653.235 227.273 0 1 1 200 0 0
 58 77836.000 188505.000 0 0 246.074 61.625 15164.450 123.144 0 1 1 200 0 0
 59 77634.000 188455.000 0 0 148.405 37.524 5568.906 74.625 0 1 1 200 0 0
 60 77842.000 188682.000 0 0 12.749 3.185 40.615 6.373 0 1 1 200 0 0
 61 77802.000 188672.000 0 0 42.504 10.640 452.265 21.266 0 1 1 200 0 0
 62 77745.000 188657.000 0 0 63.750 16.003 1020.230 31.941 0 1 1 200 0 0
 63 77634.000 188630.000 0 0 135.957 34.310 4664.758 68.299 0 1 1 200 0 0
 64 77541.000 188606.000 0 0 12.738 3.228 41.132 6.413 0 1 1 200 0 0
 65 77676.000 188816.000 0 0 42.573 10.700 455.572 21.344 0 1 1 200 0 0
 66 77614.000 188800.000 0 0 38.310 9.657 369.992 19.235 0 1 1 200 0 0;
ProcessEquipmentIDList 1
  "6448" ;
SummarySpec 5
  TESTNO    NDEFECT    DEFDENSITY    NDIE    NDEFDIE  ;
SummaryList 
  1    66    0.2316    1    1  ;
EndOfFile;
