FileVersion 1 2;
FileTimestamp 01-15-26 08:12:11;
InspectionStationID "KLA-Tencor" "SFSSP1" "0901-0728-TBI";
SampleType WAFER;
ResultTimestamp 01-15-26 08:01:26;
LotID "2850";
SampleSize 1 200;
DeviceID "None";
SetupID "T2-2850A" 01-15-26 08:01:26;
StepID "6298";
SampleOrientationMarkType NOTCH;
OrientationMarkLocation DOWN;
DiePitch 200000 200000;
DieOrigin 0 0;
WaferID "13";
Slot 13;
SampleCenterLocation 100000 100000;
ClassLookup 1
  0 "0"  ;
OrientationInstructions "Front";
CoordinatesMirrored No;
InspectionTest 1;
SampleTestPlan 1
  0 0 ;
AreaPerTest 2.85007e+010;
ClusterClassificationList 1
  1 200 ;
DefectRecordSpec 15 DEFECTID XREL YREL XINDEX YINDEX XSIZE YSIZE DEFECTAREA DSIZE CLASSNUMBER TEST CLUSTERNUMBER ROUGHBINNUMBER FINEBINNUMBER REVIEWSAMPLE ;
DefectList
 1 120540.000 97054.000 0 0 0.000 0.000 0.000 0.124 0 1 0 0 0 0
 2 102688.000 38629.000 0 0 0.000 0.000 0.000 0.121 0 1 0 0 0 0
 3 51578.000 147499.000 0 0 0.000 0.000 0.000 0.124 0 1 0 0 0 0
 4 69577.000 36795.000 0 0 0.000 0.000 0.000 0.131 0 1 0 0 0 0
 5 30931.000 136094.000 0 0 0.000 0.000 0.000 0.123 0 1 0 0 0 0
 6 67077.000 21639.000 0 0 0.000 0.000 0.000 0.166 0 1 0 0 0 0
 7 173298.000 143132.000 0 0 0.000 0.000 0.000 0.140 0 1 0 0 0 0
 8 183849.000 128554.000 0 0 0.000 0.000 0.000 0.122 0 1 0 0 0 0
 9 95513.000 188780.000 0 0 0.000 0.000 0.000 0.140 0 1 0 0 0 0
 10 11331.000 127968.000 0 0 0.000 0.000 0.000 0.311 0 1 0 0 0 0
 11 14654.000 138886.000 0 0 0.000 0.000 0.000 0.124 0 1 0 0 0 0
 12 49111.000 179694.000 0 0 0.000 0.000 0.000 0.214 0 1 0 0 0 0
 13 46040.000 178055.000 0 0 0.000 0.000 0.000 0.123 0 1 0 0 0 0
 14 8240.000 124783.000 0 0 0.000 0.000 0.000 0.122 0 1 0 0 0 0
 15 56871.000 185045.000 0 0 44.000 56.000 2464.000 49.638 0 1 1 200 0 0
 16 56714.000 185192.000 0 0 44.000 56.000 2464.000 49.638 0 1 1 200 0 0
 17 56600.000 185325.000 0 0 44.000 56.000 2464.000 49.638 0 1 1 200 0 0
 18 56528.000 185387.000 0 0 44.000 56.000 2464.000 49.638 0 1 1 200 0 0
 19 49548.000 182643.000 0 0 0.000 0.000 0.000 0.439 0 1 0 0 0 0
 20 57016.000 184774.000 0 0 52.833 26.788 1415.351 37.621 0 1 1 200 0 0
 21 56911.000 184911.000 0 0 109.907 55.774 6129.966 78.294 0 1 1 200 0 0
 22 56802.000 185046.000 0 0 126.384 64.196 8113.430 90.074 0 1 1 200 0 0
 23 56672.000 185170.000 0 0 110.242 56.083 6182.768 78.630 0 1 1 200 0 0
 24 56570.000 185310.000 0 0 77.696 39.554 3073.299 55.437 0 1 1 200 0 0;
ProcessEquipmentIDList 1
  "6448" ;
SummarySpec 5
  TESTNO    NDEFECT    DEFDENSITY    NDIE    NDEFDIE  ;
SummaryList 
  1    24    0.08421    1    1  ;
EndOfFile;
