FileVersion 1 2;
FileTimestamp 01-16-26 01:20:54;
InspectionStationID "KLA-Tencor" "SFSSP1" "0901-0728-TBI";
SampleType WAFER;
ResultTimestamp 01-16-26 01:05:39;
LotID "2850";
SampleSize 1 200;
DeviceID "None";
SetupID "T2-2850A" 01-16-26 01:05:39;
StepID "6505";
SampleOrientationMarkType NOTCH;
OrientationMarkLocation DOWN;
DiePitch 200000 200000;
DieOrigin 0 0;
WaferID "18";
Slot 18;
SampleCenterLocation 100000 100000;
ClassLookup 1
  0 "0"  ;
OrientationInstructions "Front";
CoordinatesMirrored No;
InspectionTest 1;
SampleTestPlan 1
  0 0 ;
AreaPerTest 2.85008e+010;
ClusterClassificationList 1
  1 200 ;
DefectRecordSpec 15 DEFECTID XREL YREL XINDEX YINDEX XSIZE YSIZE DEFECTAREA DSIZE CLASSNUMBER TEST CLUSTERNUMBER ROUGHBINNUMBER FINEBINNUMBER REVIEWSAMPLE ;
DefectList
 1 79317.000 96126.000 0 0 0.000 0.000 0.000 0.138 0 1 0 0 0 0
 2 81137.000 89686.000 0 0 0.000 0.000 0.000 0.188 0 1 0 0 0 0
 3 106885.000 60042.000 0 0 0.000 0.000 0.000 0.300 0 1 0 0 0 0
 4 78113.000 61487.000 0 0 0.000 0.000 0.000 200000.000 0 1 0 200 0 0
 5 23051.000 55548.000 0 0 0.000 0.000 0.000 0.133 0 1 0 0 0 0
 6 35153.000 35531.000 0 0 0.000 0.000 0.000 200000.000 0 1 0 200 0 0
 7 152214.000 178418.000 0 0 46.000 54.000 2484.000 49.839 0 1 1 200 0 0
 8 152615.000 178496.000 0 0 46.000 54.000 2484.000 49.839 0 1 1 200 0 0
 9 191263.000 75388.000 0 0 0.000 0.000 0.000 0.134 0 1 0 0 0 0
 10 151601.000 177498.000 0 0 100.307 66.788 6699.410 81.849 0 1 1 200 0 0
 11 151518.000 177554.000 0 0 14.871 9.878 146.904 12.120 0 1 1 200 0 0
 12 151743.000 177606.000 0 0 55.804 37.207 2076.346 45.566 0 1 1 200 0 0
 13 151676.000 177652.000 0 0 52.111 34.679 1807.216 42.511 0 1 1 200 0 0
 14 151567.000 177724.000 0 0 89.421 59.328 5305.230 72.837 0 1 1 200 0 0
 15 151473.000 177787.000 0 0 11.187 7.403 82.826 9.100 0 1 1 200 0 0
 16 151737.000 177814.000 0 0 346.909 230.652 80015.491 282.870 0 1 1 200 0 0
 17 151781.000 177989.000 0 0 471.062 312.760 147329.827 383.835 0 1 1 200 0 0
 18 151989.000 178057.000 0 0 157.154 104.671 16449.586 128.255 0 1 1 200 0 0
 19 151748.000 178217.000 0 0 11.249 7.442 83.728 9.150 0 1 1 200 0 0
 20 152274.000 178070.000 0 0 14.969 10.023 150.049 12.249 0 1 1 200 0 0
 21 152131.000 178166.000 0 0 262.292 174.931 45883.245 214.203 0 1 1 200 0 0
 22 152361.000 178216.000 0 0 14.997 10.040 150.581 12.271 0 1 1 200 0 0
 23 152094.000 178394.000 0 0 420.895 279.691 117720.826 343.104 0 1 1 200 0 0
 24 152447.000 178364.000 0 0 11.270 7.543 85.019 9.220 0 1 1 200 0 0
 25 152315.000 178452.000 0 0 214.363 142.947 30642.678 175.050 0 1 1 200 0 0
 26 152141.000 178568.000 0 0 120.522 79.984 9639.921 98.183 0 1 1 200 0 0
 27 152035.000 178638.000 0 0 30.157 19.955 601.809 24.531 0 1 1 200 0 0
 28 152351.000 178631.000 0 0 384.473 255.975 98415.649 313.712 0 1 1 200 0 0
 29 152567.000 178693.000 0 0 15.089 10.079 152.095 12.332 0 1 1 200 0 0
 30 152464.000 178760.000 0 0 105.715 70.420 7444.491 86.281 0 1 1 200 0 0
 31 152364.000 178828.000 0 0 52.901 35.140 1858.994 43.116 0 1 1 200 0 0;
ProcessEquipmentIDList 1
  "6489" ;
SummarySpec 5
  TESTNO    NDEFECT    DEFDENSITY    NDIE    NDEFDIE  ;
SummaryList 
  1    31    0.1088    1    1  ;
EndOfFile;
