FileVersion 1 2;
FileTimestamp 01-16-26 03:48:54;
InspectionStationID "KLA-Tencor" "SFSSP1" "0901-0728-TBI";
SampleType WAFER;
ResultTimestamp 01-16-26 03:35:08;
LotID "2580";
SampleSize 1 200;
DeviceID "None";
SetupID "T2-2580NR" 01-16-26 03:35:08;
StepID "6706P";
SampleOrientationMarkType NOTCH;
OrientationMarkLocation DOWN;
DiePitch 200000 200000;
DieOrigin 0 0;
WaferID "23";
Slot 23;
SampleCenterLocation 100000 100000;
ClassLookup 1
  0 "0"  ;
OrientationInstructions "Front";
CoordinatesMirrored No;
InspectionTest 1;
SampleTestPlan 1
  0 0 ;
AreaPerTest 2.73515e+010;
ClusterClassificationList 1
  1 210 ;
DefectRecordSpec 15 DEFECTID XREL YREL XINDEX YINDEX XSIZE YSIZE DEFECTAREA DSIZE CLASSNUMBER TEST CLUSTERNUMBER ROUGHBINNUMBER FINEBINNUMBER REVIEWSAMPLE ;
DefectList
 1 91422.000 100772.000 0 0 0.000 0.000 0.000 0.131 0 1 0 0 0 0
 2 90469.000 99159.000 0 0 0.000 0.000 0.000 0.135 0 1 0 0 0 0
 3 100479.000 88859.000 0 0 0.000 0.000 0.000 0.131 0 1 0 0 0 0
 4 87172.000 108259.000 0 0 0.000 0.000 0.000 0.132 0 1 0 0 0 0
 5 102641.000 117713.000 0 0 0.000 0.000 0.000 0.153 0 1 0 0 0 0
 6 97886.000 79098.000 0 0 0.000 0.000 0.000 0.133 0 1 0 0 0 0
 7 109219.000 79067.000 0 0 0.000 0.000 0.000 0.132 0 1 0 0 0 0
 8 78881.000 115918.000 0 0 0.000 0.000 0.000 0.130 0 1 0 0 0 0
 9 99538.000 127865.000 0 0 0.000 0.000 0.000 0.133 0 1 0 0 0 0
 10 98709.000 128516.000 0 0 0.000 0.000 0.000 0.143 0 1 0 0 0 0
 11 129766.000 100985.000 0 0 0.000 0.000 0.000 0.131 0 1 0 0 0 0
 12 81643.000 76154.000 0 0 0.000 0.000 0.000 0.153 0 1 0 0 0 0
 13 77108.000 79951.000 0 0 0.000 0.000 0.000 0.134 0 1 0 0 0 0
 14 77455.000 121210.000 0 0 0.000 0.000 0.000 0.144 0 1 0 0 0 0
 15 66344.000 96082.000 0 0 0.000 0.000 0.000 0.138 0 1 0 0 0 0
 16 66189.000 87213.000 0 0 0.000 0.000 0.000 0.146 0 1 0 0 0 0
 17 124997.000 126739.000 0 0 0.000 0.000 0.000 0.135 0 1 0 0 0 0
 18 93752.000 62056.000 0 0 0.000 0.000 0.000 0.135 0 1 0 0 0 0
 19 68320.000 75257.000 0 0 0.000 0.000 0.000 0.139 0 1 0 0 0 0
 20 109955.000 61164.000 0 0 0.000 0.000 0.000 0.143 0 1 0 0 0 0
 21 135738.000 78036.000 0 0 0.000 0.000 0.000 0.137 0 1 0 0 0 0
 22 122757.000 136598.000 0 0 0.000 0.000 0.000 0.139 0 1 0 0 0 0
 23 92496.000 142789.000 0 0 0.000 0.000 0.000 0.130 0 1 0 0 0 0
 24 60522.000 81476.000 0 0 0.000 0.000 0.000 0.147 0 1 0 0 0 0
 25 59636.000 117987.000 0 0 0.000 0.000 0.000 0.138 0 1 0 0 0 0
 26 119645.000 139698.000 0 0 0.000 0.000 0.000 0.132 0 1 0 0 0 0
 27 138271.000 77388.000 0 0 0.000 0.000 0.000 0.144 0 1 0 0 0 0
 28 65327.000 69095.000 0 0 0.000 0.000 0.000 0.139 0 1 0 0 0 0
 29 61043.000 74131.000 0 0 0.000 0.000 0.000 0.132 0 1 0 0 0 0
 30 123864.000 144056.000 0 0 0.000 0.000 0.000 0.136 0 1 0 0 0 0
 31 120505.000 54489.000 0 0 0.000 0.000 0.000 0.137 0 1 0 0 0 0
 32 105670.000 48986.000 0 0 0.000 0.000 0.000 0.134 0 1 0 0 0 0
 33 146933.000 125990.000 0 0 0.000 0.000 0.000 0.141 0 1 0 0 0 0
 34 62123.000 140510.000 0 0 0.000 0.000 0.000 0.153 0 1 0 0 0 0
 35 154218.000 111829.000 0 0 0.000 0.000 0.000 0.138 0 1 0 0 0 0
 36 68883.000 147327.000 0 0 0.000 0.000 0.000 0.142 0 1 0 0 0 0
 37 137532.000 143578.000 0 0 0.000 0.000 0.000 0.130 0 1 0 0 0 0
 38 73241.000 48432.000 0 0 0.000 0.000 0.000 0.132 0 1 0 0 0 0
 39 48755.000 131248.000 0 0 0.000 0.000 0.000 0.155 0 1 0 0 0 0
 40 43879.000 121049.000 0 0 0.000 0.000 0.000 0.173 0 1 0 0 0 0
 41 42545.000 118355.000 0 0 0.000 0.000 0.000 0.155 0 1 0 0 0 0
 42 157181.000 80834.000 0 0 0.000 0.000 0.000 0.131 0 1 0 0 0 0
 43 150640.000 133418.000 0 0 0.000 0.000 0.000 0.131 0 1 0 0 0 0
 44 41569.000 116513.000 0 0 0.000 0.000 0.000 0.157 0 1 0 0 0 0
 45 137460.000 147914.000 0 0 0.000 0.000 0.000 0.216 0 1 0 0 0 0
 46 51115.000 136857.000 0 0 0.000 0.000 0.000 0.138 0 1 0 0 0 0
 47 43552.000 124026.000 0 0 0.000 0.000 0.000 0.134 0 1 0 0 0 0
 48 162756.000 103523.000 0 0 0.000 0.000 0.000 0.130 0 1 0 0 0 0
 49 42234.000 126889.000 0 0 0.000 0.000 0.000 0.130 0 1 0 0 0 0
 50 157222.000 133657.000 0 0 0.000 0.000 0.000 0.133 0 1 0 0 0 0
 51 77876.000 37240.000 0 0 0.000 0.000 0.000 0.130 0 1 0 0 0 0
 52 120847.000 164157.000 0 0 0.000 0.000 0.000 0.139 0 1 0 0 0 0
 53 42290.000 135740.000 0 0 0.000 0.000 0.000 0.135 0 1 0 0 0 0
 54 147784.000 50839.000 0 0 0.000 0.000 0.000 0.144 0 1 0 0 0 0
 55 160255.000 133134.000 0 0 0.000 0.000 0.000 0.147 0 1 0 0 0 0
 56 50402.000 151050.000 0 0 0.000 0.000 0.000 0.149 0 1 0 0 0 0
 57 30634.000 68905.000 0 0 0.000 0.000 0.000 0.160 0 1 0 0 0 0
 58 172438.000 69952.000 0 0 0.000 0.000 0.000 0.172 0 1 0 0 0 0
 59 27680.000 69224.000 0 0 0.000 0.000 0.000 0.172 0 1 0 0 0 0
 60 27443.000 69250.000 0 0 56.000 42.000 2352.000 48.497 0 1 1 210 0 0
 61 26326.000 69381.000 0 0 56.000 42.000 2352.000 48.497 0 1 1 210 0 0
 62 25897.000 69421.000 0 0 56.000 42.000 2352.000 48.497 0 1 1 210 0 0
 63 25477.000 69477.000 0 0 56.000 42.000 2352.000 48.497 0 1 1 210 0 0
 64 25229.000 69512.000 0 0 56.000 42.000 2352.000 48.497 0 1 1 210 0 0
 65 24689.000 69573.000 0 0 56.000 42.000 2352.000 48.497 0 1 1 210 0 0
 66 23947.000 69665.000 0 0 56.000 42.000 2352.000 48.497 0 1 1 210 0 0
 67 23583.000 69705.000 0 0 56.000 42.000 2352.000 48.497 0 1 1 210 0 0
 68 23317.000 69739.000 0 0 56.000 42.000 2352.000 48.497 0 1 1 210 0 0
 69 63660.000 174477.000 0 0 0.000 0.000 0.000 0.134 0 1 0 0 0 0
 70 23010.000 69783.000 0 0 56.000 42.000 2352.000 48.497 0 1 1 210 0 0
 71 182860.000 90854.000 0 0 0.000 0.000 0.000 0.147 0 1 0 0 0 0
 72 17312.000 79835.000 0 0 0.000 0.000 0.000 0.137 0 1 0 0 0 0
 73 11256.000 72004.000 0 0 0.000 0.000 0.000 0.131 0 1 0 0 0 0;
ProcessEquipmentIDList 1
  "R420" ;
SummarySpec 5
  TESTNO    NDEFECT    DEFDENSITY    NDIE    NDEFDIE  ;
SummaryList 
  1    73    0.2669    1    1  ;
EndOfFile;
