FileVersion 1 2;
FileTimestamp 01-16-26 22:58:14;
InspectionStationID "KLA-Tencor" "SFSSP1" "0901-0728-TBI";
SampleType WAFER;
ResultTimestamp 01-16-26 22:41:22;
LotID "2580";
SampleSize 1 200;
DeviceID "None";
SetupID "T2-2580NR" 01-16-26 22:41:22;
StepID "6703";
SampleOrientationMarkType NOTCH;
OrientationMarkLocation DOWN;
DiePitch 200000 200000;
DieOrigin 0 0;
WaferID "25";
Slot 25;
SampleCenterLocation 100000 100000;
ClassLookup 1
  0 "0"  ;
OrientationInstructions "Front";
CoordinatesMirrored No;
InspectionTest 1;
SampleTestPlan 1
  0 0 ;
AreaPerTest 2.73516e+010;
DefectRecordSpec 15 DEFECTID XREL YREL XINDEX YINDEX XSIZE YSIZE DEFECTAREA DSIZE CLASSNUMBER TEST CLUSTERNUMBER ROUGHBINNUMBER FINEBINNUMBER REVIEWSAMPLE ;
DefectList
 1 92542.000 99522.000 0 0 0.000 0.000 0.000 0.141 0 1 0 0 0 0
 2 93381.000 93938.000 0 0 0.000 0.000 0.000 0.139 0 1 0 0 0 0
 3 98678.000 90644.000 0 0 0.000 0.000 0.000 0.148 0 1 0 0 0 0
 4 103783.000 109205.000 0 0 0.000 0.000 0.000 0.139 0 1 0 0 0 0
 5 89872.000 99791.000 0 0 0.000 0.000 0.000 0.159 0 1 0 0 0 0
 6 109605.000 93893.000 0 0 0.000 0.000 0.000 0.138 0 1 0 0 0 0
 7 104719.000 88032.000 0 0 0.000 0.000 0.000 0.136 0 1 0 0 0 0
 8 104342.000 87405.000 0 0 0.000 0.000 0.000 0.143 0 1 0 0 0 0
 9 105604.000 88073.000 0 0 0.000 0.000 0.000 0.149 0 1 0 0 0 0
 10 112442.000 93655.000 0 0 0.000 0.000 0.000 0.145 0 1 0 0 0 0
 11 94083.000 113347.000 0 0 0.000 0.000 0.000 0.141 0 1 0 0 0 0
 12 89831.000 110593.000 0 0 0.000 0.000 0.000 0.134 0 1 0 0 0 0
 13 87772.000 90999.000 0 0 0.000 0.000 0.000 0.150 0 1 0 0 0 0
 14 99767.000 84533.000 0 0 0.000 0.000 0.000 0.138 0 1 0 0 0 0
 15 104404.000 85092.000 0 0 0.000 0.000 0.000 0.134 0 1 0 0 0 0
 16 104213.000 84899.000 0 0 0.000 0.000 0.000 0.130 0 1 0 0 0 0
 17 106809.000 85945.000 0 0 0.000 0.000 0.000 0.130 0 1 0 0 0 0
 18 111981.000 87624.000 0 0 0.000 0.000 0.000 0.142 0 1 0 0 0 0
 19 85514.000 90607.000 0 0 0.000 0.000 0.000 0.155 0 1 0 0 0 0
 20 100171.000 82157.000 0 0 0.000 0.000 0.000 0.135 0 1 0 0 0 0
 21 82351.000 100148.000 0 0 0.000 0.000 0.000 0.141 0 1 0 0 0 0
 22 116518.000 90182.000 0 0 0.000 0.000 0.000 0.156 0 1 0 0 0 0
 23 86258.000 86575.000 0 0 0.000 0.000 0.000 0.135 0 1 0 0 0 0
 24 99667.000 119188.000 0 0 0.000 0.000 0.000 0.135 0 1 0 0 0 0
 25 86300.000 85786.000 0 0 0.000 0.000 0.000 0.137 0 1 0 0 0 0
 26 86723.000 85410.000 0 0 0.000 0.000 0.000 0.136 0 1 0 0 0 0
 27 112653.000 84378.000 0 0 0.000 0.000 0.000 0.131 0 1 0 0 0 0
 28 116010.000 87868.000 0 0 0.000 0.000 0.000 0.130 0 1 0 0 0 0
 29 92509.000 81336.000 0 0 0.000 0.000 0.000 0.140 0 1 0 0 0 0
 30 95232.000 119494.000 0 0 0.000 0.000 0.000 0.146 0 1 0 0 0 0
 31 121591.000 97187.000 0 0 0.000 0.000 0.000 200000.000 0 1 0 200 0 0
 32 80058.000 107739.000 0 0 0.000 0.000 0.000 0.134 0 1 0 0 0 0
 33 86477.000 82750.000 0 0 0.000 0.000 0.000 0.134 0 1 0 0 0 0
 34 112431.000 118597.000 0 0 0.000 0.000 0.000 0.143 0 1 0 0 0 0
 35 105387.000 77687.000 0 0 0.000 0.000 0.000 0.145 0 1 0 0 0 0
 36 115740.000 116349.000 0 0 0.000 0.000 0.000 0.150 0 1 0 0 0 0
 37 76804.000 97630.000 0 0 0.000 0.000 0.000 0.132 0 1 0 0 0 0
 38 97301.000 76209.000 0 0 0.000 0.000 0.000 0.142 0 1 0 0 0 0
 39 123595.000 104389.000 0 0 0.000 0.000 0.000 0.145 0 1 0 0 0 0
 40 110319.000 77937.000 0 0 0.000 0.000 0.000 0.133 0 1 0 0 0 0
 41 123614.000 105233.000 0 0 0.000 0.000 0.000 0.154 0 1 0 0 0 0
 42 116832.000 82142.000 0 0 0.000 0.000 0.000 0.142 0 1 0 0 0 0
 43 76180.000 94367.000 0 0 0.000 0.000 0.000 0.144 0 1 0 0 0 0
 44 116711.000 81684.000 0 0 0.000 0.000 0.000 0.130 0 1 0 0 0 0
 45 75781.000 93675.000 0 0 0.000 0.000 0.000 0.136 0 1 0 0 0 0
 46 101126.000 74829.000 0 0 0.000 0.000 0.000 0.130 0 1 0 0 0 0
 47 118001.000 82351.000 0 0 0.000 0.000 0.000 0.156 0 1 0 0 0 0
 48 106526.000 75361.000 0 0 0.000 0.000 0.000 0.144 0 1 0 0 0 0
 49 74604.000 98661.000 0 0 0.000 0.000 0.000 0.134 0 1 0 0 0 0
 50 122773.000 87678.000 0 0 0.000 0.000 0.000 0.155 0 1 0 0 0 0
 51 124961.000 93176.000 0 0 0.000 0.000 0.000 0.141 0 1 0 0 0 0
 52 108854.000 124443.000 0 0 0.000 0.000 0.000 0.139 0 1 0 0 0 0
 53 107395.000 74584.000 0 0 0.000 0.000 0.000 0.143 0 1 0 0 0 0
 54 91608.000 124689.000 0 0 0.000 0.000 0.000 0.132 0 1 0 0 0 0
 55 74200.000 94525.000 0 0 0.000 0.000 0.000 0.134 0 1 0 0 0 0
 56 98837.000 126976.000 0 0 0.000 0.000 0.000 0.148 0 1 0 0 0 0
 57 118906.000 119702.000 0 0 0.000 0.000 0.000 0.137 0 1 0 0 0 0
 58 89583.000 124993.000 0 0 0.000 0.000 0.000 0.156 0 1 0 0 0 0
 59 124079.000 85658.000 0 0 0.000 0.000 0.000 0.153 0 1 0 0 0 0
 60 96162.000 127472.000 0 0 0.000 0.000 0.000 0.135 0 1 0 0 0 0
 61 109240.000 73286.000 0 0 0.000 0.000 0.000 0.134 0 1 0 0 0 0
 62 117414.000 121831.000 0 0 0.000 0.000 0.000 0.137 0 1 0 0 0 0
 63 127336.000 92726.000 0 0 0.000 0.000 0.000 0.131 0 1 0 0 0 0
 64 120042.000 119682.000 0 0 0.000 0.000 0.000 0.148 0 1 0 0 0 0
 65 91305.000 72900.000 0 0 0.000 0.000 0.000 0.149 0 1 0 0 0 0
 66 91540.000 126916.000 0 0 0.000 0.000 0.000 0.135 0 1 0 0 0 0
 67 110736.000 126128.000 0 0 0.000 0.000 0.000 0.160 0 1 0 0 0 0
 68 80837.000 78417.000 0 0 0.000 0.000 0.000 0.174 0 1 0 0 0 0
 69 122354.000 81130.000 0 0 0.000 0.000 0.000 0.153 0 1 0 0 0 0
 70 106374.000 71400.000 0 0 0.000 0.000 0.000 0.157 0 1 0 0 0 0
 71 119007.000 122077.000 0 0 0.000 0.000 0.000 0.142 0 1 0 0 0 0
 72 72013.000 90200.000 0 0 0.000 0.000 0.000 0.138 0 1 0 0 0 0
 73 121037.000 120947.000 0 0 0.000 0.000 0.000 0.143 0 1 0 0 0 0
 74 129939.000 97071.000 0 0 0.000 0.000 0.000 0.138 0 1 0 0 0 0
 75 85778.000 72802.000 0 0 0.000 0.000 0.000 0.143 0 1 0 0 0 0
 76 127095.000 115202.000 0 0 0.000 0.000 0.000 0.141 0 1 0 0 0 0
 77 73707.000 116482.000 0 0 0.000 0.000 0.000 0.162 0 1 0 0 0 0
 78 118749.000 125486.000 0 0 0.000 0.000 0.000 0.148 0 1 0 0 0 0
 79 116685.000 72599.000 0 0 0.000 0.000 0.000 0.153 0 1 0 0 0 0
 80 71676.000 114307.000 0 0 0.000 0.000 0.000 0.145 0 1 0 0 0 0
 81 89597.000 130168.000 0 0 0.000 0.000 0.000 0.137 0 1 0 0 0 0
 82 132253.000 106039.000 0 0 0.000 0.000 0.000 0.140 0 1 0 0 0 0
 83 69234.000 111814.000 0 0 0.000 0.000 0.000 0.136 0 1 0 0 0 0
 84 110514.000 67424.000 0 0 0.000 0.000 0.000 0.131 0 1 0 0 0 0
 85 133725.000 91931.000 0 0 0.000 0.000 0.000 0.130 0 1 0 0 0 0
 86 107633.000 65769.000 0 0 0.000 0.000 0.000 0.136 0 1 0 0 0 0
 87 109307.000 66253.000 0 0 0.000 0.000 0.000 0.142 0 1 0 0 0 0
 88 83033.000 69039.000 0 0 0.000 0.000 0.000 0.138 0 1 0 0 0 0
 89 132110.000 115418.000 0 0 0.000 0.000 0.000 0.138 0 1 0 0 0 0
 90 125217.000 125021.000 0 0 0.000 0.000 0.000 0.135 0 1 0 0 0 0
 91 105567.000 135309.000 0 0 0.000 0.000 0.000 0.136 0 1 0 0 0 0
 92 76891.000 127013.000 0 0 0.000 0.000 0.000 0.130 0 1 0 0 0 0
 93 136894.000 98685.000 0 0 0.000 0.000 0.000 0.151 0 1 0 0 0 0
 94 126228.000 125809.000 0 0 0.000 0.000 0.000 0.162 0 1 0 0 0 0
 95 65756.000 86246.000 0 0 0.000 0.000 0.000 0.141 0 1 0 0 0 0
 96 83016.000 66915.000 0 0 0.000 0.000 0.000 0.144 0 1 0 0 0 0
 97 91820.000 63813.000 0 0 0.000 0.000 0.000 0.160 0 1 0 0 0 0
 98 87151.000 134915.000 0 0 0.000 0.000 0.000 0.131 0 1 0 0 0 0
 99 105009.000 62526.000 0 0 0.000 0.000 0.000 0.143 0 1 0 0 0 0
 100 133931.000 115808.000 0 0 0.000 0.000 0.000 0.130 0 1 0 0 0 0
 101 135014.000 85569.000 0 0 0.000 0.000 0.000 0.140 0 1 0 0 0 0
 102 137575.000 97101.000 0 0 0.000 0.000 0.000 0.161 0 1 0 0 0 0
 103 64536.000 86858.000 0 0 0.000 0.000 0.000 0.160 0 1 0 0 0 0
 104 62465.000 94365.000 0 0 0.000 0.000 0.000 0.200 0 1 0 0 0 0
 105 126105.000 127884.000 0 0 0.000 0.000 0.000 0.137 0 1 0 0 0 0
 106 138247.000 95672.000 0 0 0.000 0.000 0.000 0.131 0 1 0 0 0 0
 107 117876.000 133745.000 0 0 0.000 0.000 0.000 0.135 0 1 0 0 0 0
 108 112858.000 136391.000 0 0 0.000 0.000 0.000 0.133 0 1 0 0 0 0
 109 131387.000 122728.000 0 0 0.000 0.000 0.000 0.145 0 1 0 0 0 0
 110 138301.000 108166.000 0 0 0.000 0.000 0.000 0.136 0 1 0 0 0 0
 111 77256.000 131536.000 0 0 0.000 0.000 0.000 0.136 0 1 0 0 0 0
 112 62999.000 112286.000 0 0 0.000 0.000 0.000 0.161 0 1 0 0 0 0
 113 84853.000 135940.000 0 0 0.000 0.000 0.000 0.154 0 1 0 0 0 0
 114 64437.000 116213.000 0 0 0.000 0.000 0.000 0.132 0 1 0 0 0 0
 115 101582.000 60395.000 0 0 0.000 0.000 0.000 0.134 0 1 0 0 0 0
 116 65286.000 80618.000 0 0 0.000 0.000 0.000 0.137 0 1 0 0 0 0
 117 93644.000 60228.000 0 0 0.000 0.000 0.000 0.138 0 1 0 0 0 0
 118 101055.000 59694.000 0 0 0.000 0.000 0.000 0.147 0 1 0 0 0 0
 119 134058.000 78437.000 0 0 0.000 0.000 0.000 0.151 0 1 0 0 0 0
 120 117484.000 63493.000 0 0 0.000 0.000 0.000 0.134 0 1 0 0 0 0
 121 137101.000 83664.000 0 0 0.000 0.000 0.000 0.141 0 1 0 0 0 0
 122 71855.000 128783.000 0 0 0.000 0.000 0.000 0.132 0 1 0 0 0 0
 123 92352.000 139715.000 0 0 0.000 0.000 0.000 0.146 0 1 0 0 0 0
 124 140336.000 106977.000 0 0 0.000 0.000 0.000 0.141 0 1 0 0 0 0
 125 77358.000 133792.000 0 0 0.000 0.000 0.000 0.143 0 1 0 0 0 0
 126 138487.000 85133.000 0 0 0.000 0.000 0.000 0.143 0 1 0 0 0 0
 127 79204.000 64217.000 0 0 0.000 0.000 0.000 0.143 0 1 0 0 0 0
 128 97970.000 58656.000 0 0 0.000 0.000 0.000 0.134 0 1 0 0 0 0
 129 86088.000 60393.000 0 0 0.000 0.000 0.000 0.149 0 1 0 0 0 0
 130 77731.000 64111.000 0 0 0.000 0.000 0.000 0.156 0 1 0 0 0 0
 131 137836.000 118483.000 0 0 0.000 0.000 0.000 0.150 0 1 0 0 0 0
 132 92000.000 141279.000 0 0 0.000 0.000 0.000 0.140 0 1 0 0 0 0
 133 58049.000 93384.000 0 0 0.000 0.000 0.000 0.137 0 1 0 0 0 0
 134 82936.000 139069.000 0 0 0.000 0.000 0.000 0.141 0 1 0 0 0 0
 135 103219.000 142553.000 0 0 0.000 0.000 0.000 0.153 0 1 0 0 0 0
 136 95924.000 56676.000 0 0 0.000 0.000 0.000 0.135 0 1 0 0 0 0
 137 67031.000 71688.000 0 0 0.000 0.000 0.000 0.141 0 1 0 0 0 0
 138 64157.000 124858.000 0 0 0.000 0.000 0.000 0.138 0 1 0 0 0 0
 139 91941.000 56670.000 0 0 0.000 0.000 0.000 0.154 0 1 0 0 0 0
 140 138753.000 120976.000 0 0 0.000 0.000 0.000 0.144 0 1 0 0 0 0
 141 144060.000 105632.000 0 0 0.000 0.000 0.000 0.148 0 1 0 0 0 0
 142 129939.000 132608.000 0 0 0.000 0.000 0.000 0.152 0 1 0 0 0 0
 143 63642.000 74009.000 0 0 0.000 0.000 0.000 0.145 0 1 0 0 0 0
 144 64104.000 73006.000 0 0 0.000 0.000 0.000 0.140 0 1 0 0 0 0
 145 76959.000 61415.000 0 0 0.000 0.000 0.000 0.150 0 1 0 0 0 0
 146 91098.000 144102.000 0 0 0.000 0.000 0.000 0.130 0 1 0 0 0 0
 147 84805.000 142286.000 0 0 0.000 0.000 0.000 0.138 0 1 0 0 0 0
 148 73628.000 136506.000 0 0 0.000 0.000 0.000 0.130 0 1 0 0 0 0
 149 145333.000 103643.000 0 0 0.000 0.000 0.000 0.139 0 1 0 0 0 0
 150 102201.000 145152.000 0 0 0.000 0.000 0.000 0.134 0 1 0 0 0 0
 151 119967.000 58691.000 0 0 0.000 0.000 0.000 0.161 0 1 0 0 0 0
 152 130541.000 65715.000 0 0 0.000 0.000 0.000 0.132 0 1 0 0 0 0
 153 78174.000 59417.000 0 0 0.000 0.000 0.000 0.144 0 1 0 0 0 0
 154 138845.000 125029.000 0 0 0.000 0.000 0.000 0.135 0 1 0 0 0 0
 155 129690.000 135364.000 0 0 0.000 0.000 0.000 0.145 0 1 0 0 0 0
 156 143737.000 84280.000 0 0 0.000 0.000 0.000 0.134 0 1 0 0 0 0
 157 114648.000 54362.000 0 0 0.000 0.000 0.000 0.131 0 1 0 0 0 0
 158 126870.000 60072.000 0 0 0.000 0.000 0.000 0.152 0 1 0 0 0 0
 159 141612.000 75469.000 0 0 0.000 0.000 0.000 0.138 0 1 0 0 0 0
 160 147793.000 93831.000 0 0 0.000 0.000 0.000 0.155 0 1 0 0 0 0
 161 55048.000 82421.000 0 0 0.000 0.000 0.000 0.138 0 1 0 0 0 0
 162 72837.000 59817.000 0 0 0.000 0.000 0.000 0.164 0 1 0 0 0 0
 163 52170.000 108280.000 0 0 0.000 0.000 0.000 0.130 0 1 0 0 0 0
 164 139878.000 127959.000 0 0 0.000 0.000 0.000 0.132 0 1 0 0 0 0
 165 54188.000 82468.000 0 0 0.000 0.000 0.000 0.157 0 1 0 0 0 0
 166 141522.000 73360.000 0 0 0.000 0.000 0.000 0.135 0 1 0 0 0 0
 167 133806.000 135924.000 0 0 0.000 0.000 0.000 0.135 0 1 0 0 0 0
 168 128921.000 140249.000 0 0 0.000 0.000 0.000 0.135 0 1 0 0 0 0
 169 50815.000 93132.000 0 0 0.000 0.000 0.000 0.130 0 1 0 0 0 0
 170 88978.000 148334.000 0 0 0.000 0.000 0.000 0.130 0 1 0 0 0 0
 171 50425.000 95954.000 0 0 0.000 0.000 0.000 0.147 0 1 0 0 0 0
 172 145320.000 121336.000 0 0 0.000 0.000 0.000 0.132 0 1 0 0 0 0
 173 128057.000 141483.000 0 0 0.000 0.000 0.000 0.138 0 1 0 0 0 0
 174 92285.000 149222.000 0 0 0.000 0.000 0.000 0.131 0 1 0 0 0 0
 175 65758.000 62861.000 0 0 0.000 0.000 0.000 0.141 0 1 0 0 0 0
 176 150002.000 90381.000 0 0 0.000 0.000 0.000 0.144 0 1 0 0 0 0
 177 131823.000 59730.000 0 0 0.000 0.000 0.000 0.141 0 1 0 0 0 0
 178 57325.000 127927.000 0 0 0.000 0.000 0.000 0.150 0 1 0 0 0 0
 179 73762.000 55863.000 0 0 0.000 0.000 0.000 0.134 0 1 0 0 0 0
 180 149544.000 85934.000 0 0 0.000 0.000 0.000 0.133 0 1 0 0 0 0
 181 118634.000 51637.000 0 0 0.000 0.000 0.000 0.132 0 1 0 0 0 0
 182 125643.000 144761.000 0 0 0.000 0.000 0.000 0.132 0 1 0 0 0 0
 183 68683.000 58387.000 0 0 0.000 0.000 0.000 0.140 0 1 0 0 0 0
 184 134289.000 60460.000 0 0 0.000 0.000 0.000 0.153 0 1 0 0 0 0
 185 151337.000 113391.000 0 0 0.000 0.000 0.000 0.135 0 1 0 0 0 0
 186 110363.000 47710.000 0 0 0.000 0.000 0.000 0.136 0 1 0 0 0 0
 187 86587.000 48099.000 0 0 0.000 0.000 0.000 0.142 0 1 0 0 0 0
 188 54801.000 128537.000 0 0 0.000 0.000 0.000 0.131 0 1 0 0 0 0
 189 63714.000 60157.000 0 0 0.000 0.000 0.000 0.132 0 1 0 0 0 0
 190 149325.000 78138.000 0 0 0.000 0.000 0.000 0.173 0 1 0 0 0 0
 191 77940.000 50548.000 0 0 0.000 0.000 0.000 0.132 0 1 0 0 0 0
 192 58022.000 65622.000 0 0 0.000 0.000 0.000 0.138 0 1 0 0 0 0
 193 116396.000 151495.000 0 0 0.000 0.000 0.000 0.135 0 1 0 0 0 0
 194 87118.000 47109.000 0 0 0.000 0.000 0.000 0.131 0 1 0 0 0 0
 195 154224.000 93400.000 0 0 0.000 0.000 0.000 0.139 0 1 0 0 0 0
 196 75871.000 148779.000 0 0 0.000 0.000 0.000 0.136 0 1 0 0 0 0
 197 136909.000 59423.000 0 0 0.000 0.000 0.000 0.133 0 1 0 0 0 0
 198 121565.000 49201.000 0 0 0.000 0.000 0.000 0.131 0 1 0 0 0 0
 199 73775.000 148122.000 0 0 0.000 0.000 0.000 0.139 0 1 0 0 0 0
 200 151739.000 80626.000 0 0 0.000 0.000 0.000 0.159 0 1 0 0 0 0
 201 96125.000 154813.000 0 0 0.000 0.000 0.000 0.135 0 1 0 0 0 0
 202 155391.000 93550.000 0 0 0.000 0.000 0.000 0.141 0 1 0 0 0 0
 203 155659.000 104215.000 0 0 0.000 0.000 0.000 0.135 0 1 0 0 0 0
 204 145168.000 66904.000 0 0 0.000 0.000 0.000 0.133 0 1 0 0 0 0
 205 150991.000 122873.000 0 0 0.000 0.000 0.000 0.135 0 1 0 0 0 0
 206 67474.000 54338.000 0 0 0.000 0.000 0.000 0.151 0 1 0 0 0 0
 207 123268.000 48834.000 0 0 0.000 0.000 0.000 0.134 0 1 0 0 0 0
 208 155434.000 89352.000 0 0 0.000 0.000 0.000 0.149 0 1 0 0 0 0
 209 75188.000 48305.000 0 0 0.000 0.000 0.000 0.162 0 1 0 0 0 0
 210 149639.000 128742.000 0 0 0.000 0.000 0.000 0.131 0 1 0 0 0 0
 211 42576.000 93577.000 0 0 0.000 0.000 0.000 0.130 0 1 0 0 0 0
 212 136187.000 145847.000 0 0 0.000 0.000 0.000 0.136 0 1 0 0 0 0
 213 54420.000 63226.000 0 0 0.000 0.000 0.000 0.154 0 1 0 0 0 0
 214 41695.000 106275.000 0 0 0.000 0.000 0.000 0.136 0 1 0 0 0 0
 215 45565.000 77080.000 0 0 0.000 0.000 0.000 0.135 0 1 0 0 0 0
 216 80635.000 43925.000 0 0 0.000 0.000 0.000 0.136 0 1 0 0 0 0
 217 47994.000 128646.000 0 0 0.000 0.000 0.000 0.138 0 1 0 0 0 0
 218 85260.000 157619.000 0 0 0.000 0.000 0.000 0.133 0 1 0 0 0 0
 219 80410.000 156225.000 0 0 0.000 0.000 0.000 0.133 0 1 0 0 0 0
 220 158841.000 87422.000 0 0 0.000 0.000 0.000 0.146 0 1 0 0 0 0
 221 50686.000 134050.000 0 0 0.000 0.000 0.000 0.139 0 1 0 0 0 0
 222 66138.000 50083.000 0 0 0.000 0.000 0.000 0.140 0 1 0 0 0 0
 223 160412.000 95642.000 0 0 0.000 0.000 0.000 0.137 0 1 0 0 0 0
 224 141778.000 55854.000 0 0 0.000 0.000 0.000 0.156 0 1 0 0 0 0
 225 160444.000 105834.000 0 0 0.000 0.000 0.000 0.136 0 1 0 0 0 0
 226 108436.000 160427.000 0 0 0.000 0.000 0.000 0.131 0 1 0 0 0 0
 227 93142.000 161165.000 0 0 0.000 0.000 0.000 0.131 0 1 0 0 0 0
 228 46355.000 130415.000 0 0 0.000 0.000 0.000 0.141 0 1 0 0 0 0
 229 133717.000 47735.000 0 0 0.000 0.000 0.000 0.142 0 1 0 0 0 0
 230 88757.000 38549.000 0 0 0.000 0.000 0.000 0.137 0 1 0 0 0 0
 231 109469.000 38264.000 0 0 0.000 0.000 0.000 0.130 0 1 0 0 0 0
 232 74460.000 42434.000 0 0 0.000 0.000 0.000 0.141 0 1 0 0 0 0
 233 47247.000 133860.000 0 0 0.000 0.000 0.000 0.131 0 1 0 0 0 0
 234 39171.000 84043.000 0 0 0.000 0.000 0.000 0.144 0 1 0 0 0 0
 235 82501.000 160885.000 0 0 0.000 0.000 0.000 0.134 0 1 0 0 0 0
 236 39729.000 78673.000 0 0 0.000 0.000 0.000 0.147 0 1 0 0 0 0
 237 68931.000 43653.000 0 0 0.000 0.000 0.000 0.132 0 1 0 0 0 0
 238 162093.000 116304.000 0 0 0.000 0.000 0.000 0.137 0 1 0 0 0 0
 239 39752.000 122064.000 0 0 0.000 0.000 0.000 0.148 0 1 0 0 0 0
 240 57614.000 148357.000 0 0 0.000 0.000 0.000 0.143 0 1 0 0 0 0
 241 104691.000 164314.000 0 0 0.000 0.000 0.000 0.151 0 1 0 0 0 0
 242 130503.000 42378.000 0 0 0.000 0.000 0.000 0.130 0 1 0 0 0 0
 243 98749.000 164835.000 0 0 0.000 0.000 0.000 0.148 0 1 0 0 0 0
 244 35026.000 105041.000 0 0 0.000 0.000 0.000 0.134 0 1 0 0 0 0
 245 154186.000 136952.000 0 0 0.000 0.000 0.000 0.137 0 1 0 0 0 0
 246 49624.000 142061.000 0 0 0.000 0.000 0.000 0.130 0 1 0 0 0 0
 247 35668.000 114247.000 0 0 0.000 0.000 0.000 0.131 0 1 0 0 0 0
 248 155205.000 63234.000 0 0 0.000 0.000 0.000 0.132 0 1 0 0 0 0
 249 49746.000 142653.000 0 0 0.000 0.000 0.000 0.162 0 1 0 0 0 0
 250 33923.000 94492.000 0 0 0.000 0.000 0.000 0.133 0 1 0 0 0 0
 251 41051.000 131306.000 0 0 0.000 0.000 0.000 0.139 0 1 0 0 0 0
 252 130987.000 40160.000 0 0 0.000 0.000 0.000 0.133 0 1 0 0 0 0
 253 36389.000 120961.000 0 0 0.000 0.000 0.000 0.140 0 1 0 0 0 0
 254 32939.000 98274.000 0 0 0.000 0.000 0.000 0.131 0 1 0 0 0 0
 255 54274.000 50543.000 0 0 0.000 0.000 0.000 0.142 0 1 0 0 0 0
 256 92612.000 166626.000 0 0 0.000 0.000 0.000 0.139 0 1 0 0 0 0
 257 64855.000 157057.000 0 0 0.000 0.000 0.000 0.133 0 1 0 0 0 0
 258 58575.000 46739.000 0 0 0.000 0.000 0.000 0.142 0 1 0 0 0 0
 259 48393.000 56184.000 0 0 0.000 0.000 0.000 0.144 0 1 0 0 0 0
 260 120532.000 35199.000 0 0 0.000 0.000 0.000 0.152 0 1 0 0 0 0
 261 162637.000 125788.000 0 0 0.000 0.000 0.000 0.160 0 1 0 0 0 0
 262 44376.000 138516.000 0 0 0.000 0.000 0.000 0.131 0 1 0 0 0 0
 263 130371.000 160727.000 0 0 0.000 0.000 0.000 0.141 0 1 0 0 0 0
 264 105087.000 167761.000 0 0 0.000 0.000 0.000 0.140 0 1 0 0 0 0
 265 38246.000 128995.000 0 0 0.000 0.000 0.000 0.137 0 1 0 0 0 0
 266 34813.000 119744.000 0 0 0.000 0.000 0.000 0.131 0 1 0 0 0 0
 267 144457.000 152150.000 0 0 0.000 0.000 0.000 0.139 0 1 0 0 0 0
 268 32783.000 114587.000 0 0 0.000 0.000 0.000 0.138 0 1 0 0 0 0
 269 36116.000 73794.000 0 0 0.000 0.000 0.000 0.140 0 1 0 0 0 0
 270 103725.000 168803.000 0 0 0.000 0.000 0.000 0.138 0 1 0 0 0 0
 271 34308.000 78471.000 0 0 0.000 0.000 0.000 0.153 0 1 0 0 0 0
 272 54568.000 47307.000 0 0 0.000 0.000 0.000 0.156 0 1 0 0 0 0
 273 56747.000 45537.000 0 0 0.000 0.000 0.000 0.132 0 1 0 0 0 0
 274 135349.000 39911.000 0 0 0.000 0.000 0.000 0.133 0 1 0 0 0 0
 275 30442.000 95895.000 0 0 0.000 0.000 0.000 0.131 0 1 0 0 0 0
 276 94675.000 29891.000 0 0 0.000 0.000 0.000 0.148 0 1 0 0 0 0
 277 35654.000 127858.000 0 0 0.000 0.000 0.000 0.139 0 1 0 0 0 0
 278 139920.000 41838.000 0 0 0.000 0.000 0.000 0.151 0 1 0 0 0 0
 279 138003.000 40087.000 0 0 0.000 0.000 0.000 0.132 0 1 0 0 0 0
 280 118095.000 31347.000 0 0 0.000 0.000 0.000 0.140 0 1 0 0 0 0
 281 115466.000 30518.000 0 0 0.000 0.000 0.000 0.134 0 1 0 0 0 0
 282 151928.000 148937.000 0 0 0.000 0.000 0.000 0.134 0 1 0 0 0 0
 283 38778.000 62757.000 0 0 0.000 0.000 0.000 0.141 0 1 0 0 0 0
 284 84877.000 169887.000 0 0 0.000 0.000 0.000 0.136 0 1 0 0 0 0
 285 55830.000 156254.000 0 0 0.000 0.000 0.000 0.131 0 1 0 0 0 0
 286 38172.000 63468.000 0 0 0.000 0.000 0.000 0.130 0 1 0 0 0 0
 287 47686.000 50787.000 0 0 0.000 0.000 0.000 0.133 0 1 0 0 0 0
 288 167321.000 125055.000 0 0 0.000 0.000 0.000 0.258 0 1 0 0 0 0
 289 113532.000 28533.000 0 0 0.000 0.000 0.000 0.133 0 1 0 0 0 0
 290 29592.000 81434.000 0 0 0.000 0.000 0.000 0.146 0 1 0 0 0 0
 291 46755.000 149685.000 0 0 0.000 0.000 0.000 0.136 0 1 0 0 0 0
 292 31734.000 125752.000 0 0 0.000 0.000 0.000 0.131 0 1 0 0 0 0
 293 42813.000 53880.000 0 0 0.000 0.000 0.000 0.139 0 1 0 0 0 0
 294 26674.000 98459.000 0 0 0.000 0.000 0.000 0.131 0 1 0 0 0 0
 295 33807.000 68100.000 0 0 0.000 0.000 0.000 0.140 0 1 0 0 0 0
 296 30172.000 75423.000 0 0 0.000 0.000 0.000 0.144 0 1 0 0 0 0
 297 145514.000 158681.000 0 0 0.000 0.000 0.000 0.131 0 1 0 0 0 0
 298 127014.000 169301.000 0 0 0.000 0.000 0.000 0.134 0 1 0 0 0 0
 299 156674.000 148753.000 0 0 0.000 0.000 0.000 0.140 0 1 0 0 0 0
 300 27368.000 80072.000 0 0 0.000 0.000 0.000 0.138 0 1 0 0 0 0
 301 49743.000 43103.000 0 0 0.000 0.000 0.000 0.131 0 1 0 0 0 0
 302 130546.000 170704.000 0 0 0.000 0.000 0.000 0.136 0 1 0 0 0 0
 303 51219.000 159553.000 0 0 0.000 0.000 0.000 0.133 0 1 0 0 0 0
 304 46226.000 155028.000 0 0 0.000 0.000 0.000 0.134 0 1 0 0 0 0
 305 93393.000 22180.000 0 0 0.000 0.000 0.000 0.132 0 1 0 0 0 0
 306 139996.000 32170.000 0 0 0.000 0.000 0.000 0.139 0 1 0 0 0 0
 307 177756.000 88796.000 0 0 0.000 0.000 0.000 0.132 0 1 0 0 0 0
 308 20937.000 98531.000 0 0 0.000 0.000 0.000 0.140 0 1 0 0 0 0
 309 32319.000 59133.000 0 0 0.000 0.000 0.000 0.131 0 1 0 0 0 0
 310 130981.000 172663.000 0 0 0.000 0.000 0.000 0.135 0 1 0 0 0 0
 311 55224.000 165496.000 0 0 0.000 0.000 0.000 0.131 0 1 0 0 0 0
 312 31283.000 140695.000 0 0 0.000 0.000 0.000 0.134 0 1 0 0 0 0
 313 21853.000 80896.000 0 0 0.000 0.000 0.000 0.135 0 1 0 0 0 0
 314 22134.000 74497.000 0 0 0.000 0.000 0.000 0.134 0 1 0 0 0 0
 315 86914.000 181320.000 0 0 0.000 0.000 0.000 0.139 0 1 0 0 0 0
 316 55967.000 29044.000 0 0 0.000 0.000 0.000 0.130 0 1 0 0 0 0
 317 36390.000 44888.000 0 0 0.000 0.000 0.000 0.143 0 1 0 0 0 0
 318 16455.000 89600.000 0 0 0.000 0.000 0.000 0.135 0 1 0 0 0 0
 319 37857.000 39651.000 0 0 0.000 0.000 0.000 0.135 0 1 0 0 0 0
 320 182224.000 130015.000 0 0 0.000 0.000 0.000 0.299 0 1 0 0 0 0
 321 30746.000 153107.000 0 0 0.000 0.000 0.000 200000.000 0 1 0 200 0 0
 322 80927.000 185384.000 0 0 0.000 0.000 0.000 0.132 0 1 0 0 0 0
 323 184677.000 129398.000 0 0 0.000 0.000 0.000 200000.000 0 1 0 200 0 0
 324 175816.000 149127.000 0 0 0.000 0.000 0.000 0.131 0 1 0 0 0 0
 325 178441.000 148577.000 0 0 0.000 0.000 0.000 0.142 0 1 0 0 0 0
 326 179448.000 147514.000 0 0 0.000 0.000 0.000 0.132 0 1 0 0 0 0
 327 182484.000 144205.000 0 0 0.000 0.000 0.000 0.202 0 1 0 0 0 0
 328 181816.000 146912.000 0 0 0.000 0.000 0.000 0.133 0 1 0 0 0 0;
ProcessEquipmentIDList 1
  "6639" ;
SummarySpec 5
  TESTNO    NDEFECT    DEFDENSITY    NDIE    NDEFDIE  ;
SummaryList 
  1    328    1.199    1    1  ;
EndOfFile;
