FileVersion 1 2;
FileTimestamp 01-16-26 23:06:05;
InspectionStationID "KLA-Tencor" "SFSSP1" "0901-0728-TBI";
SampleType WAFER;
ResultTimestamp 01-16-26 23:00:10;
LotID "2580";
SampleSize 1 200;
DeviceID "None";
SetupID "T2-2580NR" 01-16-26 23:00:10;
StepID "6703";
SampleOrientationMarkType NOTCH;
OrientationMarkLocation DOWN;
DiePitch 200000 200000;
DieOrigin 0 0;
WaferID "08";
Slot 8;
SampleCenterLocation 100000 100000;
ClassLookup 1
  0 "0"  ;
OrientationInstructions "Front";
CoordinatesMirrored No;
InspectionTest 1;
SampleTestPlan 1
  0 0 ;
AreaPerTest 2.73517e+010;
DefectRecordSpec 15 DEFECTID XREL YREL XINDEX YINDEX XSIZE YSIZE DEFECTAREA DSIZE CLASSNUMBER TEST CLUSTERNUMBER ROUGHBINNUMBER FINEBINNUMBER REVIEWSAMPLE ;
DefectList
 1 102353.000 103663.000 0 0 0.000 0.000 0.000 0.130 0 1 0 0 0 0
 2 94690.000 104684.000 0 0 0.000 0.000 0.000 0.140 0 1 0 0 0 0
 3 98671.000 92786.000 0 0 0.000 0.000 0.000 0.137 0 1 0 0 0 0
 4 93025.000 96962.000 0 0 0.000 0.000 0.000 0.149 0 1 0 0 0 0
 5 104765.000 106247.000 0 0 0.000 0.000 0.000 0.130 0 1 0 0 0 0
 6 92386.000 97578.000 0 0 0.000 0.000 0.000 0.131 0 1 0 0 0 0
 7 100058.000 111093.000 0 0 0.000 0.000 0.000 0.154 0 1 0 0 0 0
 8 109366.000 107220.000 0 0 0.000 0.000 0.000 0.131 0 1 0 0 0 0
 9 88420.000 103659.000 0 0 0.000 0.000 0.000 0.134 0 1 0 0 0 0
 10 100220.000 112700.000 0 0 0.000 0.000 0.000 0.139 0 1 0 0 0 0
 11 101589.000 87300.000 0 0 0.000 0.000 0.000 0.155 0 1 0 0 0 0
 12 110336.000 92440.000 0 0 0.000 0.000 0.000 0.144 0 1 0 0 0 0
 13 99203.000 113481.000 0 0 0.000 0.000 0.000 0.156 0 1 0 0 0 0
 14 111159.000 91753.000 0 0 0.000 0.000 0.000 0.138 0 1 0 0 0 0
 15 90767.000 111619.000 0 0 0.000 0.000 0.000 0.152 0 1 0 0 0 0
 16 109319.000 111930.000 0 0 0.000 0.000 0.000 0.156 0 1 0 0 0 0
 17 114485.000 104921.000 0 0 0.000 0.000 0.000 0.138 0 1 0 0 0 0
 18 87305.000 91558.000 0 0 0.000 0.000 0.000 0.140 0 1 0 0 0 0
 19 115471.000 94816.000 0 0 0.000 0.000 0.000 0.136 0 1 0 0 0 0
 20 84175.000 106887.000 0 0 0.000 0.000 0.000 0.143 0 1 0 0 0 0
 21 92009.000 83821.000 0 0 0.000 0.000 0.000 0.132 0 1 0 0 0 0
 22 114311.000 111706.000 0 0 0.000 0.000 0.000 0.152 0 1 0 0 0 0
 23 87326.000 86923.000 0 0 0.000 0.000 0.000 0.131 0 1 0 0 0 0
 24 117450.000 106474.000 0 0 0.000 0.000 0.000 0.136 0 1 0 0 0 0
 25 113497.000 113012.000 0 0 0.000 0.000 0.000 0.147 0 1 0 0 0 0
 26 118817.000 100199.000 0 0 0.000 0.000 0.000 0.131 0 1 0 0 0 0
 27 108943.000 83131.000 0 0 0.000 0.000 0.000 0.133 0 1 0 0 0 0
 28 91550.000 117956.000 0 0 0.000 0.000 0.000 0.148 0 1 0 0 0 0
 29 80283.000 95949.000 0 0 0.000 0.000 0.000 0.152 0 1 0 0 0 0
 30 116979.000 88666.000 0 0 0.000 0.000 0.000 0.143 0 1 0 0 0 0
 31 92486.000 80732.000 0 0 0.000 0.000 0.000 0.132 0 1 0 0 0 0
 32 79348.000 95622.000 0 0 0.000 0.000 0.000 0.133 0 1 0 0 0 0
 33 82850.000 112871.000 0 0 0.000 0.000 0.000 0.159 0 1 0 0 0 0
 34 106723.000 80079.000 0 0 0.000 0.000 0.000 0.131 0 1 0 0 0 0
 35 120836.000 94819.000 0 0 0.000 0.000 0.000 0.134 0 1 0 0 0 0
 36 83522.000 86146.000 0 0 0.000 0.000 0.000 0.133 0 1 0 0 0 0
 37 103112.000 122092.000 0 0 0.000 0.000 0.000 0.163 0 1 0 0 0 0
 38 100908.000 122993.000 0 0 0.000 0.000 0.000 0.136 0 1 0 0 0 0
 39 87534.000 81159.000 0 0 0.000 0.000 0.000 0.133 0 1 0 0 0 0
 40 116516.000 84352.000 0 0 0.000 0.000 0.000 0.136 0 1 0 0 0 0
 41 104834.000 122702.000 0 0 0.000 0.000 0.000 0.132 0 1 0 0 0 0
 42 85072.000 82314.000 0 0 0.000 0.000 0.000 0.137 0 1 0 0 0 0
 43 123157.000 94542.000 0 0 0.000 0.000 0.000 0.135 0 1 0 0 0 0
 44 76004.000 96971.000 0 0 0.000 0.000 0.000 0.140 0 1 0 0 0 0
 45 94680.000 76421.000 0 0 0.000 0.000 0.000 0.139 0 1 0 0 0 0
 46 93430.000 123867.000 0 0 0.000 0.000 0.000 0.150 0 1 0 0 0 0
 47 75364.000 100983.000 0 0 0.000 0.000 0.000 0.133 0 1 0 0 0 0
 48 112537.000 78320.000 0 0 0.000 0.000 0.000 0.146 0 1 0 0 0 0
 49 102942.000 74988.000 0 0 0.000 0.000 0.000 0.146 0 1 0 0 0 0
 50 124324.000 92347.000 0 0 0.000 0.000 0.000 0.136 0 1 0 0 0 0
 51 98238.000 74398.000 0 0 0.000 0.000 0.000 0.157 0 1 0 0 0 0
 52 88893.000 123727.000 0 0 0.000 0.000 0.000 0.137 0 1 0 0 0 0
 53 120386.000 83919.000 0 0 0.000 0.000 0.000 0.147 0 1 0 0 0 0
 54 101093.000 126428.000 0 0 0.000 0.000 0.000 0.165 0 1 0 0 0 0
 55 119262.000 81110.000 0 0 0.000 0.000 0.000 0.138 0 1 0 0 0 0
 56 110915.000 75235.000 0 0 0.000 0.000 0.000 0.136 0 1 0 0 0 0
 57 112141.000 75628.000 0 0 0.000 0.000 0.000 0.139 0 1 0 0 0 0
 58 88121.000 75088.000 0 0 0.000 0.000 0.000 0.145 0 1 0 0 0 0
 59 94030.000 73103.000 0 0 0.000 0.000 0.000 0.130 0 1 0 0 0 0
 60 121455.000 82278.000 0 0 0.000 0.000 0.000 0.133 0 1 0 0 0 0
 61 110687.000 126158.000 0 0 0.000 0.000 0.000 0.138 0 1 0 0 0 0
 62 77197.000 116802.000 0 0 0.000 0.000 0.000 0.134 0 1 0 0 0 0
 63 71829.000 103543.000 0 0 0.000 0.000 0.000 0.137 0 1 0 0 0 0
 64 94970.000 72497.000 0 0 0.000 0.000 0.000 0.154 0 1 0 0 0 0
 65 115017.000 124347.000 0 0 0.000 0.000 0.000 0.147 0 1 0 0 0 0
 66 71365.000 97211.000 0 0 0.000 0.000 0.000 0.145 0 1 0 0 0 0
 67 129041.000 97347.000 0 0 0.000 0.000 0.000 0.139 0 1 0 0 0 0
 68 113339.000 74126.000 0 0 0.000 0.000 0.000 0.130 0 1 0 0 0 0
 69 102117.000 70669.000 0 0 0.000 0.000 0.000 0.135 0 1 0 0 0 0
 70 118143.000 75970.000 0 0 0.000 0.000 0.000 0.130 0 1 0 0 0 0
 71 71270.000 89933.000 0 0 0.000 0.000 0.000 0.150 0 1 0 0 0 0
 72 125473.000 118358.000 0 0 0.000 0.000 0.000 0.151 0 1 0 0 0 0
 73 130739.000 109449.000 0 0 0.000 0.000 0.000 0.142 0 1 0 0 0 0
 74 130247.000 111007.000 0 0 0.000 0.000 0.000 0.167 0 1 0 0 0 0
 75 114918.000 129174.000 0 0 0.000 0.000 0.000 0.134 0 1 0 0 0 0
 76 78450.000 124992.000 0 0 0.000 0.000 0.000 0.134 0 1 0 0 0 0
 77 132677.000 96430.000 0 0 0.000 0.000 0.000 0.136 0 1 0 0 0 0
 78 133066.000 96941.000 0 0 0.000 0.000 0.000 0.138 0 1 0 0 0 0
 79 69595.000 85963.000 0 0 0.000 0.000 0.000 0.132 0 1 0 0 0 0
 80 123976.000 123742.000 0 0 0.000 0.000 0.000 0.154 0 1 0 0 0 0
 81 66400.000 104207.000 0 0 0.000 0.000 0.000 0.137 0 1 0 0 0 0
 82 112535.000 68703.000 0 0 0.000 0.000 0.000 0.156 0 1 0 0 0 0
 83 118169.000 71399.000 0 0 0.000 0.000 0.000 0.132 0 1 0 0 0 0
 84 80419.000 72106.000 0 0 0.000 0.000 0.000 0.160 0 1 0 0 0 0
 85 133909.000 104574.000 0 0 0.000 0.000 0.000 0.146 0 1 0 0 0 0
 86 66571.000 108366.000 0 0 0.000 0.000 0.000 0.143 0 1 0 0 0 0
 87 135426.000 99507.000 0 0 0.000 0.000 0.000 0.143 0 1 0 0 0 0
 88 131172.000 117171.000 0 0 0.000 0.000 0.000 0.139 0 1 0 0 0 0
 89 93858.000 65150.000 0 0 0.000 0.000 0.000 0.137 0 1 0 0 0 0
 90 66109.000 111756.000 0 0 0.000 0.000 0.000 0.137 0 1 0 0 0 0
 91 87270.000 133879.000 0 0 0.000 0.000 0.000 0.153 0 1 0 0 0 0
 92 93257.000 64699.000 0 0 0.000 0.000 0.000 0.132 0 1 0 0 0 0
 93 97136.000 64093.000 0 0 0.000 0.000 0.000 0.130 0 1 0 0 0 0
 94 78965.000 130260.000 0 0 0.000 0.000 0.000 0.136 0 1 0 0 0 0
 95 77112.000 128700.000 0 0 0.000 0.000 0.000 0.132 0 1 0 0 0 0
 96 81119.000 68541.000 0 0 0.000 0.000 0.000 0.130 0 1 0 0 0 0
 97 104960.000 136958.000 0 0 0.000 0.000 0.000 0.134 0 1 0 0 0 0
 98 85082.000 134408.000 0 0 0.000 0.000 0.000 0.146 0 1 0 0 0 0
 99 110450.000 136083.000 0 0 0.000 0.000 0.000 0.138 0 1 0 0 0 0
 100 134641.000 115545.000 0 0 0.000 0.000 0.000 0.133 0 1 0 0 0 0
 101 67058.000 120264.000 0 0 0.000 0.000 0.000 0.179 0 1 0 0 0 0
 102 90269.000 62842.000 0 0 0.000 0.000 0.000 0.130 0 1 0 0 0 0
 103 129226.000 74630.000 0 0 0.000 0.000 0.000 0.140 0 1 0 0 0 0
 104 61042.000 102813.000 0 0 0.000 0.000 0.000 0.133 0 1 0 0 0 0
 105 123721.000 69041.000 0 0 0.000 0.000 0.000 0.141 0 1 0 0 0 0
 106 70365.000 74219.000 0 0 0.000 0.000 0.000 0.142 0 1 0 0 0 0
 107 138850.000 93717.000 0 0 0.000 0.000 0.000 0.144 0 1 0 0 0 0
 108 140149.000 95062.000 0 0 0.000 0.000 0.000 0.137 0 1 0 0 0 0
 109 133093.000 124157.000 0 0 0.000 0.000 0.000 0.139 0 1 0 0 0 0
 110 119082.000 63950.000 0 0 0.000 0.000 0.000 0.138 0 1 0 0 0 0
 111 140418.000 92631.000 0 0 0.000 0.000 0.000 0.134 0 1 0 0 0 0
 112 129453.000 128899.000 0 0 0.000 0.000 0.000 0.130 0 1 0 0 0 0
 113 68072.000 126287.000 0 0 0.000 0.000 0.000 0.142 0 1 0 0 0 0
 114 72280.000 69499.000 0 0 0.000 0.000 0.000 0.143 0 1 0 0 0 0
 115 62814.000 81728.000 0 0 0.000 0.000 0.000 0.148 0 1 0 0 0 0
 116 135399.000 78592.000 0 0 0.000 0.000 0.000 0.150 0 1 0 0 0 0
 117 69763.000 70885.000 0 0 0.000 0.000 0.000 0.142 0 1 0 0 0 0
 118 137644.000 81487.000 0 0 0.000 0.000 0.000 0.136 0 1 0 0 0 0
 119 86468.000 140125.000 0 0 0.000 0.000 0.000 0.132 0 1 0 0 0 0
 120 139271.000 84690.000 0 0 0.000 0.000 0.000 0.152 0 1 0 0 0 0
 121 121058.000 63394.000 0 0 0.000 0.000 0.000 0.137 0 1 0 0 0 0
 122 136310.000 78291.000 0 0 0.000 0.000 0.000 0.141 0 1 0 0 0 0
 123 142397.000 98700.000 0 0 0.000 0.000 0.000 0.131 0 1 0 0 0 0
 124 106118.000 58150.000 0 0 0.000 0.000 0.000 0.146 0 1 0 0 0 0
 125 61732.000 119787.000 0 0 0.000 0.000 0.000 0.144 0 1 0 0 0 0
 126 60021.000 116261.000 0 0 0.000 0.000 0.000 0.136 0 1 0 0 0 0
 127 97826.000 143393.000 0 0 0.000 0.000 0.000 0.137 0 1 0 0 0 0
 128 82622.000 139799.000 0 0 0.000 0.000 0.000 0.138 0 1 0 0 0 0
 129 142989.000 105499.000 0 0 0.000 0.000 0.000 0.140 0 1 0 0 0 0
 130 138109.000 121539.000 0 0 0.000 0.000 0.000 0.144 0 1 0 0 0 0
 131 111971.000 142374.000 0 0 0.000 0.000 0.000 0.133 0 1 0 0 0 0
 132 92655.000 143872.000 0 0 0.000 0.000 0.000 0.153 0 1 0 0 0 0
 133 124433.000 63166.000 0 0 0.000 0.000 0.000 0.155 0 1 0 0 0 0
 134 64485.000 127970.000 0 0 0.000 0.000 0.000 0.139 0 1 0 0 0 0
 135 59051.000 119294.000 0 0 0.000 0.000 0.000 0.154 0 1 0 0 0 0
 136 145411.000 96343.000 0 0 0.000 0.000 0.000 0.137 0 1 0 0 0 0
 137 62555.000 74217.000 0 0 0.000 0.000 0.000 0.131 0 1 0 0 0 0
 138 92606.000 145671.000 0 0 0.000 0.000 0.000 0.132 0 1 0 0 0 0
 139 140375.000 77822.000 0 0 0.000 0.000 0.000 0.131 0 1 0 0 0 0
 140 55032.000 111609.000 0 0 0.000 0.000 0.000 0.138 0 1 0 0 0 0
 141 128603.000 136654.000 0 0 0.000 0.000 0.000 0.145 0 1 0 0 0 0
 142 86470.000 144888.000 0 0 0.000 0.000 0.000 0.137 0 1 0 0 0 0
 143 92515.000 54214.000 0 0 0.000 0.000 0.000 0.144 0 1 0 0 0 0
 144 146385.000 105589.000 0 0 0.000 0.000 0.000 0.156 0 1 0 0 0 0
 145 111300.000 145616.000 0 0 0.000 0.000 0.000 0.137 0 1 0 0 0 0
 146 53174.000 98386.000 0 0 0.000 0.000 0.000 0.138 0 1 0 0 0 0
 147 101896.000 53251.000 0 0 0.000 0.000 0.000 0.132 0 1 0 0 0 0
 148 123191.000 141119.000 0 0 0.000 0.000 0.000 0.153 0 1 0 0 0 0
 149 52887.000 99208.000 0 0 0.000 0.000 0.000 0.136 0 1 0 0 0 0
 150 55705.000 83420.000 0 0 0.000 0.000 0.000 0.144 0 1 0 0 0 0
 151 134596.000 67588.000 0 0 0.000 0.000 0.000 0.136 0 1 0 0 0 0
 152 136446.000 69797.000 0 0 0.000 0.000 0.000 0.141 0 1 0 0 0 0
 153 59153.000 124939.000 0 0 0.000 0.000 0.000 0.132 0 1 0 0 0 0
 154 56886.000 79425.000 0 0 0.000 0.000 0.000 0.132 0 1 0 0 0 0
 155 138766.000 128416.000 0 0 0.000 0.000 0.000 0.132 0 1 0 0 0 0
 156 118649.000 144384.000 0 0 0.000 0.000 0.000 0.143 0 1 0 0 0 0
 157 104372.000 52238.000 0 0 0.000 0.000 0.000 0.135 0 1 0 0 0 0
 158 148143.000 104455.000 0 0 0.000 0.000 0.000 0.151 0 1 0 0 0 0
 159 91141.000 147993.000 0 0 0.000 0.000 0.000 0.138 0 1 0 0 0 0
 160 136254.000 67782.000 0 0 0.000 0.000 0.000 0.134 0 1 0 0 0 0
 161 53244.000 86287.000 0 0 0.000 0.000 0.000 0.144 0 1 0 0 0 0
 162 57387.000 76204.000 0 0 0.000 0.000 0.000 0.135 0 1 0 0 0 0
 163 78195.000 56136.000 0 0 0.000 0.000 0.000 0.131 0 1 0 0 0 0
 164 91895.000 51421.000 0 0 0.000 0.000 0.000 0.143 0 1 0 0 0 0
 165 139648.000 131268.000 0 0 0.000 0.000 0.000 0.135 0 1 0 0 0 0
 166 150370.000 97648.000 0 0 0.000 0.000 0.000 0.163 0 1 0 0 0 0
 167 145599.000 121608.000 0 0 0.000 0.000 0.000 0.144 0 1 0 0 0 0
 168 50329.000 109513.000 0 0 0.000 0.000 0.000 0.152 0 1 0 0 0 0
 169 134594.000 63429.000 0 0 0.000 0.000 0.000 0.153 0 1 0 0 0 0
 170 137919.000 133801.000 0 0 0.000 0.000 0.000 0.144 0 1 0 0 0 0
 171 147609.000 117659.000 0 0 0.000 0.000 0.000 0.135 0 1 0 0 0 0
 172 144890.000 124775.000 0 0 0.000 0.000 0.000 0.135 0 1 0 0 0 0
 173 144850.000 75314.000 0 0 0.000 0.000 0.000 0.146 0 1 0 0 0 0
 174 123020.000 54272.000 0 0 0.000 0.000 0.000 0.135 0 1 0 0 0 0
 175 106123.000 152120.000 0 0 0.000 0.000 0.000 0.135 0 1 0 0 0 0
 176 68562.000 141938.000 0 0 0.000 0.000 0.000 0.133 0 1 0 0 0 0
 177 47841.000 98449.000 0 0 0.000 0.000 0.000 0.130 0 1 0 0 0 0
 178 49442.000 86229.000 0 0 0.000 0.000 0.000 0.137 0 1 0 0 0 0
 179 65171.000 139645.000 0 0 0.000 0.000 0.000 0.130 0 1 0 0 0 0
 180 69258.000 143535.000 0 0 0.000 0.000 0.000 0.134 0 1 0 0 0 0
 181 78844.000 51132.000 0 0 0.000 0.000 0.000 0.130 0 1 0 0 0 0
 182 152197.000 88064.000 0 0 0.000 0.000 0.000 0.154 0 1 0 0 0 0
 183 59529.000 135870.000 0 0 0.000 0.000 0.000 0.133 0 1 0 0 0 0
 184 97931.000 154271.000 0 0 0.000 0.000 0.000 0.135 0 1 0 0 0 0
 185 152938.000 111776.000 0 0 0.000 0.000 0.000 0.130 0 1 0 0 0 0
 186 136013.000 140803.000 0 0 0.000 0.000 0.000 0.132 0 1 0 0 0 0
 187 71666.000 146555.000 0 0 0.000 0.000 0.000 0.145 0 1 0 0 0 0
 188 45900.000 106552.000 0 0 0.000 0.000 0.000 0.133 0 1 0 0 0 0
 189 64913.000 58642.000 0 0 0.000 0.000 0.000 0.148 0 1 0 0 0 0
 190 45284.000 102597.000 0 0 0.000 0.000 0.000 0.138 0 1 0 0 0 0
 191 118558.000 48662.000 0 0 0.000 0.000 0.000 0.140 0 1 0 0 0 0
 192 53513.000 130014.000 0 0 0.000 0.000 0.000 0.136 0 1 0 0 0 0
 193 45169.000 94156.000 0 0 0.000 0.000 0.000 0.138 0 1 0 0 0 0
 194 64779.000 57086.000 0 0 0.000 0.000 0.000 0.140 0 1 0 0 0 0
 195 75633.000 150487.000 0 0 0.000 0.000 0.000 0.137 0 1 0 0 0 0
 196 93846.000 155926.000 0 0 0.000 0.000 0.000 0.136 0 1 0 0 0 0
 197 143122.000 64226.000 0 0 0.000 0.000 0.000 0.139 0 1 0 0 0 0
 198 121028.000 152639.000 0 0 0.000 0.000 0.000 0.145 0 1 0 0 0 0
 199 129502.000 51397.000 0 0 0.000 0.000 0.000 0.134 0 1 0 0 0 0
 200 157210.000 100751.000 0 0 0.000 0.000 0.000 0.141 0 1 0 0 0 0
 201 102686.000 158361.000 0 0 0.000 0.000 0.000 0.133 0 1 0 0 0 0
 202 74573.000 152509.000 0 0 0.000 0.000 0.000 0.145 0 1 0 0 0 0
 203 147673.000 134899.000 0 0 0.000 0.000 0.000 0.149 0 1 0 0 0 0
 204 64870.000 147990.000 0 0 0.000 0.000 0.000 0.138 0 1 0 0 0 0
 205 158143.000 88063.000 0 0 0.000 0.000 0.000 0.136 0 1 0 0 0 0
 206 114163.000 42096.000 0 0 0.000 0.000 0.000 0.134 0 1 0 0 0 0
 207 156781.000 119477.000 0 0 0.000 0.000 0.000 0.147 0 1 0 0 0 0
 208 74277.000 154441.000 0 0 0.000 0.000 0.000 0.130 0 1 0 0 0 0
 209 158328.000 85755.000 0 0 0.000 0.000 0.000 0.140 0 1 0 0 0 0
 210 144441.000 141028.000 0 0 0.000 0.000 0.000 0.145 0 1 0 0 0 0
 211 141557.000 56432.000 0 0 0.000 0.000 0.000 0.133 0 1 0 0 0 0
 212 80023.000 157567.000 0 0 0.000 0.000 0.000 0.136 0 1 0 0 0 0
 213 138682.000 53474.000 0 0 0.000 0.000 0.000 0.157 0 1 0 0 0 0
 214 91853.000 160659.000 0 0 0.000 0.000 0.000 0.134 0 1 0 0 0 0
 215 160530.000 112876.000 0 0 0.000 0.000 0.000 0.134 0 1 0 0 0 0
 216 134562.000 48787.000 0 0 0.000 0.000 0.000 0.136 0 1 0 0 0 0
 217 68610.000 46644.000 0 0 0.000 0.000 0.000 0.135 0 1 0 0 0 0
 218 137566.000 50542.000 0 0 0.000 0.000 0.000 0.142 0 1 0 0 0 0
 219 161075.000 87786.000 0 0 0.000 0.000 0.000 0.139 0 1 0 0 0 0
 220 146348.000 58419.000 0 0 0.000 0.000 0.000 0.146 0 1 0 0 0 0
 221 49571.000 62711.000 0 0 0.000 0.000 0.000 0.138 0 1 0 0 0 0
 222 159292.000 123717.000 0 0 0.000 0.000 0.000 0.137 0 1 0 0 0 0
 223 137516.000 151816.000 0 0 0.000 0.000 0.000 0.140 0 1 0 0 0 0
 224 112590.000 162934.000 0 0 0.000 0.000 0.000 0.138 0 1 0 0 0 0
 225 160583.000 79762.000 0 0 0.000 0.000 0.000 0.172 0 1 0 0 0 0
 226 163252.000 90449.000 0 0 0.000 0.000 0.000 0.133 0 1 0 0 0 0
 227 103722.000 164533.000 0 0 0.000 0.000 0.000 0.168 0 1 0 0 0 0
 228 126178.000 159541.000 0 0 0.000 0.000 0.000 0.143 0 1 0 0 0 0
 229 58037.000 149671.000 0 0 0.000 0.000 0.000 0.134 0 1 0 0 0 0
 230 161709.000 79411.000 0 0 0.000 0.000 0.000 0.132 0 1 0 0 0 0
 231 111619.000 35091.000 0 0 0.000 0.000 0.000 0.134 0 1 0 0 0 0
 232 151892.000 57458.000 0 0 0.000 0.000 0.000 0.144 0 1 0 0 0 0
 233 91051.000 167238.000 0 0 0.000 0.000 0.000 0.137 0 1 0 0 0 0
 234 151727.000 56571.000 0 0 0.000 0.000 0.000 0.134 0 1 0 0 0 0
 235 56161.000 152236.000 0 0 0.000 0.000 0.000 0.133 0 1 0 0 0 0
 236 32919.000 88490.000 0 0 0.000 0.000 0.000 0.138 0 1 0 0 0 0
 237 38593.000 70388.000 0 0 0.000 0.000 0.000 0.143 0 1 0 0 0 0
 238 32123.000 91490.000 0 0 0.000 0.000 0.000 0.136 0 1 0 0 0 0
 239 65595.000 41192.000 0 0 0.000 0.000 0.000 0.149 0 1 0 0 0 0
 240 37882.000 129368.000 0 0 0.000 0.000 0.000 0.135 0 1 0 0 0 0
 241 37463.000 72003.000 0 0 0.000 0.000 0.000 0.140 0 1 0 0 0 0
 242 168570.000 99200.000 0 0 0.000 0.000 0.000 0.140 0 1 0 0 0 0
 243 55613.000 47150.000 0 0 0.000 0.000 0.000 0.130 0 1 0 0 0 0
 244 134580.000 160947.000 0 0 0.000 0.000 0.000 0.136 0 1 0 0 0 0
 245 144692.000 45562.000 0 0 0.000 0.000 0.000 0.149 0 1 0 0 0 0
 246 32271.000 120797.000 0 0 0.000 0.000 0.000 0.130 0 1 0 0 0 0
 247 37928.000 65006.000 0 0 0.000 0.000 0.000 0.151 0 1 0 0 0 0
 248 104666.000 28316.000 0 0 0.000 0.000 0.000 0.144 0 1 0 0 0 0
 249 67964.000 35443.000 0 0 0.000 0.000 0.000 0.130 0 1 0 0 0 0
 250 80193.000 30601.000 0 0 0.000 0.000 0.000 0.132 0 1 0 0 0 0
 251 140790.000 39661.000 0 0 0.000 0.000 0.000 0.132 0 1 0 0 0 0
 252 56370.000 41486.000 0 0 0.000 0.000 0.000 0.136 0 1 0 0 0 0
 253 142393.000 40141.000 0 0 0.000 0.000 0.000 0.153 0 1 0 0 0 0
 254 32113.000 70219.000 0 0 0.000 0.000 0.000 0.149 0 1 0 0 0 0
 255 41008.000 54948.000 0 0 0.000 0.000 0.000 0.133 0 1 0 0 0 0
 256 147231.000 41701.000 0 0 0.000 0.000 0.000 0.133 0 1 0 0 0 0
 257 65455.000 167219.000 0 0 0.000 0.000 0.000 0.134 0 1 0 0 0 0
 258 43901.000 49601.000 0 0 0.000 0.000 0.000 0.131 0 1 0 0 0 0
 259 142822.000 37823.000 0 0 0.000 0.000 0.000 0.153 0 1 0 0 0 0
 260 173733.000 80732.000 0 0 0.000 0.000 0.000 0.134 0 1 0 0 0 0
 261 79389.000 26453.000 0 0 0.000 0.000 0.000 0.146 0 1 0 0 0 0
 262 158639.000 50609.000 0 0 0.000 0.000 0.000 0.143 0 1 0 0 0 0
 263 91276.000 176768.000 0 0 0.000 0.000 0.000 0.131 0 1 0 0 0 0
 264 162218.000 147071.000 0 0 0.000 0.000 0.000 0.137 0 1 0 0 0 0
 265 81588.000 24569.000 0 0 0.000 0.000 0.000 0.131 0 1 0 0 0 0
 266 113417.000 22459.000 0 0 0.000 0.000 0.000 0.138 0 1 0 0 0 0
 267 22545.000 74186.000 0 0 0.000 0.000 0.000 0.132 0 1 0 0 0 0
 268 94754.000 181775.000 0 0 0.000 0.000 0.000 0.132 0 1 0 0 0 0
 269 172398.000 58316.000 0 0 0.000 0.000 0.000 200000.000 0 1 0 200 0 0
 270 47446.000 165484.000 0 0 0.000 0.000 0.000 0.137 0 1 0 0 0 0
 271 24372.000 43803.000 0 0 0.000 0.000 0.000 0.148 0 1 0 0 0 0;
ProcessEquipmentIDList 1
  "6639" ;
SummarySpec 5
  TESTNO    NDEFECT    DEFDENSITY    NDIE    NDEFDIE  ;
SummaryList 
  1    271    0.9908    1    1  ;
EndOfFile;
