FileVersion 1 2;
FileTimestamp 01-16-26 03:21:21;
InspectionStationID "KLA-Tencor" "SFSSP1" "0901-0728-TBI";
SampleType WAFER;
ResultTimestamp 01-16-26 03:16:10;
LotID "2580";
SampleSize 1 200;
DeviceID "None";
SetupID "T2-2580NR" 01-16-26 03:16:10;
StepID "6706P";
SampleOrientationMarkType NOTCH;
OrientationMarkLocation DOWN;
DiePitch 200000 200000;
DieOrigin 0 0;
WaferID "08";
Slot 8;
SampleCenterLocation 100000 100000;
ClassLookup 1
  0 "0"  ;
OrientationInstructions "Front";
CoordinatesMirrored No;
InspectionTest 1;
SampleTestPlan 1
  0 0 ;
AreaPerTest 2.73513e+010;
ClusterClassificationList 1
  1 210 ;
DefectRecordSpec 15 DEFECTID XREL YREL XINDEX YINDEX XSIZE YSIZE DEFECTAREA DSIZE CLASSNUMBER TEST CLUSTERNUMBER ROUGHBINNUMBER FINEBINNUMBER REVIEWSAMPLE ;
DefectList
 1 100609.000 98726.000 0 0 0.000 0.000 0.000 0.130 0 1 0 0 0 0
 2 97414.000 95924.000 0 0 0.000 0.000 0.000 0.140 0 1 0 0 0 0
 3 104630.000 97974.000 0 0 0.000 0.000 0.000 0.152 0 1 0 0 0 0
 4 106244.000 98437.000 0 0 0.000 0.000 0.000 0.160 0 1 0 0 0 0
 5 93842.000 93940.000 0 0 0.000 0.000 0.000 0.137 0 1 0 0 0 0
 6 98846.000 108917.000 0 0 0.000 0.000 0.000 0.132 0 1 0 0 0 0
 7 98411.000 91297.000 0 0 0.000 0.000 0.000 0.148 0 1 0 0 0 0
 8 96279.000 91001.000 0 0 0.000 0.000 0.000 0.150 0 1 0 0 0 0
 9 107468.000 91194.000 0 0 0.000 0.000 0.000 0.154 0 1 0 0 0 0
 10 107363.000 109951.000 0 0 0.000 0.000 0.000 0.138 0 1 0 0 0 0
 11 94904.000 88348.000 0 0 0.000 0.000 0.000 0.134 0 1 0 0 0 0
 12 104179.000 87798.000 0 0 0.000 0.000 0.000 0.131 0 1 0 0 0 0
 13 113298.000 103642.000 0 0 0.000 0.000 0.000 0.132 0 1 0 0 0 0
 14 86180.000 102815.000 0 0 0.000 0.000 0.000 0.154 0 1 0 0 0 0
 15 114146.000 101779.000 0 0 0.000 0.000 0.000 0.140 0 1 0 0 0 0
 16 114870.000 95981.000 0 0 0.000 0.000 0.000 0.148 0 1 0 0 0 0
 17 99313.000 83408.000 0 0 0.000 0.000 0.000 0.133 0 1 0 0 0 0
 18 89518.000 85815.000 0 0 0.000 0.000 0.000 0.145 0 1 0 0 0 0
 19 114772.000 90273.000 0 0 0.000 0.000 0.000 0.131 0 1 0 0 0 0
 20 106570.000 118248.000 0 0 0.000 0.000 0.000 0.139 0 1 0 0 0 0
 21 100150.000 80053.000 0 0 0.000 0.000 0.000 0.138 0 1 0 0 0 0
 22 92790.000 81237.000 0 0 0.000 0.000 0.000 0.135 0 1 0 0 0 0
 23 119519.000 106571.000 0 0 0.000 0.000 0.000 0.155 0 1 0 0 0 0
 24 114002.000 116593.000 0 0 0.000 0.000 0.000 0.152 0 1 0 0 0 0
 25 80075.000 91631.000 0 0 0.000 0.000 0.000 0.139 0 1 0 0 0 0
 26 78342.000 97862.000 0 0 0.000 0.000 0.000 0.147 0 1 0 0 0 0
 27 119364.000 89914.000 0 0 0.000 0.000 0.000 0.132 0 1 0 0 0 0
 28 96983.000 122324.000 0 0 0.000 0.000 0.000 0.142 0 1 0 0 0 0
 29 113531.000 82390.000 0 0 0.000 0.000 0.000 0.137 0 1 0 0 0 0
 30 109689.000 79668.000 0 0 0.000 0.000 0.000 0.134 0 1 0 0 0 0
 31 110052.000 120973.000 0 0 0.000 0.000 0.000 0.143 0 1 0 0 0 0
 32 89145.000 120913.000 0 0 0.000 0.000 0.000 0.140 0 1 0 0 0 0
 33 117490.000 84558.000 0 0 0.000 0.000 0.000 0.132 0 1 0 0 0 0
 34 96268.000 76122.000 0 0 0.000 0.000 0.000 0.131 0 1 0 0 0 0
 35 117959.000 83624.000 0 0 0.000 0.000 0.000 0.135 0 1 0 0 0 0
 36 77458.000 90234.000 0 0 0.000 0.000 0.000 0.147 0 1 0 0 0 0
 37 82945.000 119674.000 0 0 0.000 0.000 0.000 0.146 0 1 0 0 0 0
 38 122232.000 86549.000 0 0 0.000 0.000 0.000 0.132 0 1 0 0 0 0
 39 73606.000 97447.000 0 0 0.000 0.000 0.000 0.135 0 1 0 0 0 0
 40 89695.000 125265.000 0 0 0.000 0.000 0.000 0.130 0 1 0 0 0 0
 41 122928.000 115315.000 0 0 0.000 0.000 0.000 0.139 0 1 0 0 0 0
 42 81328.000 78959.000 0 0 0.000 0.000 0.000 0.141 0 1 0 0 0 0
 43 103393.000 128430.000 0 0 0.000 0.000 0.000 0.143 0 1 0 0 0 0
 44 115056.000 74283.000 0 0 0.000 0.000 0.000 0.133 0 1 0 0 0 0
 45 105247.000 69709.000 0 0 0.000 0.000 0.000 0.137 0 1 0 0 0 0
 46 116978.000 126293.000 0 0 0.000 0.000 0.000 0.130 0 1 0 0 0 0
 47 124623.000 119325.000 0 0 0.000 0.000 0.000 0.136 0 1 0 0 0 0
 48 110277.000 130017.000 0 0 0.000 0.000 0.000 0.132 0 1 0 0 0 0
 49 69355.000 109064.000 0 0 0.000 0.000 0.000 0.148 0 1 0 0 0 0
 50 131587.000 105191.000 0 0 0.000 0.000 0.000 0.136 0 1 0 0 0 0
 51 86466.000 70743.000 0 0 0.000 0.000 0.000 0.133 0 1 0 0 0 0
 52 131524.000 92281.000 0 0 0.000 0.000 0.000 0.132 0 1 0 0 0 0
 53 87462.000 131351.000 0 0 0.000 0.000 0.000 0.158 0 1 0 0 0 0
 54 121024.000 74199.000 0 0 0.000 0.000 0.000 0.130 0 1 0 0 0 0
 55 72595.000 120438.000 0 0 0.000 0.000 0.000 0.132 0 1 0 0 0 0
 56 114353.000 68801.000 0 0 0.000 0.000 0.000 0.136 0 1 0 0 0 0
 57 132401.000 112417.000 0 0 0.000 0.000 0.000 0.134 0 1 0 0 0 0
 58 90457.000 66764.000 0 0 0.000 0.000 0.000 0.131 0 1 0 0 0 0
 59 103401.000 134875.000 0 0 0.000 0.000 0.000 0.133 0 1 0 0 0 0
 60 131628.000 84741.000 0 0 0.000 0.000 0.000 0.142 0 1 0 0 0 0
 61 135464.000 100712.000 0 0 0.000 0.000 0.000 0.143 0 1 0 0 0 0
 62 65134.000 111648.000 0 0 0.000 0.000 0.000 0.130 0 1 0 0 0 0
 63 63492.000 94024.000 0 0 0.000 0.000 0.000 0.134 0 1 0 0 0 0
 64 62772.000 99302.000 0 0 0.000 0.000 0.000 0.139 0 1 0 0 0 0
 65 137298.000 95669.000 0 0 0.000 0.000 0.000 0.143 0 1 0 0 0 0
 66 121495.000 68822.000 0 0 0.000 0.000 0.000 0.141 0 1 0 0 0 0
 67 99056.000 138676.000 0 0 0.000 0.000 0.000 0.154 0 1 0 0 0 0
 68 134145.000 118187.000 0 0 0.000 0.000 0.000 0.149 0 1 0 0 0 0
 69 124626.000 130090.000 0 0 0.000 0.000 0.000 0.135 0 1 0 0 0 0
 70 61297.000 96838.000 0 0 0.000 0.000 0.000 0.132 0 1 0 0 0 0
 71 64718.000 118496.000 0 0 0.000 0.000 0.000 0.140 0 1 0 0 0 0
 72 61520.000 90137.000 0 0 0.000 0.000 0.000 0.139 0 1 0 0 0 0
 73 132760.000 122613.000 0 0 0.000 0.000 0.000 0.140 0 1 0 0 0 0
 74 62758.000 114747.000 0 0 0.000 0.000 0.000 0.139 0 1 0 0 0 0
 75 127146.000 130823.000 0 0 0.000 0.000 0.000 0.137 0 1 0 0 0 0
 76 72159.000 69985.000 0 0 0.000 0.000 0.000 0.138 0 1 0 0 0 0
 77 63495.000 79057.000 0 0 0.000 0.000 0.000 0.132 0 1 0 0 0 0
 78 107291.000 58642.000 0 0 0.000 0.000 0.000 0.130 0 1 0 0 0 0
 79 116074.000 139385.000 0 0 0.000 0.000 0.000 0.136 0 1 0 0 0 0
 80 108853.000 58599.000 0 0 0.000 0.000 0.000 0.159 0 1 0 0 0 0
 81 61236.000 81739.000 0 0 0.000 0.000 0.000 0.130 0 1 0 0 0 0
 82 122774.000 137463.000 0 0 0.000 0.000 0.000 0.131 0 1 0 0 0 0
 83 144163.000 99564.000 0 0 0.000 0.000 0.000 0.151 0 1 0 0 0 0
 84 86489.000 57952.000 0 0 0.000 0.000 0.000 0.143 0 1 0 0 0 0
 85 71373.000 135751.000 0 0 0.000 0.000 0.000 0.138 0 1 0 0 0 0
 86 143773.000 87230.000 0 0 0.000 0.000 0.000 0.154 0 1 0 0 0 0
 87 58294.000 81484.000 0 0 0.000 0.000 0.000 0.158 0 1 0 0 0 0
 88 67877.000 133585.000 0 0 0.000 0.000 0.000 0.132 0 1 0 0 0 0
 89 138805.000 125919.000 0 0 0.000 0.000 0.000 0.144 0 1 0 0 0 0
 90 55249.000 114761.000 0 0 0.000 0.000 0.000 0.135 0 1 0 0 0 0
 91 133348.000 67223.000 0 0 0.000 0.000 0.000 0.132 0 1 0 0 0 0
 92 145633.000 87813.000 0 0 0.000 0.000 0.000 0.142 0 1 0 0 0 0
 93 57473.000 123290.000 0 0 0.000 0.000 0.000 0.133 0 1 0 0 0 0
 94 101507.000 149135.000 0 0 0.000 0.000 0.000 0.133 0 1 0 0 0 0
 95 51892.000 89623.000 0 0 0.000 0.000 0.000 0.145 0 1 0 0 0 0
 96 75443.000 57543.000 0 0 0.000 0.000 0.000 0.135 0 1 0 0 0 0
 97 75742.000 57174.000 0 0 0.000 0.000 0.000 0.142 0 1 0 0 0 0
 98 149189.000 103660.000 0 0 0.000 0.000 0.000 0.143 0 1 0 0 0 0
 99 106355.000 50244.000 0 0 0.000 0.000 0.000 0.133 0 1 0 0 0 0
 100 114271.000 148890.000 0 0 0.000 0.000 0.000 0.131 0 1 0 0 0 0
 101 102483.000 151190.000 0 0 0.000 0.000 0.000 0.133 0 1 0 0 0 0
 102 97983.000 151566.000 0 0 0.000 0.000 0.000 0.202 0 1 0 0 0 0
 103 91854.000 151446.000 0 0 0.000 0.000 0.000 0.136 0 1 0 0 0 0
 104 63955.000 62104.000 0 0 0.000 0.000 0.000 0.157 0 1 0 0 0 0
 105 50880.000 118777.000 0 0 56.000 40.000 2240.000 47.328 0 1 1 210 0 0
 106 50609.000 119299.000 0 0 56.000 42.000 2352.000 48.497 0 1 1 210 0 0
 107 50601.000 119457.000 0 0 56.000 42.000 2352.000 48.497 0 1 1 210 0 0
 108 144203.000 129631.000 0 0 0.000 0.000 0.000 0.137 0 1 0 0 0 0
 109 50367.000 119790.000 0 0 56.000 42.000 2352.000 48.497 0 1 1 210 0 0
 110 50193.000 120168.000 0 0 56.000 42.000 2352.000 48.497 0 1 1 210 0 0
 111 142371.000 133391.000 0 0 0.000 0.000 0.000 200000.000 0 1 0 200 0 0
 112 113974.000 152486.000 0 0 0.000 0.000 0.000 0.144 0 1 0 0 0 0
 113 49856.000 120467.000 0 0 56.000 42.000 2352.000 48.497 0 1 1 210 0 0
 114 60952.000 137911.000 0 0 0.000 0.000 0.000 0.132 0 1 0 0 0 0
 115 141032.000 62848.000 0 0 0.000 0.000 0.000 0.133 0 1 0 0 0 0
 116 155385.000 100332.000 0 0 0.000 0.000 0.000 0.130 0 1 0 0 0 0
 117 141009.000 138814.000 0 0 0.000 0.000 0.000 0.131 0 1 0 0 0 0
 118 78768.000 152679.000 0 0 0.000 0.000 0.000 0.132 0 1 0 0 0 0
 119 56346.000 137304.000 0 0 0.000 0.000 0.000 0.139 0 1 0 0 0 0
 120 139798.000 141470.000 0 0 0.000 0.000 0.000 0.149 0 1 0 0 0 0
 121 58941.000 59372.000 0 0 0.000 0.000 0.000 0.133 0 1 0 0 0 0
 122 50634.000 130841.000 0 0 0.000 0.000 0.000 0.136 0 1 0 0 0 0
 123 47422.000 124887.000 0 0 0.000 0.000 0.000 0.138 0 1 0 0 0 0
 124 41744.000 102529.000 0 0 0.000 0.000 0.000 0.131 0 1 0 0 0 0
 125 109111.000 42577.000 0 0 0.000 0.000 0.000 0.132 0 1 0 0 0 0
 126 129049.000 49491.000 0 0 0.000 0.000 0.000 0.138 0 1 0 0 0 0
 127 158508.000 102683.000 0 0 0.000 0.000 0.000 0.136 0 1 0 0 0 0
 128 99134.000 158878.000 0 0 0.000 0.000 0.000 0.135 0 1 0 0 0 0
 129 59198.000 142624.000 0 0 0.000 0.000 0.000 0.130 0 1 0 0 0 0
 130 68133.000 50684.000 0 0 0.000 0.000 0.000 0.136 0 1 0 0 0 0
 131 140142.000 144356.000 0 0 0.000 0.000 0.000 0.131 0 1 0 0 0 0
 132 51639.000 65004.000 0 0 0.000 0.000 0.000 0.140 0 1 0 0 0 0
 133 39575.000 108390.000 0 0 0.000 0.000 0.000 0.137 0 1 0 0 0 0
 134 45366.000 71895.000 0 0 0.000 0.000 0.000 0.133 0 1 0 0 0 0
 135 38810.000 120060.000 0 0 0.000 0.000 0.000 0.131 0 1 0 0 0 0
 136 164505.000 98106.000 0 0 0.000 0.000 0.000 0.146 0 1 0 0 0 0
 137 83937.000 37009.000 0 0 0.000 0.000 0.000 0.132 0 1 0 0 0 0
 138 166428.000 100691.000 0 0 0.000 0.000 0.000 0.139 0 1 0 0 0 0
 139 88010.000 167285.000 0 0 0.000 0.000 0.000 0.132 0 1 0 0 0 0
 140 158723.000 137400.000 0 0 0.000 0.000 0.000 0.137 0 1 0 0 0 0
 141 60899.000 158960.000 0 0 0.000 0.000 0.000 0.135 0 1 0 0 0 0
 142 147885.000 46356.000 0 0 0.000 0.000 0.000 0.139 0 1 0 0 0 0
 143 28140.000 120114.000 0 0 0.000 0.000 0.000 0.130 0 1 0 0 0 0
 144 20482.000 58590.000 0 0 0.000 0.000 0.000 0.154 0 1 0 0 0 0
 145 51233.000 118617.000 0 0 35.697 93.505 3337.908 57.774 0 1 1 210 0 0
 146 51077.000 118689.000 0 0 70.776 185.276 13113.226 114.512 0 1 1 210 0 0
 147 50916.000 118744.000 0 0 57.508 150.590 8660.139 93.059 0 1 1 210 0 0
 148 50476.000 119959.000 0 0 19.134 47.478 908.467 30.140 0 1 1 210 0 0
 149 50338.000 120070.000 0 0 72.160 178.554 12884.632 113.510 0 1 1 210 0 0
 150 50274.000 120365.000 0 0 7.807 19.063 148.843 12.200 0 1 1 210 0 0
 151 50218.000 120226.000 0 0 92.112 226.712 20883.061 144.509 0 1 1 210 0 0
 152 50084.000 120352.000 0 0 84.879 208.170 17669.466 132.926 0 1 1 210 0 0
 153 49937.000 120440.000 0 0 60.751 148.796 9039.613 95.076 0 1 1 210 0 0
 154 49783.000 120512.000 0 0 7.863 19.252 151.396 12.304 0 1 1 210 0 0;
ProcessEquipmentIDList 1
  "R420" ;
SummarySpec 5
  TESTNO    NDEFECT    DEFDENSITY    NDIE    NDEFDIE  ;
SummaryList 
  1    154    0.563    1    1  ;
EndOfFile;
