FileVersion 1 2;
FileTimestamp 01-16-26 03:54:10;
InspectionStationID "KLA-Tencor" "SFSSP1" "0901-0728-TBI";
SampleType WAFER;
ResultTimestamp 01-16-26 03:50:49;
LotID "2580";
SampleSize 1 200;
DeviceID "None";
SetupID "T2-2580NR" 01-16-26 03:50:49;
StepID "6706P";
SampleOrientationMarkType NOTCH;
OrientationMarkLocation DOWN;
DiePitch 200000 200000;
DieOrigin 0 0;
WaferID "05";
Slot 5;
SampleCenterLocation 100000 100000;
ClassLookup 1
  0 "0"  ;
OrientationInstructions "Front";
CoordinatesMirrored No;
InspectionTest 1;
SampleTestPlan 1
  0 0 ;
AreaPerTest 2.73517e+010;
DefectRecordSpec 15 DEFECTID XREL YREL XINDEX YINDEX XSIZE YSIZE DEFECTAREA DSIZE CLASSNUMBER TEST CLUSTERNUMBER ROUGHBINNUMBER FINEBINNUMBER REVIEWSAMPLE ;
DefectList
 1 98570.000 98944.000 0 0 0.000 0.000 0.000 0.161 0 1 0 0 0 0
 2 102511.000 103236.000 0 0 0.000 0.000 0.000 0.151 0 1 0 0 0 0
 3 97249.000 103606.000 0 0 0.000 0.000 0.000 0.138 0 1 0 0 0 0
 4 103931.000 96975.000 0 0 0.000 0.000 0.000 0.136 0 1 0 0 0 0
 5 102036.000 94418.000 0 0 0.000 0.000 0.000 0.132 0 1 0 0 0 0
 6 94222.000 103326.000 0 0 0.000 0.000 0.000 0.136 0 1 0 0 0 0
 7 99951.000 108926.000 0 0 0.000 0.000 0.000 0.135 0 1 0 0 0 0
 8 107175.000 106339.000 0 0 0.000 0.000 0.000 0.133 0 1 0 0 0 0
 9 90340.000 101326.000 0 0 0.000 0.000 0.000 0.137 0 1 0 0 0 0
 10 90531.000 93627.000 0 0 0.000 0.000 0.000 0.138 0 1 0 0 0 0
 11 100851.000 88059.000 0 0 0.000 0.000 0.000 0.133 0 1 0 0 0 0
 12 111071.000 95145.000 0 0 0.000 0.000 0.000 0.135 0 1 0 0 0 0
 13 95103.000 88428.000 0 0 0.000 0.000 0.000 0.130 0 1 0 0 0 0
 14 105148.000 112186.000 0 0 0.000 0.000 0.000 0.143 0 1 0 0 0 0
 15 92312.000 89606.000 0 0 0.000 0.000 0.000 0.141 0 1 0 0 0 0
 16 102577.000 87445.000 0 0 0.000 0.000 0.000 0.137 0 1 0 0 0 0
 17 109007.000 109829.000 0 0 0.000 0.000 0.000 0.154 0 1 0 0 0 0
 18 96684.000 87323.000 0 0 0.000 0.000 0.000 0.131 0 1 0 0 0 0
 19 107349.000 88487.000 0 0 0.000 0.000 0.000 0.133 0 1 0 0 0 0
 20 113988.000 103921.000 0 0 0.000 0.000 0.000 0.138 0 1 0 0 0 0
 21 104792.000 86421.000 0 0 0.000 0.000 0.000 0.146 0 1 0 0 0 0
 22 112009.000 109475.000 0 0 0.000 0.000 0.000 0.149 0 1 0 0 0 0
 23 82881.000 103332.000 0 0 0.000 0.000 0.000 0.149 0 1 0 0 0 0
 24 110902.000 113635.000 0 0 0.000 0.000 0.000 0.131 0 1 0 0 0 0
 25 107647.000 116062.000 0 0 0.000 0.000 0.000 0.132 0 1 0 0 0 0
 26 103064.000 117820.000 0 0 0.000 0.000 0.000 0.133 0 1 0 0 0 0
 27 101692.000 119806.000 0 0 0.000 0.000 0.000 0.132 0 1 0 0 0 0
 28 91543.000 82126.000 0 0 0.000 0.000 0.000 0.130 0 1 0 0 0 0
 29 113274.000 115245.000 0 0 0.000 0.000 0.000 0.154 0 1 0 0 0 0
 30 95850.000 79787.000 0 0 0.000 0.000 0.000 0.141 0 1 0 0 0 0
 31 90667.000 80913.000 0 0 0.000 0.000 0.000 0.138 0 1 0 0 0 0
 32 78371.000 98624.000 0 0 0.000 0.000 0.000 0.133 0 1 0 0 0 0
 33 85661.000 83676.000 0 0 0.000 0.000 0.000 0.145 0 1 0 0 0 0
 34 116336.000 115170.000 0 0 0.000 0.000 0.000 0.155 0 1 0 0 0 0
 35 77326.000 100290.000 0 0 0.000 0.000 0.000 0.133 0 1 0 0 0 0
 36 93756.000 78522.000 0 0 0.000 0.000 0.000 0.139 0 1 0 0 0 0
 37 96952.000 122756.000 0 0 0.000 0.000 0.000 0.135 0 1 0 0 0 0
 38 77060.000 96187.000 0 0 0.000 0.000 0.000 0.134 0 1 0 0 0 0
 39 76507.000 97744.000 0 0 0.000 0.000 0.000 0.136 0 1 0 0 0 0
 40 77220.000 107251.000 0 0 0.000 0.000 0.000 0.152 0 1 0 0 0 0
 41 107956.000 77891.000 0 0 0.000 0.000 0.000 0.142 0 1 0 0 0 0
 42 96146.000 124123.000 0 0 0.000 0.000 0.000 0.133 0 1 0 0 0 0
 43 77889.000 89972.000 0 0 0.000 0.000 0.000 0.143 0 1 0 0 0 0
 44 81995.000 83890.000 0 0 0.000 0.000 0.000 0.151 0 1 0 0 0 0
 45 112140.000 121392.000 0 0 0.000 0.000 0.000 0.132 0 1 0 0 0 0
 46 82274.000 82242.000 0 0 0.000 0.000 0.000 0.130 0 1 0 0 0 0
 47 106306.000 75413.000 0 0 0.000 0.000 0.000 0.145 0 1 0 0 0 0
 48 98453.000 74142.000 0 0 0.000 0.000 0.000 0.139 0 1 0 0 0 0
 49 84477.000 121447.000 0 0 0.000 0.000 0.000 0.140 0 1 0 0 0 0
 50 73622.000 95607.000 0 0 0.000 0.000 0.000 0.134 0 1 0 0 0 0
 51 79488.000 83119.000 0 0 0.000 0.000 0.000 0.131 0 1 0 0 0 0
 52 89987.000 75284.000 0 0 0.000 0.000 0.000 0.143 0 1 0 0 0 0
 53 113828.000 76407.000 0 0 0.000 0.000 0.000 0.130 0 1 0 0 0 0
 54 123298.000 115761.000 0 0 0.000 0.000 0.000 0.146 0 1 0 0 0 0
 55 111760.000 74538.000 0 0 0.000 0.000 0.000 0.130 0 1 0 0 0 0
 56 123779.000 85129.000 0 0 0.000 0.000 0.000 0.139 0 1 0 0 0 0
 57 113991.000 124716.000 0 0 0.000 0.000 0.000 0.131 0 1 0 0 0 0
 58 85279.000 124450.000 0 0 0.000 0.000 0.000 0.139 0 1 0 0 0 0
 59 100577.000 71910.000 0 0 0.000 0.000 0.000 0.136 0 1 0 0 0 0
 60 127167.000 91945.000 0 0 0.000 0.000 0.000 0.146 0 1 0 0 0 0
 61 122333.000 118934.000 0 0 0.000 0.000 0.000 0.138 0 1 0 0 0 0
 62 128172.000 92652.000 0 0 0.000 0.000 0.000 0.132 0 1 0 0 0 0
 63 70939.000 105856.000 0 0 0.000 0.000 0.000 0.135 0 1 0 0 0 0
 64 106539.000 129692.000 0 0 0.000 0.000 0.000 0.132 0 1 0 0 0 0
 65 125566.000 83094.000 0 0 0.000 0.000 0.000 0.146 0 1 0 0 0 0
 66 99894.000 131466.000 0 0 0.000 0.000 0.000 0.142 0 1 0 0 0 0
 67 126212.000 82660.000 0 0 0.000 0.000 0.000 0.134 0 1 0 0 0 0
 68 74579.000 80999.000 0 0 0.000 0.000 0.000 0.132 0 1 0 0 0 0
 69 81333.000 73874.000 0 0 0.000 0.000 0.000 0.142 0 1 0 0 0 0
 70 98030.000 132812.000 0 0 0.000 0.000 0.000 0.130 0 1 0 0 0 0
 71 113510.000 69026.000 0 0 0.000 0.000 0.000 0.134 0 1 0 0 0 0
 72 67210.000 88240.000 0 0 0.000 0.000 0.000 0.148 0 1 0 0 0 0
 73 72219.000 121554.000 0 0 0.000 0.000 0.000 0.134 0 1 0 0 0 0
 74 121638.000 128583.000 0 0 0.000 0.000 0.000 0.137 0 1 0 0 0 0
 75 64104.000 101267.000 0 0 0.000 0.000 0.000 0.131 0 1 0 0 0 0
 76 122813.000 128078.000 0 0 0.000 0.000 0.000 0.134 0 1 0 0 0 0
 77 87564.000 134077.000 0 0 0.000 0.000 0.000 0.139 0 1 0 0 0 0
 78 91774.000 136324.000 0 0 0.000 0.000 0.000 0.132 0 1 0 0 0 0
 79 88581.000 135557.000 0 0 0.000 0.000 0.000 0.137 0 1 0 0 0 0
 80 117134.000 133287.000 0 0 0.000 0.000 0.000 0.130 0 1 0 0 0 0
 81 71324.000 125245.000 0 0 0.000 0.000 0.000 0.132 0 1 0 0 0 0
 82 80779.000 66766.000 0 0 0.000 0.000 0.000 0.133 0 1 0 0 0 0
 83 87875.000 137076.000 0 0 0.000 0.000 0.000 0.132 0 1 0 0 0 0
 84 71313.000 126978.000 0 0 0.000 0.000 0.000 0.137 0 1 0 0 0 0
 85 139684.000 99887.000 0 0 0.000 0.000 0.000 0.131 0 1 0 0 0 0
 86 101629.000 140052.000 0 0 0.000 0.000 0.000 0.150 0 1 0 0 0 0
 87 125569.000 131106.000 0 0 0.000 0.000 0.000 0.132 0 1 0 0 0 0
 88 89873.000 139295.000 0 0 0.000 0.000 0.000 0.164 0 1 0 0 0 0
 89 83776.000 137472.000 0 0 0.000 0.000 0.000 0.142 0 1 0 0 0 0
 90 126105.000 131491.000 0 0 0.000 0.000 0.000 0.139 0 1 0 0 0 0
 91 72407.000 130200.000 0 0 0.000 0.000 0.000 0.136 0 1 0 0 0 0
 92 62507.000 116385.000 0 0 0.000 0.000 0.000 0.130 0 1 0 0 0 0
 93 72298.000 130394.000 0 0 0.000 0.000 0.000 0.137 0 1 0 0 0 0
 94 140648.000 90715.000 0 0 0.000 0.000 0.000 0.131 0 1 0 0 0 0
 95 141503.000 92580.000 0 0 0.000 0.000 0.000 0.132 0 1 0 0 0 0
 96 134549.000 75793.000 0 0 0.000 0.000 0.000 0.130 0 1 0 0 0 0
 97 127368.000 133179.000 0 0 0.000 0.000 0.000 0.134 0 1 0 0 0 0
 98 80114.000 61874.000 0 0 0.000 0.000 0.000 0.141 0 1 0 0 0 0
 99 91533.000 57666.000 0 0 0.000 0.000 0.000 0.131 0 1 0 0 0 0
 100 76474.000 63500.000 0 0 0.000 0.000 0.000 0.141 0 1 0 0 0 0
 101 109665.000 57491.000 0 0 0.000 0.000 0.000 0.147 0 1 0 0 0 0
 102 131138.000 69012.000 0 0 0.000 0.000 0.000 0.133 0 1 0 0 0 0
 103 55918.000 88897.000 0 0 0.000 0.000 0.000 0.134 0 1 0 0 0 0
 104 144220.000 110979.000 0 0 0.000 0.000 0.000 0.131 0 1 0 0 0 0
 105 125642.000 62320.000 0 0 0.000 0.000 0.000 0.133 0 1 0 0 0 0
 106 141749.000 118846.000 0 0 0.000 0.000 0.000 0.132 0 1 0 0 0 0
 107 88571.000 55752.000 0 0 0.000 0.000 0.000 0.141 0 1 0 0 0 0
 108 145867.000 103276.000 0 0 0.000 0.000 0.000 0.140 0 1 0 0 0 0
 109 145544.000 106591.000 0 0 0.000 0.000 0.000 0.130 0 1 0 0 0 0
 110 145242.000 90730.000 0 0 0.000 0.000 0.000 0.132 0 1 0 0 0 0
 111 138180.000 126352.000 0 0 0.000 0.000 0.000 0.132 0 1 0 0 0 0
 112 93433.000 147173.000 0 0 0.000 0.000 0.000 0.141 0 1 0 0 0 0
 113 57291.000 120852.000 0 0 0.000 0.000 0.000 0.130 0 1 0 0 0 0
 114 111171.000 54139.000 0 0 0.000 0.000 0.000 0.136 0 1 0 0 0 0
 115 54020.000 112847.000 0 0 0.000 0.000 0.000 0.154 0 1 0 0 0 0
 116 127583.000 61192.000 0 0 0.000 0.000 0.000 0.135 0 1 0 0 0 0
 117 129229.000 60707.000 0 0 0.000 0.000 0.000 0.149 0 1 0 0 0 0
 118 132389.000 137736.000 0 0 0.000 0.000 0.000 0.130 0 1 0 0 0 0
 119 69735.000 60853.000 0 0 0.000 0.000 0.000 0.142 0 1 0 0 0 0
 120 87478.000 51400.000 0 0 0.000 0.000 0.000 0.142 0 1 0 0 0 0
 121 52549.000 117584.000 0 0 0.000 0.000 0.000 0.133 0 1 0 0 0 0
 122 58671.000 71256.000 0 0 0.000 0.000 0.000 0.130 0 1 0 0 0 0
 123 146964.000 118531.000 0 0 0.000 0.000 0.000 0.131 0 1 0 0 0 0
 124 120610.000 146338.000 0 0 0.000 0.000 0.000 0.132 0 1 0 0 0 0
 125 65423.000 137585.000 0 0 0.000 0.000 0.000 0.130 0 1 0 0 0 0
 126 143313.000 72378.000 0 0 0.000 0.000 0.000 0.130 0 1 0 0 0 0
 127 142848.000 71128.000 0 0 0.000 0.000 0.000 0.130 0 1 0 0 0 0
 128 148884.000 117612.000 0 0 0.000 0.000 0.000 0.132 0 1 0 0 0 0
 129 133870.000 139553.000 0 0 0.000 0.000 0.000 0.140 0 1 0 0 0 0
 130 100087.000 47006.000 0 0 0.000 0.000 0.000 0.136 0 1 0 0 0 0
 131 61667.000 137355.000 0 0 0.000 0.000 0.000 0.145 0 1 0 0 0 0
 132 151899.000 87054.000 0 0 0.000 0.000 0.000 0.133 0 1 0 0 0 0
 133 145161.000 69953.000 0 0 0.000 0.000 0.000 0.144 0 1 0 0 0 0
 134 149692.000 76674.000 0 0 0.000 0.000 0.000 0.134 0 1 0 0 0 0
 135 61704.000 58925.000 0 0 0.000 0.000 0.000 0.136 0 1 0 0 0 0
 136 147540.000 130314.000 0 0 0.000 0.000 0.000 0.133 0 1 0 0 0 0
 137 48738.000 123724.000 0 0 0.000 0.000 0.000 0.142 0 1 0 0 0 0
 138 143038.000 63182.000 0 0 0.000 0.000 0.000 0.149 0 1 0 0 0 0
 139 46079.000 80281.000 0 0 0.000 0.000 0.000 0.151 0 1 0 0 0 0
 140 98713.000 158956.000 0 0 0.000 0.000 0.000 0.131 0 1 0 0 0 0
 141 41402.000 90933.000 0 0 0.000 0.000 0.000 0.134 0 1 0 0 0 0
 142 132276.000 50465.000 0 0 0.000 0.000 0.000 0.130 0 1 0 0 0 0
 143 94596.000 160134.000 0 0 0.000 0.000 0.000 0.139 0 1 0 0 0 0
 144 126159.000 154494.000 0 0 0.000 0.000 0.000 0.141 0 1 0 0 0 0
 145 101077.000 39783.000 0 0 0.000 0.000 0.000 0.134 0 1 0 0 0 0
 146 63918.000 149306.000 0 0 0.000 0.000 0.000 0.145 0 1 0 0 0 0
 147 53863.000 139868.000 0 0 0.000 0.000 0.000 0.148 0 1 0 0 0 0
 148 140215.000 52659.000 0 0 0.000 0.000 0.000 0.139 0 1 0 0 0 0
 149 122748.000 158677.000 0 0 0.000 0.000 0.000 0.134 0 1 0 0 0 0
 150 114069.000 39163.000 0 0 0.000 0.000 0.000 0.132 0 1 0 0 0 0
 151 126597.000 42958.000 0 0 0.000 0.000 0.000 0.150 0 1 0 0 0 0
 152 161829.000 86881.000 0 0 0.000 0.000 0.000 0.131 0 1 0 0 0 0
 153 100973.000 164174.000 0 0 0.000 0.000 0.000 0.131 0 1 0 0 0 0
 154 42798.000 70297.000 0 0 0.000 0.000 0.000 200000.000 0 1 0 200 0 0
 155 155061.000 65769.000 0 0 0.000 0.000 0.000 0.131 0 1 0 0 0 0
 156 164330.000 90140.000 0 0 0.000 0.000 0.000 0.137 0 1 0 0 0 0
 157 165562.000 100463.000 0 0 0.000 0.000 0.000 0.138 0 1 0 0 0 0
 158 58390.000 48554.000 0 0 0.000 0.000 0.000 0.144 0 1 0 0 0 0
 159 138428.000 154362.000 0 0 0.000 0.000 0.000 0.139 0 1 0 0 0 0
 160 64533.000 44087.000 0 0 0.000 0.000 0.000 0.131 0 1 0 0 0 0
 161 41586.000 67573.000 0 0 0.000 0.000 0.000 0.130 0 1 0 0 0 0
 162 47545.000 56451.000 0 0 0.000 0.000 0.000 0.137 0 1 0 0 0 0
 163 144040.000 47961.000 0 0 0.000 0.000 0.000 0.142 0 1 0 0 0 0
 164 159289.000 66351.000 0 0 0.000 0.000 0.000 0.144 0 1 0 0 0 0
 165 40878.000 65127.000 0 0 0.000 0.000 0.000 0.135 0 1 0 0 0 0
 166 32876.000 116435.000 0 0 0.000 0.000 0.000 0.131 0 1 0 0 0 0
 167 134820.000 39866.000 0 0 0.000 0.000 0.000 0.142 0 1 0 0 0 0
 168 31105.000 88471.000 0 0 0.000 0.000 0.000 0.141 0 1 0 0 0 0
 169 115593.000 32000.000 0 0 0.000 0.000 0.000 0.131 0 1 0 0 0 0
 170 167742.000 121102.000 0 0 0.000 0.000 0.000 0.132 0 1 0 0 0 0
 171 30702.000 116092.000 0 0 0.000 0.000 0.000 0.134 0 1 0 0 0 0
 172 42799.000 143009.000 0 0 0.000 0.000 0.000 0.148 0 1 0 0 0 0
 173 103453.000 28949.000 0 0 0.000 0.000 0.000 0.140 0 1 0 0 0 0
 174 30237.000 117519.000 0 0 0.000 0.000 0.000 0.137 0 1 0 0 0 0
 175 30461.000 78826.000 0 0 0.000 0.000 0.000 0.141 0 1 0 0 0 0
 176 172686.000 102894.000 0 0 0.000 0.000 0.000 0.132 0 1 0 0 0 0
 177 115433.000 28444.000 0 0 0.000 0.000 0.000 0.132 0 1 0 0 0 0
 178 27256.000 82649.000 0 0 0.000 0.000 0.000 0.132 0 1 0 0 0 0
 179 142601.000 162395.000 0 0 0.000 0.000 0.000 0.149 0 1 0 0 0 0
 180 174886.000 89874.000 0 0 0.000 0.000 0.000 0.136 0 1 0 0 0 0
 181 155836.000 152151.000 0 0 0.000 0.000 0.000 0.152 0 1 0 0 0 0
 182 168832.000 64524.000 0 0 0.000 0.000 0.000 0.159 0 1 0 0 0 0
 183 169608.000 64758.000 0 0 0.000 0.000 0.000 0.134 0 1 0 0 0 0
 184 178010.000 105576.000 0 0 0.000 0.000 0.000 0.134 0 1 0 0 0 0
 185 178907.000 100266.000 0 0 0.000 0.000 0.000 0.134 0 1 0 0 0 0
 186 85256.000 178464.000 0 0 0.000 0.000 0.000 0.136 0 1 0 0 0 0
 187 179844.000 101024.000 0 0 0.000 0.000 0.000 0.146 0 1 0 0 0 0
 188 124301.000 176573.000 0 0 0.000 0.000 0.000 0.138 0 1 0 0 0 0
 189 105093.000 180139.000 0 0 0.000 0.000 0.000 0.130 0 1 0 0 0 0
 190 48759.000 38385.000 0 0 0.000 0.000 0.000 0.146 0 1 0 0 0 0
 191 155166.000 158542.000 0 0 0.000 0.000 0.000 0.151 0 1 0 0 0 0
 192 94211.000 180359.000 0 0 0.000 0.000 0.000 0.133 0 1 0 0 0 0
 193 41638.000 42174.000 0 0 0.000 0.000 0.000 0.134 0 1 0 0 0 0
 194 182388.000 103050.000 0 0 0.000 0.000 0.000 0.132 0 1 0 0 0 0
 195 176875.000 69217.000 0 0 0.000 0.000 0.000 0.169 0 1 0 0 0 0
 196 91012.000 16828.000 0 0 0.000 0.000 0.000 0.138 0 1 0 0 0 0
 197 183662.000 95731.000 0 0 0.000 0.000 0.000 0.136 0 1 0 0 0 0
 198 177233.000 66955.000 0 0 0.000 0.000 0.000 0.132 0 1 0 0 0 0
 199 73332.000 20223.000 0 0 0.000 0.000 0.000 0.134 0 1 0 0 0 0
 200 181007.000 69651.000 0 0 0.000 0.000 0.000 0.154 0 1 0 0 0 0
 201 181421.000 68063.000 0 0 0.000 0.000 0.000 0.131 0 1 0 0 0 0
 202 191153.000 94556.000 0 0 0.000 0.000 0.000 0.139 0 1 0 0 0 0
 203 186752.000 130566.000 0 0 0.000 0.000 0.000 0.144 0 1 0 0 0 0;
ProcessEquipmentIDList 1
  "R420" ;
SummarySpec 5
  TESTNO    NDEFECT    DEFDENSITY    NDIE    NDEFDIE  ;
SummaryList 
  1    203    0.7422    1    1  ;
EndOfFile;
