FileVersion 1 2;
FileTimestamp 01-16-26 05:41:00;
InspectionStationID "KLA-Tencor" "SFSSP1" "0901-0728-TBI";
SampleType WAFER;
ResultTimestamp 01-16-26 05:36:57;
LotID "2580";
SampleSize 1 200;
DeviceID "None";
SetupID "T2-2580NR" 01-16-26 05:36:57;
StepID "6706P";
SampleOrientationMarkType NOTCH;
OrientationMarkLocation DOWN;
DiePitch 200000 200000;
DieOrigin 0 0;
WaferID "06";
Slot 6;
SampleCenterLocation 100000 100000;
ClassLookup 1
  0 "0"  ;
OrientationInstructions "Front";
CoordinatesMirrored No;
InspectionTest 1;
SampleTestPlan 1
  0 0 ;
AreaPerTest 2.73513e+010;
DefectRecordSpec 15 DEFECTID XREL YREL XINDEX YINDEX XSIZE YSIZE DEFECTAREA DSIZE CLASSNUMBER TEST CLUSTERNUMBER ROUGHBINNUMBER FINEBINNUMBER REVIEWSAMPLE ;
DefectList
 1 98757.000 95089.000 0 0 0.000 0.000 0.000 0.141 0 1 0 0 0 0
 2 104156.000 103845.000 0 0 0.000 0.000 0.000 0.135 0 1 0 0 0 0
 3 103549.000 105938.000 0 0 0.000 0.000 0.000 0.133 0 1 0 0 0 0
 4 105821.000 104953.000 0 0 0.000 0.000 0.000 0.132 0 1 0 0 0 0
 5 93039.000 95795.000 0 0 0.000 0.000 0.000 0.144 0 1 0 0 0 0
 6 98178.000 109271.000 0 0 0.000 0.000 0.000 0.151 0 1 0 0 0 0
 7 105482.000 90876.000 0 0 0.000 0.000 0.000 0.143 0 1 0 0 0 0
 8 104889.000 110533.000 0 0 0.000 0.000 0.000 0.146 0 1 0 0 0 0
 9 111302.000 96585.000 0 0 0.000 0.000 0.000 0.130 0 1 0 0 0 0
 10 100688.000 111961.000 0 0 0.000 0.000 0.000 0.143 0 1 0 0 0 0
 11 111259.000 104921.000 0 0 0.000 0.000 0.000 0.142 0 1 0 0 0 0
 12 109411.000 91945.000 0 0 0.000 0.000 0.000 0.141 0 1 0 0 0 0
 13 113345.000 99829.000 0 0 0.000 0.000 0.000 0.144 0 1 0 0 0 0
 14 93849.000 111911.000 0 0 0.000 0.000 0.000 0.170 0 1 0 0 0 0
 15 112441.000 94257.000 0 0 0.000 0.000 0.000 0.146 0 1 0 0 0 0
 16 110400.000 109325.000 0 0 0.000 0.000 0.000 0.155 0 1 0 0 0 0
 17 86448.000 101669.000 0 0 0.000 0.000 0.000 0.180 0 1 0 0 0 0
 18 112931.000 107944.000 0 0 0.000 0.000 0.000 0.144 0 1 0 0 0 0
 19 85263.000 98253.000 0 0 0.000 0.000 0.000 0.151 0 1 0 0 0 0
 20 93188.000 86300.000 0 0 0.000 0.000 0.000 0.137 0 1 0 0 0 0
 21 85378.000 107160.000 0 0 0.000 0.000 0.000 0.136 0 1 0 0 0 0
 22 105472.000 115914.000 0 0 0.000 0.000 0.000 0.131 0 1 0 0 0 0
 23 102986.000 116507.000 0 0 0.000 0.000 0.000 0.146 0 1 0 0 0 0
 24 111015.000 87013.000 0 0 0.000 0.000 0.000 0.140 0 1 0 0 0 0
 25 108759.000 85282.000 0 0 0.000 0.000 0.000 0.137 0 1 0 0 0 0
 26 111732.000 113880.000 0 0 0.000 0.000 0.000 0.140 0 1 0 0 0 0
 27 105176.000 117490.000 0 0 0.000 0.000 0.000 0.139 0 1 0 0 0 0
 28 103327.000 118543.000 0 0 0.000 0.000 0.000 0.131 0 1 0 0 0 0
 29 98092.000 118850.000 0 0 0.000 0.000 0.000 0.135 0 1 0 0 0 0
 30 107912.000 82888.000 0 0 0.000 0.000 0.000 0.134 0 1 0 0 0 0
 31 87544.000 84905.000 0 0 0.000 0.000 0.000 0.138 0 1 0 0 0 0
 32 104480.000 119563.000 0 0 0.000 0.000 0.000 0.150 0 1 0 0 0 0
 33 84106.000 113556.000 0 0 0.000 0.000 0.000 0.136 0 1 0 0 0 0
 34 77936.000 98814.000 0 0 0.000 0.000 0.000 0.133 0 1 0 0 0 0
 35 116669.000 115547.000 0 0 0.000 0.000 0.000 0.149 0 1 0 0 0 0
 36 88694.000 119950.000 0 0 0.000 0.000 0.000 0.140 0 1 0 0 0 0
 37 103533.000 122991.000 0 0 0.000 0.000 0.000 0.135 0 1 0 0 0 0
 38 77722.000 106192.000 0 0 0.000 0.000 0.000 0.144 0 1 0 0 0 0
 39 104257.000 123338.000 0 0 0.000 0.000 0.000 0.145 0 1 0 0 0 0
 40 83573.000 83118.000 0 0 0.000 0.000 0.000 0.131 0 1 0 0 0 0
 41 122320.000 91133.000 0 0 0.000 0.000 0.000 0.138 0 1 0 0 0 0
 42 86971.000 79452.000 0 0 0.000 0.000 0.000 0.144 0 1 0 0 0 0
 43 75419.000 99379.000 0 0 0.000 0.000 0.000 0.134 0 1 0 0 0 0
 44 109553.000 76590.000 0 0 0.000 0.000 0.000 0.141 0 1 0 0 0 0
 45 91529.000 76036.000 0 0 0.000 0.000 0.000 0.134 0 1 0 0 0 0
 46 87558.000 122807.000 0 0 0.000 0.000 0.000 0.135 0 1 0 0 0 0
 47 117110.000 79801.000 0 0 0.000 0.000 0.000 0.142 0 1 0 0 0 0
 48 104528.000 126821.000 0 0 0.000 0.000 0.000 0.138 0 1 0 0 0 0
 49 73585.000 94984.000 0 0 0.000 0.000 0.000 0.133 0 1 0 0 0 0
 50 88316.000 124465.000 0 0 0.000 0.000 0.000 0.151 0 1 0 0 0 0
 51 100369.000 127661.000 0 0 0.000 0.000 0.000 0.161 0 1 0 0 0 0
 52 74145.000 90626.000 0 0 0.000 0.000 0.000 0.159 0 1 0 0 0 0
 53 123485.000 84158.000 0 0 0.000 0.000 0.000 0.157 0 1 0 0 0 0
 54 128615.000 98226.000 0 0 0.000 0.000 0.000 0.138 0 1 0 0 0 0
 55 71512.000 102449.000 0 0 0.000 0.000 0.000 0.131 0 1 0 0 0 0
 56 102371.000 71409.000 0 0 0.000 0.000 0.000 0.141 0 1 0 0 0 0
 57 125375.000 85266.000 0 0 0.000 0.000 0.000 0.132 0 1 0 0 0 0
 58 129445.000 99451.000 0 0 0.000 0.000 0.000 0.140 0 1 0 0 0 0
 59 101866.000 70705.000 0 0 0.000 0.000 0.000 0.150 0 1 0 0 0 0
 60 87840.000 126902.000 0 0 0.000 0.000 0.000 0.169 0 1 0 0 0 0
 61 117519.000 75984.000 0 0 0.000 0.000 0.000 0.140 0 1 0 0 0 0
 62 127773.000 86518.000 0 0 0.000 0.000 0.000 0.134 0 1 0 0 0 0
 63 109614.000 129392.000 0 0 0.000 0.000 0.000 0.144 0 1 0 0 0 0
 64 69407.000 99967.000 0 0 0.000 0.000 0.000 0.162 0 1 0 0 0 0
 65 107725.000 69620.000 0 0 0.000 0.000 0.000 0.139 0 1 0 0 0 0
 66 124369.000 79947.000 0 0 0.000 0.000 0.000 0.132 0 1 0 0 0 0
 67 73195.000 118174.000 0 0 0.000 0.000 0.000 0.148 0 1 0 0 0 0
 68 86431.000 69667.000 0 0 0.000 0.000 0.000 0.150 0 1 0 0 0 0
 69 95014.000 133189.000 0 0 0.000 0.000 0.000 0.141 0 1 0 0 0 0
 70 86463.000 130726.000 0 0 0.000 0.000 0.000 0.137 0 1 0 0 0 0
 71 111744.000 131618.000 0 0 0.000 0.000 0.000 0.152 0 1 0 0 0 0
 72 69163.000 86679.000 0 0 0.000 0.000 0.000 0.154 0 1 0 0 0 0
 73 69404.000 114956.000 0 0 0.000 0.000 0.000 0.131 0 1 0 0 0 0
 74 66077.000 102300.000 0 0 0.000 0.000 0.000 0.149 0 1 0 0 0 0
 75 124957.000 124182.000 0 0 0.000 0.000 0.000 0.130 0 1 0 0 0 0
 76 132240.000 86595.000 0 0 0.000 0.000 0.000 0.141 0 1 0 0 0 0
 77 65504.000 95721.000 0 0 0.000 0.000 0.000 0.149 0 1 0 0 0 0
 78 65313.000 106946.000 0 0 0.000 0.000 0.000 0.154 0 1 0 0 0 0
 79 64533.000 102112.000 0 0 0.000 0.000 0.000 0.145 0 1 0 0 0 0
 80 135846.000 104300.000 0 0 0.000 0.000 0.000 0.134 0 1 0 0 0 0
 81 135582.000 105651.000 0 0 0.000 0.000 0.000 0.138 0 1 0 0 0 0
 82 134158.000 111668.000 0 0 0.000 0.000 0.000 0.133 0 1 0 0 0 0
 83 91010.000 134823.000 0 0 0.000 0.000 0.000 0.131 0 1 0 0 0 0
 84 65367.000 108761.000 0 0 0.000 0.000 0.000 0.133 0 1 0 0 0 0
 85 125917.000 75035.000 0 0 0.000 0.000 0.000 0.141 0 1 0 0 0 0
 86 73407.000 124976.000 0 0 0.000 0.000 0.000 0.141 0 1 0 0 0 0
 87 124878.000 73161.000 0 0 0.000 0.000 0.000 0.130 0 1 0 0 0 0
 88 75895.000 127735.000 0 0 0.000 0.000 0.000 0.134 0 1 0 0 0 0
 89 134570.000 113542.000 0 0 0.000 0.000 0.000 0.133 0 1 0 0 0 0
 90 73108.000 125988.000 0 0 0.000 0.000 0.000 0.137 0 1 0 0 0 0
 91 97460.000 137665.000 0 0 0.000 0.000 0.000 0.131 0 1 0 0 0 0
 92 126309.000 71711.000 0 0 0.000 0.000 0.000 0.149 0 1 0 0 0 0
 93 108977.000 138577.000 0 0 0.000 0.000 0.000 0.135 0 1 0 0 0 0
 94 134126.000 120356.000 0 0 0.000 0.000 0.000 0.134 0 1 0 0 0 0
 95 60817.000 104618.000 0 0 0.000 0.000 0.000 0.131 0 1 0 0 0 0
 96 71396.000 127539.000 0 0 0.000 0.000 0.000 0.137 0 1 0 0 0 0
 97 128587.000 128152.000 0 0 0.000 0.000 0.000 0.140 0 1 0 0 0 0
 98 82185.000 135719.000 0 0 0.000 0.000 0.000 0.132 0 1 0 0 0 0
 99 60648.000 105895.000 0 0 0.000 0.000 0.000 0.139 0 1 0 0 0 0
 100 65533.000 80181.000 0 0 0.000 0.000 0.000 0.150 0 1 0 0 0 0
 101 84893.000 63102.000 0 0 0.000 0.000 0.000 0.142 0 1 0 0 0 0
 102 77909.000 133584.000 0 0 0.000 0.000 0.000 0.132 0 1 0 0 0 0
 103 136014.000 81601.000 0 0 0.000 0.000 0.000 0.149 0 1 0 0 0 0
 104 126642.000 68851.000 0 0 0.000 0.000 0.000 0.136 0 1 0 0 0 0
 105 83371.000 137920.000 0 0 0.000 0.000 0.000 0.132 0 1 0 0 0 0
 106 71550.000 69382.000 0 0 0.000 0.000 0.000 0.135 0 1 0 0 0 0
 107 104078.000 58184.000 0 0 0.000 0.000 0.000 0.154 0 1 0 0 0 0
 108 99679.000 57794.000 0 0 0.000 0.000 0.000 0.136 0 1 0 0 0 0
 109 80725.000 62250.000 0 0 0.000 0.000 0.000 0.135 0 1 0 0 0 0
 110 60175.000 85167.000 0 0 0.000 0.000 0.000 0.139 0 1 0 0 0 0
 111 131619.000 71222.000 0 0 0.000 0.000 0.000 0.133 0 1 0 0 0 0
 112 69554.000 70179.000 0 0 0.000 0.000 0.000 0.133 0 1 0 0 0 0
 113 57500.000 107983.000 0 0 0.000 0.000 0.000 0.134 0 1 0 0 0 0
 114 56900.000 94651.000 0 0 0.000 0.000 0.000 0.150 0 1 0 0 0 0
 115 92516.000 56838.000 0 0 0.000 0.000 0.000 0.134 0 1 0 0 0 0
 116 118401.000 60011.000 0 0 0.000 0.000 0.000 0.134 0 1 0 0 0 0
 117 56278.000 95469.000 0 0 0.000 0.000 0.000 0.153 0 1 0 0 0 0
 118 56333.000 108237.000 0 0 0.000 0.000 0.000 0.147 0 1 0 0 0 0
 119 132194.000 68454.000 0 0 0.000 0.000 0.000 0.150 0 1 0 0 0 0
 120 71424.000 134986.000 0 0 0.000 0.000 0.000 0.132 0 1 0 0 0 0
 121 145012.000 107830.000 0 0 0.000 0.000 0.000 0.136 0 1 0 0 0 0
 122 57729.000 116418.000 0 0 0.000 0.000 0.000 0.138 0 1 0 0 0 0
 123 145577.000 105870.000 0 0 0.000 0.000 0.000 0.131 0 1 0 0 0 0
 124 137821.000 126475.000 0 0 0.000 0.000 0.000 0.145 0 1 0 0 0 0
 125 136044.000 128630.000 0 0 0.000 0.000 0.000 0.132 0 1 0 0 0 0
 126 101021.000 145885.000 0 0 0.000 0.000 0.000 0.130 0 1 0 0 0 0
 127 87115.000 144016.000 0 0 0.000 0.000 0.000 0.142 0 1 0 0 0 0
 128 80976.000 141973.000 0 0 0.000 0.000 0.000 0.135 0 1 0 0 0 0
 129 67628.000 132839.000 0 0 0.000 0.000 0.000 0.132 0 1 0 0 0 0
 130 100708.000 53520.000 0 0 0.000 0.000 0.000 0.147 0 1 0 0 0 0
 131 56709.000 82747.000 0 0 0.000 0.000 0.000 0.141 0 1 0 0 0 0
 132 147132.000 96738.000 0 0 0.000 0.000 0.000 0.146 0 1 0 0 0 0
 133 82878.000 144289.000 0 0 0.000 0.000 0.000 0.133 0 1 0 0 0 0
 134 110321.000 53494.000 0 0 0.000 0.000 0.000 0.137 0 1 0 0 0 0
 135 145989.000 113437.000 0 0 0.000 0.000 0.000 0.141 0 1 0 0 0 0
 136 72240.000 138845.000 0 0 0.000 0.000 0.000 0.141 0 1 0 0 0 0
 137 126246.000 59466.000 0 0 0.000 0.000 0.000 0.139 0 1 0 0 0 0
 138 67544.000 64622.000 0 0 0.000 0.000 0.000 0.135 0 1 0 0 0 0
 139 81664.000 55318.000 0 0 0.000 0.000 0.000 0.153 0 1 0 0 0 0
 140 52056.000 92898.000 0 0 0.000 0.000 0.000 0.142 0 1 0 0 0 0
 141 54511.000 83509.000 0 0 0.000 0.000 0.000 0.136 0 1 0 0 0 0
 142 69441.000 138413.000 0 0 0.000 0.000 0.000 0.132 0 1 0 0 0 0
 143 101158.000 50725.000 0 0 0.000 0.000 0.000 0.134 0 1 0 0 0 0
 144 147965.000 113143.000 0 0 0.000 0.000 0.000 0.140 0 1 0 0 0 0
 145 148321.000 112810.000 0 0 0.000 0.000 0.000 0.137 0 1 0 0 0 0
 146 57445.000 125633.000 0 0 0.000 0.000 0.000 0.132 0 1 0 0 0 0
 147 50429.000 98953.000 0 0 0.000 0.000 0.000 0.153 0 1 0 0 0 0
 148 98308.000 50344.000 0 0 0.000 0.000 0.000 0.134 0 1 0 0 0 0
 149 110655.000 51159.000 0 0 0.000 0.000 0.000 0.132 0 1 0 0 0 0
 150 131804.000 139398.000 0 0 0.000 0.000 0.000 0.144 0 1 0 0 0 0
 151 50585.000 111504.000 0 0 0.000 0.000 0.000 0.144 0 1 0 0 0 0
 152 109896.000 150195.000 0 0 0.000 0.000 0.000 0.142 0 1 0 0 0 0
 153 59475.000 130792.000 0 0 0.000 0.000 0.000 0.140 0 1 0 0 0 0
 154 143418.000 127839.000 0 0 0.000 0.000 0.000 0.135 0 1 0 0 0 0
 155 84477.000 149993.000 0 0 0.000 0.000 0.000 0.142 0 1 0 0 0 0
 156 127387.000 55233.000 0 0 0.000 0.000 0.000 0.137 0 1 0 0 0 0
 157 115522.000 49794.000 0 0 0.000 0.000 0.000 0.145 0 1 0 0 0 0
 158 130987.000 143094.000 0 0 0.000 0.000 0.000 0.130 0 1 0 0 0 0
 159 66017.000 140338.000 0 0 0.000 0.000 0.000 0.134 0 1 0 0 0 0
 160 140907.000 66175.000 0 0 0.000 0.000 0.000 0.133 0 1 0 0 0 0
 161 150421.000 116960.000 0 0 0.000 0.000 0.000 0.131 0 1 0 0 0 0
 162 121067.000 149014.000 0 0 0.000 0.000 0.000 0.154 0 1 0 0 0 0
 163 133261.000 142156.000 0 0 0.000 0.000 0.000 0.130 0 1 0 0 0 0
 164 83828.000 151050.000 0 0 0.000 0.000 0.000 0.143 0 1 0 0 0 0
 165 46968.000 93497.000 0 0 0.000 0.000 0.000 0.151 0 1 0 0 0 0
 166 123125.000 51179.000 0 0 0.000 0.000 0.000 0.146 0 1 0 0 0 0
 167 102156.000 46151.000 0 0 0.000 0.000 0.000 0.161 0 1 0 0 0 0
 168 151328.000 81620.000 0 0 0.000 0.000 0.000 0.141 0 1 0 0 0 0
 169 154463.000 97471.000 0 0 0.000 0.000 0.000 0.154 0 1 0 0 0 0
 170 51181.000 76618.000 0 0 0.000 0.000 0.000 0.137 0 1 0 0 0 0
 171 142201.000 134853.000 0 0 0.000 0.000 0.000 0.138 0 1 0 0 0 0
 172 120854.000 151422.000 0 0 0.000 0.000 0.000 0.130 0 1 0 0 0 0
 173 45686.000 110214.000 0 0 0.000 0.000 0.000 0.153 0 1 0 0 0 0
 174 138185.000 59551.000 0 0 0.000 0.000 0.000 0.138 0 1 0 0 0 0
 175 117425.000 46977.000 0 0 0.000 0.000 0.000 0.140 0 1 0 0 0 0
 176 155013.000 112038.000 0 0 0.000 0.000 0.000 0.133 0 1 0 0 0 0
 177 91759.000 156453.000 0 0 0.000 0.000 0.000 0.140 0 1 0 0 0 0
 178 150287.000 127360.000 0 0 0.000 0.000 0.000 0.145 0 1 0 0 0 0
 179 44450.000 86365.000 0 0 0.000 0.000 0.000 0.149 0 1 0 0 0 0
 180 93549.000 42521.000 0 0 0.000 0.000 0.000 0.141 0 1 0 0 0 0
 181 158142.000 103147.000 0 0 0.000 0.000 0.000 0.150 0 1 0 0 0 0
 182 95900.000 42059.000 0 0 0.000 0.000 0.000 0.136 0 1 0 0 0 0
 183 51832.000 132812.000 0 0 0.000 0.000 0.000 0.143 0 1 0 0 0 0
 184 149631.000 132064.000 0 0 0.000 0.000 0.000 0.132 0 1 0 0 0 0
 185 154574.000 77608.000 0 0 0.000 0.000 0.000 0.130 0 1 0 0 0 0
 186 148140.000 134421.000 0 0 0.000 0.000 0.000 0.132 0 1 0 0 0 0
 187 126114.000 153279.000 0 0 0.000 0.000 0.000 0.131 0 1 0 0 0 0
 188 46752.000 73840.000 0 0 0.000 0.000 0.000 0.143 0 1 0 0 0 0
 189 48633.000 130006.000 0 0 0.000 0.000 0.000 0.147 0 1 0 0 0 0
 190 122007.000 44538.000 0 0 0.000 0.000 0.000 0.131 0 1 0 0 0 0
 191 94740.000 40419.000 0 0 0.000 0.000 0.000 0.135 0 1 0 0 0 0
 192 92941.000 159936.000 0 0 0.000 0.000 0.000 0.138 0 1 0 0 0 0
 193 112070.000 40891.000 0 0 0.000 0.000 0.000 0.140 0 1 0 0 0 0
 194 103387.000 38522.000 0 0 0.000 0.000 0.000 0.137 0 1 0 0 0 0
 195 147758.000 60778.000 0 0 0.000 0.000 0.000 0.140 0 1 0 0 0 0
 196 47402.000 68383.000 0 0 0.000 0.000 0.000 0.130 0 1 0 0 0 0
 197 58513.000 145709.000 0 0 0.000 0.000 0.000 0.133 0 1 0 0 0 0
 198 143110.000 55387.000 0 0 0.000 0.000 0.000 0.131 0 1 0 0 0 0
 199 103910.000 162246.000 0 0 0.000 0.000 0.000 0.138 0 1 0 0 0 0
 200 119222.000 159591.000 0 0 0.000 0.000 0.000 0.132 0 1 0 0 0 0
 201 116746.000 160691.000 0 0 0.000 0.000 0.000 0.134 0 1 0 0 0 0
 202 48568.000 64419.000 0 0 0.000 0.000 0.000 0.157 0 1 0 0 0 0
 203 61628.000 150526.000 0 0 0.000 0.000 0.000 0.138 0 1 0 0 0 0
 204 36903.000 105338.000 0 0 0.000 0.000 0.000 0.139 0 1 0 0 0 0
 205 124756.000 41188.000 0 0 0.000 0.000 0.000 0.138 0 1 0 0 0 0
 206 146523.000 144131.000 0 0 0.000 0.000 0.000 0.137 0 1 0 0 0 0
 207 69868.000 43952.000 0 0 0.000 0.000 0.000 0.131 0 1 0 0 0 0
 208 36511.000 93175.000 0 0 0.000 0.000 0.000 0.143 0 1 0 0 0 0
 209 39141.000 120024.000 0 0 0.000 0.000 0.000 0.137 0 1 0 0 0 0
 210 92322.000 35742.000 0 0 0.000 0.000 0.000 0.140 0 1 0 0 0 0
 211 109275.000 35825.000 0 0 0.000 0.000 0.000 0.140 0 1 0 0 0 0
 212 136076.000 154628.000 0 0 0.000 0.000 0.000 0.131 0 1 0 0 0 0
 213 45001.000 65327.000 0 0 0.000 0.000 0.000 0.149 0 1 0 0 0 0
 214 48527.000 59685.000 0 0 0.000 0.000 0.000 0.130 0 1 0 0 0 0
 215 166388.000 103984.000 0 0 0.000 0.000 0.000 0.131 0 1 0 0 0 0
 216 160027.000 71043.000 0 0 0.000 0.000 0.000 0.132 0 1 0 0 0 0
 217 126703.000 37986.000 0 0 0.000 0.000 0.000 0.139 0 1 0 0 0 0
 218 115512.000 33789.000 0 0 0.000 0.000 0.000 0.136 0 1 0 0 0 0
 219 161377.000 130707.000 0 0 0.000 0.000 0.000 0.136 0 1 0 0 0 0
 220 92247.000 31798.000 0 0 0.000 0.000 0.000 0.135 0 1 0 0 0 0
 221 39765.000 133671.000 0 0 0.000 0.000 0.000 0.133 0 1 0 0 0 0
 222 109474.000 31054.000 0 0 0.000 0.000 0.000 0.138 0 1 0 0 0 0
 223 37997.000 68180.000 0 0 0.000 0.000 0.000 0.138 0 1 0 0 0 0
 224 66314.000 39036.000 0 0 0.000 0.000 0.000 0.228 0 1 0 0 0 0
 225 144177.000 155007.000 0 0 0.000 0.000 0.000 0.152 0 1 0 0 0 0
 226 142891.000 43996.000 0 0 0.000 0.000 0.000 0.131 0 1 0 0 0 0
 227 30783.000 86742.000 0 0 0.000 0.000 0.000 0.157 0 1 0 0 0 0
 228 75679.000 166941.000 0 0 0.000 0.000 0.000 0.130 0 1 0 0 0 0
 229 162136.000 135932.000 0 0 0.000 0.000 0.000 0.136 0 1 0 0 0 0
 230 93559.000 28047.000 0 0 0.000 0.000 0.000 0.133 0 1 0 0 0 0
 231 120296.000 30152.000 0 0 0.000 0.000 0.000 0.136 0 1 0 0 0 0
 232 155701.000 148201.000 0 0 0.000 0.000 0.000 0.145 0 1 0 0 0 0
 233 26821.000 103616.000 0 0 0.000 0.000 0.000 0.140 0 1 0 0 0 0
 234 98905.000 26481.000 0 0 0.000 0.000 0.000 0.136 0 1 0 0 0 0
 235 66290.000 165529.000 0 0 0.000 0.000 0.000 0.130 0 1 0 0 0 0
 236 169679.000 126320.000 0 0 0.000 0.000 0.000 0.133 0 1 0 0 0 0
 237 30530.000 127131.000 0 0 0.000 0.000 0.000 0.139 0 1 0 0 0 0
 238 170390.000 125719.000 0 0 0.000 0.000 0.000 0.161 0 1 0 0 0 0
 239 88146.000 25962.000 0 0 0.000 0.000 0.000 0.138 0 1 0 0 0 0
 240 171123.000 125101.000 0 0 0.000 0.000 0.000 0.177 0 1 0 0 0 0
 241 152364.000 45550.000 0 0 0.000 0.000 0.000 0.133 0 1 0 0 0 0
 242 157092.000 49674.000 0 0 0.000 0.000 0.000 200000.000 0 1 0 200 0 0
 243 175065.000 84474.000 0 0 0.000 0.000 0.000 0.138 0 1 0 0 0 0
 244 47849.000 43919.000 0 0 0.000 0.000 0.000 0.142 0 1 0 0 0 0
 245 174973.000 121800.000 0 0 0.000 0.000 0.000 0.202 0 1 0 0 0 0
 246 24755.000 77490.000 0 0 0.000 0.000 0.000 0.130 0 1 0 0 0 0
 247 178222.000 118903.000 0 0 0.000 0.000 0.000 0.271 0 1 0 0 0 0
 248 163436.000 49718.000 0 0 0.000 0.000 0.000 0.134 0 1 0 0 0 0
 249 179283.000 117956.000 0 0 0.000 0.000 0.000 0.156 0 1 0 0 0 0
 250 40392.000 155539.000 0 0 0.000 0.000 0.000 0.136 0 1 0 0 0 0
 251 180257.000 117059.000 0 0 0.000 0.000 0.000 0.174 0 1 0 0 0 0
 252 180714.000 116644.000 0 0 0.000 0.000 0.000 0.156 0 1 0 0 0 0
 253 181017.000 116371.000 0 0 0.000 0.000 0.000 0.132 0 1 0 0 0 0
 254 182274.000 115200.000 0 0 0.000 0.000 0.000 0.185 0 1 0 0 0 0
 255 182839.000 114666.000 0 0 0.000 0.000 0.000 0.139 0 1 0 0 0 0
 256 183301.000 114231.000 0 0 0.000 0.000 0.000 0.192 0 1 0 0 0 0
 257 184555.000 113026.000 0 0 0.000 0.000 0.000 0.185 0 1 0 0 0 0
 258 185000.000 112607.000 0 0 0.000 0.000 0.000 0.132 0 1 0 0 0 0
 259 154310.000 167648.000 0 0 0.000 0.000 0.000 0.141 0 1 0 0 0 0
 260 186020.000 111621.000 0 0 0.000 0.000 0.000 0.235 0 1 0 0 0 0
 261 186449.000 111216.000 0 0 0.000 0.000 0.000 0.138 0 1 0 0 0 0
 262 187223.000 98163.000 0 0 0.000 0.000 0.000 0.130 0 1 0 0 0 0
 263 186697.000 110974.000 0 0 0.000 0.000 0.000 0.175 0 1 0 0 0 0
 264 187609.000 110077.000 0 0 0.000 0.000 0.000 0.218 0 1 0 0 0 0
 265 188081.000 109611.000 0 0 0.000 0.000 0.000 0.160 0 1 0 0 0 0
 266 188614.000 109090.000 0 0 0.000 0.000 0.000 0.131 0 1 0 0 0 0
 267 186382.000 123035.000 0 0 0.000 0.000 0.000 0.131 0 1 0 0 0 0
 268 191547.000 99734.000 0 0 0.000 0.000 0.000 0.134 0 1 0 0 0 0
 269 191756.000 105914.000 0 0 0.000 0.000 0.000 0.134 0 1 0 0 0 0
 270 191711.000 106299.000 0 0 0.000 0.000 0.000 0.131 0 1 0 0 0 0
 271 160474.000 169317.000 0 0 0.000 0.000 0.000 0.131 0 1 0 0 0 0
 272 186658.000 131752.000 0 0 0.000 0.000 0.000 0.132 0 1 0 0 0 0
 273 188432.000 71297.000 0 0 0.000 0.000 0.000 0.137 0 1 0 0 0 0;
ProcessEquipmentIDList 1
  "R420" ;
SummarySpec 5
  TESTNO    NDEFECT    DEFDENSITY    NDIE    NDEFDIE  ;
SummaryList 
  1    273    0.9981    1    1  ;
EndOfFile;
