FileVersion 1 2;
FileTimestamp 01-16-26 03:17:59;
InspectionStationID "KLA-Tencor" "SFSSP1" "0901-0728-TBI";
SampleType WAFER;
ResultTimestamp 01-16-26 03:16:10;
LotID "2580";
SampleSize 1 200;
DeviceID "None";
SetupID "T2-2580NR" 01-16-26 03:16:10;
StepID "6706P";
SampleOrientationMarkType NOTCH;
OrientationMarkLocation DOWN;
DiePitch 200000 200000;
DieOrigin 0 0;
WaferID "02";
Slot 2;
SampleCenterLocation 100000 100000;
ClassLookup 1
  0 "0"  ;
OrientationInstructions "Front";
CoordinatesMirrored No;
InspectionTest 1;
SampleTestPlan 1
  0 0 ;
AreaPerTest 2.73516e+010;
DefectRecordSpec 15 DEFECTID XREL YREL XINDEX YINDEX XSIZE YSIZE DEFECTAREA DSIZE CLASSNUMBER TEST CLUSTERNUMBER ROUGHBINNUMBER FINEBINNUMBER REVIEWSAMPLE ;
DefectList
 1 97921.000 96559.000 0 0 0.000 0.000 0.000 0.147 0 1 0 0 0 0
 2 100570.000 94998.000 0 0 0.000 0.000 0.000 0.135 0 1 0 0 0 0
 3 100835.000 94469.000 0 0 0.000 0.000 0.000 0.132 0 1 0 0 0 0
 4 93920.000 96376.000 0 0 0.000 0.000 0.000 0.134 0 1 0 0 0 0
 5 105803.000 107822.000 0 0 0.000 0.000 0.000 0.151 0 1 0 0 0 0
 6 104710.000 91111.000 0 0 0.000 0.000 0.000 0.144 0 1 0 0 0 0
 7 99510.000 89512.000 0 0 0.000 0.000 0.000 0.130 0 1 0 0 0 0
 8 112151.000 102291.000 0 0 0.000 0.000 0.000 0.144 0 1 0 0 0 0
 9 91934.000 88472.000 0 0 0.000 0.000 0.000 0.146 0 1 0 0 0 0
 10 87737.000 110376.000 0 0 0.000 0.000 0.000 0.131 0 1 0 0 0 0
 11 90648.000 87130.000 0 0 0.000 0.000 0.000 0.132 0 1 0 0 0 0
 12 84879.000 112201.000 0 0 0.000 0.000 0.000 0.131 0 1 0 0 0 0
 13 82686.000 91773.000 0 0 0.000 0.000 0.000 0.144 0 1 0 0 0 0
 14 108934.000 83135.000 0 0 0.000 0.000 0.000 0.139 0 1 0 0 0 0
 15 97524.000 119469.000 0 0 0.000 0.000 0.000 0.150 0 1 0 0 0 0
 16 80525.000 102409.000 0 0 0.000 0.000 0.000 0.140 0 1 0 0 0 0
 17 106890.000 118865.000 0 0 0.000 0.000 0.000 0.135 0 1 0 0 0 0
 18 87541.000 116015.000 0 0 0.000 0.000 0.000 0.134 0 1 0 0 0 0
 19 118257.000 91843.000 0 0 0.000 0.000 0.000 0.171 0 1 0 0 0 0
 20 110903.000 117226.000 0 0 0.000 0.000 0.000 0.141 0 1 0 0 0 0
 21 84086.000 87643.000 0 0 0.000 0.000 0.000 0.140 0 1 0 0 0 0
 22 96776.000 80044.000 0 0 0.000 0.000 0.000 0.149 0 1 0 0 0 0
 23 121481.000 98600.000 0 0 0.000 0.000 0.000 0.139 0 1 0 0 0 0
 24 80576.000 90405.000 0 0 0.000 0.000 0.000 0.139 0 1 0 0 0 0
 25 84307.000 115562.000 0 0 0.000 0.000 0.000 0.139 0 1 0 0 0 0
 26 79586.000 92145.000 0 0 0.000 0.000 0.000 0.136 0 1 0 0 0 0
 27 122060.000 102635.000 0 0 0.000 0.000 0.000 0.132 0 1 0 0 0 0
 28 77827.000 98685.000 0 0 0.000 0.000 0.000 0.131 0 1 0 0 0 0
 29 121545.000 107993.000 0 0 0.000 0.000 0.000 0.149 0 1 0 0 0 0
 30 77634.000 93480.000 0 0 0.000 0.000 0.000 0.142 0 1 0 0 0 0
 31 109200.000 78797.000 0 0 0.000 0.000 0.000 0.139 0 1 0 0 0 0
 32 109137.000 121664.000 0 0 0.000 0.000 0.000 0.130 0 1 0 0 0 0
 33 122431.000 107479.000 0 0 0.000 0.000 0.000 0.149 0 1 0 0 0 0
 34 101343.000 76524.000 0 0 0.000 0.000 0.000 0.132 0 1 0 0 0 0
 35 102307.000 75910.000 0 0 0.000 0.000 0.000 0.152 0 1 0 0 0 0
 36 75941.000 107785.000 0 0 0.000 0.000 0.000 0.140 0 1 0 0 0 0
 37 80905.000 118038.000 0 0 0.000 0.000 0.000 0.133 0 1 0 0 0 0
 38 97527.000 74001.000 0 0 0.000 0.000 0.000 0.130 0 1 0 0 0 0
 39 125928.000 106125.000 0 0 0.000 0.000 0.000 0.161 0 1 0 0 0 0
 40 95755.000 126564.000 0 0 0.000 0.000 0.000 0.137 0 1 0 0 0 0
 41 82522.000 120689.000 0 0 0.000 0.000 0.000 0.159 0 1 0 0 0 0
 42 78852.000 82894.000 0 0 0.000 0.000 0.000 0.130 0 1 0 0 0 0
 43 103277.000 127503.000 0 0 0.000 0.000 0.000 0.139 0 1 0 0 0 0
 44 74587.000 89513.000 0 0 0.000 0.000 0.000 0.147 0 1 0 0 0 0
 45 92729.000 127100.000 0 0 0.000 0.000 0.000 0.144 0 1 0 0 0 0
 46 124242.000 85581.000 0 0 0.000 0.000 0.000 0.138 0 1 0 0 0 0
 47 70306.000 101374.000 0 0 0.000 0.000 0.000 0.143 0 1 0 0 0 0
 48 128596.000 111382.000 0 0 0.000 0.000 0.000 0.135 0 1 0 0 0 0
 49 74389.000 82566.000 0 0 0.000 0.000 0.000 0.130 0 1 0 0 0 0
 50 110911.000 69899.000 0 0 0.000 0.000 0.000 0.151 0 1 0 0 0 0
 51 122485.000 76427.000 0 0 0.000 0.000 0.000 0.139 0 1 0 0 0 0
 52 112340.000 69607.000 0 0 0.000 0.000 0.000 0.160 0 1 0 0 0 0
 53 132611.000 95063.000 0 0 0.000 0.000 0.000 0.136 0 1 0 0 0 0
 54 123799.000 123911.000 0 0 0.000 0.000 0.000 0.146 0 1 0 0 0 0
 55 93344.000 66866.000 0 0 0.000 0.000 0.000 0.136 0 1 0 0 0 0
 56 66833.000 91913.000 0 0 0.000 0.000 0.000 0.138 0 1 0 0 0 0
 57 78043.000 127179.000 0 0 0.000 0.000 0.000 0.131 0 1 0 0 0 0
 58 66713.000 109976.000 0 0 0.000 0.000 0.000 0.141 0 1 0 0 0 0
 59 126348.000 77591.000 0 0 0.000 0.000 0.000 0.149 0 1 0 0 0 0
 60 90213.000 133636.000 0 0 0.000 0.000 0.000 0.149 0 1 0 0 0 0
 61 128143.000 122489.000 0 0 0.000 0.000 0.000 0.146 0 1 0 0 0 0
 62 69610.000 119962.000 0 0 0.000 0.000 0.000 0.140 0 1 0 0 0 0
 63 97991.000 64010.000 0 0 0.000 0.000 0.000 0.163 0 1 0 0 0 0
 64 127580.000 123868.000 0 0 0.000 0.000 0.000 0.165 0 1 0 0 0 0
 65 74967.000 73878.000 0 0 0.000 0.000 0.000 0.130 0 1 0 0 0 0
 66 83903.000 133182.000 0 0 0.000 0.000 0.000 0.167 0 1 0 0 0 0
 67 136233.000 106254.000 0 0 0.000 0.000 0.000 0.136 0 1 0 0 0 0
 68 98665.000 63123.000 0 0 0.000 0.000 0.000 0.132 0 1 0 0 0 0
 69 73796.000 73238.000 0 0 0.000 0.000 0.000 0.152 0 1 0 0 0 0
 70 61686.000 108225.000 0 0 0.000 0.000 0.000 0.132 0 1 0 0 0 0
 71 68096.000 123231.000 0 0 0.000 0.000 0.000 0.150 0 1 0 0 0 0
 72 138110.000 90260.000 0 0 0.000 0.000 0.000 0.146 0 1 0 0 0 0
 73 66677.000 121913.000 0 0 0.000 0.000 0.000 0.148 0 1 0 0 0 0
 74 129406.000 72753.000 0 0 0.000 0.000 0.000 0.130 0 1 0 0 0 0
 75 68667.000 73974.000 0 0 0.000 0.000 0.000 0.158 0 1 0 0 0 0
 76 107283.000 141161.000 0 0 0.000 0.000 0.000 0.133 0 1 0 0 0 0
 77 114127.000 139790.000 0 0 0.000 0.000 0.000 0.135 0 1 0 0 0 0
 78 58224.000 94803.000 0 0 0.000 0.000 0.000 0.131 0 1 0 0 0 0
 79 118394.000 138446.000 0 0 0.000 0.000 0.000 0.137 0 1 0 0 0 0
 80 74967.000 65582.000 0 0 0.000 0.000 0.000 0.143 0 1 0 0 0 0
 81 130307.000 69900.000 0 0 0.000 0.000 0.000 0.146 0 1 0 0 0 0
 82 142693.000 104928.000 0 0 0.000 0.000 0.000 0.131 0 1 0 0 0 0
 83 94102.000 143876.000 0 0 0.000 0.000 0.000 0.132 0 1 0 0 0 0
 84 121551.000 61156.000 0 0 0.000 0.000 0.000 0.136 0 1 0 0 0 0
 85 135661.000 73477.000 0 0 0.000 0.000 0.000 0.133 0 1 0 0 0 0
 86 135714.000 73055.000 0 0 0.000 0.000 0.000 0.134 0 1 0 0 0 0
 87 89358.000 56424.000 0 0 0.000 0.000 0.000 0.142 0 1 0 0 0 0
 88 131351.000 67688.000 0 0 0.000 0.000 0.000 0.132 0 1 0 0 0 0
 89 144377.000 91759.000 0 0 0.000 0.000 0.000 0.147 0 1 0 0 0 0
 90 130325.000 66161.000 0 0 0.000 0.000 0.000 0.132 0 1 0 0 0 0
 91 54275.000 102958.000 0 0 0.000 0.000 0.000 0.165 0 1 0 0 0 0
 92 79124.000 59556.000 0 0 0.000 0.000 0.000 0.131 0 1 0 0 0 0
 93 82000.000 58062.000 0 0 0.000 0.000 0.000 0.155 0 1 0 0 0 0
 94 69850.000 64846.000 0 0 0.000 0.000 0.000 0.139 0 1 0 0 0 0
 95 91846.000 146069.000 0 0 0.000 0.000 0.000 0.143 0 1 0 0 0 0
 96 68958.000 65585.000 0 0 0.000 0.000 0.000 0.130 0 1 0 0 0 0
 97 106829.000 54049.000 0 0 0.000 0.000 0.000 0.145 0 1 0 0 0 0
 98 54303.000 89965.000 0 0 0.000 0.000 0.000 0.133 0 1 0 0 0 0
 99 54866.000 86518.000 0 0 0.000 0.000 0.000 0.136 0 1 0 0 0 0
 100 142734.000 120163.000 0 0 0.000 0.000 0.000 0.161 0 1 0 0 0 0
 101 135725.000 67911.000 0 0 0.000 0.000 0.000 0.150 0 1 0 0 0 0
 102 56130.000 79084.000 0 0 0.000 0.000 0.000 0.135 0 1 0 0 0 0
 103 55475.000 80276.000 0 0 0.000 0.000 0.000 0.135 0 1 0 0 0 0
 104 56883.000 77367.000 0 0 0.000 0.000 0.000 0.130 0 1 0 0 0 0
 105 147710.000 90117.000 0 0 0.000 0.000 0.000 0.134 0 1 0 0 0 0
 106 149324.000 97798.000 0 0 0.000 0.000 0.000 0.143 0 1 0 0 0 0
 107 149414.000 104185.000 0 0 0.000 0.000 0.000 0.147 0 1 0 0 0 0
 108 58142.000 127497.000 0 0 0.000 0.000 0.000 0.137 0 1 0 0 0 0
 109 133960.000 63572.000 0 0 0.000 0.000 0.000 0.136 0 1 0 0 0 0
 110 64676.000 64741.000 0 0 0.000 0.000 0.000 0.130 0 1 0 0 0 0
 111 121800.000 146204.000 0 0 0.000 0.000 0.000 0.147 0 1 0 0 0 0
 112 109650.000 150891.000 0 0 0.000 0.000 0.000 0.133 0 1 0 0 0 0
 113 70960.000 57127.000 0 0 0.000 0.000 0.000 0.141 0 1 0 0 0 0
 114 111159.000 49480.000 0 0 0.000 0.000 0.000 0.145 0 1 0 0 0 0
 115 47855.000 93564.000 0 0 0.000 0.000 0.000 0.130 0 1 0 0 0 0
 116 55975.000 71528.000 0 0 0.000 0.000 0.000 0.136 0 1 0 0 0 0
 117 135757.000 138982.000 0 0 0.000 0.000 0.000 0.132 0 1 0 0 0 0
 118 126653.000 145989.000 0 0 0.000 0.000 0.000 0.133 0 1 0 0 0 0
 119 112057.000 152868.000 0 0 0.000 0.000 0.000 0.131 0 1 0 0 0 0
 120 131505.000 56228.000 0 0 0.000 0.000 0.000 0.138 0 1 0 0 0 0
 121 47232.000 115056.000 0 0 0.000 0.000 0.000 0.139 0 1 0 0 0 0
 122 56277.000 133880.000 0 0 0.000 0.000 0.000 0.152 0 1 0 0 0 0
 123 47039.000 83443.000 0 0 0.000 0.000 0.000 0.138 0 1 0 0 0 0
 124 92963.000 45248.000 0 0 0.000 0.000 0.000 0.139 0 1 0 0 0 0
 125 65313.000 56433.000 0 0 0.000 0.000 0.000 0.137 0 1 0 0 0 0
 126 113515.000 46139.000 0 0 0.000 0.000 0.000 0.133 0 1 0 0 0 0
 127 79872.000 152717.000 0 0 0.000 0.000 0.000 0.141 0 1 0 0 0 0
 128 63659.000 143751.000 0 0 0.000 0.000 0.000 0.133 0 1 0 0 0 0
 129 157267.000 105308.000 0 0 0.000 0.000 0.000 0.136 0 1 0 0 0 0
 130 58201.000 140318.000 0 0 0.000 0.000 0.000 0.143 0 1 0 0 0 0
 131 41928.000 95900.000 0 0 0.000 0.000 0.000 0.138 0 1 0 0 0 0
 132 71724.000 49352.000 0 0 0.000 0.000 0.000 0.150 0 1 0 0 0 0
 133 147889.000 133574.000 0 0 0.000 0.000 0.000 0.130 0 1 0 0 0 0
 134 111585.000 158606.000 0 0 0.000 0.000 0.000 0.131 0 1 0 0 0 0
 135 150561.000 68279.000 0 0 0.000 0.000 0.000 0.133 0 1 0 0 0 0
 136 140757.000 55876.000 0 0 0.000 0.000 0.000 0.138 0 1 0 0 0 0
 137 89765.000 161529.000 0 0 0.000 0.000 0.000 0.130 0 1 0 0 0 0
 138 141895.000 54087.000 0 0 0.000 0.000 0.000 0.145 0 1 0 0 0 0
 139 53335.000 58877.000 0 0 0.000 0.000 0.000 0.132 0 1 0 0 0 0
 140 47783.000 64935.000 0 0 0.000 0.000 0.000 0.143 0 1 0 0 0 0
 141 39449.000 82241.000 0 0 0.000 0.000 0.000 0.131 0 1 0 0 0 0
 142 66690.000 154432.000 0 0 0.000 0.000 0.000 0.133 0 1 0 0 0 0
 143 40685.000 77453.000 0 0 0.000 0.000 0.000 0.132 0 1 0 0 0 0
 144 91708.000 36865.000 0 0 0.000 0.000 0.000 0.133 0 1 0 0 0 0
 145 62059.000 153615.000 0 0 0.000 0.000 0.000 0.132 0 1 0 0 0 0
 146 63048.000 45505.000 0 0 0.000 0.000 0.000 0.149 0 1 0 0 0 0
 147 48402.000 58495.000 0 0 0.000 0.000 0.000 0.141 0 1 0 0 0 0
 148 67227.000 158065.000 0 0 0.000 0.000 0.000 0.137 0 1 0 0 0 0
 149 33265.000 85493.000 0 0 0.000 0.000 0.000 0.134 0 1 0 0 0 0
 150 154350.000 57672.000 0 0 0.000 0.000 0.000 0.132 0 1 0 0 0 0
 151 167513.000 117524.000 0 0 0.000 0.000 0.000 0.134 0 1 0 0 0 0
 152 109016.000 169441.000 0 0 0.000 0.000 0.000 0.140 0 1 0 0 0 0
 153 85105.000 169568.000 0 0 0.000 0.000 0.000 0.147 0 1 0 0 0 0
 154 167156.000 123925.000 0 0 0.000 0.000 0.000 0.143 0 1 0 0 0 0
 155 132713.000 165602.000 0 0 0.000 0.000 0.000 0.137 0 1 0 0 0 0
 156 27379.000 86523.000 0 0 0.000 0.000 0.000 0.132 0 1 0 0 0 0
 157 174423.000 89354.000 0 0 0.000 0.000 0.000 0.140 0 1 0 0 0 0
 158 43120.000 158100.000 0 0 0.000 0.000 0.000 0.134 0 1 0 0 0 0
 159 146999.000 166836.000 0 0 0.000 0.000 0.000 0.142 0 1 0 0 0 0
 160 151635.000 34603.000 0 0 0.000 0.000 0.000 0.144 0 1 0 0 0 0;
ProcessEquipmentIDList 1
  "R420" ;
SummarySpec 5
  TESTNO    NDEFECT    DEFDENSITY    NDIE    NDEFDIE  ;
SummaryList 
  1    160    0.585    1    1  ;
EndOfFile;
