FileVersion 1 2;
FileTimestamp 01-16-26 22:47:01;
InspectionStationID "KLA-Tencor" "SFSSP1" "0901-0728-TBI";
SampleType WAFER;
ResultTimestamp 01-16-26 22:41:22;
LotID "2580";
SampleSize 1 200;
DeviceID "None";
SetupID "T2-2580NR" 01-16-26 22:41:22;
StepID "6703";
SampleOrientationMarkType NOTCH;
OrientationMarkLocation DOWN;
DiePitch 200000 200000;
DieOrigin 0 0;
WaferID "05";
Slot 5;
SampleCenterLocation 100000 100000;
ClassLookup 1
  0 "0"  ;
OrientationInstructions "Front";
CoordinatesMirrored No;
InspectionTest 1;
SampleTestPlan 1
  0 0 ;
AreaPerTest 2.73522e+010;
ClusterClassificationList 2
  2 210 
  1 200 ;
DefectRecordSpec 15 DEFECTID XREL YREL XINDEX YINDEX XSIZE YSIZE DEFECTAREA DSIZE CLASSNUMBER TEST CLUSTERNUMBER ROUGHBINNUMBER FINEBINNUMBER REVIEWSAMPLE ;
DefectList
 1 100276.000 98104.000 0 0 0.000 0.000 0.000 0.137 0 1 0 0 0 0
 2 105240.000 103373.000 0 0 0.000 0.000 0.000 0.136 0 1 0 0 0 0
 3 103364.000 93872.000 0 0 0.000 0.000 0.000 0.148 0 1 0 0 0 0
 4 105418.000 95428.000 0 0 0.000 0.000 0.000 0.137 0 1 0 0 0 0
 5 95468.000 106325.000 0 0 0.000 0.000 0.000 0.137 0 1 0 0 0 0
 6 96172.000 93247.000 0 0 0.000 0.000 0.000 0.138 0 1 0 0 0 0
 7 104618.000 110165.000 0 0 0.000 0.000 0.000 0.141 0 1 0 0 0 0
 8 88594.000 99837.000 0 0 0.000 0.000 0.000 0.138 0 1 0 0 0 0
 9 110972.000 103966.000 0 0 0.000 0.000 0.000 0.134 0 1 0 0 0 0
 10 88299.000 93847.000 0 0 0.000 0.000 0.000 0.136 0 1 0 0 0 0
 11 114301.000 96360.000 0 0 0.000 0.000 0.000 0.150 0 1 0 0 0 0
 12 85315.000 94888.000 0 0 0.000 0.000 0.000 0.132 0 1 0 0 0 0
 13 113870.000 93341.000 0 0 0.000 0.000 0.000 0.154 0 1 0 0 0 0
 14 101599.000 84449.000 0 0 0.000 0.000 0.000 0.137 0 1 0 0 0 0
 15 93656.000 84499.000 0 0 0.000 0.000 0.000 0.142 0 1 0 0 0 0
 16 87807.000 112741.000 0 0 0.000 0.000 0.000 0.145 0 1 0 0 0 0
 17 106887.000 83734.000 0 0 0.000 0.000 0.000 0.133 0 1 0 0 0 0
 18 114516.000 110542.000 0 0 0.000 0.000 0.000 0.137 0 1 0 0 0 0
 19 118081.000 104759.000 0 0 0.000 0.000 0.000 0.139 0 1 0 0 0 0
 20 90774.000 116881.000 0 0 0.000 0.000 0.000 0.141 0 1 0 0 0 0
 21 86270.000 114616.000 0 0 0.000 0.000 0.000 0.144 0 1 0 0 0 0
 22 80070.000 103436.000 0 0 0.000 0.000 0.000 0.136 0 1 0 0 0 0
 23 80976.000 90469.000 0 0 0.000 0.000 0.000 0.130 0 1 0 0 0 0
 24 120982.000 95984.000 0 0 0.000 0.000 0.000 0.145 0 1 0 0 0 0
 25 92382.000 78293.000 0 0 0.000 0.000 0.000 0.131 0 1 0 0 0 0
 26 105227.000 76943.000 0 0 0.000 0.000 0.000 0.130 0 1 0 0 0 0
 27 82974.000 117102.000 0 0 0.000 0.000 0.000 0.139 0 1 0 0 0 0
 28 102538.000 126713.000 0 0 0.000 0.000 0.000 0.140 0 1 0 0 0 0
 29 90083.000 75365.000 0 0 0.000 0.000 0.000 0.132 0 1 0 0 0 0
 30 88864.000 125839.000 0 0 0.000 0.000 0.000 0.134 0 1 0 0 0 0
 31 77766.000 117329.000 0 0 0.000 0.000 0.000 0.134 0 1 0 0 0 0
 32 72771.000 108152.000 0 0 0.000 0.000 0.000 0.150 0 1 0 0 0 0
 33 75590.000 115252.000 0 0 0.000 0.000 0.000 0.131 0 1 0 0 0 0
 34 93638.000 128562.000 0 0 0.000 0.000 0.000 0.134 0 1 0 0 0 0
 35 96730.000 129249.000 0 0 0.000 0.000 0.000 0.130 0 1 0 0 0 0
 36 71435.000 106888.000 0 0 0.000 0.000 0.000 0.138 0 1 0 0 0 0
 37 82679.000 124084.000 0 0 0.000 0.000 0.000 0.132 0 1 0 0 0 0
 38 83271.000 75575.000 0 0 0.000 0.000 0.000 0.141 0 1 0 0 0 0
 39 84958.000 126311.000 0 0 0.000 0.000 0.000 0.136 0 1 0 0 0 0
 40 70839.000 91603.000 0 0 0.000 0.000 0.000 0.134 0 1 0 0 0 0
 41 71160.000 110486.000 0 0 0.000 0.000 0.000 0.136 0 1 0 0 0 0
 42 69308.000 102509.000 0 0 0.000 0.000 0.000 0.168 0 1 0 0 0 0
 43 115020.000 127105.000 0 0 0.000 0.000 0.000 0.149 0 1 0 0 0 0
 44 68219.000 107196.000 0 0 0.000 0.000 0.000 0.134 0 1 0 0 0 0
 45 69201.000 111020.000 0 0 0.000 0.000 0.000 0.151 0 1 0 0 0 0
 46 132754.000 104038.000 0 0 0.000 0.000 0.000 0.148 0 1 0 0 0 0
 47 69424.000 116564.000 0 0 0.000 0.000 0.000 0.155 0 1 0 0 0 0
 48 108295.000 66485.000 0 0 0.000 0.000 0.000 0.142 0 1 0 0 0 0
 49 69399.000 116963.000 0 0 0.000 0.000 0.000 0.209 0 1 0 0 0 0
 50 65983.000 108194.000 0 0 0.000 0.000 0.000 0.132 0 1 0 0 0 0
 51 66628.000 89303.000 0 0 0.000 0.000 0.000 0.142 0 1 0 0 0 0
 52 67391.000 86913.000 0 0 0.000 0.000 0.000 0.137 0 1 0 0 0 0
 53 69241.000 117327.000 0 0 0.000 0.000 0.000 0.135 0 1 0 0 0 0
 54 70651.000 119975.000 0 0 0.000 0.000 0.000 0.134 0 1 0 0 0 0
 55 80980.000 130632.000 0 0 0.000 0.000 0.000 0.133 0 1 0 0 0 0
 56 64124.000 103954.000 0 0 0.000 0.000 0.000 0.136 0 1 0 0 0 0
 57 66042.000 87904.000 0 0 0.000 0.000 0.000 0.133 0 1 0 0 0 0
 58 65524.000 111525.000 0 0 0.000 0.000 0.000 0.226 0 1 0 0 0 0
 59 70695.000 121885.000 0 0 0.000 0.000 0.000 0.137 0 1 0 0 0 0
 60 64506.000 110189.000 0 0 0.000 0.000 0.000 0.132 0 1 0 0 0 0
 61 114115.000 134140.000 0 0 0.000 0.000 0.000 0.133 0 1 0 0 0 0
 62 65286.000 112779.000 0 0 0.000 0.000 0.000 0.132 0 1 0 0 0 0
 63 132538.000 117671.000 0 0 0.000 0.000 0.000 0.144 0 1 0 0 0 0
 64 73046.000 73780.000 0 0 0.000 0.000 0.000 0.139 0 1 0 0 0 0
 65 126270.000 127057.000 0 0 0.000 0.000 0.000 0.142 0 1 0 0 0 0
 66 117776.000 133351.000 0 0 0.000 0.000 0.000 0.137 0 1 0 0 0 0
 67 137131.000 106655.000 0 0 54.000 32.000 1728.000 41.569 0 1 2 210 0 0
 68 137025.000 107195.000 0 0 54.000 32.000 1728.000 41.569 0 1 2 210 0 0
 69 136981.000 107449.000 0 0 54.000 32.000 1728.000 41.569 0 1 2 210 0 0
 70 137592.000 104727.000 0 0 0.000 0.000 0.000 0.157 0 1 0 0 0 0
 71 136925.000 107963.000 0 0 54.000 34.000 1836.000 42.848 0 1 2 210 0 0
 72 136923.000 108101.000 0 0 54.000 34.000 1836.000 42.848 0 1 2 210 0 0
 73 137960.000 102416.000 0 0 0.000 0.000 0.000 0.163 0 1 0 0 0 0
 74 137936.000 102755.000 0 0 0.000 0.000 0.000 0.131 0 1 0 0 0 0
 75 137902.000 103026.000 0 0 0.000 0.000 0.000 0.139 0 1 0 0 0 0
 76 137729.000 104114.000 0 0 0.000 0.000 0.000 0.156 0 1 0 0 0 0
 77 138075.000 101222.000 0 0 0.000 0.000 0.000 0.139 0 1 0 0 0 0
 78 138092.000 101158.000 0 0 0.000 0.000 0.000 0.205 0 1 0 0 0 0
 79 136852.000 109879.000 0 0 0.000 0.000 0.000 0.201 0 1 0 0 0 0
 80 65191.000 117607.000 0 0 0.000 0.000 0.000 0.142 0 1 0 0 0 0
 81 64976.000 117535.000 0 0 0.000 0.000 0.000 0.136 0 1 0 0 0 0
 82 138747.000 102523.000 0 0 0.000 0.000 0.000 0.151 0 1 0 0 0 0
 83 137015.000 112062.000 0 0 0.000 0.000 0.000 0.139 0 1 0 0 0 0
 84 133304.000 120279.000 0 0 0.000 0.000 0.000 0.148 0 1 0 0 0 0
 85 128720.000 126485.000 0 0 0.000 0.000 0.000 0.142 0 1 0 0 0 0
 86 137008.000 112330.000 0 0 0.000 0.000 0.000 0.155 0 1 0 0 0 0
 87 65804.000 119813.000 0 0 0.000 0.000 0.000 0.134 0 1 0 0 0 0
 88 91418.000 60987.000 0 0 0.000 0.000 0.000 0.140 0 1 0 0 0 0
 89 67011.000 123238.000 0 0 0.000 0.000 0.000 0.211 0 1 0 0 0 0
 90 140055.000 103360.000 0 0 0.000 0.000 0.000 0.138 0 1 0 0 0 0
 91 140111.000 95391.000 0 0 0.000 0.000 0.000 0.137 0 1 0 0 0 0
 92 62736.000 117797.000 0 0 0.000 0.000 0.000 0.152 0 1 0 0 0 0
 93 61047.000 114392.000 0 0 0.000 0.000 0.000 0.145 0 1 0 0 0 0
 94 119205.000 136756.000 0 0 0.000 0.000 0.000 0.134 0 1 0 0 0 0
 95 138607.000 115791.000 0 0 0.000 0.000 0.000 0.134 0 1 0 0 0 0
 96 138413.000 116211.000 0 0 0.000 0.000 0.000 0.254 0 1 0 0 0 0
 97 138342.000 116381.000 0 0 0.000 0.000 0.000 0.156 0 1 0 0 0 0
 98 138278.000 116523.000 0 0 0.000 0.000 0.000 0.134 0 1 0 0 0 0
 99 82568.000 61506.000 0 0 0.000 0.000 0.000 0.138 0 1 0 0 0 0
 100 140239.000 113765.000 0 0 0.000 0.000 0.000 0.141 0 1 0 0 0 0
 101 58497.000 110363.000 0 0 0.000 0.000 0.000 0.132 0 1 0 0 0 0
 102 58939.000 87777.000 0 0 0.000 0.000 0.000 0.131 0 1 0 0 0 0
 103 142492.000 94081.000 0 0 0.000 0.000 0.000 0.141 0 1 0 0 0 0
 104 136618.000 122648.000 0 0 0.000 0.000 0.000 0.136 0 1 0 0 0 0
 105 131371.000 129577.000 0 0 0.000 0.000 0.000 0.136 0 1 0 0 0 0
 106 135730.000 124780.000 0 0 0.000 0.000 0.000 0.131 0 1 0 0 0 0
 107 56296.000 102897.000 0 0 0.000 0.000 0.000 0.131 0 1 0 0 0 0
 108 59788.000 82999.000 0 0 0.000 0.000 0.000 0.134 0 1 0 0 0 0
 109 137742.000 122518.000 0 0 0.000 0.000 0.000 0.132 0 1 0 0 0 0
 110 133234.000 129165.000 0 0 0.000 0.000 0.000 0.145 0 1 0 0 0 0
 111 63366.000 75081.000 0 0 0.000 0.000 0.000 0.140 0 1 0 0 0 0
 112 142867.000 111376.000 0 0 0.000 0.000 0.000 0.131 0 1 0 0 0 0
 113 144561.000 97905.000 0 0 0.000 0.000 0.000 0.136 0 1 0 0 0 0
 114 134226.000 128939.000 0 0 0.000 0.000 0.000 0.130 0 1 0 0 0 0
 115 55035.000 96067.000 0 0 0.000 0.000 0.000 0.159 0 1 0 0 0 0
 116 144194.000 110379.000 0 0 0.000 0.000 0.000 0.148 0 1 0 0 0 0
 117 132099.000 67946.000 0 0 0.000 0.000 0.000 0.209 0 1 0 0 0 0
 118 143027.000 115755.000 0 0 0.000 0.000 0.000 0.137 0 1 0 0 0 0
 119 145751.000 101380.000 0 0 0.000 0.000 0.000 0.143 0 1 0 0 0 0
 120 54995.000 88950.000 0 0 0.000 0.000 0.000 0.169 0 1 0 0 0 0
 121 146333.000 103363.000 0 0 0.000 0.000 0.000 0.138 0 1 0 0 0 0
 122 121301.000 58902.000 0 0 0.000 0.000 0.000 0.205 0 1 0 0 0 0
 123 53948.000 109894.000 0 0 0.000 0.000 0.000 0.138 0 1 0 0 0 0
 124 52575.000 96862.000 0 0 0.000 0.000 0.000 0.142 0 1 0 0 0 0
 125 146678.000 90344.000 0 0 0.000 0.000 0.000 0.137 0 1 0 0 0 0
 126 57473.000 76638.000 0 0 0.000 0.000 0.000 0.134 0 1 0 0 0 0
 127 89560.000 147843.000 0 0 0.000 0.000 0.000 0.137 0 1 0 0 0 0
 128 136982.000 68396.000 0 0 0.000 0.000 0.000 0.139 0 1 0 0 0 0
 129 56884.000 123675.000 0 0 0.000 0.000 0.000 0.165 0 1 0 0 0 0
 130 94345.000 50512.000 0 0 0.000 0.000 0.000 0.137 0 1 0 0 0 0
 131 135815.000 64785.000 0 0 0.000 0.000 0.000 0.139 0 1 0 0 0 0
 132 57309.000 72880.000 0 0 0.000 0.000 0.000 0.134 0 1 0 0 0 0
 133 118082.000 147612.000 0 0 0.000 0.000 0.000 0.134 0 1 0 0 0 0
 134 82240.000 148600.000 0 0 0.000 0.000 0.000 0.141 0 1 0 0 0 0
 135 135827.000 63374.000 0 0 0.000 0.000 0.000 0.134 0 1 0 0 0 0
 136 47816.000 99244.000 0 0 0.000 0.000 0.000 0.137 0 1 0 0 0 0
 137 90182.000 47802.000 0 0 0.000 0.000 0.000 0.142 0 1 0 0 0 0
 138 48136.000 115544.000 0 0 0.000 0.000 0.000 0.138 0 1 0 0 0 0
 139 124587.000 51112.000 0 0 0.000 0.000 0.000 0.131 0 1 0 0 0 0
 140 106738.000 44636.000 0 0 0.000 0.000 0.000 0.136 0 1 0 0 0 0
 141 120666.000 47811.000 0 0 0.000 0.000 0.000 0.130 0 1 0 0 0 0
 142 152619.000 77349.000 0 0 0.000 0.000 0.000 0.142 0 1 0 0 0 0
 143 42031.000 95401.000 0 0 0.000 0.000 0.000 0.132 0 1 0 0 0 0
 144 126815.000 152228.000 0 0 0.000 0.000 0.000 0.132 0 1 0 0 0 0
 145 138340.000 144520.000 0 0 0.000 0.000 0.000 0.138 0 1 0 0 0 0
 146 48348.000 130359.000 0 0 0.000 0.000 0.000 0.134 0 1 0 0 0 0
 147 95496.000 40734.000 0 0 0.000 0.000 0.000 0.131 0 1 0 0 0 0
 148 56400.000 59190.000 0 0 0.000 0.000 0.000 0.132 0 1 0 0 0 0
 149 158683.000 112516.000 0 0 0.000 0.000 0.000 0.144 0 1 0 0 0 0
 150 65757.000 149774.000 0 0 0.000 0.000 0.000 0.142 0 1 0 0 0 0
 151 39983.000 88415.000 0 0 0.000 0.000 0.000 0.201 0 1 0 0 0 0
 152 125359.000 156249.000 0 0 0.000 0.000 0.000 0.131 0 1 0 0 0 0
 153 40758.000 81956.000 0 0 0.000 0.000 0.000 0.139 0 1 0 0 0 0
 154 52480.000 58803.000 0 0 0.000 0.000 0.000 0.134 0 1 0 0 0 0
 155 35785.000 91202.000 0 0 0.000 0.000 0.000 0.148 0 1 0 0 0 0
 156 35634.000 91282.000 0 0 0.000 0.000 0.000 0.131 0 1 0 0 0 0
 157 40622.000 127139.000 0 0 0.000 0.000 0.000 0.142 0 1 0 0 0 0
 158 52838.000 53954.000 0 0 0.000 0.000 0.000 0.134 0 1 0 0 0 0
 159 164009.000 82058.000 0 0 0.000 0.000 0.000 0.142 0 1 0 0 0 0
 160 58371.000 45552.000 0 0 0.000 0.000 0.000 0.132 0 1 0 0 0 0
 161 156398.000 140013.000 0 0 0.000 0.000 0.000 0.136 0 1 0 0 0 0
 162 152320.000 53430.000 0 0 0.000 0.000 0.000 0.140 0 1 0 0 0 0
 163 43542.000 57846.000 0 0 0.000 0.000 0.000 0.145 0 1 0 0 0 0
 164 88083.000 30195.000 0 0 0.000 0.000 0.000 0.137 0 1 0 0 0 0
 165 169038.000 116099.000 0 0 0.000 0.000 0.000 0.131 0 1 0 0 0 0
 166 149800.000 151378.000 0 0 0.000 0.000 0.000 0.142 0 1 0 0 0 0
 167 29185.000 111984.000 0 0 0.000 0.000 0.000 0.144 0 1 0 0 0 0
 168 169938.000 84624.000 0 0 0.000 0.000 0.000 0.134 0 1 0 0 0 0
 169 49159.000 45283.000 0 0 0.000 0.000 0.000 0.154 0 1 0 0 0 0
 170 158887.000 50871.000 0 0 54.000 52.000 2808.000 52.990 0 1 1 200 0 0
 171 59896.000 166628.000 0 0 0.000 0.000 0.000 0.130 0 1 0 0 0 0
 172 116236.000 177193.000 0 0 0.000 0.000 0.000 0.136 0 1 0 0 0 0
 173 41913.000 46867.000 0 0 0.000 0.000 0.000 0.257 0 1 0 0 0 0
 174 60397.000 27198.000 0 0 0.000 0.000 0.000 0.300 0 1 0 0 0 0
 175 157931.000 40565.000 0 0 0.000 0.000 0.000 0.138 0 1 0 0 0 0
 176 160166.000 42573.000 0 0 0.000 0.000 0.000 200000.000 0 1 0 200 0 0
 177 59159.000 26506.000 0 0 0.000 0.000 0.000 0.131 0 1 0 0 0 0
 178 59180.000 26299.000 0 0 0.000 0.000 0.000 0.216 0 1 0 0 0 0
 179 165527.000 45710.000 0 0 0.000 0.000 0.000 0.145 0 1 0 0 0 0
 180 165466.000 44852.000 0 0 0.000 0.000 0.000 0.130 0 1 0 0 0 0
 181 165432.000 44653.000 0 0 0.000 0.000 0.000 0.130 0 1 0 0 0 0
 182 165586.000 44702.000 0 0 0.000 0.000 0.000 0.131 0 1 0 0 0 0
 183 165160.000 41825.000 0 0 0.000 0.000 0.000 0.146 0 1 0 0 0 0
 184 12778.000 136002.000 0 0 0.000 0.000 0.000 0.140 0 1 0 0 0 0
 185 189360.000 69231.000 0 0 0.000 0.000 0.000 0.137 0 1 0 0 0 0
 186 158163.000 50843.000 0 0 25.924 30.674 795.223 28.199 0 1 1 200 0 0
 187 158225.000 50916.000 0 0 11.772 13.965 164.415 12.822 0 1 1 200 0 0
 188 158383.000 50841.000 0 0 329.911 391.812 129263.616 359.532 0 1 1 200 0 0
 189 158362.000 50552.000 0 0 9.478 11.187 106.043 10.297 0 1 1 200 0 0
 190 158526.000 50747.000 0 0 314.033 373.152 117182.382 342.319 0 1 1 200 0 0
 191 158710.000 50701.000 0 0 207.974 247.674 51509.895 226.957 0 1 1 200 0 0;
ProcessEquipmentIDList 1
  "6639" ;
SummarySpec 5
  TESTNO    NDEFECT    DEFDENSITY    NDIE    NDEFDIE  ;
SummaryList 
  1    191    0.6983    1    1  ;
EndOfFile;
