FileVersion 1 2;
FileTimestamp 01-16-26 23:18:06;
InspectionStationID "KLA-Tencor" "SFSSP1" "0901-0728-TBI";
SampleType WAFER;
ResultTimestamp 01-16-26 23:17:00;
LotID "2580";
SampleSize 1 200;
DeviceID "None";
SetupID "T2-2580NR" 01-16-26 23:17:00;
StepID "6703";
SampleOrientationMarkType NOTCH;
OrientationMarkLocation DOWN;
DiePitch 200000 200000;
DieOrigin 0 0;
WaferID "01";
Slot 1;
SampleCenterLocation 100000 100000;
ClassLookup 1
  0 "0"  ;
OrientationInstructions "Front";
CoordinatesMirrored No;
InspectionTest 1;
SampleTestPlan 1
  0 0 ;
AreaPerTest 2.73525e+010;
DefectRecordSpec 15 DEFECTID XREL YREL XINDEX YINDEX XSIZE YSIZE DEFECTAREA DSIZE CLASSNUMBER TEST CLUSTERNUMBER ROUGHBINNUMBER FINEBINNUMBER REVIEWSAMPLE ;
DefectList
 1 102876.000 106772.000 0 0 0.000 0.000 0.000 0.133 0 1 0 0 0 0
 2 107591.000 101613.000 0 0 0.000 0.000 0.000 0.146 0 1 0 0 0 0
 3 107873.000 103036.000 0 0 0.000 0.000 0.000 0.163 0 1 0 0 0 0
 4 96003.000 91364.000 0 0 0.000 0.000 0.000 0.153 0 1 0 0 0 0
 5 93770.000 108594.000 0 0 0.000 0.000 0.000 0.130 0 1 0 0 0 0
 6 108292.000 91940.000 0 0 0.000 0.000 0.000 0.132 0 1 0 0 0 0
 7 104225.000 111561.000 0 0 0.000 0.000 0.000 0.144 0 1 0 0 0 0
 8 101528.000 112638.000 0 0 0.000 0.000 0.000 0.142 0 1 0 0 0 0
 9 93141.000 89095.000 0 0 0.000 0.000 0.000 0.132 0 1 0 0 0 0
 10 104670.000 87918.000 0 0 0.000 0.000 0.000 0.145 0 1 0 0 0 0
 11 99913.000 114811.000 0 0 0.000 0.000 0.000 0.130 0 1 0 0 0 0
 12 114617.000 97400.000 0 0 0.000 0.000 0.000 0.132 0 1 0 0 0 0
 13 102310.000 85325.000 0 0 0.000 0.000 0.000 0.155 0 1 0 0 0 0
 14 114983.000 96748.000 0 0 0.000 0.000 0.000 0.135 0 1 0 0 0 0
 15 87564.000 90249.000 0 0 0.000 0.000 0.000 0.135 0 1 0 0 0 0
 16 108470.000 113968.000 0 0 0.000 0.000 0.000 0.146 0 1 0 0 0 0
 17 116514.000 101241.000 0 0 0.000 0.000 0.000 0.136 0 1 0 0 0 0
 18 86580.000 90136.000 0 0 0.000 0.000 0.000 0.130 0 1 0 0 0 0
 19 110927.000 113090.000 0 0 0.000 0.000 0.000 0.139 0 1 0 0 0 0
 20 108248.000 84539.000 0 0 0.000 0.000 0.000 0.132 0 1 0 0 0 0
 21 97964.000 81822.000 0 0 0.000 0.000 0.000 0.138 0 1 0 0 0 0
 22 114996.000 89723.000 0 0 0.000 0.000 0.000 0.141 0 1 0 0 0 0
 23 110403.000 118407.000 0 0 0.000 0.000 0.000 0.138 0 1 0 0 0 0
 24 78579.000 102436.000 0 0 0.000 0.000 0.000 0.142 0 1 0 0 0 0
 25 78448.000 94451.000 0 0 0.000 0.000 0.000 0.134 0 1 0 0 0 0
 26 82080.000 86808.000 0 0 0.000 0.000 0.000 0.163 0 1 0 0 0 0
 27 116889.000 117770.000 0 0 0.000 0.000 0.000 0.146 0 1 0 0 0 0
 28 74828.000 106175.000 0 0 0.000 0.000 0.000 0.144 0 1 0 0 0 0
 29 85880.000 122032.000 0 0 0.000 0.000 0.000 0.130 0 1 0 0 0 0
 30 125168.000 92769.000 0 0 0.000 0.000 0.000 0.142 0 1 0 0 0 0
 31 86332.000 122941.000 0 0 0.000 0.000 0.000 0.147 0 1 0 0 0 0
 32 73312.000 92410.000 0 0 0.000 0.000 0.000 0.131 0 1 0 0 0 0
 33 115091.000 123753.000 0 0 0.000 0.000 0.000 0.137 0 1 0 0 0 0
 34 128082.000 95371.000 0 0 0.000 0.000 0.000 0.136 0 1 0 0 0 0
 35 99547.000 128832.000 0 0 0.000 0.000 0.000 0.130 0 1 0 0 0 0
 36 128900.000 99551.000 0 0 0.000 0.000 0.000 0.136 0 1 0 0 0 0
 37 125491.000 114013.000 0 0 0.000 0.000 0.000 0.134 0 1 0 0 0 0
 38 126034.000 113743.000 0 0 0.000 0.000 0.000 0.137 0 1 0 0 0 0
 39 71976.000 109331.000 0 0 0.000 0.000 0.000 0.130 0 1 0 0 0 0
 40 79172.000 79330.000 0 0 0.000 0.000 0.000 0.151 0 1 0 0 0 0
 41 117653.000 76030.000 0 0 0.000 0.000 0.000 0.142 0 1 0 0 0 0
 42 69695.000 99519.000 0 0 0.000 0.000 0.000 0.131 0 1 0 0 0 0
 43 70614.000 90066.000 0 0 0.000 0.000 0.000 0.139 0 1 0 0 0 0
 44 90095.000 70770.000 0 0 0.000 0.000 0.000 0.131 0 1 0 0 0 0
 45 129886.000 108453.000 0 0 0.000 0.000 0.000 0.134 0 1 0 0 0 0
 46 69404.000 106226.000 0 0 0.000 0.000 0.000 0.131 0 1 0 0 0 0
 47 116184.000 127824.000 0 0 0.000 0.000 0.000 0.132 0 1 0 0 0 0
 48 103955.000 67987.000 0 0 0.000 0.000 0.000 0.134 0 1 0 0 0 0
 49 70089.000 86345.000 0 0 0.000 0.000 0.000 0.133 0 1 0 0 0 0
 50 132109.000 106646.000 0 0 0.000 0.000 0.000 0.130 0 1 0 0 0 0
 51 104626.000 133204.000 0 0 0.000 0.000 0.000 0.136 0 1 0 0 0 0
 52 133691.000 99471.000 0 0 0.000 0.000 0.000 0.133 0 1 0 0 0 0
 53 91281.000 67372.000 0 0 0.000 0.000 0.000 0.146 0 1 0 0 0 0
 54 106493.000 66161.000 0 0 0.000 0.000 0.000 0.133 0 1 0 0 0 0
 55 124721.000 75621.000 0 0 0.000 0.000 0.000 0.139 0 1 0 0 0 0
 56 64364.000 96580.000 0 0 0.000 0.000 0.000 0.135 0 1 0 0 0 0
 57 104857.000 137195.000 0 0 0.000 0.000 0.000 0.142 0 1 0 0 0 0
 58 119844.000 132244.000 0 0 0.000 0.000 0.000 0.138 0 1 0 0 0 0
 59 104345.000 137870.000 0 0 0.000 0.000 0.000 0.165 0 1 0 0 0 0
 60 77345.000 69504.000 0 0 0.000 0.000 0.000 0.154 0 1 0 0 0 0
 61 68239.000 78070.000 0 0 0.000 0.000 0.000 0.134 0 1 0 0 0 0
 62 138752.000 95523.000 0 0 0.000 0.000 0.000 0.151 0 1 0 0 0 0
 63 123182.000 132845.000 0 0 0.000 0.000 0.000 0.136 0 1 0 0 0 0
 64 136721.000 117457.000 0 0 0.000 0.000 0.000 0.144 0 1 0 0 0 0
 65 62582.000 117228.000 0 0 0.000 0.000 0.000 0.138 0 1 0 0 0 0
 66 118091.000 63538.000 0 0 0.000 0.000 0.000 0.189 0 1 0 0 0 0
 67 139412.000 89447.000 0 0 0.000 0.000 0.000 0.300 0 1 0 0 0 0
 68 84997.000 61532.000 0 0 0.000 0.000 0.000 0.137 0 1 0 0 0 0
 69 90698.000 59809.000 0 0 0.000 0.000 0.000 0.144 0 1 0 0 0 0
 70 132446.000 74475.000 0 0 0.000 0.000 0.000 0.147 0 1 0 0 0 0
 71 137036.000 120536.000 0 0 0.000 0.000 0.000 0.141 0 1 0 0 0 0
 72 58138.000 108669.000 0 0 0.000 0.000 0.000 0.130 0 1 0 0 0 0
 73 129873.000 131073.000 0 0 0.000 0.000 0.000 0.145 0 1 0 0 0 0
 74 57339.000 112207.000 0 0 0.000 0.000 0.000 0.134 0 1 0 0 0 0
 75 62946.000 125464.000 0 0 0.000 0.000 0.000 0.134 0 1 0 0 0 0
 76 144407.000 107728.000 0 0 0.000 0.000 0.000 0.132 0 1 0 0 0 0
 77 53445.000 100318.000 0 0 0.000 0.000 0.000 0.142 0 1 0 0 0 0
 78 60641.000 73751.000 0 0 0.000 0.000 0.000 0.137 0 1 0 0 0 0
 79 136453.000 70120.000 0 0 0.000 0.000 0.000 0.138 0 1 0 0 0 0
 80 56054.000 81207.000 0 0 0.000 0.000 0.000 0.130 0 1 0 0 0 0
 81 148407.000 100191.000 0 0 0.000 0.000 0.000 0.142 0 1 0 0 0 0
 82 53079.000 112993.000 0 0 0.000 0.000 0.000 0.152 0 1 0 0 0 0
 83 71970.000 60033.000 0 0 0.000 0.000 0.000 0.138 0 1 0 0 0 0
 84 146204.000 79380.000 0 0 0.000 0.000 0.000 0.132 0 1 0 0 0 0
 85 50051.000 110876.000 0 0 0.000 0.000 0.000 0.140 0 1 0 0 0 0
 86 104490.000 48657.000 0 0 0.000 0.000 0.000 0.140 0 1 0 0 0 0
 87 62170.000 136133.000 0 0 0.000 0.000 0.000 0.132 0 1 0 0 0 0
 88 137829.000 64439.000 0 0 0.000 0.000 0.000 0.143 0 1 0 0 0 0
 89 150795.000 88893.000 0 0 0.000 0.000 0.000 0.143 0 1 0 0 0 0
 90 49809.000 84172.000 0 0 0.000 0.000 0.000 0.130 0 1 0 0 0 0
 91 147462.000 124328.000 0 0 0.000 0.000 0.000 0.148 0 1 0 0 0 0
 92 67493.000 57805.000 0 0 0.000 0.000 0.000 0.135 0 1 0 0 0 0
 93 99547.000 46222.000 0 0 0.000 0.000 0.000 0.134 0 1 0 0 0 0
 94 142938.000 67785.000 0 0 0.000 0.000 0.000 0.131 0 1 0 0 0 0
 95 118115.000 49009.000 0 0 0.000 0.000 0.000 0.133 0 1 0 0 0 0
 96 153375.000 89729.000 0 0 0.000 0.000 0.000 0.151 0 1 0 0 0 0
 97 109264.000 153908.000 0 0 0.000 0.000 0.000 0.134 0 1 0 0 0 0
 98 97720.000 155185.000 0 0 0.000 0.000 0.000 0.132 0 1 0 0 0 0
 99 90444.000 154427.000 0 0 0.000 0.000 0.000 0.137 0 1 0 0 0 0
 100 54095.000 68579.000 0 0 0.000 0.000 0.000 0.131 0 1 0 0 0 0
 101 64748.000 57072.000 0 0 0.000 0.000 0.000 0.137 0 1 0 0 0 0
 102 136536.000 142301.000 0 0 0.000 0.000 0.000 0.136 0 1 0 0 0 0
 103 44882.000 90830.000 0 0 0.000 0.000 0.000 0.132 0 1 0 0 0 0
 104 110201.000 156426.000 0 0 0.000 0.000 0.000 0.135 0 1 0 0 0 0
 105 131930.000 52447.000 0 0 0.000 0.000 0.000 0.139 0 1 0 0 0 0
 106 108479.000 157919.000 0 0 0.000 0.000 0.000 0.147 0 1 0 0 0 0
 107 128650.000 49086.000 0 0 0.000 0.000 0.000 0.133 0 1 0 0 0 0
 108 131321.000 149976.000 0 0 0.000 0.000 0.000 0.139 0 1 0 0 0 0
 109 52992.000 136305.000 0 0 0.000 0.000 0.000 0.141 0 1 0 0 0 0
 110 89492.000 158672.000 0 0 0.000 0.000 0.000 0.142 0 1 0 0 0 0
 111 89941.000 41645.000 0 0 0.000 0.000 0.000 0.131 0 1 0 0 0 0
 112 54790.000 59988.000 0 0 0.000 0.000 0.000 0.135 0 1 0 0 0 0
 113 103807.000 39652.000 0 0 0.000 0.000 0.000 0.167 0 1 0 0 0 0
 114 64293.000 50118.000 0 0 0.000 0.000 0.000 0.131 0 1 0 0 0 0
 115 39838.000 84057.000 0 0 0.000 0.000 0.000 0.141 0 1 0 0 0 0
 116 102669.000 37907.000 0 0 0.000 0.000 0.000 0.139 0 1 0 0 0 0
 117 37492.000 103700.000 0 0 0.000 0.000 0.000 0.130 0 1 0 0 0 0
 118 51355.000 140394.000 0 0 0.000 0.000 0.000 0.139 0 1 0 0 0 0
 119 46738.000 65973.000 0 0 0.000 0.000 0.000 0.153 0 1 0 0 0 0
 120 138066.000 151983.000 0 0 0.000 0.000 0.000 0.142 0 1 0 0 0 0
 121 164247.000 96064.000 0 0 0.000 0.000 0.000 0.134 0 1 0 0 0 0
 122 46743.000 140133.000 0 0 0.000 0.000 0.000 0.132 0 1 0 0 0 0
 123 164575.000 84487.000 0 0 0.000 0.000 0.000 0.130 0 1 0 0 0 0
 124 169480.000 95028.000 0 0 0.000 0.000 0.000 0.132 0 1 0 0 0 0
 125 36516.000 68968.000 0 0 0.000 0.000 0.000 0.137 0 1 0 0 0 0
 126 101054.000 27655.000 0 0 0.000 0.000 0.000 0.133 0 1 0 0 0 0
 127 169354.000 77574.000 0 0 0.000 0.000 0.000 0.141 0 1 0 0 0 0
 128 158410.000 45835.000 0 0 0.000 0.000 0.000 0.134 0 1 0 0 0 0
 129 111275.000 181390.000 0 0 0.000 0.000 0.000 0.142 0 1 0 0 0 0
 130 167971.000 148201.000 0 0 0.000 0.000 0.000 0.132 0 1 0 0 0 0
 131 171041.000 45695.000 0 0 0.000 0.000 0.000 200000.000 0 1 0 200 0 0
 132 175634.000 154768.000 0 0 0.000 0.000 0.000 0.141 0 1 0 0 0 0
 133 17748.000 55093.000 0 0 0.000 0.000 0.000 0.205 0 1 0 0 0 0;
ProcessEquipmentIDList 1
  "6639" ;
SummarySpec 5
  TESTNO    NDEFECT    DEFDENSITY    NDIE    NDEFDIE  ;
SummaryList 
  1    133    0.4862    1    1  ;
EndOfFile;
