FileVersion 1 2;
FileTimestamp 01-16-26 23:27:36;
InspectionStationID "KLA-Tencor" "SFSSP1" "0901-0728-TBI";
SampleType WAFER;
ResultTimestamp 01-16-26 23:17:00;
LotID "2580";
SampleSize 1 200;
DeviceID "None";
SetupID "T2-2580NR" 01-16-26 23:17:00;
StepID "6703";
SampleOrientationMarkType NOTCH;
OrientationMarkLocation DOWN;
DiePitch 200000 200000;
DieOrigin 0 0;
WaferID "18";
Slot 18;
SampleCenterLocation 100000 100000;
ClassLookup 1
  0 "0"  ;
OrientationInstructions "Front";
CoordinatesMirrored No;
InspectionTest 1;
SampleTestPlan 1
  0 0 ;
AreaPerTest 2.73517e+010;
DefectRecordSpec 15 DEFECTID XREL YREL XINDEX YINDEX XSIZE YSIZE DEFECTAREA DSIZE CLASSNUMBER TEST CLUSTERNUMBER ROUGHBINNUMBER FINEBINNUMBER REVIEWSAMPLE ;
DefectList
 1 102880.000 101737.000 0 0 0.000 0.000 0.000 0.142 0 1 0 0 0 0
 2 99097.000 106139.000 0 0 0.000 0.000 0.000 0.130 0 1 0 0 0 0
 3 92309.000 100099.000 0 0 0.000 0.000 0.000 0.134 0 1 0 0 0 0
 4 100910.000 109345.000 0 0 0.000 0.000 0.000 0.131 0 1 0 0 0 0
 5 97143.000 91124.000 0 0 0.000 0.000 0.000 0.156 0 1 0 0 0 0
 6 93577.000 107743.000 0 0 0.000 0.000 0.000 0.130 0 1 0 0 0 0
 7 109554.000 95614.000 0 0 0.000 0.000 0.000 0.133 0 1 0 0 0 0
 8 88629.000 102460.000 0 0 0.000 0.000 0.000 0.131 0 1 0 0 0 0
 9 105878.000 111374.000 0 0 0.000 0.000 0.000 0.149 0 1 0 0 0 0
 10 99647.000 114834.000 0 0 0.000 0.000 0.000 0.130 0 1 0 0 0 0
 11 115803.000 98056.000 0 0 0.000 0.000 0.000 0.135 0 1 0 0 0 0
 12 105882.000 85068.000 0 0 0.000 0.000 0.000 0.133 0 1 0 0 0 0
 13 103263.000 84072.000 0 0 0.000 0.000 0.000 0.143 0 1 0 0 0 0
 14 104755.000 119797.000 0 0 0.000 0.000 0.000 0.133 0 1 0 0 0 0
 15 79364.000 103292.000 0 0 0.000 0.000 0.000 0.132 0 1 0 0 0 0
 16 112689.000 116940.000 0 0 0.000 0.000 0.000 0.130 0 1 0 0 0 0
 17 117060.000 87173.000 0 0 0.000 0.000 0.000 0.131 0 1 0 0 0 0
 18 78266.000 101737.000 0 0 0.000 0.000 0.000 0.132 0 1 0 0 0 0
 19 85028.000 84395.000 0 0 0.000 0.000 0.000 0.138 0 1 0 0 0 0
 20 121399.000 96480.000 0 0 0.000 0.000 0.000 0.132 0 1 0 0 0 0
 21 78148.000 95959.000 0 0 0.000 0.000 0.000 0.140 0 1 0 0 0 0
 22 97972.000 78015.000 0 0 0.000 0.000 0.000 0.136 0 1 0 0 0 0
 23 88138.000 80755.000 0 0 0.000 0.000 0.000 0.143 0 1 0 0 0 0
 24 114690.000 82332.000 0 0 0.000 0.000 0.000 0.140 0 1 0 0 0 0
 25 123415.000 101826.000 0 0 0.000 0.000 0.000 0.142 0 1 0 0 0 0
 26 123707.000 97647.000 0 0 0.000 0.000 0.000 0.144 0 1 0 0 0 0
 27 124369.000 98851.000 0 0 0.000 0.000 0.000 0.130 0 1 0 0 0 0
 28 123402.000 107637.000 0 0 0.000 0.000 0.000 0.132 0 1 0 0 0 0
 29 117828.000 82363.000 0 0 0.000 0.000 0.000 0.133 0 1 0 0 0 0
 30 75740.000 108615.000 0 0 0.000 0.000 0.000 0.138 0 1 0 0 0 0
 31 73744.000 90570.000 0 0 0.000 0.000 0.000 0.142 0 1 0 0 0 0
 32 99576.000 71745.000 0 0 0.000 0.000 0.000 0.139 0 1 0 0 0 0
 33 129007.000 102831.000 0 0 0.000 0.000 0.000 0.133 0 1 0 0 0 0
 34 128789.000 93837.000 0 0 0.000 0.000 0.000 0.159 0 1 0 0 0 0
 35 103439.000 129774.000 0 0 0.000 0.000 0.000 0.131 0 1 0 0 0 0
 36 71900.000 111125.000 0 0 0.000 0.000 0.000 0.134 0 1 0 0 0 0
 37 91912.000 70699.000 0 0 0.000 0.000 0.000 0.148 0 1 0 0 0 0
 38 126468.000 116084.000 0 0 0.000 0.000 0.000 0.147 0 1 0 0 0 0
 39 69284.000 96189.000 0 0 0.000 0.000 0.000 0.149 0 1 0 0 0 0
 40 93603.000 131093.000 0 0 0.000 0.000 0.000 0.133 0 1 0 0 0 0
 41 69125.000 106661.000 0 0 0.000 0.000 0.000 0.151 0 1 0 0 0 0
 42 92997.000 69474.000 0 0 0.000 0.000 0.000 0.131 0 1 0 0 0 0
 43 94324.000 67444.000 0 0 0.000 0.000 0.000 0.135 0 1 0 0 0 0
 44 76016.000 123458.000 0 0 0.000 0.000 0.000 0.134 0 1 0 0 0 0
 45 75562.000 123443.000 0 0 0.000 0.000 0.000 0.132 0 1 0 0 0 0
 46 82489.000 70178.000 0 0 0.000 0.000 0.000 0.140 0 1 0 0 0 0
 47 106612.000 134573.000 0 0 0.000 0.000 0.000 0.160 0 1 0 0 0 0
 48 65030.000 96354.000 0 0 0.000 0.000 0.000 0.138 0 1 0 0 0 0
 49 100387.000 64057.000 0 0 0.000 0.000 0.000 0.137 0 1 0 0 0 0
 50 120746.000 70120.000 0 0 0.000 0.000 0.000 0.136 0 1 0 0 0 0
 51 67972.000 82221.000 0 0 0.000 0.000 0.000 0.133 0 1 0 0 0 0
 52 118888.000 68634.000 0 0 0.000 0.000 0.000 0.140 0 1 0 0 0 0
 53 135852.000 92163.000 0 0 0.000 0.000 0.000 0.143 0 1 0 0 0 0
 54 75505.000 128169.000 0 0 0.000 0.000 0.000 0.132 0 1 0 0 0 0
 55 89047.000 64637.000 0 0 0.000 0.000 0.000 0.140 0 1 0 0 0 0
 56 62998.000 93534.000 0 0 0.000 0.000 0.000 0.141 0 1 0 0 0 0
 57 68582.000 78685.000 0 0 0.000 0.000 0.000 0.132 0 1 0 0 0 0
 58 129479.000 124520.000 0 0 0.000 0.000 0.000 0.137 0 1 0 0 0 0
 59 74581.000 70791.000 0 0 0.000 0.000 0.000 0.132 0 1 0 0 0 0
 60 113202.000 136775.000 0 0 0.000 0.000 0.000 0.138 0 1 0 0 0 0
 61 84272.000 135876.000 0 0 0.000 0.000 0.000 0.131 0 1 0 0 0 0
 62 61083.000 94188.000 0 0 0.000 0.000 0.000 0.135 0 1 0 0 0 0
 63 138347.000 111548.000 0 0 0.000 0.000 0.000 0.132 0 1 0 0 0 0
 64 85858.000 137719.000 0 0 0.000 0.000 0.000 0.135 0 1 0 0 0 0
 65 116391.000 62861.000 0 0 0.000 0.000 0.000 0.134 0 1 0 0 0 0
 66 62141.000 84047.000 0 0 0.000 0.000 0.000 0.142 0 1 0 0 0 0
 67 108843.000 140914.000 0 0 0.000 0.000 0.000 0.135 0 1 0 0 0 0
 68 58383.000 98049.000 0 0 0.000 0.000 0.000 0.150 0 1 0 0 0 0
 69 59729.000 88033.000 0 0 0.000 0.000 0.000 0.134 0 1 0 0 0 0
 70 137936.000 82197.000 0 0 0.000 0.000 0.000 0.134 0 1 0 0 0 0
 71 82351.000 61919.000 0 0 0.000 0.000 0.000 0.134 0 1 0 0 0 0
 72 101368.000 57520.000 0 0 0.000 0.000 0.000 0.139 0 1 0 0 0 0
 73 105296.000 57424.000 0 0 0.000 0.000 0.000 0.144 0 1 0 0 0 0
 74 142782.000 105732.000 0 0 0.000 0.000 0.000 0.131 0 1 0 0 0 0
 75 124368.000 136276.000 0 0 0.000 0.000 0.000 0.133 0 1 0 0 0 0
 76 86292.000 58668.000 0 0 0.000 0.000 0.000 0.130 0 1 0 0 0 0
 77 94246.000 56144.000 0 0 0.000 0.000 0.000 0.153 0 1 0 0 0 0
 78 93662.000 145337.000 0 0 0.000 0.000 0.000 0.140 0 1 0 0 0 0
 79 107829.000 145429.000 0 0 0.000 0.000 0.000 0.142 0 1 0 0 0 0
 80 54322.000 95094.000 0 0 0.000 0.000 0.000 0.133 0 1 0 0 0 0
 81 80603.000 58058.000 0 0 0.000 0.000 0.000 0.130 0 1 0 0 0 0
 82 147649.000 100726.000 0 0 0.000 0.000 0.000 0.161 0 1 0 0 0 0
 83 144861.000 118706.000 0 0 0.000 0.000 0.000 0.139 0 1 0 0 0 0
 84 106272.000 148760.000 0 0 0.000 0.000 0.000 0.132 0 1 0 0 0 0
 85 51287.000 108335.000 0 0 0.000 0.000 0.000 0.131 0 1 0 0 0 0
 86 50475.000 103423.000 0 0 0.000 0.000 0.000 0.133 0 1 0 0 0 0
 87 56452.000 124390.000 0 0 0.000 0.000 0.000 0.135 0 1 0 0 0 0
 88 88903.000 51748.000 0 0 0.000 0.000 0.000 0.138 0 1 0 0 0 0
 89 75400.000 143539.000 0 0 0.000 0.000 0.000 0.140 0 1 0 0 0 0
 90 58075.000 72845.000 0 0 0.000 0.000 0.000 0.132 0 1 0 0 0 0
 91 65713.000 137104.000 0 0 0.000 0.000 0.000 0.130 0 1 0 0 0 0
 92 49688.000 96679.000 0 0 0.000 0.000 0.000 0.136 0 1 0 0 0 0
 93 52287.000 83754.000 0 0 0.000 0.000 0.000 0.137 0 1 0 0 0 0
 94 113395.000 149213.000 0 0 0.000 0.000 0.000 0.131 0 1 0 0 0 0
 95 135829.000 63957.000 0 0 0.000 0.000 0.000 0.153 0 1 0 0 0 0
 96 119345.000 148606.000 0 0 0.000 0.000 0.000 0.131 0 1 0 0 0 0
 97 127530.000 145096.000 0 0 0.000 0.000 0.000 0.132 0 1 0 0 0 0
 98 144083.000 70529.000 0 0 0.000 0.000 0.000 0.130 0 1 0 0 0 0
 99 101379.000 153509.000 0 0 0.000 0.000 0.000 0.139 0 1 0 0 0 0
 100 74050.000 146820.000 0 0 0.000 0.000 0.000 0.130 0 1 0 0 0 0
 101 146038.000 128040.000 0 0 0.000 0.000 0.000 0.163 0 1 0 0 0 0
 102 73763.000 147793.000 0 0 0.000 0.000 0.000 0.137 0 1 0 0 0 0
 103 45541.000 101762.000 0 0 0.000 0.000 0.000 0.148 0 1 0 0 0 0
 104 83195.000 47258.000 0 0 0.000 0.000 0.000 0.142 0 1 0 0 0 0
 105 62104.000 141339.000 0 0 0.000 0.000 0.000 0.131 0 1 0 0 0 0
 106 137644.000 142314.000 0 0 0.000 0.000 0.000 0.134 0 1 0 0 0 0
 107 76368.000 47989.000 0 0 0.000 0.000 0.000 0.132 0 1 0 0 0 0
 108 51363.000 131322.000 0 0 0.000 0.000 0.000 0.140 0 1 0 0 0 0
 109 147433.000 134168.000 0 0 0.000 0.000 0.000 0.142 0 1 0 0 0 0
 110 58181.000 59312.000 0 0 0.000 0.000 0.000 0.151 0 1 0 0 0 0
 111 67981.000 149517.000 0 0 0.000 0.000 0.000 0.132 0 1 0 0 0 0
 112 45000.000 122605.000 0 0 0.000 0.000 0.000 0.140 0 1 0 0 0 0
 113 159945.000 102374.000 0 0 0.000 0.000 0.000 0.142 0 1 0 0 0 0
 114 139041.000 146045.000 0 0 0.000 0.000 0.000 0.133 0 1 0 0 0 0
 115 39260.000 101355.000 0 0 0.000 0.000 0.000 0.138 0 1 0 0 0 0
 116 118229.000 41733.000 0 0 0.000 0.000 0.000 0.132 0 1 0 0 0 0
 117 96511.000 161722.000 0 0 0.000 0.000 0.000 0.136 0 1 0 0 0 0
 118 137112.000 51118.000 0 0 0.000 0.000 0.000 0.130 0 1 0 0 0 0
 119 61505.000 51178.000 0 0 0.000 0.000 0.000 0.143 0 1 0 0 0 0
 120 68227.000 156521.000 0 0 0.000 0.000 0.000 0.130 0 1 0 0 0 0
 121 115969.000 164002.000 0 0 0.000 0.000 0.000 0.130 0 1 0 0 0 0
 122 79090.000 162778.000 0 0 0.000 0.000 0.000 0.156 0 1 0 0 0 0
 123 83916.000 164922.000 0 0 0.000 0.000 0.000 0.144 0 1 0 0 0 0
 124 31246.000 92851.000 0 0 0.000 0.000 0.000 0.148 0 1 0 0 0 0
 125 38121.000 69568.000 0 0 0.000 0.000 0.000 0.133 0 1 0 0 0 0
 126 136589.000 159672.000 0 0 0.000 0.000 0.000 0.133 0 1 0 0 0 0
 127 135382.000 162338.000 0 0 0.000 0.000 0.000 0.157 0 1 0 0 0 0
 128 125735.000 33394.000 0 0 0.000 0.000 0.000 0.140 0 1 0 0 0 0
 129 152210.000 149278.000 0 0 0.000 0.000 0.000 0.136 0 1 0 0 0 0
 130 88304.000 26911.000 0 0 0.000 0.000 0.000 0.214 0 1 0 0 0 0
 131 167343.000 65900.000 0 0 0.000 0.000 0.000 0.147 0 1 0 0 0 0
 132 172669.000 72223.000 0 0 0.000 0.000 0.000 0.133 0 1 0 0 0 0
 133 169539.000 54511.000 0 0 0.000 0.000 0.000 0.131 0 1 0 0 0 0
 134 105413.000 187405.000 0 0 0.000 0.000 0.000 0.202 0 1 0 0 0 0
 135 51573.000 25853.000 0 0 0.000 0.000 0.000 0.131 0 1 0 0 0 0
 136 107667.000 188670.000 0 0 0.000 0.000 0.000 0.233 0 1 0 0 0 0
 137 189993.000 84282.000 0 0 0.000 0.000 0.000 0.135 0 1 0 0 0 0
 138 130738.000 187108.000 0 0 0.000 0.000 0.000 0.203 0 1 0 0 0 0
 139 186894.000 133448.000 0 0 0.000 0.000 0.000 0.240 0 1 0 0 0 0
 140 130854.000 187262.000 0 0 0.000 0.000 0.000 200000.000 0 1 0 200 0 0
 141 175977.000 44692.000 0 0 0.000 0.000 0.000 0.165 0 1 0 0 0 0
 142 176625.000 45070.000 0 0 0.000 0.000 0.000 0.147 0 1 0 0 0 0;
ProcessEquipmentIDList 1
  "6639" ;
SummarySpec 5
  TESTNO    NDEFECT    DEFDENSITY    NDIE    NDEFDIE  ;
SummaryList 
  1    142    0.5192    1    1  ;
EndOfFile;
