FileVersion 1 2;
FileTimestamp 01-16-26 03:56:58;
InspectionStationID "KLA-Tencor" "SFSSP1" "0901-0728-TBI";
SampleType WAFER;
ResultTimestamp 01-16-26 03:50:49;
LotID "2580";
SampleSize 1 200;
DeviceID "None";
SetupID "T2-2580NR" 01-16-26 03:50:49;
StepID "6706P";
SampleOrientationMarkType NOTCH;
OrientationMarkLocation DOWN;
DiePitch 200000 200000;
DieOrigin 0 0;
WaferID "10";
Slot 10;
SampleCenterLocation 100000 100000;
ClassLookup 1
  0 "0"  ;
OrientationInstructions "Front";
CoordinatesMirrored No;
InspectionTest 1;
SampleTestPlan 1
  0 0 ;
AreaPerTest 2.73512e+010;
ClusterClassificationList 2
  2 210 
  1 210 ;
DefectRecordSpec 15 DEFECTID XREL YREL XINDEX YINDEX XSIZE YSIZE DEFECTAREA DSIZE CLASSNUMBER TEST CLUSTERNUMBER ROUGHBINNUMBER FINEBINNUMBER REVIEWSAMPLE ;
DefectList
 1 101476.000 98443.000 0 0 0.000 0.000 0.000 0.141 0 1 0 0 0 0
 2 101966.000 98806.000 0 0 0.000 0.000 0.000 0.138 0 1 0 0 0 0
 3 97041.000 101970.000 0 0 0.000 0.000 0.000 0.145 0 1 0 0 0 0
 4 99197.000 104206.000 0 0 0.000 0.000 0.000 0.143 0 1 0 0 0 0
 5 97730.000 104212.000 0 0 0.000 0.000 0.000 0.132 0 1 0 0 0 0
 6 96819.000 96918.000 0 0 0.000 0.000 0.000 0.156 0 1 0 0 0 0
 7 97383.000 95498.000 0 0 0.000 0.000 0.000 0.143 0 1 0 0 0 0
 8 97246.000 94297.000 0 0 0.000 0.000 0.000 0.131 0 1 0 0 0 0
 9 105144.000 104908.000 0 0 0.000 0.000 0.000 0.130 0 1 0 0 0 0
 10 105687.000 105214.000 0 0 0.000 0.000 0.000 0.135 0 1 0 0 0 0
 11 90161.000 99093.000 0 0 0.000 0.000 0.000 0.150 0 1 0 0 0 0
 12 112836.000 96527.000 0 0 0.000 0.000 0.000 0.135 0 1 0 0 0 0
 13 113692.000 100988.000 0 0 0.000 0.000 0.000 0.146 0 1 0 0 0 0
 14 104917.000 113339.000 0 0 0.000 0.000 0.000 0.146 0 1 0 0 0 0
 15 86799.000 94552.000 0 0 0.000 0.000 0.000 0.137 0 1 0 0 0 0
 16 101407.000 86013.000 0 0 0.000 0.000 0.000 0.135 0 1 0 0 0 0
 17 96457.000 86271.000 0 0 0.000 0.000 0.000 0.142 0 1 0 0 0 0
 18 92023.000 87232.000 0 0 0.000 0.000 0.000 0.144 0 1 0 0 0 0
 19 93641.000 85753.000 0 0 0.000 0.000 0.000 0.130 0 1 0 0 0 0
 20 100922.000 116621.000 0 0 0.000 0.000 0.000 0.133 0 1 0 0 0 0
 21 88729.000 112694.000 0 0 0.000 0.000 0.000 0.151 0 1 0 0 0 0
 22 101893.000 83491.000 0 0 0.000 0.000 0.000 0.133 0 1 0 0 0 0
 23 109452.000 114234.000 0 0 0.000 0.000 0.000 0.149 0 1 0 0 0 0
 24 84240.000 107806.000 0 0 0.000 0.000 0.000 0.148 0 1 0 0 0 0
 25 83798.000 108726.000 0 0 0.000 0.000 0.000 0.147 0 1 0 0 0 0
 26 112799.000 113426.000 0 0 0.000 0.000 0.000 0.153 0 1 0 0 0 0
 27 108568.000 82224.000 0 0 0.000 0.000 0.000 0.137 0 1 0 0 0 0
 28 113746.000 83478.000 0 0 0.000 0.000 0.000 0.143 0 1 0 0 0 0
 29 87765.000 118417.000 0 0 0.000 0.000 0.000 0.132 0 1 0 0 0 0
 30 93292.000 78659.000 0 0 0.000 0.000 0.000 0.138 0 1 0 0 0 0
 31 119724.000 111536.000 0 0 0.000 0.000 0.000 0.151 0 1 0 0 0 0
 32 77209.000 96179.000 0 0 0.000 0.000 0.000 0.140 0 1 0 0 0 0
 33 86363.000 80718.000 0 0 0.000 0.000 0.000 0.131 0 1 0 0 0 0
 34 91517.000 123022.000 0 0 0.000 0.000 0.000 0.146 0 1 0 0 0 0
 35 113290.000 79881.000 0 0 0.000 0.000 0.000 0.148 0 1 0 0 0 0
 36 80505.000 116926.000 0 0 0.000 0.000 0.000 0.151 0 1 0 0 0 0
 37 125031.000 91379.000 0 0 0.000 0.000 0.000 0.132 0 1 0 0 0 0
 38 89473.000 75730.000 0 0 0.000 0.000 0.000 0.145 0 1 0 0 0 0
 39 75444.000 89514.000 0 0 0.000 0.000 0.000 0.135 0 1 0 0 0 0
 40 80012.000 118733.000 0 0 0.000 0.000 0.000 0.144 0 1 0 0 0 0
 41 87784.000 76038.000 0 0 0.000 0.000 0.000 0.130 0 1 0 0 0 0
 42 103058.000 127748.000 0 0 0.000 0.000 0.000 0.131 0 1 0 0 0 0
 43 75328.000 86860.000 0 0 0.000 0.000 0.000 0.138 0 1 0 0 0 0
 44 102077.000 71614.000 0 0 0.000 0.000 0.000 0.148 0 1 0 0 0 0
 45 83030.000 123876.000 0 0 0.000 0.000 0.000 0.136 0 1 0 0 0 0
 46 72995.000 111276.000 0 0 0.000 0.000 0.000 0.130 0 1 0 0 0 0
 47 89756.000 72420.000 0 0 0.000 0.000 0.000 0.135 0 1 0 0 0 0
 48 124568.000 117884.000 0 0 0.000 0.000 0.000 0.135 0 1 0 0 0 0
 49 101019.000 69772.000 0 0 0.000 0.000 0.000 0.142 0 1 0 0 0 0
 50 81275.000 125366.000 0 0 0.000 0.000 0.000 0.138 0 1 0 0 0 0
 51 124218.000 120048.000 0 0 0.000 0.000 0.000 0.143 0 1 0 0 0 0
 52 102007.000 68937.000 0 0 0.000 0.000 0.000 0.133 0 1 0 0 0 0
 53 84492.000 71538.000 0 0 0.000 0.000 0.000 0.141 0 1 0 0 0 0
 54 82440.000 128272.000 0 0 0.000 0.000 0.000 0.150 0 1 0 0 0 0
 55 131187.000 87765.000 0 0 0.000 0.000 0.000 0.159 0 1 0 0 0 0
 56 68529.000 87911.000 0 0 0.000 0.000 0.000 0.155 0 1 0 0 0 0
 57 68220.000 112387.000 0 0 0.000 0.000 0.000 0.148 0 1 0 0 0 0
 58 81411.000 71811.000 0 0 0.000 0.000 0.000 0.140 0 1 0 0 0 0
 59 96350.000 134153.000 0 0 0.000 0.000 0.000 0.138 0 1 0 0 0 0
 60 65838.000 100029.000 0 0 0.000 0.000 0.000 0.147 0 1 0 0 0 0
 61 133867.000 105285.000 0 0 0.000 0.000 0.000 0.134 0 1 0 0 0 0
 62 71208.000 119697.000 0 0 0.000 0.000 0.000 0.134 0 1 0 0 0 0
 63 133305.000 89835.000 0 0 0.000 0.000 0.000 0.135 0 1 0 0 0 0
 64 135269.000 97829.000 0 0 0.000 0.000 0.000 0.134 0 1 0 0 0 0
 65 96624.000 135743.000 0 0 0.000 0.000 0.000 0.149 0 1 0 0 0 0
 66 117545.000 69232.000 0 0 0.000 0.000 0.000 0.140 0 1 0 0 0 0
 67 129697.000 120209.000 0 0 0.000 0.000 0.000 0.138 0 1 0 0 0 0
 68 86476.000 133968.000 0 0 0.000 0.000 0.000 0.140 0 1 0 0 0 0
 69 135725.000 91840.000 0 0 0.000 0.000 0.000 0.132 0 1 0 0 0 0
 70 63237.000 97173.000 0 0 0.000 0.000 0.000 0.130 0 1 0 0 0 0
 71 84049.000 66985.000 0 0 0.000 0.000 0.000 0.131 0 1 0 0 0 0
 72 88379.000 135324.000 0 0 0.000 0.000 0.000 0.134 0 1 0 0 0 0
 73 71069.000 76614.000 0 0 0.000 0.000 0.000 0.130 0 1 0 0 0 0
 74 71663.000 125072.000 0 0 0.000 0.000 0.000 0.149 0 1 0 0 0 0
 75 98474.000 62389.000 0 0 0.000 0.000 0.000 0.132 0 1 0 0 0 0
 76 101524.000 62437.000 0 0 0.000 0.000 0.000 0.142 0 1 0 0 0 0
 77 134468.000 116777.000 0 0 0.000 0.000 0.000 0.130 0 1 0 0 0 0
 78 70538.000 75540.000 0 0 0.000 0.000 0.000 0.133 0 1 0 0 0 0
 79 78593.000 68061.000 0 0 0.000 0.000 0.000 0.142 0 1 0 0 0 0
 80 84719.000 64565.000 0 0 0.000 0.000 0.000 0.140 0 1 0 0 0 0
 81 118227.000 134636.000 0 0 0.000 0.000 0.000 0.140 0 1 0 0 0 0
 82 134391.000 118847.000 0 0 0.000 0.000 0.000 0.152 0 1 0 0 0 0
 83 119181.000 135575.000 0 0 0.000 0.000 0.000 0.137 0 1 0 0 0 0
 84 93760.000 140075.000 0 0 0.000 0.000 0.000 0.138 0 1 0 0 0 0
 85 139013.000 89561.000 0 0 0.000 0.000 0.000 0.130 0 1 0 0 0 0
 86 61316.000 87602.000 0 0 0.000 0.000 0.000 0.144 0 1 0 0 0 0
 87 62593.000 84215.000 0 0 0.000 0.000 0.000 0.142 0 1 0 0 0 0
 88 135788.000 122161.000 0 0 0.000 0.000 0.000 0.131 0 1 0 0 0 0
 89 58910.000 109257.000 0 0 0.000 0.000 0.000 0.148 0 1 0 0 0 0
 90 86031.000 60239.000 0 0 0.000 0.000 0.000 0.150 0 1 0 0 0 0
 91 59622.000 113691.000 0 0 0.000 0.000 0.000 0.138 0 1 0 0 0 0
 92 61000.000 83000.000 0 0 0.000 0.000 0.000 0.150 0 1 0 0 0 0
 93 131425.000 71398.000 0 0 0.000 0.000 0.000 0.140 0 1 0 0 0 0
 94 132601.000 128012.000 0 0 0.000 0.000 0.000 0.137 0 1 0 0 0 0
 95 56732.000 98269.000 0 0 0.000 0.000 0.000 0.136 0 1 0 0 0 0
 96 63686.000 124529.000 0 0 0.000 0.000 0.000 0.149 0 1 0 0 0 0
 97 115876.000 59608.000 0 0 0.000 0.000 0.000 0.132 0 1 0 0 0 0
 98 143531.000 97638.000 0 0 0.000 0.000 0.000 0.137 0 1 0 0 0 0
 99 141738.000 113196.000 0 0 0.000 0.000 0.000 0.132 0 1 0 0 0 0
 100 140385.000 116801.000 0 0 0.000 0.000 0.000 0.140 0 1 0 0 0 0
 101 76249.000 63340.000 0 0 48.000 54.000 2592.000 50.911 0 1 2 210 0 0
 102 75522.000 136967.000 0 0 0.000 0.000 0.000 0.148 0 1 0 0 0 0
 103 76068.000 62548.000 0 0 48.000 56.000 2688.000 51.845 0 1 2 210 0 0
 104 76023.000 62879.000 0 0 48.000 56.000 2688.000 51.845 0 1 2 210 0 0
 105 75703.000 62784.000 0 0 48.000 54.000 2592.000 50.911 0 1 2 210 0 0
 106 75735.000 62924.000 0 0 48.000 54.000 2592.000 50.911 0 1 2 210 0 0
 107 104886.000 144760.000 0 0 0.000 0.000 0.000 0.135 0 1 0 0 0 0
 108 67241.000 130898.000 0 0 0.000 0.000 0.000 0.154 0 1 0 0 0 0
 109 63347.000 126340.000 0 0 0.000 0.000 0.000 0.142 0 1 0 0 0 0
 110 76111.000 62906.000 0 0 48.000 56.000 2688.000 51.845 0 1 2 210 0 0
 111 75741.000 61751.000 0 0 48.000 56.000 2688.000 51.845 0 1 2 210 0 0
 112 104809.000 55496.000 0 0 0.000 0.000 0.000 0.143 0 1 0 0 0 0
 113 122101.000 139681.000 0 0 0.000 0.000 0.000 0.131 0 1 0 0 0 0
 114 75445.000 62037.000 0 0 48.000 54.000 2592.000 50.911 0 1 2 210 0 0
 115 55504.000 91206.000 0 0 0.000 0.000 0.000 0.133 0 1 0 0 0 0
 116 61465.000 124743.000 0 0 0.000 0.000 0.000 0.148 0 1 0 0 0 0
 117 75567.000 62816.000 0 0 48.000 54.000 2592.000 50.911 0 1 2 210 0 0
 118 114463.000 143673.000 0 0 0.000 0.000 0.000 0.141 0 1 0 0 0 0
 119 75228.000 61674.000 0 0 48.000 54.000 2592.000 50.911 0 1 2 210 0 0
 120 56433.000 85175.000 0 0 0.000 0.000 0.000 0.173 0 1 0 0 0 0
 121 53604.000 102491.000 0 0 0.000 0.000 0.000 0.148 0 1 0 0 0 0
 122 75594.000 60872.000 0 0 48.000 56.000 2688.000 51.845 0 1 2 210 0 0
 123 74426.000 60498.000 0 0 48.000 54.000 2592.000 50.911 0 1 2 210 0 0
 124 74482.000 60435.000 0 0 48.000 56.000 2688.000 51.845 0 1 2 210 0 0
 125 62663.000 71078.000 0 0 0.000 0.000 0.000 0.138 0 1 0 0 0 0
 126 128414.000 62315.000 0 0 0.000 0.000 0.000 0.137 0 1 0 0 0 0
 127 74557.000 59917.000 0 0 48.000 56.000 2688.000 51.845 0 1 2 210 0 0
 128 75008.000 59832.000 0 0 48.000 56.000 2688.000 51.845 0 1 2 210 0 0
 129 52211.000 100406.000 0 0 0.000 0.000 0.000 0.134 0 1 0 0 0 0
 130 74246.000 60046.000 0 0 48.000 56.000 2688.000 51.845 0 1 2 210 0 0
 131 74165.000 60066.000 0 0 48.000 54.000 2592.000 50.911 0 1 2 210 0 0
 132 91986.000 52721.000 0 0 0.000 0.000 0.000 0.131 0 1 0 0 0 0
 133 147867.000 106642.000 0 0 0.000 0.000 0.000 0.153 0 1 0 0 0 0
 134 145002.000 118042.000 0 0 0.000 0.000 0.000 0.134 0 1 0 0 0 0
 135 74327.000 58211.000 0 0 48.000 56.000 2688.000 51.845 0 1 2 210 0 0
 136 81937.000 146057.000 0 0 0.000 0.000 0.000 0.134 0 1 0 0 0 0
 137 74258.000 57895.000 0 0 48.000 56.000 2688.000 51.845 0 1 2 210 0 0
 138 50860.000 96482.000 0 0 0.000 0.000 0.000 0.147 0 1 0 0 0 0
 139 74433.000 57961.000 0 0 46.000 56.000 2576.000 50.754 0 1 2 210 0 0
 140 149322.000 98360.000 0 0 0.000 0.000 0.000 0.130 0 1 0 0 0 0
 141 66251.000 136877.000 0 0 0.000 0.000 0.000 0.155 0 1 0 0 0 0
 142 100781.000 50541.000 0 0 0.000 0.000 0.000 0.133 0 1 0 0 0 0
 143 128110.000 59000.000 0 0 0.000 0.000 0.000 0.136 0 1 0 0 0 0
 144 79867.000 146126.000 0 0 0.000 0.000 0.000 0.137 0 1 0 0 0 0
 145 73883.000 57486.000 0 0 48.000 56.000 2688.000 51.845 0 1 2 210 0 0
 146 128148.000 58820.000 0 0 0.000 0.000 0.000 0.131 0 1 0 0 0 0
 147 73736.000 57492.000 0 0 48.000 56.000 2688.000 51.845 0 1 2 210 0 0
 148 110055.000 149493.000 0 0 0.000 0.000 0.000 0.136 0 1 0 0 0 0
 149 51389.000 113120.000 0 0 0.000 0.000 0.000 0.144 0 1 0 0 0 0
 150 140332.000 131266.000 0 0 0.000 0.000 0.000 0.131 0 1 0 0 0 0
 151 76161.000 145897.000 0 0 0.000 0.000 0.000 0.131 0 1 0 0 0 0
 152 96449.000 47561.000 0 0 0.000 0.000 0.000 0.132 0 1 0 0 0 0
 153 55666.000 70023.000 0 0 0.000 0.000 0.000 0.139 0 1 0 0 0 0
 154 47297.000 88640.000 0 0 0.000 0.000 0.000 0.133 0 1 0 0 0 0
 155 46686.000 87557.000 0 0 0.000 0.000 0.000 0.143 0 1 0 0 0 0
 156 84584.000 153647.000 0 0 0.000 0.000 0.000 0.133 0 1 0 0 0 0
 157 108917.000 155503.000 0 0 0.000 0.000 0.000 0.132 0 1 0 0 0 0
 158 54534.000 67234.000 0 0 0.000 0.000 0.000 0.134 0 1 0 0 0 0
 159 90519.000 44640.000 0 0 0.000 0.000 0.000 0.143 0 1 0 0 0 0
 160 131943.000 53545.000 0 0 0.000 0.000 0.000 0.135 0 1 0 0 0 0
 161 146723.000 132104.000 0 0 0.000 0.000 0.000 0.134 0 1 0 0 0 0
 162 72501.000 50676.000 0 0 0.000 0.000 0.000 0.132 0 1 0 0 0 0
 163 138720.000 58500.000 0 0 0.000 0.000 0.000 0.136 0 1 0 0 0 0
 164 76815.000 47748.000 0 0 0.000 0.000 0.000 0.137 0 1 0 0 0 0
 165 94968.000 157757.000 0 0 0.000 0.000 0.000 0.130 0 1 0 0 0 0
 166 42328.000 96604.000 0 0 0.000 0.000 0.000 0.131 0 1 0 0 0 0
 167 84765.000 44376.000 0 0 0.000 0.000 0.000 0.150 0 1 0 0 0 0
 168 42170.000 104974.000 0 0 0.000 0.000 0.000 0.130 0 1 0 0 0 0
 169 81896.000 45006.000 0 0 0.000 0.000 0.000 0.137 0 1 0 0 0 0
 170 46591.000 123525.000 0 0 0.000 0.000 0.000 0.132 0 1 0 0 0 0
 171 88661.000 42992.000 0 0 0.000 0.000 0.000 0.140 0 1 0 0 0 0
 172 126674.000 152411.000 0 0 0.000 0.000 0.000 0.138 0 1 0 0 0 0
 173 116899.000 43405.000 0 0 0.000 0.000 0.000 0.130 0 1 0 0 0 0
 174 87729.000 41745.000 0 0 0.000 0.000 0.000 0.169 0 1 0 0 0 0
 175 111453.000 41417.000 0 0 0.000 0.000 0.000 0.134 0 1 0 0 0 0
 176 159029.000 89524.000 0 0 0.000 0.000 0.000 0.137 0 1 0 0 0 0
 177 66594.000 50080.000 0 0 0.000 0.000 0.000 0.137 0 1 0 0 0 0
 178 125318.000 45457.000 0 0 0.000 0.000 0.000 0.135 0 1 0 0 0 0
 179 159284.000 113819.000 0 0 0.000 0.000 0.000 0.135 0 1 0 0 0 0
 180 97119.000 39361.000 0 0 0.000 0.000 0.000 0.141 0 1 0 0 0 0
 181 39678.000 109984.000 0 0 0.000 0.000 0.000 0.133 0 1 0 0 0 0
 182 67533.000 48145.000 0 0 48.000 56.000 2688.000 51.845 0 1 1 210 0 0
 183 67706.000 48128.000 0 0 48.000 56.000 2688.000 51.845 0 1 1 210 0 0
 184 137753.000 148565.000 0 0 0.000 0.000 0.000 0.135 0 1 0 0 0 0
 185 161216.000 107908.000 0 0 0.000 0.000 0.000 0.142 0 1 0 0 0 0
 186 149740.000 62277.000 0 0 0.000 0.000 0.000 0.138 0 1 0 0 0 0
 187 37067.000 103944.000 0 0 0.000 0.000 0.000 0.154 0 1 0 0 0 0
 188 66171.000 46702.000 0 0 48.000 56.000 2688.000 51.845 0 1 1 210 0 0
 189 76348.000 158931.000 0 0 0.000 0.000 0.000 0.136 0 1 0 0 0 0
 190 65555.000 45842.000 0 0 48.000 56.000 2688.000 51.845 0 1 1 210 0 0
 191 43359.000 71582.000 0 0 0.000 0.000 0.000 0.131 0 1 0 0 0 0
 192 157468.000 128116.000 0 0 0.000 0.000 0.000 0.136 0 1 0 0 0 0
 193 35814.000 101907.000 0 0 0.000 0.000 0.000 0.146 0 1 0 0 0 0
 194 65685.000 44606.000 0 0 48.000 56.000 2688.000 51.845 0 1 1 210 0 0
 195 106272.000 166781.000 0 0 0.000 0.000 0.000 0.132 0 1 0 0 0 0
 196 64531.000 42639.000 0 0 48.000 56.000 2688.000 51.845 0 1 1 210 0 0
 197 64375.000 42423.000 0 0 48.000 56.000 2688.000 51.845 0 1 1 210 0 0
 198 64065.000 42577.000 0 0 48.000 56.000 2688.000 51.845 0 1 1 210 0 0
 199 63771.000 42260.000 0 0 48.000 56.000 2688.000 51.845 0 1 1 210 0 0
 200 30671.000 104398.000 0 0 0.000 0.000 0.000 0.133 0 1 0 0 0 0
 201 53053.000 48631.000 0 0 0.000 0.000 0.000 0.132 0 1 0 0 0 0
 202 75521.000 166102.000 0 0 0.000 0.000 0.000 0.134 0 1 0 0 0 0
 203 45185.000 54877.000 0 0 0.000 0.000 0.000 0.142 0 1 0 0 0 0
 204 148983.000 48030.000 0 0 0.000 0.000 0.000 0.147 0 1 0 0 0 0
 205 171693.000 107498.000 0 0 0.000 0.000 0.000 0.145 0 1 0 0 0 0
 206 61978.000 37698.000 0 0 48.000 56.000 2688.000 51.845 0 1 1 210 0 0
 207 61302.000 38098.000 0 0 48.000 56.000 2688.000 51.845 0 1 1 210 0 0
 208 42264.000 54320.000 0 0 0.000 0.000 0.000 0.150 0 1 0 0 0 0
 209 46526.000 49556.000 0 0 0.000 0.000 0.000 0.201 0 1 0 0 0 0
 210 43373.000 149350.000 0 0 0.000 0.000 0.000 0.141 0 1 0 0 0 0
 211 60434.000 36853.000 0 0 48.000 56.000 2688.000 51.845 0 1 1 210 0 0
 212 31535.000 130611.000 0 0 0.000 0.000 0.000 0.145 0 1 0 0 0 0
 213 60275.000 36711.000 0 0 48.000 56.000 2688.000 51.845 0 1 1 210 0 0
 214 169814.000 128087.000 0 0 0.000 0.000 0.000 0.152 0 1 0 0 0 0
 215 60347.000 35904.000 0 0 48.000 56.000 2688.000 51.845 0 1 1 210 0 0
 216 39479.000 53905.000 0 0 0.000 0.000 0.000 0.131 0 1 0 0 0 0
 217 59343.000 35059.000 0 0 48.000 56.000 2688.000 51.845 0 1 1 210 0 0
 218 170192.000 134112.000 0 0 0.000 0.000 0.000 0.155 0 1 0 0 0 0
 219 178204.000 104339.000 0 0 0.000 0.000 0.000 0.145 0 1 0 0 0 0
 220 169183.000 137217.000 0 0 0.000 0.000 0.000 0.137 0 1 0 0 0 0
 221 171316.000 134216.000 0 0 0.000 0.000 0.000 0.130 0 1 0 0 0 0
 222 27772.000 64118.000 0 0 0.000 0.000 0.000 0.236 0 1 0 0 0 0
 223 27683.000 64012.000 0 0 0.000 0.000 0.000 0.281 0 1 0 0 0 0
 224 57230.000 30428.000 0 0 48.000 56.000 2688.000 51.845 0 1 1 210 0 0
 225 177632.000 72406.000 0 0 0.000 0.000 0.000 0.134 0 1 0 0 0 0
 226 56748.000 29536.000 0 0 48.000 56.000 2688.000 51.845 0 1 1 210 0 0
 227 56684.000 29339.000 0 0 48.000 56.000 2688.000 51.845 0 1 1 210 0 0
 228 55767.000 28326.000 0 0 48.000 56.000 2688.000 51.845 0 1 1 210 0 0
 229 56052.000 28742.000 0 0 48.000 56.000 2688.000 51.845 0 1 1 210 0 0
 230 55903.000 27638.000 0 0 48.000 56.000 2688.000 51.845 0 1 1 210 0 0
 231 55911.000 28345.000 0 0 48.000 56.000 2688.000 51.845 0 1 1 210 0 0
 232 55462.000 27321.000 0 0 48.000 56.000 2688.000 51.845 0 1 1 210 0 0
 233 55454.000 27158.000 0 0 48.000 56.000 2688.000 51.845 0 1 1 210 0 0
 234 33266.000 45860.000 0 0 0.000 0.000 0.000 0.159 0 1 0 0 0 0
 235 54839.000 26093.000 0 0 48.000 56.000 2688.000 51.845 0 1 1 210 0 0
 236 54789.000 25728.000 0 0 47.000 56.000 2632.000 51.303 0 1 1 210 0 0
 237 54328.000 24837.000 0 0 46.000 56.000 2576.000 50.754 0 1 1 210 0 0
 238 54084.000 24572.000 0 0 47.000 56.000 2632.000 51.303 0 1 1 210 0 0
 239 53233.000 22911.000 0 0 46.000 56.000 2576.000 50.754 0 1 1 210 0 0
 240 52762.000 21968.000 0 0 46.000 56.000 2576.000 50.754 0 1 1 210 0 0
 241 52752.000 21681.000 0 0 46.000 56.000 2576.000 50.754 0 1 1 210 0 0
 242 52554.000 21539.000 0 0 46.000 56.000 2576.000 50.754 0 1 1 210 0 0
 243 52198.000 21162.000 0 0 46.000 56.000 2576.000 50.754 0 1 1 210 0 0
 244 50799.000 19783.000 0 0 0.000 0.000 0.000 0.202 0 1 0 0 0 0
 245 184035.000 143524.000 0 0 0.000 0.000 0.000 0.161 0 1 0 0 0 0
 246 50430.000 19448.000 0 0 0.000 0.000 0.000 0.139 0 1 0 0 0 0
 247 50188.000 19140.000 0 0 0.000 0.000 0.000 0.141 0 1 0 0 0 0
 248 76285.000 63521.000 0 0 13.985 9.091 127.157 11.276 0 1 2 210 0 0
 249 76440.000 63419.000 0 0 45.597 29.366 1339.035 36.592 0 1 2 210 0 0
 250 76516.000 63372.000 0 0 43.891 28.141 1235.196 35.145 0 1 2 210 0 0
 251 76572.000 63338.000 0 0 47.446 30.319 1438.563 37.928 0 1 2 210 0 0
 252 76019.000 63492.000 0 0 17.495 11.492 201.073 14.180 0 1 2 210 0 0
 253 76195.000 63376.000 0 0 14.040 9.126 128.144 11.320 0 1 2 210 0 0
 254 76360.000 63271.000 0 0 15.850 10.201 161.701 12.716 0 1 2 210 0 0
 255 76430.000 63226.000 0 0 42.313 27.120 1147.546 33.875 0 1 2 210 0 0
 256 76466.000 63201.000 0 0 21.161 13.533 286.397 16.923 0 1 2 210 0 0
 257 76703.000 63053.000 0 0 8.861 5.587 49.518 7.036 0 1 2 210 0 0
 258 75929.000 63346.000 0 0 22.844 15.001 342.704 18.512 0 1 2 210 0 0
 259 76027.000 63282.000 0 0 24.634 16.084 396.231 19.905 0 1 2 210 0 0
 260 76060.000 63260.000 0 0 14.085 9.178 129.280 11.370 0 1 2 210 0 0
 261 76104.000 63233.000 0 0 31.733 20.624 654.486 25.582 0 1 2 210 0 0
 262 76136.000 63212.000 0 0 17.629 11.436 201.624 14.199 0 1 2 210 0 0
 263 76161.000 63195.000 0 0 24.693 15.994 394.952 19.873 0 1 2 210 0 0
 264 76261.000 63132.000 0 0 58.260 37.514 2185.583 46.750 0 1 2 210 0 0
 265 76369.000 63062.000 0 0 120.406 77.031 9275.106 96.307 0 1 2 210 0 0
 266 76461.000 63005.000 0 0 44.331 28.207 1250.494 35.362 0 1 2 210 0 0
 267 76569.000 62936.000 0 0 30.204 19.094 576.750 24.015 0 1 2 210 0 0
 268 76615.000 62908.000 0 0 49.788 31.390 1562.908 39.533 0 1 2 210 0 0
 269 76653.000 62884.000 0 0 14.229 8.950 127.368 11.285 0 1 2 210 0 0
 270 76697.000 62856.000 0 0 30.269 18.990 574.825 23.975 0 1 2 210 0 0
 271 75788.000 63235.000 0 0 17.618 11.603 204.434 14.298 0 1 2 210 0 0
 272 75833.000 63204.000 0 0 40.565 26.643 1080.813 32.875 0 1 2 210 0 0
 273 75930.000 63142.000 0 0 37.102 24.229 898.950 29.982 0 1 2 210 0 0
 274 75965.000 63119.000 0 0 27.311 17.798 486.115 22.048 0 1 2 210 0 0
 275 76038.000 63072.000 0 0 92.147 59.793 5509.868 74.228 0 1 2 210 0 0
 276 76230.000 62949.000 0 0 211.357 135.594 28658.940 169.289 0 1 2 210 0 0
 277 76369.000 62862.000 0 0 40.942 26.051 1066.644 32.659 0 1 2 210 0 0
 278 76515.000 62770.000 0 0 112.428 70.922 7973.676 89.295 0 1 2 210 0 0
 279 76607.000 62712.000 0 0 33.960 21.306 723.564 26.899 0 1 2 210 0 0
 280 75696.000 63092.000 0 0 30.077 19.806 595.711 24.407 0 1 2 210 0 0
 281 75738.000 63064.000 0 0 49.580 32.568 1614.731 40.183 0 1 2 210 0 0
 282 75852.000 62990.000 0 0 72.745 47.464 3452.806 58.760 0 1 2 210 0 0
 283 75918.000 62948.000 0 0 35.000 22.748 796.199 28.217 0 1 2 210 0 0
 284 75968.000 62916.000 0 0 52.095 33.760 1758.748 41.937 0 1 2 210 0 0
 285 76074.000 62849.000 0 0 73.022 47.029 3434.187 58.601 0 1 2 210 0 0
 286 76181.000 62780.000 0 0 119.551 76.508 9146.722 95.638 0 1 2 210 0 0
 287 76279.000 62717.000 0 0 37.174 23.651 879.229 29.651 0 1 2 210 0 0
 288 76390.000 62648.000 0 0 30.439 19.240 585.668 24.200 0 1 2 210 0 0
 289 76435.000 62620.000 0 0 50.176 31.631 1587.168 39.839 0 1 2 210 0 0
 290 76472.000 62596.000 0 0 16.141 10.153 163.890 12.801 0 1 2 210 0 0
 291 76516.000 62570.000 0 0 30.502 19.137 583.756 24.161 0 1 2 210 0 0
 292 75630.000 62932.000 0 0 85.285 56.069 4781.882 69.151 0 1 2 210 0 0
 293 75749.000 62854.000 0 0 23.150 15.114 349.901 18.705 0 1 2 210 0 0
 294 75784.000 62831.000 0 0 29.031 18.914 549.112 23.433 0 1 2 210 0 0
 295 75830.000 62802.000 0 0 36.823 23.926 881.038 29.682 0 1 2 210 0 0
 296 75863.000 62781.000 0 0 24.970 16.193 404.376 20.109 0 1 2 210 0 0
 297 75886.000 62766.000 0 0 12.499 8.095 101.182 10.058 0 1 2 210 0 0
 298 76045.000 62664.000 0 0 199.525 128.014 25542.081 159.818 0 1 2 210 0 0
 299 76197.000 62569.000 0 0 17.777 11.305 200.974 14.176 0 1 2 210 0 0
 300 76295.000 62507.000 0 0 16.179 10.229 165.518 12.865 0 1 2 210 0 0
 301 76347.000 62474.000 0 0 44.967 28.343 1274.542 35.700 0 1 2 210 0 0
 302 76429.000 62422.000 0 0 23.419 14.690 344.040 18.548 0 1 2 210 0 0
 303 75540.000 62786.000 0 0 85.619 56.276 4818.383 69.414 0 1 2 210 0 0
 304 75661.000 62709.000 0 0 16.092 10.503 169.031 13.001 0 1 2 210 0 0
 305 75697.000 62685.000 0 0 26.832 17.475 468.920 21.654 0 1 2 210 0 0
 306 75741.000 62658.000 0 0 37.589 24.420 917.929 30.297 0 1 2 210 0 0
 307 75772.000 62638.000 0 0 17.904 11.611 207.895 14.418 0 1 2 210 0 0
 308 75970.000 62511.000 0 0 150.966 96.766 14608.502 120.865 0 1 2 210 0 0
 309 76105.000 62425.000 0 0 30.674 19.507 598.371 24.461 0 1 2 210 0 0
 310 76204.000 62362.000 0 0 19.849 12.550 249.115 15.783 0 1 2 210 0 0
 311 76258.000 62329.000 0 0 43.345 27.317 1184.100 34.410 0 1 2 210 0 0
 312 76340.000 62276.000 0 0 23.510 14.745 346.680 18.619 0 1 2 210 0 0
 313 75454.000 62641.000 0 0 85.954 56.475 4854.303 69.672 0 1 2 210 0 0
 314 75573.000 62564.000 0 0 23.331 15.224 355.196 18.846 0 1 2 210 0 0
 315 75609.000 62540.000 0 0 32.902 21.423 704.886 26.549 0 1 2 210 0 0
 316 75650.000 62514.000 0 0 43.132 28.017 1208.464 34.762 0 1 2 210 0 0
 317 75688.000 62489.000 0 0 12.592 8.161 102.771 10.137 0 1 2 210 0 0
 318 75876.000 62368.000 0 0 142.514 91.360 13020.211 114.106 0 1 2 210 0 0
 319 76018.000 62280.000 0 0 26.926 17.119 460.948 21.469 0 1 2 210 0 0
 320 76115.000 62217.000 0 0 18.106 11.446 207.256 14.396 0 1 2 210 0 0
 321 76169.000 62184.000 0 0 43.511 27.420 1193.104 34.541 0 1 2 210 0 0
 322 76252.000 62132.000 0 0 25.406 15.932 404.796 20.119 0 1 2 210 0 0
 323 75339.000 62513.000 0 0 28.743 18.909 543.517 23.313 0 1 2 210 0 0
 324 75384.000 62483.000 0 0 48.552 31.856 1546.719 39.328 0 1 2 210 0 0
 325 75521.000 62394.000 0 0 30.771 20.030 616.366 24.826 0 1 2 210 0 0
 326 75565.000 62367.000 0 0 42.063 27.311 1148.831 33.894 0 1 2 210 0 0
 327 75600.000 62344.000 0 0 12.641 8.191 103.544 10.175 0 1 2 210 0 0
 328 75715.000 62270.000 0 0 12.666 8.152 103.260 10.161 0 1 2 210 0 0
 329 75792.000 62220.000 0 0 135.832 87.039 11822.790 108.732 0 1 2 210 0 0
 330 75930.000 62135.000 0 0 23.598 15.001 354.022 18.815 0 1 2 210 0 0
 331 76028.000 62071.000 0 0 20.003 12.642 252.897 15.902 0 1 2 210 0 0
 332 76084.000 62037.000 0 0 43.680 27.518 1202.050 34.670 0 1 2 210 0 0
 333 76164.000 61987.000 0 0 25.503 15.991 407.858 20.195 0 1 2 210 0 0
 334 75247.000 62369.000 0 0 21.640 14.234 308.049 17.551 0 1 2 210 0 0
 335 75292.000 62340.000 0 0 36.112 23.693 855.637 29.251 0 1 2 210 0 0
 336 75432.000 62250.000 0 0 32.581 21.204 690.869 26.284 0 1 2 210 0 0
 337 75474.000 62222.000 0 0 48.890 31.740 1551.824 39.393 0 1 2 210 0 0
 338 75511.000 62199.000 0 0 18.115 11.735 212.600 14.580 0 1 2 210 0 0
 339 75690.000 62084.000 0 0 170.857 109.546 18716.766 136.809 0 1 2 210 0 0
 340 75842.000 61989.000 0 0 25.574 16.254 415.702 20.388 0 1 2 210 0 0
 341 75940.000 61927.000 0 0 20.079 12.689 254.789 15.962 0 1 2 210 0 0
 342 75993.000 61893.000 0 0 49.316 31.068 1532.178 39.143 0 1 2 210 0 0
 343 76050.000 61857.000 0 0 7.311 4.590 33.567 5.793 0 1 2 210 0 0
 344 76075.000 61842.000 0 0 26.893 16.861 453.461 21.294 0 1 2 210 0 0
 345 75203.000 62196.000 0 0 18.116 11.883 215.293 14.672 0 1 2 210 0 0
 346 75344.000 62105.000 0 0 25.424 16.542 420.585 20.508 0 1 2 210 0 0
 347 75386.000 62078.000 0 0 38.173 24.777 945.830 30.754 0 1 2 210 0 0
 348 75425.000 62052.000 0 0 12.739 8.249 105.094 10.251 0 1 2 210 0 0
 349 75626.000 61924.000 0 0 131.414 84.126 11055.404 105.144 0 1 2 210 0 0
 350 75755.000 61842.000 0 0 24.018 15.260 366.534 19.145 0 1 2 210 0 0
 351 75853.000 61781.000 0 0 20.156 12.734 256.691 16.021 0 1 2 210 0 0
 352 75902.000 61751.000 0 0 55.008 34.656 1906.403 43.662 0 1 2 210 0 0
 353 75964.000 61711.000 0 0 11.009 6.911 76.089 8.722 0 1 2 210 0 0
 354 75988.000 61695.000 0 0 29.534 18.514 546.822 23.384 0 1 2 210 0 0
 355 75258.000 61956.000 0 0 25.524 16.599 423.694 20.583 0 1 2 210 0 0
 356 75298.000 61930.000 0 0 29.190 18.940 552.880 23.513 0 1 2 210 0 0
 357 75337.000 61907.000 0 0 23.741 15.371 364.924 19.102 0 1 2 210 0 0
 358 75526.000 61786.000 0 0 185.027 118.498 21925.571 148.072 0 1 2 210 0 0
 359 75667.000 61696.000 0 0 23.872 15.165 362.033 19.027 0 1 2 210 0 0
 360 75765.000 61635.000 0 0 18.385 11.614 213.532 14.612 0 1 2 210 0 0
 361 75814.000 61604.000 0 0 53.370 33.618 1794.212 42.358 0 1 2 210 0 0
 362 75878.000 61565.000 0 0 12.902 8.097 104.480 10.221 0 1 2 210 0 0
 363 75902.000 61549.000 0 0 27.649 17.328 479.127 21.888 0 1 2 210 0 0
 364 75169.000 61812.000 0 0 27.460 17.855 490.319 22.143 0 1 2 210 0 0
 365 75211.000 61786.000 0 0 25.638 16.631 426.414 20.649 0 1 2 210 0 0
 366 75248.000 61762.000 0 0 21.989 14.234 313.012 17.692 0 1 2 210 0 0
 367 75370.000 61683.000 0 0 55.106 35.421 1951.965 44.181 0 1 2 210 0 0
 368 75477.000 61616.000 0 0 117.763 75.237 8860.249 94.128 0 1 2 210 0 0
 369 75576.000 61552.000 0 0 29.480 18.727 552.087 23.496 0 1 2 210 0 0
 370 75677.000 61490.000 0 0 20.309 12.827 260.530 16.140 0 1 2 210 0 0
 371 75725.000 61459.000 0 0 59.121 37.237 2201.559 46.920 0 1 2 210 0 0
 372 75803.000 61410.000 0 0 49.149 30.818 1514.717 38.919 0 1 2 210 0 0
 373 75079.000 61667.000 0 0 16.542 10.754 177.904 13.338 0 1 2 210 0 0
 374 75116.000 61645.000 0 0 12.875 8.353 107.559 10.371 0 1 2 210 0 0
 375 75157.000 61618.000 0 0 12.884 8.339 107.455 10.366 0 1 2 210 0 0
 376 75274.000 61543.000 0 0 40.563 26.080 1057.936 32.525 0 1 2 210 0 0
 377 75302.000 61526.000 0 0 11.062 7.101 78.563 8.863 0 1 2 210 0 0
 378 75333.000 61506.000 0 0 12.922 8.280 107.006 10.344 0 1 2 210 0 0
 379 75360.000 61488.000 0 0 33.238 21.266 706.866 26.586 0 1 2 210 0 0
 380 75412.000 61455.000 0 0 64.678 41.259 2668.568 51.658 0 1 2 210 0 0
 381 75493.000 61405.000 0 0 16.655 10.575 176.145 13.271 0 1 2 210 0 0
 382 75643.000 61310.000 0 0 42.653 26.852 1145.385 33.843 0 1 2 210 0 0
 383 75702.000 61273.000 0 0 14.847 9.315 138.309 11.760 0 1 2 210 0 0
 384 75727.000 61258.000 0 0 29.761 18.646 554.959 23.557 0 1 2 210 0 0
 385 75307.000 61321.000 0 0 101.976 65.102 6638.950 81.479 0 1 2 210 0 0
 386 75403.000 61260.000 0 0 25.991 16.502 428.934 20.710 0 1 2 210 0 0
 387 75435.000 61241.000 0 0 23.472 14.876 349.189 18.686 0 1 2 210 0 0
 388 75459.000 61224.000 0 0 9.300 5.886 54.744 7.398 0 1 2 210 0 0
 389 75502.000 61197.000 0 0 21.888 13.819 302.498 17.392 0 1 2 210 0 0
 390 75551.000 61169.000 0 0 59.567 37.505 2234.113 47.266 0 1 2 210 0 0
 391 75618.000 61125.000 0 0 70.849 44.435 3148.259 56.109 0 1 2 210 0 0
 392 75102.000 61250.000 0 0 20.436 13.131 268.349 16.381 0 1 2 210 0 0
 393 75211.000 61181.000 0 0 117.228 74.861 8775.845 93.679 0 1 2 210 0 0
 394 75318.000 61112.000 0 0 22.363 14.193 317.425 17.816 0 1 2 210 0 0
 395 75346.000 61095.000 0 0 22.410 14.201 318.265 17.839 0 1 2 210 0 0
 396 75374.000 61078.000 0 0 14.922 9.441 140.881 11.869 0 1 2 210 0 0
 397 75417.000 61051.000 0 0 24.274 15.321 371.914 19.285 0 1 2 210 0 0
 398 75463.000 61022.000 0 0 59.792 37.640 2250.633 47.440 0 1 2 210 0 0
 399 75531.000 60979.000 0 0 69.217 43.404 3004.364 54.812 0 1 2 210 0 0
 400 75005.000 61110.000 0 0 27.965 17.973 502.645 22.419 0 1 2 210 0 0
 401 75029.000 61095.000 0 0 14.915 9.573 142.793 11.949 0 1 2 210 0 0
 402 75110.000 61043.000 0 0 98.974 63.236 6258.791 79.112 0 1 2 210 0 0
 403 75175.000 61003.000 0 0 13.091 8.333 109.100 10.445 0 1 2 210 0 0
 404 75229.000 60967.000 0 0 20.585 13.064 268.928 16.399 0 1 2 210 0 0
 405 75258.000 60950.000 0 0 22.456 14.228 319.523 17.875 0 1 2 210 0 0
 406 75284.000 60933.000 0 0 15.704 9.935 156.030 12.491 0 1 2 210 0 0
 407 75327.000 60907.000 0 0 21.773 13.742 299.207 17.297 0 1 2 210 0 0
 408 75374.000 60878.000 0 0 54.379 34.230 1861.421 43.144 0 1 2 210 0 0
 409 75418.000 60851.000 0 0 11.256 7.068 79.568 8.920 0 1 2 210 0 0
 410 75436.000 60839.000 0 0 16.899 10.600 179.143 13.384 0 1 2 210 0 0
 411 75461.000 60823.000 0 0 24.416 15.293 373.412 19.323 0 1 2 210 0 0
 412 74919.000 60964.000 0 0 33.691 21.647 729.341 27.006 0 1 2 210 0 0
 413 75035.000 60890.000 0 0 123.739 78.987 9773.856 98.862 0 1 2 210 0 0
 414 75138.000 60825.000 0 0 31.924 20.260 646.823 25.432 0 1 2 210 0 0
 415 75172.000 60803.000 0 0 26.297 16.657 438.061 20.929 0 1 2 210 0 0
 416 75195.000 60788.000 0 0 18.791 11.887 223.382 14.945 0 1 2 210 0 0
 417 75236.000 60763.000 0 0 20.693 13.060 270.258 16.439 0 1 2 210 0 0
 418 75288.000 60730.000 0 0 41.421 26.065 1079.660 32.858 0 1 2 210 0 0
 419 74830.000 60817.000 0 0 31.931 20.511 654.951 25.592 0 1 2 210 0 0
 420 74895.000 60777.000 0 0 18.796 12.030 226.144 15.038 0 1 2 210 0 0
 421 74960.000 60734.000 0 0 105.432 67.234 7088.735 84.194 0 1 2 210 0 0
 422 75052.000 60678.000 0 0 32.044 20.330 651.489 25.524 0 1 2 210 0 0
 423 75083.000 60657.000 0 0 24.050 15.232 366.346 19.140 0 1 2 210 0 0
 424 75109.000 60642.000 0 0 15.089 9.542 143.992 11.999 0 1 2 210 0 0
 425 75149.000 60616.000 0 0 18.874 11.909 224.778 14.992 0 1 2 210 0 0
 426 75198.000 60585.000 0 0 47.231 29.720 1403.747 37.466 0 1 2 210 0 0
 427 75245.000 60558.000 0 0 7.560 4.745 35.879 5.989 0 1 2 210 0 0
 428 75289.000 60530.000 0 0 20.816 13.032 271.283 16.470 0 1 2 210 0 0
 429 74743.000 60672.000 0 0 33.943 21.799 739.957 27.202 0 1 2 210 0 0
 430 74806.000 60633.000 0 0 18.865 12.073 227.776 15.092 0 1 2 210 0 0
 431 74837.000 60612.000 0 0 33.994 21.718 738.302 27.171 0 1 2 210 0 0
 432 74879.000 60586.000 0 0 39.675 25.287 1003.286 31.674 0 1 2 210 0 0
 433 74911.000 60565.000 0 0 20.797 13.231 275.187 16.588 0 1 2 210 0 0
 434 74962.000 60533.000 0 0 28.718 18.219 523.237 22.874 0 1 2 210 0 0
 435 74994.000 60513.000 0 0 22.708 14.380 326.553 18.070 0 1 2 210 0 0
 436 75020.000 60497.000 0 0 15.144 9.576 145.039 12.043 0 1 2 210 0 0
 437 75060.000 60472.000 0 0 15.154 9.561 144.899 12.037 0 1 2 210 0 0
 438 75110.000 60440.000 0 0 52.365 32.947 1725.321 41.536 0 1 2 210 0 0
 439 75165.000 60406.000 0 0 36.060 22.619 815.682 28.560 0 1 2 210 0 0
 440 75199.000 60386.000 0 0 23.952 14.995 359.181 18.952 0 1 2 210 0 0
 441 74657.000 60526.000 0 0 35.951 23.082 829.846 28.807 0 1 2 210 0 0
 442 74719.000 60486.000 0 0 20.839 13.332 277.849 16.668 0 1 2 210 0 0
 443 74752.000 60465.000 0 0 24.639 15.735 387.717 19.690 0 1 2 210 0 0
 444 74787.000 60443.000 0 0 30.331 19.332 586.378 24.215 0 1 2 210 0 0
 445 74824.000 60419.000 0 0 24.668 15.690 387.060 19.673 0 1 2 210 0 0
 446 74876.000 60387.000 0 0 28.484 18.066 514.612 22.685 0 1 2 210 0 0
 447 74907.000 60369.000 0 0 20.901 13.233 276.599 16.631 0 1 2 210 0 0
 448 74931.000 60351.000 0 0 17.110 10.818 185.105 13.605 0 1 2 210 0 0
 449 74973.000 60326.000 0 0 20.923 13.198 276.170 16.618 0 1 2 210 0 0
 450 75025.000 60294.000 0 0 53.732 33.798 1816.099 42.615 0 1 2 210 0 0
 451 75065.000 60268.000 0 0 24.686 15.492 382.467 19.556 0 1 2 210 0 0
 452 75088.000 60255.000 0 0 19.482 12.212 237.924 15.424 0 1 2 210 0 0
 453 75111.000 60239.000 0 0 24.742 15.488 383.211 19.575 0 1 2 210 0 0
 454 74567.000 60381.000 0 0 33.400 21.441 716.159 26.761 0 1 2 210 0 0
 455 74630.000 60341.000 0 0 9.512 6.085 57.883 7.608 0 1 2 210 0 0
 456 74665.000 60319.000 0 0 13.320 8.505 113.295 10.643 0 1 2 210 0 0
 457 74700.000 60296.000 0 0 20.939 13.342 279.390 16.714 0 1 2 210 0 0
 458 74735.000 60274.000 0 0 20.950 13.324 279.161 16.708 0 1 2 210 0 0
 459 74765.000 60256.000 0 0 15.237 9.674 147.412 12.141 0 1 2 210 0 0
 460 74787.000 60242.000 0 0 24.778 15.713 389.357 19.732 0 1 2 210 0 0
 461 74817.000 60222.000 0 0 20.959 13.269 278.116 16.676 0 1 2 210 0 0
 462 74843.000 60207.000 0 0 17.172 10.856 186.429 13.653 0 1 2 210 0 0
 463 74884.000 60181.000 0 0 23.297 14.694 342.357 18.502 0 1 2 210 0 0
 464 74971.000 60126.000 0 0 129.178 81.085 10474.510 102.345 0 1 2 210 0 0
 465 74485.000 60232.000 0 0 45.757 29.358 1343.382 36.652 0 1 2 210 0 0
 466 74545.000 60195.000 0 0 19.075 12.199 232.703 15.254 0 1 2 210 0 0
 467 74577.000 60173.000 0 0 32.455 20.718 672.421 25.931 0 1 2 210 0 0
 468 74610.000 60152.000 0 0 28.653 18.257 523.144 22.872 0 1 2 210 0 0
 469 74648.000 60129.000 0 0 22.928 14.579 334.281 18.283 0 1 2 210 0 0
 470 74676.000 60111.000 0 0 19.115 12.135 231.986 15.231 0 1 2 210 0 0
 471 74703.000 60093.000 0 0 19.809 12.557 248.758 15.772 0 1 2 210 0 0
 472 74730.000 60077.000 0 0 22.958 14.531 333.634 18.265 0 1 2 210 0 0
 473 74757.000 60060.000 0 0 15.312 9.677 148.190 12.173 0 1 2 210 0 0
 474 74797.000 60034.000 0 0 19.152 12.077 231.330 15.209 0 1 2 210 0 0
 475 74870.000 59990.000 0 0 104.282 65.500 6830.525 82.646 0 1 2 210 0 0
 476 74935.000 59948.000 0 0 26.088 16.326 425.941 20.638 0 1 2 210 0 0
 477 74398.000 60086.000 0 0 44.003 28.225 1242.024 35.242 0 1 2 210 0 0
 478 74455.000 60049.000 0 0 21.069 13.472 283.850 16.847 0 1 2 210 0 0
 479 74490.000 60027.000 0 0 30.649 19.560 599.517 24.485 0 1 2 210 0 0
 480 74521.000 60006.000 0 0 26.832 17.094 458.688 21.416 0 1 2 210 0 0
 481 74560.000 59982.000 0 0 21.104 13.416 283.157 16.827 0 1 2 210 0 0
 482 74588.000 59966.000 0 0 15.348 9.742 149.534 12.228 0 1 2 210 0 0
 483 74611.000 59950.000 0 0 26.870 17.034 457.708 21.394 0 1 2 210 0 0
 484 74643.000 59930.000 0 0 24.973 15.803 394.659 19.866 0 1 2 210 0 0
 485 74669.000 59915.000 0 0 15.788 9.977 157.527 12.550 0 1 2 210 0 0
 486 74709.000 59889.000 0 0 19.203 12.107 232.510 15.248 0 1 2 210 0 0
 487 74759.000 59858.000 0 0 52.370 32.931 1724.630 41.528 0 1 2 210 0 0
 488 74824.000 59817.000 0 0 74.171 46.472 3446.928 58.710 0 1 2 210 0 0
 489 74300.000 59946.000 0 0 32.641 20.943 683.626 26.146 0 1 2 210 0 0
 490 74365.000 59905.000 0 0 23.057 14.742 339.914 18.436 0 1 2 210 0 0
 491 74404.000 59880.000 0 0 28.849 18.405 530.990 23.043 0 1 2 210 0 0
 492 74434.000 59861.000 0 0 21.168 13.483 285.423 16.894 0 1 2 210 0 0
 493 74470.000 59838.000 0 0 26.906 17.104 460.223 21.452 0 1 2 210 0 0
 494 74522.000 59806.000 0 0 30.972 19.632 608.071 24.659 0 1 2 210 0 0
 495 74554.000 59785.000 0 0 25.063 15.858 397.475 19.936 0 1 2 210 0 0
 496 74580.000 59770.000 0 0 16.152 10.206 164.857 12.839 0 1 2 210 0 0
 497 74622.000 59743.000 0 0 17.372 10.951 190.259 13.793 0 1 2 210 0 0
 498 74671.000 59713.000 0 0 52.138 32.780 1709.089 41.341 0 1 2 210 0 0
 499 74734.000 59674.000 0 0 74.301 46.553 3458.979 58.813 0 1 2 210 0 0
 500 74869.000 59590.000 0 0 34.877 21.690 756.505 27.504 0 1 2 210 0 0
 501 74276.000 59760.000 0 0 11.570 7.396 85.581 9.250 0 1 2 210 0 0
 502 74380.000 59694.000 0 0 21.256 13.511 287.217 16.947 0 1 2 210 0 0
 503 74440.000 59657.000 0 0 15.466 9.799 151.564 12.311 0 1 2 210 0 0
 504 74490.000 59626.000 0 0 7.739 4.890 37.846 6.151 0 1 2 210 0 0
 505 74532.000 59599.000 0 0 15.489 9.763 151.234 12.297 0 1 2 210 0 0
 506 74621.000 59543.000 0 0 132.243 82.959 10970.807 104.741 0 1 2 210 0 0
 507 74780.000 59445.000 0 0 40.823 25.387 1036.384 32.192 0 1 2 210 0 0
 508 74833.000 59411.000 0 0 19.451 12.060 234.598 15.316 0 1 2 210 0 0
 509 74353.000 59511.000 0 0 5.830 3.693 21.535 4.640 0 1 2 210 0 0
 510 74402.000 59480.000 0 0 7.767 4.907 38.114 6.173 0 1 2 210 0 0
 511 74444.000 59454.000 0 0 17.497 11.028 192.974 13.891 0 1 2 210 0 0
 512 74533.000 59399.000 0 0 132.677 83.220 11041.526 105.078 0 1 2 210 0 0
 513 74692.000 59299.000 0 0 39.029 24.268 947.186 30.776 0 1 2 210 0 0
 514 74752.000 59261.000 0 0 35.161 21.791 766.206 27.680 0 1 2 210 0 0
 515 74419.000 59268.000 0 0 78.564 49.341 3876.486 62.261 0 1 2 210 0 0
 516 74483.000 59228.000 0 0 48.856 30.577 1493.919 38.651 0 1 2 210 0 0
 517 74603.000 59156.000 0 0 39.926 24.826 991.231 31.483 0 1 2 210 0 0
 518 74662.000 59116.000 0 0 35.286 21.868 771.683 27.779 0 1 2 210 0 0
 519 74406.000 59077.000 0 0 13.737 8.592 118.034 10.864 0 1 2 210 0 0
 520 74516.000 59008.000 0 0 33.405 20.768 693.771 26.339 0 1 2 210 0 0
 521 74576.000 58970.000 0 0 35.412 21.943 777.067 27.875 0 1 2 210 0 0
 522 74426.000 58863.000 0 0 37.466 23.291 872.665 29.540 0 1 2 210 0 0
 523 74489.000 58825.000 0 0 41.388 25.643 1061.347 32.578 0 1 2 210 0 0
 524 74338.000 58718.000 0 0 39.586 24.608 974.172 31.211 0 1 2 210 0 0
 525 74399.000 58681.000 0 0 45.552 28.224 1285.698 35.856 0 1 2 210 0 0
 526 74733.000 58477.000 0 0 21.898 13.325 291.816 17.082 0 1 2 210 0 0
 527 74250.000 58572.000 0 0 37.533 23.330 875.656 29.591 0 1 2 210 0 0
 528 74310.000 58536.000 0 0 41.738 25.860 1079.359 32.853 0 1 2 210 0 0
 529 74650.000 58327.000 0 0 43.955 26.738 1175.296 34.282 0 1 2 210 0 0
 530 74686.000 58307.000 0 0 7.992 4.852 38.782 6.227 0 1 2 210 0 0
 531 74161.000 58428.000 0 0 37.327 23.201 866.047 29.428 0 1 2 210 0 0
 532 74222.000 58390.000 0 0 39.901 24.719 986.353 31.406 0 1 2 210 0 0
 533 74564.000 58182.000 0 0 44.108 26.829 1183.414 34.400 0 1 2 210 0 0
 534 74597.000 58162.000 0 0 18.054 10.962 197.928 14.068 0 1 2 210 0 0
 535 74072.000 58281.000 0 0 36.484 22.675 827.280 28.762 0 1 2 210 0 0
 536 74135.000 58244.000 0 0 36.039 22.324 804.547 28.364 0 1 2 210 0 0
 537 74486.000 58030.000 0 0 64.381 39.138 2519.821 50.197 0 1 2 210 0 0
 538 73992.000 58133.000 0 0 12.038 7.478 90.026 9.488 0 1 2 210 0 0
 539 74046.000 58099.000 0 0 36.164 22.400 810.113 28.462 0 1 2 210 0 0
 540 74387.000 57891.000 0 0 42.387 25.782 1092.885 33.058 0 1 2 210 0 0
 541 74421.000 57871.000 0 0 20.189 12.258 247.486 15.731 0 1 2 210 0 0
 542 74299.000 57746.000 0 0 42.533 25.871 1100.386 33.172 0 1 2 210 0 0
 543 74331.000 57727.000 0 0 16.206 9.841 159.494 12.629 0 1 2 210 0 0
 544 74209.000 57602.000 0 0 42.678 25.961 1108.009 33.286 0 1 2 210 0 0
 545 74243.000 57581.000 0 0 20.328 12.343 250.921 15.840 0 1 2 210 0 0
 546 74120.000 57457.000 0 0 40.795 24.816 1012.430 31.818 0 1 2 210 0 0
 547 74153.000 57437.000 0 0 16.317 9.909 161.699 12.716 0 1 2 210 0 0
 548 74028.000 57314.000 0 0 6.147 3.740 22.991 4.794 0 1 2 210 0 0
 549 67816.000 48761.000 0 0 19.644 12.338 242.382 15.568 0 1 1 210 0 0
 550 67968.000 48667.000 0 0 19.680 12.280 241.683 15.546 0 1 1 210 0 0
 551 68110.000 48579.000 0 0 17.261 10.705 184.799 13.594 0 1 1 210 0 0
 552 67717.000 48622.000 0 0 24.621 15.470 380.917 19.517 0 1 1 210 0 0
 553 67878.000 48521.000 0 0 39.471 24.629 972.185 31.179 0 1 1 210 0 0
 554 67929.000 48491.000 0 0 17.291 10.766 186.161 13.644 0 1 1 210 0 0
 555 68045.000 48417.000 0 0 93.959 58.206 5469.070 73.953 0 1 1 210 0 0
 556 68121.000 48370.000 0 0 17.331 10.701 185.479 13.619 0 1 1 210 0 0
 557 67620.000 48482.000 0 0 81.509 51.229 4175.723 64.619 0 1 1 210 0 0
 558 67753.000 48401.000 0 0 37.103 23.188 860.387 29.332 0 1 1 210 0 0
 559 67795.000 48374.000 0 0 42.070 26.245 1104.155 33.228 0 1 1 210 0 0
 560 67934.000 48289.000 0 0 230.528 142.949 32954.010 181.532 0 1 1 210 0 0
 561 67395.000 48424.000 0 0 19.773 12.500 247.174 15.721 0 1 1 210 0 0
 562 67532.000 48337.000 0 0 94.105 59.142 5565.638 74.603 0 1 1 210 0 0
 563 67684.000 48243.000 0 0 84.356 52.670 4443.046 66.656 0 1 1 210 0 0
 564 67774.000 48187.000 0 0 89.412 55.613 4972.538 70.516 0 1 1 210 0 0
 565 67889.000 48114.000 0 0 136.794 84.659 11580.966 107.614 0 1 1 210 0 0
 566 67301.000 48281.000 0 0 22.319 14.111 314.948 17.746 0 1 1 210 0 0
 567 67436.000 48197.000 0 0 91.891 57.764 5308.068 72.856 0 1 1 210 0 0
 568 67566.000 48116.000 0 0 32.310 20.198 652.631 25.546 0 1 1 210 0 0
 569 67609.000 48089.000 0 0 44.803 27.956 1252.524 35.391 0 1 1 210 0 0
 570 67661.000 48057.000 0 0 12.458 7.756 96.636 9.830 0 1 1 210 0 0
 571 67697.000 48035.000 0 0 49.632 30.853 1531.342 39.132 0 1 1 210 0 0
 572 67777.000 47984.000 0 0 97.254 60.247 5859.319 76.546 0 1 1 210 0 0
 573 67846.000 47941.000 0 0 34.927 21.572 753.474 27.449 0 1 1 210 0 0
 574 67202.000 48143.000 0 0 24.851 15.717 390.603 19.763 0 1 1 210 0 0
 575 67337.000 48058.000 0 0 94.564 59.466 5623.385 74.989 0 1 1 210 0 0
 576 67464.000 47980.000 0 0 27.831 17.407 484.480 22.010 0 1 1 210 0 0
 577 67511.000 47950.000 0 0 47.405 29.590 1402.737 37.453 0 1 1 210 0 0
 578 67656.000 47860.000 0 0 142.462 88.373 12589.964 112.205 0 1 1 210 0 0
 579 67745.000 47804.000 0 0 20.011 12.366 247.458 15.730 0 1 1 210 0 0
 580 67101.000 48005.000 0 0 24.917 15.766 392.853 19.820 0 1 1 210 0 0
 581 67238.000 47920.000 0 0 92.382 58.115 5368.889 73.272 0 1 1 210 0 0
 582 67363.000 47842.000 0 0 29.994 18.768 562.960 23.726 0 1 1 210 0 0
 583 67407.000 47815.000 0 0 50.042 31.254 1564.039 39.547 0 1 1 210 0 0
 584 67559.000 47720.000 0 0 137.834 85.528 11788.796 108.576 0 1 1 210 0 0
 585 67003.000 47866.000 0 0 24.983 15.812 395.065 19.876 0 1 1 210 0 0
 586 67136.000 47783.000 0 0 95.115 59.863 5693.911 75.458 0 1 1 210 0 0
 587 67263.000 47703.000 0 0 30.074 18.826 566.192 23.794 0 1 1 210 0 0
 588 67310.000 47675.000 0 0 47.655 29.773 1418.882 37.668 0 1 1 210 0 0
 589 67407.000 47614.000 0 0 32.648 20.313 663.193 25.752 0 1 1 210 0 0
 590 67475.000 47572.000 0 0 95.498 59.246 5657.972 75.219 0 1 1 210 0 0
 591 66901.000 47729.000 0 0 22.557 14.283 322.199 17.949 0 1 1 210 0 0
 592 67045.000 47639.000 0 0 107.935 67.933 7332.462 85.629 0 1 1 210 0 0
 593 67164.000 47564.000 0 0 32.679 20.464 668.772 25.860 0 1 1 210 0 0
 594 67209.000 47537.000 0 0 54.086 33.805 1828.435 42.760 0 1 1 210 0 0
 595 67354.000 47447.000 0 0 133.515 82.942 11074.127 105.233 0 1 1 210 0 0
 596 66799.000 47592.000 0 0 25.115 15.910 399.601 19.990 0 1 1 210 0 0
 597 66949.000 47498.000 0 0 113.258 71.298 8075.075 89.861 0 1 1 210 0 0
 598 67090.000 47412.000 0 0 93.634 58.598 5486.837 74.073 0 1 1 210 0 0
 599 67246.000 47313.000 0 0 141.445 87.931 12437.500 111.523 0 1 1 210 0 0
 600 66701.000 47454.000 0 0 25.181 15.957 401.835 20.045 0 1 1 210 0 0
 601 66851.000 47359.000 0 0 111.651 70.310 7850.257 88.601 0 1 1 210 0 0
 602 66990.000 47272.000 0 0 91.067 57.012 5191.956 72.055 0 1 1 210 0 0
 603 67151.000 47174.000 0 0 131.690 81.891 10784.296 103.847 0 1 1 210 0 0
 604 67249.000 47111.000 0 0 30.414 18.834 572.841 23.934 0 1 1 210 0 0
 605 66604.000 47313.000 0 0 22.736 14.411 327.675 18.101 0 1 1 210 0 0
 606 66739.000 47229.000 0 0 78.408 49.420 3875.030 62.249 0 1 1 210 0 0
 607 66799.000 47192.000 0 0 20.119 12.649 254.508 15.953 0 1 1 210 0 0
 608 66890.000 47134.000 0 0 91.230 57.137 5212.655 72.198 0 1 1 210 0 0
 609 67030.000 47047.000 0 0 111.681 69.537 7766.017 88.125 0 1 1 210 0 0
 610 67104.000 47002.000 0 0 20.318 12.611 256.250 16.007 0 1 1 210 0 0
 611 67149.000 46973.000 0 0 25.412 15.742 400.061 20.001 0 1 1 210 0 0
 612 66614.000 47107.000 0 0 25.347 15.999 405.548 20.138 0 1 1 210 0 0
 613 66653.000 47081.000 0 0 43.124 27.175 1171.924 34.233 0 1 1 210 0 0
 614 66789.000 46997.000 0 0 94.069 58.944 5544.840 74.463 0 1 1 210 0 0
 615 66905.000 46926.000 0 0 50.261 31.341 1575.272 39.689 0 1 1 210 0 0
 616 66959.000 46891.000 0 0 56.017 34.851 1952.304 44.184 0 1 1 210 0 0
 617 67002.000 46864.000 0 0 30.404 18.882 574.104 23.960 0 1 1 210 0 0
 618 67048.000 46835.000 0 0 40.764 25.266 1029.969 32.093 0 1 1 210 0 0
 619 66536.000 46954.000 0 0 86.456 54.541 4715.492 68.669 0 1 1 210 0 0
 620 66693.000 46857.000 0 0 101.895 63.863 6507.403 80.668 0 1 1 210 0 0
 621 66793.000 46795.000 0 0 15.298 9.548 146.073 12.086 0 1 1 210 0 0
 622 66817.000 46780.000 0 0 22.966 14.319 328.877 18.134 0 1 1 210 0 0
 623 66883.000 46739.000 0 0 89.372 55.570 4966.455 70.473 0 1 1 210 0 0
 624 66954.000 46695.000 0 0 46.006 28.521 1312.184 36.224 0 1 1 210 0 0
 625 66362.000 46864.000 0 0 20.371 12.896 262.714 16.208 0 1 1 210 0 0
 626 66439.000 46815.000 0 0 86.682 54.699 4741.495 68.858 0 1 1 210 0 0
 627 66499.000 46778.000 0 0 22.282 14.025 312.531 17.678 0 1 1 210 0 0
 628 66600.000 46714.000 0 0 112.383 70.443 7916.711 88.975 0 1 1 210 0 0
 629 66691.000 46658.000 0 0 23.019 14.374 330.881 18.190 0 1 1 210 0 0
 630 66714.000 46644.000 0 0 12.797 7.983 102.172 10.107 0 1 1 210 0 0
 631 66758.000 46617.000 0 0 35.815 22.302 798.793 28.262 0 1 1 210 0 0
 632 66794.000 46594.000 0 0 15.355 9.548 146.620 12.108 0 1 1 210 0 0
 633 66852.000 46557.000 0 0 46.125 28.609 1319.650 36.326 0 1 1 210 0 0
 634 66261.000 46727.000 0 0 20.423 12.934 264.181 16.253 0 1 1 210 0 0
 635 66339.000 46678.000 0 0 81.796 51.636 4223.709 64.990 0 1 1 210 0 0
 636 66399.000 46639.000 0 0 25.826 16.262 420.001 20.493 0 1 1 210 0 0
 637 66505.000 46573.000 0 0 112.680 70.644 7960.231 89.220 0 1 1 210 0 0
 638 66591.000 46519.000 0 0 33.381 20.853 696.128 26.384 0 1 1 210 0 0
 639 66618.000 46503.000 0 0 10.254 6.399 65.622 8.100 0 1 1 210 0 0
 640 66654.000 46481.000 0 0 28.225 17.586 496.378 22.279 0 1 1 210 0 0
 641 66750.000 46420.000 0 0 43.663 27.096 1183.107 34.396 0 1 1 210 0 0
 642 66161.000 46589.000 0 0 23.049 14.602 336.584 18.346 0 1 1 210 0 0
 643 66238.000 46539.000 0 0 79.434 50.164 3984.804 63.125 0 1 1 210 0 0
 644 66302.000 46500.000 0 0 20.510 12.919 264.984 16.278 0 1 1 210 0 0
 645 66361.000 46463.000 0 0 20.525 12.896 264.704 16.269 0 1 1 210 0 0
 646 66427.000 46421.000 0 0 69.339 43.448 3012.656 54.887 0 1 1 210 0 0
 647 66490.000 46382.000 0 0 30.834 19.270 594.198 24.376 0 1 1 210 0 0
 648 66551.000 46345.000 0 0 28.296 17.640 499.178 22.342 0 1 1 210 0 0
 649 66613.000 46306.000 0 0 23.427 14.567 341.264 18.473 0 1 1 210 0 0
 650 66652.000 46282.000 0 0 43.775 27.176 1189.668 34.491 0 1 1 210 0 0
 651 66063.000 46448.000 0 0 23.109 14.645 338.447 18.396 0 1 1 210 0 0
 652 66129.000 46407.000 0 0 61.920 39.134 2423.250 49.226 0 1 1 210 0 0
 653 66203.000 46361.000 0 0 22.891 14.423 330.182 18.170 0 1 1 210 0 0
 654 66262.000 46324.000 0 0 22.958 14.430 331.307 18.201 0 1 1 210 0 0
 655 66327.000 46284.000 0 0 63.881 40.046 2558.218 50.578 0 1 1 210 0 0
 656 66390.000 46245.000 0 0 30.912 19.328 597.490 24.443 0 1 1 210 0 0
 657 66417.000 46227.000 0 0 18.051 11.273 203.508 14.265 0 1 1 210 0 0
 658 66451.000 46206.000 0 0 28.370 17.693 501.969 22.404 0 1 1 210 0 0
 659 66520.000 46165.000 0 0 10.319 6.417 66.229 8.138 0 1 1 210 0 0
 660 66554.000 46143.000 0 0 49.051 30.461 1494.176 38.654 0 1 1 210 0 0
 661 65965.000 46310.000 0 0 28.315 17.949 508.261 22.544 0 1 1 210 0 0
 662 66028.000 46270.000 0 0 60.670 38.360 2327.317 48.242 0 1 1 210 0 0
 663 66105.000 46222.000 0 0 28.361 17.875 506.990 22.516 0 1 1 210 0 0
 664 66163.000 46187.000 0 0 23.222 14.602 339.103 18.414 0 1 1 210 0 0
 665 66228.000 46145.000 0 0 61.966 38.859 2407.983 49.071 0 1 1 210 0 0
 666 66302.000 46100.000 0 0 54.539 34.097 1859.678 43.123 0 1 1 210 0 0
 667 66353.000 46066.000 0 0 33.613 20.969 704.859 26.549 0 1 1 210 0 0
 668 66417.000 46028.000 0 0 20.691 12.875 266.409 16.322 0 1 1 210 0 0
 669 66456.000 46004.000 0 0 51.778 32.166 1665.545 40.811 0 1 1 210 0 0
 670 65870.000 46170.000 0 0 23.229 14.728 342.149 18.497 0 1 1 210 0 0
 671 65935.000 46127.000 0 0 58.005 36.678 2127.544 46.125 0 1 1 210 0 0
 672 66009.000 46082.000 0 0 28.667 18.072 518.085 22.761 0 1 1 210 0 0
 673 66065.000 46048.000 0 0 23.282 14.644 340.965 18.465 0 1 1 210 0 0
 674 66133.000 46004.000 0 0 67.304 42.214 2841.227 53.303 0 1 1 210 0 0
 675 66206.000 45959.000 0 0 57.000 35.645 2031.825 45.075 0 1 1 210 0 0
 676 66259.000 45925.000 0 0 31.097 19.403 603.393 24.564 0 1 1 210 0 0
 677 66320.000 45889.000 0 0 25.699 15.995 411.080 20.275 0 1 1 210 0 0
 678 66358.000 45864.000 0 0 49.305 30.640 1510.707 38.867 0 1 1 210 0 0
 679 65767.000 46033.000 0 0 31.034 19.686 610.957 24.717 0 1 1 210 0 0
 680 65826.000 45995.000 0 0 67.264 42.563 2863.011 53.507 0 1 1 210 0 0
 681 65904.000 45947.000 0 0 36.754 23.184 852.139 29.191 0 1 1 210 0 0
 682 65956.000 45913.000 0 0 31.103 19.577 608.944 24.676 0 1 1 210 0 0
 683 66029.000 45869.000 0 0 70.054 43.964 3079.880 55.496 0 1 1 210 0 0
 684 66101.000 45823.000 0 0 64.481 40.346 2601.589 51.005 0 1 1 210 0 0
 685 66159.000 45788.000 0 0 13.002 8.116 105.541 10.273 0 1 1 210 0 0
 686 66215.000 45753.000 0 0 25.039 15.594 390.484 19.760 0 1 1 210 0 0
 687 66252.000 45730.000 0 0 41.611 25.876 1076.791 32.814 0 1 1 210 0 0
 688 65666.000 45895.000 0 0 33.720 21.397 721.538 26.861 0 1 1 210 0 0
 689 65728.000 45857.000 0 0 63.382 40.120 2542.915 50.427 0 1 1 210 0 0
 690 65801.000 45810.000 0 0 30.439 19.210 584.760 24.181 0 1 1 210 0 0
 691 65853.000 45778.000 0 0 15.590 9.818 153.077 12.372 0 1 1 210 0 0
 692 65917.000 45738.000 0 0 44.219 27.775 1228.204 35.045 0 1 1 210 0 0
 693 66001.000 45686.000 0 0 59.878 37.482 2244.409 47.375 0 1 1 210 0 0
 694 66108.000 45620.000 0 0 18.255 11.377 207.699 14.411 0 1 1 210 0 0
 695 66152.000 45592.000 0 0 47.580 29.601 1408.466 37.529 0 1 1 210 0 0
 696 65571.000 45754.000 0 0 18.210 11.557 210.469 14.507 0 1 1 210 0 0
 697 65627.000 45719.000 0 0 26.012 16.472 428.502 20.700 0 1 1 210 0 0
 698 65656.000 45702.000 0 0 10.408 6.583 68.524 8.277 0 1 1 210 0 0
 699 65704.000 45671.000 0 0 38.781 24.481 949.437 30.812 0 1 1 210 0 0
 700 65755.000 45639.000 0 0 15.630 9.846 153.910 12.406 0 1 1 210 0 0
 701 65817.000 45598.000 0 0 41.712 26.210 1093.298 33.065 0 1 1 210 0 0
 702 65848.000 45580.000 0 0 13.052 8.191 106.920 10.340 0 1 1 210 0 0
 703 65900.000 45549.000 0 0 62.548 39.171 2450.106 49.498 0 1 1 210 0 0
 704 66057.000 45451.000 0 0 130.758 81.364 10639.097 103.145 0 1 1 210 0 0
 705 66136.000 45401.000 0 0 23.561 14.613 344.330 18.556 0 1 1 210 0 0
 706 65607.000 45531.000 0 0 31.323 19.778 619.525 24.890 0 1 1 210 0 0
 707 65722.000 45459.000 0 0 33.991 21.363 726.180 26.947 0 1 1 210 0 0
 708 65800.000 45410.000 0 0 55.419 34.719 1924.146 43.865 0 1 1 210 0 0
 709 65975.000 45301.000 0 0 157.332 97.866 15397.559 124.086 0 1 1 210 0 0
 710 65633.000 45315.000 0 0 15.723 9.881 155.380 12.465 0 1 1 210 0 0
 711 65694.000 45277.000 0 0 32.330 20.268 655.291 25.598 0 1 1 210 0 0
 712 65721.000 45260.000 0 0 23.309 14.596 340.238 18.445 0 1 1 210 0 0
 713 65878.000 45162.000 0 0 157.756 98.162 15485.839 124.442 0 1 1 210 0 0
 714 65594.000 45138.000 0 0 29.325 18.391 539.352 23.223 0 1 1 210 0 0
 715 65778.000 45024.000 0 0 158.127 98.434 15565.217 124.760 0 1 1 210 0 0
 716 65493.000 45000.000 0 0 23.734 14.891 353.436 18.799 0 1 1 210 0 0
 717 65673.000 44888.000 0 0 161.147 100.371 16174.642 127.179 0 1 1 210 0 0
 718 65399.000 44859.000 0 0 10.570 6.632 70.108 8.373 0 1 1 210 0 0
 719 65576.000 44750.000 0 0 161.551 100.657 16261.404 127.520 0 1 1 210 0 0
 720 65475.000 44611.000 0 0 156.648 97.642 15295.603 123.675 0 1 1 210 0 0
 721 65378.000 44472.000 0 0 159.714 99.585 15905.214 126.115 0 1 1 210 0 0
 722 65278.000 44333.000 0 0 162.770 101.527 16525.643 128.552 0 1 1 210 0 0
 723 65179.000 44194.000 0 0 160.514 100.157 16076.629 126.793 0 1 1 210 0 0
 724 65079.000 44056.000 0 0 160.911 100.444 16162.601 127.132 0 1 1 210 0 0
 725 64980.000 43919.000 0 0 158.606 99.041 15708.595 125.333 0 1 1 210 0 0
 726 64898.000 43768.000 0 0 126.694 79.087 10019.937 100.099 0 1 1 210 0 0
 727 64799.000 43630.000 0 0 124.291 77.616 9646.985 98.219 0 1 1 210 0 0
 728 64700.000 43492.000 0 0 121.901 76.151 9283.025 96.348 0 1 1 210 0 0
 729 64598.000 43356.000 0 0 119.466 74.666 8920.113 94.446 0 1 1 210 0 0
 730 64461.000 43239.000 0 0 38.082 23.844 908.030 30.133 0 1 1 210 0 0
 731 64526.000 43200.000 0 0 73.507 45.908 3374.606 58.091 0 1 1 210 0 0
 732 64358.000 43104.000 0 0 32.719 20.496 670.643 25.896 0 1 1 210 0 0
 733 64410.000 43072.000 0 0 38.193 23.878 911.990 30.199 0 1 1 210 0 0
 734 64443.000 43051.000 0 0 16.374 10.224 167.418 12.939 0 1 1 210 0 0
 735 64261.000 42965.000 0 0 35.546 22.273 791.739 28.137 0 1 1 210 0 0
 736 64315.000 42930.000 0 0 43.758 27.362 1197.343 34.602 0 1 1 210 0 0
 737 64351.000 42909.000 0 0 21.887 13.667 299.146 17.295 0 1 1 210 0 0
 738 64161.000 42826.000 0 0 30.152 18.901 569.927 23.873 0 1 1 210 0 0
 739 64213.000 42794.000 0 0 46.618 29.163 1359.556 36.872 0 1 1 210 0 0
 740 64063.000 42686.000 0 0 27.466 17.221 473.017 21.748 0 1 1 210 0 0
 741 64123.000 42649.000 0 0 63.226 39.553 2500.842 50.008 0 1 1 210 0 0
 742 63958.000 42552.000 0 0 24.791 15.553 385.596 19.636 0 1 1 210 0 0
 743 64013.000 42518.000 0 0 44.074 27.593 1216.174 34.873 0 1 1 210 0 0
 744 64046.000 42497.000 0 0 19.303 12.069 232.988 15.263 0 1 1 210 0 0
 745 64297.000 42341.000 0 0 16.579 10.265 170.201 13.046 0 1 1 210 0 0
 746 63863.000 42411.000 0 0 30.371 19.058 578.833 24.058 0 1 1 210 0 0
 747 63927.000 42371.000 0 0 74.580 46.683 3481.736 59.006 0 1 1 210 0 0
 748 64201.000 42200.000 0 0 19.403 12.017 233.180 15.270 0 1 1 210 0 0
 749 63828.000 42232.000 0 0 69.223 43.345 3000.499 54.776 0 1 1 210 0 0
 750 64097.000 42065.000 0 0 22.211 13.764 305.732 17.485 0 1 1 210 0 0
 751 63727.000 42096.000 0 0 74.936 46.942 3517.712 59.310 0 1 1 210 0 0
 752 64001.000 41924.000 0 0 30.628 18.985 581.499 24.114 0 1 1 210 0 0
 753 63600.000 41973.000 0 0 11.123 6.977 77.612 8.809 0 1 1 210 0 0
 754 63636.000 41951.000 0 0 55.664 34.871 1941.079 44.057 0 1 1 210 0 0
 755 63899.000 41787.000 0 0 33.587 20.829 699.620 26.450 0 1 1 210 0 0
 756 63530.000 41817.000 0 0 72.523 45.458 3296.815 57.417 0 1 1 210 0 0
 757 63802.000 41647.000 0 0 30.774 19.090 587.497 24.238 0 1 1 210 0 0
 758 63431.000 41680.000 0 0 75.475 47.326 3571.954 59.765 0 1 1 210 0 0
 759 63702.000 41512.000 0 0 33.160 20.580 682.448 26.123 0 1 1 210 0 0
 760 63260.000 41585.000 0 0 16.796 10.564 177.438 13.320 0 1 1 210 0 0
 761 63330.000 41541.000 0 0 72.867 45.707 3330.602 57.711 0 1 1 210 0 0
 762 63600.000 41373.000 0 0 33.518 20.810 697.556 26.411 0 1 1 210 0 0
 763 63164.000 41443.000 0 0 22.449 14.122 317.039 17.805 0 1 1 210 0 0
 764 63230.000 41403.000 0 0 75.833 47.585 3608.570 60.071 0 1 1 210 0 0
 765 63500.000 41236.000 0 0 34.297 21.303 730.671 27.030 0 1 1 210 0 0
 766 63061.000 41308.000 0 0 30.953 19.481 603.002 24.556 0 1 1 210 0 0
 767 63130.000 41265.000 0 0 78.840 49.491 3901.893 62.465 0 1 1 210 0 0
 768 63400.000 41097.000 0 0 31.064 19.302 599.613 24.487 0 1 1 210 0 0
 769 62964.000 41168.000 0 0 28.193 17.748 500.410 22.369 0 1 1 210 0 0
 770 63029.000 41128.000 0 0 79.024 49.626 3921.732 62.623 0 1 1 210 0 0
 771 63299.000 40959.000 0 0 31.137 19.355 602.684 24.549 0 1 1 210 0 0
 772 62863.000 41031.000 0 0 33.911 21.356 724.225 26.911 0 1 1 210 0 0
 773 62929.000 40990.000 0 0 82.023 51.529 4226.590 65.012 0 1 1 210 0 0
 774 63199.000 40823.000 0 0 31.209 19.408 605.733 24.611 0 1 1 210 0 0
 775 62762.000 40893.000 0 0 31.172 19.638 612.189 24.742 0 1 1 210 0 0
 776 62830.000 40852.000 0 0 82.214 51.666 4247.719 65.174 0 1 1 210 0 0
 777 63099.000 40684.000 0 0 25.597 15.924 407.621 20.189 0 1 1 210 0 0
 778 62657.000 40759.000 0 0 36.920 23.273 859.269 29.313 0 1 1 210 0 0
 779 62732.000 40713.000 0 0 88.090 55.374 4877.971 69.842 0 1 1 210 0 0
 780 62836.000 40648.000 0 0 22.754 14.247 324.204 18.005 0 1 1 210 0 0
 781 62942.000 40582.000 0 0 17.084 10.655 182.049 13.492 0 1 1 210 0 0
 782 62998.000 40547.000 0 0 31.524 19.620 618.532 24.870 0 1 1 210 0 0
 783 62561.000 40619.000 0 0 31.316 19.744 618.346 24.866 0 1 1 210 0 0
 784 62630.000 40577.000 0 0 88.293 55.525 4902.579 70.018 0 1 1 210 0 0
 785 62732.000 40512.000 0 0 17.104 10.715 183.292 13.538 0 1 1 210 0 0
 786 62841.000 40444.000 0 0 28.540 17.807 508.238 22.544 0 1 1 210 0 0
 787 62895.000 40411.000 0 0 34.665 21.585 748.286 27.354 0 1 1 210 0 0
 788 62461.000 40481.000 0 0 28.523 17.989 513.122 22.652 0 1 1 210 0 0
 789 62529.000 40438.000 0 0 85.659 53.888 4616.075 67.941 0 1 1 210 0 0
 790 62612.000 40386.000 0 0 20.012 12.551 251.177 15.848 0 1 1 210 0 0
 791 62636.000 40372.000 0 0 22.860 14.324 327.464 18.095 0 1 1 210 0 0
 792 62743.000 40304.000 0 0 31.482 19.648 618.602 24.871 0 1 1 210 0 0
 793 62796.000 40271.000 0 0 34.348 21.395 734.887 27.108 0 1 1 210 0 0
 794 62358.000 40345.000 0 0 31.461 19.851 624.566 24.991 0 1 1 210 0 0
 795 62430.000 40301.000 0 0 94.197 59.280 5584.097 74.726 0 1 1 210 0 0
 796 62512.000 40249.000 0 0 22.907 14.372 329.227 18.144 0 1 1 210 0 0
 797 62536.000 40233.000 0 0 20.063 12.576 252.333 15.884 0 1 1 210 0 0
 798 62641.000 40168.000 0 0 28.672 17.903 513.340 22.657 0 1 1 210 0 0
 799 62696.000 40134.000 0 0 35.340 22.021 778.266 27.897 0 1 1 210 0 0
 800 62253.000 40210.000 0 0 37.262 23.525 876.625 29.607 0 1 1 210 0 0
 801 62329.000 40161.000 0 0 97.100 61.128 5935.592 77.042 0 1 1 210 0 0
 802 62410.000 40111.000 0 0 22.960 14.411 330.886 18.190 0 1 1 210 0 0
 803 62432.000 40099.000 0 0 14.367 9.010 129.461 11.378 0 1 1 210 0 0
 804 62538.000 40031.000 0 0 31.626 19.756 624.846 24.996 0 1 1 210 0 0
 805 62593.000 39997.000 0 0 31.644 19.728 624.295 24.985 0 1 1 210 0 0
 806 62158.000 40070.000 0 0 37.349 23.584 880.886 29.679 0 1 1 210 0 0
 807 62229.000 40024.000 0 0 94.691 59.633 5646.778 75.145 0 1 1 210 0 0
 808 62321.000 39966.000 0 0 43.168 27.094 1169.617 34.199 0 1 1 210 0 0
 809 62440.000 39893.000 0 0 36.658 22.906 839.727 28.978 0 1 1 210 0 0
 810 62493.000 39859.000 0 0 34.499 21.515 742.277 27.244 0 1 1 210 0 0
 811 62053.000 39934.000 0 0 37.434 23.650 885.333 29.754 0 1 1 210 0 0
 812 62127.000 39888.000 0 0 95.107 59.921 5698.956 75.491 0 1 1 210 0 0
 813 62221.000 39828.000 0 0 51.933 32.606 1693.342 41.150 0 1 1 210 0 0
 814 62337.000 39756.000 0 0 34.644 21.659 750.368 27.392 0 1 1 210 0 0
 815 62391.000 39723.000 0 0 31.789 19.834 630.525 25.110 0 1 1 210 0 0
 816 62562.000 39614.000 0 0 17.362 10.764 186.907 13.671 0 1 1 210 0 0
 817 61952.000 39797.000 0 0 34.620 21.880 757.519 27.523 0 1 1 210 0 0
 818 62025.000 39751.000 0 0 94.921 59.829 5679.060 75.359 0 1 1 210 0 0
 819 62117.000 39693.000 0 0 54.925 34.502 1895.071 43.532 0 1 1 210 0 0
 820 62232.000 39621.000 0 0 40.509 25.339 1026.476 32.038 0 1 1 210 0 0
 821 62288.000 39586.000 0 0 34.799 21.723 755.962 27.494 0 1 1 210 0 0
 822 62462.000 39478.000 0 0 29.003 17.989 521.756 22.841 0 1 1 210 0 0
 823 61851.000 39660.000 0 0 31.822 20.119 640.253 25.303 0 1 1 210 0 0
 824 61927.000 39612.000 0 0 95.284 60.075 5724.210 75.658 0 1 1 210 0 0
 825 62018.000 39555.000 0 0 51.938 32.637 1695.128 41.171 0 1 1 210 0 0
 826 62131.000 39485.000 0 0 40.600 25.406 1031.534 32.117 0 1 1 210 0 0
 827 62185.000 39450.000 0 0 31.933 19.943 636.855 25.235 0 1 1 210 0 0
 828 62366.000 39337.000 0 0 31.992 19.847 634.984 25.198 0 1 1 210 0 0
 829 61751.000 39522.000 0 0 28.982 18.330 531.255 23.048 0 1 1 210 0 0
 830 61823.000 39477.000 0 0 92.438 58.309 5390.030 73.416 0 1 1 210 0 0
 831 61920.000 39414.000 0 0 49.488 31.104 1539.327 39.234 0 1 1 210 0 0
 832 62032.000 39346.000 0 0 37.945 23.753 901.350 30.022 0 1 1 210 0 0
 833 62084.000 39313.000 0 0 37.822 23.630 893.770 29.895 0 1 1 210 0 0
 834 62260.000 39204.000 0 0 29.135 18.085 526.933 22.955 0 1 1 210 0 0
 835 61651.000 39384.000 0 0 29.048 18.377 533.852 23.105 0 1 1 210 0 0
 836 61723.000 39337.000 0 0 93.345 58.899 5498.010 74.148 0 1 1 210 0 0
 837 61828.000 39273.000 0 0 25.771 16.200 417.507 20.432 0 1 1 210 0 0
 838 61929.000 39209.000 0 0 37.887 23.726 898.941 29.982 0 1 1 210 0 0
 839 61984.000 39176.000 0 0 46.637 29.149 1359.450 36.870 0 1 1 210 0 0
 840 62157.000 39068.000 0 0 40.880 25.389 1037.932 32.216 0 1 1 210 0 0
 841 61551.000 39245.000 0 0 23.292 14.740 343.342 18.529 0 1 1 210 0 0
 842 61626.000 39199.000 0 0 89.441 56.451 5049.083 71.056 0 1 1 210 0 0
 843 61714.000 39143.000 0 0 49.071 30.871 1514.904 38.921 0 1 1 210 0 0
 844 61830.000 39071.000 0 0 41.023 25.699 1054.285 32.469 0 1 1 210 0 0
 845 61878.000 39040.000 0 0 55.520 34.720 1927.669 43.905 0 1 1 210 0 0
 846 62055.000 38931.000 0 0 43.913 27.285 1198.196 34.614 0 1 1 210 0 0
 847 61524.000 39061.000 0 0 90.109 56.894 5126.751 71.601 0 1 1 210 0 0
 848 61614.000 39005.000 0 0 46.768 29.432 1376.530 37.101 0 1 1 210 0 0
 849 61728.000 38934.000 0 0 40.970 25.677 1052.011 32.434 0 1 1 210 0 0
 850 61775.000 38904.000 0 0 52.730 32.991 1739.662 41.709 0 1 1 210 0 0
 851 61951.000 38796.000 0 0 52.824 32.839 1734.725 41.650 0 1 1 210 0 0
 852 61389.000 38946.000 0 0 14.643 9.260 135.615 11.645 0 1 1 210 0 0
 853 61435.000 38916.000 0 0 64.429 40.677 2620.852 51.194 0 1 1 210 0 0
 854 61519.000 38864.000 0 0 43.961 27.670 1216.452 34.877 0 1 1 210 0 0
 855 61628.000 38796.000 0 0 38.144 23.914 912.217 30.202 0 1 1 210 0 0
 856 61676.000 38766.000 0 0 52.850 33.076 1748.118 41.810 0 1 1 210 0 0
 857 61852.000 38656.000 0 0 56.747 35.289 2002.620 44.750 0 1 1 210 0 0
 858 61331.000 38782.000 0 0 68.570 43.313 2970.006 54.497 0 1 1 210 0 0
 859 61409.000 38732.000 0 0 53.083 33.435 1774.894 42.129 0 1 1 210 0 0
 860 61524.000 38661.000 0 0 38.228 23.979 916.716 30.277 0 1 1 210 0 0
 861 61574.000 38629.000 0 0 55.894 34.997 1956.175 44.228 0 1 1 210 0 0
 862 61639.000 38588.000 0 0 17.658 11.030 194.770 13.956 0 1 1 210 0 0
 863 61748.000 38522.000 0 0 55.992 34.838 1950.718 44.166 0 1 1 210 0 0
 864 61230.000 38643.000 0 0 64.541 40.782 2632.197 51.304 0 1 1 210 0 0
 865 61313.000 38592.000 0 0 46.323 29.184 1351.924 36.768 0 1 1 210 0 0
 866 61423.000 38524.000 0 0 41.244 25.882 1067.513 32.672 0 1 1 210 0 0
 867 61472.000 38493.000 0 0 50.123 31.397 1573.736 39.670 0 1 1 210 0 0
 868 61543.000 38449.000 0 0 26.561 16.595 440.814 20.995 0 1 1 210 0 0
 869 61574.000 38430.000 0 0 17.703 11.048 195.606 13.985 0 1 1 210 0 0
 870 61648.000 38384.000 0 0 53.179 33.101 1760.330 41.956 0 1 1 210 0 0
 871 61134.000 38504.000 0 0 53.076 33.544 1780.416 42.194 0 1 1 210 0 0
 872 61222.000 38449.000 0 0 32.461 20.451 663.871 25.765 0 1 1 210 0 0
 873 61348.000 38369.000 0 0 97.509 61.153 5963.049 77.220 0 1 1 210 0 0
 874 61444.000 38309.000 0 0 32.534 20.334 661.566 25.720 0 1 1 210 0 0
 875 61476.000 38291.000 0 0 23.658 14.769 349.420 18.692 0 1 1 210 0 0
 876 61546.000 38246.000 0 0 53.298 33.188 1768.904 42.058 0 1 1 210 0 0
 877 61051.000 38355.000 0 0 14.785 9.341 138.126 11.752 0 1 1 210 0 0
 878 61119.000 38314.000 0 0 35.591 22.433 798.452 28.256 0 1 1 210 0 0
 879 61218.000 38250.000 0 0 41.429 26.019 1077.953 32.832 0 1 1 210 0 0
 880 61271.000 38217.000 0 0 50.348 31.561 1589.058 39.862 0 1 1 210 0 0
 881 61342.000 38172.000 0 0 26.681 16.682 445.110 21.097 0 1 1 210 0 0
 882 61371.000 38154.000 0 0 26.688 16.670 444.907 21.092 0 1 1 210 0 0
 883 61445.000 38110.000 0 0 53.416 33.276 1777.518 42.160 0 1 1 210 0 0
 884 61017.000 38176.000 0 0 32.782 20.670 677.627 26.031 0 1 1 210 0 0
 885 61120.000 38111.000 0 0 40.607 25.510 1035.919 32.185 0 1 1 210 0 0
 886 61169.000 38080.000 0 0 50.459 31.644 1596.764 39.959 0 1 1 210 0 0
 887 61240.000 38037.000 0 0 20.800 13.011 270.650 16.451 0 1 1 210 0 0
 888 61272.000 38017.000 0 0 29.703 18.559 551.290 23.479 0 1 1 210 0 0
 889 61342.000 37973.000 0 0 56.491 35.208 1988.998 44.598 0 1 1 210 0 0
 890 61016.000 37976.000 0 0 38.655 24.296 939.182 30.646 0 1 1 210 0 0
 891 61069.000 37942.000 0 0 53.560 33.601 1799.696 42.422 0 1 1 210 0 0
 892 61141.000 37899.000 0 0 23.808 14.897 354.697 18.833 0 1 1 210 0 0
 893 61172.000 37879.000 0 0 26.807 16.755 449.188 21.194 0 1 1 210 0 0
 894 61240.000 37836.000 0 0 56.616 35.301 1998.636 44.706 0 1 1 210 0 0
 895 61284.000 37808.000 0 0 17.882 11.132 199.073 14.109 0 1 1 210 0 0
 896 60919.000 37836.000 0 0 35.748 22.474 803.436 28.344 0 1 1 210 0 0
 897 60968.000 37805.000 0 0 50.684 31.808 1612.164 40.151 0 1 1 210 0 0
 898 61054.000 37752.000 0 0 53.724 33.613 1805.901 42.495 0 1 1 210 0 0
 899 61139.000 37698.000 0 0 53.771 33.540 1803.515 42.467 0 1 1 210 0 0
 900 61185.000 37670.000 0 0 29.870 18.601 555.629 23.571 0 1 1 210 0 0
 901 61299.000 37599.000 0 0 11.961 7.418 88.740 9.420 0 1 1 210 0 0
 902 60820.000 37697.000 0 0 35.917 22.587 811.290 28.483 0 1 1 210 0 0
 903 60865.000 37669.000 0 0 53.796 33.777 1817.098 42.627 0 1 1 210 0 0
 904 60952.000 37616.000 0 0 59.822 37.444 2240.004 47.328 0 1 1 210 0 0
 905 61039.000 37560.000 0 0 50.883 31.750 1615.568 40.194 0 1 1 210 0 0
 906 61088.000 37530.000 0 0 26.958 16.792 452.684 21.276 0 1 1 210 0 0
 907 61201.000 37459.000 0 0 23.976 14.874 356.654 18.885 0 1 1 210 0 0
 908 60716.000 37563.000 0 0 32.958 20.736 683.439 26.142 0 1 1 210 0 0
 909 60766.000 37531.000 0 0 47.899 30.083 1440.973 37.960 0 1 1 210 0 0
 910 60854.000 37476.000 0 0 50.952 31.900 1625.409 40.316 0 1 1 210 0 0
 911 60938.000 37423.000 0 0 50.995 31.832 1623.322 40.290 0 1 1 210 0 0
 912 60983.000 37394.000 0 0 27.016 16.837 454.894 21.328 0 1 1 210 0 0
 913 61098.000 37324.000 0 0 27.047 16.787 454.064 21.308 0 1 1 210 0 0
 914 60616.000 37424.000 0 0 33.151 20.864 691.677 26.299 0 1 1 210 0 0
 915 60662.000 37396.000 0 0 45.017 28.286 1273.395 35.684 0 1 1 210 0 0
 916 60765.000 37332.000 0 0 27.043 16.931 457.902 21.398 0 1 1 210 0 0
 917 60838.000 37285.000 0 0 54.128 33.800 1829.560 42.773 0 1 1 210 0 0
 918 60883.000 37257.000 0 0 29.679 18.503 549.172 23.434 0 1 1 210 0 0
 919 61001.000 37185.000 0 0 30.102 18.689 562.606 23.719 0 1 1 210 0 0
 920 60520.000 37285.000 0 0 18.032 11.351 204.708 14.307 0 1 1 210 0 0
 921 60561.000 37257.000 0 0 48.109 30.240 1454.850 38.142 0 1 1 210 0 0
 922 60634.000 37211.000 0 0 15.059 9.441 142.194 11.924 0 1 1 210 0 0
 923 60664.000 37193.000 0 0 24.078 15.080 363.130 19.055 0 1 1 210 0 0
 924 60735.000 37149.000 0 0 57.632 36.005 2075.064 45.552 0 1 1 210 0 0
 925 60783.000 37120.000 0 0 27.165 16.942 460.247 21.453 0 1 1 210 0 0
 926 60897.000 37049.000 0 0 35.841 22.263 797.945 28.247 0 1 1 210 0 0
 927 60928.000 37029.000 0 0 9.068 5.626 51.023 7.143 0 1 1 210 0 0
 928 60462.000 37119.000 0 0 54.271 34.124 1851.996 43.034 0 1 1 210 0 0
 929 60560.000 37058.000 0 0 27.161 17.019 462.292 21.500 0 1 1 210 0 0
 930 60650.000 37003.000 0 0 91.200 56.967 5195.465 72.079 0 1 1 210 0 0
 931 60798.000 36910.000 0 0 36.762 22.843 839.767 28.978 0 1 1 210 0 0
 932 60832.000 36888.000 0 0 30.244 18.770 567.712 23.826 0 1 1 210 0 0
 933 60357.000 36983.000 0 0 27.194 17.107 465.231 21.569 0 1 1 210 0 0
 934 60463.000 36918.000 0 0 24.184 15.157 366.585 19.146 0 1 1 210 0 0
 935 60549.000 36864.000 0 0 94.261 58.900 5552.050 74.512 0 1 1 210 0 0
 936 60714.000 36764.000 0 0 69.715 43.311 3019.481 54.949 0 1 1 210 0 0
 937 60448.000 36726.000 0 0 90.997 56.881 5176.072 71.944 0 1 1 210 0 0
 938 60613.000 36625.000 0 0 72.920 45.319 3304.727 57.486 0 1 1 210 0 0
 939 60347.000 36591.000 0 0 97.753 61.130 5975.764 77.303 0 1 1 210 0 0
 940 60514.000 36488.000 0 0 75.864 47.165 3578.233 59.818 0 1 1 210 0 0
 941 60575.000 36446.000 0 0 18.273 11.336 207.157 14.392 0 1 1 210 0 0
 942 60676.000 36386.000 0 0 24.388 15.076 367.682 19.175 0 1 1 210 0 0
 943 60246.000 36452.000 0 0 95.179 59.541 5667.190 75.280 0 1 1 210 0 0
 944 60412.000 36350.000 0 0 76.726 47.721 3661.493 60.510 0 1 1 210 0 0
 945 60478.000 36307.000 0 0 27.486 17.055 468.784 21.651 0 1 1 210 0 0
 946 60580.000 36244.000 0 0 27.513 17.011 468.044 21.634 0 1 1 210 0 0
 947 60149.000 36312.000 0 0 91.866 57.483 5280.784 72.669 0 1 1 210 0 0
 948 60309.000 36214.000 0 0 79.507 49.473 3933.543 62.717 0 1 1 210 0 0
 949 60379.000 36170.000 0 0 30.132 18.704 563.600 23.740 0 1 1 210 0 0
 950 60478.000 36108.000 0 0 27.572 17.055 470.261 21.685 0 1 1 210 0 0
 951 60047.000 36175.000 0 0 85.672 53.629 4594.575 67.783 0 1 1 210 0 0
 952 60187.000 36089.000 0 0 33.675 20.978 706.443 26.578 0 1 1 210 0 0
 953 60225.000 36065.000 0 0 44.053 27.406 1207.345 34.746 0 1 1 210 0 0
 954 60275.000 36033.000 0 0 27.146 16.858 457.665 21.393 0 1 1 210 0 0
 955 60376.000 35970.000 0 0 27.631 17.099 472.478 21.736 0 1 1 210 0 0
 956 59948.000 36038.000 0 0 86.283 54.029 4661.893 68.278 0 1 1 210 0 0
 957 60106.000 35939.000 0 0 76.886 47.881 3681.404 60.674 0 1 1 210 0 0
 958 60175.000 35895.000 0 0 30.262 18.800 568.942 23.852 0 1 1 210 0 0
 959 60273.000 35834.000 0 0 30.749 19.038 585.422 24.195 0 1 1 210 0 0
 960 59847.000 35900.000 0 0 82.923 51.944 4307.427 65.630 0 1 1 210 0 0
 961 60003.000 35803.000 0 0 80.753 50.312 4062.921 63.741 0 1 1 210 0 0
 962 60071.000 35759.000 0 0 33.420 20.772 694.213 26.347 0 1 1 210 0 0
 963 60181.000 35691.000 0 0 43.145 26.715 1152.646 33.950 0 1 1 210 0 0
 964 60251.000 35648.000 0 0 15.434 9.533 147.154 12.130 0 1 1 210 0 0
 965 59745.000 35764.000 0 0 83.590 52.384 4378.820 66.172 0 1 1 210 0 0
 966 59901.000 35666.000 0 0 80.189 49.982 4008.033 63.309 0 1 1 210 0 0
 967 59972.000 35621.000 0 0 30.391 18.896 574.287 23.964 0 1 1 210 0 0
 968 60090.000 35549.000 0 0 55.626 34.445 1916.105 43.773 0 1 1 210 0 0
 969 60154.000 35508.000 0 0 30.906 19.095 590.161 24.293 0 1 1 210 0 0
 970 59642.000 35627.000 0 0 76.923 48.226 3709.768 60.907 0 1 1 210 0 0
 971 59816.000 35519.000 0 0 46.366 28.895 1339.794 36.603 0 1 1 210 0 0
 972 59868.000 35485.000 0 0 27.348 17.012 465.263 21.569 0 1 1 210 0 0
 973 59992.000 35408.000 0 0 65.018 40.272 2618.469 51.170 0 1 1 210 0 0
 974 60052.000 35370.000 0 0 37.166 22.972 853.828 29.220 0 1 1 210 0 0
 975 60095.000 35345.000 0 0 27.901 17.220 480.485 21.919 0 1 1 210 0 0
 976 59546.000 35486.000 0 0 65.432 41.030 2684.737 51.814 0 1 1 210 0 0
 977 59717.000 35380.000 0 0 46.466 28.966 1345.977 36.687 0 1 1 210 0 0
 978 59767.000 35349.000 0 0 27.899 17.362 484.399 22.009 0 1 1 210 0 0
 979 59894.000 35269.000 0 0 58.337 36.144 2108.589 45.919 0 1 1 210 0 0
 980 59951.000 35234.000 0 0 31.037 19.192 595.690 24.406 0 1 1 210 0 0
 981 59995.000 35207.000 0 0 43.470 26.840 1166.764 34.157 0 1 1 210 0 0
 982 59470.000 35334.000 0 0 12.395 7.769 96.305 9.813 0 1 1 210 0 0
 983 59621.000 35240.000 0 0 58.981 36.775 2169.083 46.573 0 1 1 210 0 0
 984 59668.000 35211.000 0 0 27.959 17.404 486.631 22.059 0 1 1 210 0 0
 985 59795.000 35130.000 0 0 58.926 36.521 2152.078 46.390 0 1 1 210 0 0
 986 59852.000 35095.000 0 0 31.104 19.239 598.439 24.463 0 1 1 210 0 0
 987 59898.000 35068.000 0 0 46.629 28.798 1342.832 36.644 0 1 1 210 0 0
 988 59536.000 35092.000 0 0 93.967 58.579 5504.593 74.192 0 1 1 210 0 0
 989 59662.000 35014.000 0 0 15.586 9.675 150.805 12.280 0 1 1 210 0 0
 990 59698.000 34991.000 0 0 49.846 30.902 1540.366 39.247 0 1 1 210 0 0
 991 59749.000 34961.000 0 0 31.168 19.289 601.229 24.519 0 1 1 210 0 0
 992 59794.000 34931.000 0 0 43.655 26.974 1177.601 34.316 0 1 1 210 0 0
 993 59434.000 34956.000 0 0 94.598 58.997 5581.071 74.706 0 1 1 210 0 0
 994 59597.000 34855.000 0 0 56.225 34.871 1960.672 44.279 0 1 1 210 0 0
 995 59648.000 34822.000 0 0 34.374 21.281 731.525 27.046 0 1 1 210 0 0
 996 59693.000 34794.000 0 0 49.437 30.559 1510.808 38.869 0 1 1 210 0 0
 997 59331.000 34818.000 0 0 93.616 58.410 5468.197 73.947 0 1 1 210 0 0
 998 59517.000 34704.000 0 0 93.905 58.221 5467.279 73.941 0 1 1 210 0 0
 999 59592.000 34657.000 0 0 49.604 30.675 1521.626 39.008 0 1 1 210 0 0
 1000 59212.000 34693.000 0 0 59.479 37.148 2209.534 47.005 0 1 1 210 0 0
 1001 59262.000 34661.000 0 0 28.196 17.580 495.698 22.264 0 1 1 210 0 0
 1002 59349.000 34608.000 0 0 25.069 15.584 390.709 19.766 0 1 1 210 0 0
 1003 59416.000 34565.000 0 0 90.953 56.411 5130.827 71.629 0 1 1 210 0 0
 1004 59490.000 34520.000 0 0 49.676 30.733 1526.737 39.073 0 1 1 210 0 0
 1005 59127.000 34545.000 0 0 94.602 59.074 5588.560 74.756 0 1 1 210 0 0
 1006 59249.000 34470.000 0 0 28.278 17.585 497.305 22.300 0 1 1 210 0 0
 1007 59341.000 34412.000 0 0 144.083 89.320 12869.701 113.444 0 1 1 210 0 0
 1008 59027.000 34409.000 0 0 85.479 53.396 4564.327 67.559 0 1 1 210 0 0
 1009 59150.000 34332.000 0 0 28.338 17.628 499.566 22.350 0 1 1 210 0 0
 1010 59240.000 34276.000 0 0 138.397 85.830 11878.672 108.989 0 1 1 210 0 0
 1011 59368.000 34196.000 0 0 22.089 13.640 301.308 17.358 0 1 1 210 0 0
 1012 58905.000 34284.000 0 0 28.641 17.910 512.980 22.649 0 1 1 210 0 0
 1013 58955.000 34253.000 0 0 31.507 19.670 619.757 24.894 0 1 1 210 0 0
 1014 59052.000 34192.000 0 0 18.922 11.773 222.787 14.926 0 1 1 210 0 0
 1015 59092.000 34167.000 0 0 54.181 33.668 1824.225 42.710 0 1 1 210 0 0
 1016 59163.000 34124.000 0 0 88.237 54.699 4826.563 69.473 0 1 1 210 0 0
 1017 59271.000 34057.000 0 0 37.922 23.422 888.216 29.802 0 1 1 210 0 0
 1018 58856.000 34113.000 0 0 27.867 17.402 484.958 22.021 0 1 1 210 0 0
 1019 58947.000 34057.000 0 0 25.281 15.738 397.895 19.947 0 1 1 210 0 0
 1020 59034.000 34002.000 0 0 142.340 88.354 12576.402 112.144 0 1 1 210 0 0
 1021 59167.000 33920.000 0 0 41.498 25.643 1064.157 32.621 0 1 1 210 0 0
 1022 58846.000 33919.000 0 0 28.390 17.681 501.982 22.404 0 1 1 210 0 0
 1023 58889.000 33893.000 0 0 50.688 31.522 1597.802 39.972 0 1 1 210 0 0
 1024 58961.000 33849.000 0 0 85.640 53.130 4550.145 67.454 0 1 1 210 0 0
 1025 59065.000 33783.000 0 0 41.268 25.511 1052.840 32.447 0 1 1 210 0 0
 1026 58744.000 33783.000 0 0 28.575 17.803 508.744 22.555 0 1 1 210 0 0
 1027 58786.000 33756.000 0 0 50.793 31.601 1605.134 40.064 0 1 1 210 0 0
 1028 58860.000 33710.000 0 0 88.317 54.811 4840.777 69.575 0 1 1 210 0 0
 1029 58965.000 33645.000 0 0 44.518 27.531 1225.647 35.009 0 1 1 210 0 0
 1030 58639.000 33648.000 0 0 22.273 13.884 309.268 17.586 0 1 1 210 0 0
 1031 58686.000 33619.000 0 0 47.732 29.708 1418.053 37.657 0 1 1 210 0 0
 1032 58733.000 33590.000 0 0 38.190 23.731 906.318 30.105 0 1 1 210 0 0
 1033 58777.000 33562.000 0 0 44.573 27.657 1232.783 35.111 0 1 1 210 0 0
 1034 58863.000 33509.000 0 0 44.609 27.599 1231.201 35.088 0 1 1 210 0 0
 1035 58535.000 33512.000 0 0 35.064 21.868 766.804 27.691 0 1 1 210 0 0
 1036 58581.000 33484.000 0 0 47.829 29.783 1424.543 37.743 0 1 1 210 0 0
 1037 58652.000 33439.000 0 0 89.694 55.718 4997.638 70.693 0 1 1 210 0 0
 1038 58710.000 33403.000 0 0 19.148 11.872 227.345 15.077 0 1 1 210 0 0
 1039 58758.000 33373.000 0 0 44.700 27.669 1236.870 35.169 0 1 1 210 0 0
 1040 58442.000 33370.000 0 0 31.930 19.915 635.933 25.217 0 1 1 210 0 0
 1041 58481.000 33345.000 0 0 47.929 29.855 1430.971 37.828 0 1 1 210 0 0
 1042 58555.000 33299.000 0 0 86.256 53.596 4623.088 67.993 0 1 1 210 0 0
 1043 58613.000 33263.000 0 0 22.403 13.893 311.260 17.642 0 1 1 210 0 0
 1044 58660.000 33234.000 0 0 41.610 25.764 1072.070 32.742 0 1 1 210 0 0
 1045 58380.000 33208.000 0 0 51.213 31.912 1634.359 40.427 0 1 1 210 0 0
 1046 58453.000 33163.000 0 0 86.783 53.945 4681.603 68.422 0 1 1 210 0 0
 1047 58515.000 33124.000 0 0 12.819 7.952 101.944 10.096 0 1 1 210 0 0
 1048 58559.000 33097.000 0 0 41.696 25.827 1076.915 32.816 0 1 1 210 0 0
 1049 58594.000 33076.000 0 0 19.242 11.905 229.103 15.136 0 1 1 210 0 0
 1050 58713.000 33002.000 0 0 22.491 13.860 311.727 17.655 0 1 1 210 0 0
 1051 58277.000 33072.000 0 0 48.126 30.002 1443.904 37.998 0 1 1 210 0 0
 1052 58350.000 33026.000 0 0 85.811 53.364 4579.318 67.670 0 1 1 210 0 0
 1053 58473.000 32950.000 0 0 74.335 46.039 3422.355 58.500 0 1 1 210 0 0
 1054 58612.000 32864.000 0 0 35.406 21.827 772.843 27.800 0 1 1 210 0 0
 1055 58174.000 32936.000 0 0 48.224 30.076 1450.413 38.084 0 1 1 210 0 0
 1056 58251.000 32889.000 0 0 87.556 54.466 4768.911 69.057 0 1 1 210 0 0
 1057 58372.000 32812.000 0 0 78.877 48.870 3854.766 62.086 0 1 1 210 0 0
 1058 58514.000 32725.000 0 0 38.559 23.778 916.887 30.280 0 1 1 210 0 0
 1059 58079.000 32796.000 0 0 41.883 26.126 1094.286 33.079 0 1 1 210 0 0
 1060 58152.000 32750.000 0 0 80.649 50.186 4047.523 63.620 0 1 1 210 0 0
 1061 58272.000 32676.000 0 0 81.092 50.261 4075.813 63.842 0 1 1 210 0 0
 1062 58414.000 32587.000 0 0 42.013 25.917 1088.917 32.998 0 1 1 210 0 0
 1063 58053.000 32610.000 0 0 80.785 50.285 4062.315 63.736 0 1 1 210 0 0
 1064 58155.000 32548.000 0 0 45.254 28.074 1270.492 35.643 0 1 1 210 0 0
 1065 58197.000 32521.000 0 0 32.337 20.033 647.825 25.452 0 1 1 210 0 0
 1066 58312.000 32450.000 0 0 42.099 25.981 1093.802 33.072 0 1 1 210 0 0
 1067 57954.000 32472.000 0 0 73.738 45.913 3385.573 58.185 0 1 1 210 0 0
 1068 58074.000 32399.000 0 0 93.965 58.277 5476.070 74.000 0 1 1 210 0 0
 1069 58210.000 32313.000 0 0 42.184 26.044 1098.697 33.146 0 1 1 210 0 0
 1070 57856.000 32334.000 0 0 70.598 43.970 3104.217 55.715 0 1 1 210 0 0
 1071 57980.000 32257.000 0 0 97.780 60.652 5930.592 77.010 0 1 1 210 0 0
 1072 58110.000 32175.000 0 0 45.504 28.104 1278.908 35.761 0 1 1 210 0 0
 1073 57748.000 32199.000 0 0 81.116 50.550 4100.427 64.034 0 1 1 210 0 0
 1074 57877.000 32120.000 0 0 105.422 65.419 6896.671 83.046 0 1 1 210 0 0
 1075 58008.000 32038.000 0 0 52.110 32.198 1677.858 40.961 0 1 1 210 0 0
 1076 57651.000 32061.000 0 0 72.794 45.375 3303.056 57.472 0 1 1 210 0 0
 1077 57778.000 31982.000 0 0 98.144 60.923 5979.296 77.325 0 1 1 210 0 0
 1078 57909.000 31901.000 0 0 45.688 28.239 1290.242 35.919 0 1 1 210 0 0
 1079 57565.000 31914.000 0 0 46.004 28.673 1319.083 36.319 0 1 1 210 0 0
 1080 57674.000 31846.000 0 0 108.577 67.430 7321.464 85.565 0 1 1 210 0 0
 1081 57807.000 31763.000 0 0 52.321 32.352 1692.714 41.142 0 1 1 210 0 0
 1082 57930.000 31687.000 0 0 22.932 14.122 323.870 17.996 0 1 1 210 0 0
 1083 57474.000 31771.000 0 0 35.853 22.346 801.199 28.305 0 1 1 210 0 0
 1084 57577.000 31707.000 0 0 105.054 65.259 6855.853 82.800 0 1 1 210 0 0
 1085 57708.000 31624.000 0 0 52.428 32.427 1700.128 41.232 0 1 1 210 0 0
 1086 57836.000 31546.000 0 0 32.804 20.205 662.854 25.745 0 1 1 210 0 0
 1087 57476.000 31569.000 0 0 101.774 63.245 6436.777 80.229 0 1 1 210 0 0
 1088 57608.000 31486.000 0 0 52.533 32.504 1707.587 41.322 0 1 1 210 0 0
 1089 57737.000 31407.000 0 0 32.871 20.253 665.755 25.802 0 1 1 210 0 0
 1090 57374.000 31431.000 0 0 105.740 65.733 6950.684 83.370 0 1 1 210 0 0
 1091 57517.000 31342.000 0 0 75.495 46.713 3526.706 59.386 0 1 1 210 0 0
 1092 57637.000 31268.000 0 0 36.248 22.341 809.850 28.457 0 1 1 210 0 0
 1093 57277.000 31292.000 0 0 101.400 63.051 6393.437 79.958 0 1 1 210 0 0
 1094 57423.000 31202.000 0 0 75.846 46.939 3560.218 59.667 0 1 1 210 0 0
 1095 57539.000 31129.000 0 0 39.408 24.296 957.492 30.943 0 1 1 210 0 0
 1096 57176.000 31155.000 0 0 104.886 65.242 6843.006 82.722 0 1 1 210 0 0
 1097 57268.000 31097.000 0 0 19.812 12.287 243.432 15.602 0 1 1 210 0 0
 1098 57322.000 31064.000 0 0 79.319 49.106 3895.123 62.410 0 1 1 210 0 0
 1099 57449.000 30986.000 0 0 56.241 34.675 1950.202 44.161 0 1 1 210 0 0
 1100 57555.000 30920.000 0 0 16.568 10.180 168.681 12.987 0 1 1 210 0 0
 1101 57076.000 31017.000 0 0 99.208 61.731 6124.237 78.257 0 1 1 210 0 0
 1102 57170.000 30959.000 0 0 19.851 12.315 244.480 15.635 0 1 1 210 0 0
 1103 57224.000 30924.000 0 0 82.279 50.953 4192.400 64.748 0 1 1 210 0 0
 1104 57353.000 30844.000 0 0 62.984 38.841 2446.423 49.461 0 1 1 210 0 0
 1105 57460.000 30779.000 0 0 29.871 18.357 548.387 23.417 0 1 1 210 0 0
 1106 56984.000 30874.000 0 0 86.558 53.864 4662.394 68.281 0 1 1 210 0 0
 1107 57125.000 30786.000 0 0 75.579 46.818 3538.543 59.485 0 1 1 210 0 0
 1108 57257.000 30705.000 0 0 66.614 41.089 2737.147 52.317 0 1 1 210 0 0
 1109 57359.000 30641.000 0 0 33.238 20.434 679.218 26.061 0 1 1 210 0 0
 1110 56842.000 30761.000 0 0 23.243 14.487 336.747 18.350 0 1 1 210 0 0
 1111 56914.000 30717.000 0 0 32.937 20.483 674.678 25.974 0 1 1 210 0 0
 1112 57027.000 30646.000 0 0 80.891 50.121 4054.403 63.674 0 1 1 210 0 0
 1113 57158.000 30566.000 0 0 66.515 41.041 2729.916 52.248 0 1 1 210 0 0
 1114 57261.000 30501.000 0 0 33.305 20.481 682.147 26.117 0 1 1 210 0 0
 1115 56815.000 30579.000 0 0 33.268 20.695 688.500 26.239 0 1 1 210 0 0
 1116 56930.000 30507.000 0 0 76.612 47.482 3637.787 60.314 0 1 1 210 0 0
 1117 57058.000 30427.000 0 0 66.715 41.178 2747.237 52.414 0 1 1 210 0 0
 1118 57166.000 30362.000 0 0 33.372 20.527 685.047 26.173 0 1 1 210 0 0
 1119 56721.000 30437.000 0 0 29.919 18.615 556.955 23.599 0 1 1 210 0 0
 1120 56835.000 30367.000 0 0 70.092 43.450 3045.578 55.186 0 1 1 210 0 0
 1121 56962.000 30286.000 0 0 66.850 41.270 2758.928 52.525 0 1 1 210 0 0
 1122 57068.000 30221.000 0 0 30.112 18.527 557.895 23.619 0 1 1 210 0 0
 1123 56626.000 30296.000 0 0 20.042 12.471 249.960 15.810 0 1 1 210 0 0
 1124 56735.000 30228.000 0 0 70.232 43.551 3058.737 55.305 0 1 1 210 0 0
 1125 56862.000 30150.000 0 0 70.312 43.423 3053.185 55.255 0 1 1 210 0 0
 1126 56971.000 30081.000 0 0 26.805 16.496 442.197 21.028 0 1 1 210 0 0
 1127 57071.000 30021.000 0 0 23.491 14.411 338.543 18.399 0 1 1 210 0 0
 1128 56624.000 30096.000 0 0 40.199 24.944 1002.762 31.666 0 1 1 210 0 0
 1129 56660.000 30072.000 0 0 26.808 16.615 445.450 21.105 0 1 1 210 0 0
 1130 56764.000 30009.000 0 0 67.116 41.460 2782.647 52.750 0 1 1 210 0 0
 1131 56875.000 29940.000 0 0 33.574 20.666 693.861 26.341 0 1 1 210 0 0
 1132 56976.000 29880.000 0 0 30.259 18.566 561.823 23.702 0 1 1 210 0 0
 1133 56525.000 29958.000 0 0 36.939 22.928 846.942 29.102 0 1 1 210 0 0
 1134 56664.000 29871.000 0 0 67.248 41.555 2794.583 52.863 0 1 1 210 0 0
 1135 56778.000 29802.000 0 0 23.565 14.509 341.917 18.490 0 1 1 210 0 0
 1136 56877.000 29741.000 0 0 30.319 18.609 564.232 23.753 0 1 1 210 0 0
 1137 56922.000 29712.000 0 0 20.210 12.386 250.334 15.821 0 1 1 210 0 0
 1138 56430.000 29817.000 0 0 37.013 22.978 850.503 29.163 0 1 1 210 0 0
 1139 56568.000 29731.000 0 0 70.733 43.719 3092.444 55.609 0 1 1 210 0 0
 1140 56781.000 29601.000 0 0 30.380 18.650 566.618 23.803 0 1 1 210 0 0
 1141 56828.000 29572.000 0 0 30.392 18.630 566.233 23.795 0 1 1 210 0 0
 1142 56334.000 29678.000 0 0 30.346 18.843 571.847 23.913 0 1 1 210 0 0
 1143 56469.000 29592.000 0 0 70.873 43.818 3105.599 55.727 0 1 1 210 0 0
 1144 56677.000 29465.000 0 0 40.562 24.913 1010.567 31.789 0 1 1 210 0 0
 1145 56731.000 29432.000 0 0 33.818 20.735 701.241 26.480 0 1 1 210 0 0
 1146 56370.000 29452.000 0 0 67.650 41.837 2830.343 53.200 0 1 1 210 0 0
 1147 56586.000 29320.000 0 0 30.501 18.735 571.442 23.904 0 1 1 210 0 0
 1148 56636.000 29291.000 0 0 33.885 20.781 704.187 26.536 0 1 1 210 0 0
 1149 56276.000 29311.000 0 0 64.380 39.822 2563.790 50.633 0 1 1 210 0 0
 1150 56493.000 29179.000 0 0 33.939 20.849 707.623 26.601 0 1 1 210 0 0
 1151 56541.000 29150.000 0 0 33.953 20.826 707.139 26.592 0 1 1 210 0 0
 1152 56164.000 29182.000 0 0 30.628 18.958 580.677 24.097 0 1 1 210 0 0
 1153 56197.000 29160.000 0 0 30.570 18.902 577.863 24.038 0 1 1 210 0 0
 1154 56398.000 29036.000 0 0 23.822 14.636 348.684 18.673 0 1 1 210 0 0
 1155 56443.000 29010.000 0 0 30.635 18.796 575.835 23.996 0 1 1 210 0 0
 1156 56068.000 29041.000 0 0 23.820 14.747 351.308 18.743 0 1 1 210 0 0
 1157 56100.000 29021.000 0 0 20.409 12.622 257.620 16.050 0 1 1 210 0 0
 1158 56309.000 28893.000 0 0 13.630 8.375 114.158 10.684 0 1 1 210 0 0
 1159 56348.000 28869.000 0 0 23.878 14.653 349.911 18.705 0 1 1 210 0 0
 1160 56251.000 28729.000 0 0 20.492 12.579 257.788 16.055 0 1 1 210 0 0
 1161 56153.000 28590.000 0 0 17.127 10.516 180.129 13.421 0 1 1 210 0 0
 1162 56059.000 28446.000 0 0 13.716 8.422 115.530 10.748 0 1 1 210 0 0
 1163 56229.000 28146.000 0 0 24.121 14.693 354.431 18.826 0 1 1 210 0 0
 1164 56134.000 28003.000 0 0 27.602 16.817 464.192 21.545 0 1 1 210 0 0
 1165 55879.000 27960.000 0 0 24.183 14.811 358.191 18.925 0 1 1 210 0 0
 1166 56041.000 27861.000 0 0 31.130 18.970 590.557 24.301 0 1 1 210 0 0
 1167 55783.000 27820.000 0 0 24.230 14.843 359.669 18.964 0 1 1 210 0 0
 1168 55949.000 27718.000 0 0 27.711 16.888 468.003 21.633 0 1 1 210 0 0
 1169 55690.000 27677.000 0 0 27.727 16.987 471.021 21.703 0 1 1 210 0 0
 1170 55853.000 27579.000 0 0 27.764 16.925 469.926 21.677 0 1 1 210 0 0
 1171 55562.000 27556.000 0 0 20.830 12.777 266.156 16.314 0 1 1 210 0 0
 1172 55596.000 27537.000 0 0 24.325 14.906 362.606 19.042 0 1 1 210 0 0
 1173 55664.000 27495.000 0 0 13.898 8.498 118.121 10.868 0 1 1 210 0 0
 1174 55760.000 27436.000 0 0 24.359 14.851 361.767 19.020 0 1 1 210 0 0
 1175 55489.000 27401.000 0 0 45.245 27.740 1255.137 35.427 0 1 1 210 0 0
 1176 55571.000 27350.000 0 0 20.889 12.774 266.860 16.335 0 1 1 210 0 0
 1177 55666.000 27293.000 0 0 27.874 16.996 473.776 21.766 0 1 1 210 0 0
 1178 55399.000 27257.000 0 0 41.832 25.648 1072.945 32.755 0 1 1 210 0 0
 1179 55466.000 27216.000 0 0 48.831 29.878 1459.018 38.197 0 1 1 210 0 0
 1180 55572.000 27152.000 0 0 24.454 14.914 364.729 19.097 0 1 1 210 0 0
 1181 55303.000 27118.000 0 0 45.422 27.856 1265.321 35.571 0 1 1 210 0 0
 1182 55360.000 27081.000 0 0 27.955 17.114 478.443 21.873 0 1 1 210 0 0
 1183 55384.000 27067.000 0 0 13.980 8.552 119.568 10.934 0 1 1 210 0 0
 1184 55478.000 27011.000 0 0 24.502 14.945 366.206 19.136 0 1 1 210 0 0
 1185 55224.000 26966.000 0 0 52.517 32.197 1690.918 41.120 0 1 1 210 0 0
 1186 55281.000 26931.000 0 0 45.538 27.870 1269.193 35.625 0 1 1 210 0 0
 1187 55385.000 26867.000 0 0 24.550 14.977 367.694 19.175 0 1 1 210 0 0
 1188 55134.000 26822.000 0 0 14.027 8.600 120.643 10.983 0 1 1 210 0 0
 1189 55151.000 26811.000 0 0 14.029 8.597 120.615 10.982 0 1 1 210 0 0
 1190 55194.000 26783.000 0 0 59.665 36.513 2178.583 46.675 0 1 1 210 0 0
 1191 55294.000 26725.000 0 0 24.598 15.007 369.160 19.213 0 1 1 210 0 0
 1192 55036.000 26682.000 0 0 10.558 6.475 68.366 8.268 0 1 1 210 0 0
 1193 55101.000 26642.000 0 0 63.313 38.751 2453.497 49.532 0 1 1 210 0 0
 1194 55202.000 26581.000 0 0 24.646 15.038 370.648 19.252 0 1 1 210 0 0
 1195 55291.000 26528.000 0 0 17.622 10.723 188.975 13.746 0 1 1 210 0 0
 1196 54946.000 26538.000 0 0 21.122 12.954 273.638 16.541 0 1 1 210 0 0
 1197 55002.000 26504.000 0 0 84.565 51.775 4378.467 66.169 0 1 1 210 0 0
 1198 55110.000 26437.000 0 0 17.644 10.766 189.971 13.782 0 1 1 210 0 0
 1199 55200.000 26384.000 0 0 21.167 12.881 272.665 16.512 0 1 1 210 0 0
 1200 54853.000 26395.000 0 0 14.109 8.654 122.107 11.050 0 1 1 210 0 0
 1201 54914.000 26358.000 0 0 84.733 51.876 4395.692 66.300 0 1 1 210 0 0
 1202 55019.000 26294.000 0 0 17.678 10.788 190.730 13.810 0 1 1 210 0 0
 1203 55107.000 26240.000 0 0 24.760 15.070 373.155 19.317 0 1 1 210 0 0
 1204 54812.000 26222.000 0 0 21.213 12.993 275.638 16.602 0 1 1 210 0 0
 1205 54855.000 26195.000 0 0 31.849 19.481 620.494 24.909 0 1 1 210 0 0
 1206 54928.000 26150.000 0 0 21.234 12.959 275.192 16.588 0 1 1 210 0 0
 1207 55014.000 26099.000 0 0 28.332 17.246 488.638 22.105 0 1 1 210 0 0
 1208 54762.000 26053.000 0 0 49.612 30.351 1505.790 38.804 0 1 1 210 0 0
 1209 54839.000 26005.000 0 0 21.276 12.985 276.276 16.621 0 1 1 210 0 0
 1210 54923.000 25954.000 0 0 24.856 15.132 376.138 19.394 0 1 1 210 0 0
 1211 54654.000 25921.000 0 0 17.767 10.876 193.251 13.901 0 1 1 210 0 0
 1212 54749.000 25861.000 0 0 17.782 10.853 192.999 13.892 0 1 1 210 0 0
 1213 54834.000 25811.000 0 0 28.442 17.315 492.506 22.192 0 1 1 210 0 0
 1214 54707.000 25687.000 0 0 39.191 23.886 936.171 30.596 0 1 1 210 0 0
 1215 54743.000 25666.000 0 0 24.953 15.192 379.109 19.470 0 1 1 210 0 0
 1216 54634.000 25533.000 0 0 60.684 36.969 2243.494 47.365 0 1 1 210 0 0
 1217 54565.000 25378.000 0 0 25.050 15.252 382.082 19.546 0 1 1 210 0 0
 1218 54475.000 25232.000 0 0 25.099 15.282 383.582 19.585 0 1 1 210 0 0
 1219 54388.000 25086.000 0 0 25.148 15.311 385.066 19.623 0 1 1 210 0 0
 1220 54293.000 24946.000 0 0 39.582 24.105 954.151 30.889 0 1 1 210 0 0
 1221 54209.000 24798.000 0 0 39.660 24.149 957.787 30.948 0 1 1 210 0 0
 1222 54128.000 24649.000 0 0 25.295 15.399 389.526 19.736 0 1 1 210 0 0
 1223 54297.000 24546.000 0 0 18.097 10.961 198.387 14.084 0 1 1 210 0 0
 1224 54042.000 24500.000 0 0 25.344 15.427 391.017 19.774 0 1 1 210 0 0
 1225 54185.000 24415.000 0 0 47.106 28.553 1345.074 36.675 0 1 1 210 0 0
 1226 54095.000 24270.000 0 0 50.808 30.798 1564.805 39.557 0 1 1 210 0 0
 1227 54147.000 24239.000 0 0 25.432 15.392 391.476 19.785 0 1 1 210 0 0
 1228 53997.000 24131.000 0 0 61.827 37.488 2317.815 48.143 0 1 1 210 0 0
 1229 54074.000 24084.000 0 0 32.760 19.818 649.280 25.480 0 1 1 210 0 0
 1230 53921.000 23978.000 0 0 98.382 59.633 5866.873 76.595 0 1 1 210 0 0
 1231 53991.000 23936.000 0 0 25.534 15.445 394.382 19.859 0 1 1 210 0 0
 1232 53851.000 23822.000 0 0 76.608 46.410 3555.422 59.627 0 1 1 210 0 0
 1233 53904.000 23790.000 0 0 29.217 17.672 516.338 22.723 0 1 1 210 0 0
 1234 53769.000 23673.000 0 0 80.907 49.005 3964.956 62.967 0 1 1 210 0 0
 1235 53834.000 23635.000 0 0 47.593 28.772 1369.361 37.004 0 1 1 210 0 0
 1236 53652.000 23545.000 0 0 21.983 13.326 292.968 17.116 0 1 1 210 0 0
 1237 53678.000 23529.000 0 0 21.987 13.319 292.863 17.113 0 1 1 210 0 0
 1238 53719.000 23503.000 0 0 55.006 33.279 1830.603 42.785 0 1 1 210 0 0
 1239 53760.000 23481.000 0 0 18.353 11.090 203.550 14.267 0 1 1 210 0 0
 1240 53593.000 23381.000 0 0 29.374 17.791 522.616 22.860 0 1 1 210 0 0
 1241 53648.000 23349.000 0 0 73.503 44.447 3267.058 57.158 0 1 1 210 0 0
 1242 53504.000 23237.000 0 0 25.768 15.608 402.217 20.055 0 1 1 210 0 0
 1243 53568.000 23198.000 0 0 73.647 44.525 3279.202 57.264 0 1 1 210 0 0
 1244 53486.000 23049.000 0 0 77.459 46.821 3626.752 60.222 0 1 1 210 0 0
 1245 53356.000 22929.000 0 0 14.773 8.941 132.094 11.493 0 1 1 210 0 0
 1246 53413.000 22895.000 0 0 85.004 51.360 4365.870 66.074 0 1 1 210 0 0
 1247 53308.000 22758.000 0 0 111.085 67.149 7459.355 86.367 0 1 1 210 0 0
 1248 53222.000 22614.000 0 0 81.624 49.340 4027.378 63.461 0 1 1 210 0 0
 1249 53282.000 22577.000 0 0 18.570 11.205 208.083 14.425 0 1 1 210 0 0
 1250 53143.000 22462.000 0 0 55.755 33.694 1878.623 43.343 0 1 1 210 0 0
 1251 53056.000 22315.000 0 0 59.565 35.994 2144.050 46.303 0 1 1 210 0 0
 1252 52943.000 22186.000 0 0 37.290 22.550 840.932 28.998 0 1 1 210 0 0
 1253 52998.000 22152.000 0 0 26.133 15.778 412.347 20.306 0 1 1 210 0 0
 1254 52848.000 22044.000 0 0 14.943 9.038 135.066 11.621 0 1 1 210 0 0;
ProcessEquipmentIDList 1
  "R420" ;
SummarySpec 5
  TESTNO    NDEFECT    DEFDENSITY    NDIE    NDEFDIE  ;
SummaryList 
  1    1254    4.585    1    1  ;
EndOfFile;
