FileVersion 1 2;
FileTimestamp 01-16-26 05:24:50;
InspectionStationID "KLA-Tencor" "SFSSP1" "0901-0728-TBI";
SampleType WAFER;
ResultTimestamp 01-16-26 05:15:46;
LotID "2580";
SampleSize 1 200;
DeviceID "None";
SetupID "T2-2580NR" 01-16-26 05:15:46;
StepID "6706P";
SampleOrientationMarkType NOTCH;
OrientationMarkLocation DOWN;
DiePitch 200000 200000;
DieOrigin 0 0;
WaferID "15";
Slot 15;
SampleCenterLocation 100000 100000;
ClassLookup 1
  0 "0"  ;
OrientationInstructions "Front";
CoordinatesMirrored No;
InspectionTest 1;
SampleTestPlan 1
  0 0 ;
AreaPerTest 2.73522e+010;
DefectRecordSpec 15 DEFECTID XREL YREL XINDEX YINDEX XSIZE YSIZE DEFECTAREA DSIZE CLASSNUMBER TEST CLUSTERNUMBER ROUGHBINNUMBER FINEBINNUMBER REVIEWSAMPLE ;
DefectList
 1 103355.000 98987.000 0 0 0.000 0.000 0.000 0.145 0 1 0 0 0 0
 2 105336.000 101910.000 0 0 0.000 0.000 0.000 0.137 0 1 0 0 0 0
 3 102331.000 93034.000 0 0 0.000 0.000 0.000 0.137 0 1 0 0 0 0
 4 95577.000 105475.000 0 0 0.000 0.000 0.000 0.133 0 1 0 0 0 0
 5 92737.000 102624.000 0 0 0.000 0.000 0.000 0.141 0 1 0 0 0 0
 6 96638.000 92463.000 0 0 0.000 0.000 0.000 0.145 0 1 0 0 0 0
 7 101093.000 91608.000 0 0 0.000 0.000 0.000 0.143 0 1 0 0 0 0
 8 98746.000 90083.000 0 0 0.000 0.000 0.000 0.146 0 1 0 0 0 0
 9 109907.000 104877.000 0 0 0.000 0.000 0.000 0.141 0 1 0 0 0 0
 10 105526.000 89788.000 0 0 0.000 0.000 0.000 0.133 0 1 0 0 0 0
 11 103824.000 88715.000 0 0 0.000 0.000 0.000 0.139 0 1 0 0 0 0
 12 110522.000 94628.000 0 0 0.000 0.000 0.000 0.136 0 1 0 0 0 0
 13 93536.000 109614.000 0 0 0.000 0.000 0.000 0.147 0 1 0 0 0 0
 14 89078.000 104544.000 0 0 0.000 0.000 0.000 0.143 0 1 0 0 0 0
 15 93154.000 89364.000 0 0 0.000 0.000 0.000 0.138 0 1 0 0 0 0
 16 88078.000 95295.000 0 0 0.000 0.000 0.000 0.131 0 1 0 0 0 0
 17 109648.000 109804.000 0 0 0.000 0.000 0.000 0.147 0 1 0 0 0 0
 18 87437.000 106268.000 0 0 0.000 0.000 0.000 0.171 0 1 0 0 0 0
 19 114982.000 98684.000 0 0 0.000 0.000 0.000 0.131 0 1 0 0 0 0
 20 96219.000 83063.000 0 0 0.000 0.000 0.000 0.137 0 1 0 0 0 0
 21 99426.000 118162.000 0 0 0.000 0.000 0.000 0.130 0 1 0 0 0 0
 22 108364.000 82603.000 0 0 0.000 0.000 0.000 0.135 0 1 0 0 0 0
 23 81736.000 108827.000 0 0 0.000 0.000 0.000 0.133 0 1 0 0 0 0
 24 79565.000 101708.000 0 0 0.000 0.000 0.000 0.144 0 1 0 0 0 0
 25 87012.000 83737.000 0 0 0.000 0.000 0.000 0.141 0 1 0 0 0 0
 26 109251.000 118999.000 0 0 0.000 0.000 0.000 0.130 0 1 0 0 0 0
 27 98890.000 121404.000 0 0 0.000 0.000 0.000 0.132 0 1 0 0 0 0
 28 82423.000 86404.000 0 0 0.000 0.000 0.000 0.134 0 1 0 0 0 0
 29 92417.000 121415.000 0 0 0.000 0.000 0.000 0.149 0 1 0 0 0 0
 30 98388.000 76802.000 0 0 0.000 0.000 0.000 0.148 0 1 0 0 0 0
 31 117843.000 84761.000 0 0 0.000 0.000 0.000 0.137 0 1 0 0 0 0
 32 81109.000 85353.000 0 0 0.000 0.000 0.000 0.134 0 1 0 0 0 0
 33 112574.000 120087.000 0 0 0.000 0.000 0.000 0.147 0 1 0 0 0 0
 34 107492.000 122795.000 0 0 0.000 0.000 0.000 0.147 0 1 0 0 0 0
 35 122716.000 91136.000 0 0 0.000 0.000 0.000 0.162 0 1 0 0 0 0
 36 106095.000 123246.000 0 0 0.000 0.000 0.000 0.165 0 1 0 0 0 0
 37 111891.000 121243.000 0 0 0.000 0.000 0.000 0.143 0 1 0 0 0 0
 38 80590.000 84571.000 0 0 0.000 0.000 0.000 0.147 0 1 0 0 0 0
 39 124607.000 103311.000 0 0 0.000 0.000 0.000 0.134 0 1 0 0 0 0
 40 89418.000 122735.000 0 0 0.000 0.000 0.000 0.158 0 1 0 0 0 0
 41 77260.000 112678.000 0 0 0.000 0.000 0.000 0.136 0 1 0 0 0 0
 42 112256.000 76592.000 0 0 0.000 0.000 0.000 0.133 0 1 0 0 0 0
 43 125224.000 108231.000 0 0 0.000 0.000 0.000 0.155 0 1 0 0 0 0
 44 80882.000 80928.000 0 0 0.000 0.000 0.000 0.141 0 1 0 0 0 0
 45 120441.000 117639.000 0 0 0.000 0.000 0.000 0.142 0 1 0 0 0 0
 46 88604.000 124544.000 0 0 0.000 0.000 0.000 0.141 0 1 0 0 0 0
 47 75233.000 87159.000 0 0 0.000 0.000 0.000 0.140 0 1 0 0 0 0
 48 71691.000 99503.000 0 0 0.000 0.000 0.000 0.135 0 1 0 0 0 0
 49 103395.000 71283.000 0 0 0.000 0.000 0.000 0.133 0 1 0 0 0 0
 50 71913.000 92436.000 0 0 0.000 0.000 0.000 0.143 0 1 0 0 0 0
 51 115603.000 74110.000 0 0 0.000 0.000 0.000 0.130 0 1 0 0 0 0
 52 70824.000 107288.000 0 0 0.000 0.000 0.000 0.139 0 1 0 0 0 0
 53 122744.000 119739.000 0 0 0.000 0.000 0.000 0.140 0 1 0 0 0 0
 54 122794.000 121042.000 0 0 0.000 0.000 0.000 0.135 0 1 0 0 0 0
 55 80575.000 124069.000 0 0 0.000 0.000 0.000 0.136 0 1 0 0 0 0
 56 102888.000 130969.000 0 0 0.000 0.000 0.000 0.147 0 1 0 0 0 0
 57 74787.000 79980.000 0 0 0.000 0.000 0.000 0.136 0 1 0 0 0 0
 58 131348.000 92974.000 0 0 0.000 0.000 0.000 0.153 0 1 0 0 0 0
 59 129948.000 111289.000 0 0 0.000 0.000 0.000 0.131 0 1 0 0 0 0
 60 132257.000 104849.000 0 0 0.000 0.000 0.000 0.133 0 1 0 0 0 0
 61 72580.000 81994.000 0 0 0.000 0.000 0.000 0.154 0 1 0 0 0 0
 62 85685.000 70361.000 0 0 0.000 0.000 0.000 0.135 0 1 0 0 0 0
 63 117033.000 71646.000 0 0 0.000 0.000 0.000 0.161 0 1 0 0 0 0
 64 124540.000 77447.000 0 0 0.000 0.000 0.000 0.140 0 1 0 0 0 0
 65 113111.000 69057.000 0 0 0.000 0.000 0.000 0.142 0 1 0 0 0 0
 66 115808.000 69934.000 0 0 0.000 0.000 0.000 0.147 0 1 0 0 0 0
 67 130813.000 114824.000 0 0 0.000 0.000 0.000 0.137 0 1 0 0 0 0
 68 133469.000 91994.000 0 0 0.000 0.000 0.000 0.143 0 1 0 0 0 0
 69 134271.000 98470.000 0 0 0.000 0.000 0.000 0.150 0 1 0 0 0 0
 70 96541.000 65466.000 0 0 0.000 0.000 0.000 0.146 0 1 0 0 0 0
 71 80149.000 128196.000 0 0 0.000 0.000 0.000 0.158 0 1 0 0 0 0
 72 69430.000 116191.000 0 0 0.000 0.000 0.000 0.133 0 1 0 0 0 0
 73 66144.000 107458.000 0 0 0.000 0.000 0.000 0.130 0 1 0 0 0 0
 74 134853.000 99595.000 0 0 0.000 0.000 0.000 0.140 0 1 0 0 0 0
 75 87877.000 66939.000 0 0 0.000 0.000 0.000 0.137 0 1 0 0 0 0
 76 79396.000 71357.000 0 0 0.000 0.000 0.000 0.138 0 1 0 0 0 0
 77 87271.000 67094.000 0 0 0.000 0.000 0.000 0.166 0 1 0 0 0 0
 78 119527.000 70386.000 0 0 0.000 0.000 0.000 0.136 0 1 0 0 0 0
 79 67750.000 114060.000 0 0 0.000 0.000 0.000 0.131 0 1 0 0 0 0
 80 125524.000 75145.000 0 0 0.000 0.000 0.000 0.136 0 1 0 0 0 0
 81 130186.000 118382.000 0 0 0.000 0.000 0.000 0.135 0 1 0 0 0 0
 82 66191.000 110391.000 0 0 0.000 0.000 0.000 0.134 0 1 0 0 0 0
 83 76645.000 72539.000 0 0 0.000 0.000 0.000 0.131 0 1 0 0 0 0
 84 80357.000 129761.000 0 0 0.000 0.000 0.000 0.132 0 1 0 0 0 0
 85 132379.000 115548.000 0 0 0.000 0.000 0.000 0.132 0 1 0 0 0 0
 86 65543.000 88547.000 0 0 0.000 0.000 0.000 0.131 0 1 0 0 0 0
 87 120370.000 69367.000 0 0 0.000 0.000 0.000 0.134 0 1 0 0 0 0
 88 95434.000 63387.000 0 0 0.000 0.000 0.000 0.134 0 1 0 0 0 0
 89 120144.000 130533.000 0 0 0.000 0.000 0.000 0.149 0 1 0 0 0 0
 90 105874.000 136165.000 0 0 0.000 0.000 0.000 0.133 0 1 0 0 0 0
 91 97287.000 136626.000 0 0 0.000 0.000 0.000 0.145 0 1 0 0 0 0
 92 110841.000 135440.000 0 0 0.000 0.000 0.000 0.141 0 1 0 0 0 0
 93 75004.000 71929.000 0 0 0.000 0.000 0.000 0.136 0 1 0 0 0 0
 94 71505.000 75417.000 0 0 0.000 0.000 0.000 0.137 0 1 0 0 0 0
 95 62575.000 96449.000 0 0 0.000 0.000 0.000 0.131 0 1 0 0 0 0
 96 129117.000 75669.000 0 0 0.000 0.000 0.000 0.145 0 1 0 0 0 0
 97 125960.000 127540.000 0 0 0.000 0.000 0.000 0.136 0 1 0 0 0 0
 98 62262.000 95294.000 0 0 0.000 0.000 0.000 0.136 0 1 0 0 0 0
 99 135677.000 86563.000 0 0 0.000 0.000 0.000 0.135 0 1 0 0 0 0
 100 76271.000 129904.000 0 0 0.000 0.000 0.000 0.144 0 1 0 0 0 0
 101 62115.000 93768.000 0 0 0.000 0.000 0.000 0.131 0 1 0 0 0 0
 102 91545.000 137864.000 0 0 0.000 0.000 0.000 0.132 0 1 0 0 0 0
 103 72643.000 127810.000 0 0 0.000 0.000 0.000 0.136 0 1 0 0 0 0
 104 119819.000 133631.000 0 0 0.000 0.000 0.000 0.130 0 1 0 0 0 0
 105 62903.000 114019.000 0 0 0.000 0.000 0.000 0.131 0 1 0 0 0 0
 106 116316.000 63374.000 0 0 0.000 0.000 0.000 0.146 0 1 0 0 0 0
 107 72285.000 128521.000 0 0 0.000 0.000 0.000 0.130 0 1 0 0 0 0
 108 64909.000 119387.000 0 0 0.000 0.000 0.000 0.134 0 1 0 0 0 0
 109 62651.000 84802.000 0 0 0.000 0.000 0.000 0.135 0 1 0 0 0 0
 110 66796.000 77007.000 0 0 0.000 0.000 0.000 0.130 0 1 0 0 0 0
 111 74003.000 130695.000 0 0 0.000 0.000 0.000 0.134 0 1 0 0 0 0
 112 60098.000 93345.000 0 0 0.000 0.000 0.000 0.147 0 1 0 0 0 0
 113 60765.000 112113.000 0 0 0.000 0.000 0.000 0.131 0 1 0 0 0 0
 114 134431.000 122734.000 0 0 0.000 0.000 0.000 0.149 0 1 0 0 0 0
 115 78023.000 64365.000 0 0 0.000 0.000 0.000 0.144 0 1 0 0 0 0
 116 58389.000 103143.000 0 0 0.000 0.000 0.000 0.135 0 1 0 0 0 0
 117 58387.000 96892.000 0 0 0.000 0.000 0.000 0.145 0 1 0 0 0 0
 118 85639.000 139076.000 0 0 0.000 0.000 0.000 0.130 0 1 0 0 0 0
 119 102780.000 57439.000 0 0 0.000 0.000 0.000 0.162 0 1 0 0 0 0
 120 122125.000 137402.000 0 0 0.000 0.000 0.000 0.152 0 1 0 0 0 0
 121 101438.000 55911.000 0 0 0.000 0.000 0.000 0.131 0 1 0 0 0 0
 122 107161.000 56283.000 0 0 0.000 0.000 0.000 0.130 0 1 0 0 0 0
 123 57579.000 87604.000 0 0 0.000 0.000 0.000 0.148 0 1 0 0 0 0
 124 65063.000 72514.000 0 0 0.000 0.000 0.000 0.150 0 1 0 0 0 0
 125 122461.000 61410.000 0 0 0.000 0.000 0.000 0.141 0 1 0 0 0 0
 126 135502.000 127001.000 0 0 0.000 0.000 0.000 0.139 0 1 0 0 0 0
 127 104201.000 55169.000 0 0 0.000 0.000 0.000 0.143 0 1 0 0 0 0
 128 72904.000 135979.000 0 0 0.000 0.000 0.000 0.130 0 1 0 0 0 0
 129 82246.000 141904.000 0 0 0.000 0.000 0.000 0.134 0 1 0 0 0 0
 130 109813.000 54890.000 0 0 0.000 0.000 0.000 0.141 0 1 0 0 0 0
 131 89969.000 144937.000 0 0 0.000 0.000 0.000 0.147 0 1 0 0 0 0
 132 54487.000 110958.000 0 0 0.000 0.000 0.000 0.147 0 1 0 0 0 0
 133 56359.000 82837.000 0 0 0.000 0.000 0.000 0.131 0 1 0 0 0 0
 134 147335.000 97099.000 0 0 0.000 0.000 0.000 0.140 0 1 0 0 0 0
 135 94132.000 146844.000 0 0 0.000 0.000 0.000 0.147 0 1 0 0 0 0
 136 74141.000 59711.000 0 0 0.000 0.000 0.000 0.145 0 1 0 0 0 0
 137 145317.000 115868.000 0 0 0.000 0.000 0.000 0.148 0 1 0 0 0 0
 138 148479.000 94554.000 0 0 0.000 0.000 0.000 0.132 0 1 0 0 0 0
 139 60440.000 70987.000 0 0 0.000 0.000 0.000 0.130 0 1 0 0 0 0
 140 117386.000 53838.000 0 0 0.000 0.000 0.000 0.151 0 1 0 0 0 0
 141 130795.000 138016.000 0 0 0.000 0.000 0.000 0.141 0 1 0 0 0 0
 142 95329.000 148732.000 0 0 0.000 0.000 0.000 0.133 0 1 0 0 0 0
 143 114174.000 52359.000 0 0 0.000 0.000 0.000 0.140 0 1 0 0 0 0
 144 136749.000 66320.000 0 0 0.000 0.000 0.000 0.133 0 1 0 0 0 0
 145 104896.000 149298.000 0 0 0.000 0.000 0.000 0.144 0 1 0 0 0 0
 146 73974.000 57164.000 0 0 0.000 0.000 0.000 0.145 0 1 0 0 0 0
 147 147592.000 115255.000 0 0 0.000 0.000 0.000 0.143 0 1 0 0 0 0
 148 105040.000 149515.000 0 0 0.000 0.000 0.000 0.135 0 1 0 0 0 0
 149 150041.000 106102.000 0 0 0.000 0.000 0.000 0.135 0 1 0 0 0 0
 150 50160.000 92245.000 0 0 0.000 0.000 0.000 0.141 0 1 0 0 0 0
 151 62200.000 65820.000 0 0 0.000 0.000 0.000 0.143 0 1 0 0 0 0
 152 94348.000 150283.000 0 0 0.000 0.000 0.000 0.130 0 1 0 0 0 0
 153 142750.000 71737.000 0 0 0.000 0.000 0.000 0.141 0 1 0 0 0 0
 154 80387.000 52649.000 0 0 0.000 0.000 0.000 0.131 0 1 0 0 0 0
 155 134875.000 62102.000 0 0 0.000 0.000 0.000 0.134 0 1 0 0 0 0
 156 104863.000 151673.000 0 0 0.000 0.000 0.000 0.143 0 1 0 0 0 0
 157 115591.000 149743.000 0 0 0.000 0.000 0.000 0.144 0 1 0 0 0 0
 158 82172.000 148978.000 0 0 0.000 0.000 0.000 0.148 0 1 0 0 0 0
 159 113001.000 48783.000 0 0 0.000 0.000 0.000 0.135 0 1 0 0 0 0
 160 88620.000 151014.000 0 0 0.000 0.000 0.000 0.130 0 1 0 0 0 0
 161 48786.000 87859.000 0 0 0.000 0.000 0.000 0.134 0 1 0 0 0 0
 162 131230.000 143090.000 0 0 0.000 0.000 0.000 0.150 0 1 0 0 0 0
 163 113993.000 151766.000 0 0 0.000 0.000 0.000 0.131 0 1 0 0 0 0
 164 46240.000 94741.000 0 0 0.000 0.000 0.000 0.149 0 1 0 0 0 0
 165 122847.000 50173.000 0 0 0.000 0.000 0.000 0.132 0 1 0 0 0 0
 166 80499.000 150934.000 0 0 0.000 0.000 0.000 0.217 0 1 0 0 0 0
 167 71609.000 52738.000 0 0 0.000 0.000 0.000 0.153 0 1 0 0 0 0
 168 96935.000 155406.000 0 0 0.000 0.000 0.000 0.141 0 1 0 0 0 0
 169 140010.000 60886.000 0 0 0.000 0.000 0.000 0.139 0 1 0 0 0 0
 170 69716.000 146593.000 0 0 0.000 0.000 0.000 0.131 0 1 0 0 0 0
 171 46723.000 116436.000 0 0 0.000 0.000 0.000 0.132 0 1 0 0 0 0
 172 122749.000 48309.000 0 0 0.000 0.000 0.000 0.142 0 1 0 0 0 0
 173 154987.000 87319.000 0 0 0.000 0.000 0.000 0.158 0 1 0 0 0 0
 174 97572.000 156394.000 0 0 0.000 0.000 0.000 0.205 0 1 0 0 0 0
 175 147468.000 131235.000 0 0 0.000 0.000 0.000 0.133 0 1 0 0 0 0
 176 91927.000 42792.000 0 0 0.000 0.000 0.000 0.132 0 1 0 0 0 0
 177 98771.000 157467.000 0 0 0.000 0.000 0.000 0.133 0 1 0 0 0 0
 178 55261.000 136461.000 0 0 0.000 0.000 0.000 0.133 0 1 0 0 0 0
 179 130851.000 50441.000 0 0 0.000 0.000 0.000 0.141 0 1 0 0 0 0
 180 47787.000 73313.000 0 0 0.000 0.000 0.000 0.140 0 1 0 0 0 0
 181 154094.000 76976.000 0 0 0.000 0.000 0.000 0.139 0 1 0 0 0 0
 182 87191.000 157175.000 0 0 0.000 0.000 0.000 0.144 0 1 0 0 0 0
 183 65284.000 147761.000 0 0 0.000 0.000 0.000 0.132 0 1 0 0 0 0
 184 55745.000 138943.000 0 0 0.000 0.000 0.000 0.157 0 1 0 0 0 0
 185 74068.000 153707.000 0 0 0.000 0.000 0.000 0.143 0 1 0 0 0 0
 186 42077.000 84660.000 0 0 0.000 0.000 0.000 0.156 0 1 0 0 0 0
 187 107356.000 40082.000 0 0 0.000 0.000 0.000 0.132 0 1 0 0 0 0
 188 154114.000 126642.000 0 0 0.000 0.000 0.000 0.139 0 1 0 0 0 0
 189 92023.000 160195.000 0 0 0.000 0.000 0.000 0.136 0 1 0 0 0 0
 190 57154.000 142997.000 0 0 0.000 0.000 0.000 0.131 0 1 0 0 0 0
 191 70143.000 46720.000 0 0 0.000 0.000 0.000 0.130 0 1 0 0 0 0
 192 161018.000 97401.000 0 0 0.000 0.000 0.000 0.132 0 1 0 0 0 0
 193 39039.000 103540.000 0 0 0.000 0.000 0.000 0.130 0 1 0 0 0 0
 194 154445.000 71464.000 0 0 0.000 0.000 0.000 0.135 0 1 0 0 0 0
 195 42974.000 76226.000 0 0 0.000 0.000 0.000 0.132 0 1 0 0 0 0
 196 70776.000 154448.000 0 0 0.000 0.000 0.000 0.133 0 1 0 0 0 0
 197 46877.000 67908.000 0 0 0.000 0.000 0.000 0.136 0 1 0 0 0 0
 198 161912.000 104781.000 0 0 0.000 0.000 0.000 0.147 0 1 0 0 0 0
 199 159987.000 116759.000 0 0 0.000 0.000 0.000 0.136 0 1 0 0 0 0
 200 38102.000 90994.000 0 0 0.000 0.000 0.000 0.143 0 1 0 0 0 0
 201 74316.000 157207.000 0 0 0.000 0.000 0.000 0.131 0 1 0 0 0 0
 202 67992.000 154111.000 0 0 0.000 0.000 0.000 0.132 0 1 0 0 0 0
 203 71454.000 42797.000 0 0 0.000 0.000 0.000 0.138 0 1 0 0 0 0
 204 51288.000 141256.000 0 0 0.000 0.000 0.000 0.144 0 1 0 0 0 0
 205 43390.000 69877.000 0 0 0.000 0.000 0.000 0.142 0 1 0 0 0 0
 206 100475.000 163950.000 0 0 0.000 0.000 0.000 0.135 0 1 0 0 0 0
 207 163985.000 94236.000 0 0 0.000 0.000 0.000 0.131 0 1 0 0 0 0
 208 123888.000 159638.000 0 0 0.000 0.000 0.000 0.143 0 1 0 0 0 0
 209 164781.000 102092.000 0 0 0.000 0.000 0.000 0.422 0 1 0 0 0 0
 210 38415.000 79163.000 0 0 0.000 0.000 0.000 0.138 0 1 0 0 0 0
 211 122588.000 38123.000 0 0 0.000 0.000 0.000 0.132 0 1 0 0 0 0
 212 74165.000 38348.000 0 0 0.000 0.000 0.000 0.134 0 1 0 0 0 0
 213 44407.000 138570.000 0 0 0.000 0.000 0.000 0.141 0 1 0 0 0 0
 214 163674.000 75564.000 0 0 0.000 0.000 0.000 0.131 0 1 0 0 0 0
 215 162728.000 126404.000 0 0 0.000 0.000 0.000 0.154 0 1 0 0 0 0
 216 38701.000 130979.000 0 0 0.000 0.000 0.000 0.133 0 1 0 0 0 0
 217 36384.000 126182.000 0 0 0.000 0.000 0.000 0.134 0 1 0 0 0 0
 218 34933.000 123735.000 0 0 0.000 0.000 0.000 0.137 0 1 0 0 0 0
 219 152375.000 146916.000 0 0 0.000 0.000 0.000 0.132 0 1 0 0 0 0
 220 79195.000 32180.000 0 0 0.000 0.000 0.000 0.136 0 1 0 0 0 0
 221 33374.000 75706.000 0 0 0.000 0.000 0.000 0.149 0 1 0 0 0 0
 222 155746.000 146359.000 0 0 0.000 0.000 0.000 0.140 0 1 0 0 0 0
 223 97917.000 172560.000 0 0 0.000 0.000 0.000 0.133 0 1 0 0 0 0
 224 82363.000 28165.000 0 0 0.000 0.000 0.000 0.130 0 1 0 0 0 0
 225 27886.000 115582.000 0 0 0.000 0.000 0.000 0.135 0 1 0 0 0 0
 226 101806.000 173888.000 0 0 0.000 0.000 0.000 0.130 0 1 0 0 0 0
 227 59892.000 162015.000 0 0 0.000 0.000 0.000 0.130 0 1 0 0 0 0
 228 38164.000 58389.000 0 0 0.000 0.000 0.000 0.150 0 1 0 0 0 0
 229 70228.000 168777.000 0 0 0.000 0.000 0.000 0.130 0 1 0 0 0 0
 230 66744.000 31975.000 0 0 0.000 0.000 0.000 0.133 0 1 0 0 0 0
 231 84269.000 174497.000 0 0 0.000 0.000 0.000 0.143 0 1 0 0 0 0
 232 58310.000 163748.000 0 0 0.000 0.000 0.000 0.146 0 1 0 0 0 0
 233 159927.000 51819.000 0 0 0.000 0.000 0.000 0.136 0 1 0 0 0 0
 234 102988.000 177440.000 0 0 0.000 0.000 0.000 0.136 0 1 0 0 0 0
 235 32710.000 60156.000 0 0 0.000 0.000 0.000 0.131 0 1 0 0 0 0
 236 65964.000 171051.000 0 0 0.000 0.000 0.000 0.140 0 1 0 0 0 0
 237 18356.000 91535.000 0 0 0.000 0.000 0.000 0.135 0 1 0 0 0 0
 238 96498.000 182018.000 0 0 0.000 0.000 0.000 0.130 0 1 0 0 0 0
 239 153767.000 163219.000 0 0 0.000 0.000 0.000 0.130 0 1 0 0 0 0
 240 159907.000 40747.000 0 0 0.000 0.000 0.000 0.136 0 1 0 0 0 0
 241 21073.000 129818.000 0 0 0.000 0.000 0.000 0.132 0 1 0 0 0 0
 242 37744.000 41434.000 0 0 0.000 0.000 0.000 0.138 0 1 0 0 0 0
 243 27809.000 148488.000 0 0 0.000 0.000 0.000 0.130 0 1 0 0 0 0
 244 27769.000 149311.000 0 0 0.000 0.000 0.000 0.131 0 1 0 0 0 0
 245 28358.000 151230.000 0 0 0.000 0.000 0.000 0.142 0 1 0 0 0 0
 246 52813.000 174706.000 0 0 0.000 0.000 0.000 0.142 0 1 0 0 0 0
 247 96003.000 189242.000 0 0 0.000 0.000 0.000 0.139 0 1 0 0 0 0
 248 45377.000 170545.000 0 0 0.000 0.000 0.000 0.215 0 1 0 0 0 0
 249 52535.000 175873.000 0 0 0.000 0.000 0.000 0.132 0 1 0 0 0 0
 250 49979.000 175201.000 0 0 0.000 0.000 0.000 0.136 0 1 0 0 0 0
 251 32643.000 161220.000 0 0 0.000 0.000 0.000 0.140 0 1 0 0 0 0
 252 36812.000 165735.000 0 0 0.000 0.000 0.000 0.132 0 1 0 0 0 0
 253 32425.000 161259.000 0 0 0.000 0.000 0.000 0.149 0 1 0 0 0 0
 254 41719.000 170405.000 0 0 0.000 0.000 0.000 0.134 0 1 0 0 0 0
 255 76055.000 188431.000 0 0 0.000 0.000 0.000 0.132 0 1 0 0 0 0
 256 54022.000 179262.000 0 0 0.000 0.000 0.000 0.218 0 1 0 0 0 0
 257 42312.000 171483.000 0 0 0.000 0.000 0.000 0.132 0 1 0 0 0 0
 258 72601.000 187857.000 0 0 0.000 0.000 0.000 0.151 0 1 0 0 0 0
 259 33637.000 164743.000 0 0 0.000 0.000 0.000 0.133 0 1 0 0 0 0
 260 27024.000 157830.000 0 0 0.000 0.000 0.000 0.130 0 1 0 0 0 0
 261 36826.000 169022.000 0 0 0.000 0.000 0.000 0.139 0 1 0 0 0 0
 262 49236.000 178980.000 0 0 0.000 0.000 0.000 0.134 0 1 0 0 0 0
 263 60647.000 185625.000 0 0 0.000 0.000 0.000 0.133 0 1 0 0 0 0;
ProcessEquipmentIDList 1
  "R420" ;
SummarySpec 5
  TESTNO    NDEFECT    DEFDENSITY    NDIE    NDEFDIE  ;
SummaryList 
  1    263    0.9615    1    1  ;
EndOfFile;
