FileVersion 1 2;
FileTimestamp 01-16-26 23:56:56;
InspectionStationID "KLA-Tencor" "SFSSP1" "0901-0728-TBI";
SampleType WAFER;
ResultTimestamp 01-16-26 23:47:24;
LotID "2580";
SampleSize 1 200;
DeviceID "None";
SetupID "T2-2580NR" 01-16-26 23:47:24;
StepID "6703";
SampleOrientationMarkType NOTCH;
OrientationMarkLocation DOWN;
DiePitch 200000 200000;
DieOrigin 0 0;
WaferID "15";
Slot 15;
SampleCenterLocation 100000 100000;
ClassLookup 1
  0 "0"  ;
OrientationInstructions "Front";
CoordinatesMirrored No;
InspectionTest 1;
SampleTestPlan 1
  0 0 ;
AreaPerTest 2.73522e+010;
DefectRecordSpec 15 DEFECTID XREL YREL XINDEX YINDEX XSIZE YSIZE DEFECTAREA DSIZE CLASSNUMBER TEST CLUSTERNUMBER ROUGHBINNUMBER FINEBINNUMBER REVIEWSAMPLE ;
DefectList
 1 92409.000 98904.000 0 0 0.000 0.000 0.000 0.130 0 1 0 0 0 0
 2 90189.000 105020.000 0 0 0.000 0.000 0.000 0.130 0 1 0 0 0 0
 3 104727.000 110310.000 0 0 0.000 0.000 0.000 0.151 0 1 0 0 0 0
 4 98588.000 88930.000 0 0 0.000 0.000 0.000 0.132 0 1 0 0 0 0
 5 102791.000 85647.000 0 0 0.000 0.000 0.000 0.135 0 1 0 0 0 0
 6 112584.000 111327.000 0 0 0.000 0.000 0.000 0.134 0 1 0 0 0 0
 7 81626.000 96927.000 0 0 0.000 0.000 0.000 0.147 0 1 0 0 0 0
 8 94665.000 82154.000 0 0 0.000 0.000 0.000 0.140 0 1 0 0 0 0
 9 97287.000 80383.000 0 0 0.000 0.000 0.000 0.140 0 1 0 0 0 0
 10 119248.000 90989.000 0 0 0.000 0.000 0.000 0.130 0 1 0 0 0 0
 11 77684.000 97745.000 0 0 0.000 0.000 0.000 0.141 0 1 0 0 0 0
 12 120881.000 89718.000 0 0 0.000 0.000 0.000 0.149 0 1 0 0 0 0
 13 78197.000 87769.000 0 0 0.000 0.000 0.000 0.147 0 1 0 0 0 0
 14 115744.000 79378.000 0 0 0.000 0.000 0.000 0.139 0 1 0 0 0 0
 15 91447.000 75373.000 0 0 0.000 0.000 0.000 0.141 0 1 0 0 0 0
 16 90588.000 125599.000 0 0 0.000 0.000 0.000 0.138 0 1 0 0 0 0
 17 127391.000 98858.000 0 0 0.000 0.000 0.000 0.139 0 1 0 0 0 0
 18 75260.000 86587.000 0 0 0.000 0.000 0.000 0.136 0 1 0 0 0 0
 19 126853.000 87062.000 0 0 0.000 0.000 0.000 0.137 0 1 0 0 0 0
 20 102152.000 70187.000 0 0 0.000 0.000 0.000 0.145 0 1 0 0 0 0
 21 130153.000 100655.000 0 0 0.000 0.000 0.000 0.135 0 1 0 0 0 0
 22 79186.000 77655.000 0 0 0.000 0.000 0.000 0.141 0 1 0 0 0 0
 23 81870.000 125164.000 0 0 0.000 0.000 0.000 0.131 0 1 0 0 0 0
 24 94202.000 67944.000 0 0 0.000 0.000 0.000 0.131 0 1 0 0 0 0
 25 101297.000 66182.000 0 0 0.000 0.000 0.000 0.145 0 1 0 0 0 0
 26 106118.000 66042.000 0 0 0.000 0.000 0.000 0.133 0 1 0 0 0 0
 27 68254.000 115101.000 0 0 0.000 0.000 0.000 0.132 0 1 0 0 0 0
 28 96127.000 135817.000 0 0 0.000 0.000 0.000 0.136 0 1 0 0 0 0
 29 128322.000 122324.000 0 0 0.000 0.000 0.000 0.134 0 1 0 0 0 0
 30 91679.000 136758.000 0 0 0.000 0.000 0.000 0.140 0 1 0 0 0 0
 31 95953.000 61926.000 0 0 0.000 0.000 0.000 0.131 0 1 0 0 0 0
 32 68233.000 125052.000 0 0 0.000 0.000 0.000 0.138 0 1 0 0 0 0
 33 114160.000 138387.000 0 0 0.000 0.000 0.000 0.322 0 1 0 0 0 0
 34 136219.000 80969.000 0 0 0.000 0.000 0.000 0.130 0 1 0 0 0 0
 35 69273.000 72472.000 0 0 0.000 0.000 0.000 0.144 0 1 0 0 0 0
 36 70151.000 71508.000 0 0 0.000 0.000 0.000 0.132 0 1 0 0 0 0
 37 60485.000 86959.000 0 0 0.000 0.000 0.000 0.144 0 1 0 0 0 0
 38 60050.000 112189.000 0 0 0.000 0.000 0.000 0.130 0 1 0 0 0 0
 39 129767.000 129659.000 0 0 0.000 0.000 0.000 0.137 0 1 0 0 0 0
 40 126516.000 67429.000 0 0 0.000 0.000 0.000 0.141 0 1 0 0 0 0
 41 139191.000 83163.000 0 0 0.000 0.000 0.000 0.143 0 1 0 0 0 0
 42 128280.000 133127.000 0 0 0.000 0.000 0.000 0.140 0 1 0 0 0 0
 43 131912.000 129974.000 0 0 0.000 0.000 0.000 0.144 0 1 0 0 0 0
 44 83698.000 58981.000 0 0 0.000 0.000 0.000 0.138 0 1 0 0 0 0
 45 56626.000 110593.000 0 0 0.000 0.000 0.000 0.141 0 1 0 0 0 0
 46 131523.000 69939.000 0 0 0.000 0.000 0.000 0.260 0 1 0 0 0 0
 47 67199.000 130983.000 0 0 0.000 0.000 0.000 0.131 0 1 0 0 0 0
 48 142985.000 113768.000 0 0 0.000 0.000 0.000 0.149 0 1 0 0 0 0
 49 101150.000 146132.000 0 0 0.000 0.000 0.000 0.153 0 1 0 0 0 0
 50 69852.000 65550.000 0 0 0.000 0.000 0.000 0.136 0 1 0 0 0 0
 51 146428.000 107102.000 0 0 0.000 0.000 0.000 0.132 0 1 0 0 0 0
 52 77294.000 142499.000 0 0 0.000 0.000 0.000 0.153 0 1 0 0 0 0
 53 60277.000 128404.000 0 0 0.000 0.000 0.000 0.136 0 1 0 0 0 0
 54 80752.000 145667.000 0 0 0.000 0.000 0.000 0.302 0 1 0 0 0 0
 55 73516.000 142165.000 0 0 0.000 0.000 0.000 0.131 0 1 0 0 0 0
 56 53039.000 117625.000 0 0 0.000 0.000 0.000 0.134 0 1 0 0 0 0
 57 59687.000 70565.000 0 0 0.000 0.000 0.000 0.135 0 1 0 0 0 0
 58 64684.000 136636.000 0 0 0.000 0.000 0.000 0.140 0 1 0 0 0 0
 59 50348.000 87267.000 0 0 0.000 0.000 0.000 0.149 0 1 0 0 0 0
 60 137874.000 134929.000 0 0 0.000 0.000 0.000 0.133 0 1 0 0 0 0
 61 77064.000 53877.000 0 0 0.000 0.000 0.000 0.138 0 1 0 0 0 0
 62 73509.000 144865.000 0 0 0.000 0.000 0.000 0.130 0 1 0 0 0 0
 63 55314.000 127834.000 0 0 0.000 0.000 0.000 0.139 0 1 0 0 0 0
 64 78745.000 148409.000 0 0 0.000 0.000 0.000 0.133 0 1 0 0 0 0
 65 83260.000 49744.000 0 0 0.000 0.000 0.000 0.155 0 1 0 0 0 0
 66 52349.000 75267.000 0 0 0.000 0.000 0.000 0.141 0 1 0 0 0 0
 67 137872.000 138551.000 0 0 0.000 0.000 0.000 0.135 0 1 0 0 0 0
 68 131177.000 144315.000 0 0 0.000 0.000 0.000 0.136 0 1 0 0 0 0
 69 49261.000 80210.000 0 0 0.000 0.000 0.000 0.216 0 1 0 0 0 0
 70 151428.000 78954.000 0 0 0.000 0.000 0.000 0.192 0 1 0 0 0 0
 71 139490.000 60080.000 0 0 0.000 0.000 0.000 0.143 0 1 0 0 0 0
 72 83889.000 158077.000 0 0 0.000 0.000 0.000 0.138 0 1 0 0 0 0
 73 85957.000 159320.000 0 0 0.000 0.000 0.000 0.135 0 1 0 0 0 0
 74 158817.000 82831.000 0 0 0.000 0.000 0.000 0.131 0 1 0 0 0 0
 75 104510.000 38582.000 0 0 0.000 0.000 0.000 0.133 0 1 0 0 0 0
 76 58624.000 52562.000 0 0 0.000 0.000 0.000 0.134 0 1 0 0 0 0
 77 159193.000 123930.000 0 0 0.000 0.000 0.000 0.135 0 1 0 0 0 0
 78 121883.000 39465.000 0 0 0.000 0.000 0.000 0.131 0 1 0 0 0 0
 79 107021.000 35252.000 0 0 0.000 0.000 0.000 0.130 0 1 0 0 0 0
 80 111774.000 34996.000 0 0 0.000 0.000 0.000 0.145 0 1 0 0 0 0
 81 91186.000 33751.000 0 0 0.000 0.000 0.000 0.139 0 1 0 0 0 0
 82 88097.000 170823.000 0 0 0.000 0.000 0.000 0.133 0 1 0 0 0 0
 83 97277.000 173914.000 0 0 0.000 0.000 0.000 0.132 0 1 0 0 0 0
 84 46476.000 49202.000 0 0 0.000 0.000 0.000 0.131 0 1 0 0 0 0
 85 168862.000 129907.000 0 0 0.000 0.000 0.000 0.157 0 1 0 0 0 0;
ProcessEquipmentIDList 1
  "6639" ;
SummarySpec 5
  TESTNO    NDEFECT    DEFDENSITY    NDIE    NDEFDIE  ;
SummaryList 
  1    85    0.3108    1    1  ;
EndOfFile;
