FileVersion 1 2;
FileTimestamp 01-16-26 03:41:05;
InspectionStationID "KLA-Tencor" "SFSSP1" "0901-0728-TBI";
SampleType WAFER;
ResultTimestamp 01-16-26 03:35:08;
LotID "2580";
SampleSize 1 200;
DeviceID "None";
SetupID "T2-2580NR" 01-16-26 03:35:08;
StepID "6706P";
SampleOrientationMarkType NOTCH;
OrientationMarkLocation DOWN;
DiePitch 200000 200000;
DieOrigin 0 0;
WaferID "09";
Slot 9;
SampleCenterLocation 100000 100000;
ClassLookup 1
  0 "0"  ;
OrientationInstructions "Front";
CoordinatesMirrored No;
InspectionTest 1;
SampleTestPlan 1
  0 0 ;
AreaPerTest 2.73513e+010;
ClusterClassificationList 1
  1 200 ;
DefectRecordSpec 15 DEFECTID XREL YREL XINDEX YINDEX XSIZE YSIZE DEFECTAREA DSIZE CLASSNUMBER TEST CLUSTERNUMBER ROUGHBINNUMBER FINEBINNUMBER REVIEWSAMPLE ;
DefectList
 1 101039.000 96490.000 0 0 0.000 0.000 0.000 0.133 0 1 0 0 0 0
 2 95908.000 101899.000 0 0 0.000 0.000 0.000 0.135 0 1 0 0 0 0
 3 101339.000 104646.000 0 0 0.000 0.000 0.000 0.477 0 1 0 0 0 0
 4 104453.000 97644.000 0 0 0.000 0.000 0.000 0.134 0 1 0 0 0 0
 5 100403.000 93710.000 0 0 0.000 0.000 0.000 0.152 0 1 0 0 0 0
 6 105816.000 97501.000 0 0 0.000 0.000 0.000 0.153 0 1 0 0 0 0
 7 103236.000 94237.000 0 0 0.000 0.000 0.000 0.131 0 1 0 0 0 0
 8 98772.000 92972.000 0 0 0.000 0.000 0.000 0.140 0 1 0 0 0 0
 9 107584.000 99223.000 0 0 0.000 0.000 0.000 0.141 0 1 0 0 0 0
 10 98145.000 108772.000 0 0 0.000 0.000 0.000 0.135 0 1 0 0 0 0
 11 100734.000 90887.000 0 0 0.000 0.000 0.000 0.136 0 1 0 0 0 0
 12 104639.000 89158.000 0 0 0.000 0.000 0.000 0.141 0 1 0 0 0 0
 13 108631.000 109331.000 0 0 0.000 0.000 0.000 0.138 0 1 0 0 0 0
 14 87573.000 103707.000 0 0 0.000 0.000 0.000 0.143 0 1 0 0 0 0
 15 96033.000 87613.000 0 0 0.000 0.000 0.000 0.132 0 1 0 0 0 0
 16 108169.000 90040.000 0 0 0.000 0.000 0.000 0.133 0 1 0 0 0 0
 17 91104.000 89921.000 0 0 0.000 0.000 0.000 0.139 0 1 0 0 0 0
 18 95613.000 86105.000 0 0 0.000 0.000 0.000 0.157 0 1 0 0 0 0
 19 102063.000 116853.000 0 0 0.000 0.000 0.000 0.136 0 1 0 0 0 0
 20 117768.000 103764.000 0 0 0.000 0.000 0.000 0.143 0 1 0 0 0 0
 21 86722.000 86406.000 0 0 0.000 0.000 0.000 0.150 0 1 0 0 0 0
 22 115328.000 88160.000 0 0 0.000 0.000 0.000 0.169 0 1 0 0 0 0
 23 119601.000 98030.000 0 0 0.000 0.000 0.000 0.135 0 1 0 0 0 0
 24 116666.000 88909.000 0 0 0.000 0.000 0.000 0.134 0 1 0 0 0 0
 25 84211.000 87446.000 0 0 0.000 0.000 0.000 0.133 0 1 0 0 0 0
 26 115977.000 113456.000 0 0 0.000 0.000 0.000 0.146 0 1 0 0 0 0
 27 106363.000 120224.000 0 0 0.000 0.000 0.000 0.158 0 1 0 0 0 0
 28 103666.000 120894.000 0 0 0.000 0.000 0.000 0.145 0 1 0 0 0 0
 29 119741.000 107863.000 0 0 0.000 0.000 0.000 0.137 0 1 0 0 0 0
 30 85932.000 117798.000 0 0 0.000 0.000 0.000 0.139 0 1 0 0 0 0
 31 121160.000 92632.000 0 0 0.000 0.000 0.000 0.135 0 1 0 0 0 0
 32 82557.000 114690.000 0 0 0.000 0.000 0.000 0.131 0 1 0 0 0 0
 33 115157.000 83456.000 0 0 0.000 0.000 0.000 0.136 0 1 0 0 0 0
 34 121289.000 108965.000 0 0 0.000 0.000 0.000 0.146 0 1 0 0 0 0
 35 80946.000 113490.000 0 0 0.000 0.000 0.000 0.137 0 1 0 0 0 0
 36 81628.000 84586.000 0 0 0.000 0.000 0.000 0.135 0 1 0 0 0 0
 37 91687.000 123728.000 0 0 0.000 0.000 0.000 0.139 0 1 0 0 0 0
 38 96228.000 126333.000 0 0 0.000 0.000 0.000 0.130 0 1 0 0 0 0
 39 79448.000 83163.000 0 0 0.000 0.000 0.000 0.154 0 1 0 0 0 0
 40 125501.000 91669.000 0 0 0.000 0.000 0.000 0.150 0 1 0 0 0 0
 41 109049.000 125829.000 0 0 0.000 0.000 0.000 0.142 0 1 0 0 0 0
 42 118079.000 79870.000 0 0 0.000 0.000 0.000 0.133 0 1 0 0 0 0
 43 109430.000 126093.000 0 0 0.000 0.000 0.000 0.131 0 1 0 0 0 0
 44 109060.000 126982.000 0 0 0.000 0.000 0.000 0.148 0 1 0 0 0 0
 45 127439.000 92743.000 0 0 0.000 0.000 0.000 0.133 0 1 0 0 0 0
 46 93581.000 128112.000 0 0 0.000 0.000 0.000 0.136 0 1 0 0 0 0
 47 86232.000 74811.000 0 0 0.000 0.000 0.000 0.153 0 1 0 0 0 0
 48 109433.000 72640.000 0 0 0.000 0.000 0.000 0.132 0 1 0 0 0 0
 49 85976.000 74307.000 0 0 0.000 0.000 0.000 0.141 0 1 0 0 0 0
 50 77493.000 119497.000 0 0 0.000 0.000 0.000 0.136 0 1 0 0 0 0
 51 95717.000 129894.000 0 0 0.000 0.000 0.000 0.155 0 1 0 0 0 0
 52 76853.000 119392.000 0 0 0.000 0.000 0.000 0.140 0 1 0 0 0 0
 53 127593.000 112628.000 0 0 0.000 0.000 0.000 0.161 0 1 0 0 0 0
 54 116752.000 125754.000 0 0 0.000 0.000 0.000 0.154 0 1 0 0 0 0
 55 74328.000 117375.000 0 0 0.000 0.000 0.000 0.133 0 1 0 0 0 0
 56 95002.000 69118.000 0 0 0.000 0.000 0.000 0.149 0 1 0 0 0 0
 57 86867.000 128998.000 0 0 0.000 0.000 0.000 0.135 0 1 0 0 0 0
 58 83210.000 73253.000 0 0 0.000 0.000 0.000 0.134 0 1 0 0 0 0
 59 118260.000 73917.000 0 0 0.000 0.000 0.000 0.133 0 1 0 0 0 0
 60 81982.000 126842.000 0 0 0.000 0.000 0.000 0.138 0 1 0 0 0 0
 61 74067.000 81157.000 0 0 0.000 0.000 0.000 0.135 0 1 0 0 0 0
 62 128958.000 85494.000 0 0 0.000 0.000 0.000 0.139 0 1 0 0 0 0
 63 130189.000 87885.000 0 0 0.000 0.000 0.000 0.153 0 1 0 0 0 0
 64 130903.000 89109.000 0 0 0.000 0.000 0.000 0.144 0 1 0 0 0 0
 65 122568.000 124460.000 0 0 0.000 0.000 0.000 0.155 0 1 0 0 0 0
 66 125267.000 77279.000 0 0 0.000 0.000 0.000 0.133 0 1 0 0 0 0
 67 126537.000 78607.000 0 0 0.000 0.000 0.000 0.138 0 1 0 0 0 0
 68 79552.000 72543.000 0 0 0.000 0.000 0.000 0.136 0 1 0 0 0 0
 69 93171.000 66138.000 0 0 0.000 0.000 0.000 0.147 0 1 0 0 0 0
 70 134492.000 104325.000 0 0 0.000 0.000 0.000 0.148 0 1 0 0 0 0
 71 112963.000 132760.000 0 0 0.000 0.000 0.000 0.141 0 1 0 0 0 0
 72 88060.000 133154.000 0 0 0.000 0.000 0.000 0.132 0 1 0 0 0 0
 73 127583.000 78281.000 0 0 0.000 0.000 0.000 0.164 0 1 0 0 0 0
 74 135261.000 100475.000 0 0 0.000 0.000 0.000 0.135 0 1 0 0 0 0
 75 64466.000 102670.000 0 0 0.000 0.000 0.000 0.132 0 1 0 0 0 0
 76 86546.000 67150.000 0 0 0.000 0.000 0.000 0.156 0 1 0 0 0 0
 77 111876.000 134209.000 0 0 0.000 0.000 0.000 0.134 0 1 0 0 0 0
 78 135983.000 107358.000 0 0 0.000 0.000 0.000 0.136 0 1 0 0 0 0
 79 83239.000 133199.000 0 0 0.000 0.000 0.000 0.131 0 1 0 0 0 0
 80 132886.000 83602.000 0 0 0.000 0.000 0.000 0.141 0 1 0 0 0 0
 81 137290.000 101638.000 0 0 0.000 0.000 0.000 0.141 0 1 0 0 0 0
 82 119494.000 68168.000 0 0 0.000 0.000 0.000 0.138 0 1 0 0 0 0
 83 81373.000 67003.000 0 0 0.000 0.000 0.000 0.135 0 1 0 0 0 0
 84 85000.000 135518.000 0 0 0.000 0.000 0.000 0.133 0 1 0 0 0 0
 85 62552.000 108662.000 0 0 0.000 0.000 0.000 0.144 0 1 0 0 0 0
 86 111557.000 63785.000 0 0 0.000 0.000 0.000 0.134 0 1 0 0 0 0
 87 84630.000 64054.000 0 0 0.000 0.000 0.000 0.137 0 1 0 0 0 0
 88 128586.000 127372.000 0 0 0.000 0.000 0.000 0.139 0 1 0 0 0 0
 89 117573.000 64692.000 0 0 0.000 0.000 0.000 0.131 0 1 0 0 0 0
 90 137706.000 112766.000 0 0 0.000 0.000 0.000 0.138 0 1 0 0 0 0
 91 139660.000 103238.000 0 0 0.000 0.000 0.000 0.143 0 1 0 0 0 0
 92 71932.000 129026.000 0 0 0.000 0.000 0.000 0.152 0 1 0 0 0 0
 93 59735.000 99677.000 0 0 0.000 0.000 0.000 0.130 0 1 0 0 0 0
 94 136722.000 116682.000 0 0 0.000 0.000 0.000 0.132 0 1 0 0 0 0
 95 63955.000 118847.000 0 0 0.000 0.000 0.000 0.132 0 1 0 0 0 0
 96 140109.000 94253.000 0 0 0.000 0.000 0.000 0.145 0 1 0 0 0 0
 97 79582.000 64893.000 0 0 0.000 0.000 0.000 0.135 0 1 0 0 0 0
 98 104652.000 59555.000 0 0 0.000 0.000 0.000 0.134 0 1 0 0 0 0
 99 60797.000 112277.000 0 0 0.000 0.000 0.000 0.136 0 1 0 0 0 0
 100 95010.000 141043.000 0 0 0.000 0.000 0.000 0.131 0 1 0 0 0 0
 101 58776.000 98044.000 0 0 0.000 0.000 0.000 0.131 0 1 0 0 0 0
 102 113903.000 139243.000 0 0 0.000 0.000 0.000 0.143 0 1 0 0 0 0
 103 107083.000 59052.000 0 0 0.000 0.000 0.000 0.153 0 1 0 0 0 0
 104 111964.000 140811.000 0 0 0.000 0.000 0.000 0.154 0 1 0 0 0 0
 105 66442.000 127092.000 0 0 0.000 0.000 0.000 0.132 0 1 0 0 0 0
 106 74162.000 65998.000 0 0 0.000 0.000 0.000 0.130 0 1 0 0 0 0
 107 143032.000 101044.000 0 0 0.000 0.000 0.000 0.130 0 1 0 0 0 0
 108 93326.000 142860.000 0 0 0.000 0.000 0.000 0.131 0 1 0 0 0 0
 109 57139.000 105804.000 0 0 0.000 0.000 0.000 0.132 0 1 0 0 0 0
 110 73099.000 134357.000 0 0 0.000 0.000 0.000 0.136 0 1 0 0 0 0
 111 142589.000 108568.000 0 0 0.000 0.000 0.000 0.131 0 1 0 0 0 0
 112 130713.000 130825.000 0 0 0.000 0.000 0.000 0.131 0 1 0 0 0 0
 113 142768.000 108706.000 0 0 0.000 0.000 0.000 0.137 0 1 0 0 0 0
 114 129061.000 66970.000 0 0 0.000 0.000 0.000 0.134 0 1 0 0 0 0
 115 64127.000 73671.000 0 0 0.000 0.000 0.000 0.148 0 1 0 0 0 0
 116 126971.000 136640.000 0 0 0.000 0.000 0.000 0.136 0 1 0 0 0 0
 117 102549.000 145932.000 0 0 0.000 0.000 0.000 0.153 0 1 0 0 0 0
 118 75684.000 139607.000 0 0 0.000 0.000 0.000 0.139 0 1 0 0 0 0
 119 75952.000 60424.000 0 0 0.000 0.000 0.000 0.136 0 1 0 0 0 0
 120 55021.000 112835.000 0 0 0.000 0.000 0.000 0.145 0 1 0 0 0 0
 121 102962.000 53730.000 0 0 0.000 0.000 0.000 0.152 0 1 0 0 0 0
 122 141979.000 79162.000 0 0 0.000 0.000 0.000 0.132 0 1 0 0 0 0
 123 64834.000 68400.000 0 0 0.000 0.000 0.000 0.163 0 1 0 0 0 0
 124 113799.000 146238.000 0 0 0.000 0.000 0.000 0.132 0 1 0 0 0 0
 125 146895.000 87666.000 0 0 0.000 0.000 0.000 0.145 0 1 0 0 0 0
 126 143919.000 120850.000 0 0 0.000 0.000 0.000 0.133 0 1 0 0 0 0
 127 146567.000 85437.000 0 0 0.000 0.000 0.000 0.138 0 1 0 0 0 0
 128 145308.000 119420.000 0 0 0.000 0.000 0.000 0.130 0 1 0 0 0 0
 129 111062.000 148259.000 0 0 0.000 0.000 0.000 0.144 0 1 0 0 0 0
 130 106438.000 50464.000 0 0 0.000 0.000 0.000 0.146 0 1 0 0 0 0
 131 49559.000 97695.000 0 0 0.000 0.000 0.000 0.148 0 1 0 0 0 0
 132 78752.000 54433.000 0 0 0.000 0.000 0.000 0.133 0 1 0 0 0 0
 133 49592.000 108110.000 0 0 0.000 0.000 0.000 0.130 0 1 0 0 0 0
 134 65148.000 62807.000 0 0 0.000 0.000 0.000 0.134 0 1 0 0 0 0
 135 148736.000 116820.000 0 0 0.000 0.000 0.000 0.134 0 1 0 0 0 0
 136 57370.000 70680.000 0 0 0.000 0.000 0.000 0.148 0 1 0 0 0 0
 137 145159.000 73345.000 0 0 0.000 0.000 0.000 0.141 0 1 0 0 0 0
 138 54505.000 128471.000 0 0 0.000 0.000 0.000 0.144 0 1 0 0 0 0
 139 85152.000 48499.000 0 0 0.000 0.000 0.000 0.146 0 1 0 0 0 0
 140 140805.000 135578.000 0 0 0.000 0.000 0.000 0.141 0 1 0 0 0 0
 141 148626.000 76317.000 0 0 0.000 0.000 0.000 0.136 0 1 0 0 0 0
 142 45778.000 111090.000 0 0 0.000 0.000 0.000 0.137 0 1 0 0 0 0
 143 120089.000 151971.000 0 0 0.000 0.000 0.000 0.150 0 1 0 0 0 0
 144 154134.000 87780.000 0 0 0.000 0.000 0.000 0.160 0 1 0 0 0 0
 145 155098.000 85721.000 0 0 0.000 0.000 0.000 0.146 0 1 0 0 0 0
 146 44418.000 113956.000 0 0 0.000 0.000 0.000 0.135 0 1 0 0 0 0
 147 55283.000 136123.000 0 0 0.000 0.000 0.000 0.143 0 1 0 0 0 0
 148 82281.000 155283.000 0 0 0.000 0.000 0.000 0.137 0 1 0 0 0 0
 149 134588.000 146565.000 0 0 0.000 0.000 0.000 0.147 0 1 0 0 0 0
 150 147086.000 134883.000 0 0 0.000 0.000 0.000 0.130 0 1 0 0 0 0
 151 76953.000 154150.000 0 0 0.000 0.000 0.000 0.137 0 1 0 0 0 0
 152 41617.000 106095.000 0 0 0.000 0.000 0.000 0.130 0 1 0 0 0 0
 153 104451.000 158868.000 0 0 0.000 0.000 0.000 0.136 0 1 0 0 0 0
 154 52895.000 136215.000 0 0 0.000 0.000 0.000 0.153 0 1 0 0 0 0
 155 51751.000 135165.000 0 0 0.000 0.000 0.000 0.131 0 1 0 0 0 0
 156 66418.000 149542.000 0 0 0.000 0.000 0.000 0.135 0 1 0 0 0 0
 157 86335.000 42141.000 0 0 0.000 0.000 0.000 0.131 0 1 0 0 0 0
 158 45209.000 74694.000 0 0 0.000 0.000 0.000 0.152 0 1 0 0 0 0
 159 60069.000 146850.000 0 0 0.000 0.000 0.000 0.138 0 1 0 0 0 0
 160 38769.000 95511.000 0 0 0.000 0.000 0.000 0.146 0 1 0 0 0 0
 161 141863.000 55063.000 0 0 0.000 0.000 0.000 0.130 0 1 0 0 0 0
 162 161110.000 90320.000 0 0 0.000 0.000 0.000 0.133 0 1 0 0 0 0
 163 57438.000 54058.000 0 0 0.000 0.000 0.000 0.142 0 1 0 0 0 0
 164 151283.000 137789.000 0 0 0.000 0.000 0.000 0.131 0 1 0 0 0 0
 165 98359.000 36495.000 0 0 0.000 0.000 0.000 0.132 0 1 0 0 0 0
 166 129848.000 156882.000 0 0 0.000 0.000 0.000 0.138 0 1 0 0 0 0
 167 52598.000 143751.000 0 0 0.000 0.000 0.000 0.131 0 1 0 0 0 0
 168 158870.000 74335.000 0 0 0.000 0.000 0.000 0.144 0 1 0 0 0 0
 169 158497.000 72535.000 0 0 0.000 0.000 0.000 0.136 0 1 0 0 0 0
 170 85368.000 36645.000 0 0 0.000 0.000 0.000 0.141 0 1 0 0 0 0
 171 131629.000 42961.000 0 0 0.000 0.000 0.000 0.147 0 1 0 0 0 0
 172 34375.000 94402.000 0 0 0.000 0.000 0.000 0.151 0 1 0 0 0 0
 173 44822.000 138306.000 0 0 0.000 0.000 0.000 0.135 0 1 0 0 0 0
 174 141338.000 153533.000 0 0 0.000 0.000 0.000 0.135 0 1 0 0 0 0
 175 77574.000 164566.000 0 0 0.000 0.000 0.000 0.133 0 1 0 0 0 0
 176 111614.000 32831.000 0 0 0.000 0.000 0.000 0.135 0 1 0 0 0 0
 177 32677.000 85769.000 0 0 0.000 0.000 0.000 0.134 0 1 0 0 0 0
 178 169477.000 105443.000 0 0 0.000 0.000 0.000 0.138 0 1 0 0 0 0
 179 111783.000 31206.000 0 0 0.000 0.000 0.000 0.139 0 1 0 0 0 0
 180 158640.000 61721.000 0 0 0.000 0.000 0.000 0.132 0 1 0 0 0 0
 181 131551.000 37241.000 0 0 0.000 0.000 0.000 0.130 0 1 0 0 0 0
 182 168633.000 84437.000 0 0 0.000 0.000 0.000 0.134 0 1 0 0 0 0
 183 99756.000 29697.000 0 0 0.000 0.000 0.000 0.145 0 1 0 0 0 0
 184 127056.000 34570.000 0 0 0.000 0.000 0.000 0.132 0 1 0 0 0 0
 185 162549.000 64112.000 0 0 0.000 0.000 0.000 0.154 0 1 0 0 0 0
 186 71592.000 32805.000 0 0 0.000 0.000 0.000 0.136 0 1 0 0 0 0
 187 49280.000 47204.000 0 0 0.000 0.000 0.000 0.135 0 1 0 0 0 0
 188 64803.000 165193.000 0 0 0.000 0.000 0.000 0.139 0 1 0 0 0 0
 189 167909.000 129171.000 0 0 0.000 0.000 0.000 0.147 0 1 0 0 0 0
 190 38342.000 58714.000 0 0 0.000 0.000 0.000 0.132 0 1 0 0 0 0
 191 80731.000 27977.000 0 0 0.000 0.000 0.000 0.138 0 1 0 0 0 0
 192 165114.000 136890.000 0 0 0.000 0.000 0.000 0.136 0 1 0 0 0 0
 193 175543.000 104372.000 0 0 0.000 0.000 0.000 0.130 0 1 0 0 0 0
 194 27833.000 76011.000 0 0 0.000 0.000 0.000 0.133 0 1 0 0 0 0
 195 124320.000 172515.000 0 0 0.000 0.000 0.000 0.133 0 1 0 0 0 0
 196 137224.000 168295.000 0 0 0.000 0.000 0.000 200000.000 0 1 0 200 0 0
 197 23694.000 114644.000 0 0 0.000 0.000 0.000 0.131 0 1 0 0 0 0
 198 113035.000 177225.000 0 0 0.000 0.000 0.000 0.132 0 1 0 0 0 0
 199 138896.000 168628.000 0 0 0.000 0.000 0.000 0.159 0 1 0 0 0 0
 200 21328.000 112949.000 0 0 0.000 0.000 0.000 0.150 0 1 0 0 0 0
 201 56566.000 32427.000 0 0 0.000 0.000 0.000 0.140 0 1 0 0 0 0
 202 65562.000 173947.000 0 0 0.000 0.000 0.000 0.168 0 1 0 0 0 0
 203 83714.000 19122.000 0 0 0.000 0.000 0.000 0.137 0 1 0 0 0 0
 204 101925.000 17514.000 0 0 0.000 0.000 0.000 0.132 0 1 0 0 0 0
 205 82849.000 181482.000 0 0 0.000 0.000 0.000 0.137 0 1 0 0 0 0
 206 128244.000 180394.000 0 0 0.000 0.000 0.000 0.132 0 1 0 0 0 0
 207 111684.000 15068.000 0 0 0.000 0.000 0.000 0.447 0 1 0 0 0 0
 208 17283.000 72148.000 0 0 0.000 0.000 0.000 0.131 0 1 0 0 0 0
 209 13451.000 121259.000 0 0 0.000 0.000 0.000 0.134 0 1 0 0 0 0
 210 12036.000 126941.000 0 0 0.000 0.000 0.000 0.142 0 1 0 0 0 0
 211 10645.000 121782.000 0 0 54.000 34.000 1836.000 42.848 0 1 1 200 0 0
 212 10475.000 121872.000 0 0 54.000 34.000 1836.000 42.848 0 1 1 200 0 0
 213 9953.000 122154.000 0 0 54.000 34.000 1836.000 42.848 0 1 1 200 0 0
 214 11454.000 128075.000 0 0 0.000 0.000 0.000 0.146 0 1 0 0 0 0
 215 9681.000 122394.000 0 0 54.000 36.000 1944.000 44.090 0 1 1 200 0 0
 216 9575.000 122480.000 0 0 54.000 36.000 1944.000 44.090 0 1 1 200 0 0
 217 9248.000 122653.000 0 0 54.000 36.000 1944.000 44.090 0 1 1 200 0 0
 218 7797.000 117809.000 0 0 0.000 0.000 0.000 0.131 0 1 0 0 0 0
 219 8844.000 122351.000 0 0 42.855 174.780 7490.353 86.546 0 1 1 200 0 0
 220 8672.000 122369.000 0 0 55.758 227.651 12693.518 112.665 0 1 1 200 0 0
 221 8505.000 122402.000 0 0 54.767 223.682 12250.556 110.682 0 1 1 200 0 0
 222 8334.000 122412.000 0 0 35.454 145.008 5141.156 71.701 0 1 1 200 0 0;
ProcessEquipmentIDList 1
  "R420" ;
SummarySpec 5
  TESTNO    NDEFECT    DEFDENSITY    NDIE    NDEFDIE  ;
SummaryList 
  1    222    0.8117    1    1  ;
EndOfFile;
