FileVersion 1 2;
FileTimestamp 01-16-26 03:52:29;
InspectionStationID "KLA-Tencor" "SFSSP1" "0901-0728-TBI";
SampleType WAFER;
ResultTimestamp 01-16-26 03:50:49;
LotID "2580";
SampleSize 1 200;
DeviceID "None";
SetupID "T2-2580NR" 01-16-26 03:50:49;
StepID "6706P";
SampleOrientationMarkType NOTCH;
OrientationMarkLocation DOWN;
DiePitch 200000 200000;
DieOrigin 0 0;
WaferID "02";
Slot 2;
SampleCenterLocation 100000 100000;
ClassLookup 1
  0 "0"  ;
OrientationInstructions "Front";
CoordinatesMirrored No;
InspectionTest 1;
SampleTestPlan 1
  0 0 ;
AreaPerTest 2.73519e+010;
ClusterClassificationList 2
  1 210 
  2 200 ;
DefectRecordSpec 15 DEFECTID XREL YREL XINDEX YINDEX XSIZE YSIZE DEFECTAREA DSIZE CLASSNUMBER TEST CLUSTERNUMBER ROUGHBINNUMBER FINEBINNUMBER REVIEWSAMPLE ;
DefectList
 1 98456.000 102503.000 0 0 0.000 0.000 0.000 0.138 0 1 0 0 0 0
 2 105297.000 99143.000 0 0 0.000 0.000 0.000 0.134 0 1 0 0 0 0
 3 93327.000 92721.000 0 0 0.000 0.000 0.000 0.133 0 1 0 0 0 0
 4 110299.000 96077.000 0 0 0.000 0.000 0.000 0.142 0 1 0 0 0 0
 5 87896.000 103490.000 0 0 0.000 0.000 0.000 0.141 0 1 0 0 0 0
 6 92302.000 90143.000 0 0 0.000 0.000 0.000 0.133 0 1 0 0 0 0
 7 112499.000 95696.000 0 0 0.000 0.000 0.000 0.135 0 1 0 0 0 0
 8 112633.000 92316.000 0 0 0.000 0.000 0.000 0.140 0 1 0 0 0 0
 9 114280.000 95497.000 0 0 0.000 0.000 0.000 0.139 0 1 0 0 0 0
 10 88544.000 87697.000 0 0 0.000 0.000 0.000 0.156 0 1 0 0 0 0
 11 110756.000 87019.000 0 0 0.000 0.000 0.000 0.130 0 1 0 0 0 0
 12 105338.000 116764.000 0 0 0.000 0.000 0.000 0.153 0 1 0 0 0 0
 13 117142.000 103932.000 0 0 0.000 0.000 0.000 0.130 0 1 0 0 0 0
 14 83654.000 107609.000 0 0 0.000 0.000 0.000 0.139 0 1 0 0 0 0
 15 118011.000 100783.000 0 0 0.000 0.000 0.000 0.131 0 1 0 0 0 0
 16 96659.000 81858.000 0 0 0.000 0.000 0.000 0.135 0 1 0 0 0 0
 17 118109.000 95823.000 0 0 0.000 0.000 0.000 0.140 0 1 0 0 0 0
 18 89192.000 84445.000 0 0 0.000 0.000 0.000 0.141 0 1 0 0 0 0
 19 101993.000 81350.000 0 0 0.000 0.000 0.000 0.130 0 1 0 0 0 0
 20 80812.000 97373.000 0 0 0.000 0.000 0.000 0.131 0 1 0 0 0 0
 21 83085.000 90642.000 0 0 0.000 0.000 0.000 0.159 0 1 0 0 0 0
 22 99150.000 79998.000 0 0 0.000 0.000 0.000 0.131 0 1 0 0 0 0
 23 107604.000 119309.000 0 0 0.000 0.000 0.000 0.144 0 1 0 0 0 0
 24 113108.000 118476.000 0 0 0.000 0.000 0.000 0.147 0 1 0 0 0 0
 25 119521.000 111936.000 0 0 0.000 0.000 0.000 0.134 0 1 0 0 0 0
 26 109616.000 78974.000 0 0 0.000 0.000 0.000 0.144 0 1 0 0 0 0
 27 80225.000 87279.000 0 0 0.000 0.000 0.000 0.131 0 1 0 0 0 0
 28 90315.000 78185.000 0 0 0.000 0.000 0.000 0.134 0 1 0 0 0 0
 29 88305.000 121442.000 0 0 0.000 0.000 0.000 0.131 0 1 0 0 0 0
 30 119773.000 114660.000 0 0 0.000 0.000 0.000 0.139 0 1 0 0 0 0
 31 92665.000 76755.000 0 0 0.000 0.000 0.000 0.136 0 1 0 0 0 0
 32 125400.000 102876.000 0 0 0.000 0.000 0.000 0.147 0 1 0 0 0 0
 33 117610.000 119469.000 0 0 0.000 0.000 0.000 0.143 0 1 0 0 0 0
 34 123960.000 89696.000 0 0 0.000 0.000 0.000 0.138 0 1 0 0 0 0
 35 125040.000 107814.000 0 0 0.000 0.000 0.000 0.139 0 1 0 0 0 0
 36 73629.000 101481.000 0 0 0.000 0.000 0.000 0.144 0 1 0 0 0 0
 37 75988.000 88892.000 0 0 0.000 0.000 0.000 0.133 0 1 0 0 0 0
 38 79740.000 82496.000 0 0 0.000 0.000 0.000 0.133 0 1 0 0 0 0
 39 74011.000 107981.000 0 0 0.000 0.000 0.000 0.136 0 1 0 0 0 0
 40 82932.000 79239.000 0 0 0.000 0.000 0.000 0.143 0 1 0 0 0 0
 41 85207.000 77428.000 0 0 0.000 0.000 0.000 0.133 0 1 0 0 0 0
 42 74692.000 89808.000 0 0 0.000 0.000 0.000 0.130 0 1 0 0 0 0
 43 126511.000 107728.000 0 0 0.000 0.000 0.000 0.138 0 1 0 0 0 0
 44 82505.000 78619.000 0 0 0.000 0.000 0.000 0.135 0 1 0 0 0 0
 45 122747.000 116009.000 0 0 0.000 0.000 0.000 0.145 0 1 0 0 0 0
 46 72041.000 97478.000 0 0 0.000 0.000 0.000 0.148 0 1 0 0 0 0
 47 77447.000 82373.000 0 0 0.000 0.000 0.000 0.137 0 1 0 0 0 0
 48 126349.000 88779.000 0 0 0.000 0.000 0.000 0.136 0 1 0 0 0 0
 49 126145.000 112955.000 0 0 0.000 0.000 0.000 0.132 0 1 0 0 0 0
 50 74630.000 115077.000 0 0 0.000 0.000 0.000 0.135 0 1 0 0 0 0
 51 130143.000 98899.000 0 0 0.000 0.000 0.000 0.136 0 1 0 0 0 0
 52 72366.000 86168.000 0 0 0.000 0.000 0.000 0.136 0 1 0 0 0 0
 53 68845.000 94449.000 0 0 0.000 0.000 0.000 0.144 0 1 0 0 0 0
 54 127416.000 83993.000 0 0 0.000 0.000 0.000 0.134 0 1 0 0 0 0
 55 80743.000 127222.000 0 0 0.000 0.000 0.000 0.142 0 1 0 0 0 0
 56 123977.000 123461.000 0 0 0.000 0.000 0.000 0.130 0 1 0 0 0 0
 57 95176.000 133461.000 0 0 0.000 0.000 0.000 0.138 0 1 0 0 0 0
 58 129699.000 84361.000 0 0 0.000 0.000 0.000 0.142 0 1 0 0 0 0
 59 69290.000 115670.000 0 0 0.000 0.000 0.000 0.140 0 1 0 0 0 0
 60 83012.000 70157.000 0 0 0.000 0.000 0.000 0.142 0 1 0 0 0 0
 61 110888.000 133195.000 0 0 0.000 0.000 0.000 0.138 0 1 0 0 0 0
 62 134879.000 105066.000 0 0 0.000 0.000 0.000 0.134 0 1 0 0 0 0
 63 68400.000 83733.000 0 0 0.000 0.000 0.000 0.140 0 1 0 0 0 0
 64 115071.000 133448.000 0 0 0.000 0.000 0.000 0.146 0 1 0 0 0 0
 65 96863.000 63395.000 0 0 0.000 0.000 0.000 0.135 0 1 0 0 0 0
 66 128116.000 76421.000 0 0 0.000 0.000 0.000 0.131 0 1 0 0 0 0
 67 86814.000 136143.000 0 0 0.000 0.000 0.000 0.152 0 1 0 0 0 0
 68 124878.000 71205.000 0 0 0.000 0.000 0.000 0.143 0 1 0 0 0 0
 69 73883.000 128617.000 0 0 0.000 0.000 0.000 0.141 0 1 0 0 0 0
 70 88637.000 63239.000 0 0 0.000 0.000 0.000 0.153 0 1 0 0 0 0
 71 95069.000 138946.000 0 0 0.000 0.000 0.000 0.130 0 1 0 0 0 0
 72 133414.000 122228.000 0 0 0.000 0.000 0.000 0.155 0 1 0 0 0 0
 73 110517.000 139765.000 0 0 0.000 0.000 0.000 0.131 0 1 0 0 0 0
 74 134370.000 123667.000 0 0 0.000 0.000 0.000 0.131 0 1 0 0 0 0
 75 76530.000 134977.000 0 0 0.000 0.000 0.000 0.151 0 1 0 0 0 0
 76 72050.000 131543.000 0 0 0.000 0.000 0.000 0.134 0 1 0 0 0 0
 77 128891.000 69861.000 0 0 0.000 0.000 0.000 0.140 0 1 0 0 0 0
 78 100370.000 58134.000 0 0 0.000 0.000 0.000 0.145 0 1 0 0 0 0
 79 134258.000 124904.000 0 0 0.000 0.000 0.000 0.140 0 1 0 0 0 0
 80 67748.000 127464.000 0 0 0.000 0.000 0.000 0.159 0 1 0 0 0 0
 81 58983.000 89344.000 0 0 0.000 0.000 0.000 0.132 0 1 0 0 0 0
 82 111728.000 141762.000 0 0 0.000 0.000 0.000 0.136 0 1 0 0 0 0
 83 72422.000 134043.000 0 0 0.000 0.000 0.000 0.132 0 1 0 0 0 0
 84 106245.000 57085.000 0 0 0.000 0.000 0.000 0.133 0 1 0 0 0 0
 85 73466.000 64809.000 0 0 0.000 0.000 0.000 0.145 0 1 0 0 0 0
 86 113357.000 58095.000 0 0 0.000 0.000 0.000 0.132 0 1 0 0 0 0
 87 76513.000 60955.000 0 0 0.000 0.000 0.000 0.143 0 1 0 0 0 0
 88 119180.000 141980.000 0 0 0.000 0.000 0.000 0.134 0 1 0 0 0 0
 89 146062.000 108409.000 0 0 0.000 0.000 0.000 0.135 0 1 0 0 0 0
 90 110921.000 146985.000 0 0 0.000 0.000 0.000 0.139 0 1 0 0 0 0
 91 52195.000 105326.000 0 0 0.000 0.000 0.000 0.137 0 1 0 0 0 0
 92 144914.000 83104.000 0 0 0.000 0.000 0.000 0.138 0 1 0 0 0 0
 93 52265.000 107277.000 0 0 0.000 0.000 0.000 0.140 0 1 0 0 0 0
 94 147640.000 88860.000 0 0 0.000 0.000 0.000 0.157 0 1 0 0 0 0
 95 147641.000 112661.000 0 0 0.000 0.000 0.000 0.142 0 1 0 0 0 0
 96 140076.000 129268.000 0 0 0.000 0.000 0.000 0.131 0 1 0 0 0 0
 97 72818.000 143021.000 0 0 0.000 0.000 0.000 0.141 0 1 0 0 0 0
 98 62217.000 134749.000 0 0 0.000 0.000 0.000 0.135 0 1 0 0 0 0
 99 142825.000 128702.000 0 0 0.000 0.000 0.000 0.156 0 1 0 0 0 0
 100 48273.000 101098.000 0 0 0.000 0.000 0.000 0.143 0 1 0 0 0 0
 101 138925.000 65679.000 0 0 0.000 0.000 0.000 0.138 0 1 0 0 0 0
 102 141703.000 66730.000 0 0 0.000 0.000 0.000 0.130 0 1 0 0 0 0
 103 120554.000 49914.000 0 0 0.000 0.000 0.000 0.131 0 1 0 0 0 0
 104 137563.000 60691.000 0 0 0.000 0.000 0.000 0.141 0 1 0 0 0 0
 105 139288.000 138479.000 0 0 0.000 0.000 0.000 0.273 0 1 0 0 0 0
 106 118221.000 48297.000 0 0 0.000 0.000 0.000 0.130 0 1 0 0 0 0
 107 44955.000 104582.000 0 0 0.000 0.000 0.000 0.131 0 1 0 0 0 0
 108 151506.000 79946.000 0 0 0.000 0.000 0.000 0.131 0 1 0 0 0 0
 109 128618.000 148381.000 0 0 0.000 0.000 0.000 0.130 0 1 0 0 0 0
 110 69714.000 52768.000 0 0 0.000 0.000 0.000 0.132 0 1 0 0 0 0
 111 45099.000 86878.000 0 0 0.000 0.000 0.000 0.143 0 1 0 0 0 0
 112 103717.000 42845.000 0 0 0.000 0.000 0.000 0.142 0 1 0 0 0 0
 113 47475.000 125077.000 0 0 0.000 0.000 0.000 0.132 0 1 0 0 0 0
 114 111505.000 157824.000 0 0 0.000 0.000 0.000 0.132 0 1 0 0 0 0
 115 57420.000 57924.000 0 0 0.000 0.000 0.000 0.132 0 1 0 0 0 0
 116 100682.000 160510.000 0 0 0.000 0.000 0.000 0.134 0 1 0 0 0 0
 117 152528.000 70405.000 0 0 0.000 0.000 0.000 0.135 0 1 0 0 0 0
 118 51146.000 64598.000 0 0 0.000 0.000 0.000 0.131 0 1 0 0 0 0
 119 119184.000 158014.000 0 0 0.000 0.000 0.000 0.141 0 1 0 0 0 0
 120 118275.000 158383.000 0 0 0.000 0.000 0.000 0.136 0 1 0 0 0 0
 121 46641.000 68874.000 0 0 0.000 0.000 0.000 0.145 0 1 0 0 0 0
 122 97096.000 162419.000 0 0 0.000 0.000 0.000 0.135 0 1 0 0 0 0
 123 47921.000 134649.000 0 0 0.000 0.000 0.000 0.130 0 1 0 0 0 0
 124 163106.000 101390.000 0 0 0.000 0.000 0.000 0.144 0 1 0 0 0 0
 125 90289.000 163118.000 0 0 0.000 0.000 0.000 0.133 0 1 0 0 0 0
 126 145856.000 145880.000 0 0 0.000 0.000 0.000 0.140 0 1 0 0 0 0
 127 151929.000 56990.000 0 0 0.000 0.000 0.000 0.132 0 1 0 0 0 0
 128 38915.000 129972.000 0 0 0.000 0.000 0.000 0.136 0 1 0 0 0 0
 129 45897.000 142532.000 0 0 0.000 0.000 0.000 0.137 0 1 0 0 0 0
 130 164136.000 125687.000 0 0 0.000 0.000 0.000 0.133 0 1 0 0 0 0
 131 67834.000 37655.000 0 0 0.000 0.000 0.000 0.143 0 1 0 0 0 0
 132 162067.000 66797.000 0 0 0.000 0.000 0.000 0.131 0 1 0 0 0 0
 133 38173.000 135089.000 0 0 0.000 0.000 0.000 0.131 0 1 0 0 0 0
 134 85611.000 26782.000 0 0 0.000 0.000 0.000 0.137 0 1 0 0 0 0
 135 33758.000 55386.000 0 0 0.000 0.000 0.000 0.132 0 1 0 0 0 0
 136 33540.000 55387.000 0 0 0.000 0.000 0.000 0.143 0 1 0 0 0 0
 137 33452.000 55799.000 0 0 0.000 0.000 0.000 0.273 0 1 0 0 0 0
 138 33053.000 55561.000 0 0 0.000 0.000 0.000 0.257 0 1 0 0 0 0
 139 32321.000 55029.000 0 0 0.000 0.000 0.000 0.132 0 1 0 0 0 0
 140 31293.000 55081.000 0 0 54.000 48.000 2592.000 50.911 0 1 1 210 0 0
 141 31187.000 54766.000 0 0 54.000 48.000 2592.000 50.911 0 1 1 210 0 0
 142 31247.000 54716.000 0 0 54.000 48.000 2592.000 50.911 0 1 1 210 0 0
 143 30785.000 54875.000 0 0 54.000 48.000 2592.000 50.911 0 1 1 210 0 0
 144 29995.000 54901.000 0 0 56.000 48.000 2688.000 51.845 0 1 1 210 0 0
 145 31072.000 55045.000 0 0 54.000 48.000 2592.000 50.911 0 1 1 210 0 0
 146 30089.000 54811.000 0 0 54.000 48.000 2592.000 50.911 0 1 1 210 0 0
 147 29861.000 54500.000 0 0 54.000 48.000 2592.000 50.911 0 1 1 210 0 0
 148 29713.000 54494.000 0 0 54.000 48.000 2592.000 50.911 0 1 1 210 0 0
 149 29264.000 54736.000 0 0 56.000 48.000 2688.000 51.845 0 1 1 210 0 0
 150 29212.000 54462.000 0 0 56.000 48.000 2688.000 51.845 0 1 1 210 0 0
 151 28937.000 54414.000 0 0 56.000 48.000 2688.000 51.845 0 1 1 210 0 0
 152 28616.000 54589.000 0 0 56.000 48.000 2688.000 51.845 0 1 1 210 0 0
 153 28438.000 54558.000 0 0 56.000 48.000 2688.000 51.845 0 1 1 210 0 0
 154 28504.000 54343.000 0 0 56.000 48.000 2688.000 51.845 0 1 1 210 0 0
 155 27780.000 54835.000 0 0 56.000 48.000 2688.000 51.845 0 1 1 210 0 0
 156 28066.000 54383.000 0 0 56.000 48.000 2688.000 51.845 0 1 1 210 0 0
 157 28269.000 54319.000 0 0 56.000 48.000 2688.000 51.845 0 1 1 210 0 0
 158 29265.000 54737.000 0 0 56.000 48.000 2688.000 51.845 0 1 1 210 0 0
 159 27493.000 54839.000 0 0 56.000 48.000 2688.000 51.845 0 1 1 210 0 0
 160 27702.000 54486.000 0 0 56.000 48.000 2688.000 51.845 0 1 1 210 0 0
 161 27342.000 54812.000 0 0 56.000 48.000 2688.000 51.845 0 1 1 210 0 0
 162 27571.000 54369.000 0 0 56.000 48.000 2688.000 51.845 0 1 1 210 0 0
 163 27637.000 54197.000 0 0 56.000 48.000 2688.000 51.845 0 1 1 210 0 0
 164 26827.000 54757.000 0 0 56.000 48.000 2688.000 51.845 0 1 1 210 0 0
 165 26990.000 54465.000 0 0 56.000 48.000 2688.000 51.845 0 1 1 210 0 0
 166 26474.000 54698.000 0 0 56.000 48.000 2688.000 51.845 0 1 1 210 0 0
 167 109101.000 186147.000 0 0 0.000 0.000 0.000 200000.000 0 1 0 200 0 0
 168 26812.000 54103.000 0 0 56.000 48.000 2688.000 51.845 0 1 1 210 0 0
 169 26836.000 54904.000 0 0 56.000 48.000 2688.000 51.845 0 1 1 210 0 0
 170 25848.000 54723.000 0 0 56.000 48.000 2688.000 51.845 0 1 1 210 0 0
 171 24502.000 54645.000 0 0 56.000 46.000 2576.000 50.754 0 1 1 210 0 0
 172 24908.000 54516.000 0 0 56.000 46.000 2576.000 50.754 0 1 1 210 0 0
 173 24078.000 54908.000 0 0 56.000 46.000 2576.000 50.754 0 1 1 210 0 0
 174 24872.000 54692.000 0 0 56.000 46.000 2576.000 50.754 0 1 1 210 0 0
 175 23302.000 54644.000 0 0 56.000 46.000 2576.000 50.754 0 1 1 210 0 0
 176 22916.000 54893.000 0 0 56.000 46.000 2576.000 50.754 0 1 1 210 0 0
 177 24407.000 52333.000 0 0 0.000 0.000 0.000 0.135 0 1 0 0 0 0
 178 22724.000 54940.000 0 0 56.000 46.000 2576.000 50.754 0 1 1 210 0 0
 179 24263.000 52338.000 0 0 0.000 0.000 0.000 0.138 0 1 0 0 0 0
 180 23928.000 52350.000 0 0 0.000 0.000 0.000 0.200 0 1 0 0 0 0
 181 22495.000 54695.000 0 0 56.000 46.000 2576.000 50.754 0 1 1 210 0 0
 182 21655.000 54785.000 0 0 54.000 46.000 2484.000 49.839 0 1 1 210 0 0
 183 22236.000 54728.000 0 0 56.000 46.000 2576.000 50.754 0 1 1 210 0 0
 184 22833.000 54870.000 0 0 56.000 46.000 2576.000 50.754 0 1 1 210 0 0
 185 21775.000 54770.000 0 0 56.000 46.000 2576.000 50.754 0 1 1 210 0 0
 186 21481.000 54810.000 0 0 54.000 46.000 2484.000 49.839 0 1 1 210 0 0
 187 21177.000 54840.000 0 0 54.000 46.000 2484.000 49.839 0 1 1 210 0 0
 188 21057.000 54866.000 0 0 54.000 46.000 2484.000 49.839 0 1 1 210 0 0
 189 22521.000 52182.000 0 0 0.000 0.000 0.000 0.154 0 1 0 0 0 0
 190 22172.000 52269.000 0 0 0.000 0.000 0.000 200000.000 0 1 0 200 0 0
 191 20393.000 55006.000 0 0 54.000 46.000 2484.000 49.839 0 1 1 210 0 0
 192 21625.000 52087.000 0 0 0.000 0.000 0.000 0.149 0 1 0 0 0 0
 193 18765.000 55481.000 0 0 0.000 0.000 0.000 0.133 0 1 0 0 0 0
 194 20650.000 52353.000 0 0 0.000 0.000 0.000 0.316 0 1 0 0 0 0
 195 188571.000 127367.000 0 0 0.000 0.000 0.000 0.142 0 1 0 0 0 0
 196 182570.000 143352.000 0 0 0.000 0.000 0.000 200000.000 0 1 0 200 0 0
 197 17895.000 55671.000 0 0 55.000 44.000 2420.000 49.193 0 1 2 200 0 0
 198 17784.000 55759.000 0 0 56.000 44.000 2464.000 49.638 0 1 2 200 0 0
 199 17198.000 56295.000 0 0 56.000 44.000 2464.000 49.638 0 1 2 200 0 0
 200 17432.000 56206.000 0 0 56.000 44.000 2464.000 49.638 0 1 2 200 0 0
 201 17352.000 55918.000 0 0 56.000 44.000 2464.000 49.638 0 1 2 200 0 0
 202 19109.000 52568.000 0 0 0.000 0.000 0.000 0.315 0 1 0 0 0 0
 203 16902.000 56076.000 0 0 56.000 44.000 2464.000 49.638 0 1 2 200 0 0
 204 183241.000 143804.000 0 0 0.000 0.000 0.000 200000.000 0 1 0 200 0 0
 205 183389.000 144069.000 0 0 0.000 0.000 0.000 200000.000 0 1 0 200 0 0
 206 16616.000 56165.000 0 0 56.000 44.000 2464.000 49.638 0 1 2 200 0 0
 207 183593.000 144362.000 0 0 0.000 0.000 0.000 0.305 0 1 0 0 0 0
 208 17842.000 52886.000 0 0 0.000 0.000 0.000 200000.000 0 1 0 200 0 0
 209 25996.000 54970.000 0 0 12.947 21.278 275.512 16.598 0 1 1 210 0 0
 210 25816.000 54937.000 0 0 86.402 142.239 12289.783 110.859 0 1 1 210 0 0
 211 25662.000 54865.000 0 0 106.017 174.614 18512.245 136.059 0 1 1 210 0 0
 212 25387.000 54990.000 0 0 30.209 50.076 1512.775 38.894 0 1 1 210 0 0
 213 25483.000 54833.000 0 0 129.915 214.333 27845.333 166.869 0 1 1 210 0 0
 214 25255.000 54881.000 0 0 105.981 175.569 18607.141 136.407 0 1 1 210 0 0
 215 25345.000 54730.000 0 0 28.213 46.527 1312.703 36.231 0 1 1 210 0 0
 216 25087.000 54830.000 0 0 67.125 111.326 7472.866 86.445 0 1 1 210 0 0
 217 25136.000 54748.000 0 0 17.348 28.701 497.927 22.314 0 1 1 210 0 0
 218 25154.000 54719.000 0 0 8.679 14.347 124.532 11.159 0 1 1 210 0 0
 219 24919.000 54778.000 0 0 17.337 28.784 499.045 22.339 0 1 1 210 0 0
 220 24950.000 54728.000 0 0 30.384 50.370 1530.462 39.121 0 1 1 210 0 0
 221 24971.000 54693.000 0 0 8.684 14.382 124.910 11.176 0 1 1 210 0 0;
ProcessEquipmentIDList 1
  "R420" ;
SummarySpec 5
  TESTNO    NDEFECT    DEFDENSITY    NDIE    NDEFDIE  ;
SummaryList 
  1    221    0.808    1    1  ;
EndOfFile;
