FileVersion 1 2;
FileTimestamp 01-16-26 22:24:38;
InspectionStationID "KLA-Tencor" "SFSSP1" "0901-0728-TBI";
SampleType WAFER;
ResultTimestamp 01-16-26 22:10:36;
LotID "2580";
SampleSize 1 200;
DeviceID "None";
SetupID "T2-2580NR" 01-16-26 22:10:36;
StepID "6703";
SampleOrientationMarkType NOTCH;
OrientationMarkLocation DOWN;
DiePitch 200000 200000;
DieOrigin 0 0;
WaferID "24";
Slot 24;
SampleCenterLocation 100000 100000;
ClassLookup 1
  0 "0"  ;
OrientationInstructions "Front";
CoordinatesMirrored No;
InspectionTest 1;
SampleTestPlan 1
  0 0 ;
AreaPerTest 2.73538e+010;
ClusterClassificationList 1
  1 210 ;
DefectRecordSpec 15 DEFECTID XREL YREL XINDEX YINDEX XSIZE YSIZE DEFECTAREA DSIZE CLASSNUMBER TEST CLUSTERNUMBER ROUGHBINNUMBER FINEBINNUMBER REVIEWSAMPLE ;
DefectList
 1 103223.000 96986.000 0 0 0.000 0.000 0.000 0.166 0 1 0 0 0 0
 2 106008.000 98149.000 0 0 0.000 0.000 0.000 0.133 0 1 0 0 0 0
 3 102372.000 93570.000 0 0 0.000 0.000 0.000 0.131 0 1 0 0 0 0
 4 96080.000 92938.000 0 0 0.000 0.000 0.000 0.130 0 1 0 0 0 0
 5 93555.000 94066.000 0 0 0.000 0.000 0.000 0.460 0 1 0 0 0 0
 6 109051.000 99452.000 0 0 0.000 0.000 0.000 0.141 0 1 0 0 0 0
 7 91240.000 103901.000 0 0 0.000 0.000 0.000 0.139 0 1 0 0 0 0
 8 107998.000 106896.000 0 0 0.000 0.000 0.000 0.147 0 1 0 0 0 0
 9 103428.000 89573.000 0 0 0.000 0.000 0.000 0.130 0 1 0 0 0 0
 10 91218.000 108529.000 0 0 0.000 0.000 0.000 0.161 0 1 0 0 0 0
 11 106582.000 87847.000 0 0 0.000 0.000 0.000 0.141 0 1 0 0 0 0
 12 93159.000 113808.000 0 0 0.000 0.000 0.000 0.131 0 1 0 0 0 0
 13 85623.000 105633.000 0 0 0.000 0.000 0.000 0.130 0 1 0 0 0 0
 14 92622.000 86264.000 0 0 0.000 0.000 0.000 0.130 0 1 0 0 0 0
 15 112563.000 110128.000 0 0 0.000 0.000 0.000 0.140 0 1 0 0 0 0
 16 117427.000 99540.000 0 0 0.000 0.000 0.000 0.150 0 1 0 0 0 0
 17 116917.000 106288.000 0 0 0.000 0.000 0.000 0.136 0 1 0 0 0 0
 18 118042.000 99193.000 0 0 0.000 0.000 0.000 0.132 0 1 0 0 0 0
 19 102558.000 118449.000 0 0 0.000 0.000 0.000 0.133 0 1 0 0 0 0
 20 114012.000 87801.000 0 0 0.000 0.000 0.000 0.131 0 1 0 0 0 0
 21 95527.000 81647.000 0 0 0.000 0.000 0.000 0.143 0 1 0 0 0 0
 22 117240.000 110656.000 0 0 0.000 0.000 0.000 0.150 0 1 0 0 0 0
 23 117214.000 111415.000 0 0 0.000 0.000 0.000 0.135 0 1 0 0 0 0
 24 79549.000 99023.000 0 0 0.000 0.000 0.000 0.143 0 1 0 0 0 0
 25 82819.000 111812.000 0 0 0.000 0.000 0.000 0.134 0 1 0 0 0 0
 26 119679.000 93383.000 0 0 0.000 0.000 0.000 0.137 0 1 0 0 0 0
 27 119137.000 108361.000 0 0 0.000 0.000 0.000 0.136 0 1 0 0 0 0
 28 79775.000 108487.000 0 0 0.000 0.000 0.000 0.131 0 1 0 0 0 0
 29 121236.000 107938.000 0 0 0.000 0.000 0.000 0.135 0 1 0 0 0 0
 30 116178.000 83334.000 0 0 0.000 0.000 0.000 0.138 0 1 0 0 0 0
 31 75799.000 101805.000 0 0 0.000 0.000 0.000 0.137 0 1 0 0 0 0
 32 123586.000 94670.000 0 0 0.000 0.000 0.000 0.160 0 1 0 0 0 0
 33 75414.000 100448.000 0 0 0.000 0.000 0.000 0.135 0 1 0 0 0 0
 34 87742.000 121659.000 0 0 0.000 0.000 0.000 0.134 0 1 0 0 0 0
 35 88304.000 78306.000 0 0 0.000 0.000 0.000 0.134 0 1 0 0 0 0
 36 95514.000 124894.000 0 0 0.000 0.000 0.000 0.152 0 1 0 0 0 0
 37 86679.000 78883.000 0 0 0.000 0.000 0.000 0.149 0 1 0 0 0 0
 38 121761.000 113181.000 0 0 0.000 0.000 0.000 0.133 0 1 0 0 0 0
 39 89870.000 123757.000 0 0 0.000 0.000 0.000 0.142 0 1 0 0 0 0
 40 92697.000 75446.000 0 0 0.000 0.000 0.000 0.134 0 1 0 0 0 0
 41 85378.000 121830.000 0 0 0.000 0.000 0.000 0.133 0 1 0 0 0 0
 42 115133.000 78761.000 0 0 0.000 0.000 0.000 0.138 0 1 0 0 0 0
 43 74564.000 106721.000 0 0 0.000 0.000 0.000 0.140 0 1 0 0 0 0
 44 74220.000 94439.000 0 0 0.000 0.000 0.000 0.138 0 1 0 0 0 0
 45 124553.000 110377.000 0 0 0.000 0.000 0.000 0.131 0 1 0 0 0 0
 46 73845.000 105328.000 0 0 0.000 0.000 0.000 0.139 0 1 0 0 0 0
 47 99405.000 127286.000 0 0 0.000 0.000 0.000 0.132 0 1 0 0 0 0
 48 88757.000 74996.000 0 0 42.000 54.000 2268.000 47.623 0 1 1 210 0 0
 49 88822.000 75051.000 0 0 42.000 54.000 2268.000 47.623 0 1 1 210 0 0
 50 127291.000 107022.000 0 0 0.000 0.000 0.000 0.145 0 1 0 0 0 0
 51 88420.000 74673.000 0 0 42.000 54.000 2268.000 47.623 0 1 1 210 0 0
 52 88267.000 74544.000 0 0 42.000 56.000 2352.000 48.497 0 1 1 210 0 0
 53 87987.000 74307.000 0 0 42.000 56.000 2352.000 48.497 0 1 1 210 0 0
 54 87897.000 74228.000 0 0 42.000 56.000 2352.000 48.497 0 1 1 210 0 0
 55 109464.000 127864.000 0 0 0.000 0.000 0.000 0.133 0 1 0 0 0 0
 56 74703.000 115189.000 0 0 0.000 0.000 0.000 0.136 0 1 0 0 0 0
 57 87344.000 73745.000 0 0 42.000 56.000 2352.000 48.497 0 1 1 210 0 0
 58 87116.000 73538.000 0 0 42.000 56.000 2352.000 48.497 0 1 1 210 0 0
 59 76253.000 82230.000 0 0 0.000 0.000 0.000 0.140 0 1 0 0 0 0
 60 104669.000 129813.000 0 0 0.000 0.000 0.000 0.130 0 1 0 0 0 0
 61 86789.000 73256.000 0 0 44.000 56.000 2464.000 49.638 0 1 1 210 0 0
 62 130098.000 102187.000 0 0 0.000 0.000 0.000 0.143 0 1 0 0 0 0
 63 86664.000 73143.000 0 0 44.000 56.000 2464.000 49.638 0 1 1 210 0 0
 64 86517.000 73016.000 0 0 44.000 56.000 2464.000 49.638 0 1 1 210 0 0
 65 86424.000 72944.000 0 0 44.000 56.000 2464.000 49.638 0 1 1 210 0 0
 66 86178.000 72707.000 0 0 44.000 56.000 2464.000 49.638 0 1 1 210 0 0
 67 80802.000 76148.000 0 0 0.000 0.000 0.000 0.145 0 1 0 0 0 0
 68 85816.000 72413.000 0 0 44.000 56.000 2464.000 49.638 0 1 1 210 0 0
 69 85917.000 72488.000 0 0 44.000 56.000 2464.000 49.638 0 1 1 210 0 0
 70 85689.000 72298.000 0 0 44.000 56.000 2464.000 49.638 0 1 1 210 0 0
 71 85578.000 72192.000 0 0 44.000 56.000 2464.000 49.638 0 1 1 210 0 0
 72 72303.000 84826.000 0 0 0.000 0.000 0.000 0.130 0 1 0 0 0 0
 73 130325.000 90534.000 0 0 0.000 0.000 0.000 0.132 0 1 0 0 0 0
 74 85268.000 71925.000 0 0 44.000 56.000 2464.000 49.638 0 1 1 210 0 0
 75 84397.000 72160.000 0 0 46.000 54.000 2484.000 49.839 0 1 1 210 0 0
 76 85001.000 71697.000 0 0 44.000 56.000 2464.000 49.638 0 1 1 210 0 0
 77 101849.000 67604.000 0 0 0.000 0.000 0.000 0.135 0 1 0 0 0 0
 78 99745.000 67581.000 0 0 0.000 0.000 0.000 0.130 0 1 0 0 0 0
 79 84500.000 71267.000 0 0 44.000 56.000 2464.000 49.638 0 1 1 210 0 0
 80 114485.000 130026.000 0 0 0.000 0.000 0.000 0.130 0 1 0 0 0 0
 81 96595.000 133473.000 0 0 0.000 0.000 0.000 0.141 0 1 0 0 0 0
 82 84731.000 130066.000 0 0 0.000 0.000 0.000 0.141 0 1 0 0 0 0
 83 78000.000 125494.000 0 0 0.000 0.000 0.000 0.133 0 1 0 0 0 0
 84 132231.000 90267.000 0 0 0.000 0.000 0.000 0.141 0 1 0 0 0 0
 85 107039.000 67200.000 0 0 0.000 0.000 0.000 0.133 0 1 0 0 0 0
 86 65702.000 98022.000 0 0 0.000 0.000 0.000 0.137 0 1 0 0 0 0
 87 92613.000 66677.000 0 0 0.000 0.000 0.000 0.131 0 1 0 0 0 0
 88 127927.000 80067.000 0 0 0.000 0.000 0.000 0.154 0 1 0 0 0 0
 89 71221.000 120005.000 0 0 0.000 0.000 0.000 0.163 0 1 0 0 0 0
 90 116766.000 69464.000 0 0 0.000 0.000 0.000 0.142 0 1 0 0 0 0
 91 74796.000 75646.000 0 0 0.000 0.000 0.000 0.132 0 1 0 0 0 0
 92 131375.000 83299.000 0 0 0.000 0.000 0.000 0.132 0 1 0 0 0 0
 93 70035.000 119709.000 0 0 0.000 0.000 0.000 0.143 0 1 0 0 0 0
 94 64076.000 101603.000 0 0 0.000 0.000 0.000 0.136 0 1 0 0 0 0
 95 117724.000 132568.000 0 0 0.000 0.000 0.000 0.149 0 1 0 0 0 0
 96 67916.000 81976.000 0 0 0.000 0.000 0.000 0.143 0 1 0 0 0 0
 97 84471.000 134167.000 0 0 0.000 0.000 0.000 0.137 0 1 0 0 0 0
 98 137351.000 107093.000 0 0 0.000 0.000 0.000 0.131 0 1 0 0 0 0
 99 122842.000 130645.000 0 0 0.000 0.000 0.000 0.146 0 1 0 0 0 0
 100 63354.000 111013.000 0 0 0.000 0.000 0.000 0.130 0 1 0 0 0 0
 101 138935.000 99117.000 0 0 0.000 0.000 0.000 0.132 0 1 0 0 0 0
 102 127698.000 127593.000 0 0 0.000 0.000 0.000 0.139 0 1 0 0 0 0
 103 66648.000 79615.000 0 0 0.000 0.000 0.000 0.136 0 1 0 0 0 0
 104 73186.000 71610.000 0 0 0.000 0.000 0.000 0.133 0 1 0 0 0 0
 105 112047.000 137701.000 0 0 0.000 0.000 0.000 0.130 0 1 0 0 0 0
 106 133382.000 122108.000 0 0 0.000 0.000 0.000 0.138 0 1 0 0 0 0
 107 132162.000 76527.000 0 0 0.000 0.000 0.000 0.135 0 1 0 0 0 0
 108 77440.000 133202.000 0 0 0.000 0.000 0.000 0.136 0 1 0 0 0 0
 109 140711.000 100544.000 0 0 0.000 0.000 0.000 0.154 0 1 0 0 0 0
 110 77966.000 65882.000 0 0 0.000 0.000 0.000 0.135 0 1 0 0 0 0
 111 103953.000 142314.000 0 0 0.000 0.000 0.000 0.144 0 1 0 0 0 0
 112 71762.000 68795.000 0 0 0.000 0.000 0.000 0.132 0 1 0 0 0 0
 113 141463.000 91585.000 0 0 0.000 0.000 0.000 0.130 0 1 0 0 0 0
 114 78115.000 63843.000 0 0 0.000 0.000 0.000 0.151 0 1 0 0 0 0
 115 90951.000 141876.000 0 0 0.000 0.000 0.000 0.139 0 1 0 0 0 0
 116 60651.000 116449.000 0 0 0.000 0.000 0.000 0.175 0 1 0 0 0 0
 117 116736.000 60590.000 0 0 0.000 0.000 0.000 0.139 0 1 0 0 0 0
 118 71629.000 132767.000 0 0 0.000 0.000 0.000 0.141 0 1 0 0 0 0
 119 136248.000 124195.000 0 0 0.000 0.000 0.000 0.130 0 1 0 0 0 0
 120 90085.000 57438.000 0 0 0.000 0.000 0.000 0.138 0 1 0 0 0 0
 121 120980.000 60437.000 0 0 0.000 0.000 0.000 0.144 0 1 0 0 0 0
 122 55484.000 107704.000 0 0 0.000 0.000 0.000 0.182 0 1 0 0 0 0
 123 54762.000 100495.000 0 0 0.000 0.000 0.000 0.139 0 1 0 0 0 0
 124 142656.000 116858.000 0 0 0.000 0.000 0.000 0.142 0 1 0 0 0 0
 125 54034.000 99522.000 0 0 0.000 0.000 0.000 0.140 0 1 0 0 0 0
 126 74486.000 61669.000 0 0 0.000 0.000 0.000 0.134 0 1 0 0 0 0
 127 124099.000 140006.000 0 0 0.000 0.000 0.000 0.131 0 1 0 0 0 0
 128 53513.000 90968.000 0 0 0.000 0.000 0.000 0.138 0 1 0 0 0 0
 129 59970.000 127674.000 0 0 0.000 0.000 0.000 0.136 0 1 0 0 0 0
 130 64664.000 134324.000 0 0 0.000 0.000 0.000 0.133 0 1 0 0 0 0
 131 128805.000 60438.000 0 0 0.000 0.000 0.000 0.130 0 1 0 0 0 0
 132 87145.000 52682.000 0 0 0.000 0.000 0.000 0.135 0 1 0 0 0 0
 133 75268.000 143106.000 0 0 0.000 0.000 0.000 0.133 0 1 0 0 0 0
 134 100492.000 50191.000 0 0 0.000 0.000 0.000 0.131 0 1 0 0 0 0
 135 111182.000 149187.000 0 0 0.000 0.000 0.000 0.130 0 1 0 0 0 0
 136 104003.000 151175.000 0 0 0.000 0.000 0.000 0.145 0 1 0 0 0 0
 137 113876.000 149810.000 0 0 0.000 0.000 0.000 0.137 0 1 0 0 0 0
 138 68286.000 59086.000 0 0 0.000 0.000 0.000 0.131 0 1 0 0 0 0
 139 125308.000 54571.000 0 0 0.000 0.000 0.000 0.139 0 1 0 0 0 0
 140 61027.000 135415.000 0 0 0.000 0.000 0.000 0.136 0 1 0 0 0 0
 141 69987.000 56527.000 0 0 0.000 0.000 0.000 0.131 0 1 0 0 0 0
 142 117299.000 50194.000 0 0 0.000 0.000 0.000 0.136 0 1 0 0 0 0
 143 77033.000 148058.000 0 0 0.000 0.000 0.000 0.135 0 1 0 0 0 0
 144 48837.000 81910.000 0 0 0.000 0.000 0.000 0.132 0 1 0 0 0 0
 145 154373.000 98248.000 0 0 0.000 0.000 0.000 0.133 0 1 0 0 0 0
 146 73725.000 148385.000 0 0 0.000 0.000 0.000 0.131 0 1 0 0 0 0
 147 95750.000 45167.000 0 0 0.000 0.000 0.000 0.133 0 1 0 0 0 0
 148 61530.000 140344.000 0 0 0.000 0.000 0.000 0.138 0 1 0 0 0 0
 149 115988.000 154145.000 0 0 0.000 0.000 0.000 0.132 0 1 0 0 0 0
 150 45800.000 85747.000 0 0 0.000 0.000 0.000 0.257 0 1 0 0 0 0
 151 58790.000 61612.000 0 0 0.000 0.000 0.000 0.134 0 1 0 0 0 0
 152 54338.000 133893.000 0 0 0.000 0.000 0.000 0.137 0 1 0 0 0 0
 153 88929.000 44360.000 0 0 0.000 0.000 0.000 0.140 0 1 0 0 0 0
 154 99324.000 43063.000 0 0 0.000 0.000 0.000 0.137 0 1 0 0 0 0
 155 64547.000 144982.000 0 0 0.000 0.000 0.000 0.131 0 1 0 0 0 0
 156 86449.000 155922.000 0 0 0.000 0.000 0.000 0.142 0 1 0 0 0 0
 157 132426.000 147928.000 0 0 0.000 0.000 0.000 0.135 0 1 0 0 0 0
 158 88348.000 156945.000 0 0 0.000 0.000 0.000 0.150 0 1 0 0 0 0
 159 77225.000 47006.000 0 0 0.000 0.000 0.000 0.134 0 1 0 0 0 0
 160 85107.000 156834.000 0 0 0.000 0.000 0.000 0.135 0 1 0 0 0 0
 161 116736.000 156527.000 0 0 0.000 0.000 0.000 0.139 0 1 0 0 0 0
 162 67029.000 148854.000 0 0 0.000 0.000 0.000 0.130 0 1 0 0 0 0
 163 41566.000 90519.000 0 0 0.000 0.000 0.000 0.130 0 1 0 0 0 0
 164 50026.000 134205.000 0 0 0.000 0.000 0.000 0.132 0 1 0 0 0 0
 165 90982.000 160588.000 0 0 0.000 0.000 0.000 0.137 0 1 0 0 0 0
 166 108126.000 39756.000 0 0 0.000 0.000 0.000 0.130 0 1 0 0 0 0
 167 139770.000 53781.000 0 0 0.000 0.000 0.000 0.131 0 1 0 0 0 0
 168 42374.000 78198.000 0 0 0.000 0.000 0.000 0.133 0 1 0 0 0 0
 169 155225.000 129414.000 0 0 0.000 0.000 0.000 0.142 0 1 0 0 0 0
 170 91082.000 36877.000 0 0 0.000 0.000 0.000 200000.000 0 1 0 200 0 0
 171 67908.000 156058.000 0 0 0.000 0.000 0.000 0.143 0 1 0 0 0 0
 172 144286.000 53400.000 0 0 0.000 0.000 0.000 0.136 0 1 0 0 0 0
 173 104782.000 164669.000 0 0 0.000 0.000 0.000 0.137 0 1 0 0 0 0
 174 153873.000 136299.000 0 0 0.000 0.000 0.000 0.131 0 1 0 0 0 0
 175 101373.000 165195.000 0 0 0.000 0.000 0.000 0.139 0 1 0 0 0 0
 176 142084.000 150068.000 0 0 0.000 0.000 0.000 0.130 0 1 0 0 0 0
 177 136167.000 44241.000 0 0 0.000 0.000 0.000 0.133 0 1 0 0 0 0
 178 159208.000 69425.000 0 0 0.000 0.000 0.000 0.133 0 1 0 0 0 0
 179 96342.000 166907.000 0 0 0.000 0.000 0.000 0.131 0 1 0 0 0 0
 180 117888.000 35522.000 0 0 0.000 0.000 0.000 0.139 0 1 0 0 0 0
 181 159252.000 132283.000 0 0 0.000 0.000 0.000 0.132 0 1 0 0 0 0
 182 31853.000 112631.000 0 0 0.000 0.000 0.000 0.138 0 1 0 0 0 0
 183 158814.000 138052.000 0 0 0.000 0.000 0.000 0.130 0 1 0 0 0 0
 184 171831.000 107340.000 0 0 0.000 0.000 0.000 0.133 0 1 0 0 0 0
 185 97775.000 27705.000 0 0 0.000 0.000 0.000 0.137 0 1 0 0 0 0
 186 147218.000 41073.000 0 0 0.000 0.000 0.000 0.130 0 1 0 0 0 0
 187 32865.000 61998.000 0 0 0.000 0.000 0.000 0.186 0 1 0 0 0 0
 188 116348.000 183144.000 0 0 0.000 0.000 0.000 0.215 0 1 0 0 0 0;
ProcessEquipmentIDList 1
  "6639" ;
SummarySpec 5
  TESTNO    NDEFECT    DEFDENSITY    NDIE    NDEFDIE  ;
SummaryList 
  1    188    0.6873    1    1  ;
EndOfFile;
