FileVersion 1 2;
FileTimestamp 01-16-26 23:11:40;
InspectionStationID "KLA-Tencor" "SFSSP1" "0901-0728-TBI";
SampleType WAFER;
ResultTimestamp 01-16-26 23:00:10;
LotID "2580";
SampleSize 1 200;
DeviceID "None";
SetupID "T2-2580NR" 01-16-26 23:00:10;
StepID "6703";
SampleOrientationMarkType NOTCH;
OrientationMarkLocation DOWN;
DiePitch 200000 200000;
DieOrigin 0 0;
WaferID "18";
Slot 18;
SampleCenterLocation 100000 100000;
ClassLookup 1
  0 "0"  ;
OrientationInstructions "Front";
CoordinatesMirrored No;
InspectionTest 1;
SampleTestPlan 1
  0 0 ;
AreaPerTest 2.73516e+010;
ClusterClassificationList 1
  1 210 ;
DefectRecordSpec 15 DEFECTID XREL YREL XINDEX YINDEX XSIZE YSIZE DEFECTAREA DSIZE CLASSNUMBER TEST CLUSTERNUMBER ROUGHBINNUMBER FINEBINNUMBER REVIEWSAMPLE ;
DefectList
 1 101718.000 105180.000 0 0 0.000 0.000 0.000 0.138 0 1 0 0 0 0
 2 106397.000 100892.000 0 0 0.000 0.000 0.000 0.144 0 1 0 0 0 0
 3 104008.000 105634.000 0 0 0.000 0.000 0.000 0.141 0 1 0 0 0 0
 4 106204.000 96430.000 0 0 0.000 0.000 0.000 0.142 0 1 0 0 0 0
 5 94515.000 105782.000 0 0 0.000 0.000 0.000 0.131 0 1 0 0 0 0
 6 92351.000 97266.000 0 0 0.000 0.000 0.000 0.143 0 1 0 0 0 0
 7 91804.000 99089.000 0 0 0.000 0.000 0.000 0.169 0 1 0 0 0 0
 8 107428.000 105451.000 0 0 0.000 0.000 0.000 0.148 0 1 0 0 0 0
 9 103040.000 109068.000 0 0 0.000 0.000 0.000 0.138 0 1 0 0 0 0
 10 109707.000 101575.000 0 0 0.000 0.000 0.000 0.139 0 1 0 0 0 0
 11 98845.000 89998.000 0 0 0.000 0.000 0.000 0.169 0 1 0 0 0 0
 12 96676.000 89416.000 0 0 0.000 0.000 0.000 0.130 0 1 0 0 0 0
 13 111476.000 100064.000 0 0 0.000 0.000 0.000 0.132 0 1 0 0 0 0
 14 104290.000 89246.000 0 0 0.000 0.000 0.000 0.158 0 1 0 0 0 0
 15 105619.000 89130.000 0 0 0.000 0.000 0.000 0.144 0 1 0 0 0 0
 16 107051.000 89908.000 0 0 0.000 0.000 0.000 0.135 0 1 0 0 0 0
 17 102851.000 87832.000 0 0 0.000 0.000 0.000 0.132 0 1 0 0 0 0
 18 86977.000 100457.000 0 0 0.000 0.000 0.000 0.132 0 1 0 0 0 0
 19 86564.000 96842.000 0 0 0.000 0.000 0.000 0.131 0 1 0 0 0 0
 20 110573.000 109142.000 0 0 0.000 0.000 0.000 0.132 0 1 0 0 0 0
 21 113889.000 93247.000 0 0 0.000 0.000 0.000 0.138 0 1 0 0 0 0
 22 115624.000 101189.000 0 0 0.000 0.000 0.000 0.134 0 1 0 0 0 0
 23 85060.000 94334.000 0 0 0.000 0.000 0.000 0.140 0 1 0 0 0 0
 24 84123.000 94963.000 0 0 0.000 0.000 0.000 0.135 0 1 0 0 0 0
 25 92137.000 84932.000 0 0 0.000 0.000 0.000 0.134 0 1 0 0 0 0
 26 116095.000 106162.000 0 0 0.000 0.000 0.000 0.163 0 1 0 0 0 0
 27 108784.000 83383.000 0 0 0.000 0.000 0.000 0.137 0 1 0 0 0 0
 28 104996.000 119520.000 0 0 0.000 0.000 0.000 0.140 0 1 0 0 0 0
 29 89872.000 82742.000 0 0 0.000 0.000 0.000 0.138 0 1 0 0 0 0
 30 91029.000 118894.000 0 0 0.000 0.000 0.000 0.136 0 1 0 0 0 0
 31 80582.000 108565.000 0 0 0.000 0.000 0.000 0.134 0 1 0 0 0 0
 32 112614.000 117661.000 0 0 0.000 0.000 0.000 0.137 0 1 0 0 0 0
 33 111479.000 118889.000 0 0 0.000 0.000 0.000 0.130 0 1 0 0 0 0
 34 119732.000 90445.000 0 0 0.000 0.000 0.000 0.144 0 1 0 0 0 0
 35 77066.000 100070.000 0 0 0.000 0.000 0.000 0.146 0 1 0 0 0 0
 36 77877.000 94297.000 0 0 0.000 0.000 0.000 0.142 0 1 0 0 0 0
 37 101871.000 76921.000 0 0 0.000 0.000 0.000 0.181 0 1 0 0 0 0
 38 101307.000 75703.000 0 0 0.000 0.000 0.000 0.151 0 1 0 0 0 0
 39 114109.000 120642.000 0 0 0.000 0.000 0.000 0.155 0 1 0 0 0 0
 40 88479.000 78013.000 0 0 0.000 0.000 0.000 0.143 0 1 0 0 0 0
 41 105359.000 125069.000 0 0 0.000 0.000 0.000 0.131 0 1 0 0 0 0
 42 118455.000 119161.000 0 0 0.000 0.000 0.000 0.149 0 1 0 0 0 0
 43 76482.000 87754.000 0 0 0.000 0.000 0.000 0.139 0 1 0 0 0 0
 44 123421.000 87711.000 0 0 0.000 0.000 0.000 0.135 0 1 0 0 0 0
 45 82977.000 79317.000 0 0 0.000 0.000 0.000 0.139 0 1 0 0 0 0
 46 89376.000 75315.000 0 0 0.000 0.000 0.000 0.136 0 1 0 0 0 0
 47 118550.000 120158.000 0 0 0.000 0.000 0.000 0.138 0 1 0 0 0 0
 48 126968.000 106717.000 0 0 0.000 0.000 0.000 0.135 0 1 0 0 0 0
 49 73497.000 89672.000 0 0 0.000 0.000 0.000 0.141 0 1 0 0 0 0
 50 95455.000 70087.000 0 0 0.000 0.000 0.000 0.144 0 1 0 0 0 0
 51 81007.000 124328.000 0 0 0.000 0.000 0.000 0.135 0 1 0 0 0 0
 52 129912.000 109974.000 0 0 0.000 0.000 0.000 0.137 0 1 0 0 0 0
 53 68455.000 99415.000 0 0 0.000 0.000 0.000 0.140 0 1 0 0 0 0
 54 113685.000 71394.000 0 0 0.000 0.000 0.000 0.135 0 1 0 0 0 0
 55 130078.000 89641.000 0 0 0.000 0.000 0.000 0.141 0 1 0 0 0 0
 56 72204.000 116382.000 0 0 0.000 0.000 0.000 0.135 0 1 0 0 0 0
 57 120411.000 125236.000 0 0 0.000 0.000 0.000 0.136 0 1 0 0 0 0
 58 110300.000 131266.000 0 0 0.000 0.000 0.000 0.136 0 1 0 0 0 0
 59 129912.000 113821.000 0 0 0.000 0.000 0.000 200000.000 0 1 0 200 0 0
 60 114528.000 70722.000 0 0 0.000 0.000 0.000 0.131 0 1 0 0 0 0
 61 88898.000 68708.000 0 0 0.000 0.000 0.000 0.138 0 1 0 0 0 0
 62 93765.000 67223.000 0 0 0.000 0.000 0.000 0.130 0 1 0 0 0 0
 63 133432.000 95503.000 0 0 0.000 0.000 0.000 0.144 0 1 0 0 0 0
 64 75702.000 76642.000 0 0 0.000 0.000 0.000 0.133 0 1 0 0 0 0
 65 89909.000 132662.000 0 0 0.000 0.000 0.000 0.131 0 1 0 0 0 0
 66 79006.000 127077.000 0 0 0.000 0.000 0.000 0.151 0 1 0 0 0 0
 67 73080.000 79483.000 0 0 0.000 0.000 0.000 0.130 0 1 0 0 0 0
 68 130953.000 85444.000 0 0 0.000 0.000 0.000 0.144 0 1 0 0 0 0
 69 120036.000 71463.000 0 0 0.000 0.000 0.000 0.143 0 1 0 0 0 0
 70 73015.000 123341.000 0 0 0.000 0.000 0.000 0.135 0 1 0 0 0 0
 71 134562.000 91412.000 0 0 0.000 0.000 0.000 0.130 0 1 0 0 0 0
 72 65887.000 112955.000 0 0 0.000 0.000 0.000 0.131 0 1 0 0 0 0
 73 117882.000 133636.000 0 0 0.000 0.000 0.000 0.130 0 1 0 0 0 0
 74 130051.000 76968.000 0 0 0.000 0.000 0.000 0.133 0 1 0 0 0 0
 75 126434.000 72741.000 0 0 0.000 0.000 0.000 0.138 0 1 0 0 0 0
 76 137843.000 105221.000 0 0 0.000 0.000 0.000 0.133 0 1 0 0 0 0
 77 131588.000 78418.000 0 0 0.000 0.000 0.000 0.138 0 1 0 0 0 0
 78 88819.000 137044.000 0 0 0.000 0.000 0.000 0.144 0 1 0 0 0 0
 79 61187.000 102428.000 0 0 0.000 0.000 0.000 0.137 0 1 0 0 0 0
 80 94361.000 139075.000 0 0 0.000 0.000 0.000 0.139 0 1 0 0 0 0
 81 61733.000 89969.000 0 0 0.000 0.000 0.000 0.148 0 1 0 0 0 0
 82 123788.000 68439.000 0 0 0.000 0.000 0.000 0.151 0 1 0 0 0 0
 83 136352.000 117258.000 0 0 0.000 0.000 0.000 0.131 0 1 0 0 0 0
 84 103216.000 60074.000 0 0 0.000 0.000 0.000 0.146 0 1 0 0 0 0
 85 132617.000 124017.000 0 0 0.000 0.000 0.000 0.144 0 1 0 0 0 0
 86 131126.000 125878.000 0 0 0.000 0.000 0.000 0.153 0 1 0 0 0 0
 87 140562.000 98857.000 0 0 0.000 0.000 0.000 0.131 0 1 0 0 0 0
 88 104763.000 141045.000 0 0 0.000 0.000 0.000 0.159 0 1 0 0 0 0
 89 91318.000 59917.000 0 0 0.000 0.000 0.000 0.140 0 1 0 0 0 0
 90 112656.000 60769.000 0 0 0.000 0.000 0.000 0.130 0 1 0 0 0 0
 91 133241.000 74703.000 0 0 0.000 0.000 0.000 0.145 0 1 0 0 0 0
 92 60577.000 85462.000 0 0 0.000 0.000 0.000 0.165 0 1 0 0 0 0
 93 140377.000 112651.000 0 0 0.000 0.000 0.000 0.134 0 1 0 0 0 0
 94 125461.000 65933.000 0 0 0.000 0.000 0.000 0.151 0 1 0 0 0 0
 95 116741.000 140386.000 0 0 0.000 0.000 0.000 0.139 0 1 0 0 0 0
 96 60807.000 120722.000 0 0 0.000 0.000 0.000 0.130 0 1 0 0 0 0
 97 72747.000 135185.000 0 0 0.000 0.000 0.000 0.149 0 1 0 0 0 0
 98 109649.000 56825.000 0 0 0.000 0.000 0.000 0.141 0 1 0 0 0 0
 99 93959.000 144842.000 0 0 0.000 0.000 0.000 0.131 0 1 0 0 0 0
 100 58057.000 117112.000 0 0 0.000 0.000 0.000 0.135 0 1 0 0 0 0
 101 114092.000 57219.000 0 0 0.000 0.000 0.000 0.146 0 1 0 0 0 0
 102 117610.000 142035.000 0 0 0.000 0.000 0.000 0.143 0 1 0 0 0 0
 103 100109.000 145669.000 0 0 0.000 0.000 0.000 0.136 0 1 0 0 0 0
 104 93310.000 145435.000 0 0 0.000 0.000 0.000 0.136 0 1 0 0 0 0
 105 136029.000 129273.000 0 0 0.000 0.000 0.000 0.136 0 1 0 0 0 0
 106 134555.000 69324.000 0 0 0.000 0.000 0.000 0.131 0 1 0 0 0 0
 107 108748.000 53647.000 0 0 0.000 0.000 0.000 0.134 0 1 0 0 0 0
 108 53245.000 91170.000 0 0 0.000 0.000 0.000 0.138 0 1 0 0 0 0
 109 100084.000 52543.000 0 0 0.000 0.000 0.000 0.135 0 1 0 0 0 0
 110 53222.000 111155.000 0 0 0.000 0.000 0.000 0.131 0 1 0 0 0 0
 111 140077.000 73194.000 0 0 0.000 0.000 0.000 0.133 0 1 0 0 0 0
 112 56770.000 122185.000 0 0 0.000 0.000 0.000 0.136 0 1 0 0 0 0
 113 144170.000 122128.000 0 0 0.000 0.000 0.000 0.142 0 1 0 0 0 0
 114 54710.000 79633.000 0 0 0.000 0.000 0.000 0.143 0 1 0 0 0 0
 115 140548.000 69971.000 0 0 0.000 0.000 0.000 0.140 0 1 0 0 0 0
 116 84120.000 148879.000 0 0 0.000 0.000 0.000 0.144 0 1 0 0 0 0
 117 128387.000 143475.000 0 0 0.000 0.000 0.000 0.275 0 1 0 0 0 0
 118 152852.000 104309.000 0 0 0.000 0.000 0.000 0.144 0 1 0 0 0 0
 119 65196.000 140372.000 0 0 0.000 0.000 0.000 0.138 0 1 0 0 0 0
 120 109636.000 47806.000 0 0 0.000 0.000 0.000 0.140 0 1 0 0 0 0
 121 64613.000 140158.000 0 0 0.000 0.000 0.000 0.132 0 1 0 0 0 0
 122 71135.000 55252.000 0 0 0.000 0.000 0.000 0.134 0 1 0 0 0 0
 123 50807.000 122279.000 0 0 0.000 0.000 0.000 0.142 0 1 0 0 0 0
 124 113886.000 48064.000 0 0 0.000 0.000 0.000 0.143 0 1 0 0 0 0
 125 52737.000 126393.000 0 0 0.000 0.000 0.000 0.130 0 1 0 0 0 0
 126 52657.000 73921.000 0 0 0.000 0.000 0.000 0.140 0 1 0 0 0 0
 127 154075.000 94959.000 0 0 0.000 0.000 0.000 0.138 0 1 0 0 0 0
 128 63343.000 140550.000 0 0 0.000 0.000 0.000 0.131 0 1 0 0 0 0
 129 118401.000 152230.000 0 0 0.000 0.000 0.000 0.130 0 1 0 0 0 0
 130 82287.000 47755.000 0 0 0.000 0.000 0.000 0.139 0 1 0 0 0 0
 131 86934.000 154084.000 0 0 0.000 0.000 0.000 0.133 0 1 0 0 0 0
 132 64048.000 57522.000 0 0 0.000 0.000 0.000 0.130 0 1 0 0 0 0
 133 102907.000 156079.000 0 0 0.000 0.000 0.000 0.132 0 1 0 0 0 0
 134 102655.000 44312.000 0 0 0.000 0.000 0.000 0.147 0 1 0 0 0 0
 135 156677.000 106358.000 0 0 0.000 0.000 0.000 0.146 0 1 0 0 0 0
 136 53390.000 67130.000 0 0 0.000 0.000 0.000 0.132 0 1 0 0 0 0
 137 118810.000 46278.000 0 0 0.000 0.000 0.000 0.145 0 1 0 0 0 0
 138 140691.000 59799.000 0 0 0.000 0.000 0.000 0.133 0 1 0 0 0 0
 139 98828.000 42728.000 0 0 0.000 0.000 0.000 0.136 0 1 0 0 0 0
 140 58340.000 58620.000 0 0 0.000 0.000 0.000 0.132 0 1 0 0 0 0
 141 159297.000 96108.000 0 0 0.000 0.000 0.000 0.132 0 1 0 0 0 0
 142 106439.000 40815.000 0 0 0.000 0.000 0.000 0.130 0 1 0 0 0 0
 143 158328.000 115228.000 0 0 0.000 0.000 0.000 0.136 0 1 0 0 0 0
 144 130095.000 153304.000 0 0 0.000 0.000 0.000 0.130 0 1 0 0 0 0
 145 120799.000 42575.000 0 0 0.000 0.000 0.000 0.149 0 1 0 0 0 0
 146 133283.000 151755.000 0 0 0.000 0.000 0.000 0.130 0 1 0 0 0 0
 147 162124.000 105668.000 0 0 0.000 0.000 0.000 0.134 0 1 0 0 0 0
 148 39896.000 83062.000 0 0 0.000 0.000 0.000 0.136 0 1 0 0 0 0
 149 125178.000 42768.000 0 0 0.000 0.000 0.000 0.144 0 1 0 0 0 0
 150 132004.000 46186.000 0 0 0.000 0.000 0.000 0.138 0 1 0 0 0 0
 151 162707.000 90170.000 0 0 0.000 0.000 0.000 0.146 0 1 0 0 0 0
 152 102916.000 163888.000 0 0 0.000 0.000 0.000 0.131 0 1 0 0 0 0
 153 154713.000 67553.000 0 0 0.000 0.000 0.000 0.132 0 1 0 0 0 0
 154 97597.000 36121.000 0 0 0.000 0.000 0.000 0.135 0 1 0 0 0 0
 155 66886.000 45044.000 0 0 0.000 0.000 0.000 0.134 0 1 0 0 0 0
 156 38692.000 79422.000 0 0 0.000 0.000 0.000 0.131 0 1 0 0 0 0
 157 47384.000 61624.000 0 0 0.000 0.000 0.000 0.130 0 1 0 0 0 0
 158 61066.000 47106.000 0 0 0.000 0.000 0.000 0.148 0 1 0 0 0 0
 159 61698.000 153924.000 0 0 0.000 0.000 0.000 0.311 0 1 0 0 0 0
 160 143031.000 50048.000 0 0 0.000 0.000 0.000 0.132 0 1 0 0 0 0
 161 37761.000 73761.000 0 0 0.000 0.000 0.000 0.149 0 1 0 0 0 0
 162 167412.000 95341.000 0 0 0.000 0.000 0.000 0.141 0 1 0 0 0 0
 163 154087.000 141392.000 0 0 0.000 0.000 0.000 0.134 0 1 0 0 0 0
 164 167671.000 91402.000 0 0 0.000 0.000 0.000 0.153 0 1 0 0 0 0
 165 151437.000 145376.000 0 0 0.000 0.000 0.000 0.130 0 1 0 0 0 0
 166 142708.000 154097.000 0 0 0.000 0.000 0.000 0.139 0 1 0 0 0 0
 167 158781.000 60468.000 0 0 0.000 0.000 0.000 0.136 0 1 0 0 0 0
 168 110832.000 171783.000 0 0 0.000 0.000 0.000 0.204 0 1 0 0 0 0
 169 78278.000 169769.000 0 0 0.000 0.000 0.000 0.154 0 1 0 0 0 0
 170 165264.000 67088.000 0 0 0.000 0.000 0.000 0.142 0 1 0 0 0 0
 171 33961.000 132749.000 0 0 0.000 0.000 0.000 0.138 0 1 0 0 0 0
 172 111739.000 173095.000 0 0 0.000 0.000 0.000 0.138 0 1 0 0 0 0
 173 168984.000 73221.000 0 0 0.000 0.000 0.000 0.144 0 1 0 0 0 0
 174 82202.000 173414.000 0 0 0.000 0.000 0.000 0.131 0 1 0 0 0 0
 175 34557.000 137450.000 0 0 0.000 0.000 0.000 0.134 0 1 0 0 0 0
 176 163584.000 141435.000 0 0 0.000 0.000 0.000 0.132 0 1 0 0 0 0
 177 36145.000 141277.000 0 0 0.000 0.000 0.000 0.132 0 1 0 0 0 0
 178 166386.000 63057.000 0 0 0.000 0.000 0.000 0.135 0 1 0 0 0 0
 179 69245.000 28363.000 0 0 0.000 0.000 0.000 0.132 0 1 0 0 0 0
 180 44708.000 156716.000 0 0 52.000 52.000 2704.000 52.000 0 1 1 210 0 0
 181 152343.000 160829.000 0 0 0.000 0.000 0.000 0.155 0 1 0 0 0 0
 182 173480.000 138012.000 0 0 0.000 0.000 0.000 0.336 0 1 0 0 0 0
 183 150202.000 178361.000 0 0 0.000 0.000 0.000 0.140 0 1 0 0 0 0
 184 45349.000 156037.000 0 0 51.036 49.774 2540.310 50.401 0 1 1 210 0 0
 185 45240.000 156166.000 0 0 64.612 62.995 4070.284 63.798 0 1 1 210 0 0
 186 45123.000 156291.000 0 0 91.746 89.440 8205.866 90.586 0 1 1 210 0 0
 187 45003.000 156411.000 0 0 116.285 113.370 13183.406 114.819 0 1 1 210 0 0
 188 44887.000 156538.000 0 0 124.674 121.532 15151.945 123.093 0 1 1 210 0 0
 189 44763.000 156652.000 0 0 127.640 124.452 15885.145 126.036 0 1 1 210 0 0
 190 44631.000 156762.000 0 0 54.416 53.081 2888.523 53.744 0 1 1 210 0 0
 191 44524.000 156893.000 0 0 32.731 31.915 1044.642 32.320 0 1 1 210 0 0;
ProcessEquipmentIDList 1
  "6639" ;
SummarySpec 5
  TESTNO    NDEFECT    DEFDENSITY    NDIE    NDEFDIE  ;
SummaryList 
  1    191    0.6983    1    1  ;
EndOfFile;
