FileVersion 1 2;
FileTimestamp 01-16-26 03:39:01;
InspectionStationID "KLA-Tencor" "SFSSP1" "0901-0728-TBI";
SampleType WAFER;
ResultTimestamp 01-16-26 03:35:08;
LotID "2580";
SampleSize 1 200;
DeviceID "None";
SetupID "T2-2580NR" 01-16-26 03:35:08;
StepID "6706P";
SampleOrientationMarkType NOTCH;
OrientationMarkLocation DOWN;
DiePitch 200000 200000;
DieOrigin 0 0;
WaferID "06";
Slot 6;
SampleCenterLocation 100000 100000;
ClassLookup 1
  0 "0"  ;
OrientationInstructions "Front";
CoordinatesMirrored No;
InspectionTest 1;
SampleTestPlan 1
  0 0 ;
AreaPerTest 2.73515e+010;
DefectRecordSpec 15 DEFECTID XREL YREL XINDEX YINDEX XSIZE YSIZE DEFECTAREA DSIZE CLASSNUMBER TEST CLUSTERNUMBER ROUGHBINNUMBER FINEBINNUMBER REVIEWSAMPLE ;
DefectList
 1 101153.000 97853.000 0 0 0.000 0.000 0.000 0.160 0 1 0 0 0 0
 2 100490.000 95085.000 0 0 0.000 0.000 0.000 0.130 0 1 0 0 0 0
 3 98337.000 105672.000 0 0 0.000 0.000 0.000 0.161 0 1 0 0 0 0
 4 107394.000 100390.000 0 0 0.000 0.000 0.000 0.143 0 1 0 0 0 0
 5 106730.000 105652.000 0 0 0.000 0.000 0.000 0.133 0 1 0 0 0 0
 6 108725.000 97942.000 0 0 0.000 0.000 0.000 0.137 0 1 0 0 0 0
 7 101385.000 109581.000 0 0 0.000 0.000 0.000 0.140 0 1 0 0 0 0
 8 109693.000 99528.000 0 0 0.000 0.000 0.000 0.131 0 1 0 0 0 0
 9 96900.000 90233.000 0 0 0.000 0.000 0.000 0.132 0 1 0 0 0 0
 10 104274.000 90652.000 0 0 0.000 0.000 0.000 0.148 0 1 0 0 0 0
 11 108809.000 106017.000 0 0 0.000 0.000 0.000 0.138 0 1 0 0 0 0
 12 89369.000 98954.000 0 0 0.000 0.000 0.000 0.132 0 1 0 0 0 0
 13 94270.000 90951.000 0 0 0.000 0.000 0.000 0.136 0 1 0 0 0 0
 14 88613.000 101274.000 0 0 0.000 0.000 0.000 0.133 0 1 0 0 0 0
 15 102902.000 89020.000 0 0 0.000 0.000 0.000 0.144 0 1 0 0 0 0
 16 98350.000 111782.000 0 0 0.000 0.000 0.000 0.148 0 1 0 0 0 0
 17 87952.000 96465.000 0 0 0.000 0.000 0.000 0.140 0 1 0 0 0 0
 18 88130.000 105732.000 0 0 0.000 0.000 0.000 0.133 0 1 0 0 0 0
 19 87111.000 97830.000 0 0 0.000 0.000 0.000 0.130 0 1 0 0 0 0
 20 113440.000 99741.000 0 0 0.000 0.000 0.000 0.137 0 1 0 0 0 0
 21 85367.000 99619.000 0 0 0.000 0.000 0.000 0.133 0 1 0 0 0 0
 22 116347.000 100488.000 0 0 0.000 0.000 0.000 0.162 0 1 0 0 0 0
 23 88218.000 87588.000 0 0 0.000 0.000 0.000 0.149 0 1 0 0 0 0
 24 86331.000 111323.000 0 0 0.000 0.000 0.000 0.148 0 1 0 0 0 0
 25 81595.000 105479.000 0 0 0.000 0.000 0.000 0.141 0 1 0 0 0 0
 26 81168.000 103661.000 0 0 0.000 0.000 0.000 0.142 0 1 0 0 0 0
 27 80774.000 103662.000 0 0 0.000 0.000 0.000 0.141 0 1 0 0 0 0
 28 88577.000 83369.000 0 0 0.000 0.000 0.000 0.137 0 1 0 0 0 0
 29 114685.000 114787.000 0 0 0.000 0.000 0.000 0.162 0 1 0 0 0 0
 30 120361.000 93256.000 0 0 0.000 0.000 0.000 0.131 0 1 0 0 0 0
 31 95822.000 78510.000 0 0 0.000 0.000 0.000 0.147 0 1 0 0 0 0
 32 118393.000 113366.000 0 0 0.000 0.000 0.000 0.149 0 1 0 0 0 0
 33 77065.000 96252.000 0 0 0.000 0.000 0.000 0.134 0 1 0 0 0 0
 34 120002.000 112527.000 0 0 0.000 0.000 0.000 0.155 0 1 0 0 0 0
 35 92527.000 77663.000 0 0 0.000 0.000 0.000 0.136 0 1 0 0 0 0
 36 88877.000 78540.000 0 0 0.000 0.000 0.000 0.160 0 1 0 0 0 0
 37 92568.000 76893.000 0 0 0.000 0.000 0.000 0.144 0 1 0 0 0 0
 38 122727.000 87702.000 0 0 0.000 0.000 0.000 0.142 0 1 0 0 0 0
 39 74584.000 93996.000 0 0 0.000 0.000 0.000 0.140 0 1 0 0 0 0
 40 114247.000 77964.000 0 0 0.000 0.000 0.000 0.135 0 1 0 0 0 0
 41 97533.000 73625.000 0 0 0.000 0.000 0.000 0.155 0 1 0 0 0 0
 42 72826.000 97385.000 0 0 0.000 0.000 0.000 0.140 0 1 0 0 0 0
 43 127114.000 103050.000 0 0 0.000 0.000 0.000 0.145 0 1 0 0 0 0
 44 76061.000 114647.000 0 0 0.000 0.000 0.000 0.135 0 1 0 0 0 0
 45 107062.000 73186.000 0 0 0.000 0.000 0.000 0.133 0 1 0 0 0 0
 46 121279.000 82092.000 0 0 0.000 0.000 0.000 0.132 0 1 0 0 0 0
 47 83933.000 123902.000 0 0 0.000 0.000 0.000 0.135 0 1 0 0 0 0
 48 128439.000 103193.000 0 0 0.000 0.000 0.000 0.147 0 1 0 0 0 0
 49 127830.000 107147.000 0 0 0.000 0.000 0.000 0.145 0 1 0 0 0 0
 50 78843.000 120525.000 0 0 0.000 0.000 0.000 0.261 0 1 0 0 0 0
 51 127295.000 88806.000 0 0 0.000 0.000 0.000 0.141 0 1 0 0 0 0
 52 120986.000 121107.000 0 0 0.000 0.000 0.000 0.132 0 1 0 0 0 0
 53 73685.000 85990.000 0 0 0.000 0.000 0.000 0.135 0 1 0 0 0 0
 54 70149.000 103120.000 0 0 0.000 0.000 0.000 0.147 0 1 0 0 0 0
 55 120022.000 77869.000 0 0 0.000 0.000 0.000 0.134 0 1 0 0 0 0
 56 73913.000 116166.000 0 0 0.000 0.000 0.000 0.152 0 1 0 0 0 0
 57 97700.000 69477.000 0 0 0.000 0.000 0.000 0.144 0 1 0 0 0 0
 58 68867.000 105825.000 0 0 0.000 0.000 0.000 0.137 0 1 0 0 0 0
 59 101227.000 133055.000 0 0 0.000 0.000 0.000 0.146 0 1 0 0 0 0
 60 67184.000 98310.000 0 0 0.000 0.000 0.000 0.156 0 1 0 0 0 0
 61 100827.000 66792.000 0 0 0.000 0.000 0.000 0.132 0 1 0 0 0 0
 62 111642.000 131559.000 0 0 0.000 0.000 0.000 0.152 0 1 0 0 0 0
 63 86129.000 69290.000 0 0 0.000 0.000 0.000 0.134 0 1 0 0 0 0
 64 113342.000 131732.000 0 0 0.000 0.000 0.000 0.130 0 1 0 0 0 0
 65 111696.000 67631.000 0 0 0.000 0.000 0.000 0.138 0 1 0 0 0 0
 66 72771.000 77934.000 0 0 0.000 0.000 0.000 0.157 0 1 0 0 0 0
 67 124472.000 74308.000 0 0 0.000 0.000 0.000 0.134 0 1 0 0 0 0
 68 91342.000 135936.000 0 0 0.000 0.000 0.000 0.145 0 1 0 0 0 0
 69 134815.000 113103.000 0 0 0.000 0.000 0.000 0.134 0 1 0 0 0 0
 70 127537.000 125526.000 0 0 0.000 0.000 0.000 0.134 0 1 0 0 0 0
 71 64465.000 112024.000 0 0 0.000 0.000 0.000 0.143 0 1 0 0 0 0
 72 85783.000 135280.000 0 0 0.000 0.000 0.000 0.140 0 1 0 0 0 0
 73 104786.000 61842.000 0 0 0.000 0.000 0.000 0.140 0 1 0 0 0 0
 74 127864.000 126991.000 0 0 0.000 0.000 0.000 0.151 0 1 0 0 0 0
 75 92713.000 138544.000 0 0 0.000 0.000 0.000 0.160 0 1 0 0 0 0
 76 120915.000 133258.000 0 0 0.000 0.000 0.000 0.139 0 1 0 0 0 0
 77 99694.000 139724.000 0 0 0.000 0.000 0.000 0.133 0 1 0 0 0 0
 78 107957.000 61325.000 0 0 0.000 0.000 0.000 0.135 0 1 0 0 0 0
 79 130021.000 74343.000 0 0 0.000 0.000 0.000 0.139 0 1 0 0 0 0
 80 75276.000 131532.000 0 0 0.000 0.000 0.000 0.132 0 1 0 0 0 0
 81 129285.000 72995.000 0 0 0.000 0.000 0.000 0.133 0 1 0 0 0 0
 82 126301.000 131150.000 0 0 0.000 0.000 0.000 0.133 0 1 0 0 0 0
 83 92493.000 140107.000 0 0 0.000 0.000 0.000 0.149 0 1 0 0 0 0
 84 136572.000 118344.000 0 0 0.000 0.000 0.000 0.151 0 1 0 0 0 0
 85 100683.000 59113.000 0 0 0.000 0.000 0.000 0.131 0 1 0 0 0 0
 86 63668.000 120245.000 0 0 0.000 0.000 0.000 0.142 0 1 0 0 0 0
 87 59038.000 107578.000 0 0 0.000 0.000 0.000 0.132 0 1 0 0 0 0
 88 92117.000 141312.000 0 0 0.000 0.000 0.000 0.137 0 1 0 0 0 0
 89 70638.000 130647.000 0 0 0.000 0.000 0.000 0.134 0 1 0 0 0 0
 90 96780.000 58111.000 0 0 0.000 0.000 0.000 0.138 0 1 0 0 0 0
 91 58793.000 89850.000 0 0 0.000 0.000 0.000 0.135 0 1 0 0 0 0
 92 103809.000 142788.000 0 0 0.000 0.000 0.000 0.134 0 1 0 0 0 0
 93 62574.000 79593.000 0 0 0.000 0.000 0.000 0.135 0 1 0 0 0 0
 94 132402.000 71501.000 0 0 0.000 0.000 0.000 0.130 0 1 0 0 0 0
 95 80835.000 61049.000 0 0 0.000 0.000 0.000 0.136 0 1 0 0 0 0
 96 109423.000 142953.000 0 0 0.000 0.000 0.000 0.135 0 1 0 0 0 0
 97 141446.000 114849.000 0 0 0.000 0.000 0.000 0.293 0 1 0 0 0 0
 98 143937.000 103821.000 0 0 0.000 0.000 0.000 0.130 0 1 0 0 0 0
 99 141464.000 84330.000 0 0 0.000 0.000 0.000 0.142 0 1 0 0 0 0
 100 65273.000 72157.000 0 0 0.000 0.000 0.000 0.138 0 1 0 0 0 0
 101 63541.000 74088.000 0 0 0.000 0.000 0.000 0.143 0 1 0 0 0 0
 102 98191.000 55451.000 0 0 0.000 0.000 0.000 0.137 0 1 0 0 0 0
 103 120103.000 60034.000 0 0 0.000 0.000 0.000 0.144 0 1 0 0 0 0
 104 61902.000 74792.000 0 0 0.000 0.000 0.000 0.150 0 1 0 0 0 0
 105 62934.000 127865.000 0 0 0.000 0.000 0.000 0.138 0 1 0 0 0 0
 106 88945.000 145101.000 0 0 0.000 0.000 0.000 0.132 0 1 0 0 0 0
 107 127481.000 63076.000 0 0 0.000 0.000 0.000 0.168 0 1 0 0 0 0
 108 127307.000 137893.000 0 0 0.000 0.000 0.000 0.130 0 1 0 0 0 0
 109 82480.000 143397.000 0 0 0.000 0.000 0.000 0.141 0 1 0 0 0 0
 110 104001.000 53372.000 0 0 0.000 0.000 0.000 0.145 0 1 0 0 0 0
 111 73416.000 139374.000 0 0 0.000 0.000 0.000 0.133 0 1 0 0 0 0
 112 67141.000 65767.000 0 0 0.000 0.000 0.000 0.135 0 1 0 0 0 0
 113 141909.000 122750.000 0 0 0.000 0.000 0.000 0.134 0 1 0 0 0 0
 114 70991.000 137959.000 0 0 0.000 0.000 0.000 0.131 0 1 0 0 0 0
 115 71233.000 62115.000 0 0 0.000 0.000 0.000 0.146 0 1 0 0 0 0
 116 118443.000 144296.000 0 0 0.000 0.000 0.000 0.153 0 1 0 0 0 0
 117 137915.000 71148.000 0 0 0.000 0.000 0.000 0.150 0 1 0 0 0 0
 118 136501.000 131119.000 0 0 0.000 0.000 0.000 0.131 0 1 0 0 0 0
 119 129279.000 62299.000 0 0 0.000 0.000 0.000 0.144 0 1 0 0 0 0
 120 144173.000 121016.000 0 0 0.000 0.000 0.000 0.130 0 1 0 0 0 0
 121 57816.000 75165.000 0 0 0.000 0.000 0.000 0.137 0 1 0 0 0 0
 122 146545.000 84164.000 0 0 0.000 0.000 0.000 0.136 0 1 0 0 0 0
 123 57124.000 127777.000 0 0 0.000 0.000 0.000 0.150 0 1 0 0 0 0
 124 52027.000 82649.000 0 0 0.000 0.000 0.000 0.144 0 1 0 0 0 0
 125 86597.000 50942.000 0 0 0.000 0.000 0.000 0.136 0 1 0 0 0 0
 126 137654.000 135031.000 0 0 0.000 0.000 0.000 0.132 0 1 0 0 0 0
 127 114632.000 149540.000 0 0 0.000 0.000 0.000 0.149 0 1 0 0 0 0
 128 47441.000 100139.000 0 0 0.000 0.000 0.000 0.132 0 1 0 0 0 0
 129 64961.000 60895.000 0 0 0.000 0.000 0.000 0.136 0 1 0 0 0 0
 130 149407.000 82165.000 0 0 0.000 0.000 0.000 0.144 0 1 0 0 0 0
 131 124944.000 146987.000 0 0 0.000 0.000 0.000 0.137 0 1 0 0 0 0
 132 71950.000 55113.000 0 0 0.000 0.000 0.000 0.142 0 1 0 0 0 0
 133 70406.000 55620.000 0 0 0.000 0.000 0.000 0.140 0 1 0 0 0 0
 134 78107.000 51420.000 0 0 0.000 0.000 0.000 0.138 0 1 0 0 0 0
 135 93548.000 153397.000 0 0 0.000 0.000 0.000 0.145 0 1 0 0 0 0
 136 88506.000 47898.000 0 0 0.000 0.000 0.000 0.136 0 1 0 0 0 0
 137 147946.000 75892.000 0 0 0.000 0.000 0.000 0.144 0 1 0 0 0 0
 138 152890.000 111849.000 0 0 0.000 0.000 0.000 0.139 0 1 0 0 0 0
 139 45473.000 98371.000 0 0 0.000 0.000 0.000 0.141 0 1 0 0 0 0
 140 45016.000 101161.000 0 0 0.000 0.000 0.000 0.152 0 1 0 0 0 0
 141 45588.000 91594.000 0 0 0.000 0.000 0.000 0.131 0 1 0 0 0 0
 142 153870.000 115242.000 0 0 0.000 0.000 0.000 0.136 0 1 0 0 0 0
 143 101561.000 156139.000 0 0 0.000 0.000 0.000 0.143 0 1 0 0 0 0
 144 77211.000 48649.000 0 0 0.000 0.000 0.000 0.185 0 1 0 0 0 0
 145 122887.000 151754.000 0 0 0.000 0.000 0.000 0.136 0 1 0 0 0 0
 146 65636.000 145110.000 0 0 0.000 0.000 0.000 0.131 0 1 0 0 0 0
 147 106891.000 156348.000 0 0 0.000 0.000 0.000 0.130 0 1 0 0 0 0
 148 129858.000 52029.000 0 0 0.000 0.000 0.000 0.427 0 1 0 0 0 0
 149 71861.000 149719.000 0 0 0.000 0.000 0.000 0.140 0 1 0 0 0 0
 150 92631.000 156942.000 0 0 0.000 0.000 0.000 0.144 0 1 0 0 0 0
 151 104902.000 157493.000 0 0 0.000 0.000 0.000 0.156 0 1 0 0 0 0
 152 50745.000 130549.000 0 0 0.000 0.000 0.000 0.136 0 1 0 0 0 0
 153 145568.000 64281.000 0 0 0.000 0.000 0.000 0.136 0 1 0 0 0 0
 154 42976.000 111604.000 0 0 0.000 0.000 0.000 0.130 0 1 0 0 0 0
 155 43751.000 84574.000 0 0 0.000 0.000 0.000 0.140 0 1 0 0 0 0
 156 155989.000 117221.000 0 0 0.000 0.000 0.000 0.133 0 1 0 0 0 0
 157 158660.000 101563.000 0 0 0.000 0.000 0.000 0.132 0 1 0 0 0 0
 158 114385.000 157204.000 0 0 0.000 0.000 0.000 0.130 0 1 0 0 0 0
 159 43024.000 116554.000 0 0 0.000 0.000 0.000 0.130 0 1 0 0 0 0
 160 155313.000 78768.000 0 0 0.000 0.000 0.000 0.133 0 1 0 0 0 0
 161 57237.000 58392.000 0 0 0.000 0.000 0.000 0.137 0 1 0 0 0 0
 162 73604.000 46439.000 0 0 0.000 0.000 0.000 0.148 0 1 0 0 0 0
 163 159328.000 108883.000 0 0 0.000 0.000 0.000 200000.000 0 1 0 200 0 0
 164 134014.000 149930.000 0 0 0.000 0.000 0.000 0.147 0 1 0 0 0 0
 165 160660.000 105928.000 0 0 0.000 0.000 0.000 0.144 0 1 0 0 0 0
 166 46069.000 128826.000 0 0 0.000 0.000 0.000 0.132 0 1 0 0 0 0
 167 94993.000 38860.000 0 0 0.000 0.000 0.000 0.162 0 1 0 0 0 0
 168 69042.000 153723.000 0 0 0.000 0.000 0.000 0.137 0 1 0 0 0 0
 169 161512.000 104320.000 0 0 0.000 0.000 0.000 0.130 0 1 0 0 0 0
 170 103639.000 162621.000 0 0 0.000 0.000 0.000 0.140 0 1 0 0 0 0
 171 141416.000 147210.000 0 0 0.000 0.000 0.000 0.147 0 1 0 0 0 0
 172 50526.000 139887.000 0 0 0.000 0.000 0.000 0.134 0 1 0 0 0 0
 173 161659.000 85261.000 0 0 0.000 0.000 0.000 200000.000 0 1 0 200 0 0
 174 36330.000 102625.000 0 0 0.000 0.000 0.000 0.136 0 1 0 0 0 0
 175 90416.000 164273.000 0 0 0.000 0.000 0.000 0.145 0 1 0 0 0 0
 176 44766.000 65374.000 0 0 0.000 0.000 0.000 0.133 0 1 0 0 0 0
 177 45199.000 64949.000 0 0 0.000 0.000 0.000 0.131 0 1 0 0 0 0
 178 72776.000 40690.000 0 0 0.000 0.000 0.000 0.136 0 1 0 0 0 0
 179 165436.000 96898.000 0 0 0.000 0.000 0.000 0.143 0 1 0 0 0 0
 180 164970.000 111068.000 0 0 0.000 0.000 0.000 0.139 0 1 0 0 0 0
 181 97846.000 166114.000 0 0 0.000 0.000 0.000 0.144 0 1 0 0 0 0
 182 34188.000 105813.000 0 0 0.000 0.000 0.000 0.139 0 1 0 0 0 0
 183 156662.000 134179.000 0 0 0.000 0.000 0.000 0.153 0 1 0 0 0 0
 184 46225.000 61147.000 0 0 0.000 0.000 0.000 0.142 0 1 0 0 0 0
 185 57129.000 151064.000 0 0 0.000 0.000 0.000 0.134 0 1 0 0 0 0
 186 162975.000 122563.000 0 0 0.000 0.000 0.000 0.132 0 1 0 0 0 0
 187 104083.000 167343.000 0 0 0.000 0.000 0.000 0.143 0 1 0 0 0 0
 188 79601.000 164561.000 0 0 0.000 0.000 0.000 0.130 0 1 0 0 0 0
 189 31742.000 95796.000 0 0 0.000 0.000 0.000 0.154 0 1 0 0 0 0
 190 167726.000 112169.000 0 0 0.000 0.000 0.000 0.131 0 1 0 0 0 0
 191 164893.000 75836.000 0 0 0.000 0.000 0.000 0.236 0 1 0 0 0 0
 192 102358.000 29902.000 0 0 0.000 0.000 0.000 0.132 0 1 0 0 0 0
 193 114448.000 30638.000 0 0 0.000 0.000 0.000 0.133 0 1 0 0 0 0
 194 120088.000 31271.000 0 0 0.000 0.000 0.000 0.144 0 1 0 0 0 0
 195 121768.000 168662.000 0 0 0.000 0.000 0.000 0.131 0 1 0 0 0 0
 196 40718.000 58809.000 0 0 0.000 0.000 0.000 0.133 0 1 0 0 0 0
 197 108589.000 28096.000 0 0 0.000 0.000 0.000 0.130 0 1 0 0 0 0
 198 162061.000 62556.000 0 0 0.000 0.000 0.000 0.137 0 1 0 0 0 0
 199 55726.000 41723.000 0 0 0.000 0.000 0.000 0.140 0 1 0 0 0 0
 200 169004.000 125023.000 0 0 0.000 0.000 0.000 0.141 0 1 0 0 0 0
 201 63623.000 165856.000 0 0 0.000 0.000 0.000 0.135 0 1 0 0 0 0
 202 40326.000 54425.000 0 0 0.000 0.000 0.000 0.134 0 1 0 0 0 0
 203 33040.000 62765.000 0 0 0.000 0.000 0.000 0.137 0 1 0 0 0 0
 204 69839.000 171048.000 0 0 0.000 0.000 0.000 0.164 0 1 0 0 0 0
 205 24509.000 123031.000 0 0 0.000 0.000 0.000 0.130 0 1 0 0 0 0
 206 21573.000 90857.000 0 0 0.000 0.000 0.000 0.202 0 1 0 0 0 0
 207 21083.000 91395.000 0 0 0.000 0.000 0.000 0.202 0 1 0 0 0 0
 208 128462.000 174852.000 0 0 0.000 0.000 0.000 0.130 0 1 0 0 0 0
 209 137940.000 28693.000 0 0 0.000 0.000 0.000 0.131 0 1 0 0 0 0
 210 95906.000 182855.000 0 0 0.000 0.000 0.000 0.130 0 1 0 0 0 0
 211 109090.000 17071.000 0 0 0.000 0.000 0.000 200000.000 0 1 0 200 0 0
 212 111610.000 188202.000 0 0 0.000 0.000 0.000 0.345 0 1 0 0 0 0
 213 165763.000 162798.000 0 0 0.000 0.000 0.000 0.138 0 1 0 0 0 0
 214 162684.000 168981.000 0 0 0.000 0.000 0.000 0.131 0 1 0 0 0 0
 215 16029.000 140163.000 0 0 0.000 0.000 0.000 0.303 0 1 0 0 0 0;
ProcessEquipmentIDList 1
  "R420" ;
SummarySpec 5
  TESTNO    NDEFECT    DEFDENSITY    NDIE    NDEFDIE  ;
SummaryList 
  1    215    0.7861    1    1  ;
EndOfFile;
