FileVersion 1 2;
FileTimestamp 01-16-26 03:46:07;
InspectionStationID "KLA-Tencor" "SFSSP1" "0901-0728-TBI";
SampleType WAFER;
ResultTimestamp 01-16-26 03:35:08;
LotID "2580";
SampleSize 1 200;
DeviceID "None";
SetupID "T2-2580NR" 01-16-26 03:35:08;
StepID "6706P";
SampleOrientationMarkType NOTCH;
OrientationMarkLocation DOWN;
DiePitch 200000 200000;
DieOrigin 0 0;
WaferID "18";
Slot 18;
SampleCenterLocation 100000 100000;
ClassLookup 1
  0 "0"  ;
OrientationInstructions "Front";
CoordinatesMirrored No;
InspectionTest 1;
SampleTestPlan 1
  0 0 ;
AreaPerTest 2.73519e+010;
DefectRecordSpec 15 DEFECTID XREL YREL XINDEX YINDEX XSIZE YSIZE DEFECTAREA DSIZE CLASSNUMBER TEST CLUSTERNUMBER ROUGHBINNUMBER FINEBINNUMBER REVIEWSAMPLE ;
DefectList
 1 100152.000 99214.000 0 0 0.000 0.000 0.000 0.138 0 1 0 0 0 0
 2 104480.000 101638.000 0 0 0.000 0.000 0.000 0.135 0 1 0 0 0 0
 3 99081.000 105525.000 0 0 0.000 0.000 0.000 0.144 0 1 0 0 0 0
 4 98739.000 106000.000 0 0 0.000 0.000 0.000 0.144 0 1 0 0 0 0
 5 92600.000 102202.000 0 0 0.000 0.000 0.000 0.139 0 1 0 0 0 0
 6 94748.000 94698.000 0 0 0.000 0.000 0.000 0.141 0 1 0 0 0 0
 7 103713.000 107782.000 0 0 0.000 0.000 0.000 0.136 0 1 0 0 0 0
 8 109262.000 99146.000 0 0 0.000 0.000 0.000 0.133 0 1 0 0 0 0
 9 91320.000 104638.000 0 0 0.000 0.000 0.000 0.132 0 1 0 0 0 0
 10 94908.000 89664.000 0 0 0.000 0.000 0.000 0.136 0 1 0 0 0 0
 11 96885.000 88866.000 0 0 0.000 0.000 0.000 0.149 0 1 0 0 0 0
 12 103320.000 111807.000 0 0 0.000 0.000 0.000 0.147 0 1 0 0 0 0
 13 111542.000 95211.000 0 0 0.000 0.000 0.000 0.130 0 1 0 0 0 0
 14 109456.000 110409.000 0 0 0.000 0.000 0.000 0.137 0 1 0 0 0 0
 15 88325.000 108409.000 0 0 0.000 0.000 0.000 0.151 0 1 0 0 0 0
 16 113865.000 104131.000 0 0 0.000 0.000 0.000 0.141 0 1 0 0 0 0
 17 111449.000 108936.000 0 0 0.000 0.000 0.000 0.136 0 1 0 0 0 0
 18 115832.000 105820.000 0 0 0.000 0.000 0.000 0.130 0 1 0 0 0 0
 19 115166.000 108286.000 0 0 0.000 0.000 0.000 0.134 0 1 0 0 0 0
 20 109619.000 84726.000 0 0 0.000 0.000 0.000 0.140 0 1 0 0 0 0
 21 115330.000 90300.000 0 0 0.000 0.000 0.000 0.146 0 1 0 0 0 0
 22 114059.000 87919.000 0 0 0.000 0.000 0.000 0.134 0 1 0 0 0 0
 23 116406.000 88898.000 0 0 0.000 0.000 0.000 0.141 0 1 0 0 0 0
 24 110129.000 82407.000 0 0 0.000 0.000 0.000 0.133 0 1 0 0 0 0
 25 83068.000 87394.000 0 0 0.000 0.000 0.000 0.136 0 1 0 0 0 0
 26 110910.000 82117.000 0 0 0.000 0.000 0.000 0.131 0 1 0 0 0 0
 27 85119.000 115486.000 0 0 0.000 0.000 0.000 0.144 0 1 0 0 0 0
 28 88647.000 81592.000 0 0 0.000 0.000 0.000 0.140 0 1 0 0 0 0
 29 80038.000 90207.000 0 0 0.000 0.000 0.000 0.162 0 1 0 0 0 0
 30 84488.000 84192.000 0 0 0.000 0.000 0.000 0.134 0 1 0 0 0 0
 31 119751.000 89577.000 0 0 0.000 0.000 0.000 0.143 0 1 0 0 0 0
 32 118635.000 113640.000 0 0 0.000 0.000 0.000 0.139 0 1 0 0 0 0
 33 123443.000 97813.000 0 0 0.000 0.000 0.000 0.164 0 1 0 0 0 0
 34 120526.000 111972.000 0 0 0.000 0.000 0.000 0.131 0 1 0 0 0 0
 35 84232.000 81926.000 0 0 0.000 0.000 0.000 0.143 0 1 0 0 0 0
 36 76447.000 108534.000 0 0 0.000 0.000 0.000 0.160 0 1 0 0 0 0
 37 96473.000 74579.000 0 0 0.000 0.000 0.000 0.143 0 1 0 0 0 0
 38 75849.000 110352.000 0 0 0.000 0.000 0.000 0.132 0 1 0 0 0 0
 39 122885.000 87093.000 0 0 0.000 0.000 0.000 0.132 0 1 0 0 0 0
 40 117074.000 79778.000 0 0 0.000 0.000 0.000 0.140 0 1 0 0 0 0
 41 126041.000 107166.000 0 0 0.000 0.000 0.000 0.143 0 1 0 0 0 0
 42 126615.000 94127.000 0 0 0.000 0.000 0.000 0.144 0 1 0 0 0 0
 43 85645.000 76794.000 0 0 0.000 0.000 0.000 0.150 0 1 0 0 0 0
 44 127223.000 103340.000 0 0 0.000 0.000 0.000 0.136 0 1 0 0 0 0
 45 75961.000 113811.000 0 0 0.000 0.000 0.000 0.145 0 1 0 0 0 0
 46 72950.000 106176.000 0 0 0.000 0.000 0.000 0.150 0 1 0 0 0 0
 47 126727.000 107695.000 0 0 0.000 0.000 0.000 0.138 0 1 0 0 0 0
 48 112220.000 125230.000 0 0 0.000 0.000 0.000 0.132 0 1 0 0 0 0
 49 114367.000 124280.000 0 0 0.000 0.000 0.000 0.130 0 1 0 0 0 0
 50 123425.000 116115.000 0 0 0.000 0.000 0.000 0.153 0 1 0 0 0 0
 51 104596.000 128589.000 0 0 0.000 0.000 0.000 0.130 0 1 0 0 0 0
 52 127046.000 89937.000 0 0 0.000 0.000 0.000 0.149 0 1 0 0 0 0
 53 128485.000 104942.000 0 0 0.000 0.000 0.000 0.146 0 1 0 0 0 0
 54 118871.000 77625.000 0 0 0.000 0.000 0.000 0.130 0 1 0 0 0 0
 55 79766.000 122175.000 0 0 0.000 0.000 0.000 0.144 0 1 0 0 0 0
 56 92995.000 71173.000 0 0 0.000 0.000 0.000 0.141 0 1 0 0 0 0
 57 71841.000 111485.000 0 0 0.000 0.000 0.000 0.159 0 1 0 0 0 0
 58 88224.000 71915.000 0 0 0.000 0.000 0.000 0.132 0 1 0 0 0 0
 59 84517.000 127506.000 0 0 0.000 0.000 0.000 0.136 0 1 0 0 0 0
 60 128008.000 85932.000 0 0 0.000 0.000 0.000 0.133 0 1 0 0 0 0
 61 69170.000 107472.000 0 0 0.000 0.000 0.000 0.130 0 1 0 0 0 0
 62 122591.000 122381.000 0 0 0.000 0.000 0.000 0.135 0 1 0 0 0 0
 63 68029.000 96327.000 0 0 0.000 0.000 0.000 0.134 0 1 0 0 0 0
 64 124705.000 79518.000 0 0 0.000 0.000 0.000 0.137 0 1 0 0 0 0
 65 70995.000 114636.000 0 0 0.000 0.000 0.000 0.138 0 1 0 0 0 0
 66 119088.000 74111.000 0 0 0.000 0.000 0.000 0.131 0 1 0 0 0 0
 67 88213.000 130919.000 0 0 0.000 0.000 0.000 0.142 0 1 0 0 0 0
 68 108355.000 132435.000 0 0 0.000 0.000 0.000 0.146 0 1 0 0 0 0
 69 65909.000 101035.000 0 0 0.000 0.000 0.000 0.137 0 1 0 0 0 0
 70 71950.000 119821.000 0 0 0.000 0.000 0.000 0.156 0 1 0 0 0 0
 71 128416.000 79901.000 0 0 0.000 0.000 0.000 0.137 0 1 0 0 0 0
 72 135593.000 100683.000 0 0 0.000 0.000 0.000 0.132 0 1 0 0 0 0
 73 63461.000 105658.000 0 0 0.000 0.000 0.000 0.135 0 1 0 0 0 0
 74 98030.000 62749.000 0 0 0.000 0.000 0.000 0.137 0 1 0 0 0 0
 75 70838.000 75060.000 0 0 0.000 0.000 0.000 0.133 0 1 0 0 0 0
 76 114673.000 64732.000 0 0 0.000 0.000 0.000 0.134 0 1 0 0 0 0
 77 92554.000 62272.000 0 0 0.000 0.000 0.000 0.155 0 1 0 0 0 0
 78 79222.000 133045.000 0 0 0.000 0.000 0.000 0.133 0 1 0 0 0 0
 79 68139.000 75620.000 0 0 0.000 0.000 0.000 0.134 0 1 0 0 0 0
 80 64736.000 119930.000 0 0 0.000 0.000 0.000 0.130 0 1 0 0 0 0
 81 139230.000 110234.000 0 0 0.000 0.000 0.000 0.141 0 1 0 0 0 0
 82 124419.000 133417.000 0 0 0.000 0.000 0.000 0.143 0 1 0 0 0 0
 83 115499.000 61776.000 0 0 0.000 0.000 0.000 0.130 0 1 0 0 0 0
 84 87482.000 140354.000 0 0 0.000 0.000 0.000 0.149 0 1 0 0 0 0
 85 81845.000 138640.000 0 0 0.000 0.000 0.000 0.145 0 1 0 0 0 0
 86 110227.000 58893.000 0 0 0.000 0.000 0.000 0.134 0 1 0 0 0 0
 87 67586.000 128404.000 0 0 0.000 0.000 0.000 0.138 0 1 0 0 0 0
 88 98856.000 57036.000 0 0 0.000 0.000 0.000 0.135 0 1 0 0 0 0
 89 142996.000 89498.000 0 0 0.000 0.000 0.000 0.145 0 1 0 0 0 0
 90 74435.000 136847.000 0 0 0.000 0.000 0.000 0.135 0 1 0 0 0 0
 91 85583.000 57579.000 0 0 0.000 0.000 0.000 0.133 0 1 0 0 0 0
 92 127474.000 136635.000 0 0 0.000 0.000 0.000 0.142 0 1 0 0 0 0
 93 61043.000 124228.000 0 0 0.000 0.000 0.000 0.160 0 1 0 0 0 0
 94 141609.000 80985.000 0 0 0.000 0.000 0.000 0.135 0 1 0 0 0 0
 95 133582.000 132345.000 0 0 0.000 0.000 0.000 0.137 0 1 0 0 0 0
 96 116932.000 143799.000 0 0 0.000 0.000 0.000 0.162 0 1 0 0 0 0
 97 103613.000 147094.000 0 0 0.000 0.000 0.000 0.139 0 1 0 0 0 0
 98 83047.000 144232.000 0 0 0.000 0.000 0.000 0.140 0 1 0 0 0 0
 99 125175.000 140803.000 0 0 0.000 0.000 0.000 0.142 0 1 0 0 0 0
 100 128314.000 61475.000 0 0 0.000 0.000 0.000 0.164 0 1 0 0 0 0
 101 141234.000 125568.000 0 0 0.000 0.000 0.000 0.146 0 1 0 0 0 0
 102 122386.000 57241.000 0 0 0.000 0.000 0.000 0.134 0 1 0 0 0 0
 103 68288.000 137255.000 0 0 0.000 0.000 0.000 0.146 0 1 0 0 0 0
 104 142741.000 123349.000 0 0 0.000 0.000 0.000 0.134 0 1 0 0 0 0
 105 129866.000 61087.000 0 0 0.000 0.000 0.000 0.135 0 1 0 0 0 0
 106 132918.000 136742.000 0 0 0.000 0.000 0.000 0.142 0 1 0 0 0 0
 107 133231.000 62348.000 0 0 0.000 0.000 0.000 0.133 0 1 0 0 0 0
 108 49901.000 89943.000 0 0 0.000 0.000 0.000 0.134 0 1 0 0 0 0
 109 128645.000 57951.000 0 0 0.000 0.000 0.000 0.142 0 1 0 0 0 0
 110 98432.000 151593.000 0 0 0.000 0.000 0.000 0.131 0 1 0 0 0 0
 111 66075.000 61117.000 0 0 0.000 0.000 0.000 0.135 0 1 0 0 0 0
 112 49984.000 114679.000 0 0 0.000 0.000 0.000 0.144 0 1 0 0 0 0
 113 53908.000 74045.000 0 0 0.000 0.000 0.000 0.144 0 1 0 0 0 0
 114 46550.000 104786.000 0 0 0.000 0.000 0.000 0.132 0 1 0 0 0 0
 115 125275.000 147695.000 0 0 0.000 0.000 0.000 0.130 0 1 0 0 0 0
 116 134929.000 142172.000 0 0 0.000 0.000 0.000 0.135 0 1 0 0 0 0
 117 126898.000 51314.000 0 0 0.000 0.000 0.000 0.134 0 1 0 0 0 0
 118 56476.000 135551.000 0 0 0.000 0.000 0.000 0.153 0 1 0 0 0 0
 119 124192.000 48966.000 0 0 0.000 0.000 0.000 0.134 0 1 0 0 0 0
 120 58866.000 60766.000 0 0 0.000 0.000 0.000 0.143 0 1 0 0 0 0
 121 96559.000 42902.000 0 0 0.000 0.000 0.000 0.134 0 1 0 0 0 0
 122 51670.000 67661.000 0 0 0.000 0.000 0.000 0.148 0 1 0 0 0 0
 123 47485.000 74563.000 0 0 0.000 0.000 0.000 0.137 0 1 0 0 0 0
 124 63573.000 54552.000 0 0 0.000 0.000 0.000 0.235 0 1 0 0 0 0
 125 156722.000 78961.000 0 0 0.000 0.000 0.000 0.130 0 1 0 0 0 0
 126 46564.000 68882.000 0 0 0.000 0.000 0.000 0.143 0 1 0 0 0 0
 127 78320.000 38513.000 0 0 0.000 0.000 0.000 0.135 0 1 0 0 0 0
 128 165054.000 87257.000 0 0 0.000 0.000 0.000 0.132 0 1 0 0 0 0
 129 37002.000 78649.000 0 0 0.000 0.000 0.000 0.131 0 1 0 0 0 0
 130 66197.000 42535.000 0 0 0.000 0.000 0.000 0.130 0 1 0 0 0 0
 131 144674.000 151768.000 0 0 0.000 0.000 0.000 0.134 0 1 0 0 0 0
 132 150170.000 152193.000 0 0 0.000 0.000 0.000 0.139 0 1 0 0 0 0
 133 18174.000 113699.000 0 0 0.000 0.000 0.000 0.152 0 1 0 0 0 0
 134 17769.000 113382.000 0 0 0.000 0.000 0.000 0.143 0 1 0 0 0 0
 135 15910.000 111983.000 0 0 0.000 0.000 0.000 0.136 0 1 0 0 0 0
 136 156210.000 35276.000 0 0 0.000 0.000 0.000 0.133 0 1 0 0 0 0
 137 22379.000 139670.000 0 0 0.000 0.000 0.000 0.133 0 1 0 0 0 0
 138 12216.000 109299.000 0 0 0.000 0.000 0.000 0.130 0 1 0 0 0 0
 139 188596.000 112735.000 0 0 0.000 0.000 0.000 0.177 0 1 0 0 0 0;
ProcessEquipmentIDList 1
  "R420" ;
SummarySpec 5
  TESTNO    NDEFECT    DEFDENSITY    NDIE    NDEFDIE  ;
SummaryList 
  1    139    0.5082    1    1  ;
EndOfFile;
