FileVersion 1 2;
FileTimestamp 01-16-26 05:19:15;
InspectionStationID "KLA-Tencor" "SFSSP1" "0901-0728-TBI";
SampleType WAFER;
ResultTimestamp 01-16-26 05:15:46;
LotID "2580";
SampleSize 1 200;
DeviceID "None";
SetupID "T2-2580NR" 01-16-26 05:15:46;
StepID "6706P";
SampleOrientationMarkType NOTCH;
OrientationMarkLocation DOWN;
DiePitch 200000 200000;
DieOrigin 0 0;
WaferID "05";
Slot 5;
SampleCenterLocation 100000 100000;
ClassLookup 1
  0 "0"  ;
OrientationInstructions "Front";
CoordinatesMirrored No;
InspectionTest 1;
SampleTestPlan 1
  0 0 ;
AreaPerTest 2.73513e+010;
ClusterClassificationList 2
  1 210 
  2 210 ;
DefectRecordSpec 15 DEFECTID XREL YREL XINDEX YINDEX XSIZE YSIZE DEFECTAREA DSIZE CLASSNUMBER TEST CLUSTERNUMBER ROUGHBINNUMBER FINEBINNUMBER REVIEWSAMPLE ;
DefectList
 1 97637.000 97950.000 0 0 0.000 0.000 0.000 0.138 0 1 0 0 0 0
 2 104436.000 94809.000 0 0 0.000 0.000 0.000 0.161 0 1 0 0 0 0
 3 99395.000 106634.000 0 0 0.000 0.000 0.000 0.149 0 1 0 0 0 0
 4 100906.000 108249.000 0 0 0.000 0.000 0.000 0.156 0 1 0 0 0 0
 5 94570.000 93076.000 0 0 0.000 0.000 0.000 0.146 0 1 0 0 0 0
 6 91812.000 102787.000 0 0 0.000 0.000 0.000 0.174 0 1 0 0 0 0
 7 107310.000 91891.000 0 0 0.000 0.000 0.000 0.138 0 1 0 0 0 0
 8 103831.000 89195.000 0 0 0.000 0.000 0.000 0.138 0 1 0 0 0 0
 9 104770.000 88781.000 0 0 0.000 0.000 0.000 0.131 0 1 0 0 0 0
 10 98827.000 112312.000 0 0 0.000 0.000 0.000 0.151 0 1 0 0 0 0
 11 84381.000 100905.000 0 0 0.000 0.000 0.000 0.133 0 1 0 0 0 0
 12 84332.000 102628.000 0 0 0.000 0.000 0.000 0.136 0 1 0 0 0 0
 13 86395.000 91483.000 0 0 0.000 0.000 0.000 0.136 0 1 0 0 0 0
 14 116138.000 103899.000 0 0 0.000 0.000 0.000 0.130 0 1 0 0 0 0
 15 114519.000 108187.000 0 0 0.000 0.000 0.000 0.139 0 1 0 0 0 0
 16 83288.000 94983.000 0 0 0.000 0.000 0.000 0.130 0 1 0 0 0 0
 17 103822.000 82649.000 0 0 0.000 0.000 0.000 0.147 0 1 0 0 0 0
 18 110685.000 85675.000 0 0 0.000 0.000 0.000 0.151 0 1 0 0 0 0
 19 118075.000 102856.000 0 0 0.000 0.000 0.000 0.134 0 1 0 0 0 0
 20 80936.000 102723.000 0 0 0.000 0.000 0.000 0.137 0 1 0 0 0 0
 21 116091.000 89014.000 0 0 0.000 0.000 0.000 0.143 0 1 0 0 0 0
 22 92584.000 117987.000 0 0 0.000 0.000 0.000 0.130 0 1 0 0 0 0
 23 113484.000 115266.000 0 0 0.000 0.000 0.000 0.135 0 1 0 0 0 0
 24 102240.000 79095.000 0 0 0.000 0.000 0.000 0.183 0 1 0 0 0 0
 25 80030.000 106162.000 0 0 0.000 0.000 0.000 0.159 0 1 0 0 0 0
 26 93788.000 79280.000 0 0 0.000 0.000 0.000 0.136 0 1 0 0 0 0
 27 99883.000 121361.000 0 0 0.000 0.000 0.000 0.132 0 1 0 0 0 0
 28 96990.000 77692.000 0 0 0.000 0.000 0.000 0.137 0 1 0 0 0 0
 29 100002.000 77111.000 0 0 0.000 0.000 0.000 0.164 0 1 0 0 0 0
 30 95784.000 122107.000 0 0 0.000 0.000 0.000 0.159 0 1 0 0 0 0
 31 79233.000 89181.000 0 0 0.000 0.000 0.000 0.137 0 1 0 0 0 0
 32 120231.000 111889.000 0 0 0.000 0.000 0.000 0.145 0 1 0 0 0 0
 33 121421.000 89267.000 0 0 0.000 0.000 0.000 0.139 0 1 0 0 0 0
 34 121669.000 90160.000 0 0 0.000 0.000 0.000 0.151 0 1 0 0 0 0
 35 102002.000 76038.000 0 0 0.000 0.000 0.000 0.155 0 1 0 0 0 0
 36 115573.000 81309.000 0 0 0.000 0.000 0.000 0.135 0 1 0 0 0 0
 37 89363.000 121517.000 0 0 0.000 0.000 0.000 0.141 0 1 0 0 0 0
 38 118235.000 116377.000 0 0 0.000 0.000 0.000 0.137 0 1 0 0 0 0
 39 78567.000 112353.000 0 0 0.000 0.000 0.000 0.148 0 1 0 0 0 0
 40 96103.000 124879.000 0 0 0.000 0.000 0.000 0.146 0 1 0 0 0 0
 41 90770.000 123392.000 0 0 0.000 0.000 0.000 0.157 0 1 0 0 0 0
 42 79852.000 115456.000 0 0 0.000 0.000 0.000 0.144 0 1 0 0 0 0
 43 74646.000 95832.000 0 0 0.000 0.000 0.000 0.133 0 1 0 0 0 0
 44 87777.000 77142.000 0 0 0.000 0.000 0.000 0.139 0 1 0 0 0 0
 45 115091.000 120758.000 0 0 0.000 0.000 0.000 0.165 0 1 0 0 0 0
 46 126822.000 98799.000 0 0 0.000 0.000 0.000 0.135 0 1 0 0 0 0
 47 99027.000 72150.000 0 0 0.000 0.000 0.000 0.145 0 1 0 0 0 0
 48 95964.000 71920.000 0 0 0.000 0.000 0.000 0.142 0 1 0 0 0 0
 49 118683.000 78387.000 0 0 0.000 0.000 0.000 0.131 0 1 0 0 0 0
 50 125904.000 111523.000 0 0 0.000 0.000 0.000 0.135 0 1 0 0 0 0
 51 78890.000 118779.000 0 0 0.000 0.000 0.000 0.134 0 1 0 0 0 0
 52 86007.000 74633.000 0 0 0.000 0.000 0.000 0.135 0 1 0 0 0 0
 53 128492.000 106025.000 0 0 0.000 0.000 0.000 0.132 0 1 0 0 0 0
 54 129283.000 97547.000 0 0 0.000 0.000 0.000 0.151 0 1 0 0 0 0
 55 125354.000 114968.000 0 0 0.000 0.000 0.000 0.136 0 1 0 0 0 0
 56 127539.000 110950.000 0 0 0.000 0.000 0.000 0.148 0 1 0 0 0 0
 57 70422.000 102978.000 0 0 0.000 0.000 0.000 0.135 0 1 0 0 0 0
 58 70291.000 101797.000 0 0 0.000 0.000 0.000 0.138 0 1 0 0 0 0
 59 122648.000 119243.000 0 0 0.000 0.000 0.000 0.138 0 1 0 0 0 0
 60 128711.000 90608.000 0 0 0.000 0.000 0.000 0.135 0 1 0 0 0 0
 61 129960.000 96920.000 0 0 0.000 0.000 0.000 0.146 0 1 0 0 0 0
 62 109952.000 70905.000 0 0 0.000 0.000 0.000 0.145 0 1 0 0 0 0
 63 123090.000 79763.000 0 0 0.000 0.000 0.000 0.153 0 1 0 0 0 0
 64 125795.000 116271.000 0 0 0.000 0.000 0.000 0.132 0 1 0 0 0 0
 65 130655.000 101834.000 0 0 0.000 0.000 0.000 0.152 0 1 0 0 0 0
 66 72171.000 86024.000 0 0 0.000 0.000 0.000 0.155 0 1 0 0 0 0
 67 127412.000 115352.000 0 0 0.000 0.000 0.000 0.141 0 1 0 0 0 0
 68 71547.000 86049.000 0 0 0.000 0.000 0.000 0.142 0 1 0 0 0 0
 69 131187.000 91950.000 0 0 0.000 0.000 0.000 0.140 0 1 0 0 0 0
 70 79204.000 75192.000 0 0 0.000 0.000 0.000 0.130 0 1 0 0 0 0
 71 95556.000 131798.000 0 0 0.000 0.000 0.000 0.143 0 1 0 0 0 0
 72 88712.000 130078.000 0 0 0.000 0.000 0.000 0.139 0 1 0 0 0 0
 73 132694.000 96855.000 0 0 0.000 0.000 0.000 0.131 0 1 0 0 0 0
 74 69184.000 88101.000 0 0 0.000 0.000 0.000 0.135 0 1 0 0 0 0
 75 96832.000 67061.000 0 0 0.000 0.000 0.000 0.136 0 1 0 0 0 0
 76 107546.000 132194.000 0 0 0.000 0.000 0.000 0.139 0 1 0 0 0 0
 77 132341.000 109792.000 0 0 0.000 0.000 0.000 0.161 0 1 0 0 0 0
 78 102020.000 65656.000 0 0 0.000 0.000 0.000 0.146 0 1 0 0 0 0
 79 126907.000 78556.000 0 0 0.000 0.000 0.000 0.137 0 1 0 0 0 0
 80 119463.000 128069.000 0 0 0.000 0.000 0.000 0.137 0 1 0 0 0 0
 81 71066.000 80461.000 0 0 0.000 0.000 0.000 0.134 0 1 0 0 0 0
 82 65298.000 104133.000 0 0 0.000 0.000 0.000 0.149 0 1 0 0 0 0
 83 110438.000 65479.000 0 0 0.000 0.000 0.000 0.144 0 1 0 0 0 0
 84 93926.000 135334.000 0 0 0.000 0.000 0.000 0.153 0 1 0 0 0 0
 85 65844.000 111426.000 0 0 0.000 0.000 0.000 0.133 0 1 0 0 0 0
 86 63880.000 96247.000 0 0 0.000 0.000 0.000 0.136 0 1 0 0 0 0
 87 135835.000 92380.000 0 0 0.000 0.000 0.000 0.133 0 1 0 0 0 0
 88 132065.000 81769.000 0 0 0.000 0.000 0.000 0.150 0 1 0 0 0 0
 89 65701.000 86350.000 0 0 0.000 0.000 0.000 0.160 0 1 0 0 0 0
 90 125603.000 72962.000 0 0 0.000 0.000 0.000 0.136 0 1 0 0 0 0
 91 120485.000 130831.000 0 0 0.000 0.000 0.000 0.150 0 1 0 0 0 0
 92 84601.000 134154.000 0 0 0.000 0.000 0.000 0.149 0 1 0 0 0 0
 93 131849.000 78783.000 0 0 0.000 0.000 0.000 0.130 0 1 0 0 0 0
 94 120726.000 131910.000 0 0 0.000 0.000 0.000 0.139 0 1 0 0 0 0
 95 108960.000 136992.000 0 0 0.000 0.000 0.000 0.138 0 1 0 0 0 0
 96 90534.000 136851.000 0 0 0.000 0.000 0.000 0.148 0 1 0 0 0 0
 97 69146.000 122380.000 0 0 0.000 0.000 0.000 0.143 0 1 0 0 0 0
 98 104074.000 138042.000 0 0 0.000 0.000 0.000 0.153 0 1 0 0 0 0
 99 69709.000 75142.000 0 0 0.000 0.000 0.000 0.156 0 1 0 0 0 0
 100 122186.000 67628.000 0 0 0.000 0.000 0.000 0.151 0 1 0 0 0 0
 101 61081.000 105469.000 0 0 0.000 0.000 0.000 0.133 0 1 0 0 0 0
 102 116802.000 63636.000 0 0 0.000 0.000 0.000 0.132 0 1 0 0 0 0
 103 63797.000 82646.000 0 0 0.000 0.000 0.000 0.166 0 1 0 0 0 0
 104 132089.000 75637.000 0 0 0.000 0.000 0.000 0.130 0 1 0 0 0 0
 105 132941.000 123668.000 0 0 0.000 0.000 0.000 0.149 0 1 0 0 0 0
 106 65108.000 77261.000 0 0 0.000 0.000 0.000 0.132 0 1 0 0 0 0
 107 107812.000 58955.000 0 0 0.000 0.000 0.000 0.144 0 1 0 0 0 0
 108 140736.000 111574.000 0 0 0.000 0.000 0.000 0.130 0 1 0 0 0 0
 109 122282.000 63376.000 0 0 0.000 0.000 0.000 0.142 0 1 0 0 0 0
 110 110231.000 57947.000 0 0 0.000 0.000 0.000 0.131 0 1 0 0 0 0
 111 59690.000 83944.000 0 0 0.000 0.000 0.000 0.133 0 1 0 0 0 0
 112 68503.000 70110.000 0 0 0.000 0.000 0.000 0.154 0 1 0 0 0 0
 113 118081.000 60407.000 0 0 0.000 0.000 0.000 0.147 0 1 0 0 0 0
 114 75833.000 63734.000 0 0 0.000 0.000 0.000 0.175 0 1 0 0 0 0
 115 133096.000 71091.000 0 0 0.000 0.000 0.000 0.161 0 1 0 0 0 0
 116 142091.000 115041.000 0 0 0.000 0.000 0.000 0.133 0 1 0 0 0 0
 117 103388.000 144345.000 0 0 0.000 0.000 0.000 0.151 0 1 0 0 0 0
 118 55165.000 91011.000 0 0 0.000 0.000 0.000 0.138 0 1 0 0 0 0
 119 54104.000 98093.000 0 0 0.000 0.000 0.000 0.164 0 1 0 0 0 0
 120 141445.000 79652.000 0 0 0.000 0.000 0.000 0.146 0 1 0 0 0 0
 121 56834.000 83404.000 0 0 0.000 0.000 0.000 0.146 0 1 0 0 0 0
 122 146171.000 100356.000 0 0 0.000 0.000 0.000 0.157 0 1 0 0 0 0
 123 141401.000 120309.000 0 0 0.000 0.000 0.000 0.152 0 1 0 0 0 0
 124 132130.000 133086.000 0 0 0.000 0.000 0.000 0.148 0 1 0 0 0 0
 125 143340.000 117593.000 0 0 56.000 42.000 2352.000 48.497 0 1 1 210 0 0
 126 66509.000 132216.000 0 0 0.000 0.000 0.000 0.149 0 1 0 0 0 0
 127 133833.000 67128.000 0 0 0.000 0.000 0.000 0.134 0 1 0 0 0 0
 128 147118.000 104161.000 0 0 0.000 0.000 0.000 0.143 0 1 0 0 0 0
 129 61517.000 72062.000 0 0 0.000 0.000 0.000 0.164 0 1 0 0 0 0
 130 94155.000 147176.000 0 0 0.000 0.000 0.000 0.131 0 1 0 0 0 0
 131 146594.000 88499.000 0 0 0.000 0.000 0.000 0.131 0 1 0 0 0 0
 132 88760.000 146709.000 0 0 0.000 0.000 0.000 0.146 0 1 0 0 0 0
 133 108527.000 147440.000 0 0 0.000 0.000 0.000 0.139 0 1 0 0 0 0
 134 64857.000 66180.000 0 0 0.000 0.000 0.000 0.133 0 1 0 0 0 0
 135 72518.000 139803.000 0 0 0.000 0.000 0.000 0.155 0 1 0 0 0 0
 136 147072.000 112480.000 0 0 0.000 0.000 0.000 0.140 0 1 0 0 0 0
 137 148882.000 99101.000 0 0 0.000 0.000 0.000 0.134 0 1 0 0 0 0
 138 63097.000 67217.000 0 0 0.000 0.000 0.000 0.142 0 1 0 0 0 0
 139 106203.000 148675.000 0 0 0.000 0.000 0.000 0.138 0 1 0 0 0 0
 140 50574.000 98255.000 0 0 0.000 0.000 0.000 0.132 0 1 0 0 0 0
 141 130060.000 139201.000 0 0 0.000 0.000 0.000 0.137 0 1 0 0 0 0
 142 52640.000 116527.000 0 0 0.000 0.000 0.000 0.140 0 1 0 0 0 0
 143 106782.000 149693.000 0 0 0.000 0.000 0.000 0.138 0 1 0 0 0 0
 144 50756.000 113466.000 0 0 0.000 0.000 0.000 0.137 0 1 0 0 0 0
 145 72883.000 56564.000 0 0 0.000 0.000 0.000 0.131 0 1 0 0 0 0
 146 130098.000 141183.000 0 0 0.000 0.000 0.000 0.136 0 1 0 0 0 0
 147 119015.000 147348.000 0 0 0.000 0.000 0.000 0.148 0 1 0 0 0 0
 148 144770.000 124847.000 0 0 0.000 0.000 0.000 0.169 0 1 0 0 0 0
 149 50925.000 84379.000 0 0 0.000 0.000 0.000 0.145 0 1 0 0 0 0
 150 58925.000 68395.000 0 0 0.000 0.000 0.000 0.137 0 1 0 0 0 0
 151 141271.000 68621.000 0 0 0.000 0.000 0.000 0.139 0 1 0 0 0 0
 152 79546.000 147465.000 0 0 0.000 0.000 0.000 0.132 0 1 0 0 0 0
 153 152526.000 104171.000 0 0 0.000 0.000 0.000 0.134 0 1 0 0 0 0
 154 126835.000 145182.000 0 0 0.000 0.000 0.000 0.158 0 1 0 0 0 0
 155 59103.000 66139.000 0 0 0.000 0.000 0.000 0.138 0 1 0 0 0 0
 156 57536.000 67681.000 0 0 0.000 0.000 0.000 0.138 0 1 0 0 0 0
 157 152927.000 105454.000 0 0 0.000 0.000 0.000 0.130 0 1 0 0 0 0
 158 64433.000 139392.000 0 0 0.000 0.000 0.000 0.141 0 1 0 0 0 0
 159 59301.000 65490.000 0 0 0.000 0.000 0.000 0.134 0 1 0 0 0 0
 160 82002.000 49529.000 0 0 0.000 0.000 0.000 0.134 0 1 0 0 0 0
 161 65021.000 59350.000 0 0 0.000 0.000 0.000 0.144 0 1 0 0 0 0
 162 140974.000 134179.000 0 0 0.000 0.000 0.000 0.142 0 1 0 0 0 0
 163 46204.000 96056.000 0 0 0.000 0.000 0.000 0.143 0 1 0 0 0 0
 164 151438.000 81627.000 0 0 0.000 0.000 0.000 0.139 0 1 0 0 0 0
 165 54050.000 69660.000 0 0 0.000 0.000 0.000 0.150 0 1 0 0 0 0
 166 44842.000 99826.000 0 0 0.000 0.000 0.000 0.130 0 1 0 0 0 0
 167 111260.000 154020.000 0 0 0.000 0.000 0.000 0.151 0 1 0 0 0 0
 168 82432.000 152318.000 0 0 0.000 0.000 0.000 0.156 0 1 0 0 0 0
 169 109911.000 154500.000 0 0 0.000 0.000 0.000 0.162 0 1 0 0 0 0
 170 44755.000 92185.000 0 0 0.000 0.000 0.000 0.135 0 1 0 0 0 0
 171 133454.000 55077.000 0 0 0.000 0.000 0.000 0.134 0 1 0 0 0 0
 172 151088.000 77355.000 0 0 0.000 0.000 0.000 0.165 0 1 0 0 0 0
 173 135967.000 56644.000 0 0 0.000 0.000 0.000 0.140 0 1 0 0 0 0
 174 117612.000 153293.000 0 0 0.000 0.000 0.000 0.131 0 1 0 0 0 0
 175 43672.000 105413.000 0 0 0.000 0.000 0.000 0.141 0 1 0 0 0 0
 176 120791.000 46961.000 0 0 0.000 0.000 0.000 0.131 0 1 0 0 0 0
 177 139267.000 57753.000 0 0 0.000 0.000 0.000 0.136 0 1 0 0 0 0
 178 112279.000 156049.000 0 0 0.000 0.000 0.000 0.141 0 1 0 0 0 0
 179 70215.000 50315.000 0 0 0.000 0.000 0.000 0.134 0 1 0 0 0 0
 180 120382.000 45323.000 0 0 0.000 0.000 0.000 0.135 0 1 0 0 0 0
 181 123201.000 153039.000 0 0 0.000 0.000 0.000 0.135 0 1 0 0 0 0
 182 63186.000 54392.000 0 0 0.000 0.000 0.000 0.130 0 1 0 0 0 0
 183 72446.000 48042.000 0 0 0.000 0.000 0.000 0.135 0 1 0 0 0 0
 184 158586.000 103011.000 0 0 0.000 0.000 0.000 0.132 0 1 0 0 0 0
 185 41894.000 90940.000 0 0 0.000 0.000 0.000 0.136 0 1 0 0 0 0
 186 157623.000 88011.000 0 0 0.000 0.000 0.000 0.130 0 1 0 0 0 0
 187 158251.000 90347.000 0 0 0.000 0.000 0.000 0.146 0 1 0 0 0 0
 188 56350.000 59768.000 0 0 0.000 0.000 0.000 0.143 0 1 0 0 0 0
 189 57939.000 57968.000 0 0 0.000 0.000 0.000 0.133 0 1 0 0 0 0
 190 123306.000 45241.000 0 0 0.000 0.000 0.000 0.152 0 1 0 0 0 0
 191 50575.000 132811.000 0 0 0.000 0.000 0.000 0.138 0 1 0 0 0 0
 192 106310.000 158855.000 0 0 0.000 0.000 0.000 0.130 0 1 0 0 0 0
 193 103314.000 159136.000 0 0 0.000 0.000 0.000 0.134 0 1 0 0 0 0
 194 98585.000 160213.000 0 0 0.000 0.000 0.000 0.141 0 1 0 0 0 0
 195 41143.000 84627.000 0 0 0.000 0.000 0.000 0.163 0 1 0 0 0 0
 196 66208.000 150511.000 0 0 0.000 0.000 0.000 0.138 0 1 0 0 0 0
 197 131935.000 151905.000 0 0 0.000 0.000 0.000 0.137 0 1 0 0 0 0
 198 150391.000 64715.000 0 0 0.000 0.000 0.000 0.136 0 1 0 0 0 0
 199 143965.000 142615.000 0 0 0.000 0.000 0.000 0.132 0 1 0 0 0 0
 200 104136.000 161403.000 0 0 0.000 0.000 0.000 0.130 0 1 0 0 0 0
 201 39388.000 87005.000 0 0 0.000 0.000 0.000 0.141 0 1 0 0 0 0
 202 58229.000 54048.000 0 0 0.000 0.000 0.000 0.145 0 1 0 0 0 0
 203 90653.000 38453.000 0 0 0.000 0.000 0.000 0.141 0 1 0 0 0 0
 204 92013.000 38355.000 0 0 0.000 0.000 0.000 0.137 0 1 0 0 0 0
 205 39548.000 115485.000 0 0 0.000 0.000 0.000 0.138 0 1 0 0 0 0
 206 150249.000 137129.000 0 0 0.000 0.000 0.000 0.153 0 1 0 0 0 0
 207 72913.000 156136.000 0 0 0.000 0.000 0.000 0.137 0 1 0 0 0 0
 208 72754.000 156321.000 0 0 0.000 0.000 0.000 0.157 0 1 0 0 0 0
 209 157098.000 73340.000 0 0 0.000 0.000 0.000 0.131 0 1 0 0 0 0
 210 161689.000 112779.000 0 0 0.000 0.000 0.000 0.133 0 1 0 0 0 0
 211 49504.000 61795.000 0 0 0.000 0.000 0.000 0.164 0 1 0 0 0 0
 212 38431.000 114661.000 0 0 0.000 0.000 0.000 0.146 0 1 0 0 0 0
 213 162939.000 110640.000 0 0 0.000 0.000 0.000 0.133 0 1 0 0 0 0
 214 146953.000 143402.000 0 0 0.000 0.000 0.000 0.143 0 1 0 0 0 0
 215 111629.000 36606.000 0 0 0.000 0.000 0.000 0.133 0 1 0 0 0 0
 216 38307.000 118956.000 0 0 0.000 0.000 0.000 0.152 0 1 0 0 0 0
 217 163869.000 110499.000 0 0 0.000 0.000 0.000 0.153 0 1 0 0 0 0
 218 164992.000 98237.000 0 0 0.000 0.000 0.000 0.133 0 1 0 0 0 0
 219 161882.000 120014.000 0 0 0.000 0.000 0.000 0.143 0 1 0 0 0 0
 220 34631.000 97696.000 0 0 0.000 0.000 0.000 0.143 0 1 0 0 0 0
 221 124474.000 38688.000 0 0 0.000 0.000 0.000 0.136 0 1 0 0 0 0
 222 120024.000 162398.000 0 0 0.000 0.000 0.000 0.137 0 1 0 0 0 0
 223 55585.000 148262.000 0 0 0.000 0.000 0.000 0.132 0 1 0 0 0 0
 224 165148.000 87395.000 0 0 0.000 0.000 0.000 0.132 0 1 0 0 0 0
 225 142727.000 49018.000 0 0 0.000 0.000 0.000 0.130 0 1 0 0 0 0
 226 164529.000 83417.000 0 0 0.000 0.000 0.000 0.131 0 1 0 0 0 0
 227 98404.000 33033.000 0 0 0.000 0.000 0.000 0.138 0 1 0 0 0 0
 228 70197.000 159566.000 0 0 0.000 0.000 0.000 0.135 0 1 0 0 0 0
 229 96950.000 32256.000 0 0 0.000 0.000 0.000 0.417 0 1 0 0 0 0
 230 32278.000 101216.000 0 0 0.000 0.000 0.000 0.135 0 1 0 0 0 0
 231 97535.000 32145.000 0 0 0.000 0.000 0.000 0.156 0 1 0 0 0 0
 232 167432.000 107053.000 0 0 0.000 0.000 0.000 0.154 0 1 0 0 0 0
 233 67880.000 159452.000 0 0 0.000 0.000 0.000 0.133 0 1 0 0 0 0
 234 96723.000 31736.000 0 0 0.000 0.000 0.000 0.132 0 1 0 0 0 0
 235 71262.000 37803.000 0 0 0.000 0.000 0.000 0.134 0 1 0 0 0 0
 236 54304.000 48733.000 0 0 0.000 0.000 0.000 0.134 0 1 0 0 0 0
 237 100003.000 169161.000 0 0 0.000 0.000 0.000 0.131 0 1 0 0 0 0
 238 31281.000 84890.000 0 0 0.000 0.000 0.000 0.141 0 1 0 0 0 0
 239 77024.000 33336.000 0 0 0.000 0.000 0.000 0.151 0 1 0 0 0 0
 240 109627.000 169708.000 0 0 0.000 0.000 0.000 0.142 0 1 0 0 0 0
 241 29706.000 92943.000 0 0 0.000 0.000 0.000 0.135 0 1 0 0 0 0
 242 142632.000 43103.000 0 0 0.000 0.000 0.000 0.130 0 1 0 0 0 0
 243 166020.000 73407.000 0 0 0.000 0.000 0.000 0.130 0 1 0 0 0 0
 244 160279.000 138305.000 0 0 0.000 0.000 0.000 0.142 0 1 0 0 0 0
 245 120384.000 168431.000 0 0 0.000 0.000 0.000 0.131 0 1 0 0 0 0
 246 89794.000 171319.000 0 0 0.000 0.000 0.000 0.139 0 1 0 0 0 0
 247 102174.000 27487.000 0 0 0.000 0.000 0.000 0.137 0 1 0 0 0 0
 248 169064.000 121842.000 0 0 0.000 0.000 0.000 0.133 0 1 0 0 0 0
 249 148185.000 155008.000 0 0 0.000 0.000 0.000 0.133 0 1 0 0 0 0
 250 52798.000 43523.000 0 0 0.000 0.000 0.000 0.134 0 1 0 0 0 0
 251 88402.000 27324.000 0 0 0.000 0.000 0.000 0.130 0 1 0 0 0 0
 252 90423.000 173136.000 0 0 0.000 0.000 0.000 0.134 0 1 0 0 0 0
 253 83628.000 172303.000 0 0 0.000 0.000 0.000 0.140 0 1 0 0 0 0
 254 75056.000 170500.000 0 0 0.000 0.000 0.000 0.134 0 1 0 0 0 0
 255 110566.000 25082.000 0 0 0.000 0.000 0.000 0.133 0 1 0 0 0 0
 256 161009.000 144168.000 0 0 0.000 0.000 0.000 0.130 0 1 0 0 0 0
 257 75874.000 27856.000 0 0 0.000 0.000 0.000 0.130 0 1 0 0 0 0
 258 112959.000 24922.000 0 0 0.000 0.000 0.000 0.133 0 1 0 0 0 0
 259 103089.000 175657.000 0 0 0.000 0.000 0.000 0.135 0 1 0 0 0 0
 260 98735.000 22975.000 0 0 0.000 0.000 0.000 0.132 0 1 0 0 0 0
 261 64749.000 31156.000 0 0 0.000 0.000 0.000 0.131 0 1 0 0 0 0
 262 177797.000 111516.000 0 0 0.000 0.000 0.000 0.131 0 1 0 0 0 0
 263 82963.000 21946.000 0 0 0.000 0.000 0.000 0.150 0 1 0 0 0 0
 264 82557.000 21811.000 0 0 0.000 0.000 0.000 0.153 0 1 0 0 0 0
 265 63943.000 172270.000 0 0 0.000 0.000 0.000 0.133 0 1 0 0 0 0
 266 36670.000 150689.000 0 0 0.000 0.000 0.000 0.137 0 1 0 0 0 0
 267 175736.000 133604.000 0 0 54.000 42.000 2268.000 47.623 0 1 2 210 0 0
 268 176295.000 133911.000 0 0 54.000 42.000 2268.000 47.623 0 1 2 210 0 0
 269 177059.000 134333.000 0 0 54.000 42.000 2268.000 47.623 0 1 2 210 0 0
 270 177473.000 134568.000 0 0 54.000 42.000 2268.000 47.623 0 1 2 210 0 0
 271 178370.000 135061.000 0 0 54.000 42.000 2268.000 47.623 0 1 2 210 0 0
 272 92084.000 185088.000 0 0 0.000 0.000 0.000 0.209 0 1 0 0 0 0
 273 179568.000 135725.000 0 0 54.000 42.000 2268.000 47.623 0 1 2 210 0 0
 274 144857.000 24392.000 0 0 0.000 0.000 0.000 0.135 0 1 0 0 0 0
 275 187468.000 107681.000 0 0 0.000 0.000 0.000 0.130 0 1 0 0 0 0
 276 180298.000 136134.000 0 0 54.000 42.000 2268.000 47.623 0 1 2 210 0 0
 277 97118.000 188015.000 0 0 0.000 0.000 0.000 0.137 0 1 0 0 0 0
 278 180734.000 136378.000 0 0 54.000 42.000 2268.000 47.623 0 1 2 210 0 0
 279 181499.000 136801.000 0 0 54.000 42.000 2268.000 47.623 0 1 2 210 0 0
 280 182102.000 137146.000 0 0 54.000 42.000 2268.000 47.623 0 1 2 210 0 0
 281 182576.000 137401.000 0 0 54.000 42.000 2268.000 47.623 0 1 2 210 0 0
 282 142477.000 117238.000 0 0 9.089 22.398 203.589 14.268 0 1 1 210 0 0
 283 142633.000 117303.000 0 0 11.612 28.612 332.255 18.227 0 1 1 210 0 0
 284 142790.000 117368.000 0 0 11.656 28.717 334.734 18.295 0 1 1 210 0 0
 285 142947.000 117433.000 0 0 13.371 32.940 440.452 20.986 0 1 1 210 0 0
 286 143105.000 117499.000 0 0 14.260 35.127 500.930 22.381 0 1 1 210 0 0
 287 143262.000 117562.000 0 0 15.154 37.329 565.694 23.784 0 1 1 210 0 0
 288 143419.000 117628.000 0 0 14.365 35.383 508.313 22.545 0 1 1 210 0 0
 289 143575.000 117694.000 0 0 11.026 27.154 299.421 17.303 0 1 1 210 0 0
 290 143732.000 117759.000 0 0 9.364 23.059 215.940 14.694 0 1 1 210 0 0
 291 167675.000 129226.000 0 0 5.604 12.976 72.723 8.527 0 1 2 210 0 0
 292 167826.000 129306.000 0 0 11.239 26.011 292.341 17.097 0 1 2 210 0 0
 293 167975.000 129387.000 0 0 14.087 32.585 459.053 21.425 0 1 2 210 0 0
 294 168126.000 129467.000 0 0 18.362 42.454 779.577 27.920 0 1 2 210 0 0
 295 168276.000 129548.000 0 0 18.413 42.547 783.464 27.990 0 1 2 210 0 0
 296 168427.000 129627.000 0 0 19.883 45.922 913.113 30.217 0 1 2 210 0 0
 297 168577.000 129708.000 0 0 19.938 46.023 917.622 30.292 0 1 2 210 0 0
 298 168727.000 129789.000 0 0 19.992 46.124 922.141 30.366 0 1 2 210 0 0
 299 168877.000 129871.000 0 0 20.047 46.224 926.693 30.441 0 1 2 210 0 0
 300 169025.000 129956.000 0 0 22.976 52.942 1216.416 34.877 0 1 2 210 0 0
 301 169196.000 129987.000 0 0 11.499 26.536 305.170 17.469 0 1 2 210 0 0
 302 169175.000 130035.000 0 0 21.596 49.740 1074.231 32.775 0 1 2 210 0 0
 303 169350.000 130062.000 0 0 11.528 26.595 306.614 17.510 0 1 2 210 0 0
 304 169328.000 130113.000 0 0 21.652 49.849 1079.393 32.854 0 1 2 210 0 0
 305 169478.000 130194.000 0 0 23.158 53.289 1234.122 35.130 0 1 2 210 0 0
 306 169647.000 130228.000 0 0 8.694 20.032 174.170 13.197 0 1 2 210 0 0
 307 169629.000 130275.000 0 0 20.318 46.729 949.474 30.813 0 1 2 210 0 0
 308 169799.000 130309.000 0 0 8.717 20.075 175.016 13.229 0 1 2 210 0 0
 309 169779.000 130357.000 0 0 20.373 46.830 954.091 30.888 0 1 2 210 0 0
 310 169948.000 130391.000 0 0 8.741 20.118 175.866 13.261 0 1 2 210 0 0
 311 169929.000 130439.000 0 0 20.428 46.930 958.720 30.963 0 1 2 210 0 0
 312 170079.000 130520.000 0 0 20.482 47.031 963.337 31.037 0 1 2 210 0 0
 313 170228.000 130602.000 0 0 20.537 47.131 967.972 31.112 0 1 2 210 0 0
 314 170380.000 130681.000 0 0 20.590 47.233 972.575 31.186 0 1 2 210 0 0
 315 170529.000 130764.000 0 0 19.171 43.951 842.621 29.027 0 1 2 210 0 0
 316 170678.000 130846.000 0 0 19.222 44.044 846.658 29.097 0 1 2 210 0 0
 317 170829.000 130927.000 0 0 20.756 47.534 986.634 31.410 0 1 2 210 0 0
 318 170978.000 131009.000 0 0 17.837 40.830 728.328 26.987 0 1 2 210 0 0
 319 171129.000 131087.000 0 0 17.882 40.916 731.703 27.050 0 1 2 210 0 0
 320 171278.000 131171.000 0 0 16.436 37.584 617.755 24.854 0 1 2 210 0 0
 321 171427.000 131254.000 0 0 16.480 37.663 620.699 24.913 0 1 2 210 0 0
 322 171576.000 131336.000 0 0 16.523 37.741 623.630 24.972 0 1 2 210 0 0
 323 171726.000 131418.000 0 0 16.566 37.820 626.574 25.031 0 1 2 210 0 0
 324 171876.000 131499.000 0 0 18.241 41.622 759.250 27.554 0 1 2 210 0 0
 325 172026.000 131580.000 0 0 16.652 37.979 632.438 25.148 0 1 2 210 0 0
 326 172176.000 131662.000 0 0 16.695 38.058 635.402 25.207 0 1 2 210 0 0
 327 172325.000 131746.000 0 0 16.739 38.136 638.387 25.266 0 1 2 210 0 0
 328 172474.000 131828.000 0 0 16.783 38.215 641.372 25.325 0 1 2 210 0 0
 329 172623.000 131909.000 0 0 18.355 41.776 766.840 27.691 0 1 2 210 0 0
 330 172775.000 131986.000 0 0 16.866 38.374 647.232 25.440 0 1 2 210 0 0
 331 172923.000 132074.000 0 0 18.450 41.948 773.998 27.820 0 1 2 210 0 0
 332 173072.000 132155.000 0 0 16.955 38.530 653.310 25.559 0 1 2 210 0 0
 333 173221.000 132239.000 0 0 16.999 38.609 656.336 25.619 0 1 2 210 0 0
 334 173372.000 132319.000 0 0 18.591 42.206 784.702 28.012 0 1 2 210 0 0
 335 173523.000 132400.000 0 0 18.637 42.294 788.275 28.076 0 1 2 210 0 0
 336 173670.000 132485.000 0 0 17.129 38.846 665.400 25.795 0 1 2 210 0 0
 337 173820.000 132567.000 0 0 17.172 38.924 668.439 25.854 0 1 2 210 0 0
 338 173969.000 132651.000 0 0 17.216 39.003 671.513 25.913 0 1 2 210 0 0
 339 174119.000 132731.000 0 0 17.258 39.082 674.526 25.971 0 1 2 210 0 0
 340 174269.000 132813.000 0 0 17.302 39.161 677.585 26.030 0 1 2 210 0 0
 341 174419.000 132896.000 0 0 18.706 42.319 791.652 28.136 0 1 2 210 0 0
 342 174568.000 132977.000 0 0 17.388 39.319 683.718 26.148 0 1 2 210 0 0
 343 174717.000 133059.000 0 0 19.239 43.484 836.638 28.924 0 1 2 210 0 0
 344 174867.000 133142.000 0 0 19.284 43.562 840.071 28.983 0 1 2 210 0 0
 345 175016.000 133224.000 0 0 17.519 39.555 692.980 26.324 0 1 2 210 0 0
 346 175165.000 133308.000 0 0 17.563 39.634 696.108 26.383 0 1 2 210 0 0
 347 175315.000 133387.000 0 0 17.604 39.713 699.150 26.441 0 1 2 210 0 0
 348 175464.000 133472.000 0 0 17.649 39.791 702.323 26.501 0 1 2 210 0 0
 349 175613.000 133554.000 0 0 16.085 36.246 583.033 24.146 0 1 2 210 0 0
 350 175762.000 133639.000 0 0 16.125 36.318 585.655 24.200 0 1 2 210 0 0
 351 175911.000 133719.000 0 0 17.780 40.027 711.702 26.677 0 1 2 210 0 0
 352 176061.000 133803.000 0 0 16.204 36.461 590.837 24.307 0 1 2 210 0 0
 353 176211.000 133884.000 0 0 17.867 40.185 718.010 26.795 0 1 2 210 0 0
 354 176359.000 133968.000 0 0 17.911 40.263 721.182 26.854 0 1 2 210 0 0
 355 176510.000 134049.000 0 0 17.954 40.343 724.334 26.913 0 1 2 210 0 0
 356 176659.000 134134.000 0 0 17.998 40.422 727.548 26.973 0 1 2 210 0 0
 357 176807.000 134216.000 0 0 16.402 36.819 603.917 24.574 0 1 2 210 0 0
 358 176958.000 134297.000 0 0 16.441 36.891 606.539 24.628 0 1 2 210 0 0
 359 177107.000 134378.000 0 0 18.127 40.657 737.038 27.148 0 1 2 210 0 0
 360 177256.000 134464.000 0 0 18.172 40.736 740.294 27.208 0 1 2 210 0 0
 361 177405.000 134546.000 0 0 16.560 37.105 614.497 24.789 0 1 2 210 0 0
 362 177554.000 134629.000 0 0 18.259 40.894 746.720 27.326 0 1 2 210 0 0
 363 177704.000 134710.000 0 0 18.302 40.973 749.915 27.384 0 1 2 210 0 0
 364 177853.000 134794.000 0 0 18.346 41.051 753.166 27.443 0 1 2 210 0 0
 365 178002.000 134877.000 0 0 16.719 37.392 625.170 25.003 0 1 2 210 0 0
 366 178153.000 134957.000 0 0 18.432 41.209 759.605 27.560 0 1 2 210 0 0
 367 178301.000 135042.000 0 0 18.477 41.287 762.898 27.620 0 1 2 210 0 0
 368 178449.000 135124.000 0 0 16.837 37.606 633.203 25.163 0 1 2 210 0 0
 369 178598.000 135207.000 0 0 18.564 41.444 769.401 27.738 0 1 2 210 0 0
 370 178748.000 135291.000 0 0 16.917 37.749 638.643 25.271 0 1 2 210 0 0
 371 178897.000 135373.000 0 0 18.652 41.601 775.964 27.856 0 1 2 210 0 0
 372 179047.000 135455.000 0 0 18.695 41.681 779.253 27.915 0 1 2 210 0 0
 373 179197.000 135536.000 0 0 18.738 41.760 782.516 27.973 0 1 2 210 0 0
 374 179345.000 135622.000 0 0 18.783 41.838 785.872 28.033 0 1 2 210 0 0
 375 179494.000 135701.000 0 0 17.114 38.107 652.188 25.537 0 1 2 210 0 0
 376 179644.000 135786.000 0 0 17.155 38.179 654.971 25.592 0 1 2 210 0 0
 377 179791.000 135872.000 0 0 17.196 38.249 657.761 25.646 0 1 2 210 0 0
 378 179940.000 135953.000 0 0 17.235 38.321 660.476 25.699 0 1 2 210 0 0
 379 180088.000 136039.000 0 0 17.276 38.392 663.279 25.754 0 1 2 210 0 0
 380 180238.000 136120.000 0 0 17.315 38.463 666.015 25.807 0 1 2 210 0 0
 381 180387.000 136203.000 0 0 17.354 38.535 668.774 25.860 0 1 2 210 0 0
 382 180537.000 136284.000 0 0 17.393 38.607 671.533 25.913 0 1 2 210 0 0
 383 180686.000 136367.000 0 0 17.433 38.678 674.304 25.967 0 1 2 210 0 0
 384 180836.000 136449.000 0 0 17.472 38.750 677.074 26.020 0 1 2 210 0 0
 385 180984.000 136534.000 0 0 17.513 38.821 679.898 26.074 0 1 2 210 0 0
 386 181134.000 136616.000 0 0 17.552 38.893 682.686 26.128 0 1 2 210 0 0
 387 181283.000 136698.000 0 0 17.592 38.964 685.473 26.181 0 1 2 210 0 0
 388 181431.000 136784.000 0 0 17.633 39.035 688.327 26.235 0 1 2 210 0 0
 389 181580.000 136866.000 0 0 17.672 39.107 691.131 26.289 0 1 2 210 0 0
 390 181730.000 136948.000 0 0 17.712 39.179 693.941 26.342 0 1 2 210 0 0
 391 181874.000 137038.000 0 0 17.755 39.248 696.863 26.398 0 1 2 210 0 0
 392 182029.000 137112.000 0 0 17.790 39.322 699.572 26.449 0 1 2 210 0 0
 393 182177.000 137195.000 0 0 17.830 39.393 702.395 26.502 0 1 2 210 0 0
 394 182326.000 137279.000 0 0 16.083 35.517 571.229 23.900 0 1 2 210 0 0
 395 182475.000 137361.000 0 0 16.118 35.581 573.514 23.948 0 1 2 210 0 0
 396 182624.000 137444.000 0 0 16.154 35.645 575.828 23.996 0 1 2 210 0 0
 397 182773.000 137529.000 0 0 17.990 39.679 713.849 26.717 0 1 2 210 0 0
 398 182925.000 137604.000 0 0 16.223 35.775 580.406 24.091 0 1 2 210 0 0
 399 183072.000 137691.000 0 0 16.260 35.838 582.770 24.140 0 1 2 210 0 0
 400 183220.000 137776.000 0 0 18.108 39.893 722.428 26.878 0 1 2 210 0 0
 401 183370.000 137857.000 0 0 16.332 35.967 587.438 24.237 0 1 2 210 0 0
 402 183520.000 137939.000 0 0 16.367 36.032 589.776 24.285 0 1 2 210 0 0
 403 183669.000 138022.000 0 0 16.403 36.096 592.122 24.333 0 1 2 210 0 0
 404 183818.000 138105.000 0 0 16.439 36.160 594.471 24.381 0 1 2 210 0 0
 405 183967.000 138187.000 0 0 16.474 36.224 596.803 24.429 0 1 2 210 0 0
 406 184116.000 138270.000 0 0 16.510 36.289 599.162 24.477 0 1 2 210 0 0
 407 184265.000 138353.000 0 0 16.546 36.353 601.525 24.526 0 1 2 210 0 0
 408 184414.000 138436.000 0 0 16.582 36.417 603.883 24.574 0 1 2 210 0 0
 409 184563.000 138517.000 0 0 18.464 40.537 748.497 27.358 0 1 2 210 0 0
 410 184711.000 138602.000 0 0 16.654 36.546 608.643 24.670 0 1 2 210 0 0
 411 184862.000 138681.000 0 0 16.688 36.611 610.974 24.717 0 1 2 210 0 0
 412 185011.000 138764.000 0 0 16.723 36.675 613.360 24.766 0 1 2 210 0 0
 413 185160.000 138848.000 0 0 16.759 36.739 615.756 24.814 0 1 2 210 0 0
 414 185309.000 138932.000 0 0 16.796 36.803 618.162 24.862 0 1 2 210 0 0
 415 185458.000 139014.000 0 0 16.831 36.868 620.552 24.910 0 1 2 210 0 0
 416 185607.000 139098.000 0 0 16.867 36.932 622.967 24.959 0 1 2 210 0 0
 417 185757.000 139177.000 0 0 16.901 36.997 625.325 25.006 0 1 2 210 0 0
 418 185906.000 139261.000 0 0 16.938 37.061 627.754 25.055 0 1 2 210 0 0
 419 186054.000 139343.000 0 0 16.973 37.125 630.148 25.102 0 1 2 210 0 0
 420 186205.000 139425.000 0 0 18.867 41.254 778.384 27.899 0 1 2 210 0 0
 421 186353.000 139509.000 0 0 18.939 41.395 784.014 28.000 0 1 2 210 0 0;
ProcessEquipmentIDList 1
  "R420" ;
SummarySpec 5
  TESTNO    NDEFECT    DEFDENSITY    NDIE    NDEFDIE  ;
SummaryList 
  1    421    1.539    1    1  ;
EndOfFile;
