FileVersion 1 2;
FileTimestamp 01-16-26 03:19:06;
InspectionStationID "KLA-Tencor" "SFSSP1" "0901-0728-TBI";
SampleType WAFER;
ResultTimestamp 01-16-26 03:16:10;
LotID "2580";
SampleSize 1 200;
DeviceID "None";
SetupID "T2-2580NR" 01-16-26 03:16:10;
StepID "6706P";
SampleOrientationMarkType NOTCH;
OrientationMarkLocation DOWN;
DiePitch 200000 200000;
DieOrigin 0 0;
WaferID "04";
Slot 4;
SampleCenterLocation 100000 100000;
ClassLookup 1
  0 "0"  ;
OrientationInstructions "Front";
CoordinatesMirrored No;
InspectionTest 1;
SampleTestPlan 1
  0 0 ;
AreaPerTest 2.73516e+010;
DefectRecordSpec 15 DEFECTID XREL YREL XINDEX YINDEX XSIZE YSIZE DEFECTAREA DSIZE CLASSNUMBER TEST CLUSTERNUMBER ROUGHBINNUMBER FINEBINNUMBER REVIEWSAMPLE ;
DefectList
 1 101070.000 100580.000 0 0 0.000 0.000 0.000 0.151 0 1 0 0 0 0
 2 103019.000 101915.000 0 0 0.000 0.000 0.000 0.140 0 1 0 0 0 0
 3 99840.000 105288.000 0 0 0.000 0.000 0.000 0.132 0 1 0 0 0 0
 4 106425.000 101657.000 0 0 0.000 0.000 0.000 0.132 0 1 0 0 0 0
 5 93449.000 104463.000 0 0 0.000 0.000 0.000 0.134 0 1 0 0 0 0
 6 92760.000 103893.000 0 0 0.000 0.000 0.000 0.134 0 1 0 0 0 0
 7 93723.000 106499.000 0 0 0.000 0.000 0.000 0.142 0 1 0 0 0 0
 8 90495.000 100294.000 0 0 0.000 0.000 0.000 0.148 0 1 0 0 0 0
 9 92297.000 92991.000 0 0 0.000 0.000 0.000 0.143 0 1 0 0 0 0
 10 88526.000 105544.000 0 0 0.000 0.000 0.000 0.132 0 1 0 0 0 0
 11 86625.000 100849.000 0 0 0.000 0.000 0.000 0.146 0 1 0 0 0 0
 12 109185.000 89335.000 0 0 0.000 0.000 0.000 0.144 0 1 0 0 0 0
 13 113935.000 104207.000 0 0 0.000 0.000 0.000 0.133 0 1 0 0 0 0
 14 85134.000 102744.000 0 0 0.000 0.000 0.000 0.146 0 1 0 0 0 0
 15 115358.000 100687.000 0 0 0.000 0.000 0.000 0.133 0 1 0 0 0 0
 16 95164.000 115433.000 0 0 0.000 0.000 0.000 0.133 0 1 0 0 0 0
 17 84404.000 104279.000 0 0 0.000 0.000 0.000 0.133 0 1 0 0 0 0
 18 98831.000 84226.000 0 0 0.000 0.000 0.000 0.175 0 1 0 0 0 0
 19 93416.000 85332.000 0 0 0.000 0.000 0.000 0.135 0 1 0 0 0 0
 20 116364.000 95776.000 0 0 0.000 0.000 0.000 0.139 0 1 0 0 0 0
 21 115478.000 107280.000 0 0 0.000 0.000 0.000 0.142 0 1 0 0 0 0
 22 108399.000 85354.000 0 0 0.000 0.000 0.000 0.143 0 1 0 0 0 0
 23 115523.000 92618.000 0 0 0.000 0.000 0.000 0.133 0 1 0 0 0 0
 24 88817.000 114386.000 0 0 0.000 0.000 0.000 0.153 0 1 0 0 0 0
 25 103608.000 82613.000 0 0 0.000 0.000 0.000 0.153 0 1 0 0 0 0
 26 118114.000 101368.000 0 0 0.000 0.000 0.000 0.131 0 1 0 0 0 0
 27 93335.000 117343.000 0 0 0.000 0.000 0.000 0.131 0 1 0 0 0 0
 28 81534.000 102687.000 0 0 0.000 0.000 0.000 0.130 0 1 0 0 0 0
 29 115048.000 88626.000 0 0 0.000 0.000 0.000 0.132 0 1 0 0 0 0
 30 114741.000 112403.000 0 0 0.000 0.000 0.000 0.134 0 1 0 0 0 0
 31 82803.000 109138.000 0 0 0.000 0.000 0.000 0.136 0 1 0 0 0 0
 32 96163.000 119456.000 0 0 0.000 0.000 0.000 0.149 0 1 0 0 0 0
 33 80396.000 104793.000 0 0 0.000 0.000 0.000 0.177 0 1 0 0 0 0
 34 79422.000 104105.000 0 0 0.000 0.000 0.000 0.130 0 1 0 0 0 0
 35 79714.000 93241.000 0 0 0.000 0.000 0.000 0.134 0 1 0 0 0 0
 36 90299.000 80279.000 0 0 0.000 0.000 0.000 0.140 0 1 0 0 0 0
 37 115020.000 116601.000 0 0 0.000 0.000 0.000 0.130 0 1 0 0 0 0
 38 83143.000 114864.000 0 0 0.000 0.000 0.000 0.141 0 1 0 0 0 0
 39 106341.000 78575.000 0 0 0.000 0.000 0.000 0.136 0 1 0 0 0 0
 40 82427.000 84998.000 0 0 0.000 0.000 0.000 0.146 0 1 0 0 0 0
 41 105466.000 77377.000 0 0 0.000 0.000 0.000 0.144 0 1 0 0 0 0
 42 124145.000 107115.000 0 0 0.000 0.000 0.000 0.164 0 1 0 0 0 0
 43 90638.000 123980.000 0 0 0.000 0.000 0.000 0.131 0 1 0 0 0 0
 44 79356.000 115895.000 0 0 0.000 0.000 0.000 0.133 0 1 0 0 0 0
 45 98221.000 126364.000 0 0 0.000 0.000 0.000 0.154 0 1 0 0 0 0
 46 109359.000 125168.000 0 0 0.000 0.000 0.000 0.132 0 1 0 0 0 0
 47 94138.000 73708.000 0 0 0.000 0.000 0.000 0.152 0 1 0 0 0 0
 48 77970.000 83921.000 0 0 0.000 0.000 0.000 0.134 0 1 0 0 0 0
 49 81299.000 120496.000 0 0 0.000 0.000 0.000 0.146 0 1 0 0 0 0
 50 107525.000 73341.000 0 0 0.000 0.000 0.000 0.153 0 1 0 0 0 0
 51 92204.000 127342.000 0 0 0.000 0.000 0.000 0.164 0 1 0 0 0 0
 52 124706.000 85635.000 0 0 0.000 0.000 0.000 0.140 0 1 0 0 0 0
 53 77432.000 118224.000 0 0 0.000 0.000 0.000 0.160 0 1 0 0 0 0
 54 98871.000 129318.000 0 0 0.000 0.000 0.000 0.130 0 1 0 0 0 0
 55 72853.000 89497.000 0 0 0.000 0.000 0.000 0.152 0 1 0 0 0 0
 56 127440.000 110514.000 0 0 0.000 0.000 0.000 0.134 0 1 0 0 0 0
 57 127940.000 109749.000 0 0 0.000 0.000 0.000 0.153 0 1 0 0 0 0
 58 75088.000 117543.000 0 0 0.000 0.000 0.000 0.142 0 1 0 0 0 0
 59 80528.000 76982.000 0 0 0.000 0.000 0.000 0.153 0 1 0 0 0 0
 60 74528.000 83286.000 0 0 0.000 0.000 0.000 0.132 0 1 0 0 0 0
 61 130511.000 98618.000 0 0 0.000 0.000 0.000 0.139 0 1 0 0 0 0
 62 91729.000 130083.000 0 0 0.000 0.000 0.000 0.132 0 1 0 0 0 0
 63 101218.000 68960.000 0 0 0.000 0.000 0.000 0.143 0 1 0 0 0 0
 64 128937.000 88386.000 0 0 0.000 0.000 0.000 0.148 0 1 0 0 0 0
 65 69251.000 93592.000 0 0 0.000 0.000 0.000 0.155 0 1 0 0 0 0
 66 128685.000 86982.000 0 0 0.000 0.000 0.000 0.142 0 1 0 0 0 0
 67 129012.000 86669.000 0 0 0.000 0.000 0.000 0.133 0 1 0 0 0 0
 68 132083.000 102619.000 0 0 0.000 0.000 0.000 0.163 0 1 0 0 0 0
 69 78197.000 124224.000 0 0 0.000 0.000 0.000 0.136 0 1 0 0 0 0
 70 131943.000 106469.000 0 0 0.000 0.000 0.000 0.141 0 1 0 0 0 0
 71 105168.000 67892.000 0 0 0.000 0.000 0.000 0.139 0 1 0 0 0 0
 72 128856.000 84439.000 0 0 0.000 0.000 0.000 0.130 0 1 0 0 0 0
 73 84060.000 129117.000 0 0 0.000 0.000 0.000 0.131 0 1 0 0 0 0
 74 85844.000 70314.000 0 0 0.000 0.000 0.000 0.143 0 1 0 0 0 0
 75 68607.000 88772.000 0 0 0.000 0.000 0.000 0.131 0 1 0 0 0 0
 76 112876.000 132192.000 0 0 0.000 0.000 0.000 0.172 0 1 0 0 0 0
 77 106953.000 134021.000 0 0 0.000 0.000 0.000 0.138 0 1 0 0 0 0
 78 134189.000 105082.000 0 0 0.000 0.000 0.000 0.150 0 1 0 0 0 0
 79 78923.000 72637.000 0 0 0.000 0.000 0.000 0.164 0 1 0 0 0 0
 80 72238.000 79080.000 0 0 0.000 0.000 0.000 0.132 0 1 0 0 0 0
 81 110076.000 66616.000 0 0 0.000 0.000 0.000 0.139 0 1 0 0 0 0
 82 128189.000 121893.000 0 0 0.000 0.000 0.000 0.156 0 1 0 0 0 0
 83 134341.000 112027.000 0 0 0.000 0.000 0.000 0.138 0 1 0 0 0 0
 84 95403.000 136266.000 0 0 0.000 0.000 0.000 0.133 0 1 0 0 0 0
 85 134142.000 115418.000 0 0 0.000 0.000 0.000 0.135 0 1 0 0 0 0
 86 113526.000 135354.000 0 0 0.000 0.000 0.000 0.155 0 1 0 0 0 0
 87 134569.000 83720.000 0 0 0.000 0.000 0.000 0.143 0 1 0 0 0 0
 88 123720.000 69446.000 0 0 0.000 0.000 0.000 0.157 0 1 0 0 0 0
 89 129905.000 75344.000 0 0 0.000 0.000 0.000 0.135 0 1 0 0 0 0
 90 108531.000 138223.000 0 0 0.000 0.000 0.000 0.131 0 1 0 0 0 0
 91 68912.000 123704.000 0 0 0.000 0.000 0.000 0.146 0 1 0 0 0 0
 92 102425.000 139258.000 0 0 0.000 0.000 0.000 0.130 0 1 0 0 0 0
 93 96535.000 139356.000 0 0 0.000 0.000 0.000 0.160 0 1 0 0 0 0
 94 109183.000 61849.000 0 0 0.000 0.000 0.000 0.130 0 1 0 0 0 0
 95 138751.000 108463.000 0 0 0.000 0.000 0.000 0.139 0 1 0 0 0 0
 96 64027.000 83713.000 0 0 0.000 0.000 0.000 0.157 0 1 0 0 0 0
 97 116177.000 64114.000 0 0 0.000 0.000 0.000 0.152 0 1 0 0 0 0
 98 88354.000 138344.000 0 0 0.000 0.000 0.000 0.141 0 1 0 0 0 0
 99 99333.000 59872.000 0 0 0.000 0.000 0.000 0.144 0 1 0 0 0 0
 100 92740.000 140468.000 0 0 0.000 0.000 0.000 0.134 0 1 0 0 0 0
 101 66901.000 124054.000 0 0 0.000 0.000 0.000 0.149 0 1 0 0 0 0
 102 139065.000 112158.000 0 0 0.000 0.000 0.000 0.130 0 1 0 0 0 0
 103 67057.000 124636.000 0 0 0.000 0.000 0.000 0.146 0 1 0 0 0 0
 104 136595.000 80621.000 0 0 0.000 0.000 0.000 0.138 0 1 0 0 0 0
 105 141145.000 94613.000 0 0 0.000 0.000 0.000 0.131 0 1 0 0 0 0
 106 70084.000 129283.000 0 0 0.000 0.000 0.000 0.140 0 1 0 0 0 0
 107 75169.000 66624.000 0 0 0.000 0.000 0.000 0.161 0 1 0 0 0 0
 108 107397.000 141627.000 0 0 0.000 0.000 0.000 0.135 0 1 0 0 0 0
 109 83222.000 61027.000 0 0 0.000 0.000 0.000 0.135 0 1 0 0 0 0
 110 60463.000 116429.000 0 0 0.000 0.000 0.000 0.142 0 1 0 0 0 0
 111 76155.000 64671.000 0 0 0.000 0.000 0.000 0.140 0 1 0 0 0 0
 112 90120.000 58602.000 0 0 0.000 0.000 0.000 0.149 0 1 0 0 0 0
 113 136980.000 121529.000 0 0 0.000 0.000 0.000 0.155 0 1 0 0 0 0
 114 109661.000 58536.000 0 0 0.000 0.000 0.000 0.130 0 1 0 0 0 0
 115 69482.000 130601.000 0 0 0.000 0.000 0.000 0.151 0 1 0 0 0 0
 116 125272.000 65284.000 0 0 0.000 0.000 0.000 0.146 0 1 0 0 0 0
 117 116326.000 140716.000 0 0 0.000 0.000 0.000 0.142 0 1 0 0 0 0
 118 82884.000 59834.000 0 0 0.000 0.000 0.000 0.156 0 1 0 0 0 0
 119 93389.000 143856.000 0 0 0.000 0.000 0.000 0.135 0 1 0 0 0 0
 120 102038.000 55967.000 0 0 0.000 0.000 0.000 0.137 0 1 0 0 0 0
 121 142318.000 113315.000 0 0 0.000 0.000 0.000 0.134 0 1 0 0 0 0
 122 72221.000 135195.000 0 0 0.000 0.000 0.000 0.133 0 1 0 0 0 0
 123 55835.000 92818.000 0 0 0.000 0.000 0.000 0.136 0 1 0 0 0 0
 124 144739.000 98928.000 0 0 0.000 0.000 0.000 0.139 0 1 0 0 0 0
 125 56916.000 87027.000 0 0 0.000 0.000 0.000 0.135 0 1 0 0 0 0
 126 60426.000 78709.000 0 0 0.000 0.000 0.000 0.142 0 1 0 0 0 0
 127 73687.000 137225.000 0 0 0.000 0.000 0.000 0.142 0 1 0 0 0 0
 128 88903.000 144482.000 0 0 0.000 0.000 0.000 0.131 0 1 0 0 0 0
 129 87232.000 56341.000 0 0 0.000 0.000 0.000 0.133 0 1 0 0 0 0
 130 123225.000 139685.000 0 0 0.000 0.000 0.000 0.148 0 1 0 0 0 0
 131 106947.000 145899.000 0 0 0.000 0.000 0.000 0.134 0 1 0 0 0 0
 132 131418.000 134587.000 0 0 0.000 0.000 0.000 0.136 0 1 0 0 0 0
 133 102328.000 146722.000 0 0 0.000 0.000 0.000 0.161 0 1 0 0 0 0
 134 119917.000 57923.000 0 0 0.000 0.000 0.000 0.138 0 1 0 0 0 0
 135 122497.000 58951.000 0 0 0.000 0.000 0.000 0.139 0 1 0 0 0 0
 136 133774.000 67180.000 0 0 0.000 0.000 0.000 0.144 0 1 0 0 0 0
 137 146777.000 93271.000 0 0 0.000 0.000 0.000 0.147 0 1 0 0 0 0
 138 73325.000 60972.000 0 0 0.000 0.000 0.000 0.133 0 1 0 0 0 0
 139 118449.000 56498.000 0 0 0.000 0.000 0.000 0.137 0 1 0 0 0 0
 140 58828.000 124264.000 0 0 0.000 0.000 0.000 0.130 0 1 0 0 0 0
 141 122950.000 58473.000 0 0 0.000 0.000 0.000 0.148 0 1 0 0 0 0
 142 136542.000 69622.000 0 0 0.000 0.000 0.000 0.164 0 1 0 0 0 0
 143 133008.000 135086.000 0 0 0.000 0.000 0.000 0.133 0 1 0 0 0 0
 144 123326.000 57960.000 0 0 0.000 0.000 0.000 0.137 0 1 0 0 0 0
 145 115071.000 54331.000 0 0 0.000 0.000 0.000 0.149 0 1 0 0 0 0
 146 94804.000 148621.000 0 0 0.000 0.000 0.000 0.156 0 1 0 0 0 0
 147 58048.000 125343.000 0 0 0.000 0.000 0.000 0.137 0 1 0 0 0 0
 148 90465.000 52259.000 0 0 0.000 0.000 0.000 0.143 0 1 0 0 0 0
 149 144874.000 79428.000 0 0 0.000 0.000 0.000 0.137 0 1 0 0 0 0
 150 73118.000 141834.000 0 0 0.000 0.000 0.000 0.138 0 1 0 0 0 0
 151 98254.000 149876.000 0 0 0.000 0.000 0.000 0.167 0 1 0 0 0 0
 152 127027.000 58482.000 0 0 0.000 0.000 0.000 0.150 0 1 0 0 0 0
 153 97633.000 49678.000 0 0 0.000 0.000 0.000 0.130 0 1 0 0 0 0
 154 70873.000 58762.000 0 0 0.000 0.000 0.000 0.131 0 1 0 0 0 0
 155 136265.000 64804.000 0 0 0.000 0.000 0.000 0.134 0 1 0 0 0 0
 156 144115.000 75274.000 0 0 0.000 0.000 0.000 0.133 0 1 0 0 0 0
 157 119968.000 53077.000 0 0 0.000 0.000 0.000 0.136 0 1 0 0 0 0
 158 49737.000 89362.000 0 0 0.000 0.000 0.000 0.139 0 1 0 0 0 0
 159 94416.000 49015.000 0 0 0.000 0.000 0.000 0.138 0 1 0 0 0 0
 160 138072.000 134972.000 0 0 0.000 0.000 0.000 0.141 0 1 0 0 0 0
 161 147418.000 120839.000 0 0 0.000 0.000 0.000 0.131 0 1 0 0 0 0
 162 57446.000 69807.000 0 0 0.000 0.000 0.000 0.134 0 1 0 0 0 0
 163 93166.000 48523.000 0 0 0.000 0.000 0.000 0.131 0 1 0 0 0 0
 164 57880.000 131451.000 0 0 0.000 0.000 0.000 0.139 0 1 0 0 0 0
 165 108831.000 152190.000 0 0 0.000 0.000 0.000 0.151 0 1 0 0 0 0
 166 62999.000 139527.000 0 0 0.000 0.000 0.000 0.149 0 1 0 0 0 0
 167 120500.000 150981.000 0 0 0.000 0.000 0.000 0.130 0 1 0 0 0 0
 168 110701.000 46569.000 0 0 0.000 0.000 0.000 0.131 0 1 0 0 0 0
 169 142901.000 66223.000 0 0 0.000 0.000 0.000 0.134 0 1 0 0 0 0
 170 57299.000 65090.000 0 0 0.000 0.000 0.000 0.136 0 1 0 0 0 0
 171 155304.000 98005.000 0 0 0.000 0.000 0.000 0.152 0 1 0 0 0 0
 172 58880.000 62799.000 0 0 0.000 0.000 0.000 0.141 0 1 0 0 0 0
 173 138663.000 60369.000 0 0 0.000 0.000 0.000 0.133 0 1 0 0 0 0
 174 102553.000 155811.000 0 0 0.000 0.000 0.000 0.136 0 1 0 0 0 0
 175 122586.000 151161.000 0 0 0.000 0.000 0.000 0.160 0 1 0 0 0 0
 176 63270.000 57946.000 0 0 0.000 0.000 0.000 0.146 0 1 0 0 0 0
 177 121787.000 152173.000 0 0 0.000 0.000 0.000 0.161 0 1 0 0 0 0
 178 71511.000 149412.000 0 0 0.000 0.000 0.000 0.136 0 1 0 0 0 0
 179 60365.000 140990.000 0 0 0.000 0.000 0.000 0.130 0 1 0 0 0 0
 180 154566.000 116397.000 0 0 0.000 0.000 0.000 0.139 0 1 0 0 0 0
 181 67903.000 53165.000 0 0 0.000 0.000 0.000 0.152 0 1 0 0 0 0
 182 136569.000 144551.000 0 0 0.000 0.000 0.000 0.135 0 1 0 0 0 0
 183 145581.000 65084.000 0 0 0.000 0.000 0.000 0.139 0 1 0 0 0 0
 184 96008.000 157673.000 0 0 0.000 0.000 0.000 0.131 0 1 0 0 0 0
 185 44803.000 117189.000 0 0 0.000 0.000 0.000 0.142 0 1 0 0 0 0
 186 72798.000 49415.000 0 0 0.000 0.000 0.000 0.151 0 1 0 0 0 0
 187 115595.000 155877.000 0 0 0.000 0.000 0.000 0.136 0 1 0 0 0 0
 188 100430.000 42048.000 0 0 0.000 0.000 0.000 0.143 0 1 0 0 0 0
 189 135602.000 54222.000 0 0 0.000 0.000 0.000 0.142 0 1 0 0 0 0
 190 141653.000 140939.000 0 0 0.000 0.000 0.000 0.140 0 1 0 0 0 0
 191 88752.000 157735.000 0 0 0.000 0.000 0.000 0.142 0 1 0 0 0 0
 192 87180.000 157345.000 0 0 0.000 0.000 0.000 0.131 0 1 0 0 0 0
 193 124976.000 154621.000 0 0 0.000 0.000 0.000 0.143 0 1 0 0 0 0
 194 89202.000 159171.000 0 0 0.000 0.000 0.000 0.145 0 1 0 0 0 0
 195 113450.000 41885.000 0 0 0.000 0.000 0.000 0.131 0 1 0 0 0 0
 196 44020.000 78359.000 0 0 0.000 0.000 0.000 0.139 0 1 0 0 0 0
 197 133206.000 50165.000 0 0 0.000 0.000 0.000 0.150 0 1 0 0 0 0
 198 158444.000 86185.000 0 0 0.000 0.000 0.000 0.135 0 1 0 0 0 0
 199 82441.000 157856.000 0 0 0.000 0.000 0.000 0.145 0 1 0 0 0 0
 200 159208.000 111980.000 0 0 0.000 0.000 0.000 0.134 0 1 0 0 0 0
 201 141763.000 144529.000 0 0 0.000 0.000 0.000 0.141 0 1 0 0 0 0
 202 159847.000 87736.000 0 0 0.000 0.000 0.000 0.141 0 1 0 0 0 0
 203 154012.000 128686.000 0 0 0.000 0.000 0.000 0.132 0 1 0 0 0 0
 204 39453.000 110148.000 0 0 0.000 0.000 0.000 0.138 0 1 0 0 0 0
 205 111143.000 40049.000 0 0 0.000 0.000 0.000 0.154 0 1 0 0 0 0
 206 160125.000 113399.000 0 0 0.000 0.000 0.000 0.132 0 1 0 0 0 0
 207 158565.000 119591.000 0 0 0.000 0.000 0.000 0.143 0 1 0 0 0 0
 208 97580.000 162031.000 0 0 0.000 0.000 0.000 0.148 0 1 0 0 0 0
 209 37750.000 98139.000 0 0 0.000 0.000 0.000 0.131 0 1 0 0 0 0
 210 158982.000 120492.000 0 0 0.000 0.000 0.000 0.136 0 1 0 0 0 0
 211 93322.000 38055.000 0 0 0.000 0.000 0.000 0.145 0 1 0 0 0 0
 212 79496.000 159518.000 0 0 0.000 0.000 0.000 0.136 0 1 0 0 0 0
 213 72983.000 156889.000 0 0 0.000 0.000 0.000 0.131 0 1 0 0 0 0
 214 147905.000 140810.000 0 0 0.000 0.000 0.000 0.140 0 1 0 0 0 0
 215 42520.000 74102.000 0 0 0.000 0.000 0.000 0.132 0 1 0 0 0 0
 216 149387.000 139531.000 0 0 0.000 0.000 0.000 0.156 0 1 0 0 0 0
 217 87478.000 38136.000 0 0 0.000 0.000 0.000 0.135 0 1 0 0 0 0
 218 132134.000 45715.000 0 0 0.000 0.000 0.000 0.148 0 1 0 0 0 0
 219 76541.000 159230.000 0 0 0.000 0.000 0.000 0.130 0 1 0 0 0 0
 220 36869.000 91603.000 0 0 0.000 0.000 0.000 0.132 0 1 0 0 0 0
 221 141929.000 52180.000 0 0 0.000 0.000 0.000 0.135 0 1 0 0 0 0
 222 163725.000 105262.000 0 0 0.000 0.000 0.000 0.142 0 1 0 0 0 0
 223 72808.000 158410.000 0 0 0.000 0.000 0.000 0.140 0 1 0 0 0 0
 224 64203.000 46637.000 0 0 0.000 0.000 0.000 0.140 0 1 0 0 0 0
 225 123283.000 160468.000 0 0 0.000 0.000 0.000 0.140 0 1 0 0 0 0
 226 139533.000 49027.000 0 0 0.000 0.000 0.000 0.131 0 1 0 0 0 0
 227 161717.000 119388.000 0 0 0.000 0.000 0.000 0.136 0 1 0 0 0 0
 228 156590.000 68114.000 0 0 0.000 0.000 0.000 0.132 0 1 0 0 0 0
 229 52561.000 145716.000 0 0 0.000 0.000 0.000 0.147 0 1 0 0 0 0
 230 53336.000 54025.000 0 0 0.000 0.000 0.000 0.139 0 1 0 0 0 0
 231 82836.000 36796.000 0 0 0.000 0.000 0.000 0.130 0 1 0 0 0 0
 232 140876.000 152028.000 0 0 0.000 0.000 0.000 0.167 0 1 0 0 0 0
 233 66439.000 157553.000 0 0 0.000 0.000 0.000 0.140 0 1 0 0 0 0
 234 111375.000 34812.000 0 0 0.000 0.000 0.000 0.132 0 1 0 0 0 0
 235 165848.000 108361.000 0 0 0.000 0.000 0.000 0.132 0 1 0 0 0 0
 236 57280.000 151829.000 0 0 0.000 0.000 0.000 0.138 0 1 0 0 0 0
 237 150292.000 144599.000 0 0 0.000 0.000 0.000 0.134 0 1 0 0 0 0
 238 35234.000 82085.000 0 0 0.000 0.000 0.000 0.140 0 1 0 0 0 0
 239 129708.000 39876.000 0 0 0.000 0.000 0.000 0.136 0 1 0 0 0 0
 240 113861.000 166304.000 0 0 0.000 0.000 0.000 0.133 0 1 0 0 0 0
 241 96868.000 167676.000 0 0 0.000 0.000 0.000 0.137 0 1 0 0 0 0
 242 55617.000 151601.000 0 0 0.000 0.000 0.000 0.132 0 1 0 0 0 0
 243 122793.000 36218.000 0 0 0.000 0.000 0.000 0.130 0 1 0 0 0 0
 244 167835.000 99429.000 0 0 0.000 0.000 0.000 0.133 0 1 0 0 0 0
 245 33495.000 82053.000 0 0 0.000 0.000 0.000 0.140 0 1 0 0 0 0
 246 73724.000 36435.000 0 0 0.000 0.000 0.000 0.144 0 1 0 0 0 0
 247 162137.000 69828.000 0 0 0.000 0.000 0.000 0.137 0 1 0 0 0 0
 248 36199.000 127172.000 0 0 0.000 0.000 0.000 0.142 0 1 0 0 0 0
 249 147476.000 49653.000 0 0 0.000 0.000 0.000 0.148 0 1 0 0 0 0
 250 140450.000 157348.000 0 0 0.000 0.000 0.000 0.131 0 1 0 0 0 0
 251 75899.000 34293.000 0 0 0.000 0.000 0.000 0.137 0 1 0 0 0 0
 252 166938.000 77705.000 0 0 0.000 0.000 0.000 0.154 0 1 0 0 0 0
 253 166095.000 125286.000 0 0 0.000 0.000 0.000 0.144 0 1 0 0 0 0
 254 84836.000 169386.000 0 0 0.000 0.000 0.000 0.135 0 1 0 0 0 0
 255 166060.000 74589.000 0 0 0.000 0.000 0.000 0.134 0 1 0 0 0 0
 256 45869.000 146698.000 0 0 0.000 0.000 0.000 0.131 0 1 0 0 0 0
 257 167662.000 77448.000 0 0 0.000 0.000 0.000 0.139 0 1 0 0 0 0
 258 162051.000 64771.000 0 0 0.000 0.000 0.000 0.130 0 1 0 0 0 0
 259 72837.000 33476.000 0 0 0.000 0.000 0.000 0.134 0 1 0 0 0 0
 260 110056.000 171732.000 0 0 0.000 0.000 0.000 0.130 0 1 0 0 0 0
 261 27723.000 107729.000 0 0 0.000 0.000 0.000 0.133 0 1 0 0 0 0
 262 154055.000 149301.000 0 0 0.000 0.000 0.000 0.149 0 1 0 0 0 0
 263 43406.000 146505.000 0 0 0.000 0.000 0.000 0.135 0 1 0 0 0 0
 264 135791.000 36386.000 0 0 0.000 0.000 0.000 0.131 0 1 0 0 0 0
 265 165573.000 134200.000 0 0 0.000 0.000 0.000 0.135 0 1 0 0 0 0
 266 81811.000 28498.000 0 0 0.000 0.000 0.000 0.148 0 1 0 0 0 0
 267 36298.000 61724.000 0 0 0.000 0.000 0.000 0.132 0 1 0 0 0 0
 268 172234.000 118405.000 0 0 0.000 0.000 0.000 0.138 0 1 0 0 0 0
 269 55100.000 159724.000 0 0 0.000 0.000 0.000 0.151 0 1 0 0 0 0
 270 103260.000 25252.000 0 0 0.000 0.000 0.000 0.140 0 1 0 0 0 0
 271 80044.000 27469.000 0 0 0.000 0.000 0.000 0.131 0 1 0 0 0 0
 272 156418.000 50176.000 0 0 0.000 0.000 0.000 0.136 0 1 0 0 0 0
 273 58163.000 163123.000 0 0 0.000 0.000 0.000 0.131 0 1 0 0 0 0
 274 60242.000 35736.000 0 0 0.000 0.000 0.000 0.155 0 1 0 0 0 0
 275 79938.000 173350.000 0 0 0.000 0.000 0.000 0.256 0 1 0 0 0 0
 276 169552.000 130992.000 0 0 0.000 0.000 0.000 0.133 0 1 0 0 0 0
 277 177136.000 106894.000 0 0 0.000 0.000 0.000 0.136 0 1 0 0 0 0
 278 178159.000 99973.000 0 0 0.000 0.000 0.000 0.135 0 1 0 0 0 0
 279 54092.000 163747.000 0 0 0.000 0.000 0.000 0.147 0 1 0 0 0 0
 280 171357.000 66612.000 0 0 0.000 0.000 0.000 0.144 0 1 0 0 0 0
 281 161903.000 149584.000 0 0 0.000 0.000 0.000 0.137 0 1 0 0 0 0
 282 120392.000 177059.000 0 0 0.000 0.000 0.000 0.135 0 1 0 0 0 0
 283 46747.000 159498.000 0 0 0.000 0.000 0.000 0.133 0 1 0 0 0 0
 284 128865.000 175571.000 0 0 0.000 0.000 0.000 0.135 0 1 0 0 0 0
 285 83871.000 179538.000 0 0 0.000 0.000 0.000 0.143 0 1 0 0 0 0
 286 178160.000 78817.000 0 0 0.000 0.000 0.000 0.134 0 1 0 0 0 0
 287 175190.000 130396.000 0 0 0.000 0.000 0.000 0.136 0 1 0 0 0 0
 288 83559.000 20559.000 0 0 0.000 0.000 0.000 0.138 0 1 0 0 0 0
 289 160229.000 155047.000 0 0 0.000 0.000 0.000 0.140 0 1 0 0 0 0
 290 54836.000 31667.000 0 0 0.000 0.000 0.000 0.151 0 1 0 0 0 0
 291 115307.000 19319.000 0 0 0.000 0.000 0.000 0.139 0 1 0 0 0 0
 292 35958.000 156885.000 0 0 0.000 0.000 0.000 0.136 0 1 0 0 0 0
 293 95048.000 14756.000 0 0 0.000 0.000 0.000 0.140 0 1 0 0 0 0
 294 176122.000 143952.000 0 0 0.000 0.000 0.000 0.133 0 1 0 0 0 0
 295 133400.000 186631.000 0 0 0.000 0.000 0.000 0.149 0 1 0 0 0 0;
ProcessEquipmentIDList 1
  "R420" ;
SummarySpec 5
  TESTNO    NDEFECT    DEFDENSITY    NDIE    NDEFDIE  ;
SummaryList 
  1    295    1.079    1    1  ;
EndOfFile;
