FileVersion 1 2;
FileTimestamp 01-16-26 23:31:31;
InspectionStationID "KLA-Tencor" "SFSSP1" "0901-0728-TBI";
SampleType WAFER;
ResultTimestamp 01-16-26 23:17:00;
LotID "2580";
SampleSize 1 200;
DeviceID "None";
SetupID "T2-2580NR" 01-16-26 23:17:00;
StepID "6703";
SampleOrientationMarkType NOTCH;
OrientationMarkLocation DOWN;
DiePitch 200000 200000;
DieOrigin 0 0;
WaferID "25";
Slot 25;
SampleCenterLocation 100000 100000;
ClassLookup 1
  0 "0"  ;
OrientationInstructions "Front";
CoordinatesMirrored No;
InspectionTest 1;
SampleTestPlan 1
  0 0 ;
AreaPerTest 2.73523e+010;
DefectRecordSpec 15 DEFECTID XREL YREL XINDEX YINDEX XSIZE YSIZE DEFECTAREA DSIZE CLASSNUMBER TEST CLUSTERNUMBER ROUGHBINNUMBER FINEBINNUMBER REVIEWSAMPLE ;
DefectList
 1 100766.000 98283.000 0 0 0.000 0.000 0.000 0.130 0 1 0 0 0 0
 2 101577.000 96999.000 0 0 0.000 0.000 0.000 0.138 0 1 0 0 0 0
 3 93328.000 97819.000 0 0 0.000 0.000 0.000 0.132 0 1 0 0 0 0
 4 101252.000 107608.000 0 0 0.000 0.000 0.000 0.137 0 1 0 0 0 0
 5 106617.000 96445.000 0 0 0.000 0.000 0.000 0.131 0 1 0 0 0 0
 6 98526.000 90613.000 0 0 0.000 0.000 0.000 0.138 0 1 0 0 0 0
 7 104883.000 90224.000 0 0 0.000 0.000 0.000 0.148 0 1 0 0 0 0
 8 107925.000 109788.000 0 0 0.000 0.000 0.000 0.135 0 1 0 0 0 0
 9 109292.000 90512.000 0 0 0.000 0.000 0.000 0.135 0 1 0 0 0 0
 10 96054.000 86379.000 0 0 0.000 0.000 0.000 0.143 0 1 0 0 0 0
 11 115479.000 105750.000 0 0 0.000 0.000 0.000 0.149 0 1 0 0 0 0
 12 110908.000 112642.000 0 0 0.000 0.000 0.000 0.139 0 1 0 0 0 0
 13 107873.000 114715.000 0 0 0.000 0.000 0.000 0.148 0 1 0 0 0 0
 14 83260.000 107369.000 0 0 0.000 0.000 0.000 0.149 0 1 0 0 0 0
 15 87302.000 86092.000 0 0 0.000 0.000 0.000 0.134 0 1 0 0 0 0
 16 117507.000 110288.000 0 0 0.000 0.000 0.000 0.132 0 1 0 0 0 0
 17 104484.000 120390.000 0 0 0.000 0.000 0.000 0.132 0 1 0 0 0 0
 18 79263.000 105201.000 0 0 0.000 0.000 0.000 0.133 0 1 0 0 0 0
 19 121230.000 97227.000 0 0 0.000 0.000 0.000 0.154 0 1 0 0 0 0
 20 96610.000 121487.000 0 0 0.000 0.000 0.000 0.135 0 1 0 0 0 0
 21 100236.000 78410.000 0 0 0.000 0.000 0.000 0.139 0 1 0 0 0 0
 22 120419.000 91833.000 0 0 0.000 0.000 0.000 0.139 0 1 0 0 0 0
 23 113373.000 81478.000 0 0 0.000 0.000 0.000 0.133 0 1 0 0 0 0
 24 78255.000 109747.000 0 0 0.000 0.000 0.000 0.130 0 1 0 0 0 0
 25 104825.000 123637.000 0 0 0.000 0.000 0.000 0.145 0 1 0 0 0 0
 26 76159.000 96721.000 0 0 0.000 0.000 0.000 0.132 0 1 0 0 0 0
 27 80522.000 115644.000 0 0 0.000 0.000 0.000 0.153 0 1 0 0 0 0
 28 102450.000 125655.000 0 0 0.000 0.000 0.000 0.143 0 1 0 0 0 0
 29 82478.000 80681.000 0 0 0.000 0.000 0.000 0.142 0 1 0 0 0 0
 30 87370.000 123965.000 0 0 0.000 0.000 0.000 0.139 0 1 0 0 0 0
 31 126888.000 100998.000 0 0 0.000 0.000 0.000 0.132 0 1 0 0 0 0
 32 77045.000 85706.000 0 0 0.000 0.000 0.000 0.133 0 1 0 0 0 0
 33 87662.000 75882.000 0 0 0.000 0.000 0.000 0.145 0 1 0 0 0 0
 34 87648.000 75261.000 0 0 0.000 0.000 0.000 0.137 0 1 0 0 0 0
 35 97156.000 71615.000 0 0 0.000 0.000 0.000 0.141 0 1 0 0 0 0
 36 101473.000 71441.000 0 0 0.000 0.000 0.000 0.133 0 1 0 0 0 0
 37 80173.000 78994.000 0 0 0.000 0.000 0.000 0.139 0 1 0 0 0 0
 38 126143.000 112501.000 0 0 0.000 0.000 0.000 0.136 0 1 0 0 0 0
 39 95937.000 129049.000 0 0 0.000 0.000 0.000 0.144 0 1 0 0 0 0
 40 89526.000 72458.000 0 0 0.000 0.000 0.000 0.137 0 1 0 0 0 0
 41 90179.000 72293.000 0 0 0.000 0.000 0.000 0.137 0 1 0 0 0 0
 42 70664.000 105718.000 0 0 0.000 0.000 0.000 0.145 0 1 0 0 0 0
 43 84788.000 126036.000 0 0 0.000 0.000 0.000 0.148 0 1 0 0 0 0
 44 79484.000 123402.000 0 0 0.000 0.000 0.000 0.135 0 1 0 0 0 0
 45 70274.000 108740.000 0 0 0.000 0.000 0.000 0.133 0 1 0 0 0 0
 46 86449.000 72272.000 0 0 0.000 0.000 0.000 0.137 0 1 0 0 0 0
 47 87168.000 128684.000 0 0 0.000 0.000 0.000 0.137 0 1 0 0 0 0
 48 70319.000 110118.000 0 0 0.000 0.000 0.000 0.140 0 1 0 0 0 0
 49 68970.000 94590.000 0 0 0.000 0.000 0.000 0.157 0 1 0 0 0 0
 50 70563.000 88272.000 0 0 0.000 0.000 0.000 0.153 0 1 0 0 0 0
 51 116225.000 72931.000 0 0 0.000 0.000 0.000 0.132 0 1 0 0 0 0
 52 108768.000 69496.000 0 0 0.000 0.000 0.000 0.133 0 1 0 0 0 0
 53 90172.000 130855.000 0 0 0.000 0.000 0.000 0.136 0 1 0 0 0 0
 54 76233.000 121777.000 0 0 0.000 0.000 0.000 0.149 0 1 0 0 0 0
 55 70101.000 87554.000 0 0 0.000 0.000 0.000 0.139 0 1 0 0 0 0
 56 132088.000 92276.000 0 0 0.000 0.000 0.000 0.133 0 1 0 0 0 0
 57 120469.000 73911.000 0 0 0.000 0.000 0.000 0.143 0 1 0 0 0 0
 58 68631.000 88199.000 0 0 0.000 0.000 0.000 0.148 0 1 0 0 0 0
 59 72651.000 120990.000 0 0 0.000 0.000 0.000 0.136 0 1 0 0 0 0
 60 129570.000 82613.000 0 0 0.000 0.000 0.000 0.138 0 1 0 0 0 0
 61 133632.000 107837.000 0 0 0.000 0.000 0.000 0.151 0 1 0 0 0 0
 62 65446.000 96308.000 0 0 0.000 0.000 0.000 0.145 0 1 0 0 0 0
 63 67401.000 88270.000 0 0 0.000 0.000 0.000 0.155 0 1 0 0 0 0
 64 132546.000 88546.000 0 0 0.000 0.000 0.000 0.130 0 1 0 0 0 0
 65 108969.000 133765.000 0 0 0.000 0.000 0.000 0.135 0 1 0 0 0 0
 66 74283.000 76631.000 0 0 0.000 0.000 0.000 0.137 0 1 0 0 0 0
 67 133686.000 91300.000 0 0 0.000 0.000 0.000 0.135 0 1 0 0 0 0
 68 73845.000 123688.000 0 0 0.000 0.000 0.000 0.132 0 1 0 0 0 0
 69 84132.000 68680.000 0 0 0.000 0.000 0.000 0.137 0 1 0 0 0 0
 70 71135.000 121126.000 0 0 0.000 0.000 0.000 0.133 0 1 0 0 0 0
 71 136212.000 99868.000 0 0 0.000 0.000 0.000 0.144 0 1 0 0 0 0
 72 118474.000 68849.000 0 0 0.000 0.000 0.000 0.140 0 1 0 0 0 0
 73 84978.000 66876.000 0 0 0.000 0.000 0.000 0.165 0 1 0 0 0 0
 74 118345.000 131941.000 0 0 0.000 0.000 0.000 0.132 0 1 0 0 0 0
 75 114387.000 65825.000 0 0 0.000 0.000 0.000 0.132 0 1 0 0 0 0
 76 71697.000 124679.000 0 0 0.000 0.000 0.000 0.139 0 1 0 0 0 0
 77 82727.000 133526.000 0 0 0.000 0.000 0.000 0.141 0 1 0 0 0 0
 78 63314.000 111484.000 0 0 0.000 0.000 0.000 0.138 0 1 0 0 0 0
 79 71330.000 74549.000 0 0 0.000 0.000 0.000 0.133 0 1 0 0 0 0
 80 93890.000 61903.000 0 0 0.000 0.000 0.000 0.135 0 1 0 0 0 0
 81 138957.000 96678.000 0 0 0.000 0.000 0.000 0.134 0 1 0 0 0 0
 82 79154.000 133555.000 0 0 0.000 0.000 0.000 0.136 0 1 0 0 0 0
 83 98072.000 60920.000 0 0 0.000 0.000 0.000 0.140 0 1 0 0 0 0
 84 120733.000 66740.000 0 0 0.000 0.000 0.000 0.133 0 1 0 0 0 0
 85 118235.000 136448.000 0 0 0.000 0.000 0.000 0.130 0 1 0 0 0 0
 86 112037.000 139277.000 0 0 0.000 0.000 0.000 0.134 0 1 0 0 0 0
 87 132602.000 125193.000 0 0 0.000 0.000 0.000 0.133 0 1 0 0 0 0
 88 132064.000 125908.000 0 0 0.000 0.000 0.000 0.137 0 1 0 0 0 0
 89 73588.000 131834.000 0 0 0.000 0.000 0.000 0.151 0 1 0 0 0 0
 90 106219.000 140946.000 0 0 0.000 0.000 0.000 0.142 0 1 0 0 0 0
 91 122631.000 65218.000 0 0 0.000 0.000 0.000 0.130 0 1 0 0 0 0
 92 60919.000 85209.000 0 0 0.000 0.000 0.000 0.149 0 1 0 0 0 0
 93 100522.000 58020.000 0 0 0.000 0.000 0.000 0.137 0 1 0 0 0 0
 94 136357.000 76883.000 0 0 0.000 0.000 0.000 0.130 0 1 0 0 0 0
 95 143100.000 102379.000 0 0 0.000 0.000 0.000 0.236 0 1 0 0 0 0
 96 73914.000 65510.000 0 0 0.000 0.000 0.000 0.136 0 1 0 0 0 0
 97 74310.000 135847.000 0 0 0.000 0.000 0.000 0.143 0 1 0 0 0 0
 98 139494.000 119442.000 0 0 0.000 0.000 0.000 0.137 0 1 0 0 0 0
 99 69655.000 133109.000 0 0 0.000 0.000 0.000 0.130 0 1 0 0 0 0
 100 61696.000 76895.000 0 0 0.000 0.000 0.000 0.148 0 1 0 0 0 0
 101 121067.000 60282.000 0 0 0.000 0.000 0.000 0.142 0 1 0 0 0 0
 102 54524.000 101009.000 0 0 0.000 0.000 0.000 0.140 0 1 0 0 0 0
 103 84002.000 143361.000 0 0 0.000 0.000 0.000 200000.000 0 1 0 200 0 0
 104 70341.000 64925.000 0 0 0.000 0.000 0.000 0.135 0 1 0 0 0 0
 105 122697.000 59421.000 0 0 0.000 0.000 0.000 0.132 0 1 0 0 0 0
 106 90925.000 146473.000 0 0 0.000 0.000 0.000 0.160 0 1 0 0 0 0
 107 133502.000 133707.000 0 0 0.000 0.000 0.000 0.146 0 1 0 0 0 0
 108 63636.000 69481.000 0 0 0.000 0.000 0.000 0.130 0 1 0 0 0 0
 109 84618.000 145357.000 0 0 0.000 0.000 0.000 0.158 0 1 0 0 0 0
 110 73796.000 141934.000 0 0 0.000 0.000 0.000 200000.000 0 1 0 200 0 0
 111 148859.000 95845.000 0 0 0.000 0.000 0.000 0.130 0 1 0 0 0 0
 112 137638.000 131780.000 0 0 0.000 0.000 0.000 0.145 0 1 0 0 0 0
 113 85223.000 147212.000 0 0 0.000 0.000 0.000 0.134 0 1 0 0 0 0
 114 74172.000 141767.000 0 0 0.000 0.000 0.000 200000.000 0 1 0 200 0 0
 115 77028.000 55822.000 0 0 0.000 0.000 0.000 0.143 0 1 0 0 0 0
 116 87853.000 51667.000 0 0 0.000 0.000 0.000 0.131 0 1 0 0 0 0
 117 149729.000 94563.000 0 0 0.000 0.000 0.000 0.130 0 1 0 0 0 0
 118 51190.000 85567.000 0 0 0.000 0.000 0.000 0.138 0 1 0 0 0 0
 119 48969.000 108977.000 0 0 0.000 0.000 0.000 0.142 0 1 0 0 0 0
 120 103698.000 48611.000 0 0 0.000 0.000 0.000 0.149 0 1 0 0 0 0
 121 151932.000 100943.000 0 0 0.000 0.000 0.000 0.130 0 1 0 0 0 0
 122 56759.000 129652.000 0 0 0.000 0.000 0.000 0.133 0 1 0 0 0 0
 123 104341.000 48077.000 0 0 0.000 0.000 0.000 0.136 0 1 0 0 0 0
 124 152432.000 98651.000 0 0 0.000 0.000 0.000 0.130 0 1 0 0 0 0
 125 131819.000 58285.000 0 0 0.000 0.000 0.000 0.148 0 1 0 0 0 0
 126 128531.000 145148.000 0 0 0.000 0.000 0.000 200000.000 0 1 0 200 0 0
 127 76456.000 52236.000 0 0 0.000 0.000 0.000 0.135 0 1 0 0 0 0
 128 153151.000 96428.000 0 0 0.000 0.000 0.000 0.132 0 1 0 0 0 0
 129 153403.000 103686.000 0 0 0.000 0.000 0.000 0.131 0 1 0 0 0 0
 130 153438.000 94984.000 0 0 0.000 0.000 0.000 0.134 0 1 0 0 0 0
 131 153520.000 96443.000 0 0 0.000 0.000 0.000 0.130 0 1 0 0 0 0
 132 153806.000 99960.000 0 0 0.000 0.000 0.000 0.131 0 1 0 0 0 0
 133 88019.000 47510.000 0 0 0.000 0.000 0.000 0.131 0 1 0 0 0 0
 134 153671.000 94911.000 0 0 0.000 0.000 0.000 0.131 0 1 0 0 0 0
 135 154329.000 99457.000 0 0 0.000 0.000 0.000 0.130 0 1 0 0 0 0
 136 139623.000 62758.000 0 0 0.000 0.000 0.000 0.138 0 1 0 0 0 0
 137 46533.000 88341.000 0 0 0.000 0.000 0.000 0.132 0 1 0 0 0 0
 138 155116.000 97910.000 0 0 0.000 0.000 0.000 0.132 0 1 0 0 0 0
 139 155714.000 97472.000 0 0 0.000 0.000 0.000 0.135 0 1 0 0 0 0
 140 155951.000 97373.000 0 0 0.000 0.000 0.000 0.146 0 1 0 0 0 0
 141 67281.000 54135.000 0 0 0.000 0.000 0.000 0.133 0 1 0 0 0 0
 142 121279.000 47945.000 0 0 0.000 0.000 0.000 0.140 0 1 0 0 0 0
 143 86215.000 155271.000 0 0 0.000 0.000 0.000 0.139 0 1 0 0 0 0
 144 146981.000 68445.000 0 0 0.000 0.000 0.000 0.130 0 1 0 0 0 0
 145 43022.000 98461.000 0 0 0.000 0.000 0.000 0.133 0 1 0 0 0 0
 146 157425.000 96740.000 0 0 0.000 0.000 0.000 0.138 0 1 0 0 0 0
 147 108691.000 157056.000 0 0 0.000 0.000 0.000 0.145 0 1 0 0 0 0
 148 157357.000 95304.000 0 0 0.000 0.000 0.000 0.130 0 1 0 0 0 0
 149 42911.000 89657.000 0 0 0.000 0.000 0.000 0.133 0 1 0 0 0 0
 150 56924.000 61295.000 0 0 0.000 0.000 0.000 0.134 0 1 0 0 0 0
 151 73904.000 48518.000 0 0 0.000 0.000 0.000 0.130 0 1 0 0 0 0
 152 157867.000 95344.000 0 0 0.000 0.000 0.000 0.133 0 1 0 0 0 0
 153 157972.000 96782.000 0 0 0.000 0.000 0.000 0.163 0 1 0 0 0 0
 154 63035.000 55044.000 0 0 0.000 0.000 0.000 0.153 0 1 0 0 0 0
 155 58806.000 58537.000 0 0 0.000 0.000 0.000 0.132 0 1 0 0 0 0
 156 43586.000 118886.000 0 0 0.000 0.000 0.000 0.135 0 1 0 0 0 0
 157 40788.000 92180.000 0 0 0.000 0.000 0.000 0.136 0 1 0 0 0 0
 158 158258.000 87327.000 0 0 0.000 0.000 0.000 0.135 0 1 0 0 0 0
 159 108692.000 159877.000 0 0 0.000 0.000 0.000 0.142 0 1 0 0 0 0
 160 79242.000 157542.000 0 0 0.000 0.000 0.000 0.145 0 1 0 0 0 0
 161 156732.000 122691.000 0 0 0.000 0.000 0.000 0.160 0 1 0 0 0 0
 162 161073.000 97227.000 0 0 0.000 0.000 0.000 0.157 0 1 0 0 0 0
 163 91765.000 39015.000 0 0 0.000 0.000 0.000 0.136 0 1 0 0 0 0
 164 145188.000 57931.000 0 0 0.000 0.000 0.000 0.133 0 1 0 0 0 0
 165 140735.000 147206.000 0 0 0.000 0.000 0.000 0.145 0 1 0 0 0 0
 166 37193.000 109562.000 0 0 0.000 0.000 0.000 0.144 0 1 0 0 0 0
 167 163947.000 95733.000 0 0 0.000 0.000 0.000 0.144 0 1 0 0 0 0
 168 99386.000 36003.000 0 0 0.000 0.000 0.000 0.140 0 1 0 0 0 0
 169 147584.000 55084.000 0 0 0.000 0.000 0.000 0.134 0 1 0 0 0 0
 170 144505.000 148640.000 0 0 0.000 0.000 0.000 0.141 0 1 0 0 0 0
 171 127143.000 40160.000 0 0 0.000 0.000 0.000 0.141 0 1 0 0 0 0
 172 118022.000 36704.000 0 0 0.000 0.000 0.000 0.131 0 1 0 0 0 0
 173 157256.000 64219.000 0 0 0.000 0.000 0.000 0.139 0 1 0 0 0 0
 174 166823.000 89159.000 0 0 0.000 0.000 0.000 0.136 0 1 0 0 0 0
 175 45317.000 59975.000 0 0 0.000 0.000 0.000 0.136 0 1 0 0 0 0
 176 47783.000 56805.000 0 0 0.000 0.000 0.000 0.133 0 1 0 0 0 0
 177 168521.000 95051.000 0 0 0.000 0.000 0.000 0.168 0 1 0 0 0 0
 178 166352.000 81609.000 0 0 0.000 0.000 0.000 0.132 0 1 0 0 0 0
 179 168933.000 105518.000 0 0 0.000 0.000 0.000 0.130 0 1 0 0 0 0
 180 82474.000 31420.000 0 0 0.000 0.000 0.000 0.131 0 1 0 0 0 0
 181 163372.000 67922.000 0 0 0.000 0.000 0.000 0.132 0 1 0 0 0 0
 182 166945.000 76109.000 0 0 0.000 0.000 0.000 0.142 0 1 0 0 0 0
 183 27336.000 97581.000 0 0 0.000 0.000 0.000 0.133 0 1 0 0 0 0
 184 31054.000 74498.000 0 0 0.000 0.000 0.000 0.147 0 1 0 0 0 0
 185 170222.000 125090.000 0 0 0.000 0.000 0.000 0.300 0 1 0 0 0 0
 186 175165.000 111304.000 0 0 0.000 0.000 0.000 0.132 0 1 0 0 0 0
 187 176023.000 84491.000 0 0 0.000 0.000 0.000 0.491 0 1 0 0 0 0
 188 41325.000 39960.000 0 0 0.000 0.000 0.000 0.130 0 1 0 0 0 0
 189 192977.000 80700.000 0 0 0.000 0.000 0.000 0.135 0 1 0 0 0 0;
ProcessEquipmentIDList 1
  "6639" ;
SummarySpec 5
  TESTNO    NDEFECT    DEFDENSITY    NDIE    NDEFDIE  ;
SummaryList 
  1    189    0.691    1    1  ;
EndOfFile;
