FileVersion 1 2;
FileTimestamp 01-16-26 01:30:54;
InspectionStationID "KLA-Tencor" "SFSSP1" "0901-0728-TBI";
SampleType WAFER;
ResultTimestamp 01-16-26 01:27:32;
LotID "2850";
SampleSize 1 200;
DeviceID "None";
SetupID "T2-2850A" 01-16-26 01:27:32;
StepID "6505";
SampleOrientationMarkType NOTCH;
OrientationMarkLocation DOWN;
DiePitch 200000 200000;
DieOrigin 0 0;
WaferID "05";
Slot 5;
SampleCenterLocation 100000 100000;
ClassLookup 1
  0 "0"  ;
OrientationInstructions "Front";
CoordinatesMirrored No;
InspectionTest 1;
SampleTestPlan 1
  0 0 ;
AreaPerTest 2.85008e+010;
ClusterClassificationList 2
  2 210 
  1 210 ;
DefectRecordSpec 15 DEFECTID XREL YREL XINDEX YINDEX XSIZE YSIZE DEFECTAREA DSIZE CLASSNUMBER TEST CLUSTERNUMBER ROUGHBINNUMBER FINEBINNUMBER REVIEWSAMPLE ;
DefectList
 1 59402.000 157073.000 0 0 0.000 0.000 0.000 0.249 0 1 0 0 0 0
 2 159903.000 46440.000 0 0 0.000 0.000 0.000 0.149 0 1 0 0 0 0
 3 19400.000 95037.000 0 0 0.000 0.000 0.000 0.124 0 1 0 0 0 0
 4 22009.000 77415.000 0 0 0.000 0.000 0.000 0.125 0 1 0 0 0 0
 5 22046.000 77349.000 0 0 0.000 0.000 0.000 0.122 0 1 0 0 0 0
 6 21827.000 77693.000 0 0 0.000 0.000 0.000 0.121 0 1 0 0 0 0
 7 21920.000 77561.000 0 0 0.000 0.000 0.000 0.123 0 1 0 0 0 0
 8 166622.000 52592.000 0 0 0.000 0.000 0.000 0.223 0 1 0 0 0 0
 9 16694.000 107470.000 0 0 0.000 0.000 0.000 0.163 0 1 0 0 0 0
 10 16618.000 106155.000 0 0 0.000 0.000 0.000 0.131 0 1 0 0 0 0
 11 14443.000 111769.000 0 0 0.000 0.000 0.000 0.127 0 1 0 0 0 0
 12 14453.000 111685.000 0 0 0.000 0.000 0.000 0.122 0 1 0 0 0 0
 13 13754.000 112554.000 0 0 0.000 0.000 0.000 0.121 0 1 0 0 0 0
 14 13722.000 116147.000 0 0 54.000 32.000 1728.000 41.569 0 1 2 210 0 0
 15 13716.000 116012.000 0 0 54.000 32.000 1728.000 41.569 0 1 2 210 0 0
 16 13569.000 116970.000 0 0 54.000 32.000 1728.000 41.569 0 1 2 210 0 0
 17 13592.000 116335.000 0 0 54.000 32.000 1728.000 41.569 0 1 2 210 0 0
 18 13564.000 117239.000 0 0 54.000 32.000 1728.000 41.569 0 1 2 210 0 0
 19 45580.000 170924.000 0 0 0.000 0.000 0.000 0.362 0 1 0 0 0 0
 20 12737.000 121159.000 0 0 0.000 0.000 0.000 0.126 0 1 0 0 0 0
 21 11853.000 132123.000 0 0 0.000 0.000 0.000 0.123 0 1 0 0 0 0
 22 11840.000 132809.000 0 0 0.000 0.000 0.000 0.154 0 1 0 0 0 0
 23 166946.000 32703.000 0 0 0.000 0.000 0.000 0.126 0 1 0 0 0 0
 24 11204.000 134020.000 0 0 0.000 0.000 0.000 0.127 0 1 0 0 0 0
 25 11353.000 63424.000 0 0 56.000 42.000 2352.000 48.497 0 1 1 210 0 0
 26 11178.000 63282.000 0 0 56.000 42.000 2352.000 48.497 0 1 1 210 0 0
 27 179204.000 45269.000 0 0 0.000 0.000 0.000 0.270 0 1 0 0 0 0
 28 11322.000 62540.000 0 0 56.000 42.000 2352.000 48.497 0 1 1 210 0 0
 29 11336.000 62445.000 0 0 56.000 42.000 2352.000 48.497 0 1 1 210 0 0
 30 11358.000 62354.000 0 0 56.000 42.000 2352.000 48.497 0 1 1 210 0 0
 31 11365.000 62071.000 0 0 54.000 42.000 2268.000 47.623 0 1 1 210 0 0
 32 11374.000 61696.000 0 0 54.000 42.000 2268.000 47.623 0 1 1 210 0 0
 33 11374.000 61594.000 0 0 54.000 42.000 2268.000 47.623 0 1 1 210 0 0
 34 11367.000 61333.000 0 0 54.000 40.000 2160.000 46.475 0 1 1 210 0 0
 35 11367.000 60993.000 0 0 54.000 42.000 2268.000 47.623 0 1 1 210 0 0
 36 11360.000 60812.000 0 0 54.000 42.000 2268.000 47.623 0 1 1 210 0 0
 37 11345.000 60699.000 0 0 54.000 42.000 2268.000 47.623 0 1 1 210 0 0
 38 11366.000 60616.000 0 0 54.000 42.000 2268.000 47.623 0 1 1 210 0 0
 39 138890.000 11249.000 0 0 0.000 0.000 0.000 0.128 0 1 0 0 0 0;
ProcessEquipmentIDList 1
  "6489" ;
SummarySpec 5
  TESTNO    NDEFECT    DEFDENSITY    NDIE    NDEFDIE  ;
SummaryList 
  1    39    0.1368    1    1  ;
EndOfFile;
