FileVersion 1 2;
FileTimestamp 01-18-26 23:13:23;
InspectionStationID "KLA-Tencor" "SFSSP1" "0901-0728-TBI";
SampleType WAFER;
ResultTimestamp 01-18-26 23:10:00;
LotID "2850";
SampleSize 1 200;
DeviceID "None";
SetupID "T2-2850A" 01-18-26 23:10:00;
StepID "6502";
SampleOrientationMarkType NOTCH;
OrientationMarkLocation DOWN;
DiePitch 200000 200000;
DieOrigin 0 0;
WaferID "05";
Slot 5;
SampleCenterLocation 100000 100000;
ClassLookup 1
  0 "0"  ;
OrientationInstructions "Front";
CoordinatesMirrored No;
InspectionTest 1;
SampleTestPlan 1
  0 0 ;
AreaPerTest 2.85007e+010;
DefectRecordSpec 15 DEFECTID XREL YREL XINDEX YINDEX XSIZE YSIZE DEFECTAREA DSIZE CLASSNUMBER TEST CLUSTERNUMBER ROUGHBINNUMBER FINEBINNUMBER REVIEWSAMPLE ;
DefectList
 1 69942.000 81876.000 0 0 0.000 0.000 0.000 0.250 0 1 0 0 0 0
 2 69704.000 82083.000 0 0 0.000 0.000 0.000 0.129 0 1 0 0 0 0
 3 68906.000 81886.000 0 0 0.000 0.000 0.000 0.137 0 1 0 0 0 0
 4 61410.000 98669.000 0 0 0.000 0.000 0.000 0.123 0 1 0 0 0 0
 5 66045.000 79925.000 0 0 0.000 0.000 0.000 0.251 0 1 0 0 0 0
 6 132644.000 75748.000 0 0 0.000 0.000 0.000 0.154 0 1 0 0 0 0
 7 65144.000 78452.000 0 0 0.000 0.000 0.000 0.154 0 1 0 0 0 0
 8 152519.000 80688.000 0 0 0.000 0.000 0.000 0.131 0 1 0 0 0 0
 9 170303.000 61634.000 0 0 0.000 0.000 0.000 0.151 0 1 0 0 0 0
 10 134936.000 16154.000 0 0 0.000 0.000 0.000 0.121 0 1 0 0 0 0
 11 162347.000 166971.000 0 0 0.000 0.000 0.000 0.148 0 1 0 0 0 0
 12 163315.000 166227.000 0 0 0.000 0.000 0.000 0.138 0 1 0 0 0 0
 13 175825.000 45858.000 0 0 0.000 0.000 0.000 0.136 0 1 0 0 0 0
 14 34956.000 167763.000 0 0 0.000 0.000 0.000 0.156 0 1 0 0 0 0
 15 33477.000 166466.000 0 0 0.000 0.000 0.000 0.155 0 1 0 0 0 0
 16 191881.000 76361.000 0 0 0.000 0.000 0.000 200000.000 0 1 0 200 0 0
 17 29825.000 163397.000 0 0 0.000 0.000 0.000 0.151 0 1 0 0 0 0
 18 42163.000 175061.000 0 0 0.000 0.000 0.000 0.128 0 1 0 0 0 0
 19 28327.000 162223.000 0 0 0.000 0.000 0.000 0.140 0 1 0 0 0 0
 20 28149.000 162094.000 0 0 0.000 0.000 0.000 0.201 0 1 0 0 0 0
 21 43715.000 176842.000 0 0 0.000 0.000 0.000 0.138 0 1 0 0 0 0
 22 26865.000 161150.000 0 0 0.000 0.000 0.000 0.141 0 1 0 0 0 0
 23 25733.000 160347.000 0 0 0.000 0.000 0.000 0.120 0 1 0 0 0 0
 24 45243.000 178637.000 0 0 0.000 0.000 0.000 0.157 0 1 0 0 0 0
 25 45797.000 179318.000 0 0 0.000 0.000 0.000 0.179 0 1 0 0 0 0
 26 24241.000 159307.000 0 0 0.000 0.000 0.000 0.160 0 1 0 0 0 0
 27 35540.000 171870.000 0 0 0.000 0.000 0.000 0.140 0 1 0 0 0 0
 28 23243.000 158633.000 0 0 0.000 0.000 0.000 0.151 0 1 0 0 0 0
 29 47147.000 181008.000 0 0 0.000 0.000 0.000 0.181 0 1 0 0 0 0
 30 22439.000 158104.000 0 0 0.000 0.000 0.000 0.269 0 1 0 0 0 0;
ProcessEquipmentIDList 1
  "6489" ;
SummarySpec 5
  TESTNO    NDEFECT    DEFDENSITY    NDIE    NDEFDIE  ;
SummaryList 
  1    30    0.1053    1    1  ;
EndOfFile;
