FileVersion 1 2;
FileTimestamp 01-18-26 21:50:02;
InspectionStationID "KLA-Tencor" "SFSSP1" "0901-0728-TBI";
SampleType WAFER;
ResultTimestamp 01-18-26 21:35:28;
LotID "2850";
SampleSize 1 200;
DeviceID "None";
SetupID "T2-2850A" 01-18-26 21:35:28;
StepID "6502";
SampleOrientationMarkType NOTCH;
OrientationMarkLocation DOWN;
DiePitch 200000 200000;
DieOrigin 0 0;
WaferID "23";
Slot 23;
SampleCenterLocation 100000 100000;
ClassLookup 1
  0 "0"  ;
OrientationInstructions "Front";
CoordinatesMirrored No;
InspectionTest 1;
SampleTestPlan 1
  0 0 ;
AreaPerTest 2.85005e+010;
DefectRecordSpec 15 DEFECTID XREL YREL XINDEX YINDEX XSIZE YSIZE DEFECTAREA DSIZE CLASSNUMBER TEST CLUSTERNUMBER ROUGHBINNUMBER FINEBINNUMBER REVIEWSAMPLE ;
DefectList
 1 86653.000 110913.000 0 0 0.000 0.000 0.000 0.418 0 1 0 0 0 0
 2 111312.000 117940.000 0 0 0.000 0.000 0.000 0.126 0 1 0 0 0 0
 3 59141.000 72129.000 0 0 0.000 0.000 0.000 0.144 0 1 0 0 0 0
 4 124686.000 55863.000 0 0 0.000 0.000 0.000 200000.000 0 1 0 200 0 0
 5 71053.000 56477.000 0 0 0.000 0.000 0.000 0.127 0 1 0 0 0 0
 6 37498.000 91111.000 0 0 0.000 0.000 0.000 0.284 0 1 0 0 0 0
 7 37058.000 91063.000 0 0 0.000 0.000 0.000 0.292 0 1 0 0 0 0
 8 36071.000 90947.000 0 0 0.000 0.000 0.000 0.129 0 1 0 0 0 0
 9 80399.000 37000.000 0 0 0.000 0.000 0.000 200000.000 0 1 0 200 0 0
 10 43764.000 63085.000 0 0 0.000 0.000 0.000 200000.000 0 1 0 200 0 0
 11 43238.000 60246.000 0 0 0.000 0.000 0.000 0.161 0 1 0 0 0 0
 12 41438.000 62386.000 0 0 0.000 0.000 0.000 0.270 0 1 0 0 0 0
 13 159639.000 57006.000 0 0 0.000 0.000 0.000 0.150 0 1 0 0 0 0
 14 77986.000 28022.000 0 0 0.000 0.000 0.000 0.497 0 1 0 0 0 0
 15 162098.000 56358.000 0 0 0.000 0.000 0.000 0.139 0 1 0 0 0 0
 16 162346.000 56513.000 0 0 0.000 0.000 0.000 0.158 0 1 0 0 0 0
 17 161886.000 54671.000 0 0 0.000 0.000 0.000 0.152 0 1 0 0 0 0
 18 162810.000 54722.000 0 0 0.000 0.000 0.000 0.254 0 1 0 0 0 0
 19 139922.000 32457.000 0 0 0.000 0.000 0.000 0.140 0 1 0 0 0 0
 20 19493.000 90443.000 0 0 0.000 0.000 0.000 0.259 0 1 0 0 0 0
 21 166224.000 51814.000 0 0 0.000 0.000 0.000 200000.000 0 1 0 200 0 0
 22 107904.000 189166.000 0 0 0.000 0.000 0.000 0.123 0 1 0 0 0 0
 23 68623.000 184384.000 0 0 0.000 0.000 0.000 200000.000 0 1 0 200 0 0
 24 68722.000 184277.000 0 0 0.000 0.000 0.000 200000.000 0 1 0 200 0 0
 25 10611.000 119536.000 0 0 0.000 0.000 0.000 200000.000 0 1 0 200 0 0
 26 174409.000 44295.000 0 0 0.000 0.000 0.000 0.349 0 1 0 0 0 0
 27 153596.000 19525.000 0 0 0.000 0.000 0.000 0.281 0 1 0 0 0 0;
ProcessEquipmentIDList 1
  "6489" ;
SummarySpec 5
  TESTNO    NDEFECT    DEFDENSITY    NDIE    NDEFDIE  ;
SummaryList 
  1    27    0.09474    1    1  ;
EndOfFile;
