FileVersion 1 2;
FileTimestamp 01-18-26 23:18:27;
InspectionStationID "KLA-Tencor" "SFSSP1" "0901-0728-TBI";
SampleType WAFER;
ResultTimestamp 01-18-26 23:10:00;
LotID "2850";
SampleSize 1 200;
DeviceID "None";
SetupID "T2-2850A" 01-18-26 23:10:00;
StepID "6502";
SampleOrientationMarkType NOTCH;
OrientationMarkLocation DOWN;
DiePitch 200000 200000;
DieOrigin 0 0;
WaferID "14";
Slot 14;
SampleCenterLocation 100000 100000;
ClassLookup 1
  0 "0"  ;
OrientationInstructions "Front";
CoordinatesMirrored No;
InspectionTest 1;
SampleTestPlan 1
  0 0 ;
AreaPerTest 2.85014e+010;
ClusterClassificationList 2
  2 210 
  1 200 ;
DefectRecordSpec 15 DEFECTID XREL YREL XINDEX YINDEX XSIZE YSIZE DEFECTAREA DSIZE CLASSNUMBER TEST CLUSTERNUMBER ROUGHBINNUMBER FINEBINNUMBER REVIEWSAMPLE ;
DefectList
 1 93938.000 134587.000 0 0 0.000 0.000 0.000 0.120 0 1 0 0 0 0
 2 93675.000 134990.000 0 0 0.000 0.000 0.000 0.131 0 1 0 0 0 0
 3 93586.000 135137.000 0 0 0.000 0.000 0.000 0.143 0 1 0 0 0 0
 4 93428.000 135375.000 0 0 0.000 0.000 0.000 0.166 0 1 0 0 0 0
 5 81623.000 131665.000 0 0 0.000 0.000 0.000 0.123 0 1 0 0 0 0
 6 117576.000 132811.000 0 0 0.000 0.000 0.000 0.145 0 1 0 0 0 0
 7 91258.000 138851.000 0 0 0.000 0.000 0.000 0.167 0 1 0 0 0 0
 8 89323.000 142033.000 0 0 36.000 54.000 1944.000 44.090 0 1 2 210 0 0
 9 89232.000 142185.000 0 0 36.000 54.000 1944.000 44.090 0 1 2 210 0 0
 10 89069.000 142457.000 0 0 36.000 54.000 1944.000 44.090 0 1 2 210 0 0
 11 88964.000 142628.000 0 0 36.000 56.000 2016.000 44.899 0 1 2 210 0 0
 12 88737.000 143010.000 0 0 36.000 56.000 2016.000 44.899 0 1 2 210 0 0
 13 88405.000 143570.000 0 0 36.000 56.000 2016.000 44.899 0 1 2 210 0 0
 14 88295.000 143762.000 0 0 36.000 56.000 2016.000 44.899 0 1 2 210 0 0
 15 88222.000 143877.000 0 0 36.000 56.000 2016.000 44.899 0 1 2 210 0 0
 16 88118.000 144058.000 0 0 36.000 56.000 2016.000 44.899 0 1 2 210 0 0
 17 87932.000 144371.000 0 0 36.000 56.000 2016.000 44.899 0 1 2 210 0 0
 18 122831.000 141866.000 0 0 0.000 0.000 0.000 0.152 0 1 0 0 0 0
 19 106549.000 51850.000 0 0 0.000 0.000 0.000 0.125 0 1 0 0 0 0
 20 131454.000 139835.000 0 0 0.000 0.000 0.000 0.121 0 1 0 0 0 0
 21 141081.000 135263.000 0 0 0.000 0.000 0.000 0.129 0 1 0 0 0 0
 22 141744.000 135044.000 0 0 0.000 0.000 0.000 0.127 0 1 0 0 0 0
 23 108214.000 45627.000 0 0 0.000 0.000 0.000 0.120 0 1 0 0 0 0
 24 148259.000 132744.000 0 0 0.000 0.000 0.000 0.130 0 1 0 0 0 0
 25 56957.000 54682.000 0 0 0.000 0.000 0.000 0.215 0 1 0 0 0 0
 26 79794.000 159288.000 0 0 0.000 0.000 0.000 0.162 0 1 0 0 0 0
 27 168072.000 90251.000 0 0 0.000 0.000 0.000 0.127 0 1 0 0 0 0
 28 107993.000 16715.000 0 0 28.000 52.000 1456.000 38.157 0 1 1 200 0 0
 29 108050.000 15991.000 0 0 28.000 52.000 1456.000 38.157 0 1 1 200 0 0
 30 174227.000 57572.000 0 0 0.000 0.000 0.000 0.129 0 1 0 0 0 0
 31 184575.000 113704.000 0 0 0.000 0.000 0.000 0.122 0 1 0 0 0 0
 32 184883.000 129277.000 0 0 0.000 0.000 0.000 0.135 0 1 0 0 0 0
 33 187595.000 127241.000 0 0 0.000 0.000 0.000 0.125 0 1 0 0 0 0
 34 195040.000 102163.000 0 0 0.000 0.000 0.000 0.194 0 1 0 0 0 0
 35 196161.000 102334.000 0 0 0.000 0.000 0.000 0.182 0 1 0 0 0 0
 36 107980.000 17096.000 0 0 123.181 11.857 1460.653 38.218 0 1 1 200 0 0
 37 107988.000 16926.000 0 0 83.623 8.041 672.462 25.931 0 1 1 200 0 0
 38 108113.000 16938.000 0 0 15.922 1.555 24.764 4.976 0 1 1 200 0 0
 39 107916.000 16748.000 0 0 11.988 1.140 13.668 3.697 0 1 1 200 0 0
 40 108076.000 16763.000 0 0 267.358 25.942 6935.841 83.281 0 1 1 200 0 0
 41 108090.000 16594.000 0 0 503.782 48.869 24619.655 156.906 0 1 1 200 0 0
 42 107996.000 16414.000 0 0 196.336 18.782 3687.617 60.725 0 1 1 200 0 0
 43 107907.000 16236.000 0 0 20.090 1.896 38.107 6.173 0 1 1 200 0 0
 44 108016.000 16245.000 0 0 188.705 18.061 3408.228 58.380 0 1 1 200 0 0
 45 108086.000 16082.000 0 0 418.360 40.311 16864.933 129.865 0 1 1 200 0 0
 46 107888.000 15893.000 0 0 28.234 2.647 74.764 8.646 0 1 1 200 0 0
 47 107919.000 15894.000 0 0 28.233 2.658 75.056 8.663 0 1 1 200 0 0
 48 107989.000 15902.000 0 0 80.643 7.661 617.813 24.855 0 1 1 200 0 0
 49 108074.000 15908.000 0 0 72.577 6.968 505.773 22.489 0 1 1 200 0 0
 50 107983.000 15730.000 0 0 20.212 1.914 38.701 6.221 0 1 1 200 0 0
 51 108062.000 15737.000 0 0 56.533 5.409 305.790 17.486 0 1 1 200 0 0
 52 108139.000 15744.000 0 0 80.795 7.805 630.609 25.111 0 1 1 200 0 0
 53 108104.000 15570.000 0 0 12.158 1.167 14.189 3.766 0 1 1 200 0 0;
ProcessEquipmentIDList 1
  "6489" ;
SummarySpec 5
  TESTNO    NDEFECT    DEFDENSITY    NDIE    NDEFDIE  ;
SummaryList 
  1    53    0.186    1    1  ;
EndOfFile;
