FileVersion 1 2;
FileTimestamp 01-18-26 20:43:12;
InspectionStationID "KLA-Tencor" "SFSSP1" "0901-0728-TBI";
SampleType WAFER;
ResultTimestamp 01-18-26 20:30:18;
LotID "2850";
SampleSize 1 200;
DeviceID "None";
SetupID "T2-2850A" 01-18-26 20:30:18;
StepID "6502";
SampleOrientationMarkType NOTCH;
OrientationMarkLocation DOWN;
DiePitch 200000 200000;
DieOrigin 0 0;
WaferID "21";
Slot 21;
SampleCenterLocation 100000 100000;
ClassLookup 1
  0 "0"  ;
OrientationInstructions "Front";
CoordinatesMirrored No;
InspectionTest 1;
SampleTestPlan 1
  0 0 ;
AreaPerTest 2.85008e+010;
ClusterClassificationList 2
  1 210 
  2 210 ;
DefectRecordSpec 15 DEFECTID XREL YREL XINDEX YINDEX XSIZE YSIZE DEFECTAREA DSIZE CLASSNUMBER TEST CLUSTERNUMBER ROUGHBINNUMBER FINEBINNUMBER REVIEWSAMPLE ;
DefectList
 1 92550.000 113651.000 0 0 0.000 0.000 0.000 0.127 0 1 0 0 0 0
 2 120639.000 57987.000 0 0 44.000 56.000 2464.000 49.638 0 1 1 210 0 0
 3 63913.000 67986.000 0 0 0.000 0.000 0.000 0.175 0 1 0 0 0 0
 4 145031.000 131969.000 0 0 0.000 0.000 0.000 0.125 0 1 0 0 0 0
 5 105435.000 161383.000 0 0 0.000 0.000 0.000 0.138 0 1 0 0 0 0
 6 153496.000 63109.000 0 0 54.000 48.000 2592.000 50.911 0 1 2 210 0 0
 7 154909.000 61851.000 0 0 54.000 48.000 2592.000 50.911 0 1 2 210 0 0
 8 66119.000 170091.000 0 0 0.000 0.000 0.000 0.235 0 1 0 0 0 0
 9 77463.000 177016.000 0 0 0.000 0.000 0.000 200000.000 0 1 0 200 0 0
 10 23336.000 68270.000 0 0 0.000 0.000 0.000 0.125 0 1 0 0 0 0
 11 120457.000 11076.000 0 0 0.000 0.000 0.000 0.126 0 1 0 0 0 0
 12 120678.000 10250.000 0 0 0.000 0.000 0.000 0.127 0 1 0 0 0 0
 13 120782.000 57868.000 0 0 42.410 20.919 887.199 29.785 0 1 1 210 0 0
 14 120889.000 57733.000 0 0 46.598 23.029 1073.114 32.758 0 1 1 210 0 0
 15 120997.000 57595.000 0 0 50.813 25.160 1278.521 35.756 0 1 1 210 0 0
 16 121106.000 57460.000 0 0 53.025 26.308 1394.997 37.349 0 1 1 210 0 0
 17 121214.000 57324.000 0 0 53.193 26.442 1406.572 37.504 0 1 1 210 0 0
 18 121322.000 57187.000 0 0 51.302 25.550 1310.815 36.205 0 1 1 210 0 0
 19 121432.000 57052.000 0 0 55.580 27.736 1541.637 39.263 0 1 1 210 0 0
 20 121538.000 56915.000 0 0 53.703 26.846 1441.780 37.970 0 1 1 210 0 0
 21 121647.000 56781.000 0 0 53.871 26.982 1453.591 38.125 0 1 1 210 0 0
 22 121756.000 56644.000 0 0 54.041 27.118 1465.547 38.282 0 1 1 210 0 0
 23 121864.000 56508.000 0 0 54.210 27.253 1477.446 38.437 0 1 1 210 0 0
 24 121974.000 56372.000 0 0 52.279 26.331 1376.600 37.102 0 1 1 210 0 0
 25 122081.000 56235.000 0 0 54.551 27.523 1501.417 38.748 0 1 1 210 0 0
 26 122189.000 56098.000 0 0 54.721 27.657 1513.490 38.903 0 1 1 210 0 0
 27 122294.000 55963.000 0 0 54.890 27.788 1525.321 39.055 0 1 1 210 0 0
 28 122403.000 55827.000 0 0 55.060 27.924 1537.543 39.211 0 1 1 210 0 0
 29 122511.000 55690.000 0 0 53.096 26.975 1432.310 37.845 0 1 1 210 0 0
 30 122618.000 55555.000 0 0 53.259 27.103 1443.497 37.993 0 1 1 210 0 0
 31 122726.000 55419.000 0 0 51.295 26.149 1341.346 36.624 0 1 1 210 0 0
 32 122832.000 55282.000 0 0 51.453 26.271 1351.736 36.765 0 1 1 210 0 0
 33 122937.000 55145.000 0 0 51.611 26.392 1362.129 36.907 0 1 1 210 0 0
 34 123045.000 55009.000 0 0 51.767 26.516 1372.681 37.049 0 1 1 210 0 0
 35 123151.000 54873.000 0 0 51.924 26.638 1383.183 37.191 0 1 1 210 0 0
 36 123257.000 54736.000 0 0 49.901 25.640 1279.495 35.770 0 1 1 210 0 0
 37 123365.000 54600.000 0 0 52.237 26.884 1404.404 37.475 0 1 1 210 0 0
 38 123470.000 54463.000 0 0 52.395 27.005 1414.983 37.616 0 1 1 210 0 0
 39 123579.000 54327.000 0 0 50.352 25.994 1308.907 36.178 0 1 1 210 0 0
 40 123682.000 54190.000 0 0 50.503 26.109 1318.604 36.312 0 1 1 210 0 0
 41 123790.000 54053.000 0 0 50.654 26.227 1328.533 36.449 0 1 1 210 0 0
 42 123895.000 53916.000 0 0 50.805 26.343 1338.382 36.583 0 1 1 210 0 0
 43 124001.000 53780.000 0 0 50.955 26.460 1348.313 36.719 0 1 1 210 0 0
 44 124108.000 53644.000 0 0 51.105 26.578 1358.312 36.855 0 1 1 210 0 0
 45 124213.000 53507.000 0 0 51.257 26.693 1368.246 36.989 0 1 1 210 0 0
 46 124318.000 53370.000 0 0 49.184 25.650 1261.589 35.518 0 1 1 210 0 0
 47 124424.000 53233.000 0 0 47.076 24.585 1157.393 34.020 0 1 1 210 0 0
 48 124527.000 53095.000 0 0 51.710 27.040 1398.271 37.393 0 1 1 210 0 0
 49 124634.000 52960.000 0 0 49.617 25.983 1289.241 35.906 0 1 1 210 0 0
 50 124737.000 52822.000 0 0 49.762 26.092 1298.430 36.033 0 1 1 210 0 0
 51 124845.000 52686.000 0 0 47.626 25.009 1191.128 34.512 0 1 1 210 0 0
 52 124948.000 52548.000 0 0 50.050 26.314 1317.082 36.291 0 1 1 210 0 0
 53 125053.000 52412.000 0 0 47.903 25.219 1208.078 34.757 0 1 1 210 0 0
 54 125158.000 52275.000 0 0 45.765 24.125 1104.095 33.227 0 1 1 210 0 0
 55 125264.000 52137.000 0 0 48.179 25.431 1225.281 35.004 0 1 1 210 0 0
 56 125366.000 52000.000 0 0 48.317 25.534 1233.748 35.124 0 1 1 210 0 0
 57 125470.000 51863.000 0 0 48.455 25.639 1242.356 35.247 0 1 1 210 0 0
 58 125574.000 51725.000 0 0 46.291 24.524 1135.268 33.693 0 1 1 210 0 0
 59 125677.000 51588.000 0 0 46.424 24.622 1143.094 33.809 0 1 1 210 0 0
 60 125785.000 51453.000 0 0 46.553 24.726 1151.110 33.928 0 1 1 210 0 0
 61 125886.000 51314.000 0 0 46.686 24.823 1158.924 34.042 0 1 1 210 0 0
 62 125992.000 51176.000 0 0 46.818 24.924 1166.932 34.160 0 1 1 210 0 0
 63 126095.000 51038.000 0 0 46.950 25.023 1174.861 34.276 0 1 1 210 0 0
 64 126197.000 50900.000 0 0 44.718 23.859 1066.953 32.664 0 1 1 210 0 0
 65 126305.000 50767.000 0 0 42.492 22.703 964.751 31.060 0 1 1 210 0 0
 66 126405.000 50626.000 0 0 44.968 24.048 1081.442 32.885 0 1 1 210 0 0
 67 126510.000 50489.000 0 0 42.732 22.880 977.724 31.268 0 1 1 210 0 0
 68 126613.000 50353.000 0 0 42.849 22.969 984.227 31.372 0 1 1 210 0 0
 69 126714.000 50213.000 0 0 45.344 24.330 1103.256 33.215 0 1 1 210 0 0
 70 126819.000 50076.000 0 0 43.088 23.147 997.376 31.581 0 1 1 210 0 0
 71 126920.000 49937.000 0 0 45.595 24.517 1117.906 33.435 0 1 1 210 0 0
 72 127025.000 49801.000 0 0 40.908 22.023 900.938 30.015 0 1 1 210 0 0
 73 127125.000 49661.000 0 0 41.022 22.104 906.805 30.113 0 1 1 210 0 0
 74 127227.000 49525.000 0 0 43.564 23.499 1023.736 31.995 0 1 1 210 0 0
 75 127332.000 49387.000 0 0 43.682 23.590 1030.495 32.101 0 1 1 210 0 0
 76 127434.000 49248.000 0 0 41.359 22.356 924.657 30.408 0 1 1 210 0 0
 77 127537.000 49112.000 0 0 41.469 22.440 930.597 30.505 0 1 1 210 0 0
 78 127639.000 48973.000 0 0 41.582 22.523 936.603 30.603 0 1 1 210 0 0
 79 127740.000 48835.000 0 0 41.695 22.606 942.587 30.701 0 1 1 210 0 0
 80 127843.000 48697.000 0 0 41.807 22.690 948.627 30.799 0 1 1 210 0 0
 81 127943.000 48558.000 0 0 39.443 21.425 845.109 29.070 0 1 1 210 0 0
 82 128044.000 48420.000 0 0 42.034 22.854 960.648 30.994 0 1 1 210 0 0
 83 128146.000 48282.000 0 0 39.655 21.581 855.834 29.254 0 1 1 210 0 0
 84 128248.000 48144.000 0 0 39.761 21.659 861.230 29.346 0 1 1 210 0 0
 85 128351.000 48006.000 0 0 39.867 21.738 866.658 29.439 0 1 1 210 0 0
 86 128451.000 47867.000 0 0 42.484 23.185 985.033 31.385 0 1 1 210 0 0
 87 128551.000 47728.000 0 0 40.080 21.892 877.445 29.621 0 1 1 210 0 0
 88 128654.000 47590.000 0 0 37.686 20.604 776.520 27.866 0 1 1 210 0 0
 89 128753.000 47451.000 0 0 37.787 20.675 781.276 27.951 0 1 1 210 0 0
 90 128856.000 47312.000 0 0 40.398 22.126 893.870 29.897 0 1 1 210 0 0
 91 128956.000 47173.000 0 0 40.505 22.202 899.320 29.988 0 1 1 210 0 0
 92 129058.000 47036.000 0 0 40.610 22.280 904.824 30.080 0 1 1 210 0 0
 93 129158.000 46896.000 0 0 38.185 20.967 800.651 28.295 0 1 1 210 0 0
 94 129257.000 46758.000 0 0 38.285 21.038 805.460 28.380 0 1 1 210 0 0
 95 129361.000 46618.000 0 0 38.385 21.112 810.422 28.467 0 1 1 210 0 0
 96 129459.000 46480.000 0 0 38.485 21.183 815.259 28.552 0 1 1 210 0 0
 97 129557.000 46340.000 0 0 38.585 21.254 820.115 28.637 0 1 1 210 0 0
 98 129661.000 46201.000 0 0 38.685 21.328 825.101 28.724 0 1 1 210 0 0
 99 129761.000 46062.000 0 0 38.785 21.400 830.023 28.810 0 1 1 210 0 0
 100 129860.000 45924.000 0 0 38.884 21.471 834.917 28.894 0 1 1 210 0 0
 101 129960.000 45784.000 0 0 36.374 20.100 731.147 27.039 0 1 1 210 0 0
 102 130060.000 45645.000 0 0 36.467 20.168 735.481 27.119 0 1 1 210 0 0
 103 130160.000 45506.000 0 0 36.560 20.235 739.815 27.199 0 1 1 210 0 0
 104 130258.000 45366.000 0 0 36.654 20.301 744.127 27.278 0 1 1 210 0 0
 105 130358.000 45228.000 0 0 36.747 20.368 748.469 27.358 0 1 1 210 0 0
 106 130458.000 45088.000 0 0 34.222 18.982 649.642 25.488 0 1 1 210 0 0
 107 130558.000 44949.000 0 0 36.934 20.501 757.226 27.517 0 1 1 210 0 0
 108 130656.000 44810.000 0 0 37.027 20.567 761.571 27.596 0 1 1 210 0 0
 109 130756.000 44670.000 0 0 34.483 19.168 660.980 25.709 0 1 1 210 0 0
 110 130853.000 44530.000 0 0 37.216 20.699 770.362 27.755 0 1 1 210 0 0
 111 130956.000 44391.000 0 0 34.657 19.292 668.633 25.857 0 1 1 210 0 0
 112 131051.000 44251.000 0 0 34.744 19.351 672.378 25.930 0 1 1 210 0 0
 113 131153.000 44113.000 0 0 34.830 19.415 676.252 26.004 0 1 1 210 0 0
 114 152779.000 63706.000 0 0 17.392 25.292 439.918 20.974 0 1 2 210 0 0
 115 131249.000 43972.000 0 0 34.918 19.475 680.051 26.077 0 1 1 210 0 0
 116 152909.000 63596.000 0 0 26.177 38.045 995.942 31.558 0 1 2 210 0 0
 117 131346.000 43831.000 0 0 37.684 21.030 792.531 28.151 0 1 1 210 0 0
 118 153040.000 63486.000 0 0 31.514 45.777 1442.681 37.982 0 1 2 210 0 0
 119 131447.000 43692.000 0 0 35.093 19.598 687.781 26.225 0 1 1 210 0 0
 120 153169.000 63374.000 0 0 31.611 45.889 1450.635 38.087 0 1 2 210 0 0
 121 131545.000 43553.000 0 0 32.461 18.140 588.861 24.266 0 1 1 210 0 0
 122 153298.000 63261.000 0 0 31.708 46.000 1458.624 38.191 0 1 2 210 0 0
 123 131645.000 43415.000 0 0 35.265 19.722 695.509 26.372 0 1 1 210 0 0
 124 153426.000 63148.000 0 0 30.031 43.538 1307.534 36.159 0 1 2 210 0 0
 125 131741.000 43273.000 0 0 35.354 19.782 699.375 26.445 0 1 1 210 0 0
 126 153554.000 63031.000 0 0 30.126 43.641 1314.790 36.260 0 1 2 210 0 0
 127 131840.000 43134.000 0 0 35.440 19.843 703.284 26.519 0 1 1 210 0 0
 128 153681.000 62919.000 0 0 32.004 46.331 1482.802 38.507 0 1 2 210 0 0
 129 131938.000 42994.000 0 0 32.782 18.366 602.108 24.537 0 1 1 210 0 0
 130 153809.000 62805.000 0 0 30.311 43.850 1329.158 36.457 0 1 2 210 0 0
 131 132036.000 42854.000 0 0 35.615 19.966 711.097 26.666 0 1 1 210 0 0
 132 153937.000 62693.000 0 0 30.402 43.954 1336.331 36.555 0 1 2 210 0 0
 133 132135.000 42714.000 0 0 32.943 18.479 608.788 24.673 0 1 1 210 0 0
 134 154066.000 62578.000 0 0 32.298 46.663 1507.148 38.822 0 1 2 210 0 0
 135 132232.000 42574.000 0 0 33.024 18.535 612.121 24.741 0 1 1 210 0 0
 136 154195.000 62467.000 0 0 30.586 44.165 1350.865 36.754 0 1 2 210 0 0
 137 132328.000 42433.000 0 0 33.105 18.591 615.459 24.808 0 1 1 210 0 0
 138 154321.000 62352.000 0 0 30.680 44.267 1358.150 36.853 0 1 2 210 0 0
 139 132428.000 42294.000 0 0 33.185 18.648 618.851 24.876 0 1 1 210 0 0
 140 154450.000 62239.000 0 0 30.772 44.372 1365.444 36.951 0 1 2 210 0 0
 141 132523.000 42153.000 0 0 30.507 17.152 523.288 22.875 0 1 1 210 0 0
 142 154578.000 62123.000 0 0 30.866 44.476 1372.854 37.052 0 1 2 210 0 0
 143 132622.000 42012.000 0 0 33.347 18.760 625.599 25.011 0 1 1 210 0 0
 144 154702.000 62006.000 0 0 30.962 44.577 1380.239 37.151 0 1 2 210 0 0
 145 132719.000 41872.000 0 0 33.427 18.815 628.963 25.079 0 1 1 210 0 0
 146 154834.000 61897.000 0 0 31.050 44.685 1387.514 37.249 0 1 2 210 0 0
 147 132815.000 41730.000 0 0 36.315 20.451 742.709 27.252 0 1 1 210 0 0
 148 154961.000 61781.000 0 0 31.145 44.788 1394.981 37.349 0 1 2 210 0 0
 149 132913.000 41592.000 0 0 33.588 18.927 635.752 25.214 0 1 1 210 0 0
 150 155089.000 61668.000 0 0 31.237 44.892 1402.338 37.447 0 1 2 210 0 0
 151 133008.000 41449.000 0 0 33.670 18.982 639.149 25.281 0 1 1 210 0 0
 152 155217.000 61555.000 0 0 31.329 44.997 1409.755 37.546 0 1 2 210 0 0
 153 133108.000 41310.000 0 0 30.952 17.460 540.448 23.247 0 1 1 210 0 0
 154 155345.000 61441.000 0 0 31.422 45.101 1417.203 37.645 0 1 2 210 0 0
 155 133205.000 41171.000 0 0 31.025 17.511 543.320 23.309 0 1 1 210 0 0
 156 155472.000 61327.000 0 0 33.378 47.876 1598.060 39.975 0 1 2 210 0 0
 157 133300.000 41029.000 0 0 31.100 17.561 546.184 23.370 0 1 1 210 0 0
 158 155599.000 61211.000 0 0 31.609 45.308 1432.202 37.844 0 1 2 210 0 0
 159 133399.000 40890.000 0 0 33.992 19.206 652.891 25.551 0 1 1 210 0 0
 160 155727.000 61098.000 0 0 31.702 45.413 1439.708 37.943 0 1 2 210 0 0
 161 133493.000 40748.000 0 0 34.074 19.261 656.305 25.618 0 1 1 210 0 0
 162 155853.000 60981.000 0 0 31.797 45.515 1447.277 38.043 0 1 2 210 0 0
 163 133590.000 40607.000 0 0 31.323 17.714 554.883 23.555 0 1 1 210 0 0
 164 155980.000 60866.000 0 0 33.775 48.315 1631.893 40.396 0 1 2 210 0 0
 165 133684.000 40465.000 0 0 31.397 17.764 557.769 23.617 0 1 1 210 0 0
 166 156108.000 60753.000 0 0 31.983 45.724 1462.393 38.241 0 1 2 210 0 0
 167 133782.000 40325.000 0 0 31.471 17.816 560.706 23.679 0 1 1 210 0 0
 168 156234.000 60637.000 0 0 32.078 45.826 1470.032 38.341 0 1 2 210 0 0
 169 133878.000 40184.000 0 0 31.546 17.866 563.628 23.740 0 1 1 210 0 0
 170 156361.000 60524.000 0 0 32.170 45.930 1477.587 38.439 0 1 2 210 0 0
 171 133974.000 40043.000 0 0 28.732 16.281 467.804 21.628 0 1 1 210 0 0
 172 156489.000 60410.000 0 0 32.263 46.034 1485.208 38.538 0 1 2 210 0 0
 173 134069.000 39901.000 0 0 34.561 19.592 677.141 26.021 0 1 1 210 0 0
 174 156615.000 60292.000 0 0 32.359 46.137 1492.960 38.638 0 1 2 210 0 0
 175 134166.000 39761.000 0 0 31.769 18.018 572.440 23.925 0 1 1 210 0 0
 176 156742.000 60178.000 0 0 32.451 46.240 1500.584 38.737 0 1 2 210 0 0
 177 134262.000 39620.000 0 0 31.843 18.069 575.393 23.987 0 1 1 210 0 0
 178 156868.000 60060.000 0 0 32.548 46.343 1508.375 38.837 0 1 2 210 0 0
 179 134356.000 39478.000 0 0 31.918 18.119 578.330 24.048 0 1 1 210 0 0
 180 156996.000 59946.000 0 0 32.641 46.446 1516.082 38.936 0 1 2 210 0 0
 181 134452.000 39337.000 0 0 31.992 18.169 581.298 24.110 0 1 1 210 0 0
 182 157123.000 59831.000 0 0 32.734 46.550 1523.819 39.036 0 1 2 210 0 0
 183 134548.000 39196.000 0 0 32.067 18.220 584.272 24.171 0 1 1 210 0 0
 184 157249.000 59717.000 0 0 32.827 46.653 1531.520 39.134 0 1 2 210 0 0
 185 134645.000 39056.000 0 0 29.206 16.602 484.900 22.020 0 1 1 210 0 0
 186 157375.000 59600.000 0 0 32.922 46.755 1539.340 39.234 0 1 2 210 0 0
 187 134738.000 38913.000 0 0 32.216 18.320 590.222 24.294 0 1 1 210 0 0
 188 157501.000 59484.000 0 0 34.969 49.627 1735.441 41.658 0 1 2 210 0 0
 189 134834.000 38772.000 0 0 32.290 18.371 593.219 24.356 0 1 1 210 0 0
 190 157629.000 59370.000 0 0 33.110 46.962 1554.950 39.432 0 1 2 210 0 0
 191 134930.000 38630.000 0 0 32.365 18.421 596.236 24.417 0 1 1 210 0 0
 192 157755.000 59254.000 0 0 31.242 44.284 1383.548 37.196 0 1 2 210 0 0
 193 135023.000 38487.000 0 0 32.440 18.470 599.212 24.478 0 1 1 210 0 0
 194 157881.000 59137.000 0 0 33.299 47.168 1570.693 39.631 0 1 2 210 0 0
 195 135119.000 38347.000 0 0 32.515 18.521 602.232 24.540 0 1 1 210 0 0
 196 158006.000 59023.000 0 0 33.393 47.270 1578.530 39.730 0 1 2 210 0 0
 197 135213.000 38204.000 0 0 29.614 16.875 499.740 22.354 0 1 1 210 0 0
 198 158133.000 58906.000 0 0 31.509 44.574 1404.514 37.476 0 1 2 210 0 0
 199 135309.000 38063.000 0 0 29.681 16.921 502.246 22.410 0 1 1 210 0 0
 200 158259.000 58789.000 0 0 33.583 47.476 1594.432 39.930 0 1 2 210 0 0
 201 135405.000 37924.000 0 0 29.748 16.967 504.748 22.466 0 1 1 210 0 0
 202 158385.000 58673.000 0 0 33.678 47.579 1602.383 40.029 0 1 2 210 0 0
 203 135499.000 37780.000 0 0 29.817 17.012 507.257 22.522 0 1 1 210 0 0
 204 158510.000 58556.000 0 0 33.774 47.681 1610.389 40.129 0 1 2 210 0 0
 205 135592.000 37639.000 0 0 26.911 15.359 413.350 20.331 0 1 1 210 0 0
 206 158637.000 58442.000 0 0 31.864 44.960 1432.664 37.850 0 1 2 210 0 0
 207 135687.000 37496.000 0 0 29.953 17.102 512.274 22.633 0 1 1 210 0 0
 208 158763.000 58325.000 0 0 33.962 47.887 1626.365 40.328 0 1 2 210 0 0
 209 135783.000 37356.000 0 0 30.020 17.148 514.800 22.689 0 1 1 210 0 0
 210 158888.000 58208.000 0 0 32.044 45.152 1446.893 38.038 0 1 2 210 0 0
 211 135876.000 37211.000 0 0 27.095 15.482 419.500 20.481 0 1 1 210 0 0
 212 159015.000 58092.000 0 0 32.133 45.250 1454.060 38.132 0 1 2 210 0 0
 213 135970.000 37071.000 0 0 30.157 17.237 519.852 22.800 0 1 1 210 0 0
 214 159141.000 57976.000 0 0 32.222 45.347 1461.189 38.225 0 1 2 210 0 0
 215 136065.000 36930.000 0 0 27.217 15.563 423.597 20.581 0 1 1 210 0 0
 216 159266.000 57860.000 0 0 34.340 48.297 1658.568 40.725 0 1 2 210 0 0
 217 136158.000 36786.000 0 0 27.279 15.603 425.658 20.631 0 1 1 210 0 0
 218 159392.000 57741.000 0 0 32.402 45.539 1475.573 38.413 0 1 2 210 0 0
 219 136252.000 36644.000 0 0 27.340 15.644 427.724 20.681 0 1 1 210 0 0
 220 159515.000 57624.000 0 0 34.533 48.500 1674.875 40.925 0 1 2 210 0 0
 221 136348.000 36503.000 0 0 27.401 15.685 429.814 20.731 0 1 1 210 0 0
 222 159641.000 57507.000 0 0 34.628 48.602 1683.030 41.024 0 1 2 210 0 0
 223 136441.000 36359.000 0 0 30.498 17.463 532.603 23.078 0 1 1 210 0 0
 224 159766.000 57390.000 0 0 32.671 45.826 1497.229 38.694 0 1 2 210 0 0
 225 136535.000 36219.000 0 0 27.524 15.766 433.962 20.831 0 1 1 210 0 0
 226 159893.000 57275.000 0 0 34.817 48.808 1699.373 41.223 0 1 2 210 0 0
 227 136629.000 36075.000 0 0 27.586 15.807 436.056 20.881 0 1 1 210 0 0
 228 160017.000 57156.000 0 0 34.914 48.909 1707.630 41.323 0 1 2 210 0 0
 229 136721.000 35933.000 0 0 24.562 14.078 345.784 18.595 0 1 1 210 0 0
 230 160142.000 57039.000 0 0 32.941 46.114 1519.066 38.975 0 1 2 210 0 0
 231 136815.000 35791.000 0 0 24.616 14.114 347.439 18.639 0 1 1 210 0 0
 232 160268.000 56923.000 0 0 33.030 46.211 1526.360 39.068 0 1 2 210 0 0
 233 136909.000 35649.000 0 0 24.670 14.150 349.097 18.684 0 1 1 210 0 0
 234 160392.000 56803.000 0 0 35.201 49.214 1732.447 41.622 0 1 2 210 0 0
 235 137002.000 35506.000 0 0 24.725 14.185 350.751 18.728 0 1 1 210 0 0
 236 160518.000 56687.000 0 0 35.296 49.317 1740.724 41.721 0 1 2 210 0 0
 237 137096.000 35364.000 0 0 24.780 14.221 352.417 18.772 0 1 1 210 0 0
 238 160643.000 56569.000 0 0 33.301 46.498 1548.477 39.350 0 1 2 210 0 0
 239 137188.000 35221.000 0 0 27.954 16.048 448.624 21.180 0 1 1 210 0 0
 240 160768.000 56452.000 0 0 33.390 46.594 1555.816 39.443 0 1 2 210 0 0
 241 137282.000 35079.000 0 0 28.015 16.088 450.745 21.230 0 1 1 210 0 0
 242 160892.000 56336.000 0 0 33.479 46.689 1563.161 39.536 0 1 2 210 0 0
 243 137372.000 34935.000 0 0 28.078 16.127 452.839 21.280 0 1 1 210 0 0
 244 161017.000 56218.000 0 0 35.679 49.723 1774.099 42.120 0 1 2 210 0 0
 245 137466.000 34792.000 0 0 28.139 16.168 454.978 21.330 0 1 1 210 0 0
 246 161141.000 56098.000 0 0 33.662 46.880 1578.112 39.725 0 1 2 210 0 0
 247 137559.000 34650.000 0 0 25.053 14.399 360.761 18.993 0 1 1 210 0 0
 248 161266.000 55981.000 0 0 33.752 46.976 1585.561 39.819 0 1 2 210 0 0
 249 137653.000 34508.000 0 0 25.108 14.435 362.450 19.038 0 1 1 210 0 0
 250 161390.000 55863.000 0 0 35.968 50.027 1799.412 42.419 0 1 2 210 0 0
 251 137743.000 34364.000 0 0 25.163 14.470 364.118 19.081 0 1 1 210 0 0
 252 161516.000 55746.000 0 0 33.932 47.168 1600.521 40.006 0 1 2 210 0 0
 253 137835.000 34220.000 0 0 25.218 14.505 365.800 19.125 0 1 1 210 0 0
 254 161639.000 55627.000 0 0 34.023 47.262 1608.018 40.100 0 1 2 210 0 0
 255 137928.000 34078.000 0 0 25.273 14.540 367.496 19.170 0 1 1 210 0 0
 256 161763.000 55509.000 0 0 36.256 50.332 1824.883 42.718 0 1 2 210 0 0
 257 138023.000 33936.000 0 0 25.327 14.577 369.206 19.214 0 1 1 210 0 0
 258 161888.000 55393.000 0 0 34.202 47.453 1623.035 40.286 0 1 2 210 0 0
 259 138114.000 33793.000 0 0 25.382 14.612 370.894 19.258 0 1 1 210 0 0
 260 162011.000 55272.000 0 0 34.295 47.547 1630.656 40.381 0 1 2 210 0 0
 261 138205.000 33648.000 0 0 25.438 14.647 372.597 19.302 0 1 1 210 0 0
 262 162135.000 55155.000 0 0 34.385 47.642 1638.235 40.475 0 1 2 210 0 0
 263 138296.000 33504.000 0 0 25.493 14.682 374.293 19.346 0 1 1 210 0 0
 264 162259.000 55035.000 0 0 32.333 44.768 1447.514 38.046 0 1 2 210 0 0
 265 138390.000 33363.000 0 0 25.547 14.718 376.006 19.390 0 1 1 210 0 0
 266 162384.000 54917.000 0 0 32.418 44.859 1454.247 38.134 0 1 2 210 0 0
 267 138482.000 33219.000 0 0 25.602 14.753 377.725 19.435 0 1 1 210 0 0
 268 162508.000 54798.000 0 0 34.659 47.928 1661.177 40.757 0 1 2 210 0 0
 269 138573.000 33075.000 0 0 25.657 14.788 379.433 19.479 0 1 1 210 0 0
 270 162632.000 54681.000 0 0 34.749 48.023 1668.778 40.850 0 1 2 210 0 0
 271 138664.000 32932.000 0 0 25.712 14.823 381.138 19.522 0 1 1 210 0 0
 272 162756.000 54562.000 0 0 34.840 48.118 1676.461 40.944 0 1 2 210 0 0
 273 138757.000 32789.000 0 0 22.562 13.010 293.546 17.133 0 1 1 210 0 0
 274 162879.000 54443.000 0 0 32.759 45.214 1481.209 38.486 0 1 2 210 0 0
 275 138846.000 32645.000 0 0 25.822 14.892 384.572 19.610 0 1 1 210 0 0
 276 163002.000 54323.000 0 0 35.023 48.307 1691.900 41.132 0 1 2 210 0 0
 277 138940.000 32503.000 0 0 22.658 13.071 296.192 17.210 0 1 1 210 0 0
 278 163126.000 54204.000 0 0 35.114 48.402 1699.643 41.226 0 1 2 210 0 0
 279 139030.000 32359.000 0 0 22.706 13.102 297.516 17.248 0 1 1 210 0 0
 280 163246.000 54080.000 0 0 35.209 48.494 1707.486 41.321 0 1 2 210 0 0
 281 139121.000 32215.000 0 0 22.755 13.132 298.843 17.287 0 1 1 210 0 0
 282 163374.000 53966.000 0 0 33.101 45.570 1508.464 38.838 0 1 2 210 0 0
 283 139213.000 32071.000 0 0 22.803 13.163 300.175 17.325 0 1 1 210 0 0
 284 163497.000 53846.000 0 0 35.388 48.686 1722.969 41.508 0 1 2 210 0 0
 285 139303.000 31927.000 0 0 26.097 15.068 393.245 19.830 0 1 1 210 0 0
 286 163621.000 53728.000 0 0 35.479 48.781 1730.760 41.602 0 1 2 210 0 0
 287 139394.000 31784.000 0 0 26.152 15.103 394.987 19.874 0 1 1 210 0 0
 288 163742.000 53608.000 0 0 33.359 45.835 1529.055 39.103 0 1 2 210 0 0
 289 139494.000 31644.000 0 0 22.946 13.257 304.230 17.442 0 1 1 210 0 0
 290 163868.000 53490.000 0 0 35.662 48.971 1746.426 41.790 0 1 2 210 0 0
 291 139573.000 31494.000 0 0 26.263 15.171 398.466 19.961 0 1 1 210 0 0
 292 163990.000 53368.000 0 0 35.755 49.064 1754.331 41.884 0 1 2 210 0 0
 293 139667.000 31352.000 0 0 23.044 13.315 306.865 17.517 0 1 1 210 0 0
 294 164113.000 53249.000 0 0 35.846 49.159 1762.210 41.978 0 1 2 210 0 0
 295 139759.000 31209.000 0 0 23.092 13.346 308.219 17.556 0 1 1 210 0 0
 296 164236.000 53130.000 0 0 33.703 46.190 1556.756 39.455 0 1 2 210 0 0
 297 139849.000 31063.000 0 0 26.428 15.277 403.762 20.093 0 1 1 210 0 0
 298 164359.000 53011.000 0 0 33.788 46.279 1563.716 39.543 0 1 2 210 0 0
 299 139939.000 30920.000 0 0 23.189 13.407 310.913 17.632 0 1 1 210 0 0
 300 164481.000 52890.000 0 0 36.122 49.441 1785.947 42.260 0 1 2 210 0 0
 301 140030.000 30775.000 0 0 23.238 13.437 312.277 17.671 0 1 1 210 0 0
 302 164603.000 52769.000 0 0 33.962 46.454 1577.735 39.720 0 1 2 210 0 0
 303 140122.000 30632.000 0 0 23.286 13.468 313.643 17.709 0 1 1 210 0 0
 304 164727.000 52649.000 0 0 34.049 46.543 1584.782 39.809 0 1 2 210 0 0
 305 140210.000 30488.000 0 0 23.334 13.498 314.984 17.747 0 1 1 210 0 0
 306 164849.000 52529.000 0 0 36.399 49.723 1809.894 42.542 0 1 2 210 0 0
 307 140299.000 30343.000 0 0 23.383 13.528 316.339 17.785 0 1 1 210 0 0
 308 164972.000 52410.000 0 0 36.490 49.818 1817.892 42.636 0 1 2 210 0 0
 309 140390.000 30199.000 0 0 23.431 13.558 317.707 17.824 0 1 1 210 0 0
 310 165096.000 52290.000 0 0 36.582 49.913 1825.956 42.731 0 1 2 210 0 0
 311 140480.000 30055.000 0 0 26.815 15.519 416.161 20.400 0 1 1 210 0 0
 312 165216.000 52167.000 0 0 36.676 50.005 1834.014 42.825 0 1 2 210 0 0
 313 140570.000 29911.000 0 0 23.528 13.619 320.444 17.900 0 1 1 210 0 0
 314 165342.000 52049.000 0 0 34.480 46.985 1620.086 40.250 0 1 2 210 0 0
 315 140661.000 29767.000 0 0 23.576 13.649 321.821 17.939 0 1 1 210 0 0
 316 165461.000 51926.000 0 0 34.568 47.071 1627.203 40.338 0 1 2 210 0 0
 317 140750.000 29622.000 0 0 23.625 13.679 323.191 17.977 0 1 1 210 0 0
 318 165584.000 51807.000 0 0 34.654 47.160 1634.322 40.426 0 1 2 210 0 0
 319 140839.000 29476.000 0 0 23.674 13.709 324.569 18.015 0 1 1 210 0 0
 320 165706.000 51685.000 0 0 37.046 50.380 1866.407 43.201 0 1 2 210 0 0
 321 140927.000 29330.000 0 0 23.723 13.739 325.941 18.053 0 1 1 210 0 0
 322 165829.000 51565.000 0 0 37.138 50.474 1874.535 43.295 0 1 2 210 0 0
 323 141018.000 29188.000 0 0 23.771 13.769 327.324 18.092 0 1 1 210 0 0
 324 165952.000 51446.000 0 0 37.229 50.569 1882.669 43.389 0 1 2 210 0 0
 325 141107.000 29043.000 0 0 23.819 13.799 328.705 18.130 0 1 1 210 0 0
 326 166073.000 51323.000 0 0 35.002 47.511 1663.009 40.780 0 1 2 210 0 0
 327 141196.000 28897.000 0 0 23.869 13.829 330.095 18.168 0 1 1 210 0 0
 328 166195.000 51204.000 0 0 35.088 47.598 1670.169 40.867 0 1 2 210 0 0
 329 141287.000 28753.000 0 0 20.486 11.871 243.198 15.594 0 1 1 210 0 0
 330 166317.000 51084.000 0 0 35.174 47.687 1677.378 40.955 0 1 2 210 0 0
 331 141376.000 28609.000 0 0 23.965 13.889 332.877 18.244 0 1 1 210 0 0
 332 166438.000 50961.000 0 0 32.900 44.574 1466.540 38.295 0 1 2 210 0 0
 333 141464.000 28464.000 0 0 24.014 13.919 334.266 18.282 0 1 1 210 0 0
 334 166561.000 50840.000 0 0 35.350 47.862 1691.945 41.133 0 1 2 210 0 0
 335 141553.000 28319.000 0 0 24.063 13.949 335.662 18.321 0 1 1 210 0 0
 336 166683.000 50719.000 0 0 35.437 47.950 1699.216 41.221 0 1 2 210 0 0
 337 141640.000 28172.000 0 0 20.653 11.972 247.280 15.725 0 1 1 210 0 0
 338 166804.000 50598.000 0 0 35.524 48.037 1706.468 41.309 0 1 2 210 0 0
 339 141731.000 28029.000 0 0 24.160 14.009 338.463 18.397 0 1 1 210 0 0
 340 166926.000 50475.000 0 0 37.973 51.316 1948.658 44.143 0 1 2 210 0 0
 341 141820.000 27883.000 0 0 24.209 14.038 339.869 18.435 0 1 1 210 0 0
 342 167047.000 50354.000 0 0 35.699 48.211 1721.114 41.486 0 1 2 210 0 0
 343 141910.000 27739.000 0 0 20.777 12.050 250.384 15.823 0 1 1 210 0 0
 344 167169.000 50233.000 0 0 35.786 48.299 1728.486 41.575 0 1 2 210 0 0
 345 141998.000 27594.000 0 0 20.819 12.075 251.409 15.855 0 1 1 210 0 0
 346 167291.000 50111.000 0 0 35.873 48.387 1735.842 41.663 0 1 2 210 0 0
 347 142087.000 27449.000 0 0 20.860 12.101 252.446 15.888 0 1 1 210 0 0
 348 167411.000 49989.000 0 0 33.552 45.227 1517.501 38.955 0 1 2 210 0 0
 349 142176.000 27304.000 0 0 20.902 12.127 253.485 15.921 0 1 1 210 0 0
 350 167532.000 49867.000 0 0 36.049 48.560 1750.580 41.839 0 1 2 210 0 0
 351 142262.000 27158.000 0 0 24.452 14.187 346.920 18.625 0 1 1 210 0 0
 352 167653.000 49746.000 0 0 36.136 48.647 1757.938 41.927 0 1 2 210 0 0
 353 142351.000 27012.000 0 0 24.501 14.217 348.348 18.664 0 1 1 210 0 0
 354 167776.000 49625.000 0 0 36.223 48.735 1765.385 42.016 0 1 2 210 0 0
 355 142438.000 26866.000 0 0 21.028 12.202 256.601 16.018 0 1 1 210 0 0
 356 167895.000 49500.000 0 0 36.313 48.821 1772.869 42.105 0 1 2 210 0 0
 357 142527.000 26722.000 0 0 21.069 12.228 257.644 16.051 0 1 1 210 0 0
 358 168016.000 49378.000 0 0 36.400 48.908 1780.315 42.193 0 1 2 210 0 0
 359 142615.000 26576.000 0 0 21.111 12.253 258.689 16.083 0 1 1 210 0 0
 360 168138.000 49258.000 0 0 36.487 48.996 1787.765 42.281 0 1 2 210 0 0
 361 142704.000 26431.000 0 0 21.153 12.278 259.741 16.116 0 1 1 210 0 0
 362 168260.000 49136.000 0 0 36.574 49.083 1795.238 42.370 0 1 2 210 0 0
 363 142792.000 26285.000 0 0 24.745 14.365 355.476 18.854 0 1 1 210 0 0
 364 168379.000 49014.000 0 0 34.207 45.876 1569.320 39.614 0 1 2 210 0 0
 365 142878.000 26139.000 0 0 21.237 12.328 261.835 16.181 0 1 1 210 0 0
 366 168500.000 48889.000 0 0 36.752 49.256 1810.295 42.547 0 1 2 210 0 0
 367 142967.000 25993.000 0 0 21.279 12.354 262.898 16.214 0 1 1 210 0 0
 368 168619.000 48767.000 0 0 34.373 46.037 1582.453 39.780 0 1 2 210 0 0
 369 143052.000 25847.000 0 0 21.321 12.378 263.938 16.246 0 1 1 210 0 0
 370 168741.000 48645.000 0 0 34.455 46.119 1589.050 39.862 0 1 2 210 0 0
 371 143141.000 25702.000 0 0 21.363 12.404 265.000 16.278 0 1 1 210 0 0
 372 168860.000 48522.000 0 0 37.016 49.515 1832.917 42.812 0 1 2 210 0 0
 373 143230.000 25557.000 0 0 21.404 12.430 266.065 16.311 0 1 1 210 0 0
 374 168983.000 48401.000 0 0 34.618 46.282 1602.223 40.027 0 1 2 210 0 0
 375 143315.000 25410.000 0 0 21.447 12.454 267.116 16.343 0 1 1 210 0 0
 376 169102.000 48278.000 0 0 37.192 49.689 1848.078 42.989 0 1 2 210 0 0
 377 143404.000 25264.000 0 0 21.489 12.480 268.189 16.376 0 1 1 210 0 0
 378 169223.000 48153.000 0 0 34.785 46.442 1615.501 40.193 0 1 2 210 0 0
 379 143493.000 25120.000 0 0 21.530 12.505 269.255 16.408 0 1 1 210 0 0
 380 169344.000 48031.000 0 0 34.866 46.523 1622.133 40.275 0 1 2 210 0 0
 381 143580.000 24973.000 0 0 25.186 14.629 368.464 19.195 0 1 1 210 0 0
 382 169463.000 47909.000 0 0 34.948 46.604 1628.747 40.357 0 1 2 210 0 0
 383 143666.000 24828.000 0 0 21.614 12.555 271.384 16.473 0 1 1 210 0 0
 384 169583.000 47783.000 0 0 35.033 46.684 1635.490 40.441 0 1 2 210 0 0
 385 143752.000 24680.000 0 0 21.657 12.580 272.453 16.506 0 1 1 210 0 0
 386 169704.000 47663.000 0 0 37.634 50.122 1886.323 43.431 0 1 2 210 0 0
 387 143837.000 24534.000 0 0 21.699 12.604 273.512 16.538 0 1 1 210 0 0
 388 169824.000 47539.000 0 0 35.196 46.845 1648.814 40.605 0 1 2 210 0 0
 389 143922.000 24387.000 0 0 21.741 12.629 274.576 16.570 0 1 1 210 0 0
 390 169944.000 47416.000 0 0 35.279 46.926 1655.526 40.688 0 1 2 210 0 0
 391 144012.000 24241.000 0 0 21.783 12.655 275.669 16.603 0 1 1 210 0 0
 392 170063.000 47293.000 0 0 37.900 50.380 1909.427 43.696 0 1 2 210 0 0
 393 144096.000 24095.000 0 0 21.825 12.679 276.729 16.635 0 1 1 210 0 0
 394 170182.000 47167.000 0 0 35.446 47.086 1669.028 40.853 0 1 2 210 0 0
 395 144185.000 23950.000 0 0 21.867 12.704 277.818 16.667 0 1 1 210 0 0
 396 170303.000 47045.000 0 0 35.528 47.167 1675.764 40.936 0 1 2 210 0 0
 397 144270.000 23803.000 0 0 21.909 12.729 278.890 16.700 0 1 1 210 0 0
 398 170422.000 46921.000 0 0 33.080 43.889 1451.882 38.103 0 1 2 210 0 0
 399 144356.000 23655.000 0 0 21.951 12.754 279.976 16.732 0 1 1 210 0 0
 400 170542.000 46798.000 0 0 33.157 43.963 1457.730 38.180 0 1 2 210 0 0
 401 144444.000 23509.000 0 0 18.346 10.659 195.571 13.984 0 1 1 210 0 0
 402 170663.000 46676.000 0 0 35.775 47.409 1696.095 41.183 0 1 2 210 0 0
 403 144531.000 23363.000 0 0 22.035 12.804 282.153 16.797 0 1 1 210 0 0
 404 170781.000 46550.000 0 0 35.860 47.488 1702.938 41.266 0 1 2 210 0 0
 405 144615.000 23217.000 0 0 22.077 12.828 283.226 16.829 0 1 1 210 0 0
 406 170901.000 46427.000 0 0 35.943 47.568 1709.763 41.349 0 1 2 210 0 0
 407 144702.000 23069.000 0 0 22.120 12.853 284.319 16.861 0 1 1 210 0 0
 408 171020.000 46304.000 0 0 36.025 47.648 1716.560 41.431 0 1 2 210 0 0
 409 144786.000 22923.000 0 0 22.162 12.877 285.399 16.893 0 1 1 210 0 0
 410 171138.000 46178.000 0 0 36.110 47.727 1723.441 41.514 0 1 2 210 0 0
 411 144873.000 22777.000 0 0 18.522 10.762 199.352 14.119 0 1 1 210 0 0
 412 171257.000 46054.000 0 0 36.193 47.807 1730.312 41.597 0 1 2 210 0 0
 413 144958.000 22630.000 0 0 18.557 10.783 200.110 14.146 0 1 1 210 0 0
 414 171377.000 45931.000 0 0 36.275 47.887 1737.180 41.679 0 1 2 210 0 0
 415 145045.000 22482.000 0 0 18.592 10.804 200.877 14.173 0 1 1 210 0 0
 416 171492.000 45800.000 0 0 36.363 47.965 1744.203 41.763 0 1 2 210 0 0
 417 145130.000 22336.000 0 0 22.331 12.976 289.781 17.022 0 1 1 210 0 0
 418 171615.000 45680.000 0 0 36.444 48.047 1751.058 41.845 0 1 2 210 0 0
 419 145215.000 22189.000 0 0 18.663 10.844 202.398 14.226 0 1 1 210 0 0
 420 171732.000 45554.000 0 0 33.932 44.705 1516.957 38.948 0 1 2 210 0 0
 421 145302.000 22041.000 0 0 22.415 13.025 291.984 17.087 0 1 1 210 0 0
 422 171855.000 45434.000 0 0 34.007 44.782 1522.922 39.024 0 1 2 210 0 0
 423 145385.000 21893.000 0 0 18.733 10.885 203.931 14.280 0 1 1 210 0 0
 424 171971.000 45307.000 0 0 34.086 44.854 1528.924 39.101 0 1 2 210 0 0
 425 145478.000 21750.000 0 0 18.768 10.907 204.722 14.308 0 1 1 210 0 0
 426 172092.000 45185.000 0 0 36.776 48.367 1778.771 42.175 0 1 2 210 0 0
 427 145555.000 21600.000 0 0 18.804 10.926 205.463 14.333 0 1 1 210 0 0
 428 172210.000 45060.000 0 0 34.240 45.003 1540.943 39.254 0 1 2 210 0 0
 429 145641.000 21452.000 0 0 18.839 10.947 206.240 14.361 0 1 1 210 0 0
 430 172327.000 44933.000 0 0 36.945 48.525 1792.781 42.341 0 1 2 210 0 0
 431 145725.000 21304.000 0 0 22.627 13.147 297.499 17.248 0 1 1 210 0 0
 432 172446.000 44808.000 0 0 34.397 45.150 1553.054 39.408 0 1 2 210 0 0
 433 145809.000 21158.000 0 0 22.669 13.171 298.604 17.280 0 1 1 210 0 0
 434 172564.000 44681.000 0 0 37.114 48.684 1806.883 42.507 0 1 2 210 0 0
 435 145893.000 21010.000 0 0 18.945 11.007 208.545 14.441 0 1 1 210 0 0
 436 172684.000 44559.000 0 0 34.552 45.298 1565.176 39.562 0 1 2 210 0 0
 437 145978.000 20862.000 0 0 18.981 11.027 209.321 14.467 0 1 1 210 0 0
 438 172800.000 44432.000 0 0 34.631 45.371 1571.292 39.639 0 1 2 210 0 0
 439 146062.000 20713.000 0 0 22.797 13.244 301.941 17.376 0 1 1 210 0 0
 440 172918.000 44308.000 0 0 34.709 45.444 1577.349 39.715 0 1 2 210 0 0
 441 146147.000 20566.000 0 0 22.839 13.268 303.060 17.408 0 1 1 210 0 0
 442 173037.000 44184.000 0 0 34.786 45.519 1583.446 39.792 0 1 2 210 0 0
 443 146234.000 20421.000 0 0 19.086 11.089 211.660 14.548 0 1 1 210 0 0
 444 173155.000 44056.000 0 0 37.533 49.080 1842.175 42.920 0 1 2 210 0 0
 445 146315.000 20272.000 0 0 19.122 11.108 212.429 14.574 0 1 1 210 0 0
 446 173274.000 43932.000 0 0 37.617 49.160 1849.276 43.003 0 1 2 210 0 0
 447 146401.000 20124.000 0 0 19.158 11.129 213.219 14.602 0 1 1 210 0 0
 448 173390.000 43806.000 0 0 35.021 45.739 1601.871 40.023 0 1 2 210 0 0
 449 146482.000 19976.000 0 0 19.193 11.148 213.987 14.628 0 1 1 210 0 0
 450 173510.000 43681.000 0 0 35.100 45.813 1608.055 40.100 0 1 2 210 0 0
 451 146567.000 19829.000 0 0 19.229 11.169 214.774 14.655 0 1 1 210 0 0
 452 173628.000 43556.000 0 0 35.177 45.887 1614.221 40.177 0 1 2 210 0 0
 453 146651.000 19680.000 0 0 23.094 13.413 309.791 17.600 0 1 1 210 0 0
 454 173745.000 43429.000 0 0 37.954 49.476 1877.856 43.334 0 1 2 210 0 0
 455 146736.000 19532.000 0 0 23.137 13.438 310.924 17.633 0 1 1 210 0 0
 456 173863.000 43305.000 0 0 38.037 49.555 1884.988 43.416 0 1 2 210 0 0
 457 146819.000 19385.000 0 0 19.335 11.229 217.129 14.735 0 1 1 210 0 0
 458 173980.000 43178.000 0 0 35.413 46.106 1632.786 40.407 0 1 2 210 0 0
 459 146900.000 19234.000 0 0 19.371 11.249 217.913 14.761 0 1 1 210 0 0
 460 174098.000 43053.000 0 0 35.491 46.180 1638.997 40.484 0 1 2 210 0 0
 461 146986.000 19089.000 0 0 19.406 11.269 218.705 14.788 0 1 1 210 0 0
 462 174214.000 42924.000 0 0 35.571 46.252 1645.260 40.561 0 1 2 210 0 0
 463 147071.000 18941.000 0 0 19.442 11.290 219.503 14.815 0 1 1 210 0 0
 464 174333.000 42801.000 0 0 38.375 49.871 1913.852 43.747 0 1 2 210 0 0
 465 147152.000 18791.000 0 0 19.477 11.309 220.287 14.842 0 1 1 210 0 0
 466 174450.000 42673.000 0 0 35.727 46.399 1657.745 40.715 0 1 2 210 0 0
 467 147234.000 18642.000 0 0 19.513 11.329 221.075 14.868 0 1 1 210 0 0
 468 174568.000 42547.000 0 0 35.806 46.473 1664.044 40.792 0 1 2 210 0 0
 469 147319.000 18496.000 0 0 19.548 11.349 221.869 14.895 0 1 1 210 0 0
 470 174686.000 42422.000 0 0 35.884 46.546 1670.311 40.869 0 1 2 210 0 0
 471 147400.000 18345.000 0 0 19.584 11.369 222.661 14.921 0 1 1 210 0 0
 472 174802.000 42295.000 0 0 38.715 50.185 1942.948 44.078 0 1 2 210 0 0
 473 147485.000 18198.000 0 0 19.620 11.389 223.463 14.948 0 1 1 210 0 0
 474 174918.000 42167.000 0 0 36.043 46.691 1682.903 41.023 0 1 2 210 0 0
 475 147566.000 18050.000 0 0 19.655 11.408 224.249 14.974 0 1 1 210 0 0
 476 175036.000 42042.000 0 0 36.121 46.764 1689.203 41.099 0 1 2 210 0 0
 477 147652.000 17903.000 0 0 19.691 11.429 225.056 15.001 0 1 1 210 0 0
 478 175153.000 41917.000 0 0 36.199 46.837 1695.493 41.176 0 1 2 210 0 0
 479 147733.000 17752.000 0 0 19.727 11.448 225.854 15.028 0 1 1 210 0 0
 480 175271.000 41790.000 0 0 36.278 46.911 1701.858 41.253 0 1 2 210 0 0
 481 147814.000 17604.000 0 0 19.762 11.468 226.644 15.054 0 1 1 210 0 0
 482 175387.000 41662.000 0 0 33.548 43.352 1454.417 38.136 0 1 2 210 0 0
 483 147896.000 17455.000 0 0 19.798 11.487 227.443 15.081 0 1 1 210 0 0
 484 175503.000 41534.000 0 0 36.437 47.055 1714.605 41.407 0 1 2 210 0 0
 485 147981.000 17307.000 0 0 19.834 11.508 228.257 15.108 0 1 1 210 0 0
 486 175621.000 41408.000 0 0 36.516 47.129 1720.975 41.484 0 1 2 210 0 0
 487 148062.000 17157.000 0 0 19.869 11.527 229.057 15.134 0 1 1 210 0 0
 488 175737.000 41283.000 0 0 36.594 47.201 1727.320 41.561 0 1 2 210 0 0
 489 148143.000 17008.000 0 0 19.905 11.547 229.857 15.161 0 1 1 210 0 0
 490 175856.000 41156.000 0 0 36.673 47.275 1733.742 41.638 0 1 2 210 0 0
 491 148228.000 16860.000 0 0 19.941 11.567 230.671 15.187 0 1 1 210 0 0
 492 175971.000 41030.000 0 0 36.752 47.347 1740.123 41.714 0 1 2 210 0 0
 493 148309.000 16712.000 0 0 19.976 11.587 231.470 15.214 0 1 1 210 0 0
 494 176085.000 40900.000 0 0 36.833 47.418 1746.583 41.792 0 1 2 210 0 0
 495 148390.000 16563.000 0 0 20.012 11.606 232.275 15.240 0 1 1 210 0 0
 496 176205.000 40775.000 0 0 39.734 51.127 2031.531 45.072 0 1 2 210 0 0
 497 148472.000 16412.000 0 0 20.048 11.626 233.088 15.267 0 1 1 210 0 0
 498 176321.000 40647.000 0 0 36.990 47.565 1759.484 41.946 0 1 2 210 0 0
 499 148552.000 16263.000 0 0 20.084 11.645 233.889 15.293 0 1 1 210 0 0
 500 176434.000 40519.000 0 0 39.906 51.280 2046.454 45.237 0 1 2 210 0 0;
ProcessEquipmentIDList 1
  "6489" ;
SummarySpec 5
  TESTNO    NDEFECT    DEFDENSITY    NDIE    NDEFDIE  ;
SummaryList 
  1    500    1.754    1    1  ;
EndOfFile;
