FileVersion 1 2;
FileTimestamp 01-18-26 21:42:45;
InspectionStationID "KLA-Tencor" "SFSSP1" "0901-0728-TBI";
SampleType WAFER;
ResultTimestamp 01-18-26 21:35:28;
LotID "2850";
SampleSize 1 200;
DeviceID "None";
SetupID "T2-2850A" 01-18-26 21:35:28;
StepID "6502";
SampleOrientationMarkType NOTCH;
OrientationMarkLocation DOWN;
DiePitch 200000 200000;
DieOrigin 0 0;
WaferID "12";
Slot 12;
SampleCenterLocation 100000 100000;
ClassLookup 1
  0 "0"  ;
OrientationInstructions "Front";
CoordinatesMirrored No;
InspectionTest 1;
SampleTestPlan 1
  0 0 ;
AreaPerTest 2.85017e+010;
ClusterClassificationList 3
  2 210 
  3 210 
  1 210 ;
DefectRecordSpec 15 DEFECTID XREL YREL XINDEX YINDEX XSIZE YSIZE DEFECTAREA DSIZE CLASSNUMBER TEST CLUSTERNUMBER ROUGHBINNUMBER FINEBINNUMBER REVIEWSAMPLE ;
DefectList
 1 91397.000 101178.000 0 0 0.000 0.000 0.000 0.298 0 1 0 0 0 0
 2 87907.000 126800.000 0 0 0.000 0.000 0.000 0.205 0 1 0 0 0 0
 3 145667.000 127073.000 0 0 0.000 0.000 0.000 0.136 0 1 0 0 0 0
 4 129925.000 146816.000 0 0 0.000 0.000 0.000 0.151 0 1 0 0 0 0
 5 51378.000 136069.000 0 0 56.000 48.000 2688.000 51.845 0 1 2 210 0 0
 6 51124.000 136282.000 0 0 56.000 48.000 2688.000 51.845 0 1 2 210 0 0
 7 50864.000 136497.000 0 0 56.000 48.000 2688.000 51.845 0 1 2 210 0 0
 8 49821.000 137373.000 0 0 0.000 0.000 0.000 0.125 0 1 0 0 0 0
 9 70323.000 157568.000 0 0 44.000 56.000 2464.000 49.638 0 1 3 210 0 0
 10 70021.000 157977.000 0 0 44.000 56.000 2464.000 49.638 0 1 3 210 0 0
 11 69726.000 158378.000 0 0 44.000 56.000 2464.000 49.638 0 1 3 210 0 0
 12 47222.000 139589.000 0 0 0.000 0.000 0.000 0.122 0 1 0 0 0 0
 13 62507.000 45906.000 0 0 0.000 0.000 0.000 0.123 0 1 0 0 0 0
 14 69506.000 158672.000 0 0 44.000 56.000 2464.000 49.638 0 1 3 210 0 0
 15 46696.000 140043.000 0 0 0.000 0.000 0.000 0.120 0 1 0 0 0 0
 16 69108.000 159211.000 0 0 44.000 56.000 2464.000 49.638 0 1 3 210 0 0
 17 72328.000 161073.000 0 0 0.000 0.000 0.000 0.213 0 1 0 0 0 0
 18 46322.000 140364.000 0 0 0.000 0.000 0.000 0.121 0 1 0 0 0 0
 19 68669.000 159810.000 0 0 44.000 56.000 2464.000 49.638 0 1 3 210 0 0
 20 45677.000 140930.000 0 0 0.000 0.000 0.000 0.120 0 1 0 0 0 0
 21 68304.000 160321.000 0 0 44.000 56.000 2464.000 49.638 0 1 3 210 0 0
 22 68259.000 160370.000 0 0 44.000 56.000 2464.000 49.638 0 1 3 210 0 0
 23 68180.000 160478.000 0 0 44.000 56.000 2464.000 49.638 0 1 3 210 0 0
 24 67879.000 160897.000 0 0 44.000 56.000 2464.000 49.638 0 1 3 210 0 0
 25 67674.000 161180.000 0 0 44.000 56.000 2464.000 49.638 0 1 3 210 0 0
 26 67474.000 161459.000 0 0 44.000 56.000 2464.000 49.638 0 1 3 210 0 0
 27 67175.000 161876.000 0 0 44.000 56.000 2464.000 49.638 0 1 3 210 0 0
 28 66974.000 162154.000 0 0 44.000 56.000 2464.000 49.638 0 1 3 210 0 0
 29 66486.000 162837.000 0 0 44.000 56.000 2464.000 49.638 0 1 3 210 0 0
 30 66384.000 162986.000 0 0 44.000 56.000 2464.000 49.638 0 1 3 210 0 0
 31 65197.000 164660.000 0 0 0.000 0.000 0.000 0.122 0 1 0 0 0 0
 32 116969.000 27225.000 0 0 0.000 0.000 0.000 0.257 0 1 0 0 0 0
 33 63552.000 167040.000 0 0 0.000 0.000 0.000 0.125 0 1 0 0 0 0
 34 22982.000 102805.000 0 0 50.000 24.000 1200.000 34.641 0 1 1 210 0 0
 35 22691.000 102978.000 0 0 50.000 24.000 1200.000 34.641 0 1 1 210 0 0
 36 22772.000 102886.000 0 0 50.000 24.000 1200.000 34.641 0 1 1 210 0 0
 37 62481.000 168599.000 0 0 0.000 0.000 0.000 0.126 0 1 0 0 0 0
 38 83270.000 176517.000 0 0 0.000 0.000 0.000 200000.000 0 1 0 200 0 0
 39 62002.000 169303.000 0 0 0.000 0.000 0.000 0.126 0 1 0 0 0 0
 40 61526.000 170014.000 0 0 0.000 0.000 0.000 0.126 0 1 0 0 0 0
 41 61054.000 170721.000 0 0 0.000 0.000 0.000 0.127 0 1 0 0 0 0
 42 59359.000 173292.000 0 0 0.000 0.000 0.000 0.122 0 1 0 0 0 0
 43 118049.000 18087.000 0 0 0.000 0.000 0.000 0.120 0 1 0 0 0 0
 44 16002.000 123079.000 0 0 0.000 0.000 0.000 0.148 0 1 0 0 0 0
 45 56773.000 177281.000 0 0 0.000 0.000 0.000 0.120 0 1 0 0 0 0
 46 140293.000 21364.000 0 0 0.000 0.000 0.000 0.160 0 1 0 0 0 0
 47 61581.000 127983.000 0 0 5.364 7.364 39.504 6.285 0 1 2 210 0 0
 48 61444.000 128083.000 0 0 9.420 12.933 121.848 11.038 0 1 2 210 0 0
 49 61310.000 128188.000 0 0 10.806 14.832 160.298 12.660 0 1 2 210 0 0
 50 61175.000 128291.000 0 0 9.490 13.024 123.607 11.117 0 1 2 210 0 0
 51 61038.000 128394.000 0 0 9.524 13.070 124.493 11.157 0 1 2 210 0 0
 52 60904.000 128497.000 0 0 9.559 13.115 125.374 11.197 0 1 2 210 0 0
 53 60769.000 128600.000 0 0 9.594 13.160 126.264 11.236 0 1 2 210 0 0
 54 60633.000 128704.000 0 0 11.004 15.092 166.088 12.887 0 1 2 210 0 0
 55 60498.000 128807.000 0 0 9.663 13.251 128.056 11.316 0 1 2 210 0 0
 56 60363.000 128910.000 0 0 11.083 15.195 168.423 12.977 0 1 2 210 0 0
 57 60229.000 129014.000 0 0 9.732 13.341 129.852 11.395 0 1 2 210 0 0
 58 60095.000 129116.000 0 0 11.162 15.298 170.778 13.068 0 1 2 210 0 0
 59 59958.000 129221.000 0 0 11.203 15.351 171.980 13.114 0 1 2 210 0 0
 60 59825.000 129325.000 0 0 12.654 17.337 219.403 14.812 0 1 2 210 0 0
 61 59691.000 129429.000 0 0 11.282 15.453 174.362 13.204 0 1 2 210 0 0
 62 59554.000 129531.000 0 0 11.321 15.506 175.557 13.249 0 1 2 210 0 0
 63 59420.000 129634.000 0 0 11.361 15.557 176.753 13.294 0 1 2 210 0 0
 64 59284.000 129739.000 0 0 11.401 15.609 177.975 13.340 0 1 2 210 0 0
 65 59151.000 129844.000 0 0 11.441 15.660 179.183 13.385 0 1 2 210 0 0
 66 59016.000 129947.000 0 0 11.481 15.712 180.399 13.431 0 1 2 210 0 0
 67 58882.000 130052.000 0 0 10.081 13.793 139.054 11.792 0 1 2 210 0 0
 68 58747.000 130157.000 0 0 11.561 15.815 182.854 13.522 0 1 2 210 0 0
 69 58613.000 130261.000 0 0 10.151 13.883 140.934 11.871 0 1 2 210 0 0
 70 58480.000 130365.000 0 0 10.186 13.928 141.880 11.911 0 1 2 210 0 0
 71 58345.000 130469.000 0 0 10.221 13.973 142.827 11.951 0 1 2 210 0 0
 72 58210.000 130573.000 0 0 10.256 14.018 143.778 11.990 0 1 2 210 0 0
 73 58076.000 130679.000 0 0 11.761 16.072 189.048 13.749 0 1 2 210 0 0
 74 57944.000 130784.000 0 0 10.326 14.108 145.694 12.070 0 1 2 210 0 0
 75 57810.000 130889.000 0 0 10.362 14.153 146.656 12.110 0 1 2 210 0 0
 76 57675.000 130993.000 0 0 10.396 14.198 147.619 12.149 0 1 2 210 0 0
 77 57541.000 131099.000 0 0 11.922 16.278 194.082 13.931 0 1 2 210 0 0
 78 57409.000 131205.000 0 0 11.963 16.328 195.348 13.976 0 1 2 210 0 0
 79 57274.000 131309.000 0 0 10.502 14.332 150.535 12.269 0 1 2 210 0 0
 80 57141.000 131414.000 0 0 12.043 16.431 197.896 14.067 0 1 2 210 0 0
 81 57006.000 131518.000 0 0 12.083 16.483 199.174 14.112 0 1 2 210 0 0
 82 56873.000 131624.000 0 0 10.608 14.467 153.479 12.388 0 1 2 210 0 0
 83 56739.000 131731.000 0 0 10.644 14.512 154.476 12.428 0 1 2 210 0 0
 84 56605.000 131836.000 0 0 10.679 14.557 155.466 12.468 0 1 2 210 0 0
 85 56473.000 131942.000 0 0 10.715 14.601 156.457 12.508 0 1 2 210 0 0
 86 56338.000 132047.000 0 0 10.750 14.646 157.458 12.548 0 1 2 210 0 0
 87 56206.000 132154.000 0 0 10.786 14.691 158.463 12.588 0 1 2 210 0 0
 88 56074.000 132258.000 0 0 10.821 14.735 159.454 12.627 0 1 2 210 0 0
 89 55940.000 132365.000 0 0 10.857 14.780 160.470 12.667 0 1 2 210 0 0
 90 55808.000 132472.000 0 0 10.893 14.824 161.485 12.707 0 1 2 210 0 0
 91 55674.000 132577.000 0 0 10.928 14.869 162.497 12.747 0 1 2 210 0 0
 92 55542.000 132684.000 0 0 10.964 14.913 163.517 12.787 0 1 2 210 0 0
 93 55408.000 132789.000 0 0 9.428 12.821 120.884 10.994 0 1 2 210 0 0
 94 55276.000 132897.000 0 0 9.459 12.859 121.640 11.029 0 1 2 210 0 0
 95 55143.000 133003.000 0 0 11.071 15.047 166.593 12.907 0 1 2 210 0 0
 96 55010.000 133110.000 0 0 11.107 15.092 167.631 12.947 0 1 2 210 0 0
 97 54877.000 133215.000 0 0 11.142 15.136 168.658 12.986 0 1 2 210 0 0
 98 54745.000 133322.000 0 0 9.581 13.012 124.677 11.165 0 1 2 210 0 0
 99 54612.000 133430.000 0 0 11.214 15.225 170.747 13.067 0 1 2 210 0 0
 100 54481.000 133536.000 0 0 11.250 15.269 171.787 13.106 0 1 2 210 0 0
 101 54347.000 133643.000 0 0 9.673 13.126 126.984 11.268 0 1 2 210 0 0
 102 54215.000 133749.000 0 0 9.704 13.164 127.753 11.302 0 1 2 210 0 0
 103 54084.000 133859.000 0 0 8.113 11.002 89.261 9.447 0 1 2 210 0 0
 104 53951.000 133964.000 0 0 9.765 13.240 129.308 11.371 0 1 2 210 0 0
 105 53819.000 134071.000 0 0 9.796 13.278 130.088 11.405 0 1 2 210 0 0
 106 53687.000 134180.000 0 0 9.828 13.316 130.878 11.440 0 1 2 210 0 0
 107 53556.000 134287.000 0 0 9.858 13.354 131.659 11.474 0 1 2 210 0 0
 108 53424.000 134395.000 0 0 9.889 13.392 132.447 11.508 0 1 2 210 0 0
 109 53292.000 134502.000 0 0 8.267 11.191 92.525 9.618 0 1 2 210 0 0
 110 53159.000 134609.000 0 0 8.292 11.223 93.075 9.647 0 1 2 210 0 0
 111 53027.000 134717.000 0 0 8.318 11.255 93.631 9.676 0 1 2 210 0 0
 112 52897.000 134826.000 0 0 6.675 9.029 60.277 7.763 0 1 2 210 0 0
 113 52765.000 134934.000 0 0 8.370 11.318 94.739 9.733 0 1 2 210 0 0
 114 52632.000 135042.000 0 0 10.075 13.619 137.231 11.714 0 1 2 210 0 0
 115 52501.000 135148.000 0 0 8.422 11.381 95.854 9.790 0 1 2 210 0 0
 116 52371.000 135258.000 0 0 8.448 11.412 96.417 9.819 0 1 2 210 0 0
 117 52241.000 135368.000 0 0 8.474 11.443 96.982 9.847 0 1 2 210 0 0
 118 52110.000 135477.000 0 0 8.500 11.475 97.547 9.876 0 1 2 210 0 0
 119 51978.000 135584.000 0 0 8.526 11.506 98.112 9.905 0 1 2 210 0 0
 120 22654.000 103089.000 0 0 3.405 85.270 290.417 17.041 0 1 1 210 0 0
 121 22487.000 103178.000 0 0 6.094 148.622 905.806 30.096 0 1 1 210 0 0
 122 22320.000 103266.000 0 0 6.577 156.405 1028.746 32.074 0 1 1 210 0 0
 123 22154.000 103354.000 0 0 7.879 182.854 1440.805 37.957 0 1 1 210 0 0
 124 21988.000 103451.000 0 0 7.775 175.766 1366.681 36.968 0 1 1 210 0 0
 125 21822.000 103547.000 0 0 7.993 176.140 1408.001 37.523 0 1 1 210 0 0
 126 21656.000 103642.000 0 0 8.382 180.268 1511.025 38.871 0 1 1 210 0 0
 127 21490.000 103743.000 0 0 8.434 176.889 1491.953 38.625 0 1 1 210 0 0
 128 21324.000 103835.000 0 0 8.457 173.492 1467.258 38.304 0 1 1 210 0 0
 129 21159.000 103933.000 0 0 8.672 173.857 1507.848 38.831 0 1 1 210 0 0
 130 20993.000 104030.000 0 0 8.695 170.435 1481.974 38.496 0 1 1 210 0 0
 131 20828.000 104119.000 0 0 9.084 174.586 1586.020 39.824 0 1 1 210 0 0
 132 20663.000 104217.000 0 0 9.097 171.148 1557.081 39.459 0 1 1 210 0 0
 133 20496.000 104312.000 0 0 9.095 167.697 1525.294 39.055 0 1 1 210 0 0
 134 20334.000 104411.000 0 0 9.306 168.040 1563.797 39.544 0 1 1 210 0 0
 135 20168.000 104513.000 0 0 9.520 168.389 1603.222 40.040 0 1 1 210 0 0
 136 20003.000 104604.000 0 0 9.491 164.904 1565.213 39.562 0 1 1 210 0 0
 137 19837.000 104701.000 0 0 9.691 165.245 1601.431 40.017 0 1 1 210 0 0
 138 19673.000 104800.000 0 0 9.894 165.584 1638.453 40.477 0 1 1 210 0 0
 139 19509.000 104896.000 0 0 10.327 169.779 1753.339 41.872 0 1 1 210 0 0
 140 19344.000 104996.000 0 0 9.821 158.531 1556.963 39.458 0 1 1 210 0 0
 141 19178.000 105086.000 0 0 10.241 162.730 1666.635 40.824 0 1 1 210 0 0
 142 19016.000 105192.000 0 0 10.703 166.939 1786.857 42.271 0 1 1 210 0 0
 143 18851.000 105286.000 0 0 10.643 163.391 1739.074 41.702 0 1 1 210 0 0
 144 18686.000 105382.000 0 0 10.836 163.721 1774.180 42.121 0 1 1 210 0 0
 145 18523.000 105480.000 0 0 10.772 160.146 1725.227 41.535 0 1 1 210 0 0
 146 18359.000 105573.000 0 0 10.955 160.469 1757.988 41.928 0 1 1 210 0 0
 147 18195.000 105675.000 0 0 11.155 160.790 1793.694 42.352 0 1 1 210 0 0
 148 18031.000 105774.000 0 0 11.071 157.165 1740.071 41.714 0 1 1 210 0 0
 149 17868.000 105863.000 0 0 11.524 161.434 1860.417 43.132 0 1 1 210 0 0
 150 17704.000 105969.000 0 0 11.732 161.756 1897.794 43.563 0 1 1 210 0 0
 151 17540.000 106063.000 0 0 11.918 162.077 1931.764 43.951 0 1 1 210 0 0
 152 17377.000 106163.000 0 0 11.522 154.459 1779.796 42.187 0 1 1 210 0 0
 153 17213.000 106260.000 0 0 12.003 158.733 1905.414 43.651 0 1 1 210 0 0
 154 17050.000 106358.000 0 0 11.886 155.071 1843.292 42.933 0 1 1 210 0 0
 155 16887.000 106456.000 0 0 12.379 159.358 1972.704 44.415 0 1 1 210 0 0
 156 16725.000 106551.000 0 0 12.246 155.678 1906.591 43.664 0 1 1 210 0 0
 157 16562.000 106648.000 0 0 12.429 155.983 1938.843 44.032 0 1 1 210 0 0
 158 16397.000 106747.000 0 0 12.291 152.284 1871.782 43.264 0 1 1 210 0 0
 159 16236.000 106845.000 0 0 12.469 152.578 1902.587 43.618 0 1 1 210 0 0
 160 16073.000 106947.000 0 0 12.655 152.876 1934.657 43.984 0 1 1 210 0 0
 161 15910.000 107045.000 0 0 13.508 161.231 2177.994 46.668 0 1 1 210 0 0
 162 15749.000 107142.000 0 0 12.667 149.428 1892.881 43.507 0 1 1 210 0 0
 163 15586.000 107241.000 0 0 12.842 149.718 1922.798 43.849 0 1 1 210 0 0
 164 15423.000 107339.000 0 0 13.721 158.111 2169.527 46.578 0 1 1 210 0 0
 165 15261.000 107443.000 0 0 13.915 158.415 2204.463 46.951 0 1 1 210 0 0
 166 15099.000 107537.000 0 0 13.729 154.648 2123.308 46.079 0 1 1 210 0 0
 167 14937.000 107632.000 0 0 13.902 154.944 2154.137 46.412 0 1 1 210 0 0
 168 14775.000 107733.000 0 0 14.086 155.240 2186.790 46.763 0 1 1 210 0 0
 169 14614.000 107828.000 0 0 13.884 151.441 2102.648 45.854 0 1 1 210 0 0
 170 14452.000 107931.000 0 0 14.446 155.827 2251.180 47.446 0 1 1 210 0 0
 171 14289.000 108025.000 0 0 14.234 152.016 2163.937 46.518 0 1 1 210 0 0
 172 14129.000 108127.000 0 0 14.415 152.300 2195.493 46.856 0 1 1 210 0 0
 173 13969.000 108232.000 0 0 14.995 156.708 2349.975 48.476 0 1 1 210 0 0
 174 13807.000 108328.000 0 0 14.771 152.872 2258.137 47.519 0 1 1 210 0 0
 175 13645.000 108423.000 0 0 14.939 153.159 2288.149 47.834 0 1 1 210 0 0
 176 13484.000 108527.000 0 0 15.123 153.445 2320.686 48.173 0 1 1 210 0 0
 177 13324.000 108623.000 0 0 15.708 157.883 2480.153 49.801 0 1 1 210 0 0
 178 13162.000 108723.000 0 0 15.053 149.855 2255.792 47.495 0 1 1 210 0 0
 179 13000.000 108819.000 0 0 16.065 158.472 2545.885 50.456 0 1 1 210 0 0
 180 12839.000 108918.000 0 0 16.245 158.766 2579.228 50.786 0 1 1 210 0 0
 181 12679.000 109022.000 0 0 16.002 154.872 2478.302 49.782 0 1 1 210 0 0
 182 12518.000 109116.000 0 0 15.732 150.965 2374.996 48.733 0 1 1 210 0 0
 183 12358.000 109222.000 0 0 15.914 151.241 2406.961 49.060 0 1 1 210 0 0
 184 12197.000 109322.000 0 0 16.533 155.727 2574.737 50.741 0 1 1 210 0 0
 185 12036.000 109419.000 0 0 15.802 147.581 2332.233 48.293 0 1 1 210 0 0
 186 11877.000 109522.000 0 0 16.433 152.073 2499.090 49.990 0 1 1 210 0 0
 187 11716.000 109614.000 0 0 17.052 156.581 2670.112 51.673 0 1 1 210 0 0
 188 11556.000 109720.000 0 0 16.774 152.626 2560.235 50.598 0 1 1 210 0 0
 189 11396.000 109818.000 0 0 16.943 152.902 2590.700 50.898 0 1 1 210 0 0
 190 11235.000 109916.000 0 0 16.637 148.926 2477.755 49.777 0 1 1 210 0 0
 191 11076.000 110024.000 0 0 16.818 149.193 2509.191 50.091 0 1 1 210 0 0
 192 10915.000 110119.000 0 0 16.977 149.462 2537.511 50.373 0 1 1 210 0 0
 193 10757.000 110226.000 0 0 16.667 145.452 2424.262 49.236 0 1 1 210 0 0
 194 10596.000 110319.000 0 0 17.314 149.998 2597.120 50.961 0 1 1 210 0 0
 195 10435.000 110417.000 0 0 16.478 141.683 2334.805 48.319 0 1 1 210 0 0
 196 10277.000 110525.000 0 0 17.659 150.534 2658.364 51.559 0 1 1 210 0 0
 197 10118.000 110620.000 0 0 17.309 146.493 2535.779 50.356 0 1 1 210 0 0
 198 9959.000 110722.000 0 0 17.475 146.752 2564.634 50.642 0 1 1 210 0 0
 199 9799.000 110826.000 0 0 18.163 151.335 2748.837 52.429 0 1 1 210 0 0
 200 9639.000 110921.000 0 0 17.799 147.273 2621.448 51.200 0 1 1 210 0 0
 201 9481.000 111029.000 0 0 17.975 147.531 2651.980 51.497 0 1 1 210 0 0
 202 9322.000 111127.000 0 0 18.135 147.791 2680.228 51.770 0 1 1 210 0 0
 203 9163.000 111232.000 0 0 17.768 143.696 2553.206 50.529 0 1 1 210 0 0
 204 9004.000 111330.000 0 0 17.924 143.947 2580.188 50.795 0 1 1 210 0 0
 205 8845.000 111428.000 0 0 18.626 148.567 2767.318 52.605 0 1 1 210 0 0
 206 8686.000 111533.000 0 0 18.245 144.451 2635.544 51.337 0 1 1 210 0 0
 207 8527.000 111633.000 0 0 18.403 144.702 2663.003 51.604 0 1 1 210 0 0
 208 8369.000 111731.000 0 0 17.996 140.560 2529.543 50.294 0 1 1 210 0 0
 209 8212.000 111838.000 0 0 17.593 136.403 2399.773 48.987 0 1 1 210 0 0
 210 8053.000 111937.000 0 0 18.311 141.045 2582.796 50.821 0 1 1 210 0 0
 211 7895.000 112036.000 0 0 17.887 136.875 2448.294 49.480 0 1 1 210 0 0
 212 7737.000 112142.000 0 0 18.044 137.109 2474.044 49.739 0 1 1 210 0 0
 213 7579.000 112243.000 0 0 18.194 137.344 2498.878 49.988 0 1 1 210 0 0
 214 7420.000 112345.000 0 0 17.163 128.707 2209.016 47.000 0 1 1 210 0 0
 215 7262.000 112447.000 0 0 17.304 128.926 2231.043 47.233 0 1 1 210 0 0
 216 7104.000 112556.000 0 0 16.854 124.694 2101.686 45.844 0 1 1 210 0 0
 217 6947.000 112654.000 0 0 18.198 133.824 2435.364 49.349 0 1 1 210 0 0
 218 6790.000 112760.000 0 0 17.739 129.583 2298.733 47.945 0 1 1 210 0 0
 219 6631.000 112860.000 0 0 17.262 125.329 2163.485 46.513 0 1 1 210 0 0
 220 6475.000 112964.000 0 0 17.401 125.539 2184.594 46.739 0 1 1 210 0 0
 221 6317.000 113067.000 0 0 18.793 134.730 2531.998 50.318 0 1 1 210 0 0
 222 6160.000 113167.000 0 0 18.936 134.956 2555.611 50.553 0 1 1 210 0 0
 223 6003.000 113273.000 0 0 18.453 130.676 2411.401 49.106 0 1 1 210 0 0
 224 5845.000 113376.000 0 0 19.236 135.408 2604.862 51.037 0 1 1 210 0 0
 225 5689.000 113478.000 0 0 18.737 131.113 2456.795 49.566 0 1 1 210 0 0
 226 5532.000 113586.000 0 0 18.237 126.805 2312.577 48.089 0 1 1 210 0 0
 227 5374.000 113686.000 0 0 18.371 127.016 2333.442 48.305 0 1 1 210 0 0
 228 5218.000 113791.000 0 0 19.172 131.769 2526.347 50.262 0 1 1 210 0 0
 229 5061.000 113893.000 0 0 17.317 118.337 2049.356 45.269 0 1 1 210 0 0
 230 4904.000 113998.000 0 0 18.119 123.090 2230.279 47.225 0 1 1 210 0 0
 231 4747.000 114102.000 0 0 17.578 118.729 2087.049 45.684 0 1 1 210 0 0
 232 4591.000 114204.000 0 0 17.705 118.923 2105.562 45.886 0 1 1 210 0 0
 233 4435.000 114307.000 0 0 17.833 119.118 2124.280 46.089 0 1 1 210 0 0
 234 4278.000 114412.000 0 0 17.273 114.725 1981.759 44.516 0 1 1 210 0 0
 235 4121.000 114516.000 0 0 17.398 114.914 1999.327 44.713 0 1 1 210 0 0;
ProcessEquipmentIDList 1
  "6489" ;
SummarySpec 5
  TESTNO    NDEFECT    DEFDENSITY    NDIE    NDEFDIE  ;
SummaryList 
  1    235    0.8245    1    1  ;
EndOfFile;
