FileVersion 1 2;
FileTimestamp 01-20-26 20:59:39;
InspectionStationID "KLA-Tencor" "SFSSP1" "0901-0728-TBI";
SampleType WAFER;
ResultTimestamp 01-20-26 20:44:19;
LotID "2850";
SampleSize 1 200;
DeviceID "None";
SetupID "T2-2850A" 01-20-26 20:44:19;
StepID "6448";
SampleOrientationMarkType NOTCH;
OrientationMarkLocation DOWN;
DiePitch 200000 200000;
DieOrigin 0 0;
WaferID "25";
Slot 25;
SampleCenterLocation 100000 100000;
ClassLookup 1
  0 "0"  ;
OrientationInstructions "Front";
CoordinatesMirrored No;
InspectionTest 1;
SampleTestPlan 1
  0 0 ;
AreaPerTest 2.85017e+010;
ClusterClassificationList 1
  1 200 ;
DefectRecordSpec 15 DEFECTID XREL YREL XINDEX YINDEX XSIZE YSIZE DEFECTAREA DSIZE CLASSNUMBER TEST CLUSTERNUMBER ROUGHBINNUMBER FINEBINNUMBER REVIEWSAMPLE ;
DefectList
 1 93850.000 125620.000 0 0 0.000 0.000 0.000 0.171 0 1 0 0 0 0
 2 71612.000 95241.000 0 0 52.000 32.000 1664.000 40.792 0 1 1 200 0 0
 3 71515.000 95113.000 0 0 54.000 32.000 1728.000 41.569 0 1 1 200 0 0
 4 71425.000 95042.000 0 0 54.000 32.000 1728.000 41.569 0 1 1 200 0 0
 5 71385.000 94948.000 0 0 54.000 32.000 1728.000 41.569 0 1 1 200 0 0
 6 70751.000 98037.000 0 0 0.000 0.000 0.000 0.132 0 1 0 0 0 0
 7 70685.000 97958.000 0 0 0.000 0.000 0.000 0.134 0 1 0 0 0 0
 8 71113.000 94537.000 0 0 54.000 32.000 1728.000 41.569 0 1 1 200 0 0
 9 70995.000 94385.000 0 0 54.000 32.000 1728.000 41.569 0 1 1 200 0 0
 10 70933.000 94277.000 0 0 54.000 32.000 1728.000 41.569 0 1 1 200 0 0
 11 90749.000 133272.000 0 0 0.000 0.000 0.000 0.122 0 1 0 0 0 0
 12 87713.000 49826.000 0 0 0.000 0.000 0.000 0.128 0 1 0 0 0 0
 13 141344.000 143213.000 0 0 0.000 0.000 0.000 0.124 0 1 0 0 0 0
 14 156605.000 62053.000 0 0 0.000 0.000 0.000 0.155 0 1 0 0 0 0
 15 150268.000 31042.000 0 0 0.000 0.000 0.000 200000.000 0 1 0 200 0 0
 16 66599.000 15538.000 0 0 0.000 0.000 0.000 0.166 0 1 0 0 0 0
 17 152124.000 22149.000 0 0 0.000 0.000 0.000 0.121 0 1 0 0 0 0
 18 71618.000 94931.000 0 0 6.076 34.017 206.708 14.377 0 1 1 200 0 0
 19 71467.000 94817.000 0 0 37.771 207.906 7852.960 88.616 0 1 1 200 0 0
 20 71491.000 94696.000 0 0 3.051 16.401 50.049 7.074 0 1 1 200 0 0
 21 71301.000 94779.000 0 0 4.255 23.387 99.521 9.976 0 1 1 200 0 0
 22 71317.000 94691.000 0 0 26.469 142.997 3785.091 61.523 0 1 1 200 0 0;
ProcessEquipmentIDList 1
  "6489" ;
SummarySpec 5
  TESTNO    NDEFECT    DEFDENSITY    NDIE    NDEFDIE  ;
SummaryList 
  1    22    0.07719    1    1  ;
EndOfFile;
