FileVersion 1 2;
FileTimestamp 01-20-26 20:42:34;
InspectionStationID "KLA-Tencor" "SFSSP1" "0901-0728-TBI";
SampleType WAFER;
ResultTimestamp 01-20-26 20:24:45;
LotID "2850";
SampleSize 1 200;
DeviceID "None";
SetupID "T2-2850A" 01-20-26 20:24:45;
StepID "6448";
SampleOrientationMarkType NOTCH;
OrientationMarkLocation DOWN;
DiePitch 200000 200000;
DieOrigin 0 0;
WaferID "24";
Slot 24;
SampleCenterLocation 100000 100000;
ClassLookup 1
  0 "0"  ;
OrientationInstructions "Front";
CoordinatesMirrored No;
InspectionTest 1;
SampleTestPlan 1
  0 0 ;
AreaPerTest 2.85007e+010;
DefectRecordSpec 15 DEFECTID XREL YREL XINDEX YINDEX XSIZE YSIZE DEFECTAREA DSIZE CLASSNUMBER TEST CLUSTERNUMBER ROUGHBINNUMBER FINEBINNUMBER REVIEWSAMPLE ;
DefectList
 1 120392.000 71453.000 0 0 0.000 0.000 0.000 0.183 0 1 0 0 0 0
 2 127458.000 67818.000 0 0 0.000 0.000 0.000 0.485 0 1 0 0 0 0
 3 43619.000 88406.000 0 0 0.000 0.000 0.000 0.130 0 1 0 0 0 0
 4 137898.000 54838.000 0 0 0.000 0.000 0.000 0.129 0 1 0 0 0 0
 5 151132.000 70097.000 0 0 0.000 0.000 0.000 0.157 0 1 0 0 0 0
 6 52660.000 137378.000 0 0 0.000 0.000 0.000 0.127 0 1 0 0 0 0
 7 142784.000 55515.000 0 0 0.000 0.000 0.000 0.145 0 1 0 0 0 0
 8 157558.000 129699.000 0 0 0.000 0.000 0.000 0.247 0 1 0 0 0 0
 9 111570.000 27614.000 0 0 0.000 0.000 0.000 200000.000 0 1 0 200 0 0
 10 143807.000 36028.000 0 0 0.000 0.000 0.000 0.141 0 1 0 0 0 0
 11 96920.000 22059.000 0 0 0.000 0.000 0.000 0.272 0 1 0 0 0 0
 12 177732.000 113539.000 0 0 0.000 0.000 0.000 0.145 0 1 0 0 0 0
 13 37004.000 51109.000 0 0 0.000 0.000 0.000 0.148 0 1 0 0 0 0
 14 182405.000 108520.000 0 0 0.000 0.000 0.000 0.120 0 1 0 0 0 0
 15 176448.000 67862.000 0 0 0.000 0.000 0.000 0.153 0 1 0 0 0 0
 16 164940.000 156013.000 0 0 0.000 0.000 0.000 0.201 0 1 0 0 0 0
 17 186014.000 97032.000 0 0 0.000 0.000 0.000 200000.000 0 1 0 200 0 0
 18 177523.000 62764.000 0 0 0.000 0.000 0.000 0.124 0 1 0 0 0 0
 19 18702.000 68103.000 0 0 0.000 0.000 0.000 0.121 0 1 0 0 0 0
 20 186657.000 112764.000 0 0 0.000 0.000 0.000 0.120 0 1 0 0 0 0
 21 110779.000 12803.000 0 0 0.000 0.000 0.000 0.188 0 1 0 0 0 0
 22 150777.000 27788.000 0 0 0.000 0.000 0.000 0.445 0 1 0 0 0 0
 23 155071.000 27048.000 0 0 0.000 0.000 0.000 0.124 0 1 0 0 0 0
 24 123642.000 9787.000 0 0 0.000 0.000 0.000 0.123 0 1 0 0 0 0
 25 192763.000 81555.000 0 0 0.000 0.000 0.000 0.124 0 1 0 0 0 0
 26 191864.000 122713.000 0 0 0.000 0.000 0.000 0.174 0 1 0 0 0 0
 27 3415.000 95377.000 0 0 0.000 0.000 0.000 0.140 0 1 0 0 0 0
 28 32524.000 30372.000 0 0 0.000 0.000 0.000 0.127 0 1 0 0 0 0;
ProcessEquipmentIDList 1
  "6489" ;
SummarySpec 5
  TESTNO    NDEFECT    DEFDENSITY    NDIE    NDEFDIE  ;
SummaryList 
  1    28    0.09824    1    1  ;
EndOfFile;
