FileVersion 1 2;
FileTimestamp 01-20-26 20:17:31;
InspectionStationID "KLA-Tencor" "SFSSP1" "0901-0728-TBI";
SampleType WAFER;
ResultTimestamp 01-20-26 19:58:40;
LotID "2850";
SampleSize 1 200;
DeviceID "None";
SetupID "T2-2850A" 01-20-26 19:58:40;
StepID "6448";
SampleOrientationMarkType NOTCH;
OrientationMarkLocation DOWN;
DiePitch 200000 200000;
DieOrigin 0 0;
WaferID "19";
Slot 19;
SampleCenterLocation 100000 100000;
ClassLookup 1
  0 "0"  ;
OrientationInstructions "Front";
CoordinatesMirrored No;
InspectionTest 1;
SampleTestPlan 1
  0 0 ;
AreaPerTest 2.85007e+010;
ClusterClassificationList 1
  1 200 ;
DefectRecordSpec 15 DEFECTID XREL YREL XINDEX YINDEX XSIZE YSIZE DEFECTAREA DSIZE CLASSNUMBER TEST CLUSTERNUMBER ROUGHBINNUMBER FINEBINNUMBER REVIEWSAMPLE ;
DefectList
 1 72817.000 65530.000 0 0 0.000 0.000 0.000 0.300 0 1 0 0 0 0
 2 137070.000 130071.000 0 0 0.000 0.000 0.000 0.378 0 1 0 0 0 0
 3 92900.000 160901.000 0 0 28.000 52.000 1456.000 38.157 0 1 1 200 0 0
 4 92747.000 160512.000 0 0 28.000 52.000 1456.000 38.157 0 1 1 200 0 0
 5 158126.000 68804.000 0 0 0.000 0.000 0.000 0.171 0 1 0 0 0 0
 6 137746.000 168840.000 0 0 0.000 0.000 0.000 0.136 0 1 0 0 0 0
 7 55947.000 169103.000 0 0 0.000 0.000 0.000 0.124 0 1 0 0 0 0
 8 145359.000 171238.000 0 0 0.000 0.000 0.000 0.125 0 1 0 0 0 0
 9 72192.000 15151.000 0 0 0.000 0.000 0.000 0.153 0 1 0 0 0 0
 10 79324.000 12695.000 0 0 0.000 0.000 0.000 0.143 0 1 0 0 0 0
 11 81134.000 12129.000 0 0 0.000 0.000 0.000 0.131 0 1 0 0 0 0
 12 81793.000 11907.000 0 0 0.000 0.000 0.000 0.139 0 1 0 0 0 0
 13 83259.000 11458.000 0 0 0.000 0.000 0.000 0.134 0 1 0 0 0 0
 14 85939.000 10694.000 0 0 0.000 0.000 0.000 0.151 0 1 0 0 0 0
 15 91492.000 9200.000 0 0 0.000 0.000 0.000 0.142 0 1 0 0 0 0
 16 31037.000 36471.000 0 0 0.000 0.000 0.000 0.189 0 1 0 0 0 0
 17 93007.000 159801.000 0 0 25.799 3.017 77.844 8.822 0 1 1 200 0 0
 18 92984.000 159968.000 0 0 71.867 8.409 604.336 24.583 0 1 1 200 0 0
 19 92957.000 160136.000 0 0 109.547 12.831 1405.612 37.491 0 1 1 200 0 0
 20 92961.000 160308.000 0 0 138.768 16.197 2247.687 47.409 0 1 1 200 0 0
 21 92949.000 160479.000 0 0 159.456 18.592 2964.638 54.448 0 1 1 200 0 0
 22 92936.000 160647.000 0 0 180.253 20.995 3784.474 61.518 0 1 1 200 0 0
 23 92909.000 160815.000 0 0 174.916 20.395 3567.580 59.729 0 1 1 200 0 0
 24 92955.000 160993.000 0 0 8.768 1.012 8.882 2.980 0 1 1 200 0 0
 25 92869.000 160983.000 0 0 70.160 8.204 575.612 23.991 0 1 1 200 0 0
 26 92888.000 161156.000 0 0 17.591 2.046 35.993 5.999 0 1 1 200 0 0
 27 92842.000 161151.000 0 0 26.381 3.088 81.471 9.026 0 1 1 200 0 0
 28 92794.000 161144.000 0 0 58.618 6.908 404.963 20.123 0 1 1 200 0 0;
ProcessEquipmentIDList 1
  "6489" ;
SummarySpec 5
  TESTNO    NDEFECT    DEFDENSITY    NDIE    NDEFDIE  ;
SummaryList 
  1    28    0.09824    1    1  ;
EndOfFile;
