FileVersion 1 2;
FileTimestamp 01-20-26 20:40:18;
InspectionStationID "KLA-Tencor" "SFSSP1" "0901-0728-TBI";
SampleType WAFER;
ResultTimestamp 01-20-26 20:24:45;
LotID "2850";
SampleSize 1 200;
DeviceID "None";
SetupID "T2-2850A" 01-20-26 20:24:45;
StepID "6448";
SampleOrientationMarkType NOTCH;
OrientationMarkLocation DOWN;
DiePitch 200000 200000;
DieOrigin 0 0;
WaferID "20";
Slot 20;
SampleCenterLocation 100000 100000;
ClassLookup 1
  0 "0"  ;
OrientationInstructions "Front";
CoordinatesMirrored No;
InspectionTest 1;
SampleTestPlan 1
  0 0 ;
AreaPerTest 2.85042e+010;
ClusterClassificationList 3
  1 200 
  2 200 
  3 200 ;
DefectRecordSpec 15 DEFECTID XREL YREL XINDEX YINDEX XSIZE YSIZE DEFECTAREA DSIZE CLASSNUMBER TEST CLUSTERNUMBER ROUGHBINNUMBER FINEBINNUMBER REVIEWSAMPLE ;
DefectList
 1 75489.000 84508.000 0 0 0.000 0.000 0.000 0.130 0 1 0 0 0 0
 2 83259.000 150333.000 0 0 0.000 0.000 0.000 0.139 0 1 0 0 0 0
 3 47272.000 91556.000 0 0 0.000 0.000 0.000 0.123 0 1 0 0 0 0
 4 135909.000 141951.000 0 0 0.000 0.000 0.000 0.152 0 1 0 0 0 0
 5 145290.000 145242.000 0 0 0.000 0.000 0.000 200000.000 0 1 0 200 0 0
 6 36338.000 75802.000 0 0 0.000 0.000 0.000 0.128 0 1 0 0 0 0
 7 33045.000 121046.000 0 0 0.000 0.000 0.000 0.171 0 1 0 0 0 0
 8 29345.000 72133.000 0 0 56.000 42.000 2352.000 48.497 0 1 1 200 0 0
 9 28777.000 72446.000 0 0 56.000 42.000 2352.000 48.497 0 1 1 200 0 0
 10 29232.000 70409.000 0 0 0.000 0.000 0.000 0.142 0 1 0 0 0 0
 11 28567.000 70800.000 0 0 0.000 0.000 0.000 0.123 0 1 0 0 0 0
 12 28447.000 70862.000 0 0 0.000 0.000 0.000 0.120 0 1 0 0 0 0
 13 28476.000 70095.000 0 0 0.000 0.000 0.000 0.128 0 1 0 0 0 0
 14 27663.000 71367.000 0 0 0.000 0.000 0.000 0.123 0 1 0 0 0 0
 15 111825.000 22968.000 0 0 0.000 0.000 0.000 0.487 0 1 0 0 0 0
 16 27045.000 71701.000 0 0 0.000 0.000 0.000 0.127 0 1 0 0 0 0
 17 31750.000 60072.000 0 0 0.000 0.000 0.000 0.138 0 1 0 0 0 0
 18 24872.000 72277.000 0 0 56.000 40.000 2240.000 47.328 0 1 2 200 0 0
 19 24378.000 72583.000 0 0 56.000 40.000 2240.000 47.328 0 1 2 200 0 0
 20 24278.000 71563.000 0 0 0.000 0.000 0.000 0.120 0 1 0 0 0 0
 21 22129.000 69047.000 0 0 0.000 0.000 0.000 0.282 0 1 0 0 0 0
 22 28084.000 53238.000 0 0 0.000 0.000 0.000 0.123 0 1 0 0 0 0
 23 27765.000 52619.000 0 0 0.000 0.000 0.000 0.143 0 1 0 0 0 0
 24 157936.000 34457.000 0 0 0.000 0.000 0.000 0.139 0 1 0 0 0 0
 25 16392.000 71732.000 0 0 0.000 0.000 0.000 0.136 0 1 0 0 0 0
 26 70836.000 184080.000 0 0 0.000 0.000 0.000 0.149 0 1 0 0 0 0
 27 177665.000 56688.000 0 0 0.000 0.000 0.000 0.143 0 1 0 0 0 0
 28 26230.000 49634.000 0 0 0.000 0.000 0.000 0.126 0 1 0 0 0 0
 29 15228.000 71656.000 0 0 0.000 0.000 0.000 0.122 0 1 0 0 0 0
 30 185667.000 71516.000 0 0 0.000 0.000 0.000 0.143 0 1 0 0 0 0
 31 12958.000 72478.000 0 0 0.000 0.000 0.000 0.128 0 1 0 0 0 0
 32 13128.000 72395.000 0 0 0.000 0.000 0.000 0.121 0 1 0 0 0 0
 33 189093.000 79213.000 0 0 0.000 0.000 0.000 0.135 0 1 0 0 0 0
 34 12288.000 72283.000 0 0 0.000 0.000 0.000 0.133 0 1 0 0 0 0
 35 10688.000 72240.000 0 0 54.000 38.000 2052.000 45.299 0 1 3 200 0 0
 36 10882.000 72132.000 0 0 54.000 38.000 2052.000 45.299 0 1 3 200 0 0
 37 192765.000 89270.000 0 0 0.000 0.000 0.000 0.163 0 1 0 0 0 0
 38 193191.000 90632.000 0 0 0.000 0.000 0.000 0.123 0 1 0 0 0 0
 39 10120.000 72156.000 0 0 54.000 38.000 2052.000 45.299 0 1 3 200 0 0
 40 193818.000 92678.000 0 0 0.000 0.000 0.000 0.152 0 1 0 0 0 0
 41 12514.000 135472.000 0 0 0.000 0.000 0.000 200000.000 0 1 0 200 0 0
 42 9678.000 72003.000 0 0 54.000 38.000 2052.000 45.299 0 1 3 200 0 0
 43 18511.000 150489.000 0 0 0.000 0.000 0.000 200000.000 0 1 0 200 0 0
 44 172815.000 38198.000 0 0 0.000 0.000 0.000 0.146 0 1 0 0 0 0
 45 173292.000 37245.000 0 0 0.000 0.000 0.000 0.124 0 1 0 0 0 0
 46 196548.000 103353.000 0 0 0.000 0.000 0.000 0.167 0 1 0 0 0 0
 47 30581.000 71823.000 0 0 44.574 109.814 4894.935 69.963 0 1 1 200 0 0
 48 30413.000 71787.000 0 0 73.031 180.129 13155.164 114.695 0 1 1 200 0 0
 49 30130.000 72031.000 0 0 33.522 83.742 2807.245 52.983 0 1 1 200 0 0
 50 30178.000 71913.000 0 0 21.542 53.553 1153.689 33.966 0 1 1 200 0 0
 51 30247.000 71743.000 0 0 92.110 227.373 20943.348 144.718 0 1 1 200 0 0
 52 30011.000 71871.000 0 0 235.977 587.142 138552.295 372.226 0 1 1 200 0 0
 53 29788.000 71971.000 0 0 106.150 265.898 28225.214 168.003 0 1 1 200 0 0
 54 29860.000 71790.000 0 0 14.877 36.990 550.337 23.459 0 1 1 200 0 0
 55 29619.000 71934.000 0 0 83.417 209.181 17449.376 132.096 0 1 1 200 0 0
 56 29667.000 71815.000 0 0 8.104 20.223 163.892 12.802 0 1 1 200 0 0
 57 29428.000 71956.000 0 0 9.407 23.674 222.719 14.923 0 1 1 200 0 0
 58 25895.000 72126.000 0 0 25.387 67.492 1713.438 41.393 0 1 2 200 0 0
 59 25710.000 72131.000 0 0 85.504 227.920 19488.164 139.600 0 1 2 200 0 0
 60 25456.000 72325.000 0 0 30.510 82.181 2507.376 50.073 0 1 2 200 0 0
 61 25547.000 72081.000 0 0 112.733 300.632 33891.400 184.096 0 1 2 200 0 0
 62 25242.000 72414.000 0 0 6.610 17.912 118.406 10.881 0 1 2 200 0 0
 63 25351.000 72122.000 0 0 163.048 436.582 71183.966 266.803 0 1 2 200 0 0
 64 25163.000 72140.000 0 0 203.000 545.293 110694.785 332.708 0 1 2 200 0 0
 65 24927.000 72281.000 0 0 37.207 100.770 3749.407 61.232 0 1 2 200 0 0
 66 24975.000 72156.000 0 0 53.388 143.851 7679.965 87.635 0 1 2 200 0 0
 67 25014.000 72050.000 0 0 6.697 17.967 120.334 10.969 0 1 2 200 0 0
 68 25084.000 71867.000 0 0 22.926 61.050 1399.662 37.412 0 1 2 200 0 0
 69 10677.000 72477.000 0 0 3.956 12.841 50.814 7.128 0 1 3 200 0 0
 70 10506.000 72455.000 0 0 39.613 128.706 5098.563 71.404 0 1 3 200 0 0
 71 10349.000 72387.000 0 0 29.118 94.540 2752.888 52.467 0 1 3 200 0 0
 72 10181.000 72353.000 0 0 53.009 172.216 9129.071 95.546 0 1 3 200 0 0
 73 10014.000 72320.000 0 0 71.650 232.931 16689.792 129.188 0 1 3 200 0 0
 74 9851.000 72270.000 0 0 74.439 241.992 18013.768 134.215 0 1 3 200 0 0
 75 9685.000 72231.000 0 0 62.566 203.485 12731.331 112.833 0 1 3 200 0 0
 76 9537.000 72137.000 0 0 20.035 65.049 1303.307 36.101 0 1 3 200 0 0;
ProcessEquipmentIDList 1
  "6489" ;
SummarySpec 5
  TESTNO    NDEFECT    DEFDENSITY    NDIE    NDEFDIE  ;
SummaryList 
  1    76    0.2666    1    1  ;
EndOfFile;
