FileVersion 1 2;
FileTimestamp 01-30-26 13:47:18;
InspectionStationID "KLA-Tencor" "SFSSP1" "0901-0728-TBI";
SampleType WAFER;
ResultTimestamp 01-30-26 13:35:04;
LotID "2850";
SampleSize 1 200;
DeviceID "None";
SetupID "T2-2850A" 01-30-26 13:35:04;
StepID "6855";
SampleOrientationMarkType NOTCH;
OrientationMarkLocation DOWN;
DiePitch 200000 200000;
DieOrigin 0 0;
WaferID "17";
Slot 17;
SampleCenterLocation 100000 100000;
ClassLookup 1
  0 "0"  ;
OrientationInstructions "Front";
CoordinatesMirrored No;
InspectionTest 1;
SampleTestPlan 1
  0 0 ;
AreaPerTest 2.85007e+010;
ClusterClassificationList 1
  1 210 ;
DefectRecordSpec 15 DEFECTID XREL YREL XINDEX YINDEX XSIZE YSIZE DEFECTAREA DSIZE CLASSNUMBER TEST CLUSTERNUMBER ROUGHBINNUMBER FINEBINNUMBER REVIEWSAMPLE ;
DefectList
 1 120460.000 93934.000 0 0 0.000 0.000 0.000 0.154 0 1 0 0 0 0
 2 91803.000 73159.000 0 0 0.000 0.000 0.000 0.300 0 1 0 0 0 0
 3 61106.000 115765.000 0 0 0.000 0.000 0.000 0.130 0 1 0 0 0 0
 4 58367.000 77013.000 0 0 0.000 0.000 0.000 0.193 0 1 0 0 0 0
 5 54497.000 129135.000 0 0 0.000 0.000 0.000 0.154 0 1 0 0 0 0
 6 35334.000 94726.000 0 0 0.000 0.000 0.000 0.126 0 1 0 0 0 0
 7 69517.000 160034.000 0 0 0.000 0.000 0.000 0.133 0 1 0 0 0 0
 8 40622.000 134675.000 0 0 0.000 0.000 0.000 0.140 0 1 0 0 0 0
 9 33593.000 148080.000 0 0 0.000 0.000 0.000 200000.000 0 1 0 200 0 0
 10 33192.000 147970.000 0 0 0.000 0.000 0.000 0.262 0 1 0 0 0 0
 11 32840.000 147987.000 0 0 0.000 0.000 0.000 200000.000 0 1 0 200 0 0
 12 33229.000 148879.000 0 0 0.000 0.000 0.000 0.201 0 1 0 0 0 0
 13 31815.000 152074.000 0 0 54.000 50.000 2700.000 51.961 0 1 1 210 0 0
 14 31302.000 152369.000 0 0 54.000 50.000 2700.000 51.961 0 1 1 210 0 0
 15 29225.000 150030.000 0 0 0.000 0.000 0.000 200000.000 0 1 0 200 0 0
 16 31165.000 152645.000 0 0 54.000 50.000 2700.000 51.961 0 1 1 210 0 0
 17 30996.000 153052.000 0 0 54.000 50.000 2700.000 51.961 0 1 1 210 0 0
 18 28883.000 150429.000 0 0 0.000 0.000 0.000 200000.000 0 1 0 200 0 0
 19 30940.000 153325.000 0 0 54.000 50.000 2700.000 51.961 0 1 1 210 0 0
 20 30959.000 153427.000 0 0 54.000 50.000 2700.000 51.961 0 1 1 210 0 0
 21 30981.000 154111.000 0 0 54.000 50.000 2700.000 51.961 0 1 1 210 0 0
 22 31036.000 153887.000 0 0 54.000 50.000 2700.000 51.961 0 1 1 210 0 0
 23 28287.000 150669.000 0 0 0.000 0.000 0.000 200000.000 0 1 0 200 0 0
 24 27515.000 149641.000 0 0 0.000 0.000 0.000 0.209 0 1 0 0 0 0
 25 27383.000 149599.000 0 0 0.000 0.000 0.000 0.225 0 1 0 0 0 0
 26 30930.000 154530.000 0 0 54.000 50.000 2700.000 51.961 0 1 1 210 0 0
 27 28027.000 150650.000 0 0 0.000 0.000 0.000 0.283 0 1 0 0 0 0
 28 27864.000 150470.000 0 0 0.000 0.000 0.000 0.231 0 1 0 0 0 0
 29 177237.000 143045.000 0 0 0.000 0.000 0.000 0.120 0 1 0 0 0 0
 30 23376.000 54517.000 0 0 0.000 0.000 0.000 0.120 0 1 0 0 0 0
 31 29913.000 155798.000 0 0 54.000 50.000 2700.000 51.961 0 1 1 210 0 0
 32 30081.000 155305.000 0 0 54.000 50.000 2700.000 51.961 0 1 1 210 0 0
 33 29967.000 155547.000 0 0 54.000 50.000 2700.000 51.961 0 1 1 210 0 0
 34 29906.000 156226.000 0 0 54.000 50.000 2700.000 51.961 0 1 1 210 0 0
 35 29921.000 155995.000 0 0 54.000 50.000 2700.000 51.961 0 1 1 210 0 0
 36 29931.000 156482.000 0 0 54.000 50.000 2700.000 51.961 0 1 1 210 0 0
 37 30015.000 156647.000 0 0 54.000 50.000 2700.000 51.961 0 1 1 210 0 0
 38 30027.000 156965.000 0 0 54.000 50.000 2700.000 51.961 0 1 1 210 0 0
 39 11016.000 81945.000 0 0 0.000 0.000 0.000 0.125 0 1 0 0 0 0
 40 134707.000 187569.000 0 0 0.000 0.000 0.000 0.123 0 1 0 0 0 0
 41 7842.000 80963.000 0 0 0.000 0.000 0.000 0.122 0 1 0 0 0 0
 42 5691.000 93535.000 0 0 0.000 0.000 0.000 0.125 0 1 0 0 0 0
 43 23894.000 156898.000 0 0 0.000 0.000 0.000 0.235 0 1 0 0 0 0
 44 4759.000 94025.000 0 0 0.000 0.000 0.000 0.123 0 1 0 0 0 0
 45 66683.000 190016.000 0 0 0.000 0.000 0.000 0.409 0 1 0 0 0 0
 46 31337.000 153597.000 0 0 23.129 29.631 685.350 26.179 0 1 1 210 0 0
 47 31184.000 153679.000 0 0 156.970 201.234 31587.885 177.729 0 1 1 210 0 0
 48 31094.000 153841.000 0 0 72.271 92.492 6684.568 81.759 0 1 1 210 0 0
 49 31180.000 154502.000 0 0 13.059 16.490 215.350 14.674 0 1 1 210 0 0
 50 31156.000 154471.000 0 0 10.441 13.196 137.794 11.738 0 1 1 210 0 0
 51 31100.000 154674.000 0 0 13.100 16.509 216.282 14.706 0 1 1 210 0 0
 52 31049.000 154610.000 0 0 81.154 102.466 8315.613 91.189 0 1 1 210 0 0
 53 30944.000 154752.000 0 0 91.861 115.860 10643.116 103.165 0 1 1 210 0 0
 54 30890.000 154683.000 0 0 13.102 16.559 216.976 14.730 0 1 1 210 0 0
 55 30840.000 154894.000 0 0 39.473 49.730 1963.035 44.306 0 1 1 210 0 0
 56 30701.000 154992.000 0 0 39.543 49.831 1970.501 44.390 0 1 1 210 0 0
 57 30570.000 155102.000 0 0 23.778 29.961 712.457 26.691 0 1 1 210 0 0
 58 30436.000 155207.000 0 0 13.228 16.668 220.493 14.849 0 1 1 210 0 0;
ProcessEquipmentIDList 1
  "6620" ;
SummarySpec 5
  TESTNO    NDEFECT    DEFDENSITY    NDIE    NDEFDIE  ;
SummaryList 
  1    58    0.2035    1    1  ;
EndOfFile;
