FileVersion 1 2;
FileTimestamp 01-30-26 20:40:31;
InspectionStationID "KLA-Tencor" "SFSSP1" "0901-0728-TBI";
SampleType WAFER;
ResultTimestamp 01-30-26 20:30:34;
LotID "2850";
SampleSize 1 200;
DeviceID "None";
SetupID "T2-2850A" 01-30-26 20:30:34;
StepID "6855";
SampleOrientationMarkType NOTCH;
OrientationMarkLocation DOWN;
DiePitch 200000 200000;
DieOrigin 0 0;
WaferID "14";
Slot 14;
SampleCenterLocation 100000 100000;
ClassLookup 1
  0 "0"  ;
OrientationInstructions "Front";
CoordinatesMirrored No;
InspectionTest 1;
SampleTestPlan 1
  0 0 ;
AreaPerTest 2.85014e+010;
ClusterClassificationList 2
  1 200 
  2 210 ;
DefectRecordSpec 15 DEFECTID XREL YREL XINDEX YINDEX XSIZE YSIZE DEFECTAREA DSIZE CLASSNUMBER TEST CLUSTERNUMBER ROUGHBINNUMBER FINEBINNUMBER REVIEWSAMPLE ;
DefectList
 1 85623.000 88996.000 0 0 0.000 0.000 0.000 0.162 0 1 0 0 0 0
 2 80538.000 53858.000 0 0 0.000 0.000 0.000 0.126 0 1 0 0 0 0
 3 97848.000 42736.000 0 0 0.000 0.000 0.000 0.124 0 1 0 0 0 0
 4 158280.000 73036.000 0 0 0.000 0.000 0.000 0.151 0 1 0 0 0 0
 5 146834.000 43946.000 0 0 0.000 0.000 0.000 0.123 0 1 0 0 0 0
 6 39284.000 145424.000 0 0 0.000 0.000 0.000 0.245 0 1 0 0 0 0
 7 28904.000 63213.000 0 0 0.000 0.000 0.000 0.208 0 1 0 0 0 0
 8 171831.000 158472.000 0 0 0.000 0.000 0.000 0.127 0 1 0 0 0 0
 9 192734.000 106825.000 0 0 0.000 0.000 0.000 0.132 0 1 0 0 0 0
 10 193801.000 104690.000 0 0 0.000 0.000 0.000 0.129 0 1 0 0 0 0
 11 193666.000 105695.000 0 0 0.000 0.000 0.000 0.130 0 1 0 0 0 0
 12 194225.000 104088.000 0 0 0.000 0.000 0.000 0.126 0 1 0 0 0 0
 13 194868.000 100015.000 0 0 51.000 25.000 1275.000 35.707 0 1 1 200 0 0
 14 194816.000 102990.000 0 0 50.000 24.000 1200.000 34.641 0 1 2 210 0 0
 15 195026.000 102760.000 0 0 50.000 24.000 1200.000 34.641 0 1 2 210 0 0
 16 195195.000 99588.000 0 0 51.000 24.000 1224.000 34.985 0 1 1 200 0 0
 17 195238.000 102341.000 0 0 50.000 24.000 1200.000 34.641 0 1 2 210 0 0
 18 195340.000 99469.000 0 0 51.000 24.000 1224.000 34.985 0 1 1 200 0 0
 19 195467.000 102086.000 0 0 50.000 24.000 1200.000 34.641 0 1 2 210 0 0
 20 195743.000 101840.000 0 0 51.000 24.000 1224.000 34.985 0 1 2 210 0 0
 21 196122.000 98786.000 0 0 50.000 24.000 1200.000 34.641 0 1 1 200 0 0
 22 196342.000 99161.000 0 0 50.000 24.000 1200.000 34.641 0 1 1 200 0 0
 23 196040.000 99168.000 0 0 0.319 36.819 11.752 3.428 0 1 1 200 0 0
 24 196042.000 99331.000 0 0 0.288 41.446 11.971 3.459 0 1 1 200 0 0
 25 196211.000 99297.000 0 0 2.226 304.394 677.769 26.034 0 1 1 200 0 0
 26 196382.000 99346.000 0 0 1.568 231.035 362.449 19.038 0 1 1 200 0 0
 27 196553.000 99372.000 0 0 0.964 148.112 142.894 11.953 0 1 1 200 0 0;
ProcessEquipmentIDList 1
  "6620" ;
SummarySpec 5
  TESTNO    NDEFECT    DEFDENSITY    NDIE    NDEFDIE  ;
SummaryList 
  1    27    0.09473    1    1  ;
EndOfFile;
