FileVersion 1 2;
FileTimestamp 01-30-26 16:06:50;
InspectionStationID "KLA-Tencor" "SFSSP1" "0901-0728-TBI";
SampleType WAFER;
ResultTimestamp 01-30-26 15:51:42;
LotID "2850";
SampleSize 1 200;
DeviceID "None";
SetupID "T2-2850A" 01-30-26 15:51:42;
StepID "6855";
SampleOrientationMarkType NOTCH;
OrientationMarkLocation DOWN;
DiePitch 200000 200000;
DieOrigin 0 0;
WaferID "21";
Slot 21;
SampleCenterLocation 100000 100000;
ClassLookup 1
  0 "0"  ;
OrientationInstructions "Front";
CoordinatesMirrored No;
InspectionTest 1;
SampleTestPlan 1
  0 0 ;
AreaPerTest 2.85023e+010;
DefectRecordSpec 15 DEFECTID XREL YREL XINDEX YINDEX XSIZE YSIZE DEFECTAREA DSIZE CLASSNUMBER TEST CLUSTERNUMBER ROUGHBINNUMBER FINEBINNUMBER REVIEWSAMPLE ;
DefectList
 1 101627.000 104284.000 0 0 0.000 0.000 0.000 0.206 0 1 0 0 0 0
 2 91397.000 110530.000 0 0 0.000 0.000 0.000 0.225 0 1 0 0 0 0
 3 85854.000 101046.000 0 0 0.000 0.000 0.000 0.210 0 1 0 0 0 0
 4 113704.000 94078.000 0 0 0.000 0.000 0.000 0.209 0 1 0 0 0 0
 5 87710.000 89511.000 0 0 0.000 0.000 0.000 0.123 0 1 0 0 0 0
 6 83402.000 101402.000 0 0 0.000 0.000 0.000 0.220 0 1 0 0 0 0
 7 81688.000 97458.000 0 0 0.000 0.000 0.000 0.121 0 1 0 0 0 0
 8 97266.000 81181.000 0 0 0.000 0.000 0.000 0.122 0 1 0 0 0 0
 9 90491.000 80961.000 0 0 0.000 0.000 0.000 0.122 0 1 0 0 0 0
 10 113072.000 117791.000 0 0 0.000 0.000 0.000 0.220 0 1 0 0 0 0
 11 89558.000 120918.000 0 0 0.000 0.000 0.000 0.120 0 1 0 0 0 0
 12 121317.000 110382.000 0 0 0.000 0.000 0.000 0.131 0 1 0 0 0 0
 13 109231.000 75512.000 0 0 0.000 0.000 0.000 0.301 0 1 0 0 0 0
 14 123379.000 112758.000 0 0 0.000 0.000 0.000 0.231 0 1 0 0 0 0
 15 106688.000 74553.000 0 0 0.000 0.000 0.000 0.246 0 1 0 0 0 0
 16 125495.000 91767.000 0 0 0.000 0.000 0.000 0.123 0 1 0 0 0 0
 17 111898.000 75970.000 0 0 0.000 0.000 0.000 0.130 0 1 0 0 0 0
 18 125468.000 109412.000 0 0 0.000 0.000 0.000 0.222 0 1 0 0 0 0
 19 125466.000 109413.000 0 0 0.000 0.000 0.000 0.130 0 1 0 0 0 0
 20 78634.000 119167.000 0 0 0.000 0.000 0.000 0.202 0 1 0 0 0 0
 21 71210.000 97932.000 0 0 0.000 0.000 0.000 0.124 0 1 0 0 0 0
 22 74293.000 86176.000 0 0 0.000 0.000 0.000 0.120 0 1 0 0 0 0
 23 79558.000 79056.000 0 0 0.000 0.000 0.000 0.253 0 1 0 0 0 0
 24 119778.000 122687.000 0 0 0.000 0.000 0.000 0.120 0 1 0 0 0 0
 25 80359.000 77573.000 0 0 0.000 0.000 0.000 0.123 0 1 0 0 0 0
 26 75300.000 117861.000 0 0 0.000 0.000 0.000 0.121 0 1 0 0 0 0
 27 85035.000 126671.000 0 0 0.000 0.000 0.000 0.200 0 1 0 0 0 0
 28 70132.000 106679.000 0 0 0.000 0.000 0.000 0.124 0 1 0 0 0 0
 29 77788.000 78627.000 0 0 0.000 0.000 0.000 0.128 0 1 0 0 0 0
 30 114483.000 72904.000 0 0 0.000 0.000 0.000 0.120 0 1 0 0 0 0
 31 119677.000 124392.000 0 0 0.000 0.000 0.000 0.215 0 1 0 0 0 0
 32 70663.000 89318.000 0 0 0.000 0.000 0.000 0.265 0 1 0 0 0 0
 33 117357.000 126821.000 0 0 0.000 0.000 0.000 0.210 0 1 0 0 0 0
 34 130417.000 90978.000 0 0 0.000 0.000 0.000 0.202 0 1 0 0 0 0
 35 81993.000 127363.000 0 0 0.000 0.000 0.000 0.121 0 1 0 0 0 0
 36 122780.000 76691.000 0 0 0.000 0.000 0.000 0.225 0 1 0 0 0 0
 37 68057.000 91420.000 0 0 0.000 0.000 0.000 0.210 0 1 0 0 0 0
 38 84541.000 70779.000 0 0 0.000 0.000 0.000 0.122 0 1 0 0 0 0
 39 131104.000 86718.000 0 0 0.000 0.000 0.000 0.238 0 1 0 0 0 0
 40 74867.000 123270.000 0 0 0.000 0.000 0.000 0.121 0 1 0 0 0 0
 41 72413.000 79500.000 0 0 0.000 0.000 0.000 0.210 0 1 0 0 0 0
 42 74083.000 123331.000 0 0 0.000 0.000 0.000 0.224 0 1 0 0 0 0
 43 117915.000 130080.000 0 0 0.000 0.000 0.000 0.211 0 1 0 0 0 0
 44 134427.000 93503.000 0 0 0.000 0.000 0.000 0.220 0 1 0 0 0 0
 45 134818.000 95422.000 0 0 0.000 0.000 0.000 0.120 0 1 0 0 0 0
 46 100866.000 135332.000 0 0 0.000 0.000 0.000 0.248 0 1 0 0 0 0
 47 98183.000 65129.000 0 0 0.000 0.000 0.000 0.120 0 1 0 0 0 0
 48 111035.000 66763.000 0 0 0.000 0.000 0.000 0.237 0 1 0 0 0 0
 49 89354.000 66499.000 0 0 0.000 0.000 0.000 0.279 0 1 0 0 0 0
 50 130282.000 80565.000 0 0 0.000 0.000 0.000 0.125 0 1 0 0 0 0
 51 107612.000 64288.000 0 0 0.000 0.000 0.000 0.130 0 1 0 0 0 0
 52 112720.000 64115.000 0 0 0.000 0.000 0.000 0.224 0 1 0 0 0 0
 53 62942.000 110738.000 0 0 0.000 0.000 0.000 0.128 0 1 0 0 0 0
 54 64363.000 85632.000 0 0 0.000 0.000 0.000 0.220 0 1 0 0 0 0
 55 80315.000 133478.000 0 0 0.000 0.000 0.000 0.122 0 1 0 0 0 0
 56 127198.000 128119.000 0 0 0.000 0.000 0.000 0.122 0 1 0 0 0 0
 57 84655.000 64090.000 0 0 0.000 0.000 0.000 0.123 0 1 0 0 0 0
 58 61152.000 106385.000 0 0 0.000 0.000 0.000 0.128 0 1 0 0 0 0
 59 138885.000 107449.000 0 0 0.000 0.000 0.000 0.211 0 1 0 0 0 0
 60 139758.000 98705.000 0 0 0.000 0.000 0.000 0.138 0 1 0 0 0 0
 61 102838.000 140467.000 0 0 0.000 0.000 0.000 0.128 0 1 0 0 0 0
 62 65610.000 79410.000 0 0 0.000 0.000 0.000 0.125 0 1 0 0 0 0
 63 136270.000 81744.000 0 0 0.000 0.000 0.000 0.267 0 1 0 0 0 0
 64 140320.000 112256.000 0 0 0.000 0.000 0.000 0.255 0 1 0 0 0 0
 65 94166.000 57456.000 0 0 0.000 0.000 0.000 0.122 0 1 0 0 0 0
 66 134335.000 126539.000 0 0 0.000 0.000 0.000 0.216 0 1 0 0 0 0
 67 59498.000 84356.000 0 0 0.000 0.000 0.000 0.259 0 1 0 0 0 0
 68 139584.000 118588.000 0 0 0.000 0.000 0.000 0.204 0 1 0 0 0 0
 69 113466.000 141748.000 0 0 0.000 0.000 0.000 0.125 0 1 0 0 0 0
 70 107902.000 57068.000 0 0 0.000 0.000 0.000 0.202 0 1 0 0 0 0
 71 135393.000 126313.000 0 0 0.000 0.000 0.000 0.123 0 1 0 0 0 0
 72 55845.000 106553.000 0 0 0.000 0.000 0.000 0.121 0 1 0 0 0 0
 73 131771.000 132877.000 0 0 0.000 0.000 0.000 0.123 0 1 0 0 0 0
 74 60056.000 122759.000 0 0 0.000 0.000 0.000 0.122 0 1 0 0 0 0
 75 145268.000 89384.000 0 0 0.000 0.000 0.000 0.130 0 1 0 0 0 0
 76 102439.000 53687.000 0 0 0.000 0.000 0.000 0.223 0 1 0 0 0 0
 77 145238.000 110720.000 0 0 0.000 0.000 0.000 0.134 0 1 0 0 0 0
 78 103438.000 53374.000 0 0 0.000 0.000 0.000 0.253 0 1 0 0 0 0
 79 67434.000 66211.000 0 0 0.000 0.000 0.000 0.231 0 1 0 0 0 0
 80 120308.000 57499.000 0 0 0.000 0.000 0.000 0.214 0 1 0 0 0 0
 81 140634.000 125140.000 0 0 0.000 0.000 0.000 0.124 0 1 0 0 0 0
 82 90670.000 147079.000 0 0 0.000 0.000 0.000 0.121 0 1 0 0 0 0
 83 57346.000 122509.000 0 0 0.000 0.000 0.000 0.239 0 1 0 0 0 0
 84 107485.000 52434.000 0 0 0.000 0.000 0.000 0.208 0 1 0 0 0 0
 85 51494.000 100045.000 0 0 0.000 0.000 0.000 0.121 0 1 0 0 0 0
 86 81881.000 54708.000 0 0 0.000 0.000 0.000 0.282 0 1 0 0 0 0
 87 51899.000 89117.000 0 0 0.000 0.000 0.000 0.236 0 1 0 0 0 0
 88 103230.000 149834.000 0 0 0.000 0.000 0.000 0.133 0 1 0 0 0 0
 89 62992.000 133385.000 0 0 0.000 0.000 0.000 0.246 0 1 0 0 0 0
 90 52598.000 84846.000 0 0 0.000 0.000 0.000 0.219 0 1 0 0 0 0
 91 119554.000 54513.000 0 0 0.000 0.000 0.000 0.122 0 1 0 0 0 0
 92 50467.000 94654.000 0 0 0.000 0.000 0.000 0.209 0 1 0 0 0 0
 93 146363.000 119883.000 0 0 0.000 0.000 0.000 0.130 0 1 0 0 0 0
 94 88136.000 149792.000 0 0 0.000 0.000 0.000 0.126 0 1 0 0 0 0
 95 151678.000 96529.000 0 0 0.000 0.000 0.000 0.203 0 1 0 0 0 0
 96 134987.000 138541.000 0 0 0.000 0.000 0.000 0.269 0 1 0 0 0 0
 97 91509.000 48588.000 0 0 0.000 0.000 0.000 0.208 0 1 0 0 0 0
 98 121916.000 52254.000 0 0 0.000 0.000 0.000 0.123 0 1 0 0 0 0
 99 151100.000 112988.000 0 0 0.000 0.000 0.000 0.200 0 1 0 0 0 0
 100 46816.000 100138.000 0 0 0.000 0.000 0.000 0.131 0 1 0 0 0 0
 101 65928.000 59472.000 0 0 0.000 0.000 0.000 0.211 0 1 0 0 0 0
 102 57671.000 132773.000 0 0 0.000 0.000 0.000 0.130 0 1 0 0 0 0
 103 63280.000 61538.000 0 0 0.000 0.000 0.000 0.261 0 1 0 0 0 0
 104 68739.000 56709.000 0 0 0.000 0.000 0.000 0.124 0 1 0 0 0 0
 105 83674.000 47814.000 0 0 0.000 0.000 0.000 0.219 0 1 0 0 0 0
 106 46549.000 86846.000 0 0 0.000 0.000 0.000 0.121 0 1 0 0 0 0
 107 144998.000 132347.000 0 0 0.000 0.000 0.000 0.203 0 1 0 0 0 0
 108 69004.000 146149.000 0 0 0.000 0.000 0.000 0.140 0 1 0 0 0 0
 109 70254.000 146960.000 0 0 0.000 0.000 0.000 0.221 0 1 0 0 0 0
 110 98498.000 155763.000 0 0 0.000 0.000 0.000 0.239 0 1 0 0 0 0
 111 123844.000 150807.000 0 0 0.000 0.000 0.000 0.121 0 1 0 0 0 0
 112 119185.000 152717.000 0 0 0.000 0.000 0.000 0.202 0 1 0 0 0 0
 113 54826.000 133128.000 0 0 0.000 0.000 0.000 0.121 0 1 0 0 0 0
 114 106511.000 44514.000 0 0 0.000 0.000 0.000 0.120 0 1 0 0 0 0
 115 68269.000 146516.000 0 0 0.000 0.000 0.000 0.215 0 1 0 0 0 0
 116 125401.000 49859.000 0 0 0.000 0.000 0.000 0.200 0 1 0 0 0 0
 117 44880.000 87902.000 0 0 0.000 0.000 0.000 0.209 0 1 0 0 0 0
 118 103887.000 156757.000 0 0 0.000 0.000 0.000 0.120 0 1 0 0 0 0
 119 64477.000 144369.000 0 0 0.000 0.000 0.000 0.121 0 1 0 0 0 0
 120 127019.000 50100.000 0 0 0.000 0.000 0.000 0.127 0 1 0 0 0 0
 121 149957.000 72540.000 0 0 0.000 0.000 0.000 0.212 0 1 0 0 0 0
 122 58651.000 60315.000 0 0 0.000 0.000 0.000 0.120 0 1 0 0 0 0
 123 47715.000 75755.000 0 0 0.000 0.000 0.000 0.238 0 1 0 0 0 0
 124 157462.000 110968.000 0 0 0.000 0.000 0.000 0.253 0 1 0 0 0 0
 125 147984.000 133745.000 0 0 0.000 0.000 0.000 0.236 0 1 0 0 0 0
 126 63402.000 54049.000 0 0 0.000 0.000 0.000 0.139 0 1 0 0 0 0
 127 158921.000 95589.000 0 0 0.000 0.000 0.000 0.131 0 1 0 0 0 0
 128 151325.000 129700.000 0 0 0.000 0.000 0.000 0.122 0 1 0 0 0 0
 129 49708.000 68176.000 0 0 0.000 0.000 0.000 0.202 0 1 0 0 0 0
 130 138427.000 54245.000 0 0 0.000 0.000 0.000 0.122 0 1 0 0 0 0
 131 105443.000 40238.000 0 0 0.000 0.000 0.000 0.257 0 1 0 0 0 0
 132 53912.000 139245.000 0 0 0.000 0.000 0.000 0.266 0 1 0 0 0 0
 133 121661.000 43318.000 0 0 0.000 0.000 0.000 0.127 0 1 0 0 0 0
 134 154651.000 71579.000 0 0 0.000 0.000 0.000 0.121 0 1 0 0 0 0
 135 153498.000 132260.000 0 0 0.000 0.000 0.000 0.127 0 1 0 0 0 0
 136 95361.000 162401.000 0 0 0.000 0.000 0.000 0.121 0 1 0 0 0 0
 137 71283.000 155712.000 0 0 0.000 0.000 0.000 0.122 0 1 0 0 0 0
 138 83453.000 160688.000 0 0 0.000 0.000 0.000 0.225 0 1 0 0 0 0
 139 49841.000 137638.000 0 0 0.000 0.000 0.000 0.141 0 1 0 0 0 0
 140 56171.000 55306.000 0 0 0.000 0.000 0.000 0.122 0 1 0 0 0 0
 141 67779.000 154220.000 0 0 0.000 0.000 0.000 0.134 0 1 0 0 0 0
 142 47400.000 65060.000 0 0 0.000 0.000 0.000 0.124 0 1 0 0 0 0
 143 63644.000 151981.000 0 0 0.000 0.000 0.000 0.202 0 1 0 0 0 0
 144 161451.000 116011.000 0 0 0.000 0.000 0.000 0.201 0 1 0 0 0 0
 145 121050.000 40222.000 0 0 0.000 0.000 0.000 0.133 0 1 0 0 0 0
 146 46217.000 134847.000 0 0 0.000 0.000 0.000 0.250 0 1 0 0 0 0
 147 36320.000 110063.000 0 0 0.000 0.000 0.000 0.248 0 1 0 0 0 0
 148 144212.000 147322.000 0 0 0.000 0.000 0.000 0.124 0 1 0 0 0 0
 149 68783.000 156816.000 0 0 0.000 0.000 0.000 0.132 0 1 0 0 0 0
 150 55358.000 147615.000 0 0 0.000 0.000 0.000 0.228 0 1 0 0 0 0
 151 156015.000 66029.000 0 0 0.000 0.000 0.000 0.204 0 1 0 0 0 0
 152 94914.000 165957.000 0 0 0.000 0.000 0.000 0.206 0 1 0 0 0 0
 153 107092.000 166406.000 0 0 0.000 0.000 0.000 0.217 0 1 0 0 0 0
 154 160137.000 71355.000 0 0 0.000 0.000 0.000 0.202 0 1 0 0 0 0
 155 166657.000 101103.000 0 0 0.000 0.000 0.000 0.205 0 1 0 0 0 0
 156 34593.000 85783.000 0 0 0.000 0.000 0.000 0.122 0 1 0 0 0 0
 157 144874.000 50027.000 0 0 0.000 0.000 0.000 0.253 0 1 0 0 0 0
 158 72140.000 38757.000 0 0 0.000 0.000 0.000 0.121 0 1 0 0 0 0
 159 162237.000 73520.000 0 0 0.000 0.000 0.000 0.124 0 1 0 0 0 0
 160 163713.000 76794.000 0 0 0.000 0.000 0.000 0.203 0 1 0 0 0 0
 161 66396.000 159351.000 0 0 0.000 0.000 0.000 0.216 0 1 0 0 0 0
 162 47475.000 56700.000 0 0 0.000 0.000 0.000 0.242 0 1 0 0 0 0
 163 86327.000 167095.000 0 0 0.000 0.000 0.000 0.124 0 1 0 0 0 0
 164 38583.000 130236.000 0 0 0.000 0.000 0.000 0.216 0 1 0 0 0 0
 165 157906.000 63991.000 0 0 0.000 0.000 0.000 0.277 0 1 0 0 0 0
 166 101089.000 168606.000 0 0 0.000 0.000 0.000 0.206 0 1 0 0 0 0
 167 155046.000 141157.000 0 0 0.000 0.000 0.000 0.123 0 1 0 0 0 0
 168 32060.000 114414.000 0 0 0.000 0.000 0.000 0.221 0 1 0 0 0 0
 169 54309.000 47755.000 0 0 0.000 0.000 0.000 0.203 0 1 0 0 0 0
 170 49751.000 149354.000 0 0 0.000 0.000 0.000 0.120 0 1 0 0 0 0
 171 33859.000 125279.000 0 0 0.000 0.000 0.000 0.209 0 1 0 0 0 0
 172 30126.000 112104.000 0 0 0.000 0.000 0.000 0.138 0 1 0 0 0 0
 173 163412.000 132386.000 0 0 0.000 0.000 0.000 0.125 0 1 0 0 0 0
 174 156970.000 142899.000 0 0 0.000 0.000 0.000 0.125 0 1 0 0 0 0
 175 28482.000 100290.000 0 0 0.000 0.000 0.000 0.216 0 1 0 0 0 0
 176 65281.000 163221.000 0 0 0.000 0.000 0.000 0.124 0 1 0 0 0 0
 177 170488.000 118644.000 0 0 0.000 0.000 0.000 0.281 0 1 0 0 0 0
 178 59043.000 160672.000 0 0 0.000 0.000 0.000 0.122 0 1 0 0 0 0
 179 30792.000 123383.000 0 0 0.000 0.000 0.000 0.121 0 1 0 0 0 0
 180 152816.000 49765.000 0 0 0.000 0.000 0.000 0.121 0 1 0 0 0 0
 181 102702.000 173429.000 0 0 0.000 0.000 0.000 0.261 0 1 0 0 0 0
 182 26271.000 97125.000 0 0 0.000 0.000 0.000 0.264 0 1 0 0 0 0
 183 121921.000 29660.000 0 0 0.000 0.000 0.000 0.333 0 1 0 0 0 0
 184 173394.000 90536.000 0 0 0.000 0.000 0.000 0.132 0 1 0 0 0 0
 185 26754.000 112116.000 0 0 0.000 0.000 0.000 0.232 0 1 0 0 0 0
 186 26626.000 89674.000 0 0 0.000 0.000 0.000 0.202 0 1 0 0 0 0
 187 37138.000 140093.000 0 0 0.000 0.000 0.000 0.128 0 1 0 0 0 0
 188 173831.000 111522.000 0 0 0.000 0.000 0.000 0.138 0 1 0 0 0 0
 189 108182.000 174485.000 0 0 0.000 0.000 0.000 0.226 0 1 0 0 0 0
 190 39558.000 56393.000 0 0 0.000 0.000 0.000 0.123 0 1 0 0 0 0
 191 87990.000 26406.000 0 0 0.000 0.000 0.000 0.137 0 1 0 0 0 0
 192 34275.000 63850.000 0 0 0.000 0.000 0.000 0.222 0 1 0 0 0 0
 193 39480.000 55400.000 0 0 0.000 0.000 0.000 0.121 0 1 0 0 0 0
 194 164076.000 139969.000 0 0 0.000 0.000 0.000 0.135 0 1 0 0 0 0
 195 38465.000 143710.000 0 0 0.000 0.000 0.000 0.121 0 1 0 0 0 0
 196 30386.000 71120.000 0 0 0.000 0.000 0.000 0.245 0 1 0 0 0 0
 197 90178.000 175139.000 0 0 0.000 0.000 0.000 0.200 0 1 0 0 0 0
 198 131648.000 169016.000 0 0 0.000 0.000 0.000 0.122 0 1 0 0 0 0
 199 30429.000 68519.000 0 0 0.000 0.000 0.000 0.149 0 1 0 0 0 0
 200 171966.000 73747.000 0 0 0.000 0.000 0.000 0.239 0 1 0 0 0 0
 201 135064.000 168629.000 0 0 0.000 0.000 0.000 0.202 0 1 0 0 0 0
 202 108177.000 176802.000 0 0 0.000 0.000 0.000 0.223 0 1 0 0 0 0
 203 44121.000 153391.000 0 0 0.000 0.000 0.000 0.132 0 1 0 0 0 0
 204 66752.000 30451.000 0 0 0.000 0.000 0.000 0.202 0 1 0 0 0 0
 205 43606.000 153393.000 0 0 0.000 0.000 0.000 0.123 0 1 0 0 0 0
 206 23299.000 89128.000 0 0 0.000 0.000 0.000 0.205 0 1 0 0 0 0
 207 62239.000 168043.000 0 0 0.000 0.000 0.000 0.268 0 1 0 0 0 0
 208 22368.000 105592.000 0 0 0.000 0.000 0.000 0.120 0 1 0 0 0 0
 209 56369.000 35890.000 0 0 0.000 0.000 0.000 0.254 0 1 0 0 0 0
 210 83496.000 24280.000 0 0 0.000 0.000 0.000 0.303 0 1 0 0 0 0
 211 61041.000 167781.000 0 0 0.000 0.000 0.000 0.123 0 1 0 0 0 0
 212 175932.000 81888.000 0 0 0.000 0.000 0.000 0.234 0 1 0 0 0 0
 213 178369.000 100184.000 0 0 0.000 0.000 0.000 0.206 0 1 0 0 0 0
 214 160173.000 49555.000 0 0 0.000 0.000 0.000 0.207 0 1 0 0 0 0
 215 177147.000 84024.000 0 0 0.000 0.000 0.000 0.135 0 1 0 0 0 0
 216 35966.000 54265.000 0 0 0.000 0.000 0.000 0.134 0 1 0 0 0 0
 217 101217.000 179219.000 0 0 0.000 0.000 0.000 0.120 0 1 0 0 0 0
 218 56712.000 166511.000 0 0 0.000 0.000 0.000 0.128 0 1 0 0 0 0
 219 28242.000 133554.000 0 0 0.000 0.000 0.000 0.200 0 1 0 0 0 0
 220 76964.000 176202.000 0 0 0.000 0.000 0.000 0.126 0 1 0 0 0 0
 221 32930.000 143021.000 0 0 0.000 0.000 0.000 0.214 0 1 0 0 0 0
 222 21262.000 88296.000 0 0 0.000 0.000 0.000 0.124 0 1 0 0 0 0
 223 42880.000 43895.000 0 0 0.000 0.000 0.000 0.208 0 1 0 0 0 0
 224 60658.000 29708.000 0 0 0.000 0.000 0.000 0.230 0 1 0 0 0 0
 225 179712.000 85279.000 0 0 0.000 0.000 0.000 0.129 0 1 0 0 0 0
 226 32656.000 145662.000 0 0 0.000 0.000 0.000 0.219 0 1 0 0 0 0
 227 20700.000 119315.000 0 0 0.000 0.000 0.000 0.240 0 1 0 0 0 0
 228 59134.000 29376.000 0 0 0.000 0.000 0.000 0.203 0 1 0 0 0 0
 229 140450.000 171525.000 0 0 0.000 0.000 0.000 0.125 0 1 0 0 0 0
 230 147885.000 33595.000 0 0 0.000 0.000 0.000 0.212 0 1 0 0 0 0
 231 79705.000 179893.000 0 0 0.000 0.000 0.000 0.260 0 1 0 0 0 0
 232 33905.000 149027.000 0 0 0.000 0.000 0.000 0.244 0 1 0 0 0 0
 233 82575.000 19299.000 0 0 0.000 0.000 0.000 0.129 0 1 0 0 0 0
 234 27057.000 60695.000 0 0 0.000 0.000 0.000 0.136 0 1 0 0 0 0
 235 72017.000 22183.000 0 0 0.000 0.000 0.000 0.120 0 1 0 0 0 0
 236 119685.000 19325.000 0 0 0.000 0.000 0.000 0.125 0 1 0 0 0 0
 237 19308.000 121949.000 0 0 0.000 0.000 0.000 0.208 0 1 0 0 0 0
 238 117223.000 18326.000 0 0 0.000 0.000 0.000 0.215 0 1 0 0 0 0
 239 140027.000 173697.000 0 0 0.000 0.000 0.000 0.122 0 1 0 0 0 0
 240 179283.000 73631.000 0 0 0.000 0.000 0.000 0.275 0 1 0 0 0 0
 241 59729.000 26725.000 0 0 0.000 0.000 0.000 0.202 0 1 0 0 0 0
 242 112115.000 16891.000 0 0 0.000 0.000 0.000 0.225 0 1 0 0 0 0
 243 172797.000 142777.000 0 0 0.000 0.000 0.000 0.121 0 1 0 0 0 0
 244 17535.000 118108.000 0 0 0.000 0.000 0.000 0.121 0 1 0 0 0 0
 245 80925.000 17984.000 0 0 0.000 0.000 0.000 0.121 0 1 0 0 0 0
 246 21721.000 68098.000 0 0 0.000 0.000 0.000 0.226 0 1 0 0 0 0
 247 115597.000 17028.000 0 0 0.000 0.000 0.000 0.208 0 1 0 0 0 0
 248 28631.000 146027.000 0 0 0.000 0.000 0.000 0.238 0 1 0 0 0 0
 249 48670.000 32754.000 0 0 0.000 0.000 0.000 0.219 0 1 0 0 0 0
 250 178422.000 133192.000 0 0 0.000 0.000 0.000 0.255 0 1 0 0 0 0
 251 43993.000 164423.000 0 0 0.000 0.000 0.000 0.210 0 1 0 0 0 0
 252 17670.000 77570.000 0 0 0.000 0.000 0.000 0.127 0 1 0 0 0 0
 253 145700.000 172473.000 0 0 0.000 0.000 0.000 0.246 0 1 0 0 0 0
 254 90286.000 185170.000 0 0 0.000 0.000 0.000 0.133 0 1 0 0 0 0
 255 52430.000 29235.000 0 0 0.000 0.000 0.000 0.123 0 1 0 0 0 0
 256 154722.000 34260.000 0 0 0.000 0.000 0.000 0.121 0 1 0 0 0 0
 257 125045.000 18233.000 0 0 0.000 0.000 0.000 0.239 0 1 0 0 0 0
 258 184334.000 115153.000 0 0 0.000 0.000 0.000 0.258 0 1 0 0 0 0
 259 178879.000 66483.000 0 0 0.000 0.000 0.000 0.202 0 1 0 0 0 0
 260 105314.000 14214.000 0 0 0.000 0.000 0.000 0.206 0 1 0 0 0 0
 261 93266.000 14146.000 0 0 0.000 0.000 0.000 0.122 0 1 0 0 0 0
 262 13690.000 102480.000 0 0 0.000 0.000 0.000 0.204 0 1 0 0 0 0
 263 112928.000 185674.000 0 0 0.000 0.000 0.000 0.200 0 1 0 0 0 0
 264 125056.000 183449.000 0 0 0.000 0.000 0.000 0.126 0 1 0 0 0 0
 265 177401.000 139876.000 0 0 0.000 0.000 0.000 0.121 0 1 0 0 0 0
 266 84488.000 14519.000 0 0 0.000 0.000 0.000 0.228 0 1 0 0 0 0
 267 92842.000 13281.000 0 0 0.000 0.000 0.000 0.243 0 1 0 0 0 0
 268 18329.000 68581.000 0 0 0.000 0.000 0.000 0.218 0 1 0 0 0 0
 269 153577.000 170309.000 0 0 0.000 0.000 0.000 0.127 0 1 0 0 0 0
 270 37083.000 162085.000 0 0 0.000 0.000 0.000 0.121 0 1 0 0 0 0
 271 115138.000 13144.000 0 0 0.000 0.000 0.000 0.123 0 1 0 0 0 0
 272 85263.000 187488.000 0 0 0.000 0.000 0.000 0.203 0 1 0 0 0 0
 273 15000.000 124441.000 0 0 0.000 0.000 0.000 0.200 0 1 0 0 0 0
 274 30023.000 45635.000 0 0 0.000 0.000 0.000 0.221 0 1 0 0 0 0
 275 142830.000 177963.000 0 0 0.000 0.000 0.000 0.120 0 1 0 0 0 0
 276 157666.000 32507.000 0 0 0.000 0.000 0.000 0.120 0 1 0 0 0 0
 277 48104.000 172775.000 0 0 0.000 0.000 0.000 0.202 0 1 0 0 0 0
 278 70575.000 184579.000 0 0 0.000 0.000 0.000 0.127 0 1 0 0 0 0
 279 121807.000 186918.000 0 0 0.000 0.000 0.000 0.205 0 1 0 0 0 0
 280 16786.000 67541.000 0 0 0.000 0.000 0.000 0.218 0 1 0 0 0 0
 281 58431.000 179467.000 0 0 0.000 0.000 0.000 0.121 0 1 0 0 0 0
 282 43317.000 30969.000 0 0 0.000 0.000 0.000 0.210 0 1 0 0 0 0
 283 177434.000 145567.000 0 0 0.000 0.000 0.000 0.208 0 1 0 0 0 0
 284 26631.000 48611.000 0 0 0.000 0.000 0.000 0.213 0 1 0 0 0 0
 285 77876.000 12982.000 0 0 0.000 0.000 0.000 0.233 0 1 0 0 0 0
 286 98642.000 10116.000 0 0 0.000 0.000 0.000 0.150 0 1 0 0 0 0
 287 115876.000 11373.000 0 0 0.000 0.000 0.000 0.386 0 1 0 0 0 0
 288 25405.000 49411.000 0 0 0.000 0.000 0.000 0.120 0 1 0 0 0 0
 289 77610.000 188178.000 0 0 0.000 0.000 0.000 0.236 0 1 0 0 0 0
 290 31608.000 159708.000 0 0 0.000 0.000 0.000 0.120 0 1 0 0 0 0
 291 11078.000 118389.000 0 0 0.000 0.000 0.000 0.133 0 1 0 0 0 0
 292 10883.000 83326.000 0 0 0.000 0.000 0.000 0.131 0 1 0 0 0 0
 293 148986.000 177049.000 0 0 0.000 0.000 0.000 0.124 0 1 0 0 0 0
 294 149902.000 176270.000 0 0 0.000 0.000 0.000 0.201 0 1 0 0 0 0
 295 75836.000 188412.000 0 0 0.000 0.000 0.000 0.240 0 1 0 0 0 0
 296 68752.000 14187.000 0 0 0.000 0.000 0.000 0.120 0 1 0 0 0 0
 297 63953.000 15796.000 0 0 0.000 0.000 0.000 0.120 0 1 0 0 0 0
 298 20335.000 146159.000 0 0 0.000 0.000 0.000 0.124 0 1 0 0 0 0
 299 41095.000 170798.000 0 0 0.000 0.000 0.000 0.202 0 1 0 0 0 0
 300 163187.000 33306.000 0 0 0.000 0.000 0.000 0.232 0 1 0 0 0 0
 301 37480.000 167890.000 0 0 0.000 0.000 0.000 0.249 0 1 0 0 0 0
 302 17646.000 59152.000 0 0 0.000 0.000 0.000 0.204 0 1 0 0 0 0
 303 69078.000 13428.000 0 0 0.000 0.000 0.000 0.203 0 1 0 0 0 0
 304 19853.000 145931.000 0 0 0.000 0.000 0.000 0.125 0 1 0 0 0 0
 305 7979.000 109823.000 0 0 0.000 0.000 0.000 0.223 0 1 0 0 0 0
 306 108449.000 8145.000 0 0 0.000 0.000 0.000 0.217 0 1 0 0 0 0
 307 7525.000 94874.000 0 0 0.000 0.000 0.000 0.259 0 1 0 0 0 0
 308 27243.000 157879.000 0 0 0.000 0.000 0.000 0.121 0 1 0 0 0 0
 309 16029.000 59351.000 0 0 0.000 0.000 0.000 0.223 0 1 0 0 0 0
 310 25875.000 157552.000 0 0 0.000 0.000 0.000 0.200 0 1 0 0 0 0
 311 36862.000 169885.000 0 0 0.000 0.000 0.000 0.125 0 1 0 0 0 0
 312 44660.000 23908.000 0 0 0.000 0.000 0.000 0.201 0 1 0 0 0 0
 313 135671.000 187937.000 0 0 0.000 0.000 0.000 0.121 0 1 0 0 0 0
 314 28402.000 37725.000 0 0 0.000 0.000 0.000 0.212 0 1 0 0 0 0
 315 35287.000 30481.000 0 0 0.000 0.000 0.000 0.202 0 1 0 0 0 0
 316 146992.000 17405.000 0 0 0.000 0.000 0.000 0.203 0 1 0 0 0 0
 317 38407.000 27198.000 0 0 0.000 0.000 0.000 0.202 0 1 0 0 0 0
 318 8652.000 131976.000 0 0 0.000 0.000 0.000 0.205 0 1 0 0 0 0;
ProcessEquipmentIDList 1
  "6620" ;
SummarySpec 5
  TESTNO    NDEFECT    DEFDENSITY    NDIE    NDEFDIE  ;
SummaryList 
  1    318    1.116    1    1  ;
EndOfFile;
