FileVersion 1 2;
FileTimestamp 01-30-26 20:17:50;
InspectionStationID "KLA-Tencor" "SFSSP1" "0901-0728-TBI";
SampleType WAFER;
ResultTimestamp 01-30-26 20:04:33;
LotID "2850";
SampleSize 1 200;
DeviceID "None";
SetupID "T2-2850A" 01-30-26 20:04:33;
StepID "6855";
SampleOrientationMarkType NOTCH;
OrientationMarkLocation DOWN;
DiePitch 200000 200000;
DieOrigin 0 0;
WaferID "22";
Slot 22;
SampleCenterLocation 100000 100000;
ClassLookup 1
  0 "0"  ;
OrientationInstructions "Front";
CoordinatesMirrored No;
InspectionTest 1;
SampleTestPlan 1
  0 0 ;
AreaPerTest 2.85008e+010;
ClusterClassificationList 1
  1 210 ;
DefectRecordSpec 15 DEFECTID XREL YREL XINDEX YINDEX XSIZE YSIZE DEFECTAREA DSIZE CLASSNUMBER TEST CLUSTERNUMBER ROUGHBINNUMBER FINEBINNUMBER REVIEWSAMPLE ;
DefectList
 1 107633.000 119501.000 0 0 0.000 0.000 0.000 0.300 0 1 0 0 0 0
 2 55359.000 53389.000 0 0 0.000 0.000 0.000 0.122 0 1 0 0 0 0
 3 98517.000 171925.000 0 0 0.000 0.000 0.000 0.167 0 1 0 0 0 0
 4 89181.000 172984.000 0 0 0.000 0.000 0.000 0.136 0 1 0 0 0 0
 5 33014.000 141865.000 0 0 0.000 0.000 0.000 0.132 0 1 0 0 0 0
 6 153138.000 38819.000 0 0 0.000 0.000 0.000 0.176 0 1 0 0 0 0
 7 65012.000 24720.000 0 0 0.000 0.000 0.000 0.133 0 1 0 0 0 0
 8 25844.000 139293.000 0 0 56.000 44.000 2464.000 49.638 0 1 1 210 0 0
 9 25810.000 139229.000 0 0 56.000 44.000 2464.000 49.638 0 1 1 210 0 0
 10 25938.000 139733.000 0 0 56.000 44.000 2464.000 49.638 0 1 1 210 0 0
 11 25915.000 139594.000 0 0 56.000 44.000 2464.000 49.638 0 1 1 210 0 0
 12 25887.000 139416.000 0 0 56.000 44.000 2464.000 49.638 0 1 1 210 0 0
 13 26146.000 140576.000 0 0 54.000 46.000 2484.000 49.839 0 1 1 210 0 0
 14 26100.000 140398.000 0 0 54.000 44.000 2376.000 48.744 0 1 1 210 0 0
 15 26062.000 140170.000 0 0 54.000 44.000 2376.000 48.744 0 1 1 210 0 0
 16 26319.000 141308.000 0 0 54.000 46.000 2484.000 49.839 0 1 1 210 0 0
 17 26306.000 141223.000 0 0 54.000 46.000 2484.000 49.839 0 1 1 210 0 0
 18 26279.000 141103.000 0 0 54.000 46.000 2484.000 49.839 0 1 1 210 0 0
 19 26238.000 140964.000 0 0 54.000 46.000 2484.000 49.839 0 1 1 210 0 0
 20 26220.000 140849.000 0 0 54.000 46.000 2484.000 49.839 0 1 1 210 0 0
 21 26168.000 139543.000 0 0 56.000 44.000 2464.000 49.638 0 1 1 210 0 0
 22 30222.000 149953.000 0 0 0.000 0.000 0.000 0.134 0 1 0 0 0 0
 23 27224.000 145373.000 0 0 0.000 0.000 0.000 0.120 0 1 0 0 0 0
 24 27392.000 146115.000 0 0 0.000 0.000 0.000 0.128 0 1 0 0 0 0
 25 27358.000 145970.000 0 0 0.000 0.000 0.000 0.122 0 1 0 0 0 0
 26 27496.000 146578.000 0 0 0.000 0.000 0.000 0.120 0 1 0 0 0 0
 27 184631.000 66638.000 0 0 0.000 0.000 0.000 0.491 0 1 0 0 0 0
 28 26290.000 139770.000 0 0 5.717 10.597 60.590 7.783 0 1 1 210 0 0
 29 26132.000 139839.000 0 0 106.944 198.288 21205.813 145.622 0 1 1 210 0 0;
ProcessEquipmentIDList 1
  "6620" ;
SummarySpec 5
  TESTNO    NDEFECT    DEFDENSITY    NDIE    NDEFDIE  ;
SummaryList 
  1    29    0.1018    1    1  ;
EndOfFile;
