FileVersion 1 2;
FileTimestamp 01-30-26 15:43:43;
InspectionStationID "KLA-Tencor" "SFSSP1" "0901-0728-TBI";
SampleType WAFER;
ResultTimestamp 01-30-26 15:19:07;
LotID "2850";
SampleSize 1 200;
DeviceID "None";
SetupID "T2-2850A" 01-30-26 15:19:07;
StepID "6855";
SampleOrientationMarkType NOTCH;
OrientationMarkLocation DOWN;
DiePitch 200000 200000;
DieOrigin 0 0;
WaferID "20";
Slot 20;
SampleCenterLocation 100000 100000;
ClassLookup 1
  0 "0"  ;
OrientationInstructions "Front";
CoordinatesMirrored No;
InspectionTest 1;
SampleTestPlan 1
  0 0 ;
AreaPerTest 2.85004e+010;
ClusterClassificationList 3
  1 210 
  2 210 
  3 200 ;
DefectRecordSpec 15 DEFECTID XREL YREL XINDEX YINDEX XSIZE YSIZE DEFECTAREA DSIZE CLASSNUMBER TEST CLUSTERNUMBER ROUGHBINNUMBER FINEBINNUMBER REVIEWSAMPLE ;
DefectList
 1 141096.000 91666.000 0 0 0.000 0.000 0.000 0.128 0 1 0 0 0 0
 2 72451.000 132261.000 0 0 0.000 0.000 0.000 0.137 0 1 0 0 0 0
 3 73336.000 133647.000 0 0 0.000 0.000 0.000 0.140 0 1 0 0 0 0
 4 50430.000 89103.000 0 0 0.000 0.000 0.000 0.141 0 1 0 0 0 0
 5 49783.000 87426.000 0 0 54.000 36.000 1944.000 44.090 0 1 1 210 0 0
 6 49576.000 87146.000 0 0 54.000 36.000 1944.000 44.090 0 1 1 210 0 0
 7 49580.000 86809.000 0 0 56.000 36.000 2016.000 44.899 0 1 1 210 0 0
 8 49498.000 86581.000 0 0 56.000 36.000 2016.000 44.899 0 1 1 210 0 0
 9 48987.000 85315.000 0 0 56.000 36.000 2016.000 44.899 0 1 1 210 0 0
 10 48911.000 85084.000 0 0 54.000 38.000 2052.000 45.299 0 1 1 210 0 0
 11 48723.000 84635.000 0 0 54.000 38.000 2052.000 45.299 0 1 1 210 0 0
 12 48674.000 84497.000 0 0 54.000 38.000 2052.000 45.299 0 1 1 210 0 0
 13 48566.000 84226.000 0 0 54.000 38.000 2052.000 45.299 0 1 1 210 0 0
 14 48517.000 84100.000 0 0 54.000 38.000 2052.000 45.299 0 1 1 210 0 0
 15 48462.000 83964.000 0 0 54.000 38.000 2052.000 45.299 0 1 1 210 0 0
 16 48373.000 83698.000 0 0 54.000 38.000 2052.000 45.299 0 1 1 210 0 0
 17 48303.000 83529.000 0 0 54.000 38.000 2052.000 45.299 0 1 1 210 0 0
 18 48153.000 83134.000 0 0 54.000 38.000 2052.000 45.299 0 1 1 210 0 0
 19 47763.000 84117.000 0 0 54.000 38.000 2052.000 45.299 0 1 1 210 0 0
 20 47750.000 84088.000 0 0 54.000 38.000 2052.000 45.299 0 1 1 210 0 0
 21 47684.000 83904.000 0 0 54.000 38.000 2052.000 45.299 0 1 1 210 0 0
 22 47614.000 83741.000 0 0 54.000 38.000 2052.000 45.299 0 1 1 210 0 0
 23 47586.000 83646.000 0 0 54.000 38.000 2052.000 45.299 0 1 1 210 0 0
 24 48026.000 82816.000 0 0 54.000 38.000 2052.000 45.299 0 1 1 210 0 0
 25 47804.000 82248.000 0 0 54.000 40.000 2160.000 46.475 0 1 1 210 0 0
 26 47691.000 81953.000 0 0 54.000 40.000 2160.000 46.475 0 1 1 210 0 0
 27 47291.000 80912.000 0 0 56.000 40.000 2240.000 47.328 0 1 1 210 0 0
 28 46755.000 81512.000 0 0 54.000 40.000 2160.000 46.475 0 1 1 210 0 0
 29 47107.000 80423.000 0 0 56.000 40.000 2240.000 47.328 0 1 1 210 0 0
 30 46657.000 81235.000 0 0 54.000 40.000 2160.000 46.475 0 1 1 210 0 0
 31 46508.000 80842.000 0 0 56.000 40.000 2240.000 47.328 0 1 1 210 0 0
 32 46773.000 79519.000 0 0 56.000 40.000 2240.000 47.328 0 1 1 210 0 0
 33 46287.000 80255.000 0 0 56.000 40.000 2240.000 47.328 0 1 1 210 0 0
 34 46690.000 79291.000 0 0 56.000 42.000 2352.000 48.497 0 1 1 210 0 0
 35 46211.000 80079.000 0 0 56.000 40.000 2240.000 47.328 0 1 1 210 0 0
 36 46070.000 79695.000 0 0 56.000 40.000 2240.000 47.328 0 1 1 210 0 0
 37 46486.000 78743.000 0 0 56.000 42.000 2352.000 48.497 0 1 1 210 0 0
 38 46351.000 78380.000 0 0 56.000 42.000 2352.000 48.497 0 1 1 210 0 0
 39 46300.000 78219.000 0 0 56.000 42.000 2352.000 48.497 0 1 1 210 0 0
 40 45784.000 79003.000 0 0 56.000 42.000 2352.000 48.497 0 1 1 210 0 0
 41 75475.000 152739.000 0 0 0.000 0.000 0.000 0.302 0 1 0 0 0 0
 42 45728.000 78772.000 0 0 56.000 42.000 2352.000 48.497 0 1 1 210 0 0
 43 45627.000 78502.000 0 0 56.000 42.000 2352.000 48.497 0 1 1 210 0 0
 44 46080.000 77640.000 0 0 56.000 42.000 2352.000 48.497 0 1 1 210 0 0
 45 45569.000 78355.000 0 0 56.000 42.000 2352.000 48.497 0 1 1 210 0 0
 46 45520.000 78200.000 0 0 56.000 42.000 2352.000 48.497 0 1 1 210 0 0
 47 45460.000 78058.000 0 0 56.000 42.000 2352.000 48.497 0 1 1 210 0 0
 48 45422.000 77958.000 0 0 56.000 42.000 2352.000 48.497 0 1 1 210 0 0
 49 45357.000 77859.000 0 0 56.000 42.000 2352.000 48.497 0 1 1 210 0 0
 50 45197.000 77369.000 0 0 0.000 0.000 0.000 0.124 0 1 0 0 0 0
 51 45180.000 77292.000 0 0 0.000 0.000 0.000 0.122 0 1 0 0 0 0
 52 45457.000 75886.000 0 0 54.000 42.000 2268.000 47.623 0 1 1 210 0 0
 53 44936.000 76626.000 0 0 0.000 0.000 0.000 0.121 0 1 0 0 0 0
 54 45113.000 74957.000 0 0 54.000 42.000 2268.000 47.623 0 1 1 210 0 0
 55 45033.000 74683.000 0 0 56.000 42.000 2352.000 48.497 0 1 1 210 0 0
 56 44962.000 74512.000 0 0 56.000 42.000 2352.000 48.497 0 1 1 210 0 0
 57 44797.000 74064.000 0 0 56.000 42.000 2352.000 48.497 0 1 1 210 0 0
 58 44764.000 73962.000 0 0 56.000 42.000 2352.000 48.497 0 1 1 210 0 0
 59 44740.000 73898.000 0 0 56.000 42.000 2352.000 48.497 0 1 1 210 0 0
 60 44665.000 73681.000 0 0 56.000 42.000 2352.000 48.497 0 1 1 210 0 0
 61 44631.000 73565.000 0 0 56.000 42.000 2352.000 48.497 0 1 1 210 0 0
 62 44072.000 74234.000 0 0 56.000 42.000 2352.000 48.497 0 1 1 210 0 0
 63 44029.000 74055.000 0 0 56.000 42.000 2352.000 48.497 0 1 1 210 0 0
 64 44509.000 73220.000 0 0 56.000 42.000 2352.000 48.497 0 1 1 210 0 0
 65 44457.000 73070.000 0 0 56.000 42.000 2352.000 48.497 0 1 1 210 0 0
 66 43998.000 74122.000 0 0 56.000 42.000 2352.000 48.497 0 1 1 210 0 0
 67 43954.000 73864.000 0 0 56.000 42.000 2352.000 48.497 0 1 1 210 0 0
 68 43862.000 73583.000 0 0 56.000 42.000 2352.000 48.497 0 1 1 210 0 0
 69 43791.000 73415.000 0 0 56.000 42.000 2352.000 48.497 0 1 1 210 0 0
 70 44252.000 72470.000 0 0 56.000 44.000 2464.000 49.638 0 1 1 210 0 0
 71 44167.000 72249.000 0 0 56.000 44.000 2464.000 49.638 0 1 1 210 0 0
 72 43674.000 73090.000 0 0 56.000 42.000 2352.000 48.497 0 1 1 210 0 0
 73 43617.000 72926.000 0 0 56.000 42.000 2352.000 48.497 0 1 1 210 0 0
 74 44104.000 72074.000 0 0 56.000 44.000 2464.000 49.638 0 1 1 210 0 0
 75 43519.000 72644.000 0 0 56.000 42.000 2352.000 48.497 0 1 1 210 0 0
 76 44076.000 71957.000 0 0 56.000 44.000 2464.000 49.638 0 1 1 210 0 0
 77 44006.000 71740.000 0 0 56.000 44.000 2464.000 49.638 0 1 1 210 0 0
 78 43435.000 72409.000 0 0 56.000 42.000 2352.000 48.497 0 1 1 210 0 0
 79 43940.000 71573.000 0 0 56.000 44.000 2464.000 49.638 0 1 1 210 0 0
 80 43376.000 72220.000 0 0 56.000 44.000 2464.000 49.638 0 1 1 210 0 0
 81 43311.000 72084.000 0 0 56.000 44.000 2464.000 49.638 0 1 1 210 0 0
 82 43798.000 71170.000 0 0 56.000 44.000 2464.000 49.638 0 1 1 210 0 0
 83 97361.000 162922.000 0 0 0.000 0.000 0.000 0.142 0 1 0 0 0 0
 84 43278.000 71943.000 0 0 56.000 44.000 2464.000 49.638 0 1 1 210 0 0
 85 43758.000 71028.000 0 0 56.000 44.000 2464.000 49.638 0 1 1 210 0 0
 86 43254.000 71884.000 0 0 56.000 44.000 2464.000 49.638 0 1 1 210 0 0
 87 43186.000 71688.000 0 0 56.000 44.000 2464.000 49.638 0 1 1 210 0 0
 88 43144.000 71565.000 0 0 56.000 44.000 2464.000 49.638 0 1 1 210 0 0
 89 43688.000 70810.000 0 0 56.000 44.000 2464.000 49.638 0 1 1 210 0 0
 90 43068.000 71358.000 0 0 56.000 44.000 2464.000 49.638 0 1 1 210 0 0
 91 43560.000 70460.000 0 0 56.000 44.000 2464.000 49.638 0 1 1 210 0 0
 92 43560.000 70463.000 0 0 56.000 44.000 2464.000 49.638 0 1 1 210 0 0
 93 43031.000 71243.000 0 0 56.000 44.000 2464.000 49.638 0 1 1 210 0 0
 94 42972.000 71148.000 0 0 56.000 44.000 2464.000 49.638 0 1 1 210 0 0
 95 43372.000 69885.000 0 0 56.000 44.000 2464.000 49.638 0 1 1 210 0 0
 96 42929.000 70951.000 0 0 56.000 44.000 2464.000 49.638 0 1 1 210 0 0
 97 42881.000 70803.000 0 0 56.000 44.000 2464.000 49.638 0 1 1 210 0 0
 98 42843.000 70667.000 0 0 56.000 44.000 2464.000 49.638 0 1 1 210 0 0
 99 43372.000 69885.000 0 0 56.000 44.000 2464.000 49.638 0 1 1 210 0 0
 100 43271.000 69598.000 0 0 56.000 44.000 2464.000 49.638 0 1 1 210 0 0
 101 42750.000 70457.000 0 0 56.000 44.000 2464.000 49.638 0 1 1 210 0 0
 102 43218.000 69431.000 0 0 56.000 44.000 2464.000 49.638 0 1 1 210 0 0
 103 42678.000 70229.000 0 0 56.000 44.000 2464.000 49.638 0 1 1 210 0 0
 104 43147.000 69217.000 0 0 54.000 44.000 2376.000 48.744 0 1 1 210 0 0
 105 42594.000 69994.000 0 0 56.000 44.000 2464.000 49.638 0 1 1 210 0 0
 106 42560.000 69829.000 0 0 56.000 44.000 2464.000 49.638 0 1 1 210 0 0
 107 42534.000 69760.000 0 0 56.000 44.000 2464.000 49.638 0 1 1 210 0 0
 108 43013.000 68830.000 0 0 54.000 44.000 2376.000 48.744 0 1 1 210 0 0
 109 42945.000 68630.000 0 0 54.000 46.000 2484.000 49.839 0 1 1 210 0 0
 110 42912.000 68516.000 0 0 54.000 46.000 2484.000 49.839 0 1 1 210 0 0
 111 112323.000 35563.000 0 0 0.000 0.000 0.000 200000.000 0 1 0 200 0 0
 112 42315.000 69130.000 0 0 56.000 44.000 2464.000 49.638 0 1 1 210 0 0
 113 42880.000 68395.000 0 0 54.000 46.000 2484.000 49.839 0 1 1 210 0 0
 114 42307.000 69061.000 0 0 56.000 44.000 2464.000 49.638 0 1 1 210 0 0
 115 42251.000 68943.000 0 0 56.000 44.000 2464.000 49.638 0 1 1 210 0 0
 116 42808.000 68170.000 0 0 54.000 46.000 2484.000 49.839 0 1 1 210 0 0
 117 42662.000 67729.000 0 0 54.000 46.000 2484.000 49.839 0 1 1 210 0 0
 118 42661.000 67729.000 0 0 54.000 46.000 2484.000 49.839 0 1 1 210 0 0
 119 42126.000 68554.000 0 0 54.000 44.000 2376.000 48.744 0 1 1 210 0 0
 120 42588.000 67554.000 0 0 54.000 46.000 2484.000 49.839 0 1 1 210 0 0
 121 42059.000 68349.000 0 0 54.000 44.000 2376.000 48.744 0 1 1 210 0 0
 122 42026.000 68267.000 0 0 54.000 46.000 2484.000 49.839 0 1 1 210 0 0
 123 42547.000 67408.000 0 0 54.000 46.000 2484.000 49.839 0 1 1 210 0 0
 124 41963.000 68063.000 0 0 54.000 46.000 2484.000 49.839 0 1 1 210 0 0
 125 42491.000 67210.000 0 0 54.000 46.000 2484.000 49.839 0 1 1 210 0 0
 126 41916.000 67917.000 0 0 54.000 46.000 2484.000 49.839 0 1 1 210 0 0
 127 42433.000 67037.000 0 0 54.000 46.000 2484.000 49.839 0 1 1 210 0 0
 128 41894.000 67854.000 0 0 54.000 46.000 2484.000 49.839 0 1 1 210 0 0
 129 97499.000 33414.000 0 0 0.000 0.000 0.000 0.128 0 1 0 0 0 0
 130 41837.000 67667.000 0 0 54.000 46.000 2484.000 49.839 0 1 1 210 0 0
 131 41790.000 67553.000 0 0 54.000 46.000 2484.000 49.839 0 1 1 210 0 0
 132 42329.000 66725.000 0 0 54.000 46.000 2484.000 49.839 0 1 1 210 0 0
 133 41741.000 67362.000 0 0 54.000 46.000 2484.000 49.839 0 1 1 210 0 0
 134 42231.000 66441.000 0 0 56.000 46.000 2576.000 50.754 0 1 1 210 0 0
 135 41637.000 67136.000 0 0 54.000 46.000 2484.000 49.839 0 1 1 210 0 0
 136 42186.000 66278.000 0 0 56.000 46.000 2576.000 50.754 0 1 1 210 0 0
 137 41621.000 67030.000 0 0 54.000 46.000 2484.000 49.839 0 1 1 210 0 0
 138 42094.000 66012.000 0 0 56.000 46.000 2576.000 50.754 0 1 1 210 0 0
 139 41570.000 66899.000 0 0 54.000 46.000 2484.000 49.839 0 1 1 210 0 0
 140 41512.000 66685.000 0 0 54.000 46.000 2484.000 49.839 0 1 1 210 0 0
 141 42053.000 65847.000 0 0 56.000 46.000 2576.000 50.754 0 1 1 210 0 0
 142 41458.000 66473.000 0 0 54.000 46.000 2484.000 49.839 0 1 1 210 0 0
 143 41974.000 65618.000 0 0 56.000 46.000 2576.000 50.754 0 1 1 210 0 0
 144 56917.000 151722.000 0 0 51.000 54.000 2754.000 52.478 0 1 2 210 0 0
 145 41378.000 66282.000 0 0 54.000 46.000 2484.000 49.839 0 1 1 210 0 0
 146 41333.000 66110.000 0 0 56.000 46.000 2576.000 50.754 0 1 1 210 0 0
 147 41294.000 65998.000 0 0 56.000 46.000 2576.000 50.754 0 1 1 210 0 0
 148 41875.000 65285.000 0 0 56.000 46.000 2576.000 50.754 0 1 1 210 0 0
 149 56516.000 151829.000 0 0 52.000 54.000 2808.000 52.990 0 1 2 210 0 0
 150 41777.000 64958.000 0 0 56.000 46.000 2576.000 50.754 0 1 1 210 0 0
 151 41220.000 65809.000 0 0 56.000 46.000 2576.000 50.754 0 1 1 210 0 0
 152 41767.000 64967.000 0 0 56.000 46.000 2576.000 50.754 0 1 1 210 0 0
 153 56303.000 151889.000 0 0 52.000 54.000 2808.000 52.990 0 1 2 210 0 0
 154 41160.000 65559.000 0 0 56.000 46.000 2576.000 50.754 0 1 1 210 0 0
 155 41674.000 64626.000 0 0 56.000 46.000 2576.000 50.754 0 1 1 210 0 0
 156 56179.000 151910.000 0 0 52.000 54.000 2808.000 52.990 0 1 2 210 0 0
 157 56065.000 151934.000 0 0 52.000 54.000 2808.000 52.990 0 1 2 210 0 0
 158 41129.000 65613.000 0 0 56.000 46.000 2576.000 50.754 0 1 1 210 0 0
 159 41077.000 65307.000 0 0 56.000 46.000 2576.000 50.754 0 1 1 210 0 0
 160 41609.000 64469.000 0 0 56.000 46.000 2576.000 50.754 0 1 1 210 0 0
 161 55804.000 152014.000 0 0 52.000 54.000 2808.000 52.990 0 1 2 210 0 0
 162 41542.000 64252.000 0 0 56.000 48.000 2688.000 51.845 0 1 1 210 0 0
 163 40987.000 65042.000 0 0 56.000 46.000 2576.000 50.754 0 1 1 210 0 0
 164 41512.000 64149.000 0 0 56.000 48.000 2688.000 51.845 0 1 1 210 0 0
 165 40889.000 64693.000 0 0 56.000 46.000 2576.000 50.754 0 1 1 210 0 0
 166 41449.000 63938.000 0 0 56.000 48.000 2688.000 51.845 0 1 1 210 0 0
 167 40828.000 64557.000 0 0 56.000 46.000 2576.000 50.754 0 1 1 210 0 0
 168 41371.000 63707.000 0 0 56.000 48.000 2688.000 51.845 0 1 1 210 0 0
 169 40756.000 64333.000 0 0 56.000 46.000 2576.000 50.754 0 1 1 210 0 0
 170 41327.000 63541.000 0 0 56.000 48.000 2688.000 51.845 0 1 1 210 0 0
 171 54894.000 152230.000 0 0 52.000 52.000 2704.000 52.000 0 1 2 210 0 0
 172 41257.000 63331.000 0 0 56.000 48.000 2688.000 51.845 0 1 1 210 0 0
 173 40636.000 64002.000 0 0 56.000 46.000 2576.000 50.754 0 1 1 210 0 0
 174 40602.000 63810.000 0 0 56.000 48.000 2688.000 51.845 0 1 1 210 0 0
 175 54575.000 152309.000 0 0 52.000 52.000 2704.000 52.000 0 1 2 210 0 0
 176 41115.000 62858.000 0 0 56.000 48.000 2688.000 51.845 0 1 1 210 0 0
 177 41074.000 62718.000 0 0 56.000 48.000 2688.000 51.845 0 1 1 210 0 0
 178 54325.000 152379.000 0 0 52.000 52.000 2704.000 52.000 0 1 2 210 0 0
 179 40529.000 63544.000 0 0 56.000 48.000 2688.000 51.845 0 1 1 210 0 0
 180 40442.000 63365.000 0 0 56.000 48.000 2688.000 51.845 0 1 1 210 0 0
 181 40941.000 62313.000 0 0 56.000 48.000 2688.000 51.845 0 1 1 210 0 0
 182 40950.000 62362.000 0 0 56.000 48.000 2688.000 51.845 0 1 1 210 0 0
 183 40397.000 63188.000 0 0 56.000 48.000 2688.000 51.845 0 1 1 210 0 0
 184 40907.000 62200.000 0 0 56.000 48.000 2688.000 51.845 0 1 1 210 0 0
 185 40308.000 62929.000 0 0 56.000 48.000 2688.000 51.845 0 1 1 210 0 0
 186 40276.000 62814.000 0 0 56.000 48.000 2688.000 51.845 0 1 1 210 0 0
 187 40780.000 61772.000 0 0 56.000 48.000 2688.000 51.845 0 1 1 210 0 0
 188 53248.000 152642.000 0 0 50.000 52.000 2600.000 50.990 0 1 2 210 0 0
 189 40749.000 61656.000 0 0 54.000 48.000 2592.000 50.911 0 1 1 210 0 0
 190 40192.000 62547.000 0 0 56.000 48.000 2688.000 51.845 0 1 1 210 0 0
 191 40692.000 61490.000 0 0 54.000 48.000 2592.000 50.911 0 1 1 210 0 0
 192 53538.000 153139.000 0 0 52.000 52.000 2704.000 52.000 0 1 2 210 0 0
 193 40639.000 61274.000 0 0 54.000 48.000 2592.000 50.911 0 1 1 210 0 0
 194 53707.000 152425.000 0 0 50.000 52.000 2600.000 50.990 0 1 2 210 0 0
 195 40114.000 62271.000 0 0 56.000 48.000 2688.000 51.845 0 1 1 210 0 0
 196 40072.000 62157.000 0 0 56.000 48.000 2688.000 51.845 0 1 1 210 0 0
 197 40019.000 61930.000 0 0 56.000 48.000 2688.000 51.845 0 1 1 210 0 0
 198 40562.000 61058.000 0 0 54.000 48.000 2592.000 50.911 0 1 1 210 0 0
 199 52678.000 152780.000 0 0 50.000 54.000 2700.000 51.961 0 1 2 210 0 0
 200 39896.000 61607.000 0 0 56.000 48.000 2688.000 51.845 0 1 1 210 0 0
 201 40367.000 60412.000 0 0 54.000 46.000 2484.000 49.839 0 1 1 210 0 0
 202 40326.000 60270.000 0 0 54.000 46.000 2484.000 49.839 0 1 1 210 0 0
 203 40245.000 60006.000 0 0 54.000 46.000 2484.000 49.839 0 1 1 210 0 0
 204 39622.000 60591.000 0 0 54.000 48.000 2592.000 50.911 0 1 1 210 0 0
 205 40219.000 59898.000 0 0 54.000 46.000 2484.000 49.839 0 1 1 210 0 0
 206 40139.000 59624.000 0 0 54.000 46.000 2484.000 49.839 0 1 1 210 0 0
 207 51465.000 153079.000 0 0 50.000 54.000 2700.000 51.961 0 1 2 210 0 0
 208 40081.000 59447.000 0 0 54.000 48.000 2592.000 50.911 0 1 1 210 0 0
 209 39986.000 59270.000 0 0 54.000 48.000 2592.000 50.911 0 1 1 210 0 0
 210 39989.000 59106.000 0 0 54.000 48.000 2592.000 50.911 0 1 1 210 0 0
 211 50991.000 153176.000 0 0 50.000 54.000 2700.000 51.961 0 1 2 210 0 0
 212 39963.000 58999.000 0 0 54.000 48.000 2592.000 50.911 0 1 1 210 0 0
 213 39370.000 59788.000 0 0 54.000 48.000 2592.000 50.911 0 1 1 210 0 0
 214 50791.000 153235.000 0 0 50.000 54.000 2700.000 51.961 0 1 2 210 0 0
 215 39898.000 58766.000 0 0 54.000 48.000 2592.000 50.911 0 1 1 210 0 0
 216 39284.000 59522.000 0 0 54.000 46.000 2484.000 49.839 0 1 1 210 0 0
 217 39738.000 58423.000 0 0 54.000 48.000 2592.000 50.911 0 1 1 210 0 0
 218 39248.000 59427.000 0 0 54.000 46.000 2484.000 49.839 0 1 1 210 0 0
 219 39779.000 58302.000 0 0 54.000 48.000 2592.000 50.911 0 1 1 210 0 0
 220 39640.000 57928.000 0 0 54.000 48.000 2592.000 50.911 0 1 1 210 0 0
 221 38984.000 58531.000 0 0 54.000 48.000 2592.000 50.911 0 1 1 210 0 0
 222 49477.000 153557.000 0 0 52.000 54.000 2808.000 52.990 0 1 2 210 0 0
 223 39514.000 57540.000 0 0 54.000 48.000 2592.000 50.911 0 1 1 210 0 0
 224 49232.000 153594.000 0 0 52.000 54.000 2808.000 52.990 0 1 2 210 0 0
 225 49087.000 153609.000 0 0 52.000 54.000 2808.000 52.990 0 1 2 210 0 0
 226 66711.000 33430.000 0 0 0.000 0.000 0.000 0.206 0 1 0 0 0 0
 227 48593.000 153740.000 0 0 52.000 54.000 2808.000 52.990 0 1 2 210 0 0
 228 38707.000 57560.000 0 0 54.000 48.000 2592.000 50.911 0 1 1 210 0 0
 229 38664.000 57401.000 0 0 54.000 48.000 2592.000 50.911 0 1 1 210 0 0
 230 48430.000 153771.000 0 0 52.000 54.000 2808.000 52.990 0 1 2 210 0 0
 231 48273.000 153820.000 0 0 52.000 54.000 2808.000 52.990 0 1 2 210 0 0
 232 38594.000 57161.000 0 0 54.000 48.000 2592.000 50.911 0 1 1 210 0 0
 233 39170.000 56285.000 0 0 56.000 48.000 2688.000 51.845 0 1 1 210 0 0
 234 39127.000 56188.000 0 0 56.000 48.000 2688.000 51.845 0 1 1 210 0 0
 235 48093.000 153842.000 0 0 52.000 52.000 2704.000 52.000 0 1 2 210 0 0
 236 47887.000 153915.000 0 0 52.000 52.000 2704.000 52.000 0 1 2 210 0 0
 237 47704.000 153944.000 0 0 52.000 52.000 2704.000 52.000 0 1 2 210 0 0
 238 47401.000 154006.000 0 0 52.000 52.000 2704.000 52.000 0 1 2 210 0 0
 239 38281.000 56092.000 0 0 54.000 48.000 2592.000 50.911 0 1 1 210 0 0
 240 47308.000 154009.000 0 0 52.000 52.000 2704.000 52.000 0 1 2 210 0 0
 241 47077.000 154090.000 0 0 52.000 52.000 2704.000 52.000 0 1 2 210 0 0
 242 46920.000 154126.000 0 0 52.000 52.000 2704.000 52.000 0 1 2 210 0 0
 243 46605.000 154181.000 0 0 52.000 52.000 2704.000 52.000 0 1 2 210 0 0
 244 46358.000 154234.000 0 0 52.000 52.000 2704.000 52.000 0 1 2 210 0 0
 245 38623.000 54356.000 0 0 56.000 48.000 2688.000 51.845 0 1 1 210 0 0
 246 46195.000 154278.000 0 0 52.000 52.000 2704.000 52.000 0 1 2 210 0 0
 247 38496.000 53922.000 0 0 56.000 48.000 2688.000 51.845 0 1 1 210 0 0
 248 45966.000 154316.000 0 0 52.000 52.000 2704.000 52.000 0 1 2 210 0 0
 249 37856.000 54595.000 0 0 56.000 48.000 2688.000 51.845 0 1 1 210 0 0
 250 38471.000 53734.000 0 0 54.000 50.000 2700.000 51.961 0 1 1 210 0 0
 251 45317.000 154470.000 0 0 52.000 52.000 2704.000 52.000 0 1 2 210 0 0
 252 37736.000 54188.000 0 0 56.000 48.000 2688.000 51.845 0 1 1 210 0 0
 253 45128.000 154506.000 0 0 52.000 52.000 2704.000 52.000 0 1 2 210 0 0
 254 44937.000 154539.000 0 0 52.000 52.000 2704.000 52.000 0 1 2 210 0 0
 255 38204.000 52810.000 0 0 54.000 50.000 2700.000 51.961 0 1 1 210 0 0
 256 44613.000 154629.000 0 0 52.000 52.000 2704.000 52.000 0 1 2 210 0 0
 257 38138.000 52595.000 0 0 54.000 50.000 2700.000 51.961 0 1 1 210 0 0
 258 37518.000 53371.000 0 0 56.000 48.000 2688.000 51.845 0 1 1 210 0 0
 259 44334.000 154678.000 0 0 52.000 52.000 2704.000 52.000 0 1 2 210 0 0
 260 44015.000 154738.000 0 0 52.000 52.000 2704.000 52.000 0 1 2 210 0 0
 261 37324.000 52681.000 0 0 54.000 50.000 2700.000 51.961 0 1 1 210 0 0
 262 43828.000 154784.000 0 0 52.000 52.000 2704.000 52.000 0 1 2 210 0 0
 263 43664.000 154807.000 0 0 52.000 52.000 2704.000 52.000 0 1 2 210 0 0
 264 43379.000 154885.000 0 0 52.000 52.000 2704.000 52.000 0 1 2 210 0 0
 265 37136.000 52028.000 0 0 54.000 50.000 2700.000 51.961 0 1 1 210 0 0
 266 43097.000 154941.000 0 0 52.000 52.000 2704.000 52.000 0 1 2 210 0 0
 267 37646.000 50834.000 0 0 54.000 50.000 2700.000 51.961 0 1 1 210 0 0
 268 42876.000 154981.000 0 0 54.000 52.000 2808.000 52.990 0 1 2 210 0 0
 269 37594.000 50606.000 0 0 54.000 50.000 2700.000 51.961 0 1 1 210 0 0
 270 37553.000 50355.000 0 0 54.000 50.000 2700.000 51.961 0 1 1 210 0 0
 271 42685.000 155021.000 0 0 54.000 52.000 2808.000 52.990 0 1 2 210 0 0
 272 42403.000 155074.000 0 0 54.000 52.000 2808.000 52.990 0 1 2 210 0 0
 273 42347.000 155096.000 0 0 54.000 52.000 2808.000 52.990 0 1 2 210 0 0
 274 36803.000 50764.000 0 0 54.000 50.000 2700.000 51.961 0 1 1 210 0 0
 275 42158.000 155133.000 0 0 54.000 52.000 2808.000 52.990 0 1 2 210 0 0
 276 36780.000 50664.000 0 0 54.000 50.000 2700.000 51.961 0 1 1 210 0 0
 277 37354.000 49657.000 0 0 54.000 50.000 2700.000 51.961 0 1 1 210 0 0
 278 36642.000 50160.000 0 0 54.000 50.000 2700.000 51.961 0 1 1 210 0 0
 279 41538.000 155262.000 0 0 54.000 52.000 2808.000 52.990 0 1 2 210 0 0
 280 109745.000 19467.000 0 0 0.000 0.000 0.000 0.240 0 1 0 0 0 0
 281 41244.000 155309.000 0 0 54.000 52.000 2808.000 52.990 0 1 2 210 0 0
 282 148571.000 164746.000 0 0 0.000 0.000 0.000 0.203 0 1 0 0 0 0
 283 41055.000 155350.000 0 0 54.000 52.000 2808.000 52.990 0 1 2 210 0 0
 284 36484.000 49514.000 0 0 54.000 50.000 2700.000 51.961 0 1 1 210 0 0
 285 36443.000 49383.000 0 0 54.000 50.000 2700.000 51.961 0 1 1 210 0 0
 286 36400.000 49214.000 0 0 54.000 50.000 2700.000 51.961 0 1 1 210 0 0
 287 36982.000 48170.000 0 0 54.000 50.000 2700.000 51.961 0 1 1 210 0 0
 288 40421.000 155467.000 0 0 54.000 52.000 2808.000 52.990 0 1 2 210 0 0
 289 36256.000 48655.000 0 0 54.000 50.000 2700.000 51.961 0 1 1 210 0 0
 290 36233.000 48551.000 0 0 54.000 50.000 2700.000 51.961 0 1 1 210 0 0
 291 36830.000 47552.000 0 0 54.000 50.000 2700.000 51.961 0 1 1 210 0 0
 292 36190.000 48415.000 0 0 54.000 50.000 2700.000 51.961 0 1 1 210 0 0
 293 36142.000 48215.000 0 0 54.000 50.000 2700.000 51.961 0 1 1 210 0 0
 294 36119.000 48141.000 0 0 54.000 50.000 2700.000 51.961 0 1 1 210 0 0
 295 36053.000 47869.000 0 0 54.000 50.000 2700.000 51.961 0 1 1 210 0 0
 296 35989.000 47644.000 0 0 54.000 50.000 2700.000 51.961 0 1 1 210 0 0
 297 39057.000 155730.000 0 0 54.000 50.000 2700.000 51.961 0 1 2 210 0 0
 298 35923.000 47407.000 0 0 54.000 50.000 2700.000 51.961 0 1 1 210 0 0
 299 35906.000 47300.000 0 0 54.000 50.000 2700.000 51.961 0 1 1 210 0 0
 300 38767.000 155798.000 0 0 54.000 50.000 2700.000 51.961 0 1 2 210 0 0
 301 35823.000 47083.000 0 0 54.000 50.000 2700.000 51.961 0 1 1 210 0 0
 302 35826.000 46900.000 0 0 54.000 50.000 2700.000 51.961 0 1 1 210 0 0
 303 148632.000 167424.000 0 0 0.000 0.000 0.000 0.211 0 1 0 0 0 0
 304 35753.000 46663.000 0 0 54.000 50.000 2700.000 51.961 0 1 1 210 0 0
 305 35686.000 46447.000 0 0 54.000 50.000 2700.000 51.961 0 1 1 210 0 0
 306 35632.000 46246.000 0 0 54.000 52.000 2808.000 52.990 0 1 1 210 0 0
 307 35469.000 45644.000 0 0 54.000 52.000 2808.000 52.990 0 1 1 210 0 0
 308 35462.000 45543.000 0 0 54.000 52.000 2808.000 52.990 0 1 1 210 0 0
 309 35426.000 45370.000 0 0 54.000 52.000 2808.000 52.990 0 1 1 210 0 0
 310 35373.000 45054.000 0 0 54.000 52.000 2808.000 52.990 0 1 1 210 0 0
 311 35288.000 44806.000 0 0 54.000 52.000 2808.000 52.990 0 1 1 210 0 0
 312 35242.000 44622.000 0 0 53.000 52.000 2756.000 52.497 0 1 1 210 0 0
 313 35203.000 44466.000 0 0 52.000 52.000 2704.000 52.000 0 1 1 210 0 0
 314 35064.000 44148.000 0 0 52.000 52.000 2704.000 52.000 0 1 1 210 0 0
 315 35061.000 43881.000 0 0 52.000 52.000 2704.000 52.000 0 1 1 210 0 0
 316 34915.000 43226.000 0 0 52.000 52.000 2704.000 52.000 0 1 1 210 0 0
 317 183371.000 123137.000 0 0 0.000 0.000 0.000 0.143 0 1 0 0 0 0
 318 34866.000 43024.000 0 0 52.000 52.000 2704.000 52.000 0 1 1 210 0 0
 319 34757.000 42726.000 0 0 52.000 52.000 2704.000 52.000 0 1 1 210 0 0
 320 34751.000 42566.000 0 0 52.000 52.000 2704.000 52.000 0 1 1 210 0 0
 321 35309.000 41241.000 0 0 54.000 50.000 2700.000 51.961 0 1 1 210 0 0
 322 33686.000 156726.000 0 0 52.000 52.000 2704.000 52.000 0 1 2 210 0 0
 323 34608.000 41823.000 0 0 52.000 50.000 2600.000 50.990 0 1 1 210 0 0
 324 153385.000 169298.000 0 0 0.000 0.000 0.000 0.216 0 1 0 0 0 0
 325 152910.000 169562.000 0 0 0.000 0.000 0.000 0.170 0 1 0 0 0 0
 326 34538.000 41518.000 0 0 52.000 50.000 2600.000 50.990 0 1 1 210 0 0
 327 33357.000 156787.000 0 0 54.000 52.000 2808.000 52.990 0 1 2 210 0 0
 328 33164.000 156818.000 0 0 54.000 52.000 2808.000 52.990 0 1 2 210 0 0
 329 34434.000 41280.000 0 0 54.000 50.000 2700.000 51.961 0 1 1 210 0 0
 330 34405.000 41112.000 0 0 54.000 50.000 2700.000 51.961 0 1 1 210 0 0
 331 34356.000 40814.000 0 0 54.000 50.000 2700.000 51.961 0 1 1 210 0 0
 332 32295.000 156955.000 0 0 0.000 0.000 0.000 0.130 0 1 0 0 0 0
 333 31394.000 157109.000 0 0 0.000 0.000 0.000 0.145 0 1 0 0 0 0
 334 31149.000 157151.000 0 0 0.000 0.000 0.000 0.134 0 1 0 0 0 0
 335 30958.000 157187.000 0 0 0.000 0.000 0.000 0.137 0 1 0 0 0 0
 336 30851.000 157198.000 0 0 0.000 0.000 0.000 0.128 0 1 0 0 0 0
 337 33322.000 37289.000 0 0 54.000 52.000 2808.000 52.990 0 1 1 210 0 0
 338 33415.000 36653.000 0 0 54.000 52.000 2808.000 52.990 0 1 1 210 0 0
 339 32923.000 35495.000 0 0 54.000 52.000 2808.000 52.990 0 1 1 210 0 0
 340 26819.000 157824.000 0 0 0.000 0.000 0.000 0.129 0 1 0 0 0 0
 341 157557.000 174778.000 0 0 0.000 0.000 0.000 0.200 0 1 0 0 0 0
 342 22762.000 158060.000 0 0 54.000 50.000 2700.000 51.961 0 1 3 200 0 0
 343 22530.000 158077.000 0 0 56.000 48.000 2688.000 51.845 0 1 3 200 0 0
 344 50484.000 87371.000 0 0 9.081 35.606 323.359 17.982 0 1 1 210 0 0
 345 50317.000 87334.000 0 0 6.073 23.821 144.673 12.028 0 1 1 210 0 0
 346 50141.000 87334.000 0 0 6.679 26.294 175.646 13.253 0 1 1 210 0 0
 347 50156.000 87281.000 0 0 18.292 71.683 1311.296 36.211 0 1 1 210 0 0
 348 49990.000 87242.000 0 0 42.812 167.809 7184.262 84.760 0 1 1 210 0 0
 349 50015.000 87143.000 0 0 3.080 11.977 36.900 6.074 0 1 1 210 0 0
 350 49850.000 87103.000 0 0 94.596 367.818 34794.340 186.532 0 1 1 210 0 0
 351 49903.000 86891.000 0 0 11.939 45.626 544.764 23.340 0 1 1 210 0 0
 352 49658.000 87171.000 0 0 28.905 113.425 3278.643 57.259 0 1 1 210 0 0
 353 49676.000 87096.000 0 0 2.473 9.646 23.863 4.884 0 1 1 210 0 0
 354 49685.000 87060.000 0 0 2.480 9.644 23.925 4.891 0 1 1 210 0 0
 355 49747.000 86824.000 0 0 101.063 385.445 38954.570 197.369 0 1 1 210 0 0
 356 49574.000 86807.000 0 0 5.058 19.332 97.785 9.888 0 1 1 210 0 0
 357 49607.000 86682.000 0 0 57.461 217.419 12493.343 111.773 0 1 1 210 0 0
 358 49670.000 86438.000 0 0 16.254 60.322 980.528 31.313 0 1 1 210 0 0
 359 49690.000 86364.000 0 0 5.884 21.710 127.764 11.303 0 1 1 210 0 0
 360 49461.000 86564.000 0 0 6.442 24.231 156.101 12.494 0 1 1 210 0 0
 361 49536.000 86285.000 0 0 73.636 270.940 19951.112 141.248 0 1 1 210 0 0
 362 49575.000 86137.000 0 0 3.321 12.082 40.138 6.335 0 1 1 210 0 0
 363 49378.000 86210.000 0 0 2.643 9.703 25.652 5.064 0 1 1 210 0 0
 364 49426.000 86041.000 0 0 85.657 310.322 26581.565 163.038 0 1 1 210 0 0
 365 49321.000 85778.000 0 0 90.675 323.113 29298.538 171.168 0 1 1 210 0 0
 366 49368.000 85602.000 0 0 4.139 14.558 60.272 7.763 0 1 1 210 0 0
 367 49193.000 85598.000 0 0 49.017 172.918 8475.980 92.065 0 1 1 210 0 0
 368 49019.000 84966.000 0 0 57.656 195.511 11272.561 106.172 0 1 1 210 0 0
 369 48879.000 84838.000 0 0 10.902 36.760 400.786 20.019 0 1 1 210 0 0
 370 48432.000 83386.000 0 0 59.735 185.407 11075.315 105.239 0 1 1 210 0 0
 371 48262.000 83364.000 0 0 10.368 32.245 334.334 18.284 0 1 1 210 0 0
 372 48286.000 83286.000 0 0 32.047 99.156 3177.750 56.371 0 1 1 210 0 0
 373 48344.000 83098.000 0 0 31.597 96.567 3051.321 55.238 0 1 1 210 0 0
 374 48381.000 82986.000 0 0 8.973 27.223 244.276 15.629 0 1 1 210 0 0
 375 48212.000 82964.000 0 0 81.669 248.256 20274.829 142.389 0 1 1 210 0 0
 376 48069.000 82847.000 0 0 33.716 102.072 3441.467 58.664 0 1 1 210 0 0
 377 46643.000 80705.000 0 0 40.699 112.546 4580.526 67.679 0 1 1 210 0 0
 378 46505.000 80591.000 0 0 53.037 146.177 7752.890 88.050 0 1 1 210 0 0
 379 45401.000 75147.000 0 0 70.293 154.427 10855.252 104.188 0 1 1 210 0 0
 380 45256.000 75053.000 0 0 78.929 173.201 13670.709 116.921 0 1 1 210 0 0
 381 45121.000 74940.000 0 0 34.839 76.294 2658.109 51.556 0 1 1 210 0 0
 382 44580.000 72887.000 0 0 98.782 201.913 19945.564 141.228 0 1 1 210 0 0
 383 44444.000 72778.000 0 0 86.128 175.771 15138.854 123.040 0 1 1 210 0 0
 384 44310.000 72663.000 0 0 41.935 85.429 3582.525 59.854 0 1 1 210 0 0
 385 44145.000 71464.000 0 0 43.774 85.681 3750.679 61.242 0 1 1 210 0 0
 386 44012.000 71351.000 0 0 92.015 179.820 16546.241 128.632 0 1 1 210 0 0
 387 43871.000 71254.000 0 0 77.167 150.672 11626.942 107.828 0 1 1 210 0 0
 388 42717.000 69778.000 0 0 17.387 32.955 572.996 23.937 0 1 1 210 0 0
 389 42605.000 69628.000 0 0 87.359 165.084 14421.723 120.090 0 1 1 210 0 0
 390 42495.000 69471.000 0 0 20.489 38.594 790.792 28.121 0 1 1 210 0 0
 391 55500.000 151913.000 0 0 34.841 29.866 1040.588 32.258 0 1 2 210 0 0
 392 55336.000 151996.000 0 0 144.572 124.187 17954.085 133.992 0 1 2 210 0 0
 393 55190.000 152096.000 0 0 119.872 103.108 12359.862 111.174 0 1 2 210 0 0
 394 55036.000 152187.000 0 0 30.023 25.868 776.673 27.868 0 1 2 210 0 0
 395 54280.000 152207.000 0 0 35.038 30.685 1075.169 32.789 0 1 2 210 0 0
 396 54139.000 152309.000 0 0 97.789 85.735 8384.017 91.564 0 1 2 210 0 0
 397 54073.000 152251.000 0 0 25.052 22.020 551.668 23.487 0 1 2 210 0 0
 398 53975.000 152393.000 0 0 130.599 114.725 14983.052 122.405 0 1 2 210 0 0
 399 41120.000 62035.000 0 0 12.735 19.751 251.552 15.860 0 1 1 210 0 0
 400 53809.000 152472.000 0 0 27.672 24.360 674.127 25.963 0 1 2 210 0 0
 401 40992.000 61921.000 0 0 52.939 82.035 4342.869 65.900 0 1 1 210 0 0
 402 41042.000 61839.000 0 0 18.296 28.268 517.217 22.742 0 1 1 210 0 0
 403 40881.000 61779.000 0 0 119.095 184.209 21938.547 148.116 0 1 1 210 0 0
 404 53279.000 152457.000 0 0 32.693 29.118 951.972 30.854 0 1 2 210 0 0
 405 40769.000 61633.000 0 0 51.500 79.505 4094.610 63.989 0 1 1 210 0 0
 406 40861.000 61492.000 0 0 16.617 25.520 424.106 20.593 0 1 1 210 0 0
 407 53119.000 152542.000 0 0 125.934 112.366 14150.789 118.957 0 1 2 210 0 0
 408 40757.000 61340.000 0 0 94.514 144.835 13689.073 117.000 0 1 1 210 0 0
 409 40825.000 61236.000 0 0 35.305 53.894 1902.768 43.620 0 1 1 210 0 0
 410 52970.000 152638.000 0 0 111.029 99.200 11014.229 104.948 0 1 2 210 0 0
 411 40651.000 61191.000 0 0 113.487 173.548 19695.616 140.341 0 1 1 210 0 0
 412 52817.000 152731.000 0 0 32.863 29.405 966.377 31.086 0 1 2 210 0 0
 413 52671.000 152600.000 0 0 15.124 13.608 205.822 14.346 0 1 2 210 0 0
 414 40548.000 61041.000 0 0 18.679 28.505 532.468 23.075 0 1 1 210 0 0
 415 52517.000 152688.000 0 0 108.610 97.881 10630.926 103.106 0 1 2 210 0 0
 416 40025.000 61540.000 0 0 79.280 123.631 9801.641 99.003 0 1 1 210 0 0
 417 40616.000 60623.000 0 0 69.839 105.324 7355.830 85.766 0 1 1 210 0 0
 418 52418.000 152829.000 0 0 17.721 15.961 282.874 16.818 0 1 2 210 0 0
 419 52330.000 152748.000 0 0 154.248 139.398 21501.987 146.635 0 1 2 210 0 0
 420 39942.000 61353.000 0 0 92.631 143.949 13334.314 115.474 0 1 1 210 0 0
 421 40002.000 61257.000 0 0 11.139 17.251 192.181 13.862 0 1 1 210 0 0
 422 40522.000 60460.000 0 0 151.638 228.099 34588.602 185.980 0 1 1 210 0 0
 423 52143.000 152810.000 0 0 167.081 151.412 25298.254 159.054 0 1 2 210 0 0
 424 39868.000 61154.000 0 0 59.590 92.242 5496.745 74.140 0 1 1 210 0 0
 425 39922.000 61069.000 0 0 42.920 66.233 2842.753 53.317 0 1 1 210 0 0
 426 40406.000 60325.000 0 0 121.722 182.835 22255.262 149.181 0 1 1 210 0 0
 427 40496.000 60188.000 0 0 45.798 68.452 3135.041 55.991 0 1 1 210 0 0
 428 52029.000 152936.000 0 0 12.684 11.494 145.797 12.074 0 1 2 210 0 0
 429 51979.000 152890.000 0 0 83.668 75.965 6355.950 79.724 0 1 2 210 0 0
 430 51891.000 152813.000 0 0 83.546 76.104 6358.284 79.738 0 1 2 210 0 0
 431 39765.000 60997.000 0 0 9.345 14.433 134.888 11.614 0 1 1 210 0 0
 432 39818.000 60915.000 0 0 93.681 144.246 13513.279 116.246 0 1 1 210 0 0
 433 40303.000 60170.000 0 0 21.005 31.483 661.332 25.716 0 1 1 210 0 0
 434 40382.000 60055.000 0 0 107.228 160.038 17160.641 130.998 0 1 1 210 0 0
 435 40457.000 59940.000 0 0 19.207 28.548 548.340 23.416 0 1 1 210 0 0
 436 51735.000 152899.000 0 0 159.760 145.764 23287.460 152.602 0 1 2 210 0 0
 437 39696.000 60789.000 0 0 9.395 14.449 135.762 11.651 0 1 1 210 0 0
 438 39721.000 60750.000 0 0 26.343 40.456 1065.745 32.645 0 1 1 210 0 0
 439 39803.000 60626.000 0 0 7.547 11.539 87.093 9.332 0 1 1 210 0 0
 440 40223.000 59985.000 0 0 13.423 20.052 269.178 16.406 0 1 1 210 0 0
 441 40271.000 59913.000 0 0 48.046 71.587 3439.518 58.647 0 1 1 210 0 0
 442 40347.000 59800.000 0 0 88.647 131.544 11661.101 107.986 0 1 1 210 0 0
 443 40406.000 59711.000 0 0 7.723 11.423 88.225 9.392 0 1 1 210 0 0
 444 51583.000 152993.000 0 0 104.159 95.164 9912.340 99.560 0 1 2 210 0 0
 445 39695.000 60477.000 0 0 94.730 144.541 13692.438 117.014 0 1 1 210 0 0
 446 40238.000 59657.000 0 0 143.116 212.001 30340.995 174.186 0 1 1 210 0 0
 447 40336.000 59511.000 0 0 31.055 45.762 1421.155 37.698 0 1 1 210 0 0
 448 51438.000 153089.000 0 0 20.353 18.617 378.932 19.466 0 1 2 210 0 0
 449 39631.000 60267.000 0 0 106.659 162.052 17284.506 131.470 0 1 1 210 0 0
 450 40079.000 59587.000 0 0 11.620 17.229 200.208 14.149 0 1 1 210 0 0
 451 40093.000 59567.000 0 0 13.563 20.096 272.580 16.510 0 1 1 210 0 0
 452 40169.000 59457.000 0 0 104.948 154.875 16253.967 127.491 0 1 1 210 0 0
 453 40259.000 59320.000 0 0 44.848 65.861 2953.799 54.348 0 1 1 210 0 0
 454 39521.000 60123.000 0 0 51.616 78.283 4040.704 63.566 0 1 1 210 0 0
 455 40031.000 59355.000 0 0 11.686 17.243 201.520 14.195 0 1 1 210 0 0
 456 40059.000 59313.000 0 0 33.156 48.847 1619.608 40.244 0 1 1 210 0 0
 457 40145.000 59187.000 0 0 99.778 146.331 14600.762 120.833 0 1 1 210 0 0
 458 40228.000 59064.000 0 0 15.694 22.915 359.637 18.964 0 1 1 210 0 0
 459 39971.000 59139.000 0 0 15.665 23.014 360.522 18.987 0 1 1 210 0 0
 460 40026.000 59060.000 0 0 84.393 123.629 10433.552 102.144 0 1 1 210 0 0
 461 40115.000 58927.000 0 0 92.539 134.924 12485.903 111.740 0 1 1 210 0 0
 462 50728.000 153131.000 0 0 94.233 87.390 8235.062 90.747 0 1 2 210 0 0
 463 39895.000 58948.000 0 0 19.682 28.818 567.223 23.816 0 1 1 210 0 0
 464 39984.000 58819.000 0 0 102.652 149.601 15356.978 123.923 0 1 1 210 0 0
 465 40059.000 58708.000 0 0 5.936 8.617 51.159 7.152 0 1 1 210 0 0
 466 50565.000 153210.000 0 0 107.137 99.535 10663.952 103.266 0 1 2 210 0 0
 467 50488.000 153139.000 0 0 25.478 23.739 604.831 24.593 0 1 2 210 0 0
 468 39398.000 59384.000 0 0 62.304 92.962 5791.992 76.105 0 1 1 210 0 0
 469 39856.000 58705.000 0 0 69.284 100.907 6991.315 83.614 0 1 1 210 0 0
 470 39983.000 58518.000 0 0 151.131 218.659 33046.338 181.786 0 1 1 210 0 0
 471 50411.000 153299.000 0 0 15.325 14.258 218.519 14.782 0 1 2 210 0 0
 472 50341.000 153234.000 0 0 94.417 88.075 8315.817 91.191 0 1 2 210 0 0
 473 50283.000 153181.000 0 0 15.291 14.295 218.598 14.785 0 1 2 210 0 0
 474 39298.000 59225.000 0 0 97.732 145.492 14219.270 119.244 0 1 1 210 0 0
 475 39364.000 59129.000 0 0 7.834 11.623 91.064 9.542 0 1 1 210 0 0
 476 39779.000 58514.000 0 0 7.952 11.543 91.801 9.581 0 1 1 210 0 0
 477 39883.000 58364.000 0 0 171.647 247.832 42539.921 206.252 0 1 1 210 0 0
 478 50146.000 153284.000 0 0 130.267 121.882 15877.299 126.005 0 1 2 210 0 0
 479 39182.000 59095.000 0 0 9.801 14.572 142.834 11.951 0 1 1 210 0 0
 480 39201.000 59065.000 0 0 9.808 14.568 142.893 11.953 0 1 1 210 0 0
 481 39261.000 58978.000 0 0 100.288 148.493 14892.239 122.033 0 1 1 210 0 0
 482 39780.000 58214.000 0 0 138.211 199.183 27529.505 165.920 0 1 1 210 0 0
 483 50024.000 153405.000 0 0 23.046 21.566 497.033 22.294 0 1 2 210 0 0
 484 49947.000 153332.000 0 0 125.273 117.570 14728.497 121.361 0 1 2 210 0 0
 485 49871.000 153261.000 0 0 15.314 14.413 220.740 14.857 0 1 2 210 0 0
 486 39168.000 58810.000 0 0 92.804 137.059 12719.687 112.781 0 1 1 210 0 0
 487 39646.000 58108.000 0 0 8.030 11.569 92.906 9.638 0 1 1 210 0 0
 488 39678.000 58062.000 0 0 52.274 75.189 3930.494 62.693 0 1 1 210 0 0
 489 49769.000 153399.000 0 0 84.472 79.461 6712.285 81.928 0 1 2 210 0 0
 490 39068.000 58656.000 0 0 7.925 11.680 92.567 9.621 0 1 1 210 0 0
 491 39172.000 58501.000 0 0 15.909 23.320 371.020 19.261 0 1 1 210 0 0
 492 49626.000 153497.000 0 0 10.254 9.656 99.024 9.951 0 1 2 210 0 0
 493 39061.000 58361.000 0 0 83.838 122.698 10286.839 101.424 0 1 1 210 0 0
 494 39117.000 58279.000 0 0 9.996 14.588 145.839 12.076 0 1 1 210 0 0
 495 39674.000 57473.000 0 0 75.427 106.994 8070.343 89.835 0 1 1 210 0 0
 496 38981.000 58176.000 0 0 102.249 149.176 15253.155 123.503 0 1 1 210 0 0
 497 39554.000 57345.000 0 0 100.194 141.983 14225.936 119.272 0 1 1 210 0 0
 498 39629.000 57238.000 0 0 30.749 43.411 1334.865 36.535 0 1 1 210 0 0
 499 38866.000 58042.000 0 0 10.053 14.648 147.270 12.135 0 1 1 210 0 0
 500 38881.000 58021.000 0 0 16.094 23.431 377.115 19.419 0 1 1 210 0 0
 501 38989.000 57864.000 0 0 10.096 14.619 147.599 12.149 0 1 1 210 0 0
 502 39420.000 57240.000 0 0 16.393 23.225 380.733 19.512 0 1 1 210 0 0
 503 39444.000 57206.000 0 0 12.304 17.411 214.248 14.637 0 1 1 210 0 0
 504 39539.000 57072.000 0 0 131.703 185.495 24430.445 156.302 0 1 1 210 0 0
 505 39657.000 56904.000 0 0 12.391 17.350 215.005 14.663 0 1 1 210 0 0
 506 38886.000 57713.000 0 0 93.249 134.765 12566.716 112.101 0 1 1 210 0 0
 507 39427.000 56936.000 0 0 107.346 150.989 16208.250 127.311 0 1 1 210 0 0
 508 39524.000 56797.000 0 0 84.917 118.867 10093.878 100.468 0 1 1 210 0 0
 509 38804.000 57533.000 0 0 128.252 184.816 23703.171 153.958 0 1 1 210 0 0
 510 38874.000 57431.000 0 0 10.200 14.646 149.397 12.222 0 1 1 210 0 0
 511 39323.000 56789.000 0 0 29.001 40.723 1181.054 34.366 0 1 1 210 0 0
 512 39415.000 56660.000 0 0 143.353 200.392 28726.847 169.489 0 1 1 210 0 0
 513 38683.000 57409.000 0 0 16.328 23.507 383.845 19.591 0 1 1 210 0 0
 514 38750.000 57311.000 0 0 98.226 140.935 13843.640 117.659 0 1 1 210 0 0
 515 39329.000 56486.000 0 0 196.080 273.393 53607.182 231.532 0 1 1 210 0 0
 516 38640.000 57174.000 0 0 41.056 58.825 2415.171 49.144 0 1 1 210 0 0
 517 38701.000 57082.000 0 0 78.177 111.658 8729.160 93.429 0 1 1 210 0 0
 518 39177.000 56406.000 0 0 6.267 8.744 54.805 7.403 0 1 1 210 0 0
 519 39256.000 56296.000 0 0 140.366 195.095 27384.959 165.484 0 1 1 210 0 0
 520 39336.000 56183.000 0 0 16.798 23.257 390.690 19.765 0 1 1 210 0 0
 521 38612.000 56913.000 0 0 109.468 155.963 17073.079 130.663 0 1 1 210 0 0
 522 38679.000 56817.000 0 0 20.704 29.401 608.746 24.672 0 1 1 210 0 0
 523 39164.000 56131.000 0 0 96.738 134.151 12977.678 113.919 0 1 1 210 0 0
 524 39291.000 55956.000 0 0 8.442 11.637 98.252 9.912 0 1 1 210 0 0
 525 38560.000 56690.000 0 0 124.571 176.719 22014.319 148.372 0 1 1 210 0 0
 526 39169.000 55833.000 0 0 59.285 81.654 4840.949 69.576 0 1 1 210 0 0
 527 39209.000 55780.000 0 0 14.834 20.392 302.510 17.392 0 1 1 210 0 0
 528 38502.000 56479.000 0 0 110.570 156.243 17275.955 131.438 0 1 1 210 0 0
 529 38569.000 56382.000 0 0 6.270 8.831 55.383 7.442 0 1 1 210 0 0
 530 39025.000 55742.000 0 0 8.483 11.688 99.163 9.958 0 1 1 210 0 0
 531 39092.000 55650.000 0 0 104.174 143.068 14904.203 122.082 0 1 1 210 0 0
 532 38443.000 56264.000 0 0 113.212 159.341 18039.558 134.311 0 1 1 210 0 0
 533 38954.000 55550.000 0 0 8.520 11.701 99.708 9.985 0 1 1 210 0 0
 534 38986.000 55504.000 0 0 38.392 52.645 2021.212 44.957 0 1 1 210 0 0
 535 39069.000 55393.000 0 0 87.677 119.762 10500.462 102.471 0 1 1 210 0 0
 536 38386.000 56051.000 0 0 122.198 171.315 20934.533 144.687 0 1 1 210 0 0
 537 38958.000 55254.000 0 0 70.784 96.563 6835.141 82.674 0 1 1 210 0 0
 538 38324.000 55846.000 0 0 105.831 147.828 15644.839 125.079 0 1 1 210 0 0
 539 38846.000 55121.000 0 0 8.602 11.722 100.847 10.042 0 1 1 210 0 0
 540 38955.000 54971.000 0 0 47.485 64.374 3056.827 55.288 0 1 1 210 0 0
 541 38255.000 55649.000 0 0 106.303 147.993 15732.301 125.428 0 1 1 210 0 0
 542 38861.000 54813.000 0 0 127.805 172.925 22100.806 148.663 0 1 1 210 0 0
 543 38207.000 55424.000 0 0 100.432 139.225 13982.722 118.248 0 1 1 210 0 0
 544 38751.000 54674.000 0 0 76.046 102.761 7814.620 88.400 0 1 1 210 0 0
 545 38834.000 54563.000 0 0 84.943 114.347 9713.069 98.554 0 1 1 210 0 0
 546 38134.000 55234.000 0 0 75.107 103.795 7795.824 88.293 0 1 1 210 0 0
 547 38187.000 55161.000 0 0 8.595 11.848 101.844 10.091 0 1 1 210 0 0
 548 38695.000 54465.000 0 0 15.275 20.565 314.140 17.724 0 1 1 210 0 0
 549 38737.000 54408.000 0 0 65.568 88.105 5776.968 76.006 0 1 1 210 0 0
 550 38024.000 55097.000 0 0 12.911 17.820 230.083 15.168 0 1 1 210 0 0
 551 38088.000 55006.000 0 0 92.750 127.623 11837.085 108.798 0 1 1 210 0 0
 552 38621.000 54277.000 0 0 17.529 23.531 412.492 20.309 0 1 1 210 0 0
 553 38034.000 54792.000 0 0 104.022 142.584 14832.015 121.786 0 1 1 210 0 0
 554 45934.000 154186.000 0 0 46.753 46.650 2181.078 46.702 0 1 2 210 0 0
 555 37964.000 54599.000 0 0 106.643 145.716 15539.703 124.658 0 1 1 210 0 0
 556 38079.000 54441.000 0 0 19.660 26.721 525.357 22.920 0 1 1 210 0 0
 557 38639.000 53685.000 0 0 13.317 17.643 234.962 15.328 0 1 1 210 0 0
 558 45781.000 154273.000 0 0 109.276 109.167 11929.467 109.222 0 1 2 210 0 0
 559 37873.000 54435.000 0 0 13.101 17.863 234.044 15.298 0 1 1 210 0 0
 560 37929.000 54359.000 0 0 63.452 86.293 5475.497 73.996 0 1 1 210 0 0
 561 38550.000 53518.000 0 0 113.636 150.229 17071.629 130.658 0 1 1 210 0 0
 562 45645.000 154377.000 0 0 26.071 26.061 679.468 26.066 0 1 2 210 0 0
 563 45603.000 154334.000 0 0 54.692 54.756 2994.812 54.724 0 1 2 210 0 0
 564 37831.000 54205.000 0 0 131.720 178.818 23553.950 153.472 0 1 1 210 0 0
 565 38469.000 53345.000 0 0 147.610 194.674 28736.092 169.517 0 1 1 210 0 0
 566 37669.000 54138.000 0 0 17.582 23.896 420.163 20.497 0 1 1 210 0 0
 567 37745.000 54035.000 0 0 33.052 44.766 1479.625 38.465 0 1 1 210 0 0
 568 37831.000 53917.000 0 0 35.345 47.683 1685.409 41.053 0 1 1 210 0 0
 569 38364.000 53201.000 0 0 103.199 135.915 14026.433 118.433 0 1 1 210 0 0
 570 37738.000 53757.000 0 0 110.837 149.232 16540.527 128.609 0 1 1 210 0 0
 571 38262.000 53052.000 0 0 6.749 8.875 59.908 7.740 0 1 1 210 0 0
 572 37669.000 53563.000 0 0 104.625 140.436 14693.248 121.215 0 1 1 210 0 0
 573 37601.000 53371.000 0 0 100.590 134.609 13540.457 116.363 0 1 1 210 0 0
 574 38276.000 52473.000 0 0 70.628 91.725 6478.485 80.489 0 1 1 210 0 0
 575 37501.000 53221.000 0 0 6.725 8.985 60.430 7.773 0 1 1 210 0 0
 576 37509.000 53207.000 0 0 8.969 11.978 107.448 10.365 0 1 1 210 0 0
 577 37617.000 53064.000 0 0 8.997 11.958 107.591 10.372 0 1 1 210 0 0
 578 38192.000 52303.000 0 0 141.763 183.703 26042.417 161.376 0 1 1 210 0 0
 579 37509.000 52926.000 0 0 72.211 95.860 6922.268 83.200 0 1 1 210 0 0
 580 37560.000 52856.000 0 0 13.555 17.953 243.376 15.600 0 1 1 210 0 0
 581 38123.000 52115.000 0 0 162.973 210.595 34321.465 185.260 0 1 1 210 0 0
 582 37387.000 52804.000 0 0 15.832 21.004 332.541 18.235 0 1 1 210 0 0
 583 37444.000 52728.000 0 0 95.180 125.953 11988.349 109.491 0 1 1 210 0 0
 584 37501.000 52651.000 0 0 15.883 20.965 333.010 18.248 0 1 1 210 0 0
 585 37991.000 52009.000 0 0 20.710 26.759 554.199 23.541 0 1 1 210 0 0
 586 38070.000 51904.000 0 0 122.192 157.339 19225.684 138.656 0 1 1 210 0 0
 587 37337.000 52584.000 0 0 11.361 15.014 170.589 13.060 0 1 1 210 0 0
 588 37400.000 52502.000 0 0 91.072 120.027 10931.261 104.552 0 1 1 210 0 0
 589 37927.000 51811.000 0 0 13.856 17.848 247.309 15.726 0 1 1 210 0 0
 590 38002.000 51714.000 0 0 104.164 133.744 13931.420 118.031 0 1 1 210 0 0
 591 37306.000 52344.000 0 0 43.403 57.099 2478.320 49.782 0 1 1 210 0 0
 592 37902.000 51565.000 0 0 30.186 38.701 1168.243 34.179 0 1 1 210 0 0
 593 37981.000 51464.000 0 0 76.780 98.108 7532.834 86.791 0 1 1 210 0 0
 594 37900.000 51292.000 0 0 140.098 178.619 25024.291 158.190 0 1 1 210 0 0
 595 37242.000 51867.000 0 0 76.142 99.277 7559.206 86.943 0 1 1 210 0 0
 596 37809.000 51131.000 0 0 56.217 71.543 4022.020 63.419 0 1 1 210 0 0
 597 37096.000 51778.000 0 0 9.243 12.058 111.463 10.557 0 1 1 210 0 0
 598 37163.000 51690.000 0 0 120.421 156.633 18862.019 137.339 0 1 1 210 0 0
 599 37115.000 51472.000 0 0 130.267 168.807 21990.044 148.290 0 1 1 210 0 0
 600 36988.000 51358.000 0 0 11.655 15.098 175.975 13.265 0 1 1 210 0 0
 601 37048.000 51281.000 0 0 98.093 126.752 12433.581 111.505 0 1 1 210 0 0
 602 37107.000 51204.000 0 0 16.368 21.097 345.349 18.583 0 1 1 210 0 0
 603 37748.000 50385.000 0 0 47.565 59.680 2838.736 53.279 0 1 1 210 0 0
 604 36939.000 51144.000 0 0 18.730 24.176 452.837 21.279 0 1 1 210 0 0
 605 36994.000 51073.000 0 0 72.709 93.631 6807.913 82.510 0 1 1 210 0 0
 606 37049.000 51002.000 0 0 28.189 36.216 1020.901 31.951 0 1 1 210 0 0
 607 37646.000 50240.000 0 0 112.113 140.487 15750.640 125.501 0 1 1 210 0 0
 608 36951.000 50852.000 0 0 106.024 136.011 14420.557 120.085 0 1 1 210 0 0
 609 37528.000 50113.000 0 0 93.261 116.788 10891.808 104.363 0 1 1 210 0 0
 610 42192.000 154979.000 0 0 21.077 22.162 467.135 21.613 0 1 2 210 0 0
 611 36803.000 50764.000 0 0 9.438 12.114 114.337 10.692 0 1 1 210 0 0
 612 36870.000 50677.000 0 0 82.752 105.916 8764.922 93.621 0 1 1 210 0 0
 613 42028.000 155054.000 0 0 102.920 108.376 11154.237 105.613 0 1 2 210 0 0
 614 41905.000 155172.000 0 0 10.575 11.136 117.775 10.852 0 1 2 210 0 0
 615 41860.000 155125.000 0 0 58.131 61.310 3564.106 59.700 0 1 2 210 0 0
 616 36788.000 50230.000 0 0 90.657 115.142 10438.461 102.168 0 1 1 210 0 0
 617 37458.000 49385.000 0 0 53.375 65.952 3520.251 59.331 0 1 1 210 0 0
 618 36665.000 50110.000 0 0 14.345 18.210 261.238 16.162 0 1 1 210 0 0
 619 36717.000 50045.000 0 0 79.024 100.109 7911.116 88.944 0 1 1 210 0 0
 620 36775.000 49971.000 0 0 31.179 39.403 1228.590 35.051 0 1 1 210 0 0
 621 37358.000 49238.000 0 0 109.505 135.132 14797.730 121.645 0 1 1 210 0 0
 622 37428.000 49152.000 0 0 19.494 23.988 467.641 21.625 0 1 1 210 0 0
 623 36681.000 49814.000 0 0 113.072 142.661 16131.115 127.008 0 1 1 210 0 0
 624 37314.000 49023.000 0 0 144.182 177.300 25563.609 159.886 0 1 1 210 0 0
 625 36603.000 49638.000 0 0 86.909 109.403 9508.216 97.510 0 1 1 210 0 0
 626 37185.000 48911.000 0 0 14.690 18.061 265.325 16.288 0 1 1 210 0 0
 627 37235.000 48850.000 0 0 46.585 57.163 2663.013 51.604 0 1 1 210 0 0
 628 41026.000 155234.000 0 0 66.200 70.682 4679.185 68.404 0 1 2 210 0 0
 629 36486.000 49513.000 0 0 7.258 9.131 66.278 8.141 0 1 1 210 0 0
 630 36498.000 49498.000 0 0 12.100 15.215 184.126 13.569 0 1 1 210 0 0
 631 36603.000 49366.000 0 0 53.395 66.853 3569.685 59.746 0 1 1 210 0 0
 632 40861.000 155305.000 0 0 98.088 104.889 10288.508 101.432 0 1 2 210 0 0
 633 40792.000 155231.000 0 0 23.834 25.550 608.985 24.677 0 1 2 210 0 0
 634 36509.000 49212.000 0 0 126.599 158.262 20036.018 141.548 0 1 1 210 0 0
 635 40686.000 155367.000 0 0 71.665 76.774 5502.130 74.176 0 1 2 210 0 0
 636 36457.000 49004.000 0 0 117.342 146.213 17157.001 130.984 0 1 1 210 0 0
 637 36528.000 48915.000 0 0 12.240 15.208 186.164 13.644 0 1 1 210 0 0
 638 37146.000 48150.000 0 0 27.344 33.148 906.438 30.107 0 1 1 210 0 0
 639 36408.000 48793.000 0 0 130.097 161.562 21018.847 144.978 0 1 1 210 0 0
 640 37056.000 47992.000 0 0 109.700 132.768 14564.736 120.684 0 1 1 210 0 0
 641 37124.000 47908.000 0 0 14.978 18.078 270.793 16.455 0 1 1 210 0 0
 642 40229.000 155376.000 0 0 50.434 54.437 2745.520 52.397 0 1 2 210 0 0
 643 36286.000 48674.000 0 0 24.609 30.548 751.776 27.418 0 1 1 210 0 0
 644 36355.000 48588.000 0 0 103.516 128.146 13265.312 115.175 0 1 1 210 0 0
 645 36972.000 47827.000 0 0 115.048 138.987 15990.273 126.452 0 1 1 210 0 0
 646 40073.000 155457.000 0 0 109.002 117.789 12839.416 113.311 0 1 2 210 0 0
 647 40009.000 155388.000 0 0 13.271 14.374 190.776 13.812 0 1 2 210 0 0
 648 36295.000 48391.000 0 0 126.172 155.744 19650.779 140.181 0 1 1 210 0 0
 649 36874.000 47677.000 0 0 42.639 51.442 2193.471 46.834 0 1 1 210 0 0
 650 37000.000 47526.000 0 0 45.277 54.359 2461.234 49.610 0 1 1 210 0 0
 651 39893.000 155512.000 0 0 98.455 106.606 10496.051 102.450 0 1 2 210 0 0
 652 36229.000 48200.000 0 0 104.297 128.400 13391.863 115.723 0 1 1 210 0 0
 653 36902.000 47377.000 0 0 116.040 139.140 16145.966 127.066 0 1 1 210 0 0
 654 39733.000 155590.000 0 0 23.989 26.007 623.913 24.978 0 1 2 210 0 0
 655 39657.000 155509.000 0 0 71.850 78.107 5612.038 74.913 0 1 2 210 0 0
 656 36130.000 48053.000 0 0 9.957 12.243 121.917 11.041 0 1 1 210 0 0
 657 36193.000 47975.000 0 0 107.244 131.530 14105.875 118.768 0 1 1 210 0 0
 658 36754.000 47290.000 0 0 10.104 12.123 122.498 11.067 0 1 1 210 0 0
 659 36841.000 47185.000 0 0 154.442 184.691 28524.093 168.890 0 1 1 210 0 0
 660 39490.000 155578.000 0 0 125.221 136.332 17071.727 130.658 0 1 2 210 0 0
 661 36132.000 47780.000 0 0 105.143 128.596 13521.115 116.280 0 1 1 210 0 0
 662 36790.000 46979.000 0 0 170.291 203.016 34571.989 185.935 0 1 1 210 0 0
 663 39351.000 155677.000 0 0 10.672 11.625 124.080 11.139 0 1 2 210 0 0
 664 39321.000 155645.000 0 0 42.679 46.540 1986.336 44.568 0 1 2 210 0 0
 665 36079.000 47574.000 0 0 110.582 134.829 14909.716 122.105 0 1 1 210 0 0
 666 36144.000 47495.000 0 0 15.097 18.360 277.196 16.649 0 1 1 210 0 0
 667 36733.000 46785.000 0 0 147.962 175.911 26028.218 161.332 0 1 1 210 0 0
 668 36816.000 46685.000 0 0 12.774 15.139 193.408 13.907 0 1 1 210 0 0
 669 36031.000 47365.000 0 0 128.681 156.388 20124.340 141.860 0 1 1 210 0 0
 670 36653.000 46613.000 0 0 104.935 124.510 13065.497 114.304 0 1 1 210 0 0
 671 38854.000 155637.000 0 0 42.673 46.899 2001.364 44.736 0 1 2 210 0 0
 672 35973.000 47168.000 0 0 119.035 144.257 17171.743 131.040 0 1 1 210 0 0
 673 36041.000 47084.000 0 0 12.679 15.325 194.317 13.939 0 1 1 210 0 0
 674 36558.000 46462.000 0 0 20.525 24.322 499.229 22.343 0 1 1 210 0 0
 675 38691.000 155711.000 0 0 112.172 123.443 13846.898 117.672 0 1 2 210 0 0
 676 35916.000 46969.000 0 0 116.940 141.313 16525.378 128.551 0 1 1 210 0 0
 677 35994.000 46875.000 0 0 12.729 15.336 195.225 13.972 0 1 1 210 0 0
 678 38497.000 155752.000 0 0 138.971 153.307 21305.428 145.963 0 1 2 210 0 0
 679 35814.000 46826.000 0 0 22.946 27.698 635.597 25.211 0 1 1 210 0 0
 680 35887.000 46738.000 0 0 112.345 135.233 15192.877 123.259 0 1 1 210 0 0
 681 38365.000 155859.000 0 0 18.738 20.676 387.434 19.683 0 1 2 210 0 0
 682 38299.000 155786.000 0 0 106.963 118.304 12654.226 112.491 0 1 2 210 0 0
 683 35817.000 46555.000 0 0 102.474 123.063 12610.762 112.297 0 1 1 210 0 0
 684 35885.000 46472.000 0 0 30.795 36.885 1135.906 33.703 0 1 1 210 0 0
 685 38113.000 155834.000 0 0 141.853 157.230 22303.574 149.343 0 1 2 210 0 0
 686 35761.000 46355.000 0 0 126.006 150.892 19013.472 137.889 0 1 1 210 0 0
 687 37938.000 155896.000 0 0 64.301 71.394 4590.751 67.755 0 1 2 210 0 0
 688 37876.000 155826.000 0 0 50.844 56.580 2876.816 53.635 0 1 2 210 0 0
 689 35659.000 46212.000 0 0 20.621 24.667 508.664 22.553 0 1 1 210 0 0
 690 35734.000 46122.000 0 0 123.974 147.876 18332.877 135.398 0 1 1 210 0 0
 691 37717.000 155902.000 0 0 112.556 125.404 14115.145 118.807 0 1 2 210 0 0
 692 35596.000 46023.000 0 0 10.346 12.345 127.739 11.302 0 1 1 210 0 0
 693 35671.000 45934.000 0 0 129.588 154.187 19980.868 141.353 0 1 1 210 0 0
 694 37548.000 155970.000 0 0 77.810 86.822 6755.764 82.193 0 1 2 210 0 0
 695 37487.000 155900.000 0 0 40.196 44.951 1806.903 42.507 0 1 2 210 0 0
 696 35615.000 45736.000 0 0 127.461 151.235 19276.714 138.840 0 1 1 210 0 0
 697 35691.000 45644.000 0 0 10.419 12.327 128.445 11.333 0 1 1 210 0 0
 698 37370.000 156026.000 0 0 13.424 15.006 201.462 14.193 0 1 2 210 0 0
 699 37318.000 155967.000 0 0 85.853 96.154 8255.244 90.858 0 1 2 210 0 0
 700 37263.000 155906.000 0 0 8.037 9.019 72.494 8.514 0 1 2 210 0 0
 701 35573.000 45521.000 0 0 127.966 151.334 19365.829 139.161 0 1 1 210 0 0
 702 35648.000 45432.000 0 0 7.845 9.251 72.581 8.519 0 1 1 210 0 0
 703 37146.000 156029.000 0 0 80.577 90.393 7283.742 85.344 0 1 2 210 0 0
 704 37081.000 155957.000 0 0 16.089 18.091 291.086 17.061 0 1 2 210 0 0
 705 35509.000 45333.000 0 0 125.788 148.393 18666.226 136.624 0 1 1 210 0 0
 706 36985.000 156107.000 0 0 10.755 12.079 129.915 11.398 0 1 2 210 0 0
 707 36917.000 156029.000 0 0 94.003 105.838 9949.151 99.745 0 1 2 210 0 0
 708 35387.000 45212.000 0 0 7.876 9.289 73.169 8.553 0 1 1 210 0 0
 709 35471.000 45113.000 0 0 113.142 133.018 15050.070 122.678 0 1 1 210 0 0
 710 36740.000 156086.000 0 0 118.302 133.433 15785.525 125.640 0 1 2 210 0 0
 711 35419.000 44912.000 0 0 158.449 185.753 29432.613 171.559 0 1 1 210 0 0
 712 36555.000 156134.000 0 0 110.333 124.704 13759.074 117.299 0 1 2 210 0 0
 713 36490.000 156061.000 0 0 13.433 15.217 204.420 14.297 0 1 2 210 0 0
 714 35300.000 44790.000 0 0 10.583 12.402 131.257 11.456 0 1 1 210 0 0
 715 35373.000 44705.000 0 0 129.883 151.804 19716.901 140.416 0 1 1 210 0 0
 716 35505.000 44549.000 0 0 23.929 27.832 666.009 25.807 0 1 1 210 0 0
 717 36352.000 156162.000 0 0 110.388 125.101 13809.786 117.515 0 1 2 210 0 0
 718 35227.000 44613.000 0 0 18.579 21.728 403.713 20.092 0 1 1 210 0 0
 719 35254.000 44582.000 0 0 13.278 15.513 206.007 14.352 0 1 1 210 0 0
 720 35336.000 44485.000 0 0 146.362 170.484 24952.429 157.963 0 1 1 210 0 0
 721 36166.000 156206.000 0 0 99.687 113.216 11286.277 106.236 0 1 2 210 0 0
 722 36100.000 156134.000 0 0 24.223 27.575 667.991 25.845 0 1 2 210 0 0
 723 35261.000 44311.000 0 0 122.802 142.758 17531.103 132.405 0 1 1 210 0 0
 724 35958.000 156230.000 0 0 107.813 122.792 13238.767 115.059 0 1 2 210 0 0
 725 35086.000 44256.000 0 0 18.699 21.776 407.205 20.179 0 1 1 210 0 0
 726 35194.000 44129.000 0 0 184.800 214.352 39612.490 199.028 0 1 1 210 0 0
 727 35802.000 156310.000 0 0 56.681 64.622 3662.938 60.522 0 1 2 210 0 0
 728 35739.000 156239.000 0 0 62.001 70.845 4392.493 66.275 0 1 2 210 0 0
 729 35101.000 43975.000 0 0 16.109 18.660 300.611 17.338 0 1 1 210 0 0
 730 35174.000 43890.000 0 0 115.664 133.630 15456.319 124.323 0 1 1 210 0 0
 731 35567.000 156299.000 0 0 129.544 148.260 19206.339 138.586 0 1 2 210 0 0
 732 35122.000 43691.000 0 0 153.866 177.282 27277.777 165.159 0 1 1 210 0 0
 733 35375.000 156338.000 0 0 116.133 133.217 15471.042 124.382 0 1 2 210 0 0
 734 35004.000 43567.000 0 0 13.521 15.573 210.590 14.511 0 1 1 210 0 0
 735 35081.000 43479.000 0 0 135.471 155.601 21079.556 145.188 0 1 1 210 0 0
 736 35183.000 156376.000 0 0 124.318 142.931 17769.019 133.300 0 1 2 210 0 0
 737 35026.000 43284.000 0 0 141.375 161.961 22897.385 151.318 0 1 1 210 0 0
 738 34990.000 156414.000 0 0 108.166 124.648 13482.761 116.115 0 1 2 210 0 0
 739 34873.000 43198.000 0 0 19.054 21.847 416.292 20.403 0 1 1 210 0 0
 740 34980.000 43076.000 0 0 133.709 152.727 20421.046 142.902 0 1 1 210 0 0
 741 34788.000 156441.000 0 0 108.218 125.036 13531.330 116.324 0 1 2 210 0 0
 742 34941.000 42863.000 0 0 134.211 152.818 20509.929 143.212 0 1 1 210 0 0
 743 34590.000 156471.000 0 0 124.526 144.239 17961.615 134.020 0 1 2 210 0 0
 744 34874.000 42681.000 0 0 145.624 165.459 24094.953 155.225 0 1 1 210 0 0
 745 34390.000 156500.000 0 0 113.761 132.103 15028.319 122.590 0 1 2 210 0 0
 746 34743.000 42571.000 0 0 16.512 18.763 309.841 17.602 0 1 1 210 0 0
 747 34823.000 42480.000 0 0 137.867 156.219 21537.642 146.757 0 1 1 210 0 0
 748 34193.000 156534.000 0 0 97.559 113.562 11079.128 105.257 0 1 2 210 0 0
 749 34710.000 42350.000 0 0 13.813 15.644 216.105 14.700 0 1 1 210 0 0
 750 34784.000 42268.000 0 0 127.307 143.811 18308.268 135.308 0 1 1 210 0 0
 751 34866.000 42174.000 0 0 11.084 12.485 138.398 11.764 0 1 1 210 0 0
 752 34025.000 156600.000 0 0 54.261 63.249 3431.997 58.583 0 1 2 210 0 0
 753 34735.000 42066.000 0 0 169.413 190.850 32332.524 179.812 0 1 1 210 0 0
 754 34610.000 41950.000 0 0 13.909 15.668 217.937 14.762 0 1 1 210 0 0
 755 34684.000 41865.000 0 0 125.410 140.900 17670.410 132.930 0 1 1 210 0 0
 756 35423.000 41042.000 0 0 93.267 102.156 9527.849 97.610 0 1 1 210 0 0
 757 34510.000 41806.000 0 0 19.521 21.969 428.877 20.709 0 1 1 210 0 0
 758 34621.000 41681.000 0 0 187.308 209.981 39331.267 198.321 0 1 1 210 0 0
 759 35331.000 40890.000 0 0 150.174 164.299 24673.630 157.078 0 1 1 210 0 0
 760 34589.000 41460.000 0 0 126.284 141.106 17819.558 133.489 0 1 1 210 0 0
 761 34668.000 41371.000 0 0 16.857 18.785 316.677 17.795 0 1 1 210 0 0
 762 35280.000 40696.000 0 0 173.420 189.256 32820.842 181.165 0 1 1 210 0 0
 763 34543.000 41256.000 0 0 149.244 166.300 24819.454 157.541 0 1 1 210 0 0
 764 35240.000 40486.000 0 0 154.053 167.633 25824.563 160.700 0 1 1 210 0 0
 765 34483.000 41069.000 0 0 146.895 163.314 23990.180 154.887 0 1 1 210 0 0
 766 35173.000 40308.000 0 0 128.768 139.847 18008.027 134.193 0 1 1 210 0 0
 767 35259.000 40212.000 0 0 40.127 43.451 1743.576 41.756 0 1 1 210 0 0
 768 34371.000 40938.000 0 0 8.491 9.435 80.118 8.950 0 1 1 210 0 0
 769 34450.000 40852.000 0 0 124.761 138.265 17250.238 131.340 0 1 1 210 0 0
 770 34526.000 40768.000 0 0 17.031 18.826 320.635 17.906 0 1 1 210 0 0
 771 35086.000 40151.000 0 0 45.904 49.788 2285.510 47.807 0 1 1 210 0 0
 772 35172.000 40058.000 0 0 120.691 130.527 15753.611 125.513 0 1 1 210 0 0
 773 34410.000 40642.000 0 0 128.048 141.492 18117.898 134.602 0 1 1 210 0 0
 774 35101.000 39883.000 0 0 172.914 186.669 32277.846 179.660 0 1 1 210 0 0
 775 34275.000 40536.000 0 0 17.097 18.898 323.120 17.975 0 1 1 210 0 0
 776 34352.000 40451.000 0 0 131.314 144.763 19009.436 137.874 0 1 1 210 0 0
 777 35048.000 39690.000 0 0 156.114 168.129 26247.467 162.010 0 1 1 210 0 0
 778 34304.000 40252.000 0 0 143.206 157.464 22549.840 150.166 0 1 1 210 0 0
 779 34394.000 40151.000 0 0 17.208 18.863 324.624 18.017 0 1 1 210 0 0
 780 34974.000 39519.000 0 0 107.269 115.331 12371.559 111.227 0 1 1 210 0 0
 781 34272.000 40034.000 0 0 132.233 144.940 19165.958 138.441 0 1 1 210 0 0
 782 34392.000 39902.000 0 0 17.280 18.864 325.989 18.055 0 1 1 210 0 0
 783 34210.000 39850.000 0 0 149.935 163.993 24588.417 156.806 0 1 1 210 0 0
 784 34067.000 39754.000 0 0 20.209 22.117 446.996 21.142 0 1 1 210 0 0
 785 34168.000 39642.000 0 0 147.560 160.942 23748.784 154.106 0 1 1 210 0 0
 786 34253.000 39549.000 0 0 17.381 18.904 328.597 18.127 0 1 1 210 0 0
 787 34017.000 39556.000 0 0 20.276 22.134 448.810 21.185 0 1 1 210 0 0
 788 34125.000 39438.000 0 0 139.353 151.577 21122.824 145.336 0 1 1 210 0 0
 789 34077.000 39240.000 0 0 160.191 173.803 27841.958 166.859 0 1 1 210 0 0
 790 33970.000 39103.000 0 0 11.673 12.657 147.753 12.155 0 1 1 210 0 0
 791 34039.000 39029.000 0 0 113.982 123.312 14055.455 118.555 0 1 1 210 0 0
 792 34001.000 38819.000 0 0 155.437 167.676 26063.270 161.441 0 1 1 210 0 0
 793 33943.000 38632.000 0 0 144.149 155.162 22366.550 149.554 0 1 1 210 0 0
 794 34036.000 38532.000 0 0 11.782 12.644 148.990 12.206 0 1 1 210 0 0
 795 33891.000 38437.000 0 0 171.173 183.814 31464.167 177.381 0 1 1 210 0 0
 796 33848.000 38234.000 0 0 148.044 158.556 23473.353 153.210 0 1 1 210 0 0
 797 33811.000 38024.000 0 0 157.457 168.159 26477.984 162.720 0 1 1 210 0 0
 798 33765.000 37823.000 0 0 154.987 165.102 25588.914 159.965 0 1 1 210 0 0
 799 33731.000 37611.000 0 0 155.515 165.188 25689.336 160.278 0 1 1 210 0 0
 800 33680.000 37418.000 0 0 164.995 174.850 28849.517 169.851 0 1 1 210 0 0
 801 33638.000 37214.000 0 0 162.523 171.779 27918.201 167.087 0 1 1 210 0 0
 802 33492.000 37120.000 0 0 18.080 19.123 345.756 18.594 0 1 1 210 0 0
 803 33586.000 37019.000 0 0 150.954 159.184 24029.630 155.014 0 1 1 210 0 0
 804 33675.000 36926.000 0 0 21.158 22.249 470.769 21.697 0 1 1 210 0 0
 805 33562.000 36798.000 0 0 187.846 197.464 37093.007 192.595 0 1 1 210 0 0
 806 33502.000 36614.000 0 0 170.152 178.505 30373.095 174.278 0 1 1 210 0 0
 807 33450.000 36423.000 0 0 185.915 194.607 36180.578 190.211 0 1 1 210 0 0
 808 33422.000 36204.000 0 0 183.497 191.497 35139.310 187.454 0 1 1 210 0 0
 809 33371.000 36012.000 0 0 180.983 188.451 34106.722 184.680 0 1 1 210 0 0
 810 33473.000 35904.000 0 0 12.286 12.752 156.685 12.517 0 1 1 210 0 0
 811 33335.000 35802.000 0 0 178.499 185.358 33086.401 181.896 0 1 1 210 0 0
 812 33286.000 35610.000 0 0 163.589 169.494 27727.596 166.516 0 1 1 210 0 0
 813 33253.000 35398.000 0 0 198.199 204.778 40587.071 201.462 0 1 1 210 0 0
 814 33210.000 35198.000 0 0 177.075 182.505 32317.094 179.769 0 1 1 210 0 0
 815 33154.000 35010.000 0 0 174.457 179.439 31304.546 176.930 0 1 1 210 0 0
 816 33260.000 34899.000 0 0 21.838 22.388 488.926 22.111 0 1 1 210 0 0
 817 33118.000 34804.000 0 0 196.896 201.990 39771.148 199.427 0 1 1 210 0 0
 818 33077.000 34602.000 0 0 216.310 221.355 47881.417 218.818 0 1 1 210 0 0
 819 32930.000 34507.000 0 0 18.831 19.284 363.161 19.056 0 1 1 210 0 0
 820 33044.000 34393.000 0 0 182.418 186.168 33960.534 184.283 0 1 1 210 0 0
 821 33006.000 34189.000 0 0 255.538 260.132 66473.992 257.825 0 1 1 210 0 0
 822 32963.000 33988.000 0 0 212.013 215.306 45647.839 213.653 0 1 1 210 0 0
 823 33086.000 33863.000 0 0 15.847 16.033 254.088 15.940 0 1 1 210 0 0
 824 32795.000 33917.000 0 0 12.667 12.882 163.189 12.774 0 1 1 210 0 0
 825 32907.000 33801.000 0 0 193.579 196.194 37979.173 194.882 0 1 1 210 0 0
 826 32757.000 33714.000 0 0 31.781 32.240 1024.673 32.010 0 1 1 210 0 0
 827 32883.000 33584.000 0 0 216.494 218.780 47364.694 217.634 0 1 1 210 0 0
 828 32810.000 33417.000 0 0 197.895 199.699 39519.678 198.795 0 1 1 210 0 0
 829 32938.000 33288.000 0 0 31.986 32.153 1028.479 32.069 0 1 1 210 0 0
 830 32792.000 33192.000 0 0 233.796 235.198 54988.476 234.496 0 1 1 210 0 0
 831 32942.000 33041.000 0 0 16.044 16.067 257.797 16.056 0 1 1 210 0 0
 832 32604.000 33141.000 0 0 16.020 16.148 258.709 16.084 0 1 1 210 0 0
 833 32743.000 33001.000 0 0 199.131 199.896 39805.628 199.513 0 1 1 210 0 0
 834 32852.000 32890.000 0 0 12.864 12.871 165.583 12.867 0 1 1 210 0 0
 835 32711.000 32792.000 0 0 190.091 190.319 36178.067 190.205 0 1 1 210 0 0
 836 32544.000 32719.000 0 0 19.345 19.395 375.225 19.370 0 1 1 210 0 0
 837 32657.000 32606.000 0 0 200.304 200.152 40091.546 200.228 0 1 1 210 0 0
 838 32621.000 32400.000 0 0 236.567 235.793 55781.163 236.180 0 1 1 210 0 0
 839 32472.000 32309.000 0 0 9.731 9.708 94.479 9.720 0 1 1 210 0 0
 840 32589.000 32192.000 0 0 198.284 197.124 39086.752 197.703 0 1 1 210 0 0
 841 32717.000 32064.000 0 0 19.533 19.346 377.908 19.439 0 1 1 210 0 0
 842 32542.000 32000.000 0 0 208.625 206.959 43177.054 207.790 0 1 1 210 0 0
 843 32674.000 31868.000 0 0 22.855 22.585 516.193 22.719 0 1 1 210 0 0
 844 32519.000 31784.000 0 0 245.263 242.621 59506.192 243.938 0 1 1 210 0 0
 845 32440.000 31621.000 0 0 213.064 210.510 44852.298 211.783 0 1 1 210 0 0
 846 23451.000 157844.000 0 0 74.871 99.084 7418.625 86.131 0 1 3 200 0 0
 847 32316.000 31504.000 0 0 19.694 19.461 383.293 19.577 0 1 1 210 0 0
 848 32422.000 31398.000 0 0 187.456 184.658 34615.558 186.052 0 1 1 210 0 0
 849 23266.000 157879.000 0 0 86.012 114.032 9808.285 99.036 0 1 3 200 0 0
 850 32264.000 31315.000 0 0 32.931 32.476 1069.522 32.703 0 1 1 210 0 0
 851 32415.000 31169.000 0 0 240.877 236.517 56971.760 238.687 0 1 1 210 0 0
 852 23079.000 157914.000 0 0 77.738 103.251 8026.580 89.591 0 1 3 200 0 0
 853 32243.000 31097.000 0 0 13.207 12.988 171.549 13.097 0 1 1 210 0 0
 854 32358.000 30983.000 0 0 211.744 207.523 43941.999 209.623 0 1 1 210 0 0
 855 22913.000 157977.000 0 0 13.892 18.471 256.602 16.018 0 1 3 200 0 0
 856 32316.000 30787.000 0 0 205.712 201.167 41382.642 203.427 0 1 1 210 0 0
 857 32250.000 30612.000 0 0 229.509 224.089 51430.642 226.783 0 1 1 210 0 0;
ProcessEquipmentIDList 1
  "6620" ;
SummarySpec 5
  TESTNO    NDEFECT    DEFDENSITY    NDIE    NDEFDIE  ;
SummaryList 
  1    857    3.007    1    1  ;
EndOfFile;
