FileVersion 1 2;
FileTimestamp 01-30-26 17:12:53;
InspectionStationID "KLA-Tencor" "SFSSP1" "0901-0728-TBI";
SampleType WAFER;
ResultTimestamp 01-30-26 16:59:19;
LotID "2850";
SampleSize 1 200;
DeviceID "None";
SetupID "T2-2850A" 01-30-26 16:59:19;
StepID "6855";
SampleOrientationMarkType NOTCH;
OrientationMarkLocation DOWN;
DiePitch 200000 200000;
DieOrigin 0 0;
WaferID "23";
Slot 23;
SampleCenterLocation 100000 100000;
ClassLookup 1
  0 "0"  ;
OrientationInstructions "Front";
CoordinatesMirrored No;
InspectionTest 1;
SampleTestPlan 1
  0 0 ;
AreaPerTest 2.85026e+010;
ClusterClassificationList 2
  2 200 
  1 200 ;
DefectRecordSpec 15 DEFECTID XREL YREL XINDEX YINDEX XSIZE YSIZE DEFECTAREA DSIZE CLASSNUMBER TEST CLUSTERNUMBER ROUGHBINNUMBER FINEBINNUMBER REVIEWSAMPLE ;
DefectList
 1 78717.000 123390.000 0 0 0.000 0.000 0.000 0.241 0 1 0 0 0 0
 2 120948.000 68692.000 0 0 0.000 0.000 0.000 200000.000 0 1 0 200 0 0
 3 96651.000 144377.000 0 0 26.000 50.000 1300.000 36.055 0 1 2 200 0 0
 4 96777.000 144677.000 0 0 26.000 50.000 1300.000 36.055 0 1 2 200 0 0
 5 96413.000 144781.000 0 0 26.000 50.000 1300.000 36.055 0 1 2 200 0 0
 6 96339.000 144898.000 0 0 28.000 50.000 1400.000 37.416 0 1 2 200 0 0
 7 96613.000 145312.000 0 0 26.000 50.000 1300.000 36.055 0 1 2 200 0 0
 8 125066.000 163552.000 0 0 0.000 0.000 0.000 0.232 0 1 0 0 0 0
 9 70986.000 164297.000 0 0 0.000 0.000 0.000 0.120 0 1 0 0 0 0
 10 35954.000 129413.000 0 0 0.000 0.000 0.000 0.201 0 1 0 0 0 0
 11 64073.000 167985.000 0 0 0.000 0.000 0.000 0.125 0 1 0 0 0 0
 12 91075.000 16117.000 0 0 28.000 52.000 1456.000 38.157 0 1 1 200 0 0
 13 102934.000 15536.000 0 0 0.000 0.000 0.000 0.214 0 1 0 0 0 0
 14 89176.000 15718.000 0 0 30.000 52.000 1560.000 39.496 0 1 1 200 0 0
 15 89665.000 15646.000 0 0 30.000 52.000 1560.000 39.496 0 1 1 200 0 0
 16 89781.000 15151.000 0 0 28.000 52.000 1456.000 38.157 0 1 1 200 0 0
 17 89526.000 15026.000 0 0 30.000 52.000 1560.000 39.496 0 1 1 200 0 0
 18 90708.000 14679.000 0 0 28.000 52.000 1456.000 38.157 0 1 1 200 0 0
 19 90535.000 14359.000 0 0 28.000 52.000 1456.000 38.157 0 1 1 200 0 0
 20 78248.000 10909.000 0 0 0.000 0.000 0.000 0.123 0 1 0 0 0 0
 21 96618.000 144374.000 0 0 29.781 2.270 67.616 8.222 0 1 2 200 0 0
 22 96557.000 144369.000 0 0 6.378 0.495 3.158 1.776 0 1 2 200 0 0
 23 96736.000 144554.000 0 0 25.627 1.877 48.124 6.937 0 1 2 200 0 0
 24 96657.000 144547.000 0 0 121.721 9.136 1112.124 33.348 0 1 2 200 0 0
 25 96552.000 144539.000 0 0 85.404 6.612 564.761 23.764 0 1 2 200 0 0
 26 96487.000 144534.000 0 0 8.536 0.673 5.749 2.397 0 1 2 200 0 0
 27 96614.000 144714.000 0 0 222.923 16.882 3763.582 61.348 0 1 2 200 0 0
 28 96464.000 144703.000 0 0 68.574 5.424 371.981 19.286 0 1 2 200 0 0
 29 96766.000 144897.000 0 0 8.606 0.619 5.336 2.309 0 1 2 200 0 0
 30 96655.000 144889.000 0 0 148.481 11.065 1642.951 40.533 0 1 2 200 0 0
 31 96492.000 144876.000 0 0 23.661 1.850 43.775 6.616 0 1 2 200 0 0
 32 96469.000 144874.000 0 0 12.908 1.015 13.112 3.621 0 1 2 200 0 0
 33 96665.000 145059.000 0 0 200.884 14.869 2987.102 54.654 0 1 2 200 0 0
 34 96760.000 145239.000 0 0 45.543 3.262 148.586 12.189 0 1 2 200 0 0
 35 96724.000 145234.000 0 0 15.179 1.099 16.690 4.085 0 1 2 200 0 0
 36 96547.000 145222.000 0 0 325.174 24.833 8075.094 89.861 0 1 2 200 0 0
 37 96755.000 145408.000 0 0 8.704 0.622 5.415 2.326 0 1 2 200 0 0
 38 96655.000 145400.000 0 0 69.644 5.132 357.441 18.906 0 1 2 200 0 0
 39 96576.000 145394.000 0 0 69.635 5.253 365.834 19.126 0 1 2 200 0 0
 40 96490.000 145387.000 0 0 39.161 3.029 118.624 10.891 0 1 2 200 0 0
 41 96450.000 145384.000 0 0 15.229 1.191 18.146 4.259 0 1 2 200 0 0
 42 96427.000 145382.000 0 0 26.103 2.055 53.646 7.324 0 1 2 200 0 0
 43 96400.000 145380.000 0 0 6.524 0.517 3.377 1.837 0 1 2 200 0 0
 44 96681.000 145573.000 0 0 13.109 0.954 12.518 3.538 0 1 2 200 0 0
 45 96660.000 145571.000 0 0 19.660 1.441 28.336 5.323 0 1 2 200 0 0
 46 96596.000 145565.000 0 0 56.790 4.242 240.958 15.522 0 1 2 200 0 0
 47 96523.000 145560.000 0 0 48.050 3.668 176.249 13.275 0 1 2 200 0 0
 48 96456.000 145555.000 0 0 6.549 0.509 3.337 1.826 0 1 2 200 0 0
 49 96551.000 145733.000 0 0 17.538 1.322 23.203 4.816 0 1 2 200 0 0
 50 90464.000 17016.000 0 0 67.625 7.771 525.531 22.924 0 1 1 200 0 0
 51 90480.000 16843.000 0 0 187.359 21.449 4018.781 63.393 0 1 1 200 0 0
 52 89897.000 16741.000 0 0 11.989 1.455 17.445 4.176 0 1 1 200 0 0
 53 89948.000 16735.000 0 0 27.951 3.374 94.329 9.712 0 1 1 200 0 0
 54 89975.000 16732.000 0 0 15.961 1.921 30.676 5.538 0 1 1 200 0 0
 55 90539.000 16665.000 0 0 571.265 64.857 37051.032 192.486 0 1 1 200 0 0
 56 89890.000 16571.000 0 0 80.002 9.695 775.668 27.850 0 1 1 200 0 0
 57 89942.000 16565.000 0 0 15.993 1.928 30.839 5.553 0 1 1 200 0 0
 58 90174.000 16537.000 0 0 63.995 7.534 482.202 21.959 0 1 1 200 0 0
 59 90520.000 16498.000 0 0 612.432 69.533 42584.842 206.360 0 1 1 200 0 0
 60 89845.000 16406.000 0 0 248.452 30.183 7499.288 86.598 0 1 1 200 0 0
 61 90407.000 16339.000 0 0 770.021 88.302 67994.853 260.758 0 1 1 200 0 0
 62 90809.000 16292.000 0 0 24.069 2.642 63.614 7.975 0 1 1 200 0 0
 63 90841.000 16289.000 0 0 24.069 2.633 63.394 7.962 0 1 1 200 0 0
 64 89952.000 16221.000 0 0 152.605 18.303 2793.257 52.851 0 1 1 200 0 0
 65 90078.000 16206.000 0 0 16.062 1.902 30.553 5.527 0 1 1 200 0 0
 66 90100.000 16203.000 0 0 20.098 2.374 47.729 6.908 0 1 1 200 0 0
 67 90132.000 16199.000 0 0 20.099 2.367 47.577 6.897 0 1 1 200 0 0
 68 90159.000 16196.000 0 0 16.064 1.886 30.306 5.505 0 1 1 200 0 0
 69 90188.000 16193.000 0 0 20.101 2.353 47.310 6.878 0 1 1 200 0 0
 70 90219.000 16189.000 0 0 24.098 2.812 67.780 8.232 0 1 1 200 0 0
 71 90560.000 16150.000 0 0 610.984 68.788 42028.732 205.009 0 1 1 200 0 0
 72 91059.000 16094.000 0 0 12.082 1.287 15.559 3.944 0 1 1 200 0 0
 73 89898.000 16056.000 0 0 12.088 1.454 17.587 4.193 0 1 1 200 0 0
 74 89963.000 16048.000 0 0 12.089 1.445 17.475 4.180 0 1 1 200 0 0
 75 89985.000 16046.000 0 0 16.093 1.919 30.898 5.558 0 1 1 200 0 0
 76 90025.000 16041.000 0 0 48.282 5.736 276.983 16.642 0 1 1 200 0 0
 77 90067.000 16035.000 0 0 28.186 3.334 93.995 9.695 0 1 1 200 0 0
 78 90100.000 16032.000 0 0 12.091 1.425 17.240 4.152 0 1 1 200 0 0
 79 90170.000 16023.000 0 0 48.292 5.653 273.016 16.523 0 1 1 200 0 0
 80 90213.000 16019.000 0 0 12.093 1.409 17.046 4.128 0 1 1 200 0 0
 81 90698.000 15964.000 0 0 918.492 101.675 93388.440 305.595 0 1 1 200 0 0
 82 89982.000 15874.000 0 0 12.114 1.442 17.479 4.180 0 1 1 200 0 0
 83 90037.000 15868.000 0 0 16.127 1.909 30.802 5.549 0 1 1 200 0 0
 84 90064.000 15865.000 0 0 12.115 1.430 17.337 4.163 0 1 1 200 0 0
 85 90328.000 15835.000 0 0 290.486 33.383 9697.514 98.475 0 1 1 200 0 0
 86 90607.000 15802.000 0 0 24.209 2.701 65.392 8.086 0 1 1 200 0 0
 87 89940.000 15709.000 0 0 24.236 2.892 70.112 8.373 0 1 1 200 0 0
 88 89970.000 15704.000 0 0 12.139 1.444 17.535 4.187 0 1 1 200 0 0
 89 90026.000 15699.000 0 0 60.619 7.172 434.787 20.851 0 1 1 200 0 0
 90 90269.000 15670.000 0 0 416.393 48.051 20008.423 141.451 0 1 1 200 0 0
 91 90670.000 15624.000 0 0 222.453 24.599 5472.289 73.974 0 1 1 200 0 0
 92 89850.000 15549.000 0 0 16.188 1.945 31.499 5.612 0 1 1 200 0 0
 93 89956.000 15537.000 0 0 80.994 9.631 780.116 27.930 0 1 1 200 0 0
 94 90017.000 15527.000 0 0 24.288 2.870 69.725 8.350 0 1 1 200 0 0
 95 90083.000 15520.000 0 0 101.232 11.883 1203.042 34.684 0 1 1 200 0 0
 96 90287.000 15496.000 0 0 299.753 34.454 10327.723 101.625 0 1 1 200 0 0
 97 90542.000 15466.000 0 0 12.173 1.362 16.582 4.072 0 1 1 200 0 0
 98 89838.000 15379.000 0 0 16.221 1.948 31.600 5.621 0 1 1 200 0 0
 99 90488.000 15306.000 0 0 1209.885 135.896 164418.650 405.485 0 1 1 200 0 0
 100 89872.000 15203.000 0 0 101.611 12.136 1233.204 35.117 0 1 1 200 0 0
 101 90315.000 15151.000 0 0 776.862 88.678 68891.361 262.471 0 1 1 200 0 0
 102 90818.000 15094.000 0 0 12.226 1.322 16.169 4.021 0 1 1 200 0 0
 103 90948.000 15080.000 0 0 12.229 1.303 15.942 3.992 0 1 1 200 0 0
 104 89907.000 15028.000 0 0 24.432 2.902 70.909 8.420 0 1 1 200 0 0
 105 90255.000 14987.000 0 0 656.104 75.215 49349.448 222.147 0 1 1 200 0 0
 106 90685.000 14938.000 0 0 12.249 1.341 16.433 4.053 0 1 1 200 0 0
 107 90203.000 14823.000 0 0 641.044 73.735 47267.525 217.410 0 1 1 200 0 0
 108 89921.000 14683.000 0 0 12.286 1.451 17.834 4.223 0 1 1 200 0 0
 109 89952.000 14680.000 0 0 16.354 1.926 31.503 5.612 0 1 1 200 0 0
 110 90165.000 14656.000 0 0 310.915 35.830 11140.359 105.547 0 1 1 200 0 0
 111 90180.000 14482.000 0 0 184.482 21.185 3908.314 62.516 0 1 1 200 0 0;
ProcessEquipmentIDList 1
  "6620" ;
SummarySpec 5
  TESTNO    NDEFECT    DEFDENSITY    NDIE    NDEFDIE  ;
SummaryList 
  1    111    0.3894    1    1  ;
EndOfFile;
