FileVersion 1 2;
FileTimestamp 01-30-26 20:17:16;
InspectionStationID "KLA-Tencor" "SFSSP1" "0901-0728-TBI";
SampleType WAFER;
ResultTimestamp 01-30-26 20:04:33;
LotID "2850";
SampleSize 1 200;
DeviceID "None";
SetupID "T2-2850A" 01-30-26 20:04:33;
StepID "6855";
SampleOrientationMarkType NOTCH;
OrientationMarkLocation DOWN;
DiePitch 200000 200000;
DieOrigin 0 0;
WaferID "21";
Slot 21;
SampleCenterLocation 100000 100000;
ClassLookup 1
  0 "0"  ;
OrientationInstructions "Front";
CoordinatesMirrored No;
InspectionTest 1;
SampleTestPlan 1
  0 0 ;
AreaPerTest 2.85005e+010;
ClusterClassificationList 2
  1 200 
  2 210 ;
DefectRecordSpec 15 DEFECTID XREL YREL XINDEX YINDEX XSIZE YSIZE DEFECTAREA DSIZE CLASSNUMBER TEST CLUSTERNUMBER ROUGHBINNUMBER FINEBINNUMBER REVIEWSAMPLE ;
DefectList
 1 73168.000 106016.000 0 0 0.000 0.000 0.000 0.120 0 1 0 0 0 0
 2 88865.000 129957.000 0 0 0.000 0.000 0.000 0.137 0 1 0 0 0 0
 3 70460.000 130775.000 0 0 0.000 0.000 0.000 0.149 0 1 0 0 0 0
 4 98729.000 55120.000 0 0 0.000 0.000 0.000 0.132 0 1 0 0 0 0
 5 98531.000 55212.000 0 0 0.000 0.000 0.000 200000.000 0 1 0 200 0 0
 6 76334.000 138996.000 0 0 0.000 0.000 0.000 0.124 0 1 0 0 0 0
 7 135096.000 66803.000 0 0 0.000 0.000 0.000 0.122 0 1 0 0 0 0
 8 128668.000 60115.000 0 0 0.000 0.000 0.000 0.122 0 1 0 0 0 0
 9 69952.000 139357.000 0 0 0.000 0.000 0.000 0.129 0 1 0 0 0 0
 10 84533.000 52410.000 0 0 0.000 0.000 0.000 0.120 0 1 0 0 0 0
 11 53519.000 121287.000 0 0 0.000 0.000 0.000 0.136 0 1 0 0 0 0
 12 90333.000 154400.000 0 0 0.000 0.000 0.000 0.233 0 1 0 0 0 0
 13 57350.000 136099.000 0 0 0.000 0.000 0.000 0.122 0 1 0 0 0 0
 14 50278.000 67341.000 0 0 0.000 0.000 0.000 0.120 0 1 0 0 0 0
 15 60649.000 52362.000 0 0 0.000 0.000 0.000 0.126 0 1 0 0 0 0
 16 69442.000 46271.000 0 0 0.000 0.000 0.000 0.123 0 1 0 0 0 0
 17 112052.000 38107.000 0 0 0.000 0.000 0.000 0.122 0 1 0 0 0 0
 18 39048.000 116269.000 0 0 0.000 0.000 0.000 0.133 0 1 0 0 0 0
 19 123962.000 40509.000 0 0 0.000 0.000 0.000 0.121 0 1 0 0 0 0
 20 40937.000 125853.000 0 0 0.000 0.000 0.000 0.124 0 1 0 0 0 0
 21 154871.000 135943.000 0 0 0.000 0.000 0.000 0.121 0 1 0 0 0 0
 22 65680.000 43723.000 0 0 0.000 0.000 0.000 0.123 0 1 0 0 0 0
 23 47744.000 140924.000 0 0 0.000 0.000 0.000 0.129 0 1 0 0 0 0
 24 39908.000 72110.000 0 0 0.000 0.000 0.000 0.128 0 1 0 0 0 0
 25 167153.000 103308.000 0 0 0.000 0.000 0.000 0.121 0 1 0 0 0 0
 26 137526.000 155805.000 0 0 0.000 0.000 0.000 0.122 0 1 0 0 0 0
 27 113810.000 30887.000 0 0 0.000 0.000 0.000 0.214 0 1 0 0 0 0
 28 102979.000 28178.000 0 0 0.000 0.000 0.000 0.125 0 1 0 0 0 0
 29 156676.000 144698.000 0 0 0.000 0.000 0.000 0.120 0 1 0 0 0 0
 30 54962.000 157492.000 0 0 0.000 0.000 0.000 0.123 0 1 0 0 0 0
 31 93385.000 174763.000 0 0 28.000 52.000 1456.000 38.157 0 1 1 200 0 0
 32 93509.000 174867.000 0 0 28.000 52.000 1456.000 38.157 0 1 1 200 0 0
 33 92928.000 174822.000 0 0 28.000 52.000 1456.000 38.157 0 1 1 200 0 0
 34 92449.000 174757.000 0 0 28.000 52.000 1456.000 38.157 0 1 1 200 0 0
 35 94850.000 175380.000 0 0 26.000 50.000 1300.000 36.055 0 1 2 210 0 0
 36 92183.000 175143.000 0 0 28.000 52.000 1456.000 38.157 0 1 1 200 0 0
 37 95355.000 175655.000 0 0 26.000 50.000 1300.000 36.055 0 1 2 210 0 0
 38 95123.000 175486.000 0 0 26.000 50.000 1300.000 36.055 0 1 2 210 0 0
 39 94691.000 175377.000 0 0 26.000 50.000 1300.000 36.055 0 1 2 210 0 0
 40 95529.000 175845.000 0 0 26.000 50.000 1300.000 36.055 0 1 2 210 0 0
 41 95768.000 176007.000 0 0 26.000 50.000 1300.000 36.055 0 1 2 210 0 0
 42 140474.000 165782.000 0 0 0.000 0.000 0.000 0.135 0 1 0 0 0 0
 43 92156.000 176778.000 0 0 28.000 52.000 1456.000 38.157 0 1 1 200 0 0
 44 106257.000 177576.000 0 0 0.000 0.000 0.000 0.485 0 1 0 0 0 0
 45 46291.000 164114.000 0 0 0.000 0.000 0.000 0.134 0 1 0 0 0 0
 46 13064.000 113866.000 0 0 0.000 0.000 0.000 0.344 0 1 0 0 0 0
 47 11381.000 129827.000 0 0 0.000 0.000 0.000 0.133 0 1 0 0 0 0
 48 9570.000 66463.000 0 0 0.000 0.000 0.000 0.140 0 1 0 0 0 0
 49 92366.000 174991.000 0 0 43.133 4.391 189.412 13.762 0 1 1 200 0 0
 50 92266.000 175151.000 0 0 144.102 14.831 2137.285 46.230 0 1 1 200 0 0
 51 92357.000 175332.000 0 0 148.058 15.021 2224.071 47.160 0 1 1 200 0 0
 52 92257.000 175322.000 0 0 10.828 1.113 12.055 3.472 0 1 1 200 0 0
 53 92408.000 175508.000 0 0 54.295 5.459 296.413 17.216 0 1 1 200 0 0
 54 92458.000 175685.000 0 0 72.557 7.230 524.638 22.904 0 1 1 200 0 0
 55 92306.000 175840.000 0 0 319.930 32.460 10385.194 101.907 0 1 1 200 0 0
 56 92154.000 175993.000 0 0 43.710 4.513 197.281 14.045 0 1 1 200 0 0;
ProcessEquipmentIDList 1
  "6620" ;
SummarySpec 5
  TESTNO    NDEFECT    DEFDENSITY    NDIE    NDEFDIE  ;
SummaryList 
  1    56    0.1965    1    1  ;
EndOfFile;
