FileVersion 1 2;
FileTimestamp 01-30-26 15:40:55;
InspectionStationID "KLA-Tencor" "SFSSP1" "0901-0728-TBI";
SampleType WAFER;
ResultTimestamp 01-30-26 15:19:07;
LotID "2850";
SampleSize 1 200;
DeviceID "None";
SetupID "T2-2850A" 01-30-26 15:19:07;
StepID "6855";
SampleOrientationMarkType NOTCH;
OrientationMarkLocation DOWN;
DiePitch 200000 200000;
DieOrigin 0 0;
WaferID "15";
Slot 15;
SampleCenterLocation 100000 100000;
ClassLookup 1
  0 "0"  ;
OrientationInstructions "Front";
CoordinatesMirrored No;
InspectionTest 1;
SampleTestPlan 1
  0 0 ;
AreaPerTest 2.85005e+010;
DefectRecordSpec 15 DEFECTID XREL YREL XINDEX YINDEX XSIZE YSIZE DEFECTAREA DSIZE CLASSNUMBER TEST CLUSTERNUMBER ROUGHBINNUMBER FINEBINNUMBER REVIEWSAMPLE ;
DefectList
 1 102365.000 100581.000 0 0 0.000 0.000 0.000 0.120 0 1 0 0 0 0
 2 97999.000 102513.000 0 0 0.000 0.000 0.000 0.120 0 1 0 0 0 0
 3 98431.000 96697.000 0 0 0.000 0.000 0.000 0.120 0 1 0 0 0 0
 4 103811.000 99268.000 0 0 0.000 0.000 0.000 0.120 0 1 0 0 0 0
 5 96987.000 102501.000 0 0 0.000 0.000 0.000 0.123 0 1 0 0 0 0
 6 103573.000 104213.000 0 0 0.000 0.000 0.000 0.120 0 1 0 0 0 0
 7 95283.000 103651.000 0 0 0.000 0.000 0.000 0.120 0 1 0 0 0 0
 8 106724.000 99914.000 0 0 0.000 0.000 0.000 0.120 0 1 0 0 0 0
 9 102831.000 93409.000 0 0 0.000 0.000 0.000 0.120 0 1 0 0 0 0
 10 105572.000 94671.000 0 0 0.000 0.000 0.000 0.121 0 1 0 0 0 0
 11 105338.000 105152.000 0 0 0.000 0.000 0.000 0.120 0 1 0 0 0 0
 12 104817.000 91570.000 0 0 0.000 0.000 0.000 0.120 0 1 0 0 0 0
 13 111071.000 101109.000 0 0 0.000 0.000 0.000 0.120 0 1 0 0 0 0
 14 109602.000 90791.000 0 0 0.000 0.000 0.000 0.120 0 1 0 0 0 0
 15 110271.000 108575.000 0 0 0.000 0.000 0.000 0.120 0 1 0 0 0 0
 16 119969.000 106880.000 0 0 0.000 0.000 0.000 0.120 0 1 0 0 0 0
 17 79727.000 93399.000 0 0 0.000 0.000 0.000 0.120 0 1 0 0 0 0
 18 79242.000 94533.000 0 0 0.000 0.000 0.000 0.120 0 1 0 0 0 0
 19 121640.000 101224.000 0 0 0.000 0.000 0.000 0.120 0 1 0 0 0 0
 20 78464.000 104608.000 0 0 0.000 0.000 0.000 0.120 0 1 0 0 0 0
 21 76987.000 97481.000 0 0 0.000 0.000 0.000 0.121 0 1 0 0 0 0
 22 82992.000 82864.000 0 0 0.000 0.000 0.000 0.121 0 1 0 0 0 0
 23 76700.000 93473.000 0 0 0.000 0.000 0.000 0.121 0 1 0 0 0 0
 24 114920.000 119484.000 0 0 0.000 0.000 0.000 0.158 0 1 0 0 0 0
 25 124441.000 105482.000 0 0 0.000 0.000 0.000 0.120 0 1 0 0 0 0
 26 125463.000 96868.000 0 0 0.000 0.000 0.000 0.120 0 1 0 0 0 0
 27 85789.000 121754.000 0 0 0.000 0.000 0.000 0.121 0 1 0 0 0 0
 28 126605.000 98989.000 0 0 0.000 0.000 0.000 0.143 0 1 0 0 0 0
 29 73641.000 95499.000 0 0 0.000 0.000 0.000 0.252 0 1 0 0 0 0
 30 99333.000 126695.000 0 0 0.000 0.000 0.000 0.121 0 1 0 0 0 0
 31 102260.000 126772.000 0 0 0.000 0.000 0.000 0.120 0 1 0 0 0 0
 32 95432.000 73043.000 0 0 0.000 0.000 0.000 0.120 0 1 0 0 0 0
 33 127131.000 94505.000 0 0 0.000 0.000 0.000 0.120 0 1 0 0 0 0
 34 75763.000 114523.000 0 0 0.000 0.000 0.000 0.120 0 1 0 0 0 0
 35 96208.000 71011.000 0 0 0.000 0.000 0.000 0.120 0 1 0 0 0 0
 36 119596.000 122038.000 0 0 0.000 0.000 0.000 0.120 0 1 0 0 0 0
 37 86295.000 126582.000 0 0 0.000 0.000 0.000 0.120 0 1 0 0 0 0
 38 87127.000 71183.000 0 0 0.000 0.000 0.000 0.120 0 1 0 0 0 0
 39 107046.000 130834.000 0 0 0.000 0.000 0.000 0.120 0 1 0 0 0 0
 40 85430.000 69321.000 0 0 0.000 0.000 0.000 0.123 0 1 0 0 0 0
 41 130769.000 85476.000 0 0 0.000 0.000 0.000 0.120 0 1 0 0 0 0
 42 92346.000 132942.000 0 0 0.000 0.000 0.000 0.121 0 1 0 0 0 0
 43 105264.000 66048.000 0 0 0.000 0.000 0.000 0.120 0 1 0 0 0 0
 44 90080.000 132487.000 0 0 0.000 0.000 0.000 0.122 0 1 0 0 0 0
 45 84323.000 69154.000 0 0 0.000 0.000 0.000 0.120 0 1 0 0 0 0
 46 132915.000 113032.000 0 0 0.000 0.000 0.000 0.120 0 1 0 0 0 0
 47 135564.000 95846.000 0 0 0.000 0.000 0.000 0.121 0 1 0 0 0 0
 48 65541.000 109103.000 0 0 0.000 0.000 0.000 0.121 0 1 0 0 0 0
 49 73135.000 124060.000 0 0 0.000 0.000 0.000 0.120 0 1 0 0 0 0
 50 115747.000 66419.000 0 0 0.000 0.000 0.000 0.122 0 1 0 0 0 0
 51 65104.000 112712.000 0 0 0.000 0.000 0.000 0.120 0 1 0 0 0 0
 52 73400.000 72697.000 0 0 0.000 0.000 0.000 0.120 0 1 0 0 0 0
 53 135304.000 114719.000 0 0 0.000 0.000 0.000 0.123 0 1 0 0 0 0
 54 77384.000 130635.000 0 0 0.000 0.000 0.000 0.120 0 1 0 0 0 0
 55 65592.000 82646.000 0 0 0.000 0.000 0.000 0.120 0 1 0 0 0 0
 56 122518.000 68404.000 0 0 0.000 0.000 0.000 0.121 0 1 0 0 0 0
 57 94500.000 138017.000 0 0 0.000 0.000 0.000 0.120 0 1 0 0 0 0
 58 131557.000 77124.000 0 0 0.000 0.000 0.000 0.120 0 1 0 0 0 0
 59 136895.000 113036.000 0 0 0.000 0.000 0.000 0.120 0 1 0 0 0 0
 60 140333.000 95330.000 0 0 0.000 0.000 0.000 0.120 0 1 0 0 0 0
 61 140388.000 103788.000 0 0 0.000 0.000 0.000 0.120 0 1 0 0 0 0
 62 114290.000 137736.000 0 0 0.000 0.000 0.000 0.120 0 1 0 0 0 0
 63 85255.000 138034.000 0 0 0.000 0.000 0.000 0.121 0 1 0 0 0 0
 64 82721.000 62360.000 0 0 0.000 0.000 0.000 0.120 0 1 0 0 0 0
 65 119528.000 136281.000 0 0 0.000 0.000 0.000 0.120 0 1 0 0 0 0
 66 130038.000 128539.000 0 0 0.000 0.000 0.000 0.120 0 1 0 0 0 0
 67 59791.000 89388.000 0 0 0.000 0.000 0.000 0.120 0 1 0 0 0 0
 68 93822.000 58623.000 0 0 0.000 0.000 0.000 0.120 0 1 0 0 0 0
 69 85080.000 138705.000 0 0 0.000 0.000 0.000 0.120 0 1 0 0 0 0
 70 88654.000 59428.000 0 0 0.000 0.000 0.000 0.120 0 1 0 0 0 0
 71 88162.000 140092.000 0 0 0.000 0.000 0.000 0.120 0 1 0 0 0 0
 72 66964.000 125933.000 0 0 0.000 0.000 0.000 0.120 0 1 0 0 0 0
 73 65112.000 123418.000 0 0 0.000 0.000 0.000 0.121 0 1 0 0 0 0
 74 60925.000 115997.000 0 0 0.000 0.000 0.000 0.120 0 1 0 0 0 0
 75 104399.000 57180.000 0 0 0.000 0.000 0.000 0.121 0 1 0 0 0 0
 76 75123.000 134860.000 0 0 0.000 0.000 0.000 0.120 0 1 0 0 0 0
 77 57321.000 106377.000 0 0 0.000 0.000 0.000 0.120 0 1 0 0 0 0
 78 56840.000 99663.000 0 0 0.000 0.000 0.000 0.120 0 1 0 0 0 0
 79 80583.000 138545.000 0 0 0.000 0.000 0.000 0.120 0 1 0 0 0 0
 80 57092.000 93562.000 0 0 0.000 0.000 0.000 0.120 0 1 0 0 0 0
 81 72558.000 65902.000 0 0 0.000 0.000 0.000 0.120 0 1 0 0 0 0
 82 94929.000 143215.000 0 0 0.000 0.000 0.000 0.120 0 1 0 0 0 0
 83 63979.000 124478.000 0 0 0.000 0.000 0.000 0.121 0 1 0 0 0 0
 84 59084.000 115056.000 0 0 0.000 0.000 0.000 0.121 0 1 0 0 0 0
 85 143761.000 95615.000 0 0 0.000 0.000 0.000 0.120 0 1 0 0 0 0
 86 91837.000 56580.000 0 0 0.000 0.000 0.000 0.121 0 1 0 0 0 0
 87 83133.000 140840.000 0 0 0.000 0.000 0.000 0.121 0 1 0 0 0 0
 88 57261.000 111634.000 0 0 0.000 0.000 0.000 0.120 0 1 0 0 0 0
 89 106511.000 55729.000 0 0 0.000 0.000 0.000 0.121 0 1 0 0 0 0
 90 63376.000 73478.000 0 0 0.000 0.000 0.000 0.121 0 1 0 0 0 0
 91 102239.000 54642.000 0 0 0.000 0.000 0.000 0.120 0 1 0 0 0 0
 92 120637.000 59138.000 0 0 0.000 0.000 0.000 0.121 0 1 0 0 0 0
 93 66062.000 69287.000 0 0 0.000 0.000 0.000 0.120 0 1 0 0 0 0
 94 120460.000 58649.000 0 0 0.000 0.000 0.000 0.120 0 1 0 0 0 0
 95 83683.000 56399.000 0 0 0.000 0.000 0.000 0.121 0 1 0 0 0 0
 96 107489.000 53976.000 0 0 0.000 0.000 0.000 0.120 0 1 0 0 0 0
 97 140217.000 123461.000 0 0 0.000 0.000 0.000 0.120 0 1 0 0 0 0
 98 80704.000 142202.000 0 0 0.000 0.000 0.000 0.121 0 1 0 0 0 0
 99 128107.000 137224.000 0 0 0.000 0.000 0.000 0.120 0 1 0 0 0 0
 100 75550.000 139648.000 0 0 0.000 0.000 0.000 0.120 0 1 0 0 0 0
 101 80507.000 56917.000 0 0 0.000 0.000 0.000 0.125 0 1 0 0 0 0
 102 77643.000 141224.000 0 0 0.000 0.000 0.000 0.121 0 1 0 0 0 0
 103 116108.000 55316.000 0 0 0.000 0.000 0.000 0.121 0 1 0 0 0 0
 104 56575.000 118343.000 0 0 0.000 0.000 0.000 0.120 0 1 0 0 0 0
 105 103595.000 147128.000 0 0 0.000 0.000 0.000 0.121 0 1 0 0 0 0
 106 92095.000 52879.000 0 0 0.000 0.000 0.000 0.121 0 1 0 0 0 0
 107 108769.000 53027.000 0 0 0.000 0.000 0.000 0.122 0 1 0 0 0 0
 108 145899.000 112822.000 0 0 0.000 0.000 0.000 0.122 0 1 0 0 0 0
 109 135410.000 131961.000 0 0 0.000 0.000 0.000 0.120 0 1 0 0 0 0
 110 106889.000 147090.000 0 0 0.000 0.000 0.000 0.120 0 1 0 0 0 0
 111 114839.000 54060.000 0 0 0.000 0.000 0.000 0.120 0 1 0 0 0 0
 112 75870.000 141597.000 0 0 0.000 0.000 0.000 0.121 0 1 0 0 0 0
 113 58520.000 75060.000 0 0 0.000 0.000 0.000 0.120 0 1 0 0 0 0
 114 145592.000 82591.000 0 0 0.000 0.000 0.000 0.120 0 1 0 0 0 0
 115 140615.000 126681.000 0 0 0.000 0.000 0.000 0.120 0 1 0 0 0 0
 116 90890.000 51891.000 0 0 0.000 0.000 0.000 0.120 0 1 0 0 0 0
 117 148810.000 97001.000 0 0 0.000 0.000 0.000 0.120 0 1 0 0 0 0
 118 141529.000 125565.000 0 0 0.000 0.000 0.000 0.120 0 1 0 0 0 0
 119 52709.000 87684.000 0 0 0.000 0.000 0.000 0.120 0 1 0 0 0 0
 120 54489.000 82193.000 0 0 0.000 0.000 0.000 0.120 0 1 0 0 0 0
 121 126620.000 58644.000 0 0 0.000 0.000 0.000 0.120 0 1 0 0 0 0
 122 65498.000 134450.000 0 0 0.000 0.000 0.000 0.120 0 1 0 0 0 0
 123 55299.000 119726.000 0 0 0.000 0.000 0.000 0.120 0 1 0 0 0 0
 124 131400.000 137735.000 0 0 0.000 0.000 0.000 0.120 0 1 0 0 0 0
 125 52080.000 88950.000 0 0 0.000 0.000 0.000 0.120 0 1 0 0 0 0
 126 78729.000 55395.000 0 0 0.000 0.000 0.000 0.120 0 1 0 0 0 0
 127 147121.000 115186.000 0 0 0.000 0.000 0.000 0.120 0 1 0 0 0 0
 128 91154.000 148479.000 0 0 0.000 0.000 0.000 0.120 0 1 0 0 0 0
 129 67027.000 62831.000 0 0 0.000 0.000 0.000 0.121 0 1 0 0 0 0
 130 73344.000 58030.000 0 0 0.000 0.000 0.000 0.120 0 1 0 0 0 0
 131 149737.000 98926.000 0 0 0.000 0.000 0.000 0.120 0 1 0 0 0 0
 132 149364.000 105953.000 0 0 0.000 0.000 0.000 0.120 0 1 0 0 0 0
 133 124758.000 142882.000 0 0 0.000 0.000 0.000 0.120 0 1 0 0 0 0
 134 139259.000 68759.000 0 0 0.000 0.000 0.000 0.120 0 1 0 0 0 0
 135 54958.000 78084.000 0 0 0.000 0.000 0.000 0.120 0 1 0 0 0 0
 136 61776.000 67522.000 0 0 0.000 0.000 0.000 0.123 0 1 0 0 0 0
 137 140050.000 69460.000 0 0 0.000 0.000 0.000 0.125 0 1 0 0 0 0
 138 148744.000 87544.000 0 0 0.000 0.000 0.000 0.120 0 1 0 0 0 0
 139 56763.000 74341.000 0 0 0.000 0.000 0.000 0.120 0 1 0 0 0 0
 140 149260.000 110583.000 0 0 0.000 0.000 0.000 0.120 0 1 0 0 0 0
 141 148090.000 115558.000 0 0 0.000 0.000 0.000 0.120 0 1 0 0 0 0
 142 149329.000 87846.000 0 0 0.000 0.000 0.000 0.120 0 1 0 0 0 0
 143 99412.000 150470.000 0 0 0.000 0.000 0.000 0.121 0 1 0 0 0 0
 144 65964.000 62191.000 0 0 0.000 0.000 0.000 0.120 0 1 0 0 0 0
 145 119665.000 147273.000 0 0 0.000 0.000 0.000 0.120 0 1 0 0 0 0
 146 93938.000 150814.000 0 0 0.000 0.000 0.000 0.120 0 1 0 0 0 0
 147 82436.000 51077.000 0 0 0.000 0.000 0.000 0.121 0 1 0 0 0 0
 148 113401.000 149937.000 0 0 0.000 0.000 0.000 0.120 0 1 0 0 0 0
 149 122109.000 146950.000 0 0 0.000 0.000 0.000 0.121 0 1 0 0 0 0
 150 141007.000 67388.000 0 0 0.000 0.000 0.000 0.120 0 1 0 0 0 0
 151 121486.000 147434.000 0 0 0.000 0.000 0.000 0.120 0 1 0 0 0 0
 152 75916.000 53187.000 0 0 0.000 0.000 0.000 0.120 0 1 0 0 0 0
 153 99446.000 47134.000 0 0 0.000 0.000 0.000 0.120 0 1 0 0 0 0
 154 84756.000 49219.000 0 0 0.000 0.000 0.000 0.120 0 1 0 0 0 0
 155 122489.000 147723.000 0 0 0.000 0.000 0.000 0.120 0 1 0 0 0 0
 156 131723.000 57199.000 0 0 0.000 0.000 0.000 0.120 0 1 0 0 0 0
 157 138290.000 62974.000 0 0 0.000 0.000 0.000 0.121 0 1 0 0 0 0
 158 103476.000 46715.000 0 0 0.000 0.000 0.000 0.120 0 1 0 0 0 0
 159 149617.000 80384.000 0 0 0.000 0.000 0.000 0.120 0 1 0 0 0 0
 160 83106.000 49245.000 0 0 0.000 0.000 0.000 0.120 0 1 0 0 0 0
 161 142704.000 67362.000 0 0 0.000 0.000 0.000 0.121 0 1 0 0 0 0
 162 152319.000 87960.000 0 0 0.000 0.000 0.000 0.120 0 1 0 0 0 0
 163 148845.000 122377.000 0 0 0.000 0.000 0.000 0.120 0 1 0 0 0 0
 164 149595.000 78073.000 0 0 0.000 0.000 0.000 0.120 0 1 0 0 0 0
 165 151158.000 81568.000 0 0 0.000 0.000 0.000 0.120 0 1 0 0 0 0
 166 152784.000 112632.000 0 0 0.000 0.000 0.000 0.120 0 1 0 0 0 0
 167 129173.000 53857.000 0 0 0.000 0.000 0.000 0.120 0 1 0 0 0 0
 168 101101.000 45243.000 0 0 0.000 0.000 0.000 0.120 0 1 0 0 0 0
 169 126401.000 51976.000 0 0 0.000 0.000 0.000 0.121 0 1 0 0 0 0
 170 143041.000 66107.000 0 0 0.000 0.000 0.000 0.120 0 1 0 0 0 0
 171 153868.000 109222.000 0 0 0.000 0.000 0.000 0.120 0 1 0 0 0 0
 172 123045.000 50095.000 0 0 0.000 0.000 0.000 0.120 0 1 0 0 0 0
 173 132984.000 56034.000 0 0 0.000 0.000 0.000 0.120 0 1 0 0 0 0
 174 131970.000 54864.000 0 0 0.000 0.000 0.000 0.120 0 1 0 0 0 0
 175 152348.000 82213.000 0 0 0.000 0.000 0.000 0.121 0 1 0 0 0 0
 176 153407.000 84578.000 0 0 0.000 0.000 0.000 0.120 0 1 0 0 0 0
 177 127001.000 50962.000 0 0 0.000 0.000 0.000 0.120 0 1 0 0 0 0
 178 154957.000 109797.000 0 0 0.000 0.000 0.000 0.121 0 1 0 0 0 0
 179 153971.000 114298.000 0 0 0.000 0.000 0.000 0.120 0 1 0 0 0 0
 180 113247.000 45466.000 0 0 0.000 0.000 0.000 0.121 0 1 0 0 0 0
 181 154597.000 86445.000 0 0 0.000 0.000 0.000 0.121 0 1 0 0 0 0
 182 44053.000 103918.000 0 0 0.000 0.000 0.000 0.121 0 1 0 0 0 0
 183 156269.000 103302.000 0 0 0.000 0.000 0.000 0.121 0 1 0 0 0 0
 184 113224.000 44212.000 0 0 0.000 0.000 0.000 0.122 0 1 0 0 0 0
 185 44743.000 84650.000 0 0 0.000 0.000 0.000 0.121 0 1 0 0 0 0
 186 72998.000 48601.000 0 0 0.000 0.000 0.000 0.120 0 1 0 0 0 0
 187 154026.000 77652.000 0 0 0.000 0.000 0.000 0.120 0 1 0 0 0 0
 188 41620.000 107919.000 0 0 0.000 0.000 0.000 0.120 0 1 0 0 0 0
 189 41892.000 110709.000 0 0 0.000 0.000 0.000 0.120 0 1 0 0 0 0
 190 40886.000 97376.000 0 0 0.000 0.000 0.000 0.122 0 1 0 0 0 0
 191 159379.000 93131.000 0 0 0.000 0.000 0.000 0.120 0 1 0 0 0 0
 192 72048.000 152488.000 0 0 0.000 0.000 0.000 0.120 0 1 0 0 0 0
 193 49124.000 67887.000 0 0 0.000 0.000 0.000 0.121 0 1 0 0 0 0
 194 45248.000 74044.000 0 0 0.000 0.000 0.000 0.121 0 1 0 0 0 0
 195 78730.000 156599.000 0 0 0.000 0.000 0.000 0.120 0 1 0 0 0 0
 196 60140.000 53750.000 0 0 0.000 0.000 0.000 0.120 0 1 0 0 0 0
 197 101517.000 161018.000 0 0 0.000 0.000 0.000 0.120 0 1 0 0 0 0
 198 57044.000 56145.000 0 0 0.000 0.000 0.000 0.120 0 1 0 0 0 0
 199 59766.000 53348.000 0 0 0.000 0.000 0.000 0.120 0 1 0 0 0 0
 200 140499.000 53151.000 0 0 0.000 0.000 0.000 0.120 0 1 0 0 0 0
 201 136675.000 149729.000 0 0 0.000 0.000 0.000 0.120 0 1 0 0 0 0
 202 45794.000 69875.000 0 0 0.000 0.000 0.000 0.120 0 1 0 0 0 0
 203 73738.000 43522.000 0 0 0.000 0.000 0.000 0.121 0 1 0 0 0 0
 204 131575.000 153283.000 0 0 0.000 0.000 0.000 0.120 0 1 0 0 0 0
 205 126521.000 155988.000 0 0 0.000 0.000 0.000 0.120 0 1 0 0 0 0
 206 73140.000 155719.000 0 0 0.000 0.000 0.000 0.120 0 1 0 0 0 0
 207 38055.000 96310.000 0 0 0.000 0.000 0.000 0.120 0 1 0 0 0 0
 208 50131.000 136909.000 0 0 0.000 0.000 0.000 0.120 0 1 0 0 0 0
 209 39471.000 114096.000 0 0 0.000 0.000 0.000 0.120 0 1 0 0 0 0
 210 40146.000 117379.000 0 0 0.000 0.000 0.000 0.120 0 1 0 0 0 0
 211 106217.000 162072.000 0 0 0.000 0.000 0.000 0.120 0 1 0 0 0 0
 212 81823.000 39813.000 0 0 0.000 0.000 0.000 0.120 0 1 0 0 0 0
 213 101826.000 162531.000 0 0 0.000 0.000 0.000 0.120 0 1 0 0 0 0
 214 81479.000 39731.000 0 0 0.000 0.000 0.000 0.120 0 1 0 0 0 0
 215 71274.000 155730.000 0 0 0.000 0.000 0.000 0.120 0 1 0 0 0 0
 216 38842.000 84297.000 0 0 0.000 0.000 0.000 0.121 0 1 0 0 0 0
 217 144108.000 145226.000 0 0 0.000 0.000 0.000 0.121 0 1 0 0 0 0
 218 50896.000 59877.000 0 0 0.000 0.000 0.000 0.120 0 1 0 0 0 0
 219 85501.000 37924.000 0 0 0.000 0.000 0.000 0.120 0 1 0 0 0 0
 220 99222.000 36237.000 0 0 0.000 0.000 0.000 0.120 0 1 0 0 0 0
 221 100684.000 36233.000 0 0 0.000 0.000 0.000 0.120 0 1 0 0 0 0
 222 144497.000 145338.000 0 0 0.000 0.000 0.000 0.120 0 1 0 0 0 0
 223 143050.000 146687.000 0 0 0.000 0.000 0.000 0.120 0 1 0 0 0 0
 224 105273.000 36267.000 0 0 0.000 0.000 0.000 0.120 0 1 0 0 0 0
 225 149290.000 140299.000 0 0 0.000 0.000 0.000 0.120 0 1 0 0 0 0
 226 52983.000 56632.000 0 0 0.000 0.000 0.000 0.120 0 1 0 0 0 0
 227 146350.000 143980.000 0 0 0.000 0.000 0.000 0.120 0 1 0 0 0 0
 228 58617.000 51000.000 0 0 0.000 0.000 0.000 0.120 0 1 0 0 0 0
 229 64937.000 46256.000 0 0 0.000 0.000 0.000 0.120 0 1 0 0 0 0
 230 127636.000 41919.000 0 0 0.000 0.000 0.000 0.120 0 1 0 0 0 0
 231 131972.000 43586.000 0 0 0.000 0.000 0.000 0.120 0 1 0 0 0 0
 232 106045.000 164136.000 0 0 0.000 0.000 0.000 0.120 0 1 0 0 0 0
 233 123048.000 39019.000 0 0 0.000 0.000 0.000 0.120 0 1 0 0 0 0
 234 117724.000 162478.000 0 0 0.000 0.000 0.000 0.120 0 1 0 0 0 0
 235 147066.000 53847.000 0 0 0.000 0.000 0.000 0.123 0 1 0 0 0 0
 236 153568.000 61745.000 0 0 0.000 0.000 0.000 0.120 0 1 0 0 0 0
 237 131626.000 157336.000 0 0 0.000 0.000 0.000 0.120 0 1 0 0 0 0
 238 128222.000 159087.000 0 0 0.000 0.000 0.000 0.120 0 1 0 0 0 0
 239 79637.000 37272.000 0 0 0.000 0.000 0.000 0.120 0 1 0 0 0 0
 240 148842.000 55623.000 0 0 0.000 0.000 0.000 0.121 0 1 0 0 0 0
 241 165521.000 92845.000 0 0 0.000 0.000 0.000 0.121 0 1 0 0 0 0
 242 91312.000 34250.000 0 0 0.000 0.000 0.000 0.122 0 1 0 0 0 0
 243 159358.000 70436.000 0 0 0.000 0.000 0.000 0.120 0 1 0 0 0 0
 244 159485.000 128859.000 0 0 0.000 0.000 0.000 0.120 0 1 0 0 0 0
 245 146601.000 146803.000 0 0 0.000 0.000 0.000 0.120 0 1 0 0 0 0
 246 166299.000 103866.000 0 0 0.000 0.000 0.000 0.121 0 1 0 0 0 0
 247 99056.000 33048.000 0 0 0.000 0.000 0.000 0.125 0 1 0 0 0 0
 248 136738.000 43961.000 0 0 0.000 0.000 0.000 0.120 0 1 0 0 0 0
 249 136898.000 44037.000 0 0 0.000 0.000 0.000 0.120 0 1 0 0 0 0
 250 130804.000 40076.000 0 0 0.000 0.000 0.000 0.120 0 1 0 0 0 0
 251 137411.000 43954.000 0 0 0.000 0.000 0.000 0.120 0 1 0 0 0 0
 252 165941.000 113008.000 0 0 0.000 0.000 0.000 0.120 0 1 0 0 0 0
 253 150073.000 144656.000 0 0 0.000 0.000 0.000 0.121 0 1 0 0 0 0
 254 118801.000 34971.000 0 0 0.000 0.000 0.000 0.121 0 1 0 0 0 0
 255 98185.000 167295.000 0 0 0.000 0.000 0.000 0.121 0 1 0 0 0 0
 256 154270.000 59215.000 0 0 0.000 0.000 0.000 0.120 0 1 0 0 0 0
 257 167736.000 101934.000 0 0 0.000 0.000 0.000 0.120 0 1 0 0 0 0
 258 165653.000 116498.000 0 0 0.000 0.000 0.000 0.121 0 1 0 0 0 0
 259 99406.000 167659.000 0 0 0.000 0.000 0.000 0.120 0 1 0 0 0 0
 260 75222.000 36542.000 0 0 0.000 0.000 0.000 0.120 0 1 0 0 0 0
 261 67342.000 40075.000 0 0 0.000 0.000 0.000 0.121 0 1 0 0 0 0
 262 128755.000 161872.000 0 0 0.000 0.000 0.000 0.120 0 1 0 0 0 0
 263 157794.000 62848.000 0 0 0.000 0.000 0.000 0.121 0 1 0 0 0 0
 264 168528.000 93620.000 0 0 0.000 0.000 0.000 0.120 0 1 0 0 0 0
 265 168809.000 95731.000 0 0 0.000 0.000 0.000 0.120 0 1 0 0 0 0
 266 168947.000 98898.000 0 0 0.000 0.000 0.000 0.121 0 1 0 0 0 0
 267 70326.000 37590.000 0 0 0.000 0.000 0.000 0.120 0 1 0 0 0 0
 268 103894.000 169589.000 0 0 0.000 0.000 0.000 0.120 0 1 0 0 0 0
 269 118777.000 167318.000 0 0 0.000 0.000 0.000 0.120 0 1 0 0 0 0
 270 121324.000 32530.000 0 0 0.000 0.000 0.000 0.121 0 1 0 0 0 0
 271 120007.000 31935.000 0 0 0.000 0.000 0.000 0.120 0 1 0 0 0 0
 272 74490.000 33309.000 0 0 0.000 0.000 0.000 0.120 0 1 0 0 0 0
 273 148923.000 47265.000 0 0 0.000 0.000 0.000 0.120 0 1 0 0 0 0
 274 154491.000 147625.000 0 0 0.000 0.000 0.000 0.120 0 1 0 0 0 0
 275 29088.000 115259.000 0 0 0.000 0.000 0.000 0.120 0 1 0 0 0 0
 276 144153.000 40818.000 0 0 0.000 0.000 0.000 0.120 0 1 0 0 0 0
 277 164071.000 136884.000 0 0 0.000 0.000 0.000 0.120 0 1 0 0 0 0
 278 52900.000 41822.000 0 0 0.000 0.000 0.000 0.120 0 1 0 0 0 0
 279 178080.000 92124.000 0 0 0.000 0.000 0.000 0.120 0 1 0 0 0 0
 280 138656.000 23924.000 0 0 0.000 0.000 0.000 0.231 0 1 0 0 0 0
 281 19475.000 69110.000 0 0 0.000 0.000 0.000 0.255 0 1 0 0 0 0
 282 172252.000 153284.000 0 0 0.000 0.000 0.000 0.264 0 1 0 0 0 0
 283 11210.000 69976.000 0 0 0.000 0.000 0.000 0.144 0 1 0 0 0 0
 284 13209.000 64399.000 0 0 0.000 0.000 0.000 0.123 0 1 0 0 0 0
 285 10697.000 69747.000 0 0 0.000 0.000 0.000 0.138 0 1 0 0 0 0
 286 10649.000 69636.000 0 0 0.000 0.000 0.000 0.124 0 1 0 0 0 0
 287 11303.000 68082.000 0 0 0.000 0.000 0.000 0.404 0 1 0 0 0 0
 288 11162.000 68132.000 0 0 0.000 0.000 0.000 0.235 0 1 0 0 0 0
 289 11839.000 66448.000 0 0 0.000 0.000 0.000 0.134 0 1 0 0 0 0
 290 12957.000 63731.000 0 0 0.000 0.000 0.000 0.133 0 1 0 0 0 0
 291 13039.000 63250.000 0 0 0.000 0.000 0.000 0.142 0 1 0 0 0 0
 292 8649.000 75359.000 0 0 0.000 0.000 0.000 0.125 0 1 0 0 0 0
 293 12020.000 65095.000 0 0 0.000 0.000 0.000 0.145 0 1 0 0 0 0
 294 15582.000 56975.000 0 0 0.000 0.000 0.000 0.121 0 1 0 0 0 0
 295 11429.000 65230.000 0 0 0.000 0.000 0.000 0.120 0 1 0 0 0 0
 296 11589.000 64552.000 0 0 0.000 0.000 0.000 0.133 0 1 0 0 0 0
 297 14931.000 57315.000 0 0 0.000 0.000 0.000 0.130 0 1 0 0 0 0
 298 15122.000 56870.000 0 0 0.000 0.000 0.000 0.130 0 1 0 0 0 0
 299 9779.000 69077.000 0 0 0.000 0.000 0.000 200000.000 0 1 0 200 0 0
 300 10328.000 67855.000 0 0 0.000 0.000 0.000 0.126 0 1 0 0 0 0
 301 15080.000 56191.000 0 0 0.000 0.000 0.000 0.131 0 1 0 0 0 0
 302 9807.000 67670.000 0 0 0.000 0.000 0.000 0.137 0 1 0 0 0 0
 303 9639.000 66988.000 0 0 0.000 0.000 0.000 0.125 0 1 0 0 0 0
 304 10726.000 64164.000 0 0 0.000 0.000 0.000 0.123 0 1 0 0 0 0
 305 8893.000 68800.000 0 0 0.000 0.000 0.000 0.120 0 1 0 0 0 0
 306 14768.000 55061.000 0 0 0.000 0.000 0.000 0.126 0 1 0 0 0 0
 307 13615.000 56814.000 0 0 0.000 0.000 0.000 0.121 0 1 0 0 0 0
 308 15188.000 53996.000 0 0 0.000 0.000 0.000 0.154 0 1 0 0 0 0
 309 8851.000 67714.000 0 0 0.000 0.000 0.000 0.120 0 1 0 0 0 0
 310 6509.000 74984.000 0 0 0.000 0.000 0.000 0.142 0 1 0 0 0 0
 311 6423.000 74683.000 0 0 0.000 0.000 0.000 0.127 0 1 0 0 0 0
 312 4572.000 82749.000 0 0 0.000 0.000 0.000 0.150 0 1 0 0 0 0
 313 4817.000 82508.000 0 0 0.000 0.000 0.000 0.146 0 1 0 0 0 0;
ProcessEquipmentIDList 1
  "6620" ;
SummarySpec 5
  TESTNO    NDEFECT    DEFDENSITY    NDIE    NDEFDIE  ;
SummaryList 
  1    313    1.098    1    1  ;
EndOfFile;
