FileVersion 1 2;
FileTimestamp 01-30-26 15:41:29;
InspectionStationID "KLA-Tencor" "SFSSP1" "0901-0728-TBI";
SampleType WAFER;
ResultTimestamp 01-30-26 15:19:07;
LotID "2850";
SampleSize 1 200;
DeviceID "None";
SetupID "T2-2850A" 01-30-26 15:19:07;
StepID "6855";
SampleOrientationMarkType NOTCH;
OrientationMarkLocation DOWN;
DiePitch 200000 200000;
DieOrigin 0 0;
WaferID "16";
Slot 16;
SampleCenterLocation 100000 100000;
ClassLookup 1
  0 "0"  ;
OrientationInstructions "Front";
CoordinatesMirrored No;
InspectionTest 1;
SampleTestPlan 1
  0 0 ;
AreaPerTest 2.85004e+010;
ClusterClassificationList 3
  3 200 
  1 200 
  2 200 ;
DefectRecordSpec 15 DEFECTID XREL YREL XINDEX YINDEX XSIZE YSIZE DEFECTAREA DSIZE CLASSNUMBER TEST CLUSTERNUMBER ROUGHBINNUMBER FINEBINNUMBER REVIEWSAMPLE ;
DefectList
 1 92304.000 84291.000 0 0 0.000 0.000 0.000 0.153 0 1 0 0 0 0
 2 74610.000 89885.000 0 0 0.000 0.000 0.000 0.122 0 1 0 0 0 0
 3 50948.000 80844.000 0 0 0.000 0.000 0.000 0.130 0 1 0 0 0 0
 4 67483.000 150541.000 0 0 48.000 56.000 2688.000 51.845 0 1 3 200 0 0
 5 142375.000 147055.000 0 0 0.000 0.000 0.000 0.226 0 1 0 0 0 0
 6 164111.000 95025.000 0 0 0.000 0.000 0.000 0.120 0 1 0 0 0 0
 7 143585.000 149732.000 0 0 0.000 0.000 0.000 0.231 0 1 0 0 0 0
 8 143810.000 151022.000 0 0 0.000 0.000 0.000 0.216 0 1 0 0 0 0
 9 143917.000 151866.000 0 0 0.000 0.000 0.000 0.203 0 1 0 0 0 0
 10 143959.000 152136.000 0 0 0.000 0.000 0.000 0.201 0 1 0 0 0 0
 11 33106.000 52473.000 0 0 0.000 0.000 0.000 0.134 0 1 0 0 0 0
 12 172400.000 140657.000 0 0 0.000 0.000 0.000 0.120 0 1 0 0 0 0
 13 161337.000 42904.000 0 0 0.000 0.000 0.000 0.147 0 1 0 0 0 0
 14 145357.000 172682.000 0 0 0.000 0.000 0.000 0.141 0 1 0 0 0 0
 15 12998.000 83949.000 0 0 0.000 0.000 0.000 0.234 0 1 0 0 0 0
 16 167280.000 38421.000 0 0 0.000 0.000 0.000 0.220 0 1 0 0 0 0
 17 45322.000 26734.000 0 0 0.000 0.000 0.000 0.123 0 1 0 0 0 0
 18 85503.000 9735.000 0 0 0.000 0.000 0.000 0.336 0 1 0 0 0 0
 19 85805.000 9462.000 0 0 0.000 0.000 0.000 0.125 0 1 0 0 0 0
 20 85968.000 9367.000 0 0 0.000 0.000 0.000 0.130 0 1 0 0 0 0
 21 191087.000 113393.000 0 0 0.000 0.000 0.000 0.146 0 1 0 0 0 0
 22 46797.000 24032.000 0 0 0.000 0.000 0.000 0.120 0 1 0 0 0 0
 23 45883.000 22796.000 0 0 48.000 54.000 2592.000 50.911 0 1 1 200 0 0
 24 38428.000 28095.000 0 0 0.000 0.000 0.000 0.120 0 1 0 0 0 0
 25 45476.000 22485.000 0 0 48.000 54.000 2592.000 50.911 0 1 1 200 0 0
 26 44450.000 22715.000 0 0 48.000 56.000 2688.000 51.845 0 1 1 200 0 0
 27 44791.000 22721.000 0 0 48.000 54.000 2592.000 50.911 0 1 1 200 0 0
 28 44921.000 22646.000 0 0 48.000 54.000 2592.000 50.911 0 1 1 200 0 0
 29 40338.000 25530.000 0 0 50.000 54.000 2700.000 51.961 0 1 2 200 0 0
 30 40975.000 24848.000 0 0 0.000 0.000 0.000 0.229 0 1 0 0 0 0
 31 178161.000 44810.000 0 0 0.000 0.000 0.000 0.124 0 1 0 0 0 0
 32 178211.000 44529.000 0 0 0.000 0.000 0.000 0.148 0 1 0 0 0 0
 33 178186.000 44658.000 0 0 0.000 0.000 0.000 0.151 0 1 0 0 0 0
 34 33289.000 30950.000 0 0 0.000 0.000 0.000 0.168 0 1 0 0 0 0
 35 39124.000 25696.000 0 0 50.000 54.000 2700.000 51.961 0 1 2 200 0 0
 36 39521.000 25060.000 0 0 50.000 54.000 2700.000 51.961 0 1 2 200 0 0
 37 35510.000 28038.000 0 0 0.000 0.000 0.000 0.121 0 1 0 0 0 0
 38 43599.000 21268.000 0 0 0.000 0.000 0.000 0.128 0 1 0 0 0 0
 39 68421.000 149647.000 0 0 83.296 52.982 4413.222 66.432 0 1 3 200 0 0
 40 68329.000 149790.000 0 0 176.628 112.351 19844.510 140.870 0 1 3 200 0 0
 41 68309.000 149979.000 0 0 21.567 13.676 294.966 17.174 0 1 3 200 0 0
 42 68231.000 149930.000 0 0 129.246 82.235 10628.685 103.095 0 1 3 200 0 0
 43 68100.000 149845.000 0 0 26.287 16.823 442.263 21.030 0 1 3 200 0 0
 44 68053.000 150017.000 0 0 381.235 243.502 92831.760 304.683 0 1 3 200 0 0
 45 68084.000 150239.000 0 0 228.790 145.347 33254.265 182.357 0 1 3 200 0 0
 46 67994.000 150381.000 0 0 234.449 148.942 34919.473 186.867 0 1 3 200 0 0
 47 67839.000 150485.000 0 0 360.599 229.713 82834.670 287.810 0 1 3 200 0 0
 48 67897.000 150724.000 0 0 19.446 12.307 239.343 15.470 0 1 3 200 0 0
 49 67800.000 150662.000 0 0 169.998 108.049 18368.346 135.529 0 1 3 200 0 0
 50 67628.000 150553.000 0 0 7.267 4.654 33.825 5.815 0 1 3 200 0 0
 51 67689.000 150793.000 0 0 219.146 139.404 30549.971 174.785 0 1 3 200 0 0
 52 39708.000 25998.000 0 0 131.268 106.949 14039.141 118.486 0 1 2 200 0 0
 53 39565.000 25895.000 0 0 216.683 176.710 38290.326 195.679 0 1 2 200 0 0
 54 39405.000 25806.000 0 0 298.774 244.011 72904.212 270.007 0 1 2 200 0 0
 55 39206.000 25751.000 0 0 135.247 110.739 14977.210 122.381 0 1 2 200 0 0
 56 39337.000 25640.000 0 0 89.105 72.692 6477.265 80.481 0 1 2 200 0 0
 57 39260.000 25485.000 0 0 21.425 17.464 374.195 19.344 0 1 2 200 0 0;
ProcessEquipmentIDList 1
  "6620" ;
SummarySpec 5
  TESTNO    NDEFECT    DEFDENSITY    NDIE    NDEFDIE  ;
SummaryList 
  1    57    0.2    1    1  ;
EndOfFile;
