FileVersion 1 2;
FileTimestamp 01-30-26 13:13:35;
InspectionStationID "KLA-Tencor" "SFSSP1" "0901-0728-TBI";
SampleType WAFER;
ResultTimestamp 01-30-26 13:08:56;
LotID "2850";
SampleSize 1 200;
DeviceID "None";
SetupID "T2-2850A" 01-30-26 13:08:56;
StepID "6855";
SampleOrientationMarkType NOTCH;
OrientationMarkLocation DOWN;
DiePitch 200000 200000;
DieOrigin 0 0;
WaferID "07";
Slot 7;
SampleCenterLocation 100000 100000;
ClassLookup 1
  0 "0"  ;
OrientationInstructions "Front";
CoordinatesMirrored No;
InspectionTest 1;
SampleTestPlan 1
  0 0 ;
AreaPerTest 2.85013e+010;
ClusterClassificationList 1
  1 200 ;
DefectRecordSpec 15 DEFECTID XREL YREL XINDEX YINDEX XSIZE YSIZE DEFECTAREA DSIZE CLASSNUMBER TEST CLUSTERNUMBER ROUGHBINNUMBER FINEBINNUMBER REVIEWSAMPLE ;
DefectList
 1 89808.000 127960.000 0 0 0.000 0.000 0.000 0.272 0 1 0 0 0 0
 2 62021.000 77896.000 0 0 0.000 0.000 0.000 0.142 0 1 0 0 0 0
 3 95952.000 146876.000 0 0 0.000 0.000 0.000 200000.000 0 1 0 200 0 0
 4 137774.000 36188.000 0 0 0.000 0.000 0.000 0.219 0 1 0 0 0 0
 5 174048.000 114064.000 0 0 0.000 0.000 0.000 0.121 0 1 0 0 0 0
 6 28172.000 70551.000 0 0 0.000 0.000 0.000 0.209 0 1 0 0 0 0
 7 30493.000 60063.000 0 0 0.000 0.000 0.000 0.309 0 1 0 0 0 0
 8 26796.000 66766.000 0 0 0.000 0.000 0.000 200000.000 0 1 0 200 0 0
 9 63112.000 28583.000 0 0 0.000 0.000 0.000 0.121 0 1 0 0 0 0
 10 32168.000 53982.000 0 0 0.000 0.000 0.000 200000.000 0 1 0 200 0 0
 11 29752.000 57103.000 0 0 0.000 0.000 0.000 200000.000 0 1 0 200 0 0
 12 22376.000 68343.000 0 0 0.000 0.000 0.000 200000.000 0 1 0 200 0 0
 13 27654.000 57331.000 0 0 0.000 0.000 0.000 200000.000 0 1 0 200 0 0
 14 18209.000 79775.000 0 0 0.000 0.000 0.000 200000.000 0 1 0 200 0 0
 15 26149.000 58448.000 0 0 0.000 0.000 0.000 200000.000 0 1 0 200 0 0
 16 36434.000 42583.000 0 0 0.000 0.000 0.000 0.408 0 1 0 0 0 0
 17 34483.000 44746.000 0 0 0.000 0.000 0.000 0.262 0 1 0 0 0 0
 18 21134.000 65690.000 0 0 0.000 0.000 0.000 200000.000 0 1 0 200 0 0
 19 148412.000 27776.000 0 0 0.000 0.000 0.000 0.126 0 1 0 0 0 0
 20 13098.000 91387.000 0 0 0.000 0.000 0.000 0.212 0 1 0 0 0 0
 21 19912.000 63055.000 0 0 0.000 0.000 0.000 200000.000 0 1 0 200 0 0
 22 23624.000 54565.000 0 0 0.000 0.000 0.000 200000.000 0 1 0 200 0 0
 23 12088.000 85843.000 0 0 0.000 0.000 0.000 0.159 0 1 0 0 0 0
 24 24603.000 52370.000 0 0 0.000 0.000 0.000 0.352 0 1 0 0 0 0
 25 179967.000 139100.000 0 0 0.000 0.000 0.000 200000.000 0 1 0 200 0 0
 26 32178.000 41642.000 0 0 0.000 0.000 0.000 0.123 0 1 0 0 0 0
 27 11665.000 86509.000 0 0 0.000 0.000 0.000 0.469 0 1 0 0 0 0
 28 11896.000 83432.000 0 0 0.000 0.000 0.000 0.138 0 1 0 0 0 0
 29 11818.000 81799.000 0 0 0.000 0.000 0.000 0.230 0 1 0 0 0 0
 30 11765.000 81462.000 0 0 0.000 0.000 0.000 0.156 0 1 0 0 0 0
 31 13954.000 73453.000 0 0 0.000 0.000 0.000 0.280 0 1 0 0 0 0
 32 11626.000 81712.000 0 0 0.000 0.000 0.000 0.244 0 1 0 0 0 0
 33 11524.000 81889.000 0 0 0.000 0.000 0.000 0.147 0 1 0 0 0 0
 34 10869.000 83755.000 0 0 0.000 0.000 0.000 0.139 0 1 0 0 0 0
 35 10016.000 83317.000 0 0 54.000 32.000 1728.000 41.569 0 1 1 200 0 0
 36 9394.000 83025.000 0 0 54.000 32.000 1728.000 41.569 0 1 1 200 0 0
 37 9329.000 82634.000 0 0 54.000 32.000 1728.000 41.569 0 1 1 200 0 0
 38 9425.000 82391.000 0 0 54.000 32.000 1728.000 41.569 0 1 1 200 0 0
 39 9014.000 83823.000 0 0 0.000 0.000 0.000 0.238 0 1 0 0 0 0
 40 8966.000 82846.000 0 0 54.000 32.000 1728.000 41.569 0 1 1 200 0 0
 41 9020.000 82468.000 0 0 54.000 32.000 1728.000 41.569 0 1 1 200 0 0
 42 8928.000 82151.000 0 0 54.000 32.000 1728.000 41.569 0 1 1 200 0 0
 43 9083.000 81384.000 0 0 54.000 34.000 1836.000 42.848 0 1 1 200 0 0
 44 8858.000 82409.000 0 0 54.000 32.000 1728.000 41.569 0 1 1 200 0 0
 45 43032.000 25386.000 0 0 0.000 0.000 0.000 0.151 0 1 0 0 0 0
 46 12582.000 64094.000 0 0 0.000 0.000 0.000 0.352 0 1 0 0 0 0
 47 20701.000 45229.000 0 0 0.000 0.000 0.000 0.446 0 1 0 0 0 0
 48 21664.000 43296.000 0 0 0.000 0.000 0.000 200000.000 0 1 0 200 0 0
 49 195847.000 85310.000 0 0 0.000 0.000 0.000 200000.000 0 1 0 200 0 0
 50 9753.000 83175.000 0 0 9.680 51.919 502.586 22.418 0 1 1 200 0 0
 51 9766.000 83095.000 0 0 7.295 38.939 284.075 16.854 0 1 1 200 0 0
 52 9583.000 83155.000 0 0 2.421 12.998 31.481 5.610 0 1 1 200 0 0
 53 9596.000 83090.000 0 0 20.267 108.352 2195.991 46.861 0 1 1 200 0 0
 54 9438.000 83007.000 0 0 18.734 99.840 1870.492 43.249 0 1 1 200 0 0
 55 9277.000 82941.000 0 0 25.351 134.820 3417.860 58.462 0 1 1 200 0 0
 56 9116.000 82877.000 0 0 19.698 104.551 2059.460 45.381 0 1 1 200 0 0
 57 8952.000 82834.000 0 0 11.521 61.107 704.033 26.533 0 1 1 200 0 0;
ProcessEquipmentIDList 1
  "6620" ;
SummarySpec 5
  TESTNO    NDEFECT    DEFDENSITY    NDIE    NDEFDIE  ;
SummaryList 
  1    57    0.2    1    1  ;
EndOfFile;
