FileVersion 1 2;
FileTimestamp 01-30-26 19:55:06;
InspectionStationID "KLA-Tencor" "SFSSP1" "0901-0728-TBI";
SampleType WAFER;
ResultTimestamp 01-30-26 19:49:18;
LotID "2850";
SampleSize 1 200;
DeviceID "None";
SetupID "T2-2850A" 01-30-26 19:49:18;
StepID "6855";
SampleOrientationMarkType NOTCH;
OrientationMarkLocation DOWN;
DiePitch 200000 200000;
DieOrigin 0 0;
WaferID "09";
Slot 9;
SampleCenterLocation 100000 100000;
ClassLookup 1
  0 "0"  ;
OrientationInstructions "Front";
CoordinatesMirrored No;
InspectionTest 1;
SampleTestPlan 1
  0 0 ;
AreaPerTest 2.85012e+010;
ClusterClassificationList 10
  5 200 
  2 200 
  1 210 
  10 200 
  3 200 
  6 200 
  7 200 
  9 210 
  8 200 
  4 200 ;
DefectRecordSpec 15 DEFECTID XREL YREL XINDEX YINDEX XSIZE YSIZE DEFECTAREA DSIZE CLASSNUMBER TEST CLUSTERNUMBER ROUGHBINNUMBER FINEBINNUMBER REVIEWSAMPLE ;
DefectList
 1 74776.000 105228.000 0 0 54.000 34.000 1836.000 42.848 0 1 5 200 0 0
 2 74396.000 105041.000 0 0 54.000 32.000 1728.000 41.569 0 1 5 200 0 0
 3 74091.000 104818.000 0 0 54.000 32.000 1728.000 41.569 0 1 5 200 0 0
 4 80841.000 126132.000 0 0 0.000 0.000 0.000 200000.000 0 1 0 200 0 0
 5 80800.000 126102.000 0 0 0.000 0.000 0.000 200000.000 0 1 0 200 0 0
 6 73647.000 75870.000 0 0 54.000 50.000 2700.000 51.961 0 1 2 200 0 0
 7 73376.000 75571.000 0 0 54.000 50.000 2700.000 51.961 0 1 2 200 0 0
 8 72873.000 75517.000 0 0 54.000 50.000 2700.000 51.961 0 1 2 200 0 0
 9 72578.000 75629.000 0 0 52.000 50.000 2600.000 50.990 0 1 2 200 0 0
 10 73065.000 75248.000 0 0 54.000 50.000 2700.000 51.961 0 1 2 200 0 0
 11 72583.000 75564.000 0 0 52.000 50.000 2600.000 50.990 0 1 2 200 0 0
 12 72827.000 75125.000 0 0 54.000 50.000 2700.000 51.961 0 1 2 200 0 0
 13 142709.000 142172.000 0 0 0.000 0.000 0.000 0.135 0 1 0 0 0 0
 14 46151.000 63602.000 0 0 54.000 47.000 2538.000 50.378 0 1 1 210 0 0
 15 46661.000 63744.000 0 0 54.000 48.000 2592.000 50.911 0 1 1 210 0 0
 16 44533.000 156442.000 0 0 52.000 52.000 2704.000 52.000 0 1 10 200 0 0
 17 44171.000 156380.000 0 0 52.000 52.000 2704.000 52.000 0 1 10 200 0 0
 18 44637.000 156733.000 0 0 52.000 52.000 2704.000 52.000 0 1 10 200 0 0
 19 44631.000 157107.000 0 0 52.000 52.000 2704.000 52.000 0 1 10 200 0 0
 20 44722.000 156228.000 0 0 52.000 52.000 2704.000 52.000 0 1 10 200 0 0
 21 44156.000 157337.000 0 0 52.000 52.000 2704.000 52.000 0 1 10 200 0 0
 22 44373.000 156306.000 0 0 52.000 52.000 2704.000 52.000 0 1 10 200 0 0
 23 184009.000 92774.000 0 0 52.000 28.000 1456.000 38.157 0 1 3 200 0 0
 24 183999.000 92885.000 0 0 52.000 28.000 1456.000 38.157 0 1 3 200 0 0
 25 184373.000 93460.000 0 0 50.000 26.000 1300.000 36.055 0 1 3 200 0 0
 26 184407.000 93844.000 0 0 50.000 26.000 1300.000 36.055 0 1 3 200 0 0
 27 184406.000 96824.000 0 0 0.000 0.000 0.000 0.120 0 1 0 0 0 0
 28 184310.000 92497.000 0 0 52.000 28.000 1456.000 38.157 0 1 3 200 0 0
 29 184327.000 92903.000 0 0 52.000 28.000 1456.000 38.157 0 1 3 200 0 0
 30 184385.000 93569.000 0 0 50.000 26.000 1300.000 36.055 0 1 3 200 0 0
 31 184445.000 93585.000 0 0 50.000 26.000 1300.000 36.055 0 1 3 200 0 0
 32 184392.000 93804.000 0 0 50.000 26.000 1300.000 36.055 0 1 3 200 0 0
 33 174445.000 59065.000 0 0 0.000 0.000 0.000 0.126 0 1 0 0 0 0
 34 184472.000 91786.000 0 0 52.000 28.000 1456.000 38.157 0 1 3 200 0 0
 35 184599.000 91892.000 0 0 52.000 28.000 1456.000 38.157 0 1 3 200 0 0
 36 184608.000 91985.000 0 0 52.000 28.000 1456.000 38.157 0 1 3 200 0 0
 37 184651.000 92120.000 0 0 52.000 28.000 1456.000 38.157 0 1 3 200 0 0
 38 184673.000 92776.000 0 0 52.000 28.000 1456.000 38.157 0 1 3 200 0 0
 39 184870.000 95997.000 0 0 0.000 0.000 0.000 0.132 0 1 0 0 0 0
 40 184678.000 91725.000 0 0 52.000 28.000 1456.000 38.157 0 1 3 200 0 0
 41 184795.000 92205.000 0 0 52.000 28.000 1456.000 38.157 0 1 3 200 0 0
 42 184989.000 93864.000 0 0 50.000 26.000 1300.000 36.055 0 1 3 200 0 0
 43 184848.000 90932.000 0 0 52.000 28.000 1456.000 38.157 0 1 3 200 0 0
 44 184995.000 93225.000 0 0 50.000 26.000 1300.000 36.055 0 1 3 200 0 0
 45 185042.000 91242.000 0 0 52.000 28.000 1456.000 38.157 0 1 3 200 0 0
 46 185132.000 91735.000 0 0 52.000 28.000 1456.000 38.157 0 1 3 200 0 0
 47 185229.000 93260.000 0 0 50.000 26.000 1300.000 36.055 0 1 3 200 0 0
 48 185280.000 91767.000 0 0 52.000 28.000 1456.000 38.157 0 1 3 200 0 0
 49 185593.000 93844.000 0 0 50.000 26.000 1300.000 36.055 0 1 3 200 0 0
 50 185386.000 91340.000 0 0 52.000 28.000 1456.000 38.157 0 1 3 200 0 0
 51 185411.000 91903.000 0 0 52.000 28.000 1456.000 38.157 0 1 3 200 0 0
 52 185662.000 93438.000 0 0 50.000 26.000 1300.000 36.055 0 1 3 200 0 0
 53 185631.000 90374.000 0 0 52.000 28.000 1456.000 38.157 0 1 3 200 0 0
 54 185501.000 90753.000 0 0 52.000 28.000 1456.000 38.157 0 1 3 200 0 0
 55 185649.000 92366.000 0 0 52.000 28.000 1456.000 38.157 0 1 3 200 0 0
 56 185786.000 90253.000 0 0 52.000 28.000 1456.000 38.157 0 1 3 200 0 0
 57 186027.000 93648.000 0 0 50.000 26.000 1300.000 36.055 0 1 3 200 0 0
 58 186244.000 90734.000 0 0 52.000 28.000 1456.000 38.157 0 1 3 200 0 0
 59 186262.000 91040.000 0 0 52.000 28.000 1456.000 38.157 0 1 3 200 0 0
 60 186281.000 91181.000 0 0 52.000 28.000 1456.000 38.157 0 1 3 200 0 0
 61 186259.000 91658.000 0 0 52.000 28.000 1456.000 38.157 0 1 3 200 0 0
 62 186392.000 91579.000 0 0 52.000 28.000 1456.000 38.157 0 1 3 200 0 0
 63 52913.000 24351.000 0 0 0.000 0.000 0.000 0.132 0 1 0 0 0 0
 64 52613.000 23905.000 0 0 0.000 0.000 0.000 200000.000 0 1 0 200 0 0
 65 193263.000 106171.000 0 0 50.000 26.000 1300.000 36.055 0 1 6 200 0 0
 66 193113.000 108928.000 0 0 52.000 28.000 1456.000 38.157 0 1 7 200 0 0
 67 20512.000 148913.000 0 0 0.000 0.000 0.000 0.122 0 1 0 0 0 0
 68 193411.000 106334.000 0 0 50.000 26.000 1300.000 36.055 0 1 6 200 0 0
 69 193089.000 109499.000 0 0 52.000 28.000 1456.000 38.157 0 1 7 200 0 0
 70 193207.000 110148.000 0 0 52.000 28.000 1456.000 38.157 0 1 7 200 0 0
 71 193025.000 110470.000 0 0 52.000 28.000 1456.000 38.157 0 1 7 200 0 0
 72 192906.000 111817.000 0 0 52.000 30.000 1560.000 39.496 0 1 7 200 0 0
 73 193848.000 96964.000 0 0 0.000 0.000 0.000 0.132 0 1 0 0 0 0
 74 193149.000 110702.000 0 0 52.000 28.000 1456.000 38.157 0 1 7 200 0 0
 75 193069.000 111412.000 0 0 52.000 30.000 1560.000 39.496 0 1 7 200 0 0
 76 193060.000 112336.000 0 0 52.000 30.000 1560.000 39.496 0 1 7 200 0 0
 77 20183.000 148942.000 0 0 0.000 0.000 0.000 0.121 0 1 0 0 0 0
 78 20097.000 148953.000 0 0 0.000 0.000 0.000 0.124 0 1 0 0 0 0
 79 193768.000 107295.000 0 0 50.000 26.000 1300.000 36.055 0 1 6 200 0 0
 80 19895.000 148981.000 0 0 0.000 0.000 0.000 0.134 0 1 0 0 0 0
 81 192873.000 84368.000 0 0 0.000 0.000 0.000 0.120 0 1 0 0 0 0
 82 194024.000 104813.000 0 0 0.000 0.000 0.000 0.234 0 1 0 0 0 0
 83 193915.000 105128.000 0 0 0.000 0.000 0.000 0.259 0 1 0 0 0 0
 84 193897.000 106631.000 0 0 50.000 26.000 1300.000 36.055 0 1 6 200 0 0
 85 193052.000 115020.000 0 0 52.000 30.000 1560.000 39.496 0 1 9 210 0 0
 86 192787.000 115937.000 0 0 54.000 32.000 1728.000 41.569 0 1 9 210 0 0
 87 193677.000 110700.000 0 0 52.000 28.000 1456.000 38.157 0 1 7 200 0 0
 88 192926.000 115755.000 0 0 54.000 32.000 1728.000 41.569 0 1 9 210 0 0
 89 192886.000 116322.000 0 0 54.000 32.000 1728.000 41.569 0 1 9 210 0 0
 90 194642.000 104914.000 0 0 0.000 0.000 0.000 0.249 0 1 0 0 0 0
 91 194135.000 109075.000 0 0 0.000 0.000 0.000 0.162 0 1 0 0 0 0
 92 193008.000 117025.000 0 0 54.000 32.000 1728.000 41.569 0 1 9 210 0 0
 93 194594.000 106212.000 0 0 50.000 26.000 1300.000 36.055 0 1 6 200 0 0
 94 194648.000 104914.000 0 0 0.000 0.000 0.000 0.136 0 1 0 0 0 0
 95 194599.000 106459.000 0 0 50.000 26.000 1300.000 36.055 0 1 6 200 0 0
 96 194254.000 110813.000 0 0 52.000 28.000 1456.000 38.157 0 1 8 200 0 0
 97 194134.000 111687.000 0 0 52.000 30.000 1560.000 39.496 0 1 8 200 0 0
 98 194079.000 111795.000 0 0 52.000 30.000 1560.000 39.496 0 1 8 200 0 0
 99 194970.000 103568.000 0 0 50.000 24.000 1200.000 34.641 0 1 4 200 0 0
 100 194883.000 104266.000 0 0 50.000 26.000 1300.000 36.055 0 1 4 200 0 0
 101 194889.000 104266.000 0 0 50.000 26.000 1300.000 36.055 0 1 4 200 0 0
 102 194421.000 110082.000 0 0 52.000 28.000 1456.000 38.157 0 1 8 200 0 0
 103 194607.000 110080.000 0 0 52.000 28.000 1456.000 38.157 0 1 8 200 0 0
 104 194567.000 111144.000 0 0 52.000 28.000 1456.000 38.157 0 1 8 200 0 0
 105 195343.000 104379.000 0 0 50.000 26.000 1300.000 36.055 0 1 4 200 0 0
 106 195345.000 109107.000 0 0 0.000 0.000 0.000 0.128 0 1 0 0 0 0
 107 195017.000 110590.000 0 0 52.000 28.000 1456.000 38.157 0 1 8 200 0 0
 108 194874.000 112800.000 0 0 0.000 0.000 0.000 0.121 0 1 0 0 0 0
 109 195582.000 106193.000 0 0 0.000 0.000 0.000 0.150 0 1 0 0 0 0
 110 196095.000 104739.000 0 0 50.000 26.000 1300.000 36.055 0 1 4 200 0 0
 111 196138.000 105411.000 0 0 50.000 26.000 1300.000 36.055 0 1 4 200 0 0
 112 195882.000 109161.000 0 0 0.000 0.000 0.000 0.207 0 1 0 0 0 0
 113 195696.000 110789.000 0 0 0.000 0.000 0.000 0.120 0 1 0 0 0 0
 114 195891.000 110783.000 0 0 0.000 0.000 0.000 0.121 0 1 0 0 0 0
 115 196279.000 110753.000 0 0 0.000 0.000 0.000 0.125 0 1 0 0 0 0
 116 75478.000 104822.000 0 0 10.635 54.074 575.098 23.981 0 1 5 200 0 0
 117 75464.000 104744.000 0 0 0.682 3.527 2.406 1.551 0 1 5 200 0 0
 118 75313.000 104854.000 0 0 31.647 160.943 5093.449 71.368 0 1 5 200 0 0
 119 75282.000 104710.000 0 0 16.485 86.501 1425.991 37.762 0 1 5 200 0 0
 120 75273.000 104662.000 0 0 0.670 3.554 2.383 1.543 0 1 5 200 0 0
 121 75171.000 105011.000 0 0 0.960 4.759 4.572 2.138 0 1 5 200 0 0
 122 75163.000 104969.000 0 0 0.714 3.570 2.551 1.597 0 1 5 200 0 0
 123 75158.000 104945.000 0 0 8.534 42.870 365.861 19.127 0 1 5 200 0 0
 124 75132.000 104825.000 0 0 32.151 165.704 5327.672 72.990 0 1 5 200 0 0
 125 75115.000 104733.000 0 0 0.907 4.770 4.328 2.080 0 1 5 200 0 0
 126 75108.000 104699.000 0 0 9.462 50.119 474.270 21.777 0 1 5 200 0 0
 127 75101.000 104661.000 0 0 2.235 11.938 26.684 5.165 0 1 5 200 0 0
 128 75095.000 104638.000 0 0 0.666 3.580 2.388 1.545 0 1 5 200 0 0
 129 75081.000 104567.000 0 0 4.816 26.278 126.579 11.250 0 1 5 200 0 0
 130 75004.000 105043.000 0 0 12.812 63.505 813.679 28.525 0 1 5 200 0 0
 131 74957.000 104796.000 0 0 82.309 429.799 35376.353 188.086 0 1 5 200 0 0
 132 74842.000 105100.000 0 0 1.466 7.233 10.608 3.257 0 1 5 200 0 0
 133 74839.000 105078.000 0 0 1.703 8.440 14.380 3.792 0 1 5 200 0 0
 134 74836.000 105070.000 0 0 0.971 4.823 4.688 2.165 0 1 5 200 0 0
 135 74818.000 104982.000 0 0 33.914 171.421 5813.719 76.247 0 1 5 200 0 0
 136 74672.000 105109.000 0 0 5.388 26.709 143.914 11.996 0 1 5 200 0 0
 137 74650.000 105011.000 0 0 32.670 165.267 5399.393 73.480 0 1 5 200 0 0
 138 74602.000 104774.000 0 0 7.323 38.960 285.341 16.892 0 1 5 200 0 0
 139 74599.000 104751.000 0 0 0.683 3.651 2.494 1.579 0 1 5 200 0 0
 140 74476.000 104992.000 0 0 75.385 385.435 29056.406 170.459 0 1 5 200 0 0
 141 74432.000 104789.000 0 0 1.836 9.802 18.000 4.242 0 1 5 200 0 0
 142 74347.000 105221.000 0 0 12.765 62.717 800.612 28.295 0 1 5 200 0 0
 143 74318.000 105078.000 0 0 33.599 169.900 5708.589 75.555 0 1 5 200 0 0
 144 74286.000 104918.000 0 0 19.332 101.080 1954.174 44.206 0 1 5 200 0 0
 145 74273.000 104863.000 0 0 0.932 4.931 4.598 2.144 0 1 5 200 0 0
 146 74160.000 105163.000 0 0 0.989 4.953 4.903 2.214 0 1 5 200 0 0
 147 74151.000 105113.000 0 0 11.521 58.239 671.005 25.903 0 1 5 200 0 0
 148 74135.000 105032.000 0 0 14.233 73.158 1041.293 32.269 0 1 5 200 0 0
 149 74125.000 104982.000 0 0 2.627 13.646 35.855 5.987 0 1 5 200 0 0
 150 74120.000 104960.000 0 0 4.517 23.571 106.484 10.319 0 1 5 200 0 0
 151 73979.000 105121.000 0 0 0.736 3.741 2.755 1.659 0 1 5 200 0 0
 152 73714.000 76235.000 0 0 20.505 22.681 465.090 21.565 0 1 2 200 0 0
 153 73580.000 76131.000 0 0 30.896 34.197 1056.580 32.505 0 1 2 200 0 0
 154 73658.000 76042.000 0 0 4.592 5.049 23.190 4.815 0 1 2 200 0 0
 155 73676.000 76023.000 0 0 11.496 12.621 145.104 12.045 0 1 2 200 0 0
 156 73358.000 76126.000 0 0 11.447 12.774 146.227 12.092 0 1 2 200 0 0
 157 73373.000 76107.000 0 0 3.435 3.828 13.150 3.626 0 1 2 200 0 0
 158 73391.000 76089.000 0 0 9.167 10.201 93.520 9.670 0 1 2 200 0 0
 159 73479.000 75988.000 0 0 101.292 111.877 11332.314 106.453 0 1 2 200 0 0
 160 73537.000 75922.000 0 0 10.390 11.419 118.660 10.893 0 1 2 200 0 0
 161 73554.000 75904.000 0 0 11.553 12.680 146.497 12.103 0 1 2 200 0 0
 162 73217.000 76026.000 0 0 11.494 12.841 147.610 12.149 0 1 2 200 0 0
 163 73234.000 76007.000 0 0 14.953 16.681 249.442 15.793 0 1 2 200 0 0
 164 73251.000 75988.000 0 0 10.362 11.543 119.614 10.936 0 1 2 200 0 0
 165 73305.000 75928.000 0 0 91.163 101.095 9216.206 96.001 0 1 2 200 0 0
 166 73382.000 75840.000 0 0 48.645 53.594 2607.137 51.060 0 1 2 200 0 0
 167 73424.000 75795.000 0 0 31.331 34.400 1077.819 32.830 0 1 2 200 0 0
 168 73095.000 75909.000 0 0 4.618 5.157 23.817 4.880 0 1 2 200 0 0
 169 73112.000 75888.000 0 0 9.243 10.308 95.290 9.761 0 1 2 200 0 0
 170 73173.000 75821.000 0 0 101.996 113.168 11542.774 107.437 0 1 2 200 0 0
 171 73278.000 75702.000 0 0 10.485 11.531 120.919 10.996 0 1 2 200 0 0
 172 73295.000 75682.000 0 0 11.659 12.804 149.294 12.218 0 1 2 200 0 0
 173 72957.000 75807.000 0 0 3.478 3.887 13.523 3.677 0 1 2 200 0 0
 174 72974.000 75790.000 0 0 13.928 15.548 216.568 14.716 0 1 2 200 0 0
 175 72990.000 75771.000 0 0 10.455 11.655 121.872 11.039 0 1 2 200 0 0
 176 73048.000 75706.000 0 0 100.155 111.110 11128.398 105.491 0 1 2 200 0 0
 177 72819.000 75708.000 0 0 9.313 10.420 97.051 9.851 0 1 2 200 0 0
 178 72836.000 75689.000 0 0 18.647 20.834 388.508 19.710 0 1 2 200 0 0
 179 72853.000 75668.000 0 0 12.832 14.317 183.722 13.554 0 1 2 200 0 0
 180 72870.000 75651.000 0 0 11.674 13.008 151.863 12.323 0 1 2 200 0 0
 181 72929.000 75584.000 0 0 104.172 115.501 12032.093 109.690 0 1 2 200 0 0
 182 72698.000 75588.000 0 0 11.704 13.090 153.220 12.378 0 1 2 200 0 0
 183 72715.000 75568.000 0 0 7.025 7.845 55.116 7.424 0 1 2 200 0 0
 184 72731.000 75549.000 0 0 4.687 5.227 24.500 4.949 0 1 2 200 0 0
 185 72766.000 75511.000 0 0 46.956 52.218 2451.952 49.517 0 1 2 200 0 0
 186 72822.000 75447.000 0 0 34.134 37.783 1289.741 35.912 0 1 2 200 0 0
 187 72593.000 75450.000 0 0 4.706 5.253 24.724 4.972 0 1 2 200 0 0
 188 72626.000 75412.000 0 0 11.789 13.125 154.731 12.439 0 1 2 200 0 0
 189 72670.000 75364.000 0 0 33.069 36.686 1213.204 34.831 0 1 2 200 0 0
 190 72719.000 75309.000 0 0 35.509 39.234 1393.208 37.325 0 1 2 200 0 0
 191 72555.000 75239.000 0 0 13.058 14.474 189.019 13.748 0 1 2 200 0 0
 192 47398.000 64210.000 0 0 6.860 10.083 69.179 8.317 0 1 1 210 0 0
 193 47253.000 64122.000 0 0 25.799 37.929 978.537 31.281 0 1 1 210 0 0
 194 47107.000 64033.000 0 0 48.278 70.999 3427.752 58.547 0 1 1 210 0 0
 195 46939.000 63978.000 0 0 17.271 25.441 439.399 20.961 0 1 1 210 0 0
 196 46972.000 63928.000 0 0 36.310 53.379 1938.239 44.025 0 1 1 210 0 0
 197 47001.000 63887.000 0 0 17.314 25.411 439.995 20.976 0 1 1 210 0 0
 198 46816.000 63858.000 0 0 77.967 114.729 8945.224 94.579 0 1 1 210 0 0
 199 46867.000 63779.000 0 0 8.678 12.731 110.495 10.511 0 1 1 210 0 0
 200 46671.000 63767.000 0 0 88.580 130.377 11548.933 107.465 0 1 1 210 0 0
 201 46535.000 63665.000 0 0 87.090 128.146 11160.423 105.642 0 1 1 210 0 0
 202 46372.000 63604.000 0 0 31.404 46.272 1453.160 38.120 0 1 1 210 0 0
 203 46411.000 63545.000 0 0 38.443 56.511 2172.506 46.610 0 1 1 210 0 0
 204 46256.000 63472.000 0 0 29.767 43.797 1303.733 36.107 0 1 1 210 0 0
 205 46293.000 63416.000 0 0 10.519 15.442 162.445 12.745 0 1 1 210 0 0
 206 46128.000 63359.000 0 0 8.779 12.908 113.334 10.645 0 1 1 210 0 0
 207 186170.000 91403.000 0 0 24.727 247.849 6128.727 78.286 0 1 3 200 0 0;
ProcessEquipmentIDList 1
  "6620" ;
SummarySpec 5
  TESTNO    NDEFECT    DEFDENSITY    NDIE    NDEFDIE  ;
SummaryList 
  1    207    0.7263    1    1  ;
EndOfFile;
