FileVersion 1 2;
FileTimestamp 01-30-26 13:20:23;
InspectionStationID "KLA-Tencor" "SFSSP1" "0901-0728-TBI";
SampleType WAFER;
ResultTimestamp 01-30-26 13:08:56;
LotID "2850";
SampleSize 1 200;
DeviceID "None";
SetupID "T2-2850A" 01-30-26 13:08:56;
StepID "6855";
SampleOrientationMarkType NOTCH;
OrientationMarkLocation DOWN;
DiePitch 200000 200000;
DieOrigin 0 0;
WaferID "19";
Slot 19;
SampleCenterLocation 100000 100000;
ClassLookup 1
  0 "0"  ;
OrientationInstructions "Front";
CoordinatesMirrored No;
InspectionTest 1;
SampleTestPlan 1
  0 0 ;
AreaPerTest 2.8501e+010;
ClusterClassificationList 7
  7 200 
  3 210 
  2 210 
  4 200 
  5 200 
  6 200 
  1 200 ;
DefectRecordSpec 15 DEFECTID XREL YREL XINDEX YINDEX XSIZE YSIZE DEFECTAREA DSIZE CLASSNUMBER TEST CLUSTERNUMBER ROUGHBINNUMBER FINEBINNUMBER REVIEWSAMPLE ;
DefectList
 1 127893.000 122491.000 0 0 0.000 0.000 0.000 0.218 0 1 0 0 0 0
 2 58960.000 123725.000 0 0 0.000 0.000 0.000 0.120 0 1 0 0 0 0
 3 61777.000 35197.000 0 0 0.000 0.000 0.000 0.163 0 1 0 0 0 0
 4 164024.000 142727.000 0 0 0.000 0.000 0.000 0.120 0 1 0 0 0 0
 5 58157.000 34866.000 0 0 0.000 0.000 0.000 0.127 0 1 0 0 0 0
 6 164248.000 142672.000 0 0 0.000 0.000 0.000 0.469 0 1 0 0 0 0
 7 166706.000 140461.000 0 0 0.000 0.000 0.000 0.132 0 1 0 0 0 0
 8 169521.000 138534.000 0 0 0.000 0.000 0.000 0.175 0 1 0 0 0 0
 9 142268.000 168995.000 0 0 0.000 0.000 0.000 0.127 0 1 0 0 0 0
 10 175018.000 134662.000 0 0 0.000 0.000 0.000 0.127 0 1 0 0 0 0
 11 159263.000 158401.000 0 0 0.000 0.000 0.000 0.155 0 1 0 0 0 0
 12 177346.000 132411.000 0 0 0.000 0.000 0.000 0.120 0 1 0 0 0 0
 13 176905.000 133856.000 0 0 0.000 0.000 0.000 0.120 0 1 0 0 0 0
 14 176932.000 133988.000 0 0 0.000 0.000 0.000 0.131 0 1 0 0 0 0
 15 159211.000 159427.000 0 0 0.000 0.000 0.000 0.122 0 1 0 0 0 0
 16 178160.000 132689.000 0 0 0.000 0.000 0.000 0.131 0 1 0 0 0 0
 17 178181.000 132825.000 0 0 0.000 0.000 0.000 0.143 0 1 0 0 0 0
 18 139830.000 174848.000 0 0 0.000 0.000 0.000 0.122 0 1 0 0 0 0
 19 139686.000 174881.000 0 0 0.000 0.000 0.000 0.130 0 1 0 0 0 0
 20 163239.000 157096.000 0 0 0.000 0.000 0.000 0.122 0 1 0 0 0 0
 21 177928.000 135385.000 0 0 0.000 0.000 0.000 0.136 0 1 0 0 0 0
 22 160154.000 160659.000 0 0 0.000 0.000 0.000 0.120 0 1 0 0 0 0
 23 178177.000 135742.000 0 0 0.000 0.000 0.000 0.130 0 1 0 0 0 0
 24 150137.000 169852.000 0 0 0.000 0.000 0.000 0.138 0 1 0 0 0 0
 25 181706.000 128789.000 0 0 0.000 0.000 0.000 0.124 0 1 0 0 0 0
 26 181787.000 128986.000 0 0 0.000 0.000 0.000 0.129 0 1 0 0 0 0
 27 181942.000 129237.000 0 0 0.000 0.000 0.000 0.129 0 1 0 0 0 0
 28 134630.000 179615.000 0 0 42.000 54.000 2268.000 47.623 0 1 7 200 0 0
 29 181970.000 129340.000 0 0 0.000 0.000 0.000 0.126 0 1 0 0 0 0
 30 182896.000 127709.000 0 0 54.000 38.000 2052.000 45.299 0 1 3 210 0 0
 31 182984.000 127840.000 0 0 54.000 38.000 2052.000 45.299 0 1 3 210 0 0
 32 172409.000 148955.000 0 0 0.000 0.000 0.000 0.124 0 1 0 0 0 0
 33 183077.000 128040.000 0 0 54.000 38.000 2052.000 45.299 0 1 3 210 0 0
 34 183129.000 128157.000 0 0 54.000 40.000 2160.000 46.475 0 1 3 210 0 0
 35 183247.000 128424.000 0 0 54.000 40.000 2160.000 46.475 0 1 3 210 0 0
 36 183336.000 128561.000 0 0 54.000 40.000 2160.000 46.475 0 1 3 210 0 0
 37 183471.000 128814.000 0 0 54.000 40.000 2160.000 46.475 0 1 3 210 0 0
 38 184864.000 126640.000 0 0 54.000 38.000 2052.000 45.299 0 1 2 210 0 0
 39 184949.000 126815.000 0 0 54.000 38.000 2052.000 45.299 0 1 2 210 0 0
 40 137651.000 180600.000 0 0 0.000 0.000 0.000 0.121 0 1 0 0 0 0
 41 185165.000 127184.000 0 0 54.000 38.000 2052.000 45.299 0 1 2 210 0 0
 42 148192.000 175255.000 0 0 0.000 0.000 0.000 0.126 0 1 0 0 0 0
 43 185285.000 127390.000 0 0 54.000 38.000 2052.000 45.299 0 1 2 210 0 0
 44 185515.000 127800.000 0 0 54.000 38.000 2052.000 45.299 0 1 2 210 0 0
 45 183565.000 132660.000 0 0 0.000 0.000 0.000 0.122 0 1 0 0 0 0
 46 183603.000 132764.000 0 0 0.000 0.000 0.000 0.125 0 1 0 0 0 0
 47 149890.000 174973.000 0 0 0.000 0.000 0.000 0.138 0 1 0 0 0 0
 48 148837.000 175592.000 0 0 0.000 0.000 0.000 0.152 0 1 0 0 0 0
 49 184127.000 133493.000 0 0 56.000 42.000 2352.000 48.497 0 1 4 200 0 0
 50 184335.000 133285.000 0 0 56.000 42.000 2352.000 48.497 0 1 4 200 0 0
 51 159020.000 168662.000 0 0 0.000 0.000 0.000 0.123 0 1 0 0 0 0
 52 130401.000 185309.000 0 0 0.000 0.000 0.000 0.130 0 1 0 0 0 0
 53 186193.000 128946.000 0 0 0.000 0.000 0.000 0.122 0 1 0 0 0 0
 54 184416.000 133431.000 0 0 56.000 42.000 2352.000 48.497 0 1 4 200 0 0
 55 186235.000 129016.000 0 0 0.000 0.000 0.000 0.125 0 1 0 0 0 0
 56 184573.000 133686.000 0 0 56.000 42.000 2352.000 48.497 0 1 4 200 0 0
 57 189617.000 116687.000 0 0 0.000 0.000 0.000 0.134 0 1 0 0 0 0
 58 184516.000 134049.000 0 0 56.000 42.000 2352.000 48.497 0 1 4 200 0 0
 59 159165.000 169396.000 0 0 0.000 0.000 0.000 0.146 0 1 0 0 0 0
 60 147725.000 177466.000 0 0 0.000 0.000 0.000 0.151 0 1 0 0 0 0
 61 160285.000 168455.000 0 0 0.000 0.000 0.000 0.220 0 1 0 0 0 0
 62 190093.000 116898.000 0 0 0.000 0.000 0.000 0.128 0 1 0 0 0 0
 63 163513.000 165926.000 0 0 0.000 0.000 0.000 200000.000 0 1 0 200 0 0
 64 160576.000 168741.000 0 0 0.000 0.000 0.000 0.122 0 1 0 0 0 0
 65 190421.000 117306.000 0 0 0.000 0.000 0.000 0.136 0 1 0 0 0 0
 66 146820.000 179011.000 0 0 0.000 0.000 0.000 0.242 0 1 0 0 0 0
 67 188532.000 125147.000 0 0 0.000 0.000 0.000 0.121 0 1 0 0 0 0
 68 178378.000 148048.000 0 0 56.000 48.000 2688.000 51.845 0 1 5 200 0 0
 69 147024.000 179051.000 0 0 0.000 0.000 0.000 0.129 0 1 0 0 0 0
 70 191105.000 114790.000 0 0 0.000 0.000 0.000 0.134 0 1 0 0 0 0
 71 190587.000 117253.000 0 0 0.000 0.000 0.000 0.133 0 1 0 0 0 0
 72 189088.000 123944.000 0 0 0.000 0.000 0.000 0.126 0 1 0 0 0 0
 73 189163.000 124024.000 0 0 0.000 0.000 0.000 0.128 0 1 0 0 0 0
 74 178579.000 148308.000 0 0 56.000 48.000 2688.000 51.845 0 1 5 200 0 0
 75 178689.000 148449.000 0 0 56.000 48.000 2688.000 51.845 0 1 5 200 0 0
 76 178744.000 148534.000 0 0 56.000 48.000 2688.000 51.845 0 1 5 200 0 0
 77 183551.000 140270.000 0 0 0.000 0.000 0.000 0.127 0 1 0 0 0 0
 78 187038.000 131960.000 0 0 0.000 0.000 0.000 0.144 0 1 0 0 0 0
 79 187100.000 132092.000 0 0 0.000 0.000 0.000 0.219 0 1 0 0 0 0
 80 183592.000 140374.000 0 0 0.000 0.000 0.000 0.132 0 1 0 0 0 0
 81 178930.000 148766.000 0 0 56.000 48.000 2688.000 51.845 0 1 5 200 0 0
 82 151128.000 177382.000 0 0 0.000 0.000 0.000 0.121 0 1 0 0 0 0
 83 189634.000 125114.000 0 0 0.000 0.000 0.000 0.133 0 1 0 0 0 0
 84 184039.000 139709.000 0 0 0.000 0.000 0.000 0.138 0 1 0 0 0 0
 85 183853.000 140178.000 0 0 0.000 0.000 0.000 0.140 0 1 0 0 0 0
 86 148455.000 179287.000 0 0 0.000 0.000 0.000 0.124 0 1 0 0 0 0
 87 189782.000 125426.000 0 0 0.000 0.000 0.000 0.125 0 1 0 0 0 0
 88 158973.000 171974.000 0 0 0.000 0.000 0.000 0.128 0 1 0 0 0 0
 89 151455.000 177710.000 0 0 0.000 0.000 0.000 0.127 0 1 0 0 0 0
 90 190393.000 123579.000 0 0 0.000 0.000 0.000 0.130 0 1 0 0 0 0
 91 151666.000 177785.000 0 0 0.000 0.000 0.000 0.137 0 1 0 0 0 0
 92 190570.000 123830.000 0 0 0.000 0.000 0.000 0.135 0 1 0 0 0 0
 93 179031.000 150401.000 0 0 0.000 0.000 0.000 0.171 0 1 0 0 0 0
 94 178747.000 150866.000 0 0 0.000 0.000 0.000 0.202 0 1 0 0 0 0
 95 180822.000 148119.000 0 0 0.000 0.000 0.000 0.125 0 1 0 0 0 0
 96 151152.000 179040.000 0 0 48.000 54.000 2592.000 50.911 0 1 6 200 0 0
 97 191852.000 121964.000 0 0 0.000 0.000 0.000 0.129 0 1 0 0 0 0
 98 191912.000 122123.000 0 0 0.000 0.000 0.000 0.122 0 1 0 0 0 0
 99 190242.000 128469.000 0 0 0.000 0.000 0.000 0.128 0 1 0 0 0 0
 100 176361.000 155879.000 0 0 0.000 0.000 0.000 0.202 0 1 0 0 0 0
 101 151552.000 179450.000 0 0 48.000 54.000 2592.000 50.911 0 1 6 200 0 0
 102 192200.000 122082.000 0 0 0.000 0.000 0.000 0.126 0 1 0 0 0 0
 103 151311.000 179927.000 0 0 48.000 56.000 2688.000 51.845 0 1 6 200 0 0
 104 151743.000 179520.000 0 0 48.000 54.000 2592.000 50.911 0 1 6 200 0 0
 105 192974.000 120943.000 0 0 0.000 0.000 0.000 0.132 0 1 0 0 0 0
 106 161014.000 172972.000 0 0 0.000 0.000 0.000 0.131 0 1 0 0 0 0
 107 180600.000 151125.000 0 0 0.000 0.000 0.000 0.120 0 1 0 0 0 0
 108 160312.000 174656.000 0 0 0.000 0.000 0.000 0.155 0 1 0 0 0 0
 109 152577.000 179893.000 0 0 48.000 54.000 2592.000 50.911 0 1 6 200 0 0
 110 155501.000 177911.000 0 0 0.000 0.000 0.000 0.124 0 1 0 0 0 0
 111 192855.000 124314.000 0 0 0.000 0.000 0.000 0.123 0 1 0 0 0 0
 112 175371.000 159305.000 0 0 0.000 0.000 0.000 0.137 0 1 0 0 0 0
 113 161068.000 173777.000 0 0 0.000 0.000 0.000 0.135 0 1 0 0 0 0
 114 157527.000 176594.000 0 0 0.000 0.000 0.000 0.125 0 1 0 0 0 0
 115 156015.000 177737.000 0 0 0.000 0.000 0.000 0.127 0 1 0 0 0 0
 116 155916.000 177972.000 0 0 0.000 0.000 0.000 0.140 0 1 0 0 0 0
 117 160226.000 175043.000 0 0 0.000 0.000 0.000 0.130 0 1 0 0 0 0
 118 152886.000 180198.000 0 0 48.000 54.000 2592.000 50.911 0 1 6 200 0 0
 119 194368.000 119782.000 0 0 0.000 0.000 0.000 0.120 0 1 0 0 0 0
 120 192868.000 126111.000 0 0 56.000 36.000 2016.000 44.899 0 1 1 200 0 0
 121 160553.000 174815.000 0 0 0.000 0.000 0.000 0.144 0 1 0 0 0 0
 122 153069.000 180282.000 0 0 48.000 54.000 2592.000 50.911 0 1 6 200 0 0
 123 194526.000 119906.000 0 0 0.000 0.000 0.000 0.136 0 1 0 0 0 0
 124 154993.000 179572.000 0 0 0.000 0.000 0.000 200000.000 0 1 0 200 0 0
 125 180023.000 154261.000 0 0 0.000 0.000 0.000 200000.000 0 1 0 200 0 0
 126 193175.000 126522.000 0 0 56.000 36.000 2016.000 44.899 0 1 1 200 0 0
 127 159313.000 176602.000 0 0 0.000 0.000 0.000 0.215 0 1 0 0 0 0
 128 134492.000 179300.000 0 0 148.256 64.486 9560.517 97.777 0 1 7 200 0 0
 129 134565.000 179453.000 0 0 167.581 72.905 12217.589 110.533 0 1 7 200 0 0
 130 134633.000 179609.000 0 0 160.280 69.729 11176.175 105.717 0 1 7 200 0 0
 131 152403.000 179645.000 0 0 30.543 20.096 613.823 24.775 0 1 6 200 0 0
 132 152510.000 179778.000 0 0 57.366 37.758 2166.077 46.541 0 1 6 200 0 0
 133 192350.000 125544.000 0 0 41.633 150.518 6266.546 79.161 0 1 1 200 0 0
 134 152635.000 179899.000 0 0 76.603 50.463 3865.684 62.174 0 1 6 200 0 0
 135 192475.000 125727.000 0 0 54.264 195.052 10584.496 102.880 0 1 1 200 0 0
 136 152753.000 180025.000 0 0 57.543 37.933 2182.854 46.721 0 1 6 200 0 0
 137 192607.000 125886.000 0 0 55.841 199.769 11155.490 105.619 0 1 1 200 0 0
 138 152909.000 180126.000 0 0 119.073 78.626 9362.272 96.758 0 1 6 200 0 0
 139 192744.000 126025.000 0 0 3.742 13.336 49.909 7.064 0 1 1 200 0 0
 140 153051.000 180237.000 0 0 38.461 25.429 978.056 31.273 0 1 6 200 0 0
 141 192840.000 126310.000 0 0 25.224 89.010 2245.271 47.384 0 1 1 200 0 0
 142 192977.000 126451.000 0 0 40.575 142.626 5787.187 76.073 0 1 1 200 0 0
 143 192766.000 127171.000 0 0 23.445 80.045 1876.708 43.320 0 1 1 200 0 0
 144 193126.000 126544.000 0 0 3.817 13.391 51.115 7.149 0 1 1 200 0 0
 145 192903.000 127308.000 0 0 31.417 106.884 3358.082 57.948 0 1 1 200 0 0;
ProcessEquipmentIDList 1
  "6620" ;
SummarySpec 5
  TESTNO    NDEFECT    DEFDENSITY    NDIE    NDEFDIE  ;
SummaryList 
  1    145    0.5088    1    1  ;
EndOfFile;
