FileVersion 1 2;
FileTimestamp 01-30-26 16:53:57;
InspectionStationID "KLA-Tencor" "SFSSP1" "0901-0728-TBI";
SampleType WAFER;
ResultTimestamp 01-30-26 16:37:04;
LotID "2850";
SampleSize 1 200;
DeviceID "None";
SetupID "T2-2850A" 01-30-26 16:37:04;
StepID "6855";
SampleOrientationMarkType NOTCH;
OrientationMarkLocation DOWN;
DiePitch 200000 200000;
DieOrigin 0 0;
WaferID "22";
Slot 22;
SampleCenterLocation 100000 100000;
ClassLookup 1
  0 "0"  ;
OrientationInstructions "Front";
CoordinatesMirrored No;
InspectionTest 1;
SampleTestPlan 1
  0 0 ;
AreaPerTest 2.85008e+010;
ClusterClassificationList 3
  1 200 
  2 200 
  3 200 ;
DefectRecordSpec 15 DEFECTID XREL YREL XINDEX YINDEX XSIZE YSIZE DEFECTAREA DSIZE CLASSNUMBER TEST CLUSTERNUMBER ROUGHBINNUMBER FINEBINNUMBER REVIEWSAMPLE ;
DefectList
 1 84559.000 99088.000 0 0 0.000 0.000 0.000 0.122 0 1 0 0 0 0
 2 107463.000 136186.000 0 0 0.000 0.000 0.000 200000.000 0 1 0 200 0 0
 3 136905.000 109960.000 0 0 0.000 0.000 0.000 0.139 0 1 0 0 0 0
 4 80613.000 67002.000 0 0 0.000 0.000 0.000 0.201 0 1 0 0 0 0
 5 130819.000 62526.000 0 0 0.000 0.000 0.000 0.149 0 1 0 0 0 0
 6 74658.000 143342.000 0 0 0.000 0.000 0.000 0.363 0 1 0 0 0 0
 7 39375.000 109901.000 0 0 0.000 0.000 0.000 0.127 0 1 0 0 0 0
 8 98931.000 174820.000 0 0 0.000 0.000 0.000 200000.000 0 1 0 200 0 0
 9 110575.000 21683.000 0 0 0.000 0.000 0.000 200000.000 0 1 0 200 0 0
 10 57109.000 172528.000 0 0 0.000 0.000 0.000 0.133 0 1 0 0 0 0
 11 154519.000 169986.000 0 0 50.000 54.000 2700.000 51.961 0 1 1 200 0 0
 12 154756.000 170180.000 0 0 50.000 54.000 2700.000 51.961 0 1 1 200 0 0
 13 183229.000 134322.000 0 0 0.000 0.000 0.000 0.236 0 1 0 0 0 0
 14 156244.000 171353.000 0 0 50.000 54.000 2700.000 51.961 0 1 2 200 0 0
 15 155873.000 170792.000 0 0 50.000 54.000 2700.000 51.961 0 1 1 200 0 0
 16 128023.000 12469.000 0 0 0.000 0.000 0.000 0.223 0 1 0 0 0 0
 17 156980.000 171793.000 0 0 50.000 54.000 2700.000 51.961 0 1 2 200 0 0
 18 158888.000 172474.000 0 0 50.000 54.000 2700.000 51.961 0 1 3 200 0 0
 19 160739.000 173861.000 0 0 0.000 0.000 0.000 200000.000 0 1 0 200 0 0
 20 161257.000 174223.000 0 0 0.000 0.000 0.000 0.134 0 1 0 0 0 0
 21 154996.000 170076.000 0 0 97.417 76.454 7448.039 86.302 0 1 1 200 0 0
 22 155085.000 170224.000 0 0 90.892 71.298 6480.479 80.501 0 1 1 200 0 0
 23 155203.000 170346.000 0 0 192.215 150.837 28993.372 170.274 0 1 1 200 0 0
 24 155342.000 170455.000 0 0 233.040 183.052 42658.685 206.539 0 1 1 200 0 0
 25 155428.000 170602.000 0 0 270.758 212.565 57553.850 239.903 0 1 1 200 0 0
 26 155568.000 170708.000 0 0 193.203 151.836 29335.282 171.275 0 1 1 200 0 0
 27 155701.000 170821.000 0 0 139.193 109.475 15238.294 123.443 0 1 1 200 0 0
 28 155611.000 170891.000 0 0 27.186 21.326 579.799 24.079 0 1 1 200 0 0
 29 155802.000 170958.000 0 0 64.630 50.826 3284.903 57.314 0 1 1 200 0 0
 30 157018.000 171295.000 0 0 64.937 51.933 3372.444 58.072 0 1 2 200 0 0
 31 156728.000 171527.000 0 0 51.433 40.791 2098.036 45.804 0 1 2 200 0 0
 32 157116.000 171435.000 0 0 27.395 21.903 600.061 24.496 0 1 2 200 0 0
 33 157068.000 171473.000 0 0 41.115 32.828 1349.728 36.738 0 1 2 200 0 0
 34 156838.000 171656.000 0 0 123.660 98.087 12129.575 110.134 0 1 2 200 0 0
 35 157215.000 171574.000 0 0 164.690 131.650 21681.601 147.246 0 1 2 200 0 0
 36 156948.000 171784.000 0 0 127.321 101.007 12860.454 113.403 0 1 2 200 0 0
 37 157330.000 171698.000 0 0 178.724 142.909 25541.298 159.816 0 1 2 200 0 0
 38 157160.000 171835.000 0 0 20.659 16.438 339.616 18.428 0 1 2 200 0 0
 39 157080.000 171896.000 0 0 117.179 93.032 10901.513 104.410 0 1 2 200 0 0
 40 157449.000 171821.000 0 0 210.017 167.991 35281.097 187.832 0 1 2 200 0 0
 41 157237.000 171990.000 0 0 82.823 65.850 5454.000 73.851 0 1 2 200 0 0
 42 157586.000 171929.000 0 0 224.125 179.434 40215.855 200.538 0 1 2 200 0 0
 43 157344.000 172122.000 0 0 62.229 49.478 3079.045 55.489 0 1 2 200 0 0
 44 157761.000 172007.000 0 0 100.102 80.297 8037.978 89.654 0 1 2 200 0 0
 45 157899.000 172115.000 0 0 24.199 19.429 470.194 21.683 0 1 2 200 0 0
 46 157856.000 172149.000 0 0 48.418 38.826 1879.947 43.358 0 1 2 200 0 0
 47 158923.000 172378.000 0 0 10.409 8.474 88.222 9.392 0 1 3 200 0 0
 48 159030.000 172511.000 0 0 38.236 31.128 1190.233 34.499 0 1 3 200 0 0
 49 158963.000 172563.000 0 0 45.219 36.744 1661.555 40.762 0 1 3 200 0 0
 50 159095.000 172677.000 0 0 121.938 99.151 12090.357 109.956 0 1 3 200 0 0
 51 159209.000 172803.000 0 0 177.989 144.756 25765.186 160.515 0 1 3 200 0 0
 52 159334.000 172920.000 0 0 164.294 133.684 21963.670 148.201 0 1 3 200 0 0
 53 159446.000 173048.000 0 0 140.069 113.988 15966.302 126.357 0 1 3 200 0 0
 54 159559.000 173176.000 0 0 45.600 37.115 1692.508 41.140 0 1 3 200 0 0;
ProcessEquipmentIDList 1
  "6620" ;
SummarySpec 5
  TESTNO    NDEFECT    DEFDENSITY    NDIE    NDEFDIE  ;
SummaryList 
  1    54    0.1895    1    1  ;
EndOfFile;
