FileVersion 1 2;
FileTimestamp 01-30-26 18:02:50;
InspectionStationID "KLA-Tencor" "SFSSP1" "0901-0728-TBI";
SampleType WAFER;
ResultTimestamp 01-30-26 17:50:58;
LotID "2850";
SampleSize 1 200;
DeviceID "None";
SetupID "T2-2850A" 01-30-26 17:50:58;
StepID "6855";
SampleOrientationMarkType NOTCH;
OrientationMarkLocation DOWN;
DiePitch 200000 200000;
DieOrigin 0 0;
WaferID "20";
Slot 20;
SampleCenterLocation 100000 100000;
ClassLookup 1
  0 "0"  ;
OrientationInstructions "Front";
CoordinatesMirrored No;
InspectionTest 1;
SampleTestPlan 1
  0 0 ;
AreaPerTest 2.8502e+010;
ClusterClassificationList 1
  1 200 ;
DefectRecordSpec 15 DEFECTID XREL YREL XINDEX YINDEX XSIZE YSIZE DEFECTAREA DSIZE CLASSNUMBER TEST CLUSTERNUMBER ROUGHBINNUMBER FINEBINNUMBER REVIEWSAMPLE ;
DefectList
 1 138917.000 126023.000 0 0 0.000 0.000 0.000 200000.000 0 1 0 200 0 0
 2 95569.000 147886.000 0 0 0.000 0.000 0.000 0.183 0 1 0 0 0 0
 3 156865.000 165370.000 0 0 0.000 0.000 0.000 200000.000 0 1 0 200 0 0
 4 143973.000 17678.000 0 0 0.000 0.000 0.000 0.126 0 1 0 0 0 0
 5 144163.000 17589.000 0 0 0.000 0.000 0.000 0.132 0 1 0 0 0 0
 6 144511.000 17442.000 0 0 0.000 0.000 0.000 0.144 0 1 0 0 0 0
 7 132653.000 12043.000 0 0 0.000 0.000 0.000 0.120 0 1 0 0 0 0
 8 122923.000 8769.000 0 0 0.000 0.000 0.000 0.142 0 1 0 0 0 0
 9 158311.000 25765.000 0 0 50.000 54.000 2700.000 51.961 0 1 1 200 0 0
 10 6552.000 112789.000 0 0 0.000 0.000 0.000 0.134 0 1 0 0 0 0
 11 123586.000 8597.000 0 0 0.000 0.000 0.000 0.131 0 1 0 0 0 0
 12 147976.000 18172.000 0 0 0.000 0.000 0.000 0.132 0 1 0 0 0 0
 13 158681.000 25498.000 0 0 50.000 54.000 2700.000 51.961 0 1 1 200 0 0
 14 163350.000 29256.000 0 0 0.000 0.000 0.000 0.123 0 1 0 0 0 0
 15 158861.000 24794.000 0 0 50.000 54.000 2700.000 51.961 0 1 1 200 0 0
 16 159619.000 24758.000 0 0 50.000 54.000 2700.000 51.961 0 1 1 200 0 0
 17 159927.000 24500.000 0 0 50.000 54.000 2700.000 51.961 0 1 1 200 0 0
 18 59021.000 187580.000 0 0 0.000 0.000 0.000 0.129 0 1 0 0 0 0
 19 159698.000 23937.000 0 0 50.000 54.000 2700.000 51.961 0 1 1 200 0 0
 20 160121.000 24299.000 0 0 50.000 54.000 2700.000 51.961 0 1 1 200 0 0
 21 170495.000 33685.000 0 0 0.000 0.000 0.000 0.238 0 1 0 0 0 0
 22 58983.000 187736.000 0 0 0.000 0.000 0.000 0.121 0 1 0 0 0 0
 23 158493.000 25695.000 0 0 35.608 28.031 998.154 31.593 0 1 1 200 0 0
 24 158634.000 25589.000 0 0 71.354 56.225 4011.977 63.340 0 1 1 200 0 0
 25 158770.000 25480.000 0 0 71.459 56.356 4027.192 63.460 0 1 1 200 0 0
 26 158903.000 25368.000 0 0 60.819 48.001 2919.394 54.031 0 1 1 200 0 0
 27 159037.000 25257.000 0 0 10.763 8.501 91.507 9.565 0 1 1 200 0 0;
ProcessEquipmentIDList 1
  "6620" ;
SummarySpec 5
  TESTNO    NDEFECT    DEFDENSITY    NDIE    NDEFDIE  ;
SummaryList 
  1    27    0.09473    1    1  ;
EndOfFile;
