FileVersion 1 2;
FileTimestamp 01-30-26 18:23:38;
InspectionStationID "KLA-Tencor" "SFSSP1" "0901-0728-TBI";
SampleType WAFER;
ResultTimestamp 01-30-26 18:07:46;
LotID "2850";
SampleSize 1 200;
DeviceID "None";
SetupID "T2-2850A" 01-30-26 18:07:46;
StepID "6855";
SampleOrientationMarkType NOTCH;
OrientationMarkLocation DOWN;
DiePitch 200000 200000;
DieOrigin 0 0;
WaferID "25";
Slot 25;
SampleCenterLocation 100000 100000;
ClassLookup 1
  0 "0"  ;
OrientationInstructions "Front";
CoordinatesMirrored No;
InspectionTest 1;
SampleTestPlan 1
  0 0 ;
AreaPerTest 2.85011e+010;
ClusterClassificationList 1
  1 200 ;
DefectRecordSpec 15 DEFECTID XREL YREL XINDEX YINDEX XSIZE YSIZE DEFECTAREA DSIZE CLASSNUMBER TEST CLUSTERNUMBER ROUGHBINNUMBER FINEBINNUMBER REVIEWSAMPLE ;
DefectList
 1 116091.000 91350.000 0 0 0.000 0.000 0.000 0.133 0 1 0 0 0 0
 2 111102.000 67285.000 0 0 0.000 0.000 0.000 0.150 0 1 0 0 0 0
 3 104058.000 48976.000 0 0 0.000 0.000 0.000 200000.000 0 1 0 200 0 0
 4 67282.000 59256.000 0 0 0.000 0.000 0.000 0.498 0 1 0 0 0 0
 5 157633.000 109674.000 0 0 52.000 32.000 1664.000 40.792 0 1 1 200 0 0
 6 157771.000 109882.000 0 0 54.000 32.000 1728.000 41.569 0 1 1 200 0 0
 7 157623.000 110725.000 0 0 54.000 32.000 1728.000 41.569 0 1 1 200 0 0
 8 157320.000 109998.000 0 0 54.000 32.000 1728.000 41.569 0 1 1 200 0 0
 9 157569.000 110028.000 0 0 54.000 32.000 1728.000 41.569 0 1 1 200 0 0
 10 172553.000 83013.000 0 0 0.000 0.000 0.000 0.162 0 1 0 0 0 0
 11 103215.000 20083.000 0 0 0.000 0.000 0.000 0.202 0 1 0 0 0 0
 12 156910.000 110367.000 0 0 4.969 27.281 135.585 11.644 0 1 1 200 0 0
 13 156899.000 110429.000 0 0 10.499 57.278 601.381 24.523 0 1 1 200 0 0
 14 157074.000 110412.000 0 0 6.488 35.568 230.800 15.192 0 1 1 200 0 0
 15 157063.000 110474.000 0 0 11.047 60.180 664.809 25.783 0 1 1 200 0 0
 16 157239.000 110457.000 0 0 34.590 189.327 6548.861 80.925 0 1 1 200 0 0
 17 157407.000 110484.000 0 0 35.684 195.386 6972.255 83.500 0 1 1 200 0 0
 18 157574.000 110515.000 0 0 36.293 198.715 7212.016 84.923 0 1 1 200 0 0
 19 157739.000 110564.000 0 0 22.788 124.553 2838.438 53.276 0 1 1 200 0 0;
ProcessEquipmentIDList 1
  "6620" ;
SummarySpec 5
  TESTNO    NDEFECT    DEFDENSITY    NDIE    NDEFDIE  ;
SummaryList 
  1    19    0.06666    1    1  ;
EndOfFile;
