FileVersion 1 2;
FileTimestamp 01-30-26 15:44:51;
InspectionStationID "KLA-Tencor" "SFSSP1" "0901-0728-TBI";
SampleType WAFER;
ResultTimestamp 01-30-26 15:19:07;
LotID "2850";
SampleSize 1 200;
DeviceID "None";
SetupID "T2-2850A" 01-30-26 15:19:07;
StepID "6855";
SampleOrientationMarkType NOTCH;
OrientationMarkLocation DOWN;
DiePitch 200000 200000;
DieOrigin 0 0;
WaferID "22";
Slot 22;
SampleCenterLocation 100000 100000;
ClassLookup 1
  0 "0"  ;
OrientationInstructions "Front";
CoordinatesMirrored No;
InspectionTest 1;
SampleTestPlan 1
  0 0 ;
AreaPerTest 2.85007e+010;
ClusterClassificationList 6
  4 210 
  3 210 
  2 210 
  5 200 
  1 210 
  6 210 ;
DefectRecordSpec 15 DEFECTID XREL YREL XINDEX YINDEX XSIZE YSIZE DEFECTAREA DSIZE CLASSNUMBER TEST CLUSTERNUMBER ROUGHBINNUMBER FINEBINNUMBER REVIEWSAMPLE ;
DefectList
 1 72316.000 106198.000 0 0 0.000 0.000 0.000 0.263 0 1 0 0 0 0
 2 116156.000 126917.000 0 0 0.000 0.000 0.000 0.120 0 1 0 0 0 0
 3 117960.000 126469.000 0 0 0.000 0.000 0.000 0.120 0 1 0 0 0 0
 4 120367.000 125880.000 0 0 0.000 0.000 0.000 0.124 0 1 0 0 0 0
 5 121479.000 125618.000 0 0 0.000 0.000 0.000 0.129 0 1 0 0 0 0
 6 121656.000 125574.000 0 0 0.000 0.000 0.000 0.127 0 1 0 0 0 0
 7 123676.000 125120.000 0 0 0.000 0.000 0.000 0.131 0 1 0 0 0 0
 8 125254.000 124769.000 0 0 0.000 0.000 0.000 0.137 0 1 0 0 0 0
 9 125206.000 124783.000 0 0 0.000 0.000 0.000 0.125 0 1 0 0 0 0
 10 125737.000 124669.000 0 0 0.000 0.000 0.000 0.131 0 1 0 0 0 0
 11 125975.000 124622.000 0 0 0.000 0.000 0.000 0.127 0 1 0 0 0 0
 12 127785.000 124228.000 0 0 0.000 0.000 0.000 0.130 0 1 0 0 0 0
 13 128304.000 124116.000 0 0 0.000 0.000 0.000 0.124 0 1 0 0 0 0
 14 128741.000 124033.000 0 0 0.000 0.000 0.000 0.131 0 1 0 0 0 0
 15 129877.000 123787.000 0 0 54.000 50.000 2700.000 51.961 0 1 4 210 0 0
 16 130193.000 123722.000 0 0 54.000 50.000 2700.000 51.961 0 1 4 210 0 0
 17 130517.000 123658.000 0 0 54.000 50.000 2700.000 51.961 0 1 4 210 0 0
 18 131119.000 123544.000 0 0 54.000 50.000 2700.000 51.961 0 1 4 210 0 0
 19 131506.000 123465.000 0 0 56.000 48.000 2688.000 51.845 0 1 4 210 0 0
 20 132275.000 123312.000 0 0 56.000 48.000 2688.000 51.845 0 1 4 210 0 0
 21 133435.000 123088.000 0 0 54.000 48.000 2592.000 50.911 0 1 4 210 0 0
 22 133578.000 123064.000 0 0 54.000 48.000 2592.000 50.911 0 1 4 210 0 0
 23 134362.000 122920.000 0 0 54.000 46.000 2484.000 49.839 0 1 4 210 0 0
 24 135014.000 122796.000 0 0 54.000 48.000 2592.000 50.911 0 1 4 210 0 0
 25 134861.000 122820.000 0 0 54.000 48.000 2592.000 50.911 0 1 4 210 0 0
 26 135223.000 122753.000 0 0 55.000 48.000 2640.000 51.380 0 1 4 210 0 0
 27 79735.000 137515.000 0 0 0.000 0.000 0.000 0.137 0 1 0 0 0 0
 28 136904.000 122453.000 0 0 0.000 0.000 0.000 0.131 0 1 0 0 0 0
 29 136945.000 122446.000 0 0 0.000 0.000 0.000 0.128 0 1 0 0 0 0
 30 137824.000 122297.000 0 0 0.000 0.000 0.000 0.120 0 1 0 0 0 0
 31 138353.000 122206.000 0 0 0.000 0.000 0.000 0.145 0 1 0 0 0 0
 32 138747.000 122132.000 0 0 0.000 0.000 0.000 0.122 0 1 0 0 0 0
 33 139003.000 122094.000 0 0 0.000 0.000 0.000 0.145 0 1 0 0 0 0
 34 140291.000 121881.000 0 0 54.000 44.000 2376.000 48.744 0 1 3 210 0 0
 35 140522.000 121839.000 0 0 56.000 44.000 2464.000 49.638 0 1 3 210 0 0
 36 140760.000 121791.000 0 0 56.000 44.000 2464.000 49.638 0 1 3 210 0 0
 37 141488.000 121680.000 0 0 56.000 44.000 2464.000 49.638 0 1 3 210 0 0
 38 75611.000 139906.000 0 0 0.000 0.000 0.000 0.133 0 1 0 0 0 0
 39 57512.000 79897.000 0 0 0.000 0.000 0.000 0.201 0 1 0 0 0 0
 40 141672.000 121658.000 0 0 56.000 44.000 2464.000 49.638 0 1 3 210 0 0
 41 142459.000 121525.000 0 0 56.000 44.000 2464.000 49.638 0 1 3 210 0 0
 42 142319.000 121550.000 0 0 56.000 44.000 2464.000 49.638 0 1 3 210 0 0
 43 143040.000 121434.000 0 0 56.000 44.000 2464.000 49.638 0 1 3 210 0 0
 44 143488.000 121364.000 0 0 56.000 44.000 2464.000 49.638 0 1 3 210 0 0
 45 143622.000 121347.000 0 0 56.000 42.000 2352.000 48.497 0 1 3 210 0 0
 46 143873.000 121309.000 0 0 56.000 42.000 2352.000 48.497 0 1 3 210 0 0
 47 144087.000 121278.000 0 0 56.000 42.000 2352.000 48.497 0 1 3 210 0 0
 48 144485.000 121215.000 0 0 56.000 42.000 2352.000 48.497 0 1 3 210 0 0
 49 145383.000 121092.000 0 0 56.000 42.000 2352.000 48.497 0 1 3 210 0 0
 50 146563.000 120925.000 0 0 54.000 42.000 2268.000 47.623 0 1 3 210 0 0
 51 146878.000 120884.000 0 0 54.000 42.000 2268.000 47.623 0 1 3 210 0 0
 52 147028.000 120859.000 0 0 54.000 42.000 2268.000 47.623 0 1 3 210 0 0
 53 147465.000 120802.000 0 0 54.000 42.000 2268.000 47.623 0 1 3 210 0 0
 54 147681.000 120768.000 0 0 54.000 42.000 2268.000 47.623 0 1 3 210 0 0
 55 148344.000 120674.000 0 0 54.000 42.000 2268.000 47.623 0 1 3 210 0 0
 56 148533.000 120654.000 0 0 56.000 42.000 2352.000 48.497 0 1 3 210 0 0
 57 68388.000 142981.000 0 0 0.000 0.000 0.000 0.124 0 1 0 0 0 0
 58 149555.000 120521.000 0 0 56.000 42.000 2352.000 48.497 0 1 3 210 0 0
 59 149885.000 120479.000 0 0 0.000 0.000 0.000 0.141 0 1 0 0 0 0
 60 150113.000 120448.000 0 0 0.000 0.000 0.000 0.140 0 1 0 0 0 0
 61 151118.000 120329.000 0 0 56.000 42.000 2352.000 48.497 0 1 2 210 0 0
 62 151374.000 120295.000 0 0 56.000 42.000 2352.000 48.497 0 1 2 210 0 0
 63 151868.000 120231.000 0 0 56.000 42.000 2352.000 48.497 0 1 2 210 0 0
 64 152143.000 120201.000 0 0 56.000 42.000 2352.000 48.497 0 1 2 210 0 0
 65 152326.000 120184.000 0 0 56.000 40.000 2240.000 47.328 0 1 2 210 0 0
 66 65538.000 144269.000 0 0 0.000 0.000 0.000 0.130 0 1 0 0 0 0
 67 152630.000 120140.000 0 0 56.000 40.000 2240.000 47.328 0 1 2 210 0 0
 68 152907.000 120114.000 0 0 56.000 40.000 2240.000 47.328 0 1 2 210 0 0
 69 153603.000 120034.000 0 0 56.000 40.000 2240.000 47.328 0 1 2 210 0 0
 70 64639.000 144686.000 0 0 0.000 0.000 0.000 0.155 0 1 0 0 0 0
 71 155750.000 85624.000 0 0 0.000 0.000 0.000 0.122 0 1 0 0 0 0
 72 153833.000 120007.000 0 0 56.000 40.000 2240.000 47.328 0 1 2 210 0 0
 73 154070.000 119972.000 0 0 56.000 40.000 2240.000 47.328 0 1 2 210 0 0
 74 154392.000 119944.000 0 0 56.000 40.000 2240.000 47.328 0 1 2 210 0 0
 75 154664.000 119914.000 0 0 56.000 40.000 2240.000 47.328 0 1 2 210 0 0
 76 154969.000 119881.000 0 0 56.000 40.000 2240.000 47.328 0 1 2 210 0 0
 77 155216.000 119851.000 0 0 56.000 40.000 2240.000 47.328 0 1 2 210 0 0
 78 155777.000 119793.000 0 0 56.000 40.000 2240.000 47.328 0 1 2 210 0 0
 79 155960.000 119774.000 0 0 54.000 40.000 2160.000 46.475 0 1 2 210 0 0
 80 156868.000 119682.000 0 0 54.000 40.000 2160.000 46.475 0 1 2 210 0 0
 81 157055.000 119662.000 0 0 54.000 40.000 2160.000 46.475 0 1 2 210 0 0
 82 157351.000 119630.000 0 0 54.000 40.000 2160.000 46.475 0 1 2 210 0 0
 83 157547.000 119615.000 0 0 54.000 40.000 2160.000 46.475 0 1 2 210 0 0
 84 157783.000 119585.000 0 0 54.000 40.000 2160.000 46.475 0 1 2 210 0 0
 85 158066.000 119564.000 0 0 54.000 38.000 2052.000 45.299 0 1 2 210 0 0
 86 158496.000 119521.000 0 0 54.000 38.000 2052.000 45.299 0 1 2 210 0 0
 87 158818.000 119491.000 0 0 54.000 38.000 2052.000 45.299 0 1 2 210 0 0
 88 159178.000 119454.000 0 0 54.000 38.000 2052.000 45.299 0 1 2 210 0 0
 89 159398.000 119437.000 0 0 54.000 38.000 2052.000 45.299 0 1 2 210 0 0
 90 159988.000 119385.000 0 0 54.000 38.000 2052.000 45.299 0 1 2 210 0 0
 91 160259.000 119364.000 0 0 54.000 38.000 2052.000 45.299 0 1 2 210 0 0
 92 160408.000 119346.000 0 0 54.000 38.000 2052.000 45.299 0 1 2 210 0 0
 93 160555.000 119339.000 0 0 54.000 38.000 2052.000 45.299 0 1 2 210 0 0
 94 57893.000 147941.000 0 0 52.000 52.000 2704.000 52.000 0 1 5 200 0 0
 95 57614.000 148072.000 0 0 52.000 52.000 2704.000 52.000 0 1 5 200 0 0
 96 162045.000 119190.000 0 0 54.000 38.000 2052.000 45.299 0 1 2 210 0 0
 97 162168.000 119196.000 0 0 54.000 38.000 2052.000 45.299 0 1 2 210 0 0
 98 162449.000 119169.000 0 0 54.000 38.000 2052.000 45.299 0 1 2 210 0 0
 99 163119.000 119126.000 0 0 54.000 38.000 2052.000 45.299 0 1 2 210 0 0
 100 163609.000 119087.000 0 0 54.000 38.000 2052.000 45.299 0 1 2 210 0 0
 101 164288.000 119034.000 0 0 54.000 38.000 2052.000 45.299 0 1 2 210 0 0
 102 164601.000 119010.000 0 0 54.000 38.000 2052.000 45.299 0 1 2 210 0 0
 103 164886.000 118991.000 0 0 54.000 38.000 2052.000 45.299 0 1 2 210 0 0
 104 165160.000 118970.000 0 0 56.000 36.000 2016.000 44.899 0 1 2 210 0 0
 105 165306.000 118958.000 0 0 56.000 36.000 2016.000 44.899 0 1 2 210 0 0
 106 165502.000 118948.000 0 0 56.000 36.000 2016.000 44.899 0 1 2 210 0 0
 107 165856.000 118918.000 0 0 56.000 36.000 2016.000 44.899 0 1 2 210 0 0
 108 165962.000 118918.000 0 0 56.000 36.000 2016.000 44.899 0 1 2 210 0 0
 109 166375.000 118897.000 0 0 56.000 36.000 2016.000 44.899 0 1 2 210 0 0
 110 167142.000 118837.000 0 0 56.000 36.000 2016.000 44.899 0 1 2 210 0 0
 111 167495.000 118811.000 0 0 56.000 36.000 2016.000 44.899 0 1 2 210 0 0
 112 168005.000 118790.000 0 0 56.000 36.000 2016.000 44.899 0 1 2 210 0 0
 113 168448.000 118759.000 0 0 56.000 36.000 2016.000 44.899 0 1 2 210 0 0
 114 168962.000 118734.000 0 0 56.000 36.000 2016.000 44.899 0 1 2 210 0 0
 115 169327.000 118710.000 0 0 56.000 36.000 2016.000 44.899 0 1 2 210 0 0
 116 171384.000 118613.000 0 0 0.000 0.000 0.000 0.152 0 1 0 0 0 0
 117 172240.000 118566.000 0 0 0.000 0.000 0.000 0.161 0 1 0 0 0 0
 118 172579.000 118557.000 0 0 0.000 0.000 0.000 0.177 0 1 0 0 0 0
 119 173160.000 118532.000 0 0 0.000 0.000 0.000 0.127 0 1 0 0 0 0
 120 177498.000 118389.000 0 0 54.000 34.000 1836.000 42.848 0 1 1 210 0 0
 121 177859.000 118377.000 0 0 54.000 34.000 1836.000 42.848 0 1 1 210 0 0
 122 45629.000 158749.000 0 0 0.000 0.000 0.000 0.130 0 1 0 0 0 0
 123 178246.000 118374.000 0 0 54.000 34.000 1836.000 42.848 0 1 1 210 0 0
 124 178589.000 118365.000 0 0 54.000 34.000 1836.000 42.848 0 1 1 210 0 0
 125 178809.000 118361.000 0 0 54.000 34.000 1836.000 42.848 0 1 1 210 0 0
 126 178969.000 118358.000 0 0 54.000 34.000 1836.000 42.848 0 1 1 210 0 0
 127 179410.000 118355.000 0 0 54.000 34.000 1836.000 42.848 0 1 1 210 0 0
 128 179599.000 118342.000 0 0 54.000 34.000 1836.000 42.848 0 1 1 210 0 0
 129 179905.000 118345.000 0 0 54.000 34.000 1836.000 42.848 0 1 1 210 0 0
 130 180103.000 118334.000 0 0 54.000 34.000 1836.000 42.848 0 1 1 210 0 0
 131 180282.000 118336.000 0 0 54.000 34.000 1836.000 42.848 0 1 1 210 0 0
 132 180504.000 118334.000 0 0 54.000 34.000 1836.000 42.848 0 1 1 210 0 0
 133 155465.000 38270.000 0 0 0.000 0.000 0.000 0.155 0 1 0 0 0 0
 134 40634.000 157367.000 0 0 52.000 52.000 2704.000 52.000 0 1 6 210 0 0
 135 180861.000 118327.000 0 0 54.000 34.000 1836.000 42.848 0 1 1 210 0 0
 136 181073.000 118323.000 0 0 54.000 34.000 1836.000 42.848 0 1 1 210 0 0
 137 181338.000 118317.000 0 0 54.000 34.000 1836.000 42.848 0 1 1 210 0 0
 138 181591.000 118318.000 0 0 54.000 34.000 1836.000 42.848 0 1 1 210 0 0
 139 39897.000 157818.000 0 0 54.000 52.000 2808.000 52.990 0 1 6 210 0 0
 140 182093.000 118308.000 0 0 54.000 34.000 1836.000 42.848 0 1 1 210 0 0
 141 39436.000 158084.000 0 0 54.000 52.000 2808.000 52.990 0 1 6 210 0 0
 142 39183.000 158260.000 0 0 54.000 52.000 2808.000 52.990 0 1 6 210 0 0
 143 37811.000 159080.000 0 0 54.000 52.000 2808.000 52.990 0 1 6 210 0 0
 144 37510.000 159269.000 0 0 54.000 52.000 2808.000 52.990 0 1 6 210 0 0
 145 92538.000 186292.000 0 0 0.000 0.000 0.000 0.159 0 1 0 0 0 0
 146 37218.000 159445.000 0 0 54.000 52.000 2808.000 52.990 0 1 6 210 0 0
 147 36965.000 159617.000 0 0 54.000 52.000 2808.000 52.990 0 1 6 210 0 0
 148 159729.000 35655.000 0 0 0.000 0.000 0.000 200000.000 0 1 0 200 0 0
 149 187102.000 118316.000 0 0 54.000 34.000 1836.000 42.848 0 1 1 210 0 0
 150 187824.000 118316.000 0 0 54.000 34.000 1836.000 42.848 0 1 1 210 0 0
 151 43261.000 169306.000 0 0 0.000 0.000 0.000 0.148 0 1 0 0 0 0
 152 34291.000 161277.000 0 0 54.000 52.000 2808.000 52.990 0 1 6 210 0 0
 153 188171.000 118319.000 0 0 54.000 34.000 1836.000 42.848 0 1 1 210 0 0
 154 188491.000 118338.000 0 0 54.000 34.000 1836.000 42.848 0 1 1 210 0 0
 155 188867.000 118328.000 0 0 54.000 34.000 1836.000 42.848 0 1 1 210 0 0
 156 54072.000 178203.000 0 0 0.000 0.000 0.000 0.217 0 1 0 0 0 0
 157 189368.000 118347.000 0 0 54.000 34.000 1836.000 42.848 0 1 1 210 0 0
 158 190222.000 118358.000 0 0 54.000 32.000 1728.000 41.569 0 1 1 210 0 0
 159 32355.000 162505.000 0 0 54.000 50.000 2700.000 51.961 0 1 6 210 0 0
 160 191607.000 118425.000 0 0 54.000 32.000 1728.000 41.569 0 1 1 210 0 0
 161 192134.000 118409.000 0 0 54.000 32.000 1728.000 41.569 0 1 1 210 0 0
 162 192472.000 118417.000 0 0 54.000 32.000 1728.000 41.569 0 1 1 210 0 0
 163 193557.000 118379.000 0 0 54.000 32.000 1728.000 41.569 0 1 1 210 0 0
 164 8836.000 70999.000 0 0 0.000 0.000 0.000 0.238 0 1 0 0 0 0
 165 29207.000 165414.000 0 0 0.000 0.000 0.000 0.147 0 1 0 0 0 0
 166 57703.000 147922.000 0 0 11.482 10.134 116.377 10.787 0 1 5 200 0 0
 167 57554.000 148019.000 0 0 87.467 77.316 6762.722 82.235 0 1 5 200 0 0
 168 57396.000 148104.000 0 0 87.623 77.604 6800.033 82.462 0 1 5 200 0 0
 169 57253.000 148205.000 0 0 87.807 77.865 6837.094 82.686 0 1 5 200 0 0
 170 57111.000 148307.000 0 0 30.106 26.730 804.750 28.368 0 1 5 200 0 0
 171 40960.000 157076.000 0 0 8.205 8.488 69.650 8.345 0 1 6 210 0 0
 172 40827.000 157183.000 0 0 52.080 53.892 2806.767 52.978 0 1 6 210 0 0
 173 40691.000 157287.000 0 0 74.151 76.769 5692.520 75.448 0 1 6 210 0 0
 174 40544.000 157380.000 0 0 79.771 82.657 6593.666 81.201 0 1 6 210 0 0
 175 40394.000 157470.000 0 0 79.896 82.866 6620.757 81.368 0 1 6 210 0 0
 176 40243.000 157560.000 0 0 80.021 83.076 6647.894 81.534 0 1 6 210 0 0
 177 40096.000 157652.000 0 0 74.623 77.538 5786.168 76.066 0 1 6 210 0 0
 178 181471.000 118254.000 0 0 3.500 15.622 54.682 7.394 0 1 1 210 0 0
 179 39951.000 157747.000 0 0 69.212 71.970 4981.281 70.578 0 1 6 210 0 0
 180 181641.000 118276.000 0 0 12.265 54.791 672.042 25.923 0 1 1 210 0 0
 181 39795.000 157830.000 0 0 74.854 77.928 5833.291 76.375 0 1 6 210 0 0
 182 181815.000 118276.000 0 0 20.150 90.205 1817.673 42.634 0 1 1 210 0 0
 183 39643.000 157916.000 0 0 69.414 72.340 5021.458 70.862 0 1 6 210 0 0
 184 181998.000 118236.000 0 0 4.371 19.653 85.908 9.268 0 1 1 210 0 0
 185 181989.000 118279.000 0 0 13.143 58.954 774.894 27.836 0 1 1 210 0 0
 186 39494.000 158008.000 0 0 75.084 78.317 5880.438 76.684 0 1 6 210 0 0
 187 182163.000 118279.000 0 0 19.277 86.650 1670.415 40.870 0 1 1 210 0 0
 188 39351.000 158104.000 0 0 66.842 69.768 4663.496 68.289 0 1 6 210 0 0
 189 182338.000 118277.000 0 0 19.275 86.835 1673.803 40.912 0 1 1 210 0 0
 190 39203.000 158195.000 0 0 61.368 64.112 3934.509 62.725 0 1 6 210 0 0
 191 182514.000 118271.000 0 0 19.269 87.020 1676.835 40.949 0 1 1 210 0 0
 192 39057.000 158288.000 0 0 47.500 49.663 2359.056 48.570 0 1 6 210 0 0
 193 182687.000 118274.000 0 0 18.396 83.239 1531.332 39.132 0 1 1 210 0 0
 194 182860.000 118278.000 0 0 19.276 87.386 1684.534 41.043 0 1 1 210 0 0
 195 183036.000 118266.000 0 0 15.761 71.649 1129.319 33.605 0 1 1 210 0 0
 196 183210.000 118271.000 0 0 12.262 55.844 684.792 26.168 0 1 1 210 0 0
 197 183385.000 118269.000 0 0 17.516 79.945 1400.335 37.421 0 1 1 210 0 0
 198 183557.000 118275.000 0 0 14.893 68.093 1014.155 31.845 0 1 1 210 0 0
 199 38141.000 158806.000 0 0 33.831 35.587 1203.999 34.698 0 1 6 210 0 0
 200 183733.000 118269.000 0 0 16.639 76.264 1269.003 35.623 0 1 1 210 0 0
 201 38004.000 158908.000 0 0 56.474 59.435 3356.582 57.936 0 1 6 210 0 0
 202 183908.000 118269.000 0 0 14.888 68.379 1018.033 31.906 0 1 1 210 0 0
 203 37856.000 159001.000 0 0 70.715 74.481 5267.008 72.574 0 1 6 210 0 0
 204 184087.000 118241.000 0 0 4.372 20.154 88.121 9.387 0 1 1 210 0 0
 205 184078.000 118279.000 0 0 10.515 48.365 508.589 22.551 0 1 1 210 0 0
 206 37714.000 159097.000 0 0 70.829 74.652 5287.617 72.716 0 1 6 210 0 0
 207 184256.000 118266.000 0 0 11.383 52.507 597.696 24.447 0 1 1 210 0 0
 208 37562.000 159183.000 0 0 76.606 80.819 6191.242 78.684 0 1 6 210 0 0
 209 184427.000 118276.000 0 0 14.017 64.755 907.724 30.128 0 1 1 210 0 0
 210 37415.000 159278.000 0 0 71.046 75.010 5329.211 73.001 0 1 6 210 0 0
 211 184604.000 118268.000 0 0 15.763 73.002 1150.752 33.922 0 1 1 210 0 0
 212 37267.000 159367.000 0 0 65.449 69.160 4526.489 67.279 0 1 6 210 0 0
 213 184776.000 118274.000 0 0 14.892 69.087 1028.868 32.075 0 1 1 210 0 0
 214 37126.000 159465.000 0 0 65.557 69.315 4544.179 67.410 0 1 6 210 0 0
 215 184950.000 118272.000 0 0 14.014 65.156 913.148 30.218 0 1 1 210 0 0
 216 36976.000 159555.000 0 0 62.802 66.461 4173.943 64.606 0 1 6 210 0 0
 217 185124.000 118273.000 0 0 13.139 61.209 804.269 28.359 0 1 1 210 0 0
 218 36829.000 159647.000 0 0 51.466 54.506 2805.252 52.964 0 1 6 210 0 0
 219 185298.000 118272.000 0 0 16.642 77.690 1292.986 35.958 0 1 1 210 0 0
 220 36687.000 159745.000 0 0 37.234 39.458 1469.226 38.330 0 1 6 210 0 0
 221 185473.000 118269.000 0 0 14.012 65.557 918.633 30.308 0 1 1 210 0 0
 222 185645.000 118280.000 0 0 15.773 73.900 1165.708 34.142 0 1 1 210 0 0
 223 185820.000 118277.000 0 0 13.142 61.709 811.033 28.478 0 1 1 210 0 0
 224 185993.000 118278.000 0 0 12.267 57.712 707.969 26.607 0 1 1 210 0 0
 225 186168.000 118275.000 0 0 16.645 78.482 1306.348 36.143 0 1 1 210 0 0
 226 186342.000 118276.000 0 0 14.017 66.224 928.310 30.468 0 1 1 210 0 0
 227 186514.000 118282.000 0 0 12.269 58.061 712.412 26.691 0 1 1 210 0 0
 228 186689.000 118279.000 0 0 18.401 87.268 1605.889 40.073 0 1 1 210 0 0
 229 186862.000 118280.000 0 0 16.649 79.114 1317.249 36.293 0 1 1 210 0 0
 230 187035.000 118287.000 0 0 18.409 87.616 1613.010 40.162 0 1 1 210 0 0
 231 187207.000 118291.000 0 0 15.783 75.248 1187.651 34.462 0 1 1 210 0 0
 232 35034.000 160717.000 0 0 17.458 18.680 326.122 18.058 0 1 6 210 0 0
 233 187381.000 118291.000 0 0 16.660 79.586 1325.927 36.413 0 1 1 210 0 0
 234 34902.000 160823.000 0 0 46.651 49.930 2329.316 48.262 0 1 6 210 0 0
 235 187557.000 118284.000 0 0 14.900 71.352 1063.206 32.606 0 1 1 210 0 0
 236 34761.000 160922.000 0 0 67.163 71.922 4830.613 69.502 0 1 6 210 0 0
 237 187728.000 118292.000 0 0 12.276 58.876 722.780 26.884 0 1 1 210 0 0
 238 34619.000 161020.000 0 0 73.135 78.361 5730.991 75.703 0 1 6 210 0 0
 239 187901.000 118293.000 0 0 15.785 75.847 1197.259 34.601 0 1 1 210 0 0
 240 34475.000 161114.000 0 0 61.517 65.957 4057.592 63.699 0 1 6 210 0 0
 241 188074.000 118299.000 0 0 14.035 67.552 948.158 30.792 0 1 1 210 0 0
 242 34324.000 161202.000 0 0 73.353 78.715 5774.034 75.987 0 1 6 210 0 0
 243 188248.000 118296.000 0 0 15.787 76.146 1202.182 34.672 0 1 1 210 0 0
 244 34180.000 161297.000 0 0 76.405 82.041 6268.401 79.173 0 1 6 210 0 0
 245 188421.000 118303.000 0 0 14.916 72.057 1074.838 32.784 0 1 1 210 0 0
 246 34035.000 161391.000 0 0 82.405 88.544 7296.620 85.420 0 1 6 210 0 0
 247 188593.000 118304.000 0 0 14.917 72.197 1076.989 32.817 0 1 1 210 0 0
 248 33892.000 161487.000 0 0 79.587 85.569 6810.238 82.524 0 1 6 210 0 0
 249 188768.000 118305.000 0 0 14.917 72.339 1079.122 32.849 0 1 1 210 0 0
 250 33757.000 161592.000 0 0 88.578 95.266 8438.573 91.861 0 1 6 210 0 0
 251 188940.000 118310.000 0 0 16.677 81.007 1350.972 36.755 0 1 1 210 0 0
 252 33599.000 161671.000 0 0 67.989 73.204 4977.115 70.548 0 1 6 210 0 0
 253 189113.000 118315.000 0 0 16.681 81.164 1353.975 36.796 0 1 1 210 0 0
 254 33453.000 161764.000 0 0 62.172 66.986 4164.709 64.534 0 1 6 210 0 0
 255 189285.000 118319.000 0 0 16.685 81.322 1356.898 36.836 0 1 1 210 0 0
 256 33302.000 161850.000 0 0 68.187 73.531 5013.950 70.809 0 1 6 210 0 0
 257 189459.000 118326.000 0 0 17.570 85.768 1507.004 38.820 0 1 1 210 0 0
 258 33158.000 161946.000 0 0 65.323 70.486 4604.475 67.856 0 1 6 210 0 0
 259 189631.000 118327.000 0 0 15.814 77.339 1223.071 34.972 0 1 1 210 0 0
 260 33010.000 162035.000 0 0 71.364 77.064 5499.634 74.159 0 1 6 210 0 0
 261 189805.000 118329.000 0 0 14.937 73.185 1093.191 33.063 0 1 1 210 0 0
 262 32865.000 162128.000 0 0 71.471 77.230 5519.736 74.294 0 1 6 210 0 0
 263 189977.000 118333.000 0 0 14.940 73.325 1095.520 33.098 0 1 1 210 0 0
 264 32727.000 162229.000 0 0 62.640 67.717 4241.876 65.129 0 1 6 210 0 0
 265 190150.000 118333.000 0 0 14.940 73.466 1097.630 33.130 0 1 1 210 0 0
 266 32579.000 162322.000 0 0 59.747 64.636 3861.842 62.143 0 1 6 210 0 0
 267 190324.000 118341.000 0 0 14.947 73.608 1100.241 33.169 0 1 1 210 0 0
 268 32435.000 162416.000 0 0 44.881 48.584 2180.546 46.696 0 1 6 210 0 0
 269 190496.000 118341.000 0 0 14.947 73.748 1102.339 33.201 0 1 1 210 0 0
 270 32301.000 162522.000 0 0 26.980 29.214 788.231 28.075 0 1 6 210 0 0
 271 190669.000 118347.000 0 0 14.072 69.542 978.638 31.283 0 1 1 210 0 0
 272 190843.000 118348.000 0 0 14.953 74.030 1106.996 33.271 0 1 1 210 0 0
 273 191015.000 118352.000 0 0 14.956 74.170 1109.328 33.306 0 1 1 210 0 0
 274 191186.000 118362.000 0 0 15.844 78.681 1246.648 35.307 0 1 1 210 0 0
 275 191360.000 118361.000 0 0 15.843 78.831 1248.953 35.340 0 1 1 210 0 0
 276 191530.000 118376.000 0 0 14.975 74.590 1117.017 33.421 0 1 1 210 0 0
 277 191704.000 118372.000 0 0 15.853 79.128 1254.431 35.417 0 1 1 210 0 0
 278 191877.000 118375.000 0 0 15.855 79.277 1257.002 35.454 0 1 1 210 0 0
 279 192050.000 118382.000 0 0 15.861 79.427 1259.853 35.494 0 1 1 210 0 0
 280 192221.000 118392.000 0 0 14.988 75.154 1126.453 33.562 0 1 1 210 0 0
 281 192394.000 118396.000 0 0 14.109 70.865 999.905 31.621 0 1 1 210 0 0
 282 192580.000 118331.000 0 0 9.666 48.818 471.890 21.723 0 1 1 210 0 0
 283 192567.000 118399.000 0 0 14.112 70.998 1001.939 31.653 0 1 1 210 0 0
 284 192753.000 118334.000 0 0 12.304 62.248 765.963 27.676 0 1 1 210 0 0
 285 192738.000 118404.000 0 0 9.704 48.901 474.577 21.784 0 1 1 210 0 0
 286 192924.000 118347.000 0 0 12.313 62.363 767.879 27.710 0 1 1 210 0 0
 287 192911.000 118409.000 0 0 8.824 44.539 393.049 19.825 0 1 1 210 0 0
 288 193096.000 118351.000 0 0 13.195 66.941 883.334 29.720 0 1 1 210 0 0
 289 193083.000 118413.000 0 0 7.822 39.546 309.368 17.588 0 1 1 210 0 0
 290 193268.000 118357.000 0 0 13.199 67.065 885.260 29.753 0 1 1 210 0 0
 291 193257.000 118413.000 0 0 7.061 35.763 252.550 15.891 0 1 1 210 0 0
 292 193437.000 118379.000 0 0 22.896 116.405 2665.315 51.626 0 1 1 210 0 0
 293 193613.000 118368.000 0 0 15.849 80.776 1280.261 35.780 0 1 1 210 0 0
 294 193600.000 118433.000 0 0 7.952 40.382 321.145 17.920 0 1 1 210 0 0
 295 193780.000 118396.000 0 0 22.928 116.884 2679.985 51.768 0 1 1 210 0 0
 296 193951.000 118409.000 0 0 25.591 130.608 3342.530 57.814 0 1 1 210 0 0
 297 194124.000 118410.000 0 0 23.829 121.825 2902.976 53.879 0 1 1 210 0 0
 298 194295.000 118425.000 0 0 27.381 140.127 3836.952 61.943 0 1 1 210 0 0
 299 194467.000 118432.000 0 0 27.390 140.383 3845.230 62.009 0 1 1 210 0 0
 300 194638.000 118439.000 0 0 30.053 154.247 4635.595 68.085 0 1 1 210 0 0
 301 194809.000 118452.000 0 0 29.191 149.981 4378.130 66.167 0 1 1 210 0 0
 302 194982.000 118456.000 0 0 26.542 136.595 3625.532 60.212 0 1 1 210 0 0
 303 195153.000 118465.000 0 0 28.326 145.964 4134.664 64.301 0 1 1 210 0 0;
ProcessEquipmentIDList 1
  "6620" ;
SummarySpec 5
  TESTNO    NDEFECT    DEFDENSITY    NDIE    NDEFDIE  ;
SummaryList 
  1    303    1.063    1    1  ;
EndOfFile;
