FileVersion 1 2;
FileTimestamp 01-30-26 14:10:25;
InspectionStationID "KLA-Tencor" "SFSSP1" "0901-0728-TBI";
SampleType WAFER;
ResultTimestamp 01-30-26 14:00:52;
LotID "2850";
SampleSize 1 200;
DeviceID "None";
SetupID "T2-2850A" 01-30-26 14:00:52;
StepID "6855";
SampleOrientationMarkType NOTCH;
OrientationMarkLocation DOWN;
DiePitch 200000 200000;
DieOrigin 0 0;
WaferID "15";
Slot 15;
SampleCenterLocation 100000 100000;
ClassLookup 1
  0 "0"  ;
OrientationInstructions "Front";
CoordinatesMirrored No;
InspectionTest 1;
SampleTestPlan 1
  0 0 ;
AreaPerTest 2.85008e+010;
ClusterClassificationList 10
  2 200 
  4 200 
  9 200 
  6 200 
  5 200 
  1 200 
  3 200 
  8 200 
  7 200 
  10 200 ;
DefectRecordSpec 15 DEFECTID XREL YREL XINDEX YINDEX XSIZE YSIZE DEFECTAREA DSIZE CLASSNUMBER TEST CLUSTERNUMBER ROUGHBINNUMBER FINEBINNUMBER REVIEWSAMPLE ;
DefectList
 1 86288.000 103912.000 0 0 0.000 0.000 0.000 0.214 0 1 0 0 0 0
 2 130539.000 73281.000 0 0 0.000 0.000 0.000 0.420 0 1 0 0 0 0
 3 145236.000 127014.000 0 0 0.000 0.000 0.000 0.124 0 1 0 0 0 0
 4 65366.000 45118.000 0 0 0.000 0.000 0.000 0.123 0 1 0 0 0 0
 5 30526.000 120100.000 0 0 0.000 0.000 0.000 0.128 0 1 0 0 0 0
 6 96942.000 25609.000 0 0 26.000 50.000 1300.000 36.055 0 1 2 200 0 0
 7 97232.000 25417.000 0 0 24.000 50.000 1200.000 34.641 0 1 2 200 0 0
 8 50773.000 156803.000 0 0 0.000 0.000 0.000 0.136 0 1 0 0 0 0
 9 96941.000 25154.000 0 0 26.000 50.000 1300.000 36.055 0 1 2 200 0 0
 10 97493.000 25083.000 0 0 24.000 50.000 1200.000 34.641 0 1 2 200 0 0
 11 30788.000 64128.000 0 0 0.000 0.000 0.000 0.121 0 1 0 0 0 0
 12 28979.000 140216.000 0 0 0.000 0.000 0.000 0.132 0 1 0 0 0 0
 13 56456.000 30098.000 0 0 0.000 0.000 0.000 0.137 0 1 0 0 0 0
 14 53963.000 31258.000 0 0 0.000 0.000 0.000 0.134 0 1 0 0 0 0
 15 47980.000 35514.000 0 0 0.000 0.000 0.000 0.153 0 1 0 0 0 0
 16 54024.000 30824.000 0 0 0.000 0.000 0.000 0.131 0 1 0 0 0 0
 17 52690.000 31592.000 0 0 48.000 54.000 2592.000 50.911 0 1 4 200 0 0
 18 47343.000 35484.000 0 0 0.000 0.000 0.000 0.134 0 1 0 0 0 0
 19 48197.000 34718.000 0 0 0.000 0.000 0.000 0.154 0 1 0 0 0 0
 20 49506.000 33541.000 0 0 0.000 0.000 0.000 0.152 0 1 0 0 0 0
 21 48107.000 34939.000 0 0 0.000 0.000 0.000 0.377 0 1 0 0 0 0
 22 52745.000 30994.000 0 0 48.000 54.000 2592.000 50.911 0 1 4 200 0 0
 23 47063.000 35153.000 0 0 0.000 0.000 0.000 0.127 0 1 0 0 0 0
 24 47267.000 33971.000 0 0 0.000 0.000 0.000 0.127 0 1 0 0 0 0
 25 48566.000 32975.000 0 0 0.000 0.000 0.000 0.145 0 1 0 0 0 0
 26 49167.000 32524.000 0 0 0.000 0.000 0.000 0.131 0 1 0 0 0 0
 27 42494.000 36385.000 0 0 0.000 0.000 0.000 0.120 0 1 0 0 0 0
 28 39941.000 37233.000 0 0 52.000 54.000 2808.000 52.990 0 1 9 200 0 0
 29 40654.000 35994.000 0 0 51.000 54.000 2754.000 52.478 0 1 9 200 0 0
 30 44303.000 32695.000 0 0 0.000 0.000 0.000 0.132 0 1 0 0 0 0
 31 38390.000 37547.000 0 0 0.000 0.000 0.000 0.279 0 1 0 0 0 0
 32 40590.000 36647.000 0 0 52.000 54.000 2808.000 52.990 0 1 9 200 0 0
 33 68317.000 17253.000 0 0 0.000 0.000 0.000 0.134 0 1 0 0 0 0
 34 37867.000 36560.000 0 0 0.000 0.000 0.000 0.147 0 1 0 0 0 0
 35 37995.000 36226.000 0 0 0.000 0.000 0.000 0.142 0 1 0 0 0 0
 36 40064.000 34169.000 0 0 50.000 54.000 2700.000 51.961 0 1 6 200 0 0
 37 38552.000 35577.000 0 0 0.000 0.000 0.000 200000.000 0 1 0 200 0 0
 38 40127.000 34084.000 0 0 50.000 54.000 2700.000 51.961 0 1 6 200 0 0
 39 40184.000 33995.000 0 0 50.000 54.000 2700.000 51.961 0 1 6 200 0 0
 40 42142.000 32252.000 0 0 52.000 54.000 2808.000 52.990 0 1 5 200 0 0
 41 18859.000 137733.000 0 0 0.000 0.000 0.000 0.208 0 1 0 0 0 0
 42 42251.000 32050.000 0 0 52.000 54.000 2808.000 52.990 0 1 5 200 0 0
 43 40564.000 33262.000 0 0 50.000 52.000 2600.000 50.990 0 1 6 200 0 0
 44 42505.000 31217.000 0 0 52.000 54.000 2808.000 52.990 0 1 5 200 0 0
 45 42420.000 31351.000 0 0 52.000 54.000 2808.000 52.990 0 1 5 200 0 0
 46 63087.000 18447.000 0 0 42.000 54.000 2268.000 47.623 0 1 1 200 0 0
 47 42444.000 31231.000 0 0 52.000 54.000 2808.000 52.990 0 1 5 200 0 0
 48 38591.000 34277.000 0 0 0.000 0.000 0.000 0.129 0 1 0 0 0 0
 49 39153.000 33662.000 0 0 0.000 0.000 0.000 0.127 0 1 0 0 0 0
 50 35424.000 36832.000 0 0 0.000 0.000 0.000 0.142 0 1 0 0 0 0
 51 38969.000 33255.000 0 0 0.000 0.000 0.000 0.122 0 1 0 0 0 0
 52 41449.000 30844.000 0 0 0.000 0.000 0.000 0.133 0 1 0 0 0 0
 53 33265.000 38461.000 0 0 0.000 0.000 0.000 0.130 0 1 0 0 0 0
 54 36484.000 34840.000 0 0 0.000 0.000 0.000 0.135 0 1 0 0 0 0
 55 18729.000 57657.000 0 0 0.000 0.000 0.000 0.120 0 1 0 0 0 0
 56 32432.000 37685.000 0 0 0.000 0.000 0.000 0.149 0 1 0 0 0 0
 57 59222.000 17517.000 0 0 0.000 0.000 0.000 0.123 0 1 0 0 0 0
 58 59454.000 17285.000 0 0 0.000 0.000 0.000 0.134 0 1 0 0 0 0
 59 40545.000 29136.000 0 0 0.000 0.000 0.000 0.127 0 1 0 0 0 0
 60 23351.000 48049.000 0 0 0.000 0.000 0.000 0.121 0 1 0 0 0 0
 61 43457.000 26323.000 0 0 0.000 0.000 0.000 0.127 0 1 0 0 0 0
 62 34887.000 33027.000 0 0 52.000 52.000 2704.000 52.000 0 1 3 200 0 0
 63 30827.000 37229.000 0 0 0.000 0.000 0.000 0.138 0 1 0 0 0 0
 64 34902.000 32854.000 0 0 52.000 52.000 2704.000 52.000 0 1 3 200 0 0
 65 35073.000 32553.000 0 0 52.000 54.000 2808.000 52.990 0 1 3 200 0 0
 66 30553.000 37333.000 0 0 0.000 0.000 0.000 0.394 0 1 0 0 0 0
 67 35107.000 31909.000 0 0 52.000 54.000 2808.000 52.990 0 1 3 200 0 0
 68 21844.000 47185.000 0 0 0.000 0.000 0.000 0.128 0 1 0 0 0 0
 69 35736.000 30934.000 0 0 52.000 54.000 2808.000 52.990 0 1 3 200 0 0
 70 29734.000 36569.000 0 0 0.000 0.000 0.000 0.151 0 1 0 0 0 0
 71 29929.000 36402.000 0 0 0.000 0.000 0.000 0.132 0 1 0 0 0 0
 72 34578.000 31492.000 0 0 52.000 54.000 2808.000 52.990 0 1 3 200 0 0
 73 30702.000 35295.000 0 0 54.000 52.000 2808.000 52.990 0 1 8 200 0 0
 74 34973.000 30944.000 0 0 52.000 54.000 2808.000 52.990 0 1 3 200 0 0
 75 14883.000 57687.000 0 0 0.000 0.000 0.000 0.144 0 1 0 0 0 0
 76 31955.000 33755.000 0 0 52.000 52.000 2704.000 52.000 0 1 7 200 0 0
 77 32018.000 33631.000 0 0 52.000 52.000 2704.000 52.000 0 1 7 200 0 0
 78 15505.000 56267.000 0 0 0.000 0.000 0.000 200000.000 0 1 0 200 0 0
 79 10067.000 67834.000 0 0 0.000 0.000 0.000 0.133 0 1 0 0 0 0
 80 35330.000 29592.000 0 0 0.000 0.000 0.000 0.122 0 1 0 0 0 0
 81 35421.000 29562.000 0 0 0.000 0.000 0.000 0.154 0 1 0 0 0 0
 82 35525.000 29404.000 0 0 0.000 0.000 0.000 0.122 0 1 0 0 0 0
 83 15033.000 54698.000 0 0 0.000 0.000 0.000 0.219 0 1 0 0 0 0
 84 32674.000 31160.000 0 0 0.000 0.000 0.000 0.133 0 1 0 0 0 0
 85 6534.000 76304.000 0 0 0.000 0.000 0.000 0.133 0 1 0 0 0 0
 86 15008.000 54469.000 0 0 0.000 0.000 0.000 0.232 0 1 0 0 0 0
 87 5854.000 78366.000 0 0 0.000 0.000 0.000 0.121 0 1 0 0 0 0
 88 7584.000 72011.000 0 0 0.000 0.000 0.000 0.136 0 1 0 0 0 0
 89 6028.000 76779.000 0 0 0.000 0.000 0.000 0.142 0 1 0 0 0 0
 90 6545.000 74747.000 0 0 0.000 0.000 0.000 0.271 0 1 0 0 0 0
 91 6543.000 74752.000 0 0 0.000 0.000 0.000 0.209 0 1 0 0 0 0
 92 6090.000 76239.000 0 0 0.000 0.000 0.000 0.158 0 1 0 0 0 0
 93 35443.000 27803.000 0 0 0.000 0.000 0.000 0.200 0 1 0 0 0 0
 94 35528.000 27694.000 0 0 0.000 0.000 0.000 0.138 0 1 0 0 0 0
 95 97290.000 26520.000 0 0 17.624 0.650 11.456 3.384 0 1 2 200 0 0
 96 97241.000 26353.000 0 0 17.664 0.661 11.690 3.419 0 1 2 200 0 0
 97 97280.000 26351.000 0 0 24.723 0.913 22.580 4.751 0 1 2 200 0 0
 98 97166.000 26185.000 0 0 17.704 0.679 12.035 3.469 0 1 2 200 0 0
 99 97194.000 26184.000 0 0 14.149 0.538 7.613 2.759 0 1 2 200 0 0
 100 97225.000 26184.000 0 0 35.374 1.329 47.047 6.859 0 1 2 200 0 0
 101 97264.000 26181.000 0 0 35.375 1.311 46.388 6.810 0 1 2 200 0 0
 102 97366.000 26177.000 0 0 17.706 0.631 11.187 3.344 0 1 2 200 0 0
 103 97413.000 26176.000 0 0 21.227 0.743 15.792 3.973 0 1 2 200 0 0
 104 97095.000 26019.000 0 0 14.181 0.557 7.900 2.810 0 1 2 200 0 0
 105 97121.000 26017.000 0 0 24.835 0.966 24.008 4.899 0 1 2 200 0 0
 106 97145.000 26016.000 0 0 17.745 0.684 12.152 3.485 0 1 2 200 0 0
 107 97169.000 26015.000 0 0 21.273 0.814 17.319 4.161 0 1 2 200 0 0
 108 97196.000 26015.000 0 0 24.836 0.941 23.383 4.835 0 1 2 200 0 0
 109 97250.000 26012.000 0 0 49.639 1.845 91.592 9.570 0 1 2 200 0 0
 110 97307.000 26010.000 0 0 46.113 1.678 77.420 8.798 0 1 2 200 0 0
 111 97341.000 26008.000 0 0 17.746 0.637 11.319 3.364 0 1 2 200 0 0
 112 97377.000 26007.000 0 0 46.114 1.635 75.412 8.683 0 1 2 200 0 0
 113 97415.000 26006.000 0 0 21.275 0.743 15.816 3.976 0 1 2 200 0 0
 114 97456.000 26004.000 0 0 46.116 1.586 73.144 8.552 0 1 2 200 0 0
 115 97515.000 26001.000 0 0 17.748 0.596 10.579 3.252 0 1 2 200 0 0
 116 97565.000 26000.000 0 0 17.749 0.584 10.367 3.219 0 1 2 200 0 0
 117 97071.000 25848.000 0 0 17.785 0.702 12.495 3.534 0 1 2 200 0 0
 118 97094.000 25847.000 0 0 21.321 0.835 17.817 4.221 0 1 2 200 0 0
 119 97120.000 25846.000 0 0 14.214 0.552 7.850 2.801 0 1 2 200 0 0
 120 97228.000 25842.000 0 0 138.651 5.183 718.767 26.809 0 1 2 200 0 0
 121 97440.000 25836.000 0 0 270.184 9.329 2520.653 50.206 0 1 2 200 0 0
 122 97046.000 25679.000 0 0 17.825 0.708 12.630 3.553 0 1 2 200 0 0
 123 97073.000 25678.000 0 0 21.370 0.841 17.987 4.241 0 1 2 200 0 0
 124 97099.000 25678.000 0 0 14.246 0.556 7.925 2.815 0 1 2 200 0 0
 125 97121.000 25675.000 0 0 17.826 0.690 12.310 3.508 0 1 2 200 0 0
 126 97215.000 25673.000 0 0 163.885 6.140 1006.374 31.723 0 1 2 200 0 0
 127 97047.000 25510.000 0 0 17.866 0.708 12.655 3.557 0 1 2 200 0 0
 128 97095.000 25506.000 0 0 21.419 0.835 17.893 4.230 0 1 2 200 0 0
 129 97120.000 25507.000 0 0 14.279 0.552 7.885 2.808 0 1 2 200 0 0
 130 97211.000 25503.000 0 0 153.567 5.749 882.953 29.714 0 1 2 200 0 0
 131 97425.000 25495.000 0 0 21.422 0.740 15.863 3.982 0 1 2 200 0 0
 132 97027.000 25341.000 0 0 21.467 0.854 18.352 4.283 0 1 2 200 0 0
 133 97238.000 25333.000 0 0 393.713 14.564 5734.177 75.724 0 1 2 200 0 0
 134 97027.000 25171.000 0 0 21.516 0.854 18.394 4.288 0 1 2 200 0 0
 135 97051.000 25169.000 0 0 17.948 0.707 12.699 3.563 0 1 2 200 0 0
 136 97075.000 25168.000 0 0 17.948 0.701 12.592 3.548 0 1 2 200 0 0
 137 97127.000 25166.000 0 0 21.517 0.826 17.776 4.216 0 1 2 200 0 0
 138 97153.000 25166.000 0 0 21.517 0.818 17.616 4.197 0 1 2 200 0 0
 139 97178.000 25164.000 0 0 21.518 0.811 17.461 4.178 0 1 2 200 0 0
 140 97220.000 25162.000 0 0 46.641 1.732 80.829 8.990 0 1 2 200 0 0
 141 97275.000 25161.000 0 0 21.518 0.783 16.862 4.106 0 1 2 200 0 0
 142 97325.000 25157.000 0 0 21.519 0.769 16.553 4.068 0 1 2 200 0 0
 143 97348.000 25157.000 0 0 17.951 0.636 11.418 3.379 0 1 2 200 0 0
 144 97376.000 25155.000 0 0 21.520 0.754 16.238 4.029 0 1 2 200 0 0
 145 97180.000 24994.000 0 0 25.179 0.946 23.839 4.882 0 1 2 200 0 0
 146 97261.000 24991.000 0 0 57.514 2.100 120.799 10.990 0 1 2 200 0 0
 147 97327.000 24988.000 0 0 14.379 0.512 7.370 2.714 0 1 2 200 0 0
 148 52877.000 31888.000 0 0 55.505 38.401 2131.534 46.168 0 1 4 200 0 0
 149 52787.000 31743.000 0 0 147.245 101.848 14996.793 122.461 0 1 4 200 0 0
 150 52697.000 31599.000 0 0 154.112 106.577 16424.952 128.159 0 1 4 200 0 0
 151 52620.000 31446.000 0 0 9.872 6.823 67.359 8.207 0 1 4 200 0 0
 152 52649.000 31427.000 0 0 39.434 27.230 1073.814 32.769 0 1 4 200 0 0
 153 43295.000 38241.000 0 0 183.557 168.536 30936.218 175.886 0 1 10 200 0 0
 154 43170.000 38126.000 0 0 222.461 204.325 45454.500 213.200 0 1 10 200 0 0
 155 43061.000 37994.000 0 0 240.764 221.090 53230.612 230.717 0 1 10 200 0 0
 156 42943.000 37873.000 0 0 205.492 188.722 38781.075 196.929 0 1 10 200 0 0
 157 40791.000 36855.000 0 0 45.406 42.575 1933.208 43.968 0 1 9 200 0 0
 158 40682.000 36724.000 0 0 133.467 125.120 16699.590 129.226 0 1 9 200 0 0
 159 40577.000 36588.000 0 0 164.143 153.818 25248.360 158.897 0 1 9 200 0 0
 160 40459.000 36467.000 0 0 127.921 119.883 15335.666 123.837 0 1 9 200 0 0
 161 40355.000 34481.000 0 0 37.693 34.314 1293.447 35.964 0 1 6 200 0 0
 162 40267.000 34330.000 0 0 166.841 151.757 25319.387 159.120 0 1 6 200 0 0
 163 40379.000 34229.000 0 0 44.142 40.014 1766.361 42.028 0 1 6 200 0 0
 164 42476.000 32387.000 0 0 103.717 88.241 9152.256 95.667 0 1 5 200 0 0
 165 40081.000 34269.000 0 0 25.199 22.971 578.878 24.059 0 1 6 200 0 0
 166 40194.000 34168.000 0 0 186.196 169.154 31495.959 177.471 0 1 6 200 0 0
 167 42344.000 32276.000 0 0 230.510 196.244 45236.224 212.688 0 1 5 200 0 0
 168 40007.000 34108.000 0 0 22.104 20.125 444.850 21.091 0 1 6 200 0 0
 169 40088.000 34033.000 0 0 15.806 14.355 226.911 15.063 0 1 6 200 0 0
 170 40160.000 33968.000 0 0 18.986 17.206 326.682 18.074 0 1 6 200 0 0
 171 42232.000 32147.000 0 0 39.020 33.220 1296.279 36.003 0 1 5 200 0 0
 172 42287.000 32102.000 0 0 42.316 35.968 1522.063 39.013 0 1 5 200 0 0
 173 42327.000 32067.000 0 0 26.044 22.110 575.862 23.997 0 1 5 200 0 0
 174 42507.000 31915.000 0 0 156.647 132.276 20720.820 143.947 0 1 5 200 0 0
 175 42468.000 31726.000 0 0 36.006 30.341 1092.510 33.053 0 1 5 200 0 0
 176 63195.000 18646.000 0 0 54.581 24.693 1347.794 36.712 0 1 1 200 0 0
 177 63188.000 18462.000 0 0 171.967 77.639 13351.545 115.548 0 1 1 200 0 0
 178 63191.000 18272.000 0 0 23.499 10.583 248.716 15.770 0 1 1 200 0 0
 179 31010.000 35589.000 0 0 30.882 33.078 1021.544 31.961 0 1 8 200 0 0
 180 30889.000 35471.000 0 0 105.172 112.639 11846.590 108.842 0 1 8 200 0 0
 181 32250.000 34045.000 0 0 34.783 35.730 1242.838 35.253 0 1 7 200 0 0
 182 30774.000 35346.000 0 0 133.277 142.702 19018.998 137.909 0 1 8 200 0 0
 183 32177.000 33876.000 0 0 139.475 143.058 19953.234 141.255 0 1 7 200 0 0
 184 30600.000 35281.000 0 0 24.812 26.606 660.163 25.693 0 1 8 200 0 0
 185 30655.000 35223.000 0 0 77.637 83.112 6452.649 80.328 0 1 8 200 0 0
 186 32057.000 33756.000 0 0 142.904 146.567 20945.197 144.724 0 1 7 200 0 0
 187 31884.000 33690.000 0 0 19.066 19.585 373.431 19.324 0 1 7 200 0 0
 188 31984.000 33588.000 0 0 15.913 16.297 259.347 16.104 0 1 7 200 0 0;
ProcessEquipmentIDList 1
  "6620" ;
SummarySpec 5
  TESTNO    NDEFECT    DEFDENSITY    NDIE    NDEFDIE  ;
SummaryList 
  1    188    0.6596    1    1  ;
EndOfFile;
