FileVersion 1 2;
FileTimestamp 01-30-26 15:20:47;
InspectionStationID "KLA-Tencor" "SFSSP1" "0901-0728-TBI";
SampleType WAFER;
ResultTimestamp 01-30-26 15:19:07;
LotID "2850";
SampleSize 1 200;
DeviceID "None";
SetupID "T2-2850A" 01-30-26 15:19:07;
StepID "6855";
SampleOrientationMarkType NOTCH;
OrientationMarkLocation DOWN;
DiePitch 200000 200000;
DieOrigin 0 0;
WaferID "02";
Slot 2;
SampleCenterLocation 100000 100000;
ClassLookup 1
  0 "0"  ;
OrientationInstructions "Front";
CoordinatesMirrored No;
InspectionTest 1;
SampleTestPlan 1
  0 0 ;
AreaPerTest 2.85008e+010;
ClusterClassificationList 7
  3 200 
  4 210 
  2 200 
  5 200 
  1 200 
  6 200 
  7 200 ;
DefectRecordSpec 15 DEFECTID XREL YREL XINDEX YINDEX XSIZE YSIZE DEFECTAREA DSIZE CLASSNUMBER TEST CLUSTERNUMBER ROUGHBINNUMBER FINEBINNUMBER REVIEWSAMPLE ;
DefectList
 1 125379.000 75233.000 0 0 52.000 52.000 2704.000 52.000 0 1 3 200 0 0
 2 125422.000 75230.000 0 0 52.000 52.000 2704.000 52.000 0 1 3 200 0 0
 3 126075.000 74492.000 0 0 52.000 52.000 2704.000 52.000 0 1 3 200 0 0
 4 127441.000 75230.000 0 0 54.000 50.000 2700.000 51.961 0 1 3 200 0 0
 5 127791.000 74867.000 0 0 54.000 50.000 2700.000 51.961 0 1 3 200 0 0
 6 127581.000 74598.000 0 0 54.000 50.000 2700.000 51.961 0 1 3 200 0 0
 7 128826.000 74964.000 0 0 52.000 52.000 2704.000 52.000 0 1 3 200 0 0
 8 128529.000 74172.000 0 0 54.000 50.000 2700.000 51.961 0 1 3 200 0 0
 9 124618.000 129244.000 0 0 52.000 54.000 2808.000 52.990 0 1 4 210 0 0
 10 129543.000 74772.000 0 0 54.000 52.000 2808.000 52.990 0 1 3 200 0 0
 11 130609.000 75260.000 0 0 54.000 50.000 2700.000 51.961 0 1 3 200 0 0
 12 131027.000 74693.000 0 0 54.000 50.000 2700.000 51.961 0 1 3 200 0 0
 13 131054.000 74742.000 0 0 54.000 50.000 2700.000 51.961 0 1 3 200 0 0
 14 128796.000 136361.000 0 0 0.000 0.000 0.000 200000.000 0 1 0 200 0 0
 15 129092.000 136717.000 0 0 0.000 0.000 0.000 0.121 0 1 0 0 0 0
 16 128576.000 136093.000 0 0 0.000 0.000 0.000 200000.000 0 1 0 200 0 0
 17 143587.000 72339.000 0 0 0.000 0.000 0.000 0.141 0 1 0 0 0 0
 18 55202.000 74520.000 0 0 0.000 0.000 0.000 0.167 0 1 0 0 0 0
 19 57075.000 145113.000 0 0 0.000 0.000 0.000 200000.000 0 1 0 200 0 0
 20 153331.000 63839.000 0 0 0.000 0.000 0.000 0.132 0 1 0 0 0 0
 21 153426.000 63677.000 0 0 0.000 0.000 0.000 0.133 0 1 0 0 0 0
 22 50248.000 155131.000 0 0 0.000 0.000 0.000 0.125 0 1 0 0 0 0
 23 162576.000 56177.000 0 0 54.000 48.000 2592.000 50.911 0 1 2 200 0 0
 24 27019.000 76145.000 0 0 0.000 0.000 0.000 0.203 0 1 0 0 0 0
 25 26900.000 75936.000 0 0 0.000 0.000 0.000 0.120 0 1 0 0 0 0
 26 74687.000 175093.000 0 0 0.000 0.000 0.000 200000.000 0 1 0 200 0 0
 27 167293.000 51965.000 0 0 0.000 0.000 0.000 0.124 0 1 0 0 0 0
 28 74877.000 178915.000 0 0 0.000 0.000 0.000 0.148 0 1 0 0 0 0
 29 172284.000 56450.000 0 0 0.000 0.000 0.000 0.202 0 1 0 0 0 0
 30 41570.000 162076.000 0 0 52.000 54.000 2808.000 52.990 0 1 5 200 0 0
 31 41251.000 162133.000 0 0 52.000 54.000 2808.000 52.990 0 1 5 200 0 0
 32 142628.000 174506.000 0 0 0.000 0.000 0.000 0.142 0 1 0 0 0 0
 33 41306.000 162962.000 0 0 52.000 54.000 2808.000 52.990 0 1 5 200 0 0
 34 41109.000 162881.000 0 0 52.000 54.000 2808.000 52.990 0 1 5 200 0 0
 35 40918.000 162807.000 0 0 52.000 54.000 2808.000 52.990 0 1 5 200 0 0
 36 40805.000 162745.000 0 0 52.000 54.000 2808.000 52.990 0 1 5 200 0 0
 37 170614.000 49097.000 0 0 56.000 48.000 2688.000 51.845 0 1 1 200 0 0
 38 170790.000 49140.000 0 0 56.000 48.000 2688.000 51.845 0 1 1 200 0 0
 39 172533.000 47875.000 0 0 0.000 0.000 0.000 0.125 0 1 0 0 0 0
 40 172780.000 47361.000 0 0 0.000 0.000 0.000 0.125 0 1 0 0 0 0
 41 38596.000 165381.000 0 0 0.000 0.000 0.000 0.131 0 1 0 0 0 0
 42 172587.000 153418.000 0 0 0.000 0.000 0.000 0.120 0 1 0 0 0 0
 43 172575.000 153451.000 0 0 0.000 0.000 0.000 0.120 0 1 0 0 0 0
 44 185784.000 70072.000 0 0 0.000 0.000 0.000 0.128 0 1 0 0 0 0
 45 38313.000 166416.000 0 0 0.000 0.000 0.000 0.137 0 1 0 0 0 0
 46 37385.000 165571.000 0 0 52.000 54.000 2808.000 52.990 0 1 6 200 0 0
 47 37316.000 165543.000 0 0 52.000 54.000 2808.000 52.990 0 1 6 200 0 0
 48 37273.000 165936.000 0 0 52.000 54.000 2808.000 52.990 0 1 6 200 0 0
 49 37184.000 165897.000 0 0 52.000 54.000 2808.000 52.990 0 1 6 200 0 0
 50 37023.000 165842.000 0 0 52.000 54.000 2808.000 52.990 0 1 6 200 0 0
 51 137144.000 184498.000 0 0 0.000 0.000 0.000 0.120 0 1 0 0 0 0
 52 36560.000 166938.000 0 0 52.000 54.000 2808.000 52.990 0 1 7 200 0 0
 53 36248.000 166796.000 0 0 52.000 54.000 2808.000 52.990 0 1 7 200 0 0
 54 174519.000 154731.000 0 0 0.000 0.000 0.000 0.151 0 1 0 0 0 0
 55 36413.000 166931.000 0 0 52.000 54.000 2808.000 52.990 0 1 7 200 0 0
 56 35666.000 166518.000 0 0 52.000 52.000 2704.000 52.000 0 1 7 200 0 0
 57 35444.000 166574.000 0 0 52.000 52.000 2704.000 52.000 0 1 7 200 0 0
 58 14800.000 141628.000 0 0 0.000 0.000 0.000 0.122 0 1 0 0 0 0
 59 16277.000 54524.000 0 0 0.000 0.000 0.000 0.127 0 1 0 0 0 0
 60 16013.000 53445.000 0 0 0.000 0.000 0.000 0.148 0 1 0 0 0 0
 61 15891.000 53215.000 0 0 0.000 0.000 0.000 0.153 0 1 0 0 0 0
 62 155405.000 179140.000 0 0 0.000 0.000 0.000 0.166 0 1 0 0 0 0
 63 125140.000 75837.000 0 0 155.212 161.489 25065.187 158.319 0 1 3 200 0 0
 64 125140.000 75592.000 0 0 3.514 3.620 12.725 3.567 0 1 3 200 0 0
 65 125282.000 75740.000 0 0 268.656 279.965 75214.479 274.252 0 1 3 200 0 0
 66 125421.000 75886.000 0 0 4.622 4.872 22.525 4.746 0 1 3 200 0 0
 67 125419.000 75638.000 0 0 341.025 355.812 121341.166 348.340 0 1 3 200 0 0
 68 125571.000 75551.000 0 0 400.845 419.241 168051.098 409.940 0 1 3 200 0 0
 69 125779.000 75771.000 0 0 6.966 7.412 51.642 7.186 0 1 3 200 0 0
 70 125736.000 75478.000 0 0 394.984 414.534 163734.913 404.641 0 1 3 200 0 0
 71 125609.000 75099.000 0 0 29.838 30.687 915.687 30.260 0 1 3 200 0 0
 72 125753.000 75250.000 0 0 257.461 267.892 68972.020 262.625 0 1 3 200 0 0
 73 125919.000 75425.000 0 0 76.579 80.769 6185.279 78.646 0 1 3 200 0 0
 74 125968.000 75477.000 0 0 15.283 16.184 247.357 15.727 0 1 3 200 0 0
 75 125985.000 75495.000 0 0 11.743 12.452 146.241 12.093 0 1 3 200 0 0
 76 126006.000 75516.000 0 0 9.386 9.970 93.591 9.674 0 1 3 200 0 0
 77 125659.000 74907.000 0 0 7.215 7.377 53.233 7.296 0 1 3 200 0 0
 78 125863.000 75118.000 0 0 300.590 312.435 93915.030 306.455 0 1 3 200 0 0
 79 126050.000 75315.000 0 0 14.195 14.981 212.666 14.583 0 1 3 200 0 0
 80 126092.000 75360.000 0 0 60.240 63.790 3842.801 61.990 0 1 3 200 0 0
 81 126131.000 75400.000 0 0 15.331 16.285 249.685 15.801 0 1 3 200 0 0
 82 125779.000 74786.000 0 0 4.833 4.941 23.884 4.887 0 1 3 200 0 0
 83 125809.000 74817.000 0 0 27.763 28.453 789.962 28.106 0 1 3 200 0 0
 84 126045.000 75065.000 0 0 429.134 448.248 192358.957 438.587 0 1 3 200 0 0
 85 125879.000 74645.000 0 0 6.081 6.207 37.750 6.144 0 1 3 200 0 0
 86 125895.000 74663.000 0 0 10.934 11.175 122.191 11.054 0 1 3 200 0 0
 87 125913.000 74681.000 0 0 19.414 19.869 385.747 19.640 0 1 3 200 0 0
 88 125927.000 74694.000 0 0 4.850 4.969 24.109 4.910 0 1 3 200 0 0
 89 125939.000 74707.000 0 0 7.272 7.458 54.243 7.364 0 1 3 200 0 0
 90 125960.000 74730.000 0 0 6.061 6.226 37.740 6.143 0 1 3 200 0 0
 91 126061.000 74833.000 0 0 175.465 181.695 31881.224 178.553 0 1 3 200 0 0
 92 126196.000 74975.000 0 0 17.995 18.837 338.978 18.411 0 1 3 200 0 0
 93 126236.000 75018.000 0 0 35.928 37.731 1355.629 36.818 0 1 3 200 0 0
 94 126015.000 74542.000 0 0 50.040 51.133 2558.746 50.584 0 1 3 200 0 0
 95 126281.000 74819.000 0 0 475.621 496.397 236097.274 485.898 0 1 3 200 0 0
 96 127185.000 75800.000 0 0 99.773 112.079 11182.540 105.747 0 1 3 200 0 0
 97 126114.000 74400.000 0 0 12.268 12.514 153.535 12.390 0 1 3 200 0 0
 98 126132.000 74419.000 0 0 15.942 16.286 259.650 16.113 0 1 3 200 0 0
 99 126374.000 74669.000 0 0 434.731 452.625 196770.464 443.588 0 1 3 200 0 0
 100 126596.000 74903.000 0 0 15.641 16.575 259.259 16.101 0 1 3 200 0 0
 101 127168.000 75526.000 0 0 12.907 14.328 184.942 13.599 0 1 3 200 0 0
 102 127359.000 75743.000 0 0 368.623 415.763 153260.114 391.484 0 1 3 200 0 0
 103 127550.000 75957.000 0 0 3.462 3.967 13.737 3.706 0 1 3 200 0 0
 104 126316.000 74363.000 0 0 4.914 5.044 24.791 4.979 0 1 3 200 0 0
 105 126474.000 74528.000 0 0 310.159 322.363 99984.237 316.202 0 1 3 200 0 0
 106 126636.000 74699.000 0 0 16.974 17.870 303.358 17.417 0 1 3 200 0 0
 107 126650.000 74714.000 0 0 4.847 5.108 24.762 4.976 0 1 3 200 0 0
 108 126659.000 74723.000 0 0 4.845 5.110 24.762 4.976 0 1 3 200 0 0
 109 127287.000 75406.000 0 0 18.858 20.923 394.572 19.863 0 1 3 200 0 0
 110 127474.000 75614.000 0 0 350.705 395.113 138568.499 372.247 0 1 3 200 0 0
 111 127656.000 75823.000 0 0 16.220 18.555 300.985 17.348 0 1 3 200 0 0
 112 127672.000 75841.000 0 0 10.425 11.941 124.502 11.158 0 1 3 200 0 0
 113 127690.000 75862.000 0 0 4.627 5.307 24.561 4.955 0 1 3 200 0 0
 114 126453.000 74261.000 0 0 3.706 3.809 14.120 3.757 0 1 3 200 0 0
 115 126458.000 74265.000 0 0 3.706 3.810 14.120 3.757 0 1 3 200 0 0
 116 126569.000 74382.000 0 0 208.767 216.522 45203.042 212.610 0 1 3 200 0 0
 117 127438.000 75317.000 0 0 4.731 5.259 24.886 4.988 0 1 3 200 0 0
 118 127661.000 75571.000 0 0 422.764 478.708 202381.115 449.867 0 1 3 200 0 0
 119 127541.000 75178.000 0 0 8.332 9.245 77.041 8.777 0 1 3 200 0 0
 120 127557.000 75197.000 0 0 13.080 14.533 190.109 13.787 0 1 3 200 0 0
 121 127803.000 75474.000 0 0 416.220 471.831 196385.767 443.154 0 1 3 200 0 0
 122 123652.000 128170.000 0 0 43.212 36.282 1567.853 39.596 0 1 4 210 0 0
 123 127654.000 75049.000 0 0 13.158 14.584 191.916 13.853 0 1 3 200 0 0
 124 127676.000 75072.000 0 0 13.146 14.596 191.892 13.852 0 1 3 200 0 0
 125 127696.000 75096.000 0 0 9.547 10.618 101.381 10.068 0 1 3 200 0 0
 126 127805.000 75220.000 0 0 207.888 233.261 48492.368 220.209 0 1 3 200 0 0
 127 128037.000 75482.000 0 0 196.288 224.455 44057.928 209.899 0 1 3 200 0 0
 128 123766.000 128295.000 0 0 48.829 41.014 2002.719 44.751 0 1 4 210 0 0
 129 127774.000 74929.000 0 0 10.819 11.985 129.680 11.387 0 1 3 200 0 0
 130 127791.000 74949.000 0 0 14.406 15.982 230.242 15.173 0 1 3 200 0 0
 131 127927.000 75099.000 0 0 226.805 254.363 57691.038 240.189 0 1 3 200 0 0
 132 128086.000 75280.000 0 0 16.585 18.843 312.523 17.678 0 1 3 200 0 0
 133 128142.000 75346.000 0 0 92.182 105.222 9699.603 98.486 0 1 3 200 0 0
 134 128198.000 75408.000 0 0 14.142 16.216 229.333 15.143 0 1 3 200 0 0
 135 128217.000 75430.000 0 0 14.129 16.227 229.284 15.142 0 1 3 200 0 0
 136 128232.000 75447.000 0 0 8.242 9.477 78.118 8.838 0 1 3 200 0 0
 137 123873.000 128427.000 0 0 74.949 62.943 4717.585 68.684 0 1 4 210 0 0
 138 128051.000 74985.000 0 0 226.390 253.866 57472.889 239.735 0 1 3 200 0 0
 139 128215.000 75169.000 0 0 17.855 20.288 362.268 19.033 0 1 3 200 0 0
 140 128242.000 75201.000 0 0 29.716 33.842 1005.692 31.712 0 1 3 200 0 0
 141 128306.000 75275.000 0 0 84.157 96.346 8108.323 90.046 0 1 3 200 0 0
 142 128364.000 75341.000 0 0 9.454 10.874 102.805 10.139 0 1 3 200 0 0
 143 128521.000 75522.000 0 0 56.317 65.619 3695.551 60.791 0 1 3 200 0 0
 144 128562.000 75570.000 0 0 12.884 15.063 194.075 13.931 0 1 3 200 0 0
 145 123977.000 128561.000 0 0 154.715 129.882 20094.822 141.756 0 1 4 210 0 0
 146 128004.000 74677.000 0 0 18.148 20.070 364.254 19.085 0 1 3 200 0 0
 147 128152.000 74841.000 0 0 234.330 262.199 61441.118 247.873 0 1 3 200 0 0
 148 128307.000 75018.000 0 0 11.710 13.268 155.377 12.465 0 1 3 200 0 0
 149 128371.000 75090.000 0 0 81.199 92.479 7509.281 86.656 0 1 3 200 0 0
 150 128416.000 75142.000 0 0 9.530 10.894 103.824 10.189 0 1 3 200 0 0
 151 128437.000 75163.000 0 0 9.522 10.902 103.813 10.188 0 1 3 200 0 0
 152 128626.000 75384.000 0 0 48.384 56.265 2722.386 52.176 0 1 3 200 0 0
 153 128668.000 75433.000 0 0 12.956 15.119 195.891 13.996 0 1 3 200 0 0
 154 128682.000 75450.000 0 0 11.765 13.745 161.718 12.716 0 1 3 200 0 0
 155 124111.000 128672.000 0 0 122.326 102.869 12583.735 112.177 0 1 4 210 0 0
 156 128249.000 74695.000 0 0 271.818 303.436 82479.718 287.192 0 1 3 200 0 0
 157 128484.000 74961.000 0 0 123.634 140.644 17388.501 131.865 0 1 3 200 0 0
 158 128763.000 75284.000 0 0 143.364 166.838 23918.789 154.657 0 1 3 200 0 0
 159 124231.000 128793.000 0 0 138.027 116.158 16033.184 126.622 0 1 4 210 0 0
 160 128263.000 74455.000 0 0 6.126 6.778 41.535 6.444 0 1 3 200 0 0
 161 128370.000 74574.000 0 0 190.811 212.903 40624.480 201.555 0 1 3 200 0 0
 162 128613.000 74851.000 0 0 121.768 138.541 16869.939 129.884 0 1 3 200 0 0
 163 128805.000 75069.000 0 0 13.148 15.191 199.740 14.132 0 1 3 200 0 0
 164 128884.000 75163.000 0 0 134.540 156.465 21050.939 145.089 0 1 3 200 0 0
 165 124366.000 128900.000 0 0 166.250 140.167 23302.885 152.652 0 1 4 210 0 0
 166 128594.000 74574.000 0 0 420.524 472.913 198871.826 445.950 0 1 3 200 0 0
 167 128996.000 75032.000 0 0 163.978 190.433 31226.954 176.711 0 1 3 200 0 0
 168 124561.000 128959.000 0 0 12.493 10.596 132.389 11.506 0 1 4 210 0 0
 169 124466.000 129040.000 0 0 125.289 105.554 13224.888 114.999 0 1 4 210 0 0
 170 128534.000 74248.000 0 0 9.872 10.939 108.004 10.392 0 1 3 200 0 0
 171 128717.000 74455.000 0 0 351.457 395.086 138856.088 372.633 0 1 3 200 0 0
 172 129063.000 74848.000 0 0 7.232 8.356 60.437 7.774 0 1 3 200 0 0
 173 129137.000 74935.000 0 0 132.169 153.640 20306.592 142.501 0 1 3 200 0 0
 174 124569.000 129175.000 0 0 116.083 97.757 11348.062 106.527 0 1 4 210 0 0
 175 128831.000 74324.000 0 0 140.320 157.562 22109.364 148.692 0 1 3 200 0 0
 176 128997.000 74514.000 0 0 7.328 8.337 61.101 7.816 0 1 3 200 0 0
 177 129254.000 74811.000 0 0 100.221 116.396 11665.479 108.006 0 1 3 200 0 0
 178 129319.000 74886.000 0 0 16.849 19.670 331.437 18.205 0 1 3 200 0 0
 179 124660.000 129319.000 0 0 39.354 33.100 1302.649 36.092 0 1 4 210 0 0
 180 128986.000 74245.000 0 0 34.571 38.909 1345.135 36.676 0 1 3 200 0 0
 181 129355.000 74667.000 0 0 3.648 4.227 15.422 3.927 0 1 3 200 0 0
 182 129392.000 74711.000 0 0 42.436 49.320 2092.968 45.748 0 1 3 200 0 0
 183 129433.000 74759.000 0 0 3.634 4.238 15.407 3.925 0 1 3 200 0 0
 184 129964.000 75396.000 0 0 61.336 74.698 4581.811 67.689 0 1 3 200 0 0
 185 124791.000 129433.000 0 0 11.287 9.507 107.316 10.359 0 1 4 210 0 0
 186 124753.000 129464.000 0 0 8.473 7.118 60.323 7.766 0 1 4 210 0 0
 187 130014.000 75187.000 0 0 23.793 28.781 684.820 26.169 0 1 3 200 0 0
 188 130094.000 75286.000 0 0 90.036 109.634 9871.076 99.353 0 1 3 200 0 0
 189 130142.000 75073.000 0 0 26.292 31.792 835.901 28.911 0 1 3 200 0 0
 190 130227.000 75179.000 0 0 89.242 108.678 9698.801 98.482 0 1 3 200 0 0
 191 130330.000 75035.000 0 0 167.542 203.550 34103.319 184.670 0 1 3 200 0 0
 192 130353.000 74797.000 0 0 16.909 20.364 344.347 18.556 0 1 3 200 0 0
 193 130448.000 74913.000 0 0 172.071 208.844 35936.236 189.568 0 1 3 200 0 0
 194 130567.000 74789.000 0 0 192.156 232.975 44767.842 211.584 0 1 3 200 0 0
 195 130708.000 74693.000 0 0 195.312 236.996 46288.298 215.147 0 1 3 200 0 0
 196 130767.000 74497.000 0 0 7.333 8.846 64.872 8.054 0 1 3 200 0 0
 197 130805.000 74544.000 0 0 31.730 38.397 1218.390 34.905 0 1 3 200 0 0
 198 130878.000 74632.000 0 0 75.399 91.774 6919.684 83.184 0 1 3 200 0 0
 199 130925.000 74691.000 0 0 4.851 5.928 28.760 5.362 0 1 3 200 0 0
 200 130924.000 74421.000 0 0 23.296 28.165 656.154 25.615 0 1 3 200 0 0
 201 130999.000 74513.000 0 0 3.670 4.464 16.385 4.047 0 1 3 200 0 0
 202 131012.000 74528.000 0 0 3.668 4.465 16.382 4.047 0 1 3 200 0 0
 203 162194.000 56330.000 0 0 56.515 80.488 4548.801 67.444 0 1 2 200 0 0
 204 162338.000 56241.000 0 0 201.381 286.881 57772.716 240.359 0 1 2 200 0 0
 205 162448.000 56396.000 0 0 14.637 20.963 306.856 17.517 0 1 2 200 0 0
 206 162499.000 56174.000 0 0 233.201 332.564 77554.549 278.486 0 1 2 200 0 0
 207 162732.000 56209.000 0 0 18.897 27.071 511.583 22.618 0 1 2 200 0 0
 208 162748.000 56233.000 0 0 6.302 9.036 56.952 7.546 0 1 2 200 0 0
 209 170553.000 49309.000 0 0 29.150 40.573 1182.736 34.390 0 1 1 200 0 0
 210 170731.000 49265.000 0 0 111.866 155.954 17446.140 132.083 0 1 1 200 0 0
 211 170812.000 49378.000 0 0 12.141 16.984 206.218 14.360 0 1 1 200 0 0
 212 170832.000 49113.000 0 0 17.082 23.777 406.193 20.154 0 1 1 200 0 0
 213 170904.000 49215.000 0 0 114.422 159.751 18279.252 135.200 0 1 1 200 0 0
 214 171086.000 49177.000 0 0 21.932 30.676 672.803 25.938 0 1 1 200 0 0
 215 35956.000 166467.000 0 0 133.828 128.950 17257.277 131.366 0 1 7 200 0 0
 216 35801.000 166554.000 0 0 22.325 21.536 480.814 21.927 0 1 7 200 0 0;
ProcessEquipmentIDList 1
  "6620" ;
SummarySpec 5
  TESTNO    NDEFECT    DEFDENSITY    NDIE    NDEFDIE  ;
SummaryList 
  1    216    0.7579    1    1  ;
EndOfFile;
