FileVersion 1 2;
FileTimestamp 01-30-26 19:56:14;
InspectionStationID "KLA-Tencor" "SFSSP1" "0901-0728-TBI";
SampleType WAFER;
ResultTimestamp 01-30-26 19:49:18;
LotID "2850";
SampleSize 1 200;
DeviceID "None";
SetupID "T2-2850A" 01-30-26 19:49:18;
StepID "6855";
SampleOrientationMarkType NOTCH;
OrientationMarkLocation DOWN;
DiePitch 200000 200000;
DieOrigin 0 0;
WaferID "11";
Slot 11;
SampleCenterLocation 100000 100000;
ClassLookup 1
  0 "0"  ;
OrientationInstructions "Front";
CoordinatesMirrored No;
InspectionTest 1;
SampleTestPlan 1
  0 0 ;
AreaPerTest 2.85013e+010;
ClusterClassificationList 12
  1 200 
  2 200 
  3 210 
  7 200 
  4 210 
  5 210 
  6 200 
  8 200 
  11 210 
  10 210 
  12 210 
  9 200 ;
DefectRecordSpec 15 DEFECTID XREL YREL XINDEX YINDEX XSIZE YSIZE DEFECTAREA DSIZE CLASSNUMBER TEST CLUSTERNUMBER ROUGHBINNUMBER FINEBINNUMBER REVIEWSAMPLE ;
DefectList
 1 100696.000 90467.000 0 0 26.000 50.000 1300.000 36.055 0 1 1 200 0 0
 2 100867.000 90139.000 0 0 28.000 52.000 1456.000 38.157 0 1 1 200 0 0
 3 100890.000 90186.000 0 0 28.000 52.000 1456.000 38.157 0 1 1 200 0 0
 4 100850.000 90073.000 0 0 28.000 52.000 1456.000 38.157 0 1 1 200 0 0
 5 100720.000 90063.000 0 0 26.000 50.000 1300.000 36.055 0 1 1 200 0 0
 6 100608.000 89866.000 0 0 26.000 50.000 1300.000 36.055 0 1 1 200 0 0
 7 100769.000 90094.000 0 0 26.000 50.000 1300.000 36.055 0 1 1 200 0 0
 8 100798.000 90072.000 0 0 28.000 50.000 1400.000 37.416 0 1 1 200 0 0
 9 100826.000 90055.000 0 0 28.000 50.000 1400.000 37.416 0 1 1 200 0 0
 10 100554.000 89863.000 0 0 26.000 50.000 1300.000 36.055 0 1 1 200 0 0
 11 100813.000 89752.000 0 0 26.000 50.000 1300.000 36.055 0 1 1 200 0 0
 12 100385.000 89689.000 0 0 24.000 50.000 1200.000 34.641 0 1 1 200 0 0
 13 100692.000 89675.000 0 0 26.000 50.000 1300.000 36.055 0 1 1 200 0 0
 14 100901.000 89709.000 0 0 28.000 52.000 1456.000 38.157 0 1 1 200 0 0
 15 100450.000 89566.000 0 0 26.000 50.000 1300.000 36.055 0 1 1 200 0 0
 16 100781.000 89554.000 0 0 26.000 50.000 1300.000 36.055 0 1 1 200 0 0
 17 100570.000 90088.000 0 0 26.000 50.000 1300.000 36.055 0 1 1 200 0 0
 18 72802.000 93391.000 0 0 0.000 0.000 0.000 0.172 0 1 0 0 0 0
 19 68498.000 97171.000 0 0 0.000 0.000 0.000 0.127 0 1 0 0 0 0
 20 53875.000 110415.000 0 0 0.000 0.000 0.000 0.138 0 1 0 0 0 0
 21 49257.000 101141.000 0 0 50.000 24.000 1200.000 34.641 0 1 2 200 0 0
 22 49196.000 100738.000 0 0 50.000 24.000 1200.000 34.641 0 1 2 200 0 0
 23 49223.000 100691.000 0 0 50.000 24.000 1200.000 34.641 0 1 2 200 0 0
 24 49138.000 100851.000 0 0 50.000 24.000 1200.000 34.641 0 1 2 200 0 0
 25 48717.000 101181.000 0 0 50.000 24.000 1200.000 34.641 0 1 2 200 0 0
 26 48887.000 101028.000 0 0 50.000 24.000 1200.000 34.641 0 1 2 200 0 0
 27 48756.000 100803.000 0 0 50.000 24.000 1200.000 34.641 0 1 2 200 0 0
 28 152337.000 80040.000 0 0 0.000 0.000 0.000 0.129 0 1 0 0 0 0
 29 111888.000 156787.000 0 0 0.000 0.000 0.000 0.126 0 1 0 0 0 0
 30 123926.000 36276.000 0 0 0.000 0.000 0.000 0.122 0 1 0 0 0 0
 31 104938.000 167397.000 0 0 0.000 0.000 0.000 0.221 0 1 0 0 0 0
 32 41606.000 157071.000 0 0 0.000 0.000 0.000 0.121 0 1 0 0 0 0
 33 154201.000 163210.000 0 0 0.000 0.000 0.000 0.219 0 1 0 0 0 0
 34 153891.000 163543.000 0 0 0.000 0.000 0.000 0.302 0 1 0 0 0 0
 35 153711.000 163701.000 0 0 0.000 0.000 0.000 0.228 0 1 0 0 0 0
 36 152626.000 164708.000 0 0 50.000 54.000 2700.000 51.961 0 1 3 210 0 0
 37 152335.000 165000.000 0 0 50.000 54.000 2700.000 51.961 0 1 3 210 0 0
 38 152132.000 165156.000 0 0 50.000 54.000 2700.000 51.961 0 1 3 210 0 0
 39 152244.000 165059.000 0 0 50.000 54.000 2700.000 51.961 0 1 3 210 0 0
 40 151957.000 165355.000 0 0 50.000 54.000 2700.000 51.961 0 1 3 210 0 0
 41 151767.000 165411.000 0 0 50.000 54.000 2700.000 51.961 0 1 3 210 0 0
 42 151454.000 165772.000 0 0 50.000 54.000 2700.000 51.961 0 1 3 210 0 0
 43 151161.000 166043.000 0 0 50.000 54.000 2700.000 51.961 0 1 3 210 0 0
 44 151079.000 166126.000 0 0 50.000 54.000 2700.000 51.961 0 1 3 210 0 0
 45 151020.000 166170.000 0 0 50.000 54.000 2700.000 51.961 0 1 3 210 0 0
 46 150620.000 166539.000 0 0 50.000 54.000 2700.000 51.961 0 1 3 210 0 0
 47 150620.000 166539.000 0 0 50.000 54.000 2700.000 51.961 0 1 3 210 0 0
 48 150435.000 166708.000 0 0 50.000 54.000 2700.000 51.961 0 1 3 210 0 0
 49 150353.000 166791.000 0 0 50.000 54.000 2700.000 51.961 0 1 3 210 0 0
 50 149925.000 167099.000 0 0 48.000 56.000 2688.000 51.845 0 1 3 210 0 0
 51 150265.000 166862.000 0 0 50.000 54.000 2700.000 51.961 0 1 3 210 0 0
 52 149851.000 167214.000 0 0 48.000 56.000 2688.000 51.845 0 1 3 210 0 0
 53 150062.000 167026.000 0 0 48.000 56.000 2688.000 51.845 0 1 3 210 0 0
 54 149610.000 167457.000 0 0 48.000 56.000 2688.000 51.845 0 1 3 210 0 0
 55 149604.000 167483.000 0 0 48.000 56.000 2688.000 51.845 0 1 3 210 0 0
 56 149458.000 167589.000 0 0 48.000 56.000 2688.000 51.845 0 1 3 210 0 0
 57 103020.000 183581.000 0 0 24.000 50.000 1200.000 34.641 0 1 7 200 0 0
 58 149679.000 167354.000 0 0 48.000 56.000 2688.000 51.845 0 1 3 210 0 0
 59 102835.000 183438.000 0 0 24.000 50.000 1200.000 34.641 0 1 7 200 0 0
 60 149308.000 167670.000 0 0 48.000 56.000 2688.000 51.845 0 1 3 210 0 0
 61 148996.000 167938.000 0 0 48.000 56.000 2688.000 51.845 0 1 3 210 0 0
 62 148913.000 167989.000 0 0 48.000 56.000 2688.000 51.845 0 1 3 210 0 0
 63 148733.000 168194.000 0 0 48.000 54.000 2592.000 50.911 0 1 3 210 0 0
 64 148583.000 168296.000 0 0 48.000 54.000 2592.000 50.911 0 1 3 210 0 0
 65 148497.000 168362.000 0 0 48.000 54.000 2592.000 50.911 0 1 3 210 0 0
 66 148328.000 168473.000 0 0 48.000 54.000 2592.000 50.911 0 1 3 210 0 0
 67 147885.000 168871.000 0 0 48.000 54.000 2592.000 50.911 0 1 3 210 0 0
 68 103191.000 183615.000 0 0 24.000 50.000 1200.000 34.641 0 1 7 200 0 0
 69 149692.000 166891.000 0 0 48.000 56.000 2688.000 51.845 0 1 3 210 0 0
 70 146773.000 169776.000 0 0 46.000 54.000 2484.000 49.839 0 1 3 210 0 0
 71 146491.000 169963.000 0 0 46.000 54.000 2484.000 49.839 0 1 3 210 0 0
 72 146558.000 169918.000 0 0 46.000 54.000 2484.000 49.839 0 1 3 210 0 0
 73 106185.000 183537.000 0 0 26.000 50.000 1300.000 36.055 0 1 7 200 0 0
 74 101610.000 183848.000 0 0 24.000 50.000 1200.000 34.641 0 1 7 200 0 0
 75 103554.000 183813.000 0 0 26.000 50.000 1300.000 36.055 0 1 7 200 0 0
 76 145874.000 170451.000 0 0 48.000 54.000 2592.000 50.911 0 1 3 210 0 0
 77 103363.000 183788.000 0 0 26.000 50.000 1300.000 36.055 0 1 7 200 0 0
 78 145694.000 170596.000 0 0 48.000 54.000 2592.000 50.911 0 1 3 210 0 0
 79 102020.000 183960.000 0 0 24.000 50.000 1200.000 34.641 0 1 7 200 0 0
 80 145609.000 170665.000 0 0 48.000 56.000 2688.000 51.845 0 1 3 210 0 0
 81 146400.000 170024.000 0 0 48.000 54.000 2592.000 50.911 0 1 3 210 0 0
 82 146340.000 170087.000 0 0 48.000 54.000 2592.000 50.911 0 1 3 210 0 0
 83 145243.000 170957.000 0 0 48.000 56.000 2688.000 51.845 0 1 3 210 0 0
 84 145061.000 171190.000 0 0 48.000 56.000 2688.000 51.845 0 1 3 210 0 0
 85 144908.000 171085.000 0 0 48.000 56.000 2688.000 51.845 0 1 3 210 0 0
 86 103764.000 183941.000 0 0 26.000 50.000 1300.000 36.055 0 1 7 200 0 0
 87 143510.000 172241.000 0 0 0.000 0.000 0.000 0.235 0 1 0 0 0 0
 88 142578.000 172894.000 0 0 46.000 56.000 2576.000 50.754 0 1 4 210 0 0
 89 105974.000 184083.000 0 0 26.000 50.000 1300.000 36.055 0 1 7 200 0 0
 90 104058.000 184154.000 0 0 26.000 50.000 1300.000 36.055 0 1 7 200 0 0
 91 141879.000 173395.000 0 0 46.000 54.000 2484.000 49.839 0 1 4 210 0 0
 92 141777.000 173464.000 0 0 46.000 54.000 2484.000 49.839 0 1 4 210 0 0
 93 141697.000 173595.000 0 0 46.000 54.000 2484.000 49.839 0 1 4 210 0 0
 94 141520.000 173636.000 0 0 46.000 54.000 2484.000 49.839 0 1 4 210 0 0
 95 147007.000 169538.000 0 0 48.000 54.000 2592.000 50.911 0 1 3 210 0 0
 96 104303.000 184354.000 0 0 26.000 50.000 1300.000 36.055 0 1 7 200 0 0
 97 141159.000 173899.000 0 0 46.000 54.000 2484.000 49.839 0 1 4 210 0 0
 98 140979.000 174035.000 0 0 46.000 54.000 2484.000 49.839 0 1 4 210 0 0
 99 140828.000 174131.000 0 0 46.000 54.000 2484.000 49.839 0 1 4 210 0 0
 100 140382.000 174426.000 0 0 44.000 54.000 2376.000 48.744 0 1 4 210 0 0
 101 139175.000 175244.000 0 0 0.000 0.000 0.000 0.127 0 1 0 0 0 0
 102 104587.000 184641.000 0 0 26.000 50.000 1300.000 36.055 0 1 7 200 0 0
 103 103138.000 184694.000 0 0 24.000 50.000 1200.000 34.641 0 1 7 200 0 0
 104 101847.000 184769.000 0 0 24.000 50.000 1200.000 34.641 0 1 7 200 0 0
 105 137500.000 176283.000 0 0 44.000 56.000 2464.000 49.638 0 1 5 210 0 0
 106 137127.000 176560.000 0 0 42.000 56.000 2352.000 48.497 0 1 5 210 0 0
 107 137008.000 176618.000 0 0 42.000 56.000 2352.000 48.497 0 1 5 210 0 0
 108 104798.000 184901.000 0 0 26.000 50.000 1300.000 36.055 0 1 7 200 0 0
 109 103277.000 184810.000 0 0 24.000 50.000 1200.000 34.641 0 1 7 200 0 0
 110 141375.000 173776.000 0 0 46.000 54.000 2484.000 49.839 0 1 4 210 0 0
 111 136561.000 176904.000 0 0 42.000 56.000 2352.000 48.497 0 1 5 210 0 0
 112 136427.000 176985.000 0 0 42.000 56.000 2352.000 48.497 0 1 5 210 0 0
 113 136130.000 177159.000 0 0 42.000 56.000 2352.000 48.497 0 1 5 210 0 0
 114 135481.000 177522.000 0 0 42.000 54.000 2268.000 47.623 0 1 5 210 0 0
 115 106310.000 184910.000 0 0 26.000 50.000 1300.000 36.055 0 1 7 200 0 0
 116 104894.000 185087.000 0 0 26.000 50.000 1300.000 36.055 0 1 7 200 0 0
 117 107796.000 184743.000 0 0 28.000 52.000 1456.000 38.157 0 1 7 200 0 0
 118 107242.000 184753.000 0 0 28.000 52.000 1456.000 38.157 0 1 7 200 0 0
 119 136040.000 177210.000 0 0 42.000 56.000 2352.000 48.497 0 1 5 210 0 0
 120 135597.000 177471.000 0 0 42.000 56.000 2352.000 48.497 0 1 5 210 0 0
 121 135104.000 177764.000 0 0 42.000 54.000 2268.000 47.623 0 1 5 210 0 0
 122 135534.000 177502.000 0 0 42.000 56.000 2352.000 48.497 0 1 5 210 0 0
 123 135324.000 177632.000 0 0 42.000 54.000 2268.000 47.623 0 1 5 210 0 0
 124 134910.000 177872.000 0 0 42.000 54.000 2268.000 47.623 0 1 5 210 0 0
 125 106556.000 184947.000 0 0 26.000 50.000 1300.000 36.055 0 1 7 200 0 0
 126 134524.000 178085.000 0 0 42.000 54.000 2268.000 47.623 0 1 5 210 0 0
 127 134220.000 178262.000 0 0 42.000 54.000 2268.000 47.623 0 1 5 210 0 0
 128 134107.000 178330.000 0 0 42.000 54.000 2268.000 47.623 0 1 5 210 0 0
 129 133925.000 178437.000 0 0 42.000 54.000 2268.000 47.623 0 1 5 210 0 0
 130 133812.000 178505.000 0 0 42.000 54.000 2268.000 47.623 0 1 5 210 0 0
 131 133675.000 178583.000 0 0 42.000 54.000 2268.000 47.623 0 1 5 210 0 0
 132 133424.000 178728.000 0 0 42.000 56.000 2352.000 48.497 0 1 5 210 0 0
 133 133346.000 178753.000 0 0 42.000 56.000 2352.000 48.497 0 1 5 210 0 0
 134 104995.000 185278.000 0 0 26.000 50.000 1300.000 36.055 0 1 7 200 0 0
 135 107980.000 185176.000 0 0 28.000 52.000 1456.000 38.157 0 1 7 200 0 0
 136 103749.000 185336.000 0 0 26.000 50.000 1300.000 36.055 0 1 7 200 0 0
 137 132856.000 179045.000 0 0 42.000 56.000 2352.000 48.497 0 1 5 210 0 0
 138 132528.000 179209.000 0 0 42.000 56.000 2352.000 48.497 0 1 5 210 0 0
 139 132301.000 179348.000 0 0 42.000 56.000 2352.000 48.497 0 1 5 210 0 0
 140 107404.000 185248.000 0 0 28.000 52.000 1456.000 38.157 0 1 7 200 0 0
 141 131761.000 179640.000 0 0 42.000 56.000 2352.000 48.497 0 1 5 210 0 0
 142 131274.000 179922.000 0 0 42.000 56.000 2352.000 48.497 0 1 5 210 0 0
 143 112380.000 184329.000 0 0 30.000 52.000 1560.000 39.496 0 1 7 200 0 0
 144 106722.000 185397.000 0 0 26.000 50.000 1300.000 36.055 0 1 7 200 0 0
 145 127171.000 181524.000 0 0 38.000 54.000 2052.000 45.299 0 1 6 200 0 0
 146 126780.000 181726.000 0 0 38.000 54.000 2052.000 45.299 0 1 6 200 0 0
 147 126781.000 181727.000 0 0 38.000 54.000 2052.000 45.299 0 1 6 200 0 0
 148 128665.000 181214.000 0 0 0.000 0.000 0.000 0.157 0 1 0 0 0 0
 149 108976.000 185446.000 0 0 28.000 52.000 1456.000 38.157 0 1 7 200 0 0
 150 127907.000 181573.000 0 0 40.000 54.000 2160.000 46.475 0 1 6 200 0 0
 151 107777.000 185536.000 0 0 28.000 52.000 1456.000 38.157 0 1 7 200 0 0
 152 125352.000 182394.000 0 0 38.000 54.000 2052.000 45.299 0 1 8 200 0 0
 153 124908.000 182663.000 0 0 38.000 54.000 2052.000 45.299 0 1 8 200 0 0
 154 127498.000 181771.000 0 0 38.000 54.000 2052.000 45.299 0 1 6 200 0 0
 155 125752.000 182499.000 0 0 38.000 54.000 2052.000 45.299 0 1 8 200 0 0
 156 128627.000 180669.000 0 0 0.000 0.000 0.000 200000.000 0 1 0 200 0 0
 157 125147.000 182834.000 0 0 38.000 54.000 2052.000 45.299 0 1 8 200 0 0
 158 107537.000 185918.000 0 0 28.000 52.000 1456.000 38.157 0 1 7 200 0 0
 159 108872.000 185448.000 0 0 28.000 52.000 1456.000 38.157 0 1 7 200 0 0
 160 108094.000 186037.000 0 0 28.000 52.000 1456.000 38.157 0 1 7 200 0 0
 161 121686.000 183923.000 0 0 36.000 56.000 2016.000 44.899 0 1 11 210 0 0
 162 121179.000 184145.000 0 0 36.000 54.000 1944.000 44.090 0 1 11 210 0 0
 163 108582.000 186212.000 0 0 28.000 52.000 1456.000 38.157 0 1 7 200 0 0
 164 109112.000 186162.000 0 0 28.000 52.000 1456.000 38.157 0 1 7 200 0 0
 165 106510.000 186481.000 0 0 26.000 50.000 1300.000 36.055 0 1 7 200 0 0
 166 109028.000 186186.000 0 0 28.000 52.000 1456.000 38.157 0 1 7 200 0 0
 167 123730.000 183451.000 0 0 0.000 0.000 0.000 200000.000 0 1 0 200 0 0
 168 129015.000 181062.000 0 0 0.000 0.000 0.000 200000.000 0 1 0 200 0 0
 169 125475.000 182332.000 0 0 38.000 54.000 2052.000 45.299 0 1 8 200 0 0
 170 120851.000 184256.000 0 0 36.000 54.000 1944.000 44.090 0 1 11 210 0 0
 171 120204.000 184493.000 0 0 34.000 54.000 1836.000 42.848 0 1 11 210 0 0
 172 119963.000 184614.000 0 0 34.000 54.000 1836.000 42.848 0 1 11 210 0 0
 173 112406.000 186517.000 0 0 30.000 52.000 1560.000 39.496 0 1 7 200 0 0
 174 107750.000 186444.000 0 0 28.000 52.000 1456.000 38.157 0 1 7 200 0 0
 175 107636.000 186432.000 0 0 28.000 52.000 1456.000 38.157 0 1 7 200 0 0
 176 107096.000 186594.000 0 0 28.000 50.000 1400.000 37.416 0 1 7 200 0 0
 177 119625.000 184713.000 0 0 34.000 54.000 1836.000 42.848 0 1 11 210 0 0
 178 119266.000 184849.000 0 0 34.000 54.000 1836.000 42.848 0 1 11 210 0 0
 179 111301.000 186234.000 0 0 30.000 52.000 1560.000 39.496 0 1 7 200 0 0
 180 121521.000 184388.000 0 0 36.000 54.000 1944.000 44.090 0 1 11 210 0 0
 181 121192.000 184522.000 0 0 36.000 54.000 1944.000 44.090 0 1 11 210 0 0
 182 123163.000 183447.000 0 0 0.000 0.000 0.000 200000.000 0 1 0 200 0 0
 183 118732.000 185033.000 0 0 34.000 54.000 1836.000 42.848 0 1 11 210 0 0
 184 117574.000 185488.000 0 0 34.000 54.000 1836.000 42.848 0 1 11 210 0 0
 185 110101.000 186581.000 0 0 28.000 52.000 1456.000 38.157 0 1 7 200 0 0
 186 110998.000 186392.000 0 0 30.000 52.000 1560.000 39.496 0 1 7 200 0 0
 187 110006.000 186682.000 0 0 28.000 52.000 1456.000 38.157 0 1 7 200 0 0
 188 110400.000 186475.000 0 0 28.000 52.000 1456.000 38.157 0 1 7 200 0 0
 189 109743.000 186629.000 0 0 28.000 52.000 1456.000 38.157 0 1 7 200 0 0
 190 108876.000 186674.000 0 0 28.000 52.000 1456.000 38.157 0 1 7 200 0 0
 191 107707.000 186766.000 0 0 28.000 52.000 1456.000 38.157 0 1 7 200 0 0
 192 120541.000 184765.000 0 0 34.000 54.000 1836.000 42.848 0 1 11 210 0 0
 193 120309.000 184861.000 0 0 34.000 54.000 1836.000 42.848 0 1 11 210 0 0
 194 123394.000 183307.000 0 0 0.000 0.000 0.000 200000.000 0 1 0 200 0 0
 195 112594.000 186403.000 0 0 30.000 52.000 1560.000 39.496 0 1 7 200 0 0
 196 111455.000 186698.000 0 0 30.000 52.000 1560.000 39.496 0 1 7 200 0 0
 197 109277.000 186764.000 0 0 28.000 52.000 1456.000 38.157 0 1 7 200 0 0
 198 119079.000 185299.000 0 0 34.000 54.000 1836.000 42.848 0 1 11 210 0 0
 199 118607.000 185499.000 0 0 34.000 54.000 1836.000 42.848 0 1 11 210 0 0
 200 118113.000 185645.000 0 0 34.000 54.000 1836.000 42.848 0 1 11 210 0 0
 201 116330.000 185863.000 0 0 32.000 54.000 1728.000 41.569 0 1 11 210 0 0
 202 118038.000 185673.000 0 0 34.000 54.000 1836.000 42.848 0 1 11 210 0 0
 203 117897.000 185768.000 0 0 34.000 54.000 1836.000 42.848 0 1 11 210 0 0
 204 115554.000 186223.000 0 0 32.000 54.000 1728.000 41.569 0 1 11 210 0 0
 205 115164.000 186292.000 0 0 32.000 54.000 1728.000 41.569 0 1 11 210 0 0
 206 110684.000 186794.000 0 0 30.000 52.000 1560.000 39.496 0 1 7 200 0 0
 207 112045.000 186602.000 0 0 30.000 52.000 1560.000 39.496 0 1 7 200 0 0
 208 110194.000 186847.000 0 0 28.000 52.000 1456.000 38.157 0 1 7 200 0 0
 209 117271.000 185963.000 0 0 32.000 54.000 1728.000 41.569 0 1 11 210 0 0
 210 117196.000 185975.000 0 0 32.000 54.000 1728.000 41.569 0 1 11 210 0 0
 211 116700.000 186182.000 0 0 32.000 54.000 1728.000 41.569 0 1 11 210 0 0
 212 114145.000 186636.000 0 0 32.000 52.000 1664.000 40.792 0 1 7 200 0 0
 213 116315.000 186283.000 0 0 32.000 54.000 1728.000 41.569 0 1 11 210 0 0
 214 115901.000 186412.000 0 0 32.000 54.000 1728.000 41.569 0 1 11 210 0 0
 215 113834.000 186646.000 0 0 30.000 52.000 1560.000 39.496 0 1 7 200 0 0
 216 113211.000 186954.000 0 0 30.000 52.000 1560.000 39.496 0 1 7 200 0 0
 217 112878.000 186984.000 0 0 30.000 52.000 1560.000 39.496 0 1 7 200 0 0
 218 97884.000 187711.000 0 0 0.000 0.000 0.000 0.120 0 1 0 0 0 0
 219 112705.000 187030.000 0 0 30.000 52.000 1560.000 39.496 0 1 7 200 0 0
 220 110891.000 187065.000 0 0 30.000 52.000 1560.000 39.496 0 1 7 200 0 0
 221 110832.000 187104.000 0 0 30.000 52.000 1560.000 39.496 0 1 7 200 0 0
 222 109473.000 186584.000 0 0 28.000 52.000 1456.000 38.157 0 1 7 200 0 0
 223 115750.000 186454.000 0 0 32.000 54.000 1728.000 41.569 0 1 11 210 0 0
 224 115581.000 186090.000 0 0 32.000 54.000 1728.000 41.569 0 1 11 210 0 0
 225 115525.000 186545.000 0 0 32.000 54.000 1728.000 41.569 0 1 11 210 0 0
 226 114512.000 186886.000 0 0 32.000 52.000 1664.000 40.792 0 1 11 210 0 0
 227 114745.000 186793.000 0 0 32.000 54.000 1728.000 41.569 0 1 11 210 0 0
 228 112798.000 186963.000 0 0 30.000 52.000 1560.000 39.496 0 1 7 200 0 0
 229 112465.000 187082.000 0 0 30.000 52.000 1560.000 39.496 0 1 7 200 0 0
 230 112062.000 187218.000 0 0 30.000 52.000 1560.000 39.496 0 1 7 200 0 0
 231 112331.000 187157.000 0 0 30.000 52.000 1560.000 39.496 0 1 7 200 0 0
 232 111830.000 187273.000 0 0 30.000 52.000 1560.000 39.496 0 1 7 200 0 0
 233 113566.000 187199.000 0 0 30.000 52.000 1560.000 39.496 0 1 7 200 0 0
 234 113565.000 187191.000 0 0 30.000 52.000 1560.000 39.496 0 1 7 200 0 0
 235 115396.000 186251.000 0 0 32.000 54.000 1728.000 41.569 0 1 11 210 0 0
 236 113172.000 187259.000 0 0 30.000 52.000 1560.000 39.496 0 1 7 200 0 0
 237 109275.000 187780.000 0 0 0.000 0.000 0.000 0.123 0 1 0 0 0 0
 238 113093.000 187277.000 0 0 30.000 52.000 1560.000 39.496 0 1 7 200 0 0
 239 114333.000 186336.000 0 0 32.000 52.000 1664.000 40.792 0 1 7 200 0 0
 240 108133.000 188251.000 0 0 0.000 0.000 0.000 0.200 0 1 0 0 0 0
 241 108130.000 188252.000 0 0 0.000 0.000 0.000 0.165 0 1 0 0 0 0
 242 107725.000 188359.000 0 0 0.000 0.000 0.000 0.148 0 1 0 0 0 0
 243 109747.000 188226.000 0 0 0.000 0.000 0.000 0.138 0 1 0 0 0 0
 244 107178.000 188472.000 0 0 0.000 0.000 0.000 0.212 0 1 0 0 0 0
 245 177869.000 52184.000 0 0 0.000 0.000 0.000 0.141 0 1 0 0 0 0
 246 177146.000 50410.000 0 0 0.000 0.000 0.000 0.122 0 1 0 0 0 0
 247 54394.000 185435.000 0 0 44.000 56.000 2464.000 49.638 0 1 10 210 0 0
 248 61396.000 188978.000 0 0 0.000 0.000 0.000 0.398 0 1 0 0 0 0
 249 57578.000 187206.000 0 0 0.000 0.000 0.000 200000.000 0 1 0 200 0 0
 250 54811.000 185811.000 0 0 44.000 56.000 2464.000 49.638 0 1 10 210 0 0
 251 54647.000 185733.000 0 0 44.000 56.000 2464.000 49.638 0 1 10 210 0 0
 252 74903.000 193394.000 0 0 0.000 0.000 0.000 0.148 0 1 0 0 0 0
 253 72264.000 192645.000 0 0 38.000 54.000 2052.000 45.299 0 1 12 210 0 0
 254 72114.000 192600.000 0 0 38.000 54.000 2052.000 45.299 0 1 12 210 0 0
 255 71764.000 192493.000 0 0 38.000 54.000 2052.000 45.299 0 1 12 210 0 0
 256 55848.000 186017.000 0 0 44.000 56.000 2464.000 49.638 0 1 10 210 0 0
 257 71608.000 192446.000 0 0 38.000 54.000 2052.000 45.299 0 1 12 210 0 0
 258 70969.000 192248.000 0 0 38.000 54.000 2052.000 45.299 0 1 12 210 0 0
 259 55083.000 185660.000 0 0 44.000 56.000 2464.000 49.638 0 1 10 210 0 0
 260 70574.000 192123.000 0 0 38.000 54.000 2052.000 45.299 0 1 12 210 0 0
 261 55028.000 185597.000 0 0 44.000 56.000 2464.000 49.638 0 1 10 210 0 0
 262 67956.000 191248.000 0 0 0.000 0.000 0.000 0.185 0 1 0 0 0 0
 263 67903.000 191182.000 0 0 0.000 0.000 0.000 200000.000 0 1 0 200 0 0
 264 53808.000 184927.000 0 0 44.000 54.000 2376.000 48.744 0 1 10 210 0 0
 265 66137.000 190591.000 0 0 0.000 0.000 0.000 0.120 0 1 0 0 0 0
 266 64946.000 190137.000 0 0 0.000 0.000 0.000 0.142 0 1 0 0 0 0
 267 64856.000 190077.000 0 0 0.000 0.000 0.000 200000.000 0 1 0 200 0 0
 268 61505.000 188684.000 0 0 0.000 0.000 0.000 0.207 0 1 0 0 0 0
 269 50823.000 183293.000 0 0 46.000 56.000 2576.000 50.754 0 1 9 200 0 0
 270 61254.000 188896.000 0 0 0.000 0.000 0.000 200000.000 0 1 0 200 0 0
 271 50662.000 183004.000 0 0 46.000 56.000 2576.000 50.754 0 1 9 200 0 0
 272 61375.000 188608.000 0 0 0.000 0.000 0.000 0.269 0 1 0 0 0 0
 273 59782.000 187960.000 0 0 0.000 0.000 0.000 0.202 0 1 0 0 0 0
 274 50200.000 182854.000 0 0 46.000 56.000 2576.000 50.754 0 1 9 200 0 0
 275 59122.000 187656.000 0 0 0.000 0.000 0.000 0.127 0 1 0 0 0 0
 276 50111.000 182804.000 0 0 46.000 56.000 2576.000 50.754 0 1 9 200 0 0
 277 59090.000 187599.000 0 0 0.000 0.000 0.000 0.209 0 1 0 0 0 0
 278 58171.000 187490.000 0 0 0.000 0.000 0.000 200000.000 0 1 0 200 0 0
 279 57780.000 187019.000 0 0 0.000 0.000 0.000 0.161 0 1 0 0 0 0
 280 57719.000 186929.000 0 0 0.000 0.000 0.000 200000.000 0 1 0 200 0 0
 281 56818.000 186831.000 0 0 44.000 56.000 2464.000 49.638 0 1 10 210 0 0
 282 56640.000 186457.000 0 0 44.000 56.000 2464.000 49.638 0 1 10 210 0 0
 283 56607.000 186381.000 0 0 44.000 56.000 2464.000 49.638 0 1 10 210 0 0
 284 55862.000 186026.000 0 0 44.000 56.000 2464.000 49.638 0 1 10 210 0 0
 285 55485.000 185822.000 0 0 44.000 56.000 2464.000 49.638 0 1 10 210 0 0
 286 53596.000 184866.000 0 0 44.000 54.000 2376.000 48.744 0 1 10 210 0 0
 287 53507.000 184817.000 0 0 46.000 54.000 2484.000 49.839 0 1 10 210 0 0
 288 53466.000 184752.000 0 0 46.000 54.000 2484.000 49.839 0 1 10 210 0 0
 289 53140.000 184564.000 0 0 46.000 54.000 2484.000 49.839 0 1 10 210 0 0
 290 50811.000 183208.000 0 0 46.000 56.000 2576.000 50.754 0 1 9 200 0 0
 291 50213.000 182932.000 0 0 46.000 56.000 2576.000 50.754 0 1 9 200 0 0
 292 50077.000 182763.000 0 0 46.000 56.000 2576.000 50.754 0 1 9 200 0 0
 293 49479.000 182488.000 0 0 48.000 56.000 2688.000 51.845 0 1 9 200 0 0
 294 48577.000 181932.000 0 0 0.000 0.000 0.000 0.176 0 1 0 0 0 0
 295 49822.000 100975.000 0 0 0.982 50.509 49.609 7.043 0 1 2 200 0 0
 296 49653.000 101039.000 0 0 0.199 9.650 1.922 1.386 0 1 2 200 0 0
 297 49651.000 100994.000 0 0 1.478 74.822 110.588 10.516 0 1 2 200 0 0
 298 49650.000 100940.000 0 0 0.180 9.651 1.739 1.318 0 1 2 200 0 0
 299 49483.000 101059.000 0 0 0.355 16.946 6.023 2.454 0 1 2 200 0 0
 300 49483.000 101037.000 0 0 0.447 21.800 9.756 3.123 0 1 2 200 0 0
 301 49481.000 100964.000 0 0 2.172 113.823 247.242 15.723 0 1 2 200 0 0
 302 49313.000 101009.000 0 0 3.290 165.225 543.623 23.315 0 1 2 200 0 0
 303 49310.000 100909.000 0 0 0.348 19.433 6.774 2.602 0 1 2 200 0 0
 304 49143.000 101020.000 0 0 2.936 146.281 429.514 20.724 0 1 2 200 0 0
 305 48972.000 101016.000 0 0 2.924 146.773 429.172 20.716 0 1 2 200 0 0
 306 48804.000 101096.000 0 0 0.367 17.174 6.316 2.513 0 1 2 200 0 0
 307 48802.000 101019.000 0 0 2.443 122.714 299.899 17.317 0 1 2 200 0 0
 308 48633.000 101017.000 0 0 1.268 64.027 81.242 9.013 0 1 2 200 0 0
 309 103878.000 181992.000 0 0 106.118 5.020 532.751 23.081 0 1 7 200 0 0
 310 103513.000 182008.000 0 0 11.790 0.505 5.955 2.440 0 1 7 200 0 0
 311 103049.000 182026.000 0 0 62.913 2.338 147.152 12.130 0 1 7 200 0 0
 312 104379.000 182137.000 0 0 31.499 1.679 52.901 7.273 0 1 7 200 0 0
 313 104142.000 182149.000 0 0 15.747 0.793 12.503 3.535 0 1 7 200 0 0
 314 103901.000 182161.000 0 0 133.909 6.357 851.391 29.178 0 1 7 200 0 0
 315 103535.000 182176.000 0 0 263.930 11.356 2997.380 54.748 0 1 7 200 0 0
 316 102980.000 182198.000 0 0 173.371 6.285 1089.808 33.012 0 1 7 200 0 0
 317 104495.000 182299.000 0 0 702.246 38.362 26939.691 164.133 0 1 7 200 0 0
 318 104025.000 182324.000 0 0 98.658 4.824 475.965 21.816 0 1 7 200 0 0
 319 103892.000 182332.000 0 0 110.504 5.224 577.353 24.028 0 1 7 200 0 0
 320 103758.000 182337.000 0 0 94.914 4.332 411.230 20.278 0 1 7 200 0 0
 321 103572.000 182346.000 0 0 228.949 9.932 2274.090 47.687 0 1 7 200 0 0
 322 103430.000 182351.000 0 0 23.688 0.986 23.373 4.834 0 1 7 200 0 0
 323 103123.000 182363.000 0 0 470.562 17.846 8397.872 91.639 0 1 7 200 0 0
 324 104752.000 182456.000 0 0 588.952 33.945 19992.050 141.393 0 1 7 200 0 0
 325 104309.000 182481.000 0 0 31.631 1.652 52.272 7.229 0 1 7 200 0 0
 326 104211.000 182486.000 0 0 106.758 5.450 581.930 24.123 0 1 7 200 0 0
 327 103988.000 182497.000 0 0 292.683 14.150 4141.721 64.356 0 1 7 200 0 0
 328 103766.000 182508.000 0 0 71.191 3.249 231.354 15.210 0 1 7 200 0 0
 329 103661.000 182512.000 0 0 59.332 2.632 156.207 12.498 0 1 7 200 0 0
 330 103592.000 182515.000 0 0 47.461 2.066 98.066 9.902 0 1 7 200 0 0
 331 103229.000 182530.000 0 0 661.033 25.866 17098.668 130.761 0 1 7 200 0 0
 332 105373.000 182588.000 0 0 11.873 0.772 9.172 3.028 0 1 7 200 0 0
 333 105280.000 182595.000 0 0 15.832 1.012 16.025 4.003 0 1 7 200 0 0
 334 105220.000 182599.000 0 0 23.759 1.501 35.677 5.973 0 1 7 200 0 0
 335 104965.000 182613.000 0 0 380.185 22.852 8688.262 93.210 0 1 7 200 0 0
 336 104684.000 182631.000 0 0 15.839 0.897 14.222 3.771 0 1 7 200 0 0
 337 104664.000 182632.000 0 0 15.839 0.894 14.161 3.763 0 1 7 200 0 0
 338 104484.000 182642.000 0 0 198.079 10.749 2129.282 46.144 0 1 7 200 0 0
 339 104275.000 182653.000 0 0 213.959 11.066 2367.770 48.659 0 1 7 200 0 0
 340 104046.000 182665.000 0 0 106.989 5.237 560.323 23.671 0 1 7 200 0 0
 341 103429.000 182691.000 0 0 1038.646 43.078 44743.238 211.525 0 1 7 200 0 0
 342 105296.000 182764.000 0 0 408.652 26.152 10687.219 103.379 0 1 7 200 0 0
 343 104696.000 182800.000 0 0 353.664 20.058 7094.005 84.225 0 1 7 200 0 0
 344 104490.000 182813.000 0 0 15.874 0.860 13.663 3.696 0 1 7 200 0 0
 345 103645.000 182850.000 0 0 1162.769 51.163 59491.684 243.909 0 1 7 200 0 0
 346 103051.000 182877.000 0 0 11.915 0.438 5.226 2.286 0 1 7 200 0 0
 347 105586.000 182916.000 0 0 608.140 40.976 24919.591 157.859 0 1 7 200 0 0
 348 104908.000 182958.000 0 0 258.490 15.294 3953.616 62.877 0 1 7 200 0 0
 349 104011.000 183005.000 0 0 1014.679 49.038 49758.675 223.066 0 1 7 200 0 0
 350 149735.000 166858.000 0 0 105.764 78.677 8321.234 91.220 0 1 3 210 0 0
 351 149640.000 166930.000 0 0 25.667 19.037 488.636 22.105 0 1 3 210 0 0
 352 105797.000 183071.000 0 0 426.093 29.738 12671.573 112.568 0 1 7 200 0 0
 353 105006.000 183123.000 0 0 27.894 1.679 46.859 6.845 0 1 7 200 0 0
 354 104327.000 183161.000 0 0 873.049 45.430 39663.272 199.156 0 1 7 200 0 0
 355 149808.000 167017.000 0 0 176.695 131.322 23204.129 152.329 0 1 3 210 0 0
 356 106136.000 183218.000 0 0 11.963 0.882 10.556 3.248 0 1 7 200 0 0
 357 105921.000 183233.000 0 0 363.083 25.830 9378.669 96.843 0 1 7 200 0 0
 358 104738.000 183307.000 0 0 535.137 30.437 16288.387 127.625 0 1 7 200 0 0
 359 104338.000 183332.000 0 0 239.676 12.477 2990.502 54.685 0 1 7 200 0 0
 360 101283.000 183434.000 0 0 31.996 0.492 15.743 3.967 0 1 7 200 0 0
 361 149927.000 167141.000 0 0 128.742 95.734 12325.045 111.018 0 1 3 210 0 0
 362 149843.000 167202.000 0 0 25.771 19.114 492.620 22.195 0 1 3 210 0 0
 363 106159.000 183386.000 0 0 191.871 14.171 2719.164 52.145 0 1 7 200 0 0
 364 106018.000 183398.000 0 0 39.976 2.885 115.337 10.739 0 1 7 200 0 0
 365 105330.000 183443.000 0 0 11.996 0.766 9.194 3.032 0 1 7 200 0 0
 366 104907.000 183468.000 0 0 828.266 48.700 40337.179 200.841 0 1 7 200 0 0
 367 101468.000 183599.000 0 0 412.777 7.251 2993.151 54.709 0 1 7 200 0 0
 368 145609.000 170336.000 0 0 20.228 13.116 265.333 16.289 0 1 3 210 0 0
 369 105552.000 183598.000 0 0 48.084 3.193 153.580 12.392 0 1 7 200 0 0
 370 105502.000 183603.000 0 0 12.019 0.791 9.509 3.083 0 1 7 200 0 0
 371 105446.000 183606.000 0 0 28.056 1.827 51.283 7.161 0 1 7 200 0 0
 372 105229.000 183620.000 0 0 396.859 24.819 9849.822 99.246 0 1 7 200 0 0
 373 105007.000 183633.000 0 0 28.065 1.680 47.164 6.867 0 1 7 200 0 0
 374 104882.000 183640.000 0 0 20.051 1.170 23.471 4.844 0 1 7 200 0 0
 375 104855.000 183643.000 0 0 12.025 0.698 8.395 2.897 0 1 7 200 0 0
 376 102153.000 183755.000 0 0 160.599 4.129 663.218 25.753 0 1 7 200 0 0
 377 101716.000 183764.000 0 0 196.754 4.032 793.343 28.166 0 1 7 200 0 0
 378 145624.000 170530.000 0 0 175.814 113.728 19995.060 141.403 0 1 3 210 0 0
 379 105678.000 183760.000 0 0 20.079 1.361 27.337 5.228 0 1 7 200 0 0
 380 105349.000 183782.000 0 0 614.425 39.232 24105.472 155.259 0 1 7 200 0 0
 381 105019.000 183803.000 0 0 16.064 0.962 15.458 3.931 0 1 7 200 0 0
 382 102309.000 183920.000 0 0 285.626 7.859 2244.832 47.379 0 1 7 200 0 0
 383 102153.000 183924.000 0 0 16.087 0.412 6.642 2.577 0 1 7 200 0 0
 384 105617.000 183935.000 0 0 430.526 28.814 12405.419 111.379 0 1 7 200 0 0
 385 102566.000 184083.000 0 0 193.475 5.904 1142.450 33.800 0 1 7 200 0 0
 386 102442.000 184087.000 0 0 28.217 0.819 23.132 4.809 0 1 7 200 0 0
 387 106853.000 184015.000 0 0 100.685 8.213 826.979 28.757 0 1 7 200 0 0
 388 106400.000 184050.000 0 0 20.149 1.534 30.919 5.560 0 1 7 200 0 0
 389 105927.000 184085.000 0 0 20.157 1.421 28.646 5.352 0 1 7 200 0 0
 390 105893.000 184087.000 0 0 16.118 1.129 18.211 4.267 0 1 7 200 0 0
 391 105659.000 184103.000 0 0 411.184 27.668 11376.994 106.662 0 1 7 200 0 0
 392 105432.000 184117.000 0 0 16.124 1.041 16.792 4.097 0 1 7 200 0 0
 393 102844.000 184244.000 0 0 254.423 8.591 2185.850 46.753 0 1 7 200 0 0
 394 137607.000 175664.000 0 0 32.642 16.224 529.616 23.013 0 1 5 210 0 0
 395 137478.000 175728.000 0 0 21.783 10.780 234.844 15.324 0 1 5 210 0 0
 396 108098.000 184074.000 0 0 56.426 5.435 306.703 17.512 0 1 7 200 0 0
 397 106912.000 184181.000 0 0 149.314 12.260 1830.661 42.786 0 1 7 200 0 0
 398 106462.000 184217.000 0 0 125.152 9.603 1201.903 34.668 0 1 7 200 0 0
 399 106008.000 184249.000 0 0 12.112 0.863 10.464 3.234 0 1 7 200 0 0
 400 105782.000 184265.000 0 0 432.217 29.661 12820.291 113.226 0 1 7 200 0 0
 401 105514.000 184283.000 0 0 12.117 0.792 9.607 3.099 0 1 7 200 0 0
 402 105487.000 184285.000 0 0 16.156 1.051 16.996 4.122 0 1 7 200 0 0
 403 103174.000 184403.000 0 0 20.233 0.761 15.400 3.924 0 1 7 200 0 0
 404 102991.000 184409.000 0 0 339.889 12.043 4093.605 63.981 0 1 7 200 0 0
 405 137730.000 175792.000 0 0 32.698 16.277 532.254 23.070 0 1 5 210 0 0
 406 137597.000 175859.000 0 0 218.185 108.137 23594.031 153.603 0 1 5 210 0 0
 407 108147.000 184241.000 0 0 96.919 9.373 908.480 30.141 0 1 7 200 0 0
 408 106990.000 184345.000 0 0 149.605 12.398 1854.892 43.068 0 1 7 200 0 0
 409 106538.000 184382.000 0 0 169.888 13.163 2236.269 47.289 0 1 7 200 0 0
 410 105909.000 184428.000 0 0 380.443 26.630 10131.251 100.654 0 1 7 200 0 0
 411 103201.000 184573.000 0 0 247.309 9.361 2315.159 48.116 0 1 7 200 0 0
 412 103030.000 184578.000 0 0 68.924 2.469 170.217 13.046 0 1 7 200 0 0
 413 137808.000 175944.000 0 0 40.042 19.935 798.266 28.253 0 1 5 210 0 0
 414 137670.000 176012.000 0 0 229.560 113.768 26116.692 161.606 0 1 5 210 0 0
 415 108204.000 184407.000 0 0 97.109 9.439 916.624 30.275 0 1 7 200 0 0
 416 107838.000 184442.000 0 0 40.476 3.757 152.088 12.332 0 1 7 200 0 0
 417 107761.000 184449.000 0 0 64.771 5.953 385.589 19.636 0 1 7 200 0 0
 418 107560.000 184467.000 0 0 20.249 1.812 36.703 6.058 0 1 7 200 0 0
 419 107211.000 184497.000 0 0 76.957 6.567 505.449 22.482 0 1 7 200 0 0
 420 107054.000 184511.000 0 0 153.948 12.851 1978.489 44.480 0 1 7 200 0 0
 421 106621.000 184546.000 0 0 137.795 10.791 1486.985 38.561 0 1 7 200 0 0
 422 106008.000 184590.000 0 0 263.576 18.720 4934.360 70.245 0 1 7 200 0 0
 423 103332.000 184737.000 0 0 365.583 14.376 5255.633 72.495 0 1 7 200 0 0
 424 102166.000 184775.000 0 0 24.385 0.623 15.199 3.898 0 1 7 200 0 0
 425 137890.000 176094.000 0 0 29.181 14.530 424.037 20.592 0 1 5 210 0 0
 426 137783.000 176146.000 0 0 167.912 83.318 13990.171 118.280 0 1 5 210 0 0
 427 137674.000 176200.000 0 0 43.829 21.669 949.776 30.818 0 1 5 210 0 0
 428 108407.000 184558.000 0 0 24.323 2.418 58.827 7.669 0 1 7 200 0 0
 429 108250.000 184572.000 0 0 109.458 10.677 1168.781 34.187 0 1 7 200 0 0
 430 107860.000 184611.000 0 0 60.841 5.652 343.895 18.544 0 1 7 200 0 0
 431 107786.000 184618.000 0 0 68.956 6.345 437.552 20.917 0 1 7 200 0 0
 432 107577.000 184636.000 0 0 48.681 4.358 212.180 14.566 0 1 7 200 0 0
 433 107244.000 184665.000 0 0 105.521 9.028 952.716 30.866 0 1 7 200 0 0
 434 107107.000 184677.000 0 0 158.309 13.288 2103.684 45.865 0 1 7 200 0 0
 435 106697.000 184710.000 0 0 198.976 15.731 3130.253 55.948 0 1 7 200 0 0
 436 106073.000 184756.000 0 0 223.465 16.012 3578.218 59.818 0 1 7 200 0 0
 437 103504.000 184900.000 0 0 199.423 8.231 1641.488 40.515 0 1 7 200 0 0
 438 103343.000 184907.000 0 0 73.261 2.884 211.342 14.537 0 1 7 200 0 0
 439 103287.000 184910.000 0 0 20.355 0.788 16.044 4.005 0 1 7 200 0 0
 440 102265.000 184941.000 0 0 203.590 5.429 1105.339 33.246 0 1 7 200 0 0
 441 108456.000 184724.000 0 0 73.103 7.296 533.394 23.095 0 1 7 200 0 0
 442 108300.000 184739.000 0 0 101.552 9.947 1010.147 31.782 0 1 7 200 0 0
 443 107875.000 184779.000 0 0 142.239 13.213 1879.507 43.353 0 1 7 200 0 0
 444 107635.000 184801.000 0 0 52.850 4.758 251.499 15.858 0 1 7 200 0 0
 445 107306.000 184829.000 0 0 65.063 5.603 364.615 19.094 0 1 7 200 0 0
 446 107152.000 184844.000 0 0 162.686 13.714 2231.241 47.236 0 1 7 200 0 0
 447 106756.000 184876.000 0 0 146.469 11.659 1707.820 41.325 0 1 7 200 0 0
 448 106148.000 184921.000 0 0 195.402 14.147 2764.373 52.577 0 1 7 200 0 0
 449 103622.000 185065.000 0 0 122.336 5.210 637.386 25.246 0 1 7 200 0 0
 450 102354.000 185110.000 0 0 57.121 1.580 90.262 9.500 0 1 7 200 0 0
 451 108706.000 184870.000 0 0 32.547 3.338 108.676 10.424 0 1 7 200 0 0
 452 108617.000 184878.000 0 0 28.483 2.891 82.369 9.075 0 1 7 200 0 0
 453 108506.000 184890.000 0 0 81.383 8.154 663.666 25.761 0 1 7 200 0 0
 454 108339.000 184906.000 0 0 97.683 9.594 937.187 30.613 0 1 7 200 0 0
 455 107915.000 184946.000 0 0 126.236 11.763 1484.967 38.535 0 1 7 200 0 0
 456 107666.000 184969.000 0 0 61.099 5.512 336.820 18.352 0 1 7 200 0 0
 457 107346.000 184998.000 0 0 65.192 5.634 367.335 19.165 0 1 7 200 0 0
 458 107201.000 185011.000 0 0 158.934 13.463 2139.834 46.258 0 1 7 200 0 0
 459 106800.000 185043.000 0 0 118.229 9.454 1117.820 33.433 0 1 7 200 0 0
 460 106226.000 185086.000 0 0 138.676 10.148 1407.332 37.514 0 1 7 200 0 0
 461 108741.000 185036.000 0 0 28.536 2.933 83.710 9.149 0 1 7 200 0 0
 462 108708.000 185040.000 0 0 20.386 2.087 42.562 6.523 0 1 7 200 0 0
 463 108661.000 185046.000 0 0 48.917 4.981 243.704 15.611 0 1 7 200 0 0
 464 108546.000 185055.000 0 0 93.779 9.422 883.644 29.726 0 1 7 200 0 0
 465 108374.000 185073.000 0 0 85.645 8.430 722.031 26.870 0 1 7 200 0 0
 466 107947.000 185114.000 0 0 126.485 11.810 1493.905 38.651 0 1 7 200 0 0
 467 107711.000 185136.000 0 0 69.378 6.284 435.978 20.880 0 1 7 200 0 0
 468 107391.000 185164.000 0 0 61.239 5.314 325.480 18.041 0 1 7 200 0 0
 469 107254.000 185176.000 0 0 179.652 15.300 2748.726 52.428 0 1 7 200 0 0
 470 106840.000 185210.000 0 0 106.201 8.525 905.470 30.091 0 1 7 200 0 0
 471 106277.000 185253.000 0 0 126.691 9.328 1181.898 34.378 0 1 7 200 0 0
 472 108707.000 185211.000 0 0 98.034 10.018 982.144 31.339 0 1 7 200 0 0
 473 108577.000 185224.000 0 0 89.881 9.045 813.045 28.513 0 1 7 200 0 0
 474 108409.000 185241.000 0 0 89.899 8.868 797.274 28.236 0 1 7 200 0 0
 475 108009.000 185280.000 0 0 28.617 2.687 76.920 8.770 0 1 7 200 0 0
 476 107957.000 185285.000 0 0 65.413 6.103 399.228 19.980 0 1 7 200 0 0
 477 107740.000 185304.000 0 0 73.603 6.678 491.561 22.171 0 1 7 200 0 0
 478 107428.000 185333.000 0 0 57.271 4.985 285.527 16.897 0 1 7 200 0 0
 479 107282.000 185344.000 0 0 151.377 12.916 1955.291 44.218 0 1 7 200 0 0
 480 106866.000 185379.000 0 0 73.668 5.924 436.437 20.891 0 1 7 200 0 0
 481 106313.000 185420.000 0 0 102.369 7.566 774.576 27.831 0 1 7 200 0 0
 482 112591.000 184898.000 0 0 28.489 4.225 120.381 10.971 0 1 7 200 0 0
 483 108734.000 185379.000 0 0 94.136 9.630 906.609 30.109 0 1 7 200 0 0
 484 108609.000 185392.000 0 0 90.058 9.080 817.766 28.596 0 1 7 200 0 0
 485 108441.000 185408.000 0 0 81.879 8.092 662.594 25.740 0 1 7 200 0 0
 486 107992.000 185453.000 0 0 61.446 5.746 353.132 18.791 0 1 7 200 0 0
 487 107776.000 185471.000 0 0 65.556 5.964 390.994 19.773 0 1 7 200 0 0
 488 107459.000 185500.000 0 0 57.383 5.006 287.277 16.949 0 1 7 200 0 0
 489 107322.000 185512.000 0 0 151.674 12.987 1969.847 44.382 0 1 7 200 0 0
 490 106912.000 185546.000 0 0 16.398 1.325 21.729 4.661 0 1 7 200 0 0
 491 106341.000 185589.000 0 0 73.849 5.471 404.054 20.101 0 1 7 200 0 0
 492 112607.000 185067.000 0 0 28.546 4.230 120.775 10.989 0 1 7 200 0 0
 493 108801.000 185543.000 0 0 12.298 1.265 15.562 3.944 0 1 7 200 0 0
 494 108756.000 185548.000 0 0 61.515 6.296 387.320 19.680 0 1 7 200 0 0
 495 108646.000 185559.000 0 0 90.234 9.119 822.880 28.685 0 1 7 200 0 0
 496 108475.000 185576.000 0 0 77.939 7.719 601.658 24.528 0 1 7 200 0 0
 497 108028.000 185620.000 0 0 61.567 5.772 355.416 18.852 0 1 7 200 0 0
 498 107814.000 185639.000 0 0 69.788 6.367 444.397 21.080 0 1 7 200 0 0
 499 107499.000 185668.000 0 0 57.496 5.033 289.384 17.011 0 1 7 200 0 0
 500 107345.000 185681.000 0 0 119.116 10.211 1216.382 34.876 0 1 7 200 0 0
 501 106947.000 185713.000 0 0 32.870 2.664 87.580 9.358 0 1 7 200 0 0
 502 106383.000 185756.000 0 0 57.555 4.284 246.572 15.702 0 1 7 200 0 0
 503 112652.000 185232.000 0 0 102.144 15.163 1548.841 39.355 0 1 7 200 0 0
 504 108790.000 185716.000 0 0 53.420 5.478 292.656 17.107 0 1 7 200 0 0
 505 108676.000 185727.000 0 0 90.411 9.150 827.344 28.763 0 1 7 200 0 0
 506 108513.000 185743.000 0 0 78.091 7.754 605.530 24.607 0 1 7 200 0 0
 507 108062.000 185786.000 0 0 57.575 5.410 311.537 17.650 0 1 7 200 0 0
 508 107845.000 185807.000 0 0 61.701 5.641 348.068 18.656 0 1 7 200 0 0
 509 107530.000 185835.000 0 0 49.371 4.331 213.840 14.623 0 1 7 200 0 0
 510 107399.000 185846.000 0 0 69.957 6.030 421.870 20.539 0 1 7 200 0 0
 511 107340.000 185851.000 0 0 41.152 3.518 144.795 12.033 0 1 7 200 0 0
 512 106973.000 185881.000 0 0 32.935 2.674 88.078 9.385 0 1 7 200 0 0
 513 106411.000 185926.000 0 0 57.669 4.302 248.142 15.752 0 1 7 200 0 0
 514 112673.000 185401.000 0 0 143.282 21.262 3046.561 55.195 0 1 7 200 0 0
 515 108819.000 185883.000 0 0 45.283 4.650 210.569 14.511 0 1 7 200 0 0
 516 108711.000 185894.000 0 0 78.229 7.934 620.698 24.913 0 1 7 200 0 0
 517 108559.000 185909.000 0 0 37.063 3.692 136.863 11.698 0 1 7 200 0 0
 518 108095.000 185955.000 0 0 57.688 5.433 313.427 17.703 0 1 7 200 0 0
 519 107886.000 185974.000 0 0 61.821 5.670 350.565 18.723 0 1 7 200 0 0
 520 107557.000 186002.000 0 0 32.981 2.898 95.589 9.776 0 1 7 200 0 0
 521 107447.000 186013.000 0 0 94.835 8.211 778.727 27.905 0 1 7 200 0 0
 522 107369.000 186019.000 0 0 45.355 3.885 176.230 13.275 0 1 7 200 0 0
 523 106453.000 186092.000 0 0 57.780 4.330 250.247 15.819 0 1 7 200 0 0
 524 112706.000 185568.000 0 0 151.774 22.536 3420.529 58.485 0 1 7 200 0 0
 525 108885.000 186048.000 0 0 70.122 7.241 507.773 22.533 0 1 7 200 0 0
 526 108756.000 186061.000 0 0 99.012 10.074 997.478 31.582 0 1 7 200 0 0
 527 108586.000 186077.000 0 0 66.020 6.586 434.822 20.852 0 1 7 200 0 0
 528 108133.000 186121.000 0 0 53.673 5.068 272.057 16.494 0 1 7 200 0 0
 529 107913.000 186143.000 0 0 61.943 5.690 352.500 18.774 0 1 7 200 0 0
 530 107476.000 186181.000 0 0 82.620 7.167 592.201 24.335 0 1 7 200 0 0
 531 107404.000 186188.000 0 0 12.391 1.064 13.191 3.631 0 1 7 200 0 0
 532 106489.000 186261.000 0 0 45.482 3.421 155.619 12.474 0 1 7 200 0 0
 533 112764.000 185732.000 0 0 152.065 22.641 3442.967 58.676 0 1 7 200 0 0
 534 110886.000 185990.000 0 0 20.614 2.609 53.801 7.334 0 1 7 200 0 0
 535 108899.000 186216.000 0 0 20.668 2.133 44.097 6.640 0 1 7 200 0 0
 536 108777.000 186229.000 0 0 90.941 9.257 841.858 29.014 0 1 7 200 0 0
 537 108623.000 186245.000 0 0 24.808 2.480 61.540 7.844 0 1 7 200 0 0
 538 108163.000 186289.000 0 0 49.632 4.695 233.040 15.265 0 1 7 200 0 0
 539 107945.000 186310.000 0 0 62.062 5.713 354.606 18.830 0 1 7 200 0 0
 540 107514.000 186348.000 0 0 95.205 8.285 788.782 28.085 0 1 7 200 0 0
 541 107441.000 186355.000 0 0 33.117 2.853 94.508 9.721 0 1 7 200 0 0
 542 106515.000 186429.000 0 0 58.007 4.373 253.676 15.927 0 1 7 200 0 0
 543 112820.000 185896.000 0 0 164.704 24.583 4048.961 63.631 0 1 7 200 0 0
 544 110922.000 186157.000 0 0 49.556 6.282 311.326 17.644 0 1 7 200 0 0
 545 110661.000 186189.000 0 0 41.313 5.110 211.130 14.530 0 1 7 200 0 0
 546 110571.000 186201.000 0 0 61.984 7.601 471.205 21.707 0 1 7 200 0 0
 547 109193.000 186356.000 0 0 82.788 8.813 729.675 27.012 0 1 7 200 0 0
 548 108831.000 186394.000 0 0 91.115 9.313 848.647 29.131 0 1 7 200 0 0
 549 108207.000 186456.000 0 0 37.298 3.540 132.067 11.492 0 1 7 200 0 0
 550 107988.000 186477.000 0 0 49.740 4.594 228.540 15.117 0 1 7 200 0 0
 551 107541.000 186516.000 0 0 87.098 7.592 661.259 25.714 0 1 7 200 0 0
 552 106555.000 186597.000 0 0 37.359 2.828 105.656 10.278 0 1 7 200 0 0
 553 112872.000 186060.000 0 0 160.895 24.065 3872.091 62.226 0 1 7 200 0 0
 554 110966.000 186323.000 0 0 78.619 9.987 785.246 28.022 0 1 7 200 0 0
 555 110700.000 186355.000 0 0 70.372 8.720 613.659 24.772 0 1 7 200 0 0
 556 110611.000 186366.000 0 0 99.363 12.208 1213.046 34.828 0 1 7 200 0 0
 557 109195.000 186528.000 0 0 157.624 16.750 2640.231 51.383 0 1 7 200 0 0
 558 108867.000 186561.000 0 0 70.540 7.226 509.754 22.577 0 1 7 200 0 0
 559 107572.000 186684.000 0 0 70.640 6.171 435.929 20.878 0 1 7 200 0 0
 560 107515.000 186688.000 0 0 16.617 1.440 23.940 4.892 0 1 7 200 0 0
 561 106599.000 186763.000 0 0 33.273 2.530 84.209 9.176 0 1 7 200 0 0
 562 114303.000 186008.000 0 0 24.740 4.114 101.794 10.089 0 1 7 200 0 0
 563 112924.000 186224.000 0 0 165.334 24.781 4097.315 64.010 0 1 7 200 0 0
 564 111027.000 186486.000 0 0 91.212 11.629 1060.804 32.569 0 1 7 200 0 0
 565 110756.000 186519.000 0 0 74.652 9.281 692.864 26.322 0 1 7 200 0 0
 566 110665.000 186531.000 0 0 99.553 12.270 1221.527 34.950 0 1 7 200 0 0
 567 109276.000 186691.000 0 0 70.645 7.559 534.057 23.109 0 1 7 200 0 0
 568 108913.000 186729.000 0 0 70.676 7.263 513.385 22.657 0 1 7 200 0 0
 569 107597.000 186853.000 0 0 24.983 2.185 54.600 7.389 0 1 7 200 0 0
 570 106621.000 186933.000 0 0 33.338 2.539 84.655 9.200 0 1 7 200 0 0
 571 114328.000 186175.000 0 0 136.322 22.666 3089.984 55.587 0 1 7 200 0 0
 572 114240.000 186189.000 0 0 28.922 4.778 138.214 11.756 0 1 7 200 0 0
 573 113123.000 186365.000 0 0 33.120 5.032 166.689 12.910 0 1 7 200 0 0
 574 112976.000 186388.000 0 0 144.938 21.771 3155.522 56.174 0 1 7 200 0 0
 575 111094.000 186649.000 0 0 132.919 17.018 2262.111 47.561 0 1 7 200 0 0
 576 110763.000 186691.000 0 0 187.011 23.219 4342.233 65.895 0 1 7 200 0 0
 577 109315.000 186857.000 0 0 37.472 4.018 150.592 12.271 0 1 7 200 0 0
 578 108956.000 186895.000 0 0 29.159 3.005 87.641 9.361 0 1 7 200 0 0
 579 114343.000 186345.000 0 0 186.265 30.942 5763.530 75.917 0 1 7 200 0 0
 580 113197.000 186527.000 0 0 37.329 5.693 212.537 14.578 0 1 7 200 0 0
 581 113149.000 186535.000 0 0 49.774 7.563 376.449 19.402 0 1 7 200 0 0
 582 113000.000 186556.000 0 0 62.239 9.348 581.849 24.121 0 1 7 200 0 0
 583 112893.000 186573.000 0 0 70.549 10.507 741.284 27.226 0 1 7 200 0 0
 584 112789.000 186587.000 0 0 20.757 3.066 63.643 7.977 0 1 7 200 0 0
 585 111144.000 186814.000 0 0 116.520 14.958 1742.922 41.748 0 1 7 200 0 0
 586 110810.000 186856.000 0 0 174.871 21.765 3806.099 61.693 0 1 7 200 0 0
 587 114444.000 186501.000 0 0 41.463 6.923 287.082 16.943 0 1 7 200 0 0
 588 114368.000 186513.000 0 0 103.679 17.218 1785.238 42.252 0 1 7 200 0 0
 589 114294.000 186526.000 0 0 16.586 2.740 45.448 6.741 0 1 7 200 0 0
 590 113189.000 186699.000 0 0 120.531 18.336 2210.116 47.011 0 1 7 200 0 0
 591 113049.000 186721.000 0 0 24.945 3.753 93.639 9.676 0 1 7 200 0 0
 592 112852.000 186751.000 0 0 245.352 36.349 8918.441 94.437 0 1 7 200 0 0
 593 111187.000 186980.000 0 0 66.713 8.580 572.451 23.925 0 1 7 200 0 0
 594 110866.000 187021.000 0 0 154.350 19.274 2975.036 54.543 0 1 7 200 0 0
 595 114488.000 186666.000 0 0 108.014 18.057 1950.529 44.164 0 1 7 200 0 0
 596 114396.000 186681.000 0 0 49.857 8.280 412.869 20.319 0 1 7 200 0 0
 597 114318.000 186694.000 0 0 24.937 4.118 102.712 10.134 0 1 7 200 0 0
 598 113262.000 186861.000 0 0 58.296 8.901 518.919 22.779 0 1 7 200 0 0
 599 113197.000 186871.000 0 0 45.803 6.958 318.719 17.852 0 1 7 200 0 0
 600 112870.000 186920.000 0 0 233.335 34.550 8061.753 89.787 0 1 7 200 0 0
 601 110888.000 187190.000 0 0 62.696 7.829 490.892 22.156 0 1 7 200 0 0
 602 114556.000 186827.000 0 0 12.482 2.092 26.124 5.111 0 1 11 210 0 0
 603 114495.000 186837.000 0 0 58.280 9.728 567.003 23.811 0 1 11 210 0 0
 604 114425.000 186849.000 0 0 41.630 6.914 287.855 16.966 0 1 7 200 0 0
 605 113271.000 187032.000 0 0 200.260 30.538 6115.589 78.202 0 1 7 200 0 0
 606 113311.000 187198.000 0 0 79.417 12.123 962.801 31.029 0 1 7 200 0 0
 607 113233.000 187209.000 0 0 66.889 10.149 678.924 26.056 0 1 7 200 0 0
 608 50894.000 182546.000 0 0 15.823 9.413 148.947 12.204 0 1 9 200 0 0
 609 54354.000 184695.000 0 0 251.725 135.667 34150.920 184.799 0 1 10 210 0 0
 610 54021.000 184517.000 0 0 44.573 24.248 1080.835 32.876 0 1 10 210 0 0
 611 53160.000 184045.000 0 0 16.110 8.978 144.655 12.027 0 1 10 210 0 0
 612 53098.000 184008.000 0 0 12.077 6.743 81.440 9.024 0 1 10 210 0 0
 613 52636.000 183751.000 0 0 56.209 31.788 1786.832 42.270 0 1 10 210 0 0
 614 52504.000 183675.000 0 0 40.118 22.772 913.623 30.226 0 1 10 210 0 0
 615 50805.000 182691.000 0 0 83.237 49.520 4121.945 64.202 0 1 9 200 0 0
 616 54352.000 184888.000 0 0 126.149 67.836 8557.614 92.507 0 1 10 210 0 0
 617 54222.000 184818.000 0 0 126.045 68.030 8574.901 92.600 0 1 10 210 0 0
 618 53935.000 184662.000 0 0 48.706 26.501 1290.826 35.928 0 1 10 210 0 0
 619 53048.000 184175.000 0 0 189.652 105.786 20062.669 141.642 0 1 10 210 0 0
 620 52553.000 183898.000 0 0 80.431 45.487 3658.634 60.486 0 1 10 210 0 0
 621 52425.000 183826.000 0 0 44.208 25.090 1109.203 33.304 0 1 10 210 0 0
 622 50726.000 182843.000 0 0 115.170 68.502 7889.457 88.822 0 1 9 200 0 0
 623 55110.000 185482.000 0 0 49.178 25.825 1270.072 35.638 0 1 10 210 0 0
 624 54348.000 185078.000 0 0 16.308 8.751 142.718 11.946 0 1 10 210 0 0
 625 54198.000 184998.000 0 0 264.847 142.714 37797.601 194.416 0 1 10 210 0 0
 626 53909.000 184842.000 0 0 12.197 6.626 80.826 8.990 0 1 10 210 0 0
 627 53867.000 184819.000 0 0 60.991 33.173 2023.269 44.980 0 1 10 210 0 0
 628 52964.000 184323.000 0 0 226.353 126.263 28580.162 169.056 0 1 10 210 0 0
 629 52412.000 184014.000 0 0 257.753 145.999 37631.955 193.989 0 1 10 210 0 0
 630 50649.000 182994.000 0 0 151.176 89.894 13589.848 116.575 0 1 9 200 0 0
 631 50258.000 182761.000 0 0 31.728 19.070 605.076 24.598 0 1 9 200 0 0
 632 50163.000 182704.000 0 0 23.780 14.329 340.771 18.459 0 1 9 200 0 0
 633 50128.000 182683.000 0 0 31.698 19.120 606.086 24.618 0 1 9 200 0 0
 634 55001.000 185616.000 0 0 201.104 105.698 21256.544 145.796 0 1 10 210 0 0
 635 54120.000 185149.000 0 0 318.384 171.554 54620.189 233.709 0 1 10 210 0 0
 636 53787.000 184969.000 0 0 158.845 86.393 13723.186 117.146 0 1 10 210 0 0
 637 52900.000 184483.000 0 0 218.686 121.919 26662.132 163.285 0 1 10 210 0 0
 638 52332.000 184163.000 0 0 270.312 153.099 41384.878 203.432 0 1 10 210 0 0
 639 50621.000 183174.000 0 0 219.283 130.185 28547.518 168.960 0 1 9 200 0 0
 640 50118.000 182875.000 0 0 218.496 131.512 28735.082 169.514 0 1 9 200 0 0;
ProcessEquipmentIDList 1
  "6620" ;
SummarySpec 5
  TESTNO    NDEFECT    DEFDENSITY    NDIE    NDEFDIE  ;
SummaryList 
  1    640    2.246    1    1  ;
EndOfFile;
