FileVersion 1 2;
FileTimestamp 02-01-26 23:53:10;
InspectionStationID "KLA-Tencor" "SFSSP1" "0901-0728-TBI";
SampleType WAFER;
ResultTimestamp 02-01-26 23:46:49;
LotID "2850";
SampleSize 1 200;
DeviceID "None";
SetupID "T2-2850A" 02-01-26 23:46:49;
StepID "6852";
SampleOrientationMarkType NOTCH;
OrientationMarkLocation DOWN;
DiePitch 200000 200000;
DieOrigin 0 0;
WaferID "10";
Slot 10;
SampleCenterLocation 100000 100000;
ClassLookup 1
  0 "0"  ;
OrientationInstructions "Front";
CoordinatesMirrored No;
InspectionTest 1;
SampleTestPlan 1
  0 0 ;
AreaPerTest 2.85008e+010;
ClusterClassificationList 4
  2 200 
  3 210 
  4 200 
  1 200 ;
DefectRecordSpec 15 DEFECTID XREL YREL XINDEX YINDEX XSIZE YSIZE DEFECTAREA DSIZE CLASSNUMBER TEST CLUSTERNUMBER ROUGHBINNUMBER FINEBINNUMBER REVIEWSAMPLE ;
DefectList
 1 98397.000 97548.000 0 0 0.000 0.000 0.000 0.205 0 1 0 0 0 0
 2 101018.000 92792.000 0 0 0.000 0.000 0.000 0.340 0 1 0 0 0 0
 3 107558.000 94330.000 0 0 0.000 0.000 0.000 0.291 0 1 0 0 0 0
 4 93861.000 86919.000 0 0 0.000 0.000 0.000 0.120 0 1 0 0 0 0
 5 115481.000 106993.000 0 0 0.000 0.000 0.000 0.436 0 1 0 0 0 0
 6 113459.000 111759.000 0 0 0.000 0.000 0.000 0.141 0 1 0 0 0 0
 7 113427.000 111800.000 0 0 0.000 0.000 0.000 0.321 0 1 0 0 0 0
 8 117841.000 94091.000 0 0 0.000 0.000 0.000 0.257 0 1 0 0 0 0
 9 88899.000 81783.000 0 0 0.000 0.000 0.000 0.120 0 1 0 0 0 0
 10 120918.000 95111.000 0 0 0.000 0.000 0.000 0.158 0 1 0 0 0 0
 11 78168.000 102966.000 0 0 0.000 0.000 0.000 0.239 0 1 0 0 0 0
 12 103299.000 77007.000 0 0 0.000 0.000 0.000 0.261 0 1 0 0 0 0
 13 102238.000 74624.000 0 0 0.000 0.000 0.000 0.133 0 1 0 0 0 0
 14 102865.000 74664.000 0 0 0.000 0.000 0.000 0.121 0 1 0 0 0 0
 15 85504.000 78357.000 0 0 0.000 0.000 0.000 0.200 0 1 0 0 0 0
 16 89295.000 76200.000 0 0 0.000 0.000 0.000 0.247 0 1 0 0 0 0
 17 126886.000 103173.000 0 0 52.000 28.000 1456.000 38.157 0 1 2 200 0 0
 18 126875.000 103336.000 0 0 52.000 30.000 1560.000 39.496 0 1 2 200 0 0
 19 126860.000 103476.000 0 0 52.000 30.000 1560.000 39.496 0 1 2 200 0 0
 20 126852.000 103600.000 0 0 52.000 30.000 1560.000 39.496 0 1 2 200 0 0
 21 127137.000 103262.000 0 0 52.000 28.000 1456.000 38.157 0 1 2 200 0 0
 22 126087.000 109936.000 0 0 0.000 0.000 0.000 200000.000 0 1 0 200 0 0
 23 123054.000 117676.000 0 0 0.000 0.000 0.000 0.219 0 1 0 0 0 0
 24 130094.000 110009.000 0 0 0.000 0.000 0.000 0.256 0 1 0 0 0 0
 25 129114.000 83079.000 0 0 0.000 0.000 0.000 0.223 0 1 0 0 0 0
 26 74233.000 77110.000 0 0 0.000 0.000 0.000 0.122 0 1 0 0 0 0
 27 65637.000 106736.000 0 0 0.000 0.000 0.000 0.276 0 1 0 0 0 0
 28 135453.000 99664.000 0 0 0.000 0.000 0.000 0.297 0 1 0 0 0 0
 29 102800.000 64228.000 0 0 0.000 0.000 0.000 0.269 0 1 0 0 0 0
 30 108053.000 60332.000 0 0 0.000 0.000 0.000 0.213 0 1 0 0 0 0
 31 140907.000 105914.000 0 0 52.000 30.000 1560.000 39.496 0 1 3 210 0 0
 32 141204.000 95736.000 0 0 0.000 0.000 0.000 0.203 0 1 0 0 0 0
 33 141565.000 106038.000 0 0 52.000 30.000 1560.000 39.496 0 1 3 210 0 0
 34 111736.000 141067.000 0 0 0.000 0.000 0.000 0.309 0 1 0 0 0 0
 35 56907.000 108254.000 0 0 0.000 0.000 0.000 0.122 0 1 0 0 0 0
 36 143077.000 106323.000 0 0 52.000 30.000 1560.000 39.496 0 1 3 210 0 0
 37 84672.000 58665.000 0 0 0.000 0.000 0.000 0.120 0 1 0 0 0 0
 38 97160.000 55978.000 0 0 0.000 0.000 0.000 0.281 0 1 0 0 0 0
 39 67253.000 131091.000 0 0 0.000 0.000 0.000 0.126 0 1 0 0 0 0
 40 145581.000 106779.000 0 0 52.000 30.000 1560.000 39.496 0 1 4 200 0 0
 41 144797.000 106770.000 0 0 52.000 30.000 1560.000 39.496 0 1 4 200 0 0
 42 144921.000 106565.000 0 0 52.000 30.000 1560.000 39.496 0 1 4 200 0 0
 43 145254.000 106697.000 0 0 52.000 30.000 1560.000 39.496 0 1 4 200 0 0
 44 54448.000 97574.000 0 0 0.000 0.000 0.000 0.210 0 1 0 0 0 0
 45 145684.000 106204.000 0 0 52.000 30.000 1560.000 39.496 0 1 4 200 0 0
 46 111963.000 54925.000 0 0 0.000 0.000 0.000 0.129 0 1 0 0 0 0
 47 145761.000 90563.000 0 0 54.000 34.000 1836.000 42.848 0 1 1 200 0 0
 48 145914.000 90409.000 0 0 54.000 34.000 1836.000 42.848 0 1 1 200 0 0
 49 145981.000 90624.000 0 0 54.000 32.000 1728.000 41.569 0 1 1 200 0 0
 50 146017.000 90841.000 0 0 54.000 32.000 1728.000 41.569 0 1 1 200 0 0
 51 146054.000 90971.000 0 0 54.000 32.000 1728.000 41.569 0 1 1 200 0 0
 52 147546.000 101952.000 0 0 0.000 0.000 0.000 0.157 0 1 0 0 0 0
 53 142074.000 122721.000 0 0 0.000 0.000 0.000 0.243 0 1 0 0 0 0
 54 63193.000 130842.000 0 0 0.000 0.000 0.000 0.205 0 1 0 0 0 0
 55 57192.000 122602.000 0 0 0.000 0.000 0.000 0.215 0 1 0 0 0 0
 56 65652.000 135067.000 0 0 0.000 0.000 0.000 0.247 0 1 0 0 0 0
 57 111778.000 52727.000 0 0 0.000 0.000 0.000 0.221 0 1 0 0 0 0
 58 146783.000 115603.000 0 0 0.000 0.000 0.000 0.251 0 1 0 0 0 0
 59 144559.000 122684.000 0 0 0.000 0.000 0.000 0.201 0 1 0 0 0 0
 60 130518.000 140933.000 0 0 0.000 0.000 0.000 0.208 0 1 0 0 0 0
 61 151137.000 103877.000 0 0 0.000 0.000 0.000 0.222 0 1 0 0 0 0
 62 47669.000 106222.000 0 0 0.000 0.000 0.000 0.216 0 1 0 0 0 0
 63 65372.000 142848.000 0 0 0.000 0.000 0.000 0.270 0 1 0 0 0 0
 64 83411.000 152818.000 0 0 0.000 0.000 0.000 0.122 0 1 0 0 0 0
 65 149424.000 124852.000 0 0 0.000 0.000 0.000 0.132 0 1 0 0 0 0
 66 149874.000 125124.000 0 0 0.000 0.000 0.000 0.125 0 1 0 0 0 0
 67 158550.000 95923.000 0 0 0.000 0.000 0.000 0.126 0 1 0 0 0 0
 68 156342.000 122035.000 0 0 0.000 0.000 0.000 0.221 0 1 0 0 0 0
 69 122321.000 156312.000 0 0 0.000 0.000 0.000 0.332 0 1 0 0 0 0
 70 44368.000 76199.000 0 0 0.000 0.000 0.000 0.120 0 1 0 0 0 0
 71 40857.000 114232.000 0 0 0.000 0.000 0.000 0.207 0 1 0 0 0 0
 72 156567.000 123985.000 0 0 0.000 0.000 0.000 0.215 0 1 0 0 0 0
 73 159180.000 82392.000 0 0 0.000 0.000 0.000 0.200 0 1 0 0 0 0
 74 147311.000 59499.000 0 0 0.000 0.000 0.000 0.217 0 1 0 0 0 0
 75 86542.000 38847.000 0 0 0.000 0.000 0.000 0.204 0 1 0 0 0 0
 76 86534.000 38516.000 0 0 0.000 0.000 0.000 0.234 0 1 0 0 0 0
 77 87396.000 162444.000 0 0 0.000 0.000 0.000 0.122 0 1 0 0 0 0
 78 89943.000 163198.000 0 0 0.000 0.000 0.000 0.121 0 1 0 0 0 0
 79 147495.000 57768.000 0 0 0.000 0.000 0.000 0.245 0 1 0 0 0 0
 80 141685.000 50348.000 0 0 0.000 0.000 0.000 0.241 0 1 0 0 0 0
 81 37715.000 120037.000 0 0 0.000 0.000 0.000 0.204 0 1 0 0 0 0
 82 93138.000 34947.000 0 0 0.000 0.000 0.000 0.234 0 1 0 0 0 0
 83 158334.000 130648.000 0 0 0.000 0.000 0.000 0.130 0 1 0 0 0 0
 84 86499.000 35687.000 0 0 0.000 0.000 0.000 0.262 0 1 0 0 0 0
 85 140211.000 47328.000 0 0 0.000 0.000 0.000 0.222 0 1 0 0 0 0
 86 160511.000 71652.000 0 0 0.000 0.000 0.000 0.122 0 1 0 0 0 0
 87 166707.000 94200.000 0 0 0.000 0.000 0.000 0.248 0 1 0 0 0 0
 88 67686.000 159158.000 0 0 0.000 0.000 0.000 0.217 0 1 0 0 0 0
 89 100143.000 167854.000 0 0 0.000 0.000 0.000 0.213 0 1 0 0 0 0
 90 108930.000 168161.000 0 0 0.000 0.000 0.000 0.233 0 1 0 0 0 0
 91 111108.000 32049.000 0 0 0.000 0.000 0.000 0.390 0 1 0 0 0 0
 92 163840.000 131314.000 0 0 0.000 0.000 0.000 0.275 0 1 0 0 0 0
 93 136185.000 37807.000 0 0 0.000 0.000 0.000 0.333 0 1 0 0 0 0
 94 116248.000 171385.000 0 0 0.000 0.000 0.000 0.248 0 1 0 0 0 0
 95 83599.000 27561.000 0 0 0.000 0.000 0.000 0.302 0 1 0 0 0 0
 96 163735.000 140290.000 0 0 0.000 0.000 0.000 0.235 0 1 0 0 0 0
 97 120006.000 26252.000 0 0 0.000 0.000 0.000 0.211 0 1 0 0 0 0
 98 175571.000 86446.000 0 0 0.000 0.000 0.000 0.236 0 1 0 0 0 0
 99 96397.000 22718.000 0 0 0.000 0.000 0.000 0.122 0 1 0 0 0 0
 100 147548.000 163182.000 0 0 0.000 0.000 0.000 0.241 0 1 0 0 0 0
 101 133801.000 171657.000 0 0 0.000 0.000 0.000 0.251 0 1 0 0 0 0
 102 78419.000 176769.000 0 0 0.000 0.000 0.000 0.253 0 1 0 0 0 0
 103 26638.000 132611.000 0 0 0.000 0.000 0.000 0.239 0 1 0 0 0 0
 104 147573.000 164753.000 0 0 0.000 0.000 0.000 0.123 0 1 0 0 0 0
 105 150572.000 37220.000 0 0 0.000 0.000 0.000 0.391 0 1 0 0 0 0
 106 100491.000 18364.000 0 0 0.000 0.000 0.000 0.212 0 1 0 0 0 0
 107 18941.000 116784.000 0 0 0.000 0.000 0.000 200000.000 0 1 0 200 0 0
 108 178118.000 127090.000 0 0 0.000 0.000 0.000 0.225 0 1 0 0 0 0
 109 45997.000 36734.000 0 0 0.000 0.000 0.000 0.254 0 1 0 0 0 0
 110 20315.000 126188.000 0 0 0.000 0.000 0.000 0.200 0 1 0 0 0 0
 111 124136.000 19009.000 0 0 0.000 0.000 0.000 0.207 0 1 0 0 0 0
 112 184901.000 104945.000 0 0 0.000 0.000 0.000 0.248 0 1 0 0 0 0
 113 16685.000 121192.000 0 0 0.000 0.000 0.000 0.200 0 1 0 0 0 0
 114 60336.000 176661.000 0 0 0.000 0.000 0.000 0.221 0 1 0 0 0 0
 115 92011.000 186045.000 0 0 0.000 0.000 0.000 0.215 0 1 0 0 0 0
 116 59277.000 176226.000 0 0 0.000 0.000 0.000 0.129 0 1 0 0 0 0
 117 13810.000 102399.000 0 0 0.000 0.000 0.000 0.301 0 1 0 0 0 0
 118 116180.000 15558.000 0 0 0.000 0.000 0.000 0.127 0 1 0 0 0 0
 119 60202.000 23567.000 0 0 0.000 0.000 0.000 0.144 0 1 0 0 0 0
 120 17123.000 125534.000 0 0 0.000 0.000 0.000 0.204 0 1 0 0 0 0
 121 98309.000 187437.000 0 0 0.000 0.000 0.000 0.274 0 1 0 0 0 0
 122 45352.000 32164.000 0 0 0.000 0.000 0.000 0.144 0 1 0 0 0 0
 123 116607.000 186394.000 0 0 0.000 0.000 0.000 0.124 0 1 0 0 0 0
 124 45266.000 31492.000 0 0 0.000 0.000 0.000 0.124 0 1 0 0 0 0
 125 146366.000 25695.000 0 0 0.000 0.000 0.000 0.218 0 1 0 0 0 0
 126 179312.000 139276.000 0 0 0.000 0.000 0.000 0.126 0 1 0 0 0 0
 127 84998.000 13057.000 0 0 0.000 0.000 0.000 0.205 0 1 0 0 0 0
 128 62880.000 19718.000 0 0 0.000 0.000 0.000 0.260 0 1 0 0 0 0
 129 61130.000 19982.000 0 0 0.000 0.000 0.000 0.164 0 1 0 0 0 0
 130 62744.000 19371.000 0 0 0.000 0.000 0.000 0.208 0 1 0 0 0 0
 131 62534.000 19099.000 0 0 0.000 0.000 0.000 0.152 0 1 0 0 0 0
 132 46322.000 28624.000 0 0 0.000 0.000 0.000 0.124 0 1 0 0 0 0
 133 51059.000 25110.000 0 0 0.000 0.000 0.000 0.121 0 1 0 0 0 0
 134 113862.000 11760.000 0 0 0.000 0.000 0.000 0.203 0 1 0 0 0 0
 135 152247.000 27541.000 0 0 0.000 0.000 0.000 0.231 0 1 0 0 0 0
 136 51476.000 24541.000 0 0 0.000 0.000 0.000 0.131 0 1 0 0 0 0
 137 137091.000 18358.000 0 0 0.000 0.000 0.000 0.248 0 1 0 0 0 0
 138 149498.000 24759.000 0 0 0.000 0.000 0.000 0.225 0 1 0 0 0 0
 139 60239.000 18819.000 0 0 0.000 0.000 0.000 0.123 0 1 0 0 0 0
 140 45219.000 28019.000 0 0 0.000 0.000 0.000 0.203 0 1 0 0 0 0
 141 49094.000 24886.000 0 0 0.000 0.000 0.000 0.120 0 1 0 0 0 0
 142 45005.000 27506.000 0 0 0.000 0.000 0.000 0.128 0 1 0 0 0 0
 143 148820.000 23252.000 0 0 0.000 0.000 0.000 0.165 0 1 0 0 0 0
 144 12445.000 73876.000 0 0 0.000 0.000 0.000 200000.000 0 1 0 200 0 0
 145 8465.000 98969.000 0 0 0.000 0.000 0.000 0.131 0 1 0 0 0 0
 146 46682.000 174524.000 0 0 0.000 0.000 0.000 0.210 0 1 0 0 0 0
 147 49277.000 23804.000 0 0 0.000 0.000 0.000 0.128 0 1 0 0 0 0
 148 39117.000 31349.000 0 0 0.000 0.000 0.000 0.239 0 1 0 0 0 0
 149 10840.000 77101.000 0 0 0.000 0.000 0.000 0.238 0 1 0 0 0 0
 150 11903.000 73399.000 0 0 0.000 0.000 0.000 0.258 0 1 0 0 0 0
 151 44944.000 26268.000 0 0 0.000 0.000 0.000 0.122 0 1 0 0 0 0
 152 20518.000 147752.000 0 0 0.000 0.000 0.000 0.227 0 1 0 0 0 0
 153 62057.000 15859.000 0 0 0.000 0.000 0.000 0.147 0 1 0 0 0 0
 154 148440.000 20786.000 0 0 0.000 0.000 0.000 0.135 0 1 0 0 0 0
 155 38238.000 30326.000 0 0 0.000 0.000 0.000 0.203 0 1 0 0 0 0
 156 47334.000 23084.000 0 0 0.000 0.000 0.000 0.124 0 1 0 0 0 0
 157 145320.000 18596.000 0 0 0.000 0.000 0.000 0.144 0 1 0 0 0 0
 158 28866.000 39361.000 0 0 0.000 0.000 0.000 0.123 0 1 0 0 0 0
 159 141715.000 16466.000 0 0 0.000 0.000 0.000 0.125 0 1 0 0 0 0
 160 146553.000 18639.000 0 0 0.000 0.000 0.000 0.229 0 1 0 0 0 0
 161 5670.000 94532.000 0 0 0.000 0.000 0.000 0.201 0 1 0 0 0 0
 162 149801.000 182294.000 0 0 0.000 0.000 0.000 0.121 0 1 0 0 0 0
 163 42136.000 23324.000 0 0 0.000 0.000 0.000 0.128 0 1 0 0 0 0
 164 33052.000 30987.000 0 0 0.000 0.000 0.000 0.257 0 1 0 0 0 0
 165 39118.000 25685.000 0 0 0.000 0.000 0.000 200000.000 0 1 0 200 0 0
 166 3851.000 108138.000 0 0 0.000 0.000 0.000 0.204 0 1 0 0 0 0
 167 36152.000 27843.000 0 0 0.000 0.000 0.000 0.124 0 1 0 0 0 0
 168 42044.000 23125.000 0 0 0.000 0.000 0.000 0.130 0 1 0 0 0 0
 169 24190.000 40344.000 0 0 0.000 0.000 0.000 0.214 0 1 0 0 0 0
 170 39619.000 24493.000 0 0 0.000 0.000 0.000 0.121 0 1 0 0 0 0
 171 39295.000 24601.000 0 0 0.000 0.000 0.000 0.120 0 1 0 0 0 0
 172 39476.000 24546.000 0 0 0.000 0.000 0.000 0.121 0 1 0 0 0 0
 173 41728.000 22756.000 0 0 0.000 0.000 0.000 0.125 0 1 0 0 0 0
 174 41647.000 22533.000 0 0 0.000 0.000 0.000 0.124 0 1 0 0 0 0
 175 140146.000 105788.000 0 0 3.607 25.018 90.249 9.499 0 1 3 210 0 0
 176 140313.000 105817.000 0 0 4.461 30.920 137.963 11.745 0 1 3 210 0 0
 177 140481.000 105845.000 0 0 4.483 31.048 139.204 11.798 0 1 3 210 0 0
 178 140648.000 105876.000 0 0 4.788 33.125 158.637 12.595 0 1 3 210 0 0
 179 140814.000 105907.000 0 0 4.814 33.261 160.125 12.654 0 1 3 210 0 0
 180 140981.000 105939.000 0 0 5.125 35.361 181.232 13.462 0 1 3 210 0 0
 181 141151.000 105970.000 0 0 5.151 35.507 182.934 13.525 0 1 3 210 0 0
 182 141316.000 106004.000 0 0 5.181 35.651 184.719 13.591 0 1 3 210 0 0
 183 141485.000 106034.000 0 0 4.917 33.807 166.266 12.894 0 1 3 210 0 0
 184 141651.000 106068.000 0 0 4.945 33.942 167.872 12.956 0 1 3 210 0 0
 185 141825.000 106050.000 0 0 1.160 8.019 9.305 3.050 0 1 3 210 0 0
 186 141819.000 106100.000 0 0 4.679 32.075 150.093 12.251 0 1 3 210 0 0
 187 141993.000 106080.000 0 0 2.040 14.091 28.753 5.362 0 1 3 210 0 0
 188 141985.000 106130.000 0 0 4.702 32.202 151.430 12.305 0 1 3 210 0 0
 189 142160.000 106110.000 0 0 2.343 16.168 37.886 6.155 0 1 3 210 0 0
 190 142154.000 106160.000 0 0 4.724 32.332 152.761 12.359 0 1 3 210 0 0
 191 142326.000 106140.000 0 0 2.649 18.261 48.374 6.955 0 1 3 210 0 0
 192 142320.000 106192.000 0 0 5.342 36.516 195.109 13.968 0 1 3 210 0 0
 193 142494.000 106176.000 0 0 3.256 22.407 72.975 8.542 0 1 3 210 0 0
 194 142488.000 106224.000 0 0 5.967 40.735 243.088 15.591 0 1 3 210 0 0
 195 142661.000 106211.000 0 0 3.572 24.540 87.682 9.363 0 1 3 210 0 0
 196 142654.000 106257.000 0 0 5.399 36.805 198.718 14.096 0 1 3 210 0 0
 197 142828.000 106241.000 0 0 3.889 26.690 103.809 10.188 0 1 3 210 0 0
 198 142823.000 106286.000 0 0 5.122 34.897 178.780 13.370 0 1 3 210 0 0
 199 142996.000 106273.000 0 0 4.510 30.917 139.466 11.809 0 1 3 210 0 0
 200 142990.000 106317.000 0 0 4.845 32.973 159.770 12.640 0 1 3 210 0 0
 201 143163.000 106300.000 0 0 3.624 24.829 89.988 9.486 0 1 3 210 0 0
 202 143156.000 106346.000 0 0 5.171 35.169 181.896 13.486 0 1 3 210 0 0
 203 143332.000 106328.000 0 0 0.910 6.231 5.671 2.381 0 1 3 210 0 0
 204 143324.000 106376.000 0 0 4.585 31.152 142.836 11.951 0 1 3 210 0 0
 205 144324.000 106593.000 0 0 1.896 12.748 24.176 4.916 0 1 4 200 0 0
 206 144498.000 106570.000 0 0 4.094 27.730 113.551 10.656 0 1 4 200 0 0
 207 144491.000 106614.000 0 0 4.439 29.859 132.555 11.513 0 1 4 200 0 0
 208 144667.000 106597.000 0 0 6.008 40.683 244.458 15.635 0 1 4 200 0 0
 209 144661.000 106640.000 0 0 5.411 36.395 196.946 14.033 0 1 4 200 0 0
 210 144831.000 106648.000 0 0 12.430 83.814 1041.849 32.277 0 1 4 200 0 0
 211 145002.000 106658.000 0 0 6.383 43.145 275.429 16.596 0 1 4 200 0 0
 212 144995.000 106701.000 0 0 5.461 36.668 200.248 14.150 0 1 4 200 0 0
 213 145169.000 106687.000 0 0 5.129 34.644 177.695 13.330 0 1 4 200 0 0
 214 145163.000 106730.000 0 0 4.839 32.474 157.159 12.536 0 1 4 200 0 0
 215 145338.000 106703.000 0 0 4.177 28.253 118.039 10.864 0 1 4 200 0 0
 216 145331.000 106747.000 0 0 4.851 32.595 158.142 12.575 0 1 4 200 0 0
 217 145501.000 106770.000 0 0 4.543 30.536 138.746 11.779 0 1 4 200 0 0
 218 145668.000 106796.000 0 0 3.258 21.892 71.330 8.445 0 1 4 200 0 0
 219 145346.000 90887.000 0 0 4.806 23.914 114.936 10.720 0 1 1 200 0 0
 220 145512.000 90853.000 0 0 3.947 19.640 77.528 8.804 0 1 1 200 0 0
 221 145605.000 90466.000 0 0 28.791 137.718 3965.065 62.968 0 1 1 200 0 0
 222 145653.000 90695.000 0 0 5.351 26.253 140.494 11.853 0 1 1 200 0 0
 223 145670.000 90777.000 0 0 14.593 72.257 1054.488 32.472 0 1 1 200 0 0
 224 145682.000 90833.000 0 0 1.757 8.756 15.388 3.922 0 1 1 200 0 0
 225 145695.000 90900.000 0 0 10.905 54.756 597.122 24.436 0 1 1 200 0 0
 226 145774.000 90448.000 0 0 37.093 177.738 6592.851 81.196 0 1 1 200 0 0
 227 145847.000 90801.000 0 0 70.556 351.651 24811.364 157.516 0 1 1 200 0 0
 228 145931.000 90364.000 0 0 3.234 15.418 49.877 7.062 0 1 1 200 0 0
 229 145939.000 90405.000 0 0 4.140 19.824 82.086 9.060 0 1 1 200 0 0
 230 145945.000 90435.000 0 0 3.667 17.614 64.593 8.036 0 1 1 200 0 0
 231 145987.000 90632.000 0 0 1.349 6.622 8.934 2.989 0 1 1 200 0 0
 232 146005.000 90724.000 0 0 8.449 41.900 354.020 18.815 0 1 1 200 0 0
 233 146031.000 90838.000 0 0 8.344 41.923 349.823 18.703 0 1 1 200 0 0
 234 146044.000 90907.000 0 0 2.181 11.043 24.087 4.907 0 1 1 200 0 0;
ProcessEquipmentIDList 1
  "6620" ;
SummarySpec 5
  TESTNO    NDEFECT    DEFDENSITY    NDIE    NDEFDIE  ;
SummaryList 
  1    234    0.821    1    1  ;
EndOfFile;
