FileVersion 1 2;
FileTimestamp 02-07-26 20:36:40;
InspectionStationID "KLA-Tencor" "SFSSP1" "0901-0728-TBI";
SampleType WAFER;
ResultTimestamp 02-07-26 20:18:30;
LotID "2580";
SampleSize 1 200;
DeviceID "None";
SetupID "T2-2580NR" 02-07-26 20:18:30;
StepID "7002";
SampleOrientationMarkType NOTCH;
OrientationMarkLocation DOWN;
DiePitch 200000 200000;
DieOrigin 0 0;
WaferID "21";
Slot 21;
SampleCenterLocation 100000 100000;
ClassLookup 1
  0 "0"  ;
OrientationInstructions "Front";
CoordinatesMirrored No;
InspectionTest 1;
SampleTestPlan 1
  0 0 ;
AreaPerTest 2.73528e+010;
DefectRecordSpec 15 DEFECTID XREL YREL XINDEX YINDEX XSIZE YSIZE DEFECTAREA DSIZE CLASSNUMBER TEST CLUSTERNUMBER ROUGHBINNUMBER FINEBINNUMBER REVIEWSAMPLE ;
DefectList
 1 100215.000 98096.000 0 0 0.000 0.000 0.000 0.160 0 1 0 0 0 0
 2 101717.000 102677.000 0 0 0.000 0.000 0.000 0.135 0 1 0 0 0 0
 3 103786.000 102487.000 0 0 0.000 0.000 0.000 0.153 0 1 0 0 0 0
 4 100417.000 105537.000 0 0 0.000 0.000 0.000 0.139 0 1 0 0 0 0
 5 103721.000 94151.000 0 0 0.000 0.000 0.000 0.136 0 1 0 0 0 0
 6 107549.000 98311.000 0 0 0.000 0.000 0.000 0.130 0 1 0 0 0 0
 7 95995.000 93040.000 0 0 0.000 0.000 0.000 0.130 0 1 0 0 0 0
 8 102408.000 91922.000 0 0 0.000 0.000 0.000 0.130 0 1 0 0 0 0
 9 95566.000 92804.000 0 0 0.000 0.000 0.000 0.142 0 1 0 0 0 0
 10 93364.000 92948.000 0 0 0.000 0.000 0.000 0.136 0 1 0 0 0 0
 11 108717.000 94962.000 0 0 0.000 0.000 0.000 0.133 0 1 0 0 0 0
 12 97871.000 89307.000 0 0 0.000 0.000 0.000 0.155 0 1 0 0 0 0
 13 93114.000 109540.000 0 0 0.000 0.000 0.000 0.133 0 1 0 0 0 0
 14 109306.000 92734.000 0 0 0.000 0.000 0.000 0.153 0 1 0 0 0 0
 15 95908.000 88880.000 0 0 0.000 0.000 0.000 0.145 0 1 0 0 0 0
 16 90916.000 91630.000 0 0 0.000 0.000 0.000 0.156 0 1 0 0 0 0
 17 94663.000 112206.000 0 0 0.000 0.000 0.000 0.152 0 1 0 0 0 0
 18 86372.000 98632.000 0 0 0.000 0.000 0.000 0.144 0 1 0 0 0 0
 19 111123.000 108563.000 0 0 0.000 0.000 0.000 0.133 0 1 0 0 0 0
 20 87491.000 106352.000 0 0 0.000 0.000 0.000 0.153 0 1 0 0 0 0
 21 92868.000 88366.000 0 0 0.000 0.000 0.000 0.158 0 1 0 0 0 0
 22 87488.000 107134.000 0 0 0.000 0.000 0.000 0.134 0 1 0 0 0 0
 23 104060.000 114510.000 0 0 0.000 0.000 0.000 0.134 0 1 0 0 0 0
 24 90420.000 88879.000 0 0 0.000 0.000 0.000 0.132 0 1 0 0 0 0
 25 88093.000 90665.000 0 0 0.000 0.000 0.000 0.138 0 1 0 0 0 0
 26 114294.000 93702.000 0 0 0.000 0.000 0.000 0.142 0 1 0 0 0 0
 27 106907.000 84674.000 0 0 0.000 0.000 0.000 0.132 0 1 0 0 0 0
 28 117526.000 98009.000 0 0 0.000 0.000 0.000 0.137 0 1 0 0 0 0
 29 90625.000 85212.000 0 0 0.000 0.000 0.000 0.131 0 1 0 0 0 0
 30 94744.000 117732.000 0 0 0.000 0.000 0.000 0.137 0 1 0 0 0 0
 31 114162.000 112229.000 0 0 0.000 0.000 0.000 0.165 0 1 0 0 0 0
 32 86402.000 87763.000 0 0 0.000 0.000 0.000 0.147 0 1 0 0 0 0
 33 106864.000 83026.000 0 0 0.000 0.000 0.000 0.130 0 1 0 0 0 0
 34 111414.000 84051.000 0 0 0.000 0.000 0.000 0.140 0 1 0 0 0 0
 35 96792.000 80120.000 0 0 0.000 0.000 0.000 0.147 0 1 0 0 0 0
 36 79364.000 100031.000 0 0 0.000 0.000 0.000 0.155 0 1 0 0 0 0
 37 81552.000 88206.000 0 0 0.000 0.000 0.000 0.149 0 1 0 0 0 0
 38 78835.000 107285.000 0 0 0.000 0.000 0.000 0.156 0 1 0 0 0 0
 39 105210.000 122640.000 0 0 0.000 0.000 0.000 0.135 0 1 0 0 0 0
 40 98248.000 76800.000 0 0 0.000 0.000 0.000 0.138 0 1 0 0 0 0
 41 101249.000 76549.000 0 0 0.000 0.000 0.000 0.132 0 1 0 0 0 0
 42 123786.000 95237.000 0 0 0.000 0.000 0.000 0.139 0 1 0 0 0 0
 43 122659.000 87682.000 0 0 0.000 0.000 0.000 0.143 0 1 0 0 0 0
 44 83391.000 119902.000 0 0 0.000 0.000 0.000 0.158 0 1 0 0 0 0
 45 125267.000 106581.000 0 0 0.000 0.000 0.000 0.134 0 1 0 0 0 0
 46 74180.000 97355.000 0 0 0.000 0.000 0.000 0.132 0 1 0 0 0 0
 47 111987.000 76944.000 0 0 0.000 0.000 0.000 0.134 0 1 0 0 0 0
 48 100259.000 73646.000 0 0 0.000 0.000 0.000 0.130 0 1 0 0 0 0
 49 123880.000 112182.000 0 0 0.000 0.000 0.000 0.143 0 1 0 0 0 0
 50 73418.000 102273.000 0 0 0.000 0.000 0.000 0.145 0 1 0 0 0 0
 51 126387.000 107222.000 0 0 0.000 0.000 0.000 0.143 0 1 0 0 0 0
 52 114632.000 123382.000 0 0 0.000 0.000 0.000 0.134 0 1 0 0 0 0
 53 104192.000 72957.000 0 0 0.000 0.000 0.000 0.134 0 1 0 0 0 0
 54 126005.000 110328.000 0 0 0.000 0.000 0.000 0.131 0 1 0 0 0 0
 55 73657.000 109581.000 0 0 0.000 0.000 0.000 0.138 0 1 0 0 0 0
 56 128091.000 97615.000 0 0 0.000 0.000 0.000 0.135 0 1 0 0 0 0
 57 122433.000 82102.000 0 0 0.000 0.000 0.000 0.131 0 1 0 0 0 0
 58 87856.000 73392.000 0 0 0.000 0.000 0.000 0.138 0 1 0 0 0 0
 59 111523.000 127431.000 0 0 0.000 0.000 0.000 0.142 0 1 0 0 0 0
 60 70524.000 103544.000 0 0 0.000 0.000 0.000 0.138 0 1 0 0 0 0
 61 112309.000 72310.000 0 0 0.000 0.000 0.000 0.136 0 1 0 0 0 0
 62 114497.000 72956.000 0 0 0.000 0.000 0.000 0.131 0 1 0 0 0 0
 63 123286.000 79084.000 0 0 0.000 0.000 0.000 0.130 0 1 0 0 0 0
 64 126121.000 82759.000 0 0 0.000 0.000 0.000 0.152 0 1 0 0 0 0
 65 70617.000 89205.000 0 0 0.000 0.000 0.000 0.143 0 1 0 0 0 0
 66 68965.000 93598.000 0 0 0.000 0.000 0.000 0.139 0 1 0 0 0 0
 67 130258.000 90005.000 0 0 0.000 0.000 0.000 0.135 0 1 0 0 0 0
 68 90183.000 130582.000 0 0 0.000 0.000 0.000 0.147 0 1 0 0 0 0
 69 74437.000 121455.000 0 0 0.000 0.000 0.000 0.130 0 1 0 0 0 0
 70 66650.000 98505.000 0 0 0.000 0.000 0.000 0.132 0 1 0 0 0 0
 71 70929.000 83308.000 0 0 0.000 0.000 0.000 0.138 0 1 0 0 0 0
 72 73531.000 122360.000 0 0 0.000 0.000 0.000 0.140 0 1 0 0 0 0
 73 130704.000 116559.000 0 0 0.000 0.000 0.000 0.138 0 1 0 0 0 0
 74 127328.000 122540.000 0 0 0.000 0.000 0.000 0.132 0 1 0 0 0 0
 75 99358.000 135462.000 0 0 0.000 0.000 0.000 0.158 0 1 0 0 0 0
 76 85868.000 132593.000 0 0 0.000 0.000 0.000 0.132 0 1 0 0 0 0
 77 134956.000 92017.000 0 0 0.000 0.000 0.000 0.132 0 1 0 0 0 0
 78 72603.000 76886.000 0 0 0.000 0.000 0.000 0.136 0 1 0 0 0 0
 79 64214.000 106115.000 0 0 0.000 0.000 0.000 0.151 0 1 0 0 0 0
 80 126132.000 126420.000 0 0 0.000 0.000 0.000 0.134 0 1 0 0 0 0
 81 94208.000 137080.000 0 0 0.000 0.000 0.000 0.136 0 1 0 0 0 0
 82 114427.000 65811.000 0 0 0.000 0.000 0.000 0.135 0 1 0 0 0 0
 83 74732.000 69198.000 0 0 0.000 0.000 0.000 0.144 0 1 0 0 0 0
 84 66985.000 123227.000 0 0 0.000 0.000 0.000 0.135 0 1 0 0 0 0
 85 140275.000 95395.000 0 0 0.000 0.000 0.000 0.131 0 1 0 0 0 0
 86 59195.000 100333.000 0 0 0.000 0.000 0.000 0.149 0 1 0 0 0 0
 87 67272.000 75602.000 0 0 0.000 0.000 0.000 0.151 0 1 0 0 0 0
 88 105216.000 141434.000 0 0 0.000 0.000 0.000 0.132 0 1 0 0 0 0
 89 92616.000 141009.000 0 0 0.000 0.000 0.000 0.147 0 1 0 0 0 0
 90 110316.000 59691.000 0 0 0.000 0.000 0.000 0.132 0 1 0 0 0 0
 91 81513.000 138179.000 0 0 0.000 0.000 0.000 0.145 0 1 0 0 0 0
 92 98429.000 142471.000 0 0 0.000 0.000 0.000 0.134 0 1 0 0 0 0
 93 59312.000 113977.000 0 0 0.000 0.000 0.000 0.154 0 1 0 0 0 0
 94 143191.000 103845.000 0 0 0.000 0.000 0.000 0.134 0 1 0 0 0 0
 95 131630.000 129950.000 0 0 0.000 0.000 0.000 0.148 0 1 0 0 0 0
 96 74993.000 64653.000 0 0 0.000 0.000 0.000 0.139 0 1 0 0 0 0
 97 140771.000 80462.000 0 0 0.000 0.000 0.000 0.132 0 1 0 0 0 0
 98 126502.000 137340.000 0 0 0.000 0.000 0.000 0.152 0 1 0 0 0 0
 99 107529.000 55022.000 0 0 0.000 0.000 0.000 0.133 0 1 0 0 0 0
 100 89768.000 145374.000 0 0 0.000 0.000 0.000 0.132 0 1 0 0 0 0
 101 64915.000 131210.000 0 0 0.000 0.000 0.000 0.132 0 1 0 0 0 0
 102 123913.000 140851.000 0 0 0.000 0.000 0.000 0.142 0 1 0 0 0 0
 103 108058.000 146670.000 0 0 0.000 0.000 0.000 0.132 0 1 0 0 0 0
 104 69533.000 136130.000 0 0 0.000 0.000 0.000 0.138 0 1 0 0 0 0
 105 87934.000 54708.000 0 0 0.000 0.000 0.000 0.130 0 1 0 0 0 0
 106 129547.000 63408.000 0 0 0.000 0.000 0.000 0.139 0 1 0 0 0 0
 107 136616.000 70225.000 0 0 0.000 0.000 0.000 0.142 0 1 0 0 0 0
 108 73309.000 139931.000 0 0 0.000 0.000 0.000 0.137 0 1 0 0 0 0
 109 62800.000 130066.000 0 0 0.000 0.000 0.000 0.141 0 1 0 0 0 0
 110 88888.000 146893.000 0 0 0.000 0.000 0.000 0.133 0 1 0 0 0 0
 111 147053.000 111560.000 0 0 0.000 0.000 0.000 0.138 0 1 0 0 0 0
 112 73699.000 140797.000 0 0 0.000 0.000 0.000 0.137 0 1 0 0 0 0
 113 135254.000 133788.000 0 0 0.000 0.000 0.000 0.130 0 1 0 0 0 0
 114 87984.000 147618.000 0 0 0.000 0.000 0.000 0.136 0 1 0 0 0 0
 115 51146.000 98186.000 0 0 0.000 0.000 0.000 0.136 0 1 0 0 0 0
 116 133450.000 136455.000 0 0 0.000 0.000 0.000 0.132 0 1 0 0 0 0
 117 105507.000 149878.000 0 0 0.000 0.000 0.000 0.155 0 1 0 0 0 0
 118 57444.000 74176.000 0 0 0.000 0.000 0.000 0.132 0 1 0 0 0 0
 119 132370.000 138468.000 0 0 0.000 0.000 0.000 0.131 0 1 0 0 0 0
 120 110255.000 50462.000 0 0 0.000 0.000 0.000 0.146 0 1 0 0 0 0
 121 115978.000 52015.000 0 0 0.000 0.000 0.000 0.141 0 1 0 0 0 0
 122 51371.000 115359.000 0 0 0.000 0.000 0.000 0.158 0 1 0 0 0 0
 123 97499.000 151363.000 0 0 0.000 0.000 0.000 0.133 0 1 0 0 0 0
 124 98210.000 48784.000 0 0 0.000 0.000 0.000 0.139 0 1 0 0 0 0
 125 149116.000 116482.000 0 0 0.000 0.000 0.000 0.151 0 1 0 0 0 0
 126 123247.000 146409.000 0 0 0.000 0.000 0.000 0.139 0 1 0 0 0 0
 127 151803.000 96816.000 0 0 0.000 0.000 0.000 0.131 0 1 0 0 0 0
 128 70436.000 57600.000 0 0 0.000 0.000 0.000 0.138 0 1 0 0 0 0
 129 63751.000 62665.000 0 0 0.000 0.000 0.000 0.139 0 1 0 0 0 0
 130 149923.000 84565.000 0 0 0.000 0.000 0.000 0.143 0 1 0 0 0 0
 131 60878.000 64304.000 0 0 0.000 0.000 0.000 0.148 0 1 0 0 0 0
 132 131379.000 144008.000 0 0 0.000 0.000 0.000 0.166 0 1 0 0 0 0
 133 61353.000 137778.000 0 0 0.000 0.000 0.000 0.133 0 1 0 0 0 0
 134 55701.000 130707.000 0 0 0.000 0.000 0.000 0.132 0 1 0 0 0 0
 135 82438.000 49148.000 0 0 0.000 0.000 0.000 0.136 0 1 0 0 0 0
 136 60219.000 63470.000 0 0 0.000 0.000 0.000 0.137 0 1 0 0 0 0
 137 111354.000 46887.000 0 0 0.000 0.000 0.000 0.140 0 1 0 0 0 0
 138 45542.000 102099.000 0 0 0.000 0.000 0.000 0.144 0 1 0 0 0 0
 139 57500.000 134732.000 0 0 0.000 0.000 0.000 0.143 0 1 0 0 0 0
 140 126995.000 52447.000 0 0 0.000 0.000 0.000 0.134 0 1 0 0 0 0
 141 132648.000 144368.000 0 0 0.000 0.000 0.000 0.140 0 1 0 0 0 0
 142 132969.000 145112.000 0 0 0.000 0.000 0.000 0.145 0 1 0 0 0 0
 143 83879.000 154084.000 0 0 0.000 0.000 0.000 0.135 0 1 0 0 0 0
 144 45963.000 116176.000 0 0 0.000 0.000 0.000 0.139 0 1 0 0 0 0
 145 121011.000 47522.000 0 0 0.000 0.000 0.000 0.133 0 1 0 0 0 0
 146 152122.000 77590.000 0 0 0.000 0.000 0.000 0.142 0 1 0 0 0 0
 147 152326.000 123127.000 0 0 0.000 0.000 0.000 0.151 0 1 0 0 0 0
 148 157113.000 105357.000 0 0 0.000 0.000 0.000 0.135 0 1 0 0 0 0
 149 134706.000 146698.000 0 0 0.000 0.000 0.000 0.130 0 1 0 0 0 0
 150 156943.000 113560.000 0 0 0.000 0.000 0.000 0.134 0 1 0 0 0 0
 151 57231.000 60067.000 0 0 0.000 0.000 0.000 0.140 0 1 0 0 0 0
 152 158873.000 103877.000 0 0 0.000 0.000 0.000 0.138 0 1 0 0 0 0
 153 125695.000 153649.000 0 0 0.000 0.000 0.000 0.133 0 1 0 0 0 0
 154 41745.000 110860.000 0 0 0.000 0.000 0.000 0.134 0 1 0 0 0 0
 155 143739.000 140654.000 0 0 0.000 0.000 0.000 0.155 0 1 0 0 0 0
 156 147654.000 64274.000 0 0 0.000 0.000 0.000 0.137 0 1 0 0 0 0
 157 159442.000 107622.000 0 0 0.000 0.000 0.000 0.138 0 1 0 0 0 0
 158 40179.000 95721.000 0 0 0.000 0.000 0.000 0.144 0 1 0 0 0 0
 159 42680.000 118660.000 0 0 0.000 0.000 0.000 0.130 0 1 0 0 0 0
 160 158264.000 117087.000 0 0 0.000 0.000 0.000 0.141 0 1 0 0 0 0
 161 46866.000 129637.000 0 0 0.000 0.000 0.000 0.143 0 1 0 0 0 0
 162 160891.000 99949.000 0 0 0.000 0.000 0.000 0.141 0 1 0 0 0 0
 163 38748.000 105510.000 0 0 0.000 0.000 0.000 0.130 0 1 0 0 0 0
 164 129870.000 155103.000 0 0 0.000 0.000 0.000 0.139 0 1 0 0 0 0
 165 41171.000 122494.000 0 0 0.000 0.000 0.000 0.132 0 1 0 0 0 0
 166 162921.000 94148.000 0 0 0.000 0.000 0.000 0.158 0 1 0 0 0 0
 167 36853.000 95019.000 0 0 0.000 0.000 0.000 0.155 0 1 0 0 0 0
 168 163746.000 91787.000 0 0 0.000 0.000 0.000 0.131 0 1 0 0 0 0
 169 128066.000 157959.000 0 0 0.000 0.000 0.000 0.132 0 1 0 0 0 0
 170 44359.000 67852.000 0 0 0.000 0.000 0.000 0.144 0 1 0 0 0 0
 171 145385.000 54000.000 0 0 0.000 0.000 0.000 0.132 0 1 0 0 0 0
 172 53655.000 145329.000 0 0 0.000 0.000 0.000 0.134 0 1 0 0 0 0
 173 135808.000 154352.000 0 0 0.000 0.000 0.000 0.151 0 1 0 0 0 0
 174 137496.000 46733.000 0 0 0.000 0.000 0.000 0.133 0 1 0 0 0 0
 175 34884.000 90721.000 0 0 0.000 0.000 0.000 0.130 0 1 0 0 0 0
 176 39624.000 128067.000 0 0 0.000 0.000 0.000 0.145 0 1 0 0 0 0
 177 80046.000 36846.000 0 0 0.000 0.000 0.000 0.132 0 1 0 0 0 0
 178 120505.000 36990.000 0 0 0.000 0.000 0.000 0.130 0 1 0 0 0 0
 179 46519.000 59048.000 0 0 0.000 0.000 0.000 0.137 0 1 0 0 0 0
 180 138148.000 43727.000 0 0 0.000 0.000 0.000 0.133 0 1 0 0 0 0
 181 167354.000 115398.000 0 0 0.000 0.000 0.000 0.134 0 1 0 0 0 0
 182 30750.000 97990.000 0 0 0.000 0.000 0.000 0.130 0 1 0 0 0 0
 183 169862.000 103064.000 0 0 0.000 0.000 0.000 0.149 0 1 0 0 0 0
 184 30807.000 85833.000 0 0 0.000 0.000 0.000 0.299 0 1 0 0 0 0
 185 166816.000 129014.000 0 0 0.000 0.000 0.000 0.143 0 1 0 0 0 0
 186 91115.000 173436.000 0 0 0.000 0.000 0.000 0.132 0 1 0 0 0 0
 187 45986.000 151500.000 0 0 0.000 0.000 0.000 0.144 0 1 0 0 0 0
 188 163043.000 142526.000 0 0 0.000 0.000 0.000 0.134 0 1 0 0 0 0
 189 79383.000 175828.000 0 0 0.000 0.000 0.000 0.135 0 1 0 0 0 0
 190 161327.000 50069.000 0 0 0.000 0.000 0.000 0.153 0 1 0 0 0 0
 191 112289.000 178335.000 0 0 0.000 0.000 0.000 0.235 0 1 0 0 0 0
 192 30014.000 58360.000 0 0 0.000 0.000 0.000 200000.000 0 1 0 200 0 0
 193 36740.000 47864.000 0 0 0.000 0.000 0.000 0.130 0 1 0 0 0 0
 194 38699.000 155424.000 0 0 0.000 0.000 0.000 0.134 0 1 0 0 0 0
 195 184866.000 102427.000 0 0 0.000 0.000 0.000 0.215 0 1 0 0 0 0
 196 43843.000 170727.000 0 0 0.000 0.000 0.000 0.134 0 1 0 0 0 0
 197 191371.000 123137.000 0 0 0.000 0.000 0.000 0.153 0 1 0 0 0 0;
ProcessEquipmentIDList 1
  "6565" ;
SummarySpec 5
  TESTNO    NDEFECT    DEFDENSITY    NDIE    NDEFDIE  ;
SummaryList 
  1    197    0.7202    1    1  ;
EndOfFile;
