FileVersion 1 2;
FileTimestamp 02-07-26 21:24:52;
InspectionStationID "KLA-Tencor" "SFSSP1" "0901-0728-TBI";
SampleType WAFER;
ResultTimestamp 02-07-26 21:16:08;
LotID "2580";
SampleSize 1 200;
DeviceID "None";
SetupID "T2-2580NR" 02-07-26 21:16:08;
StepID "7002";
SampleOrientationMarkType NOTCH;
OrientationMarkLocation DOWN;
DiePitch 200000 200000;
DieOrigin 0 0;
WaferID "11";
Slot 11;
SampleCenterLocation 100000 100000;
ClassLookup 1
  0 "0"  ;
OrientationInstructions "Front";
CoordinatesMirrored No;
InspectionTest 1;
SampleTestPlan 1
  0 0 ;
AreaPerTest 2.73528e+010;
ClusterClassificationList 11
  8 210 
  5 210 
  6 210 
  7 200 
  9 200 
  4 200 
  3 210 
  2 210 
  10 210 
  1 210 
  1000 200 ;
DefectRecordSpec 15 DEFECTID XREL YREL XINDEX YINDEX XSIZE YSIZE DEFECTAREA DSIZE CLASSNUMBER TEST CLUSTERNUMBER ROUGHBINNUMBER FINEBINNUMBER REVIEWSAMPLE ;
DefectList
 1 100850.000 103605.000 0 0 0.000 0.000 0.000 0.133 0 1 0 0 0 0
 2 97945.000 105822.000 0 0 0.000 0.000 0.000 0.130 0 1 0 0 0 0
 3 99068.000 92836.000 0 0 0.000 0.000 0.000 0.146 0 1 0 0 0 0
 4 98017.000 107707.000 0 0 0.000 0.000 0.000 0.140 0 1 0 0 0 0
 5 107931.000 96203.000 0 0 0.000 0.000 0.000 0.138 0 1 0 0 0 0
 6 92199.000 107422.000 0 0 0.000 0.000 0.000 0.132 0 1 0 0 0 0
 7 90240.000 94992.000 0 0 0.000 0.000 0.000 0.139 0 1 0 0 0 0
 8 97722.000 87500.000 0 0 0.000 0.000 0.000 0.137 0 1 0 0 0 0
 9 86876.000 101459.000 0 0 0.000 0.000 0.000 0.148 0 1 0 0 0 0
 10 91823.000 89144.000 0 0 0.000 0.000 0.000 0.134 0 1 0 0 0 0
 11 88208.000 90281.000 0 0 0.000 0.000 0.000 0.146 0 1 0 0 0 0
 12 85597.000 106056.000 0 0 0.000 0.000 0.000 0.149 0 1 0 0 0 0
 13 113397.000 109464.000 0 0 0.000 0.000 0.000 0.137 0 1 0 0 0 0
 14 92230.000 114297.000 0 0 0.000 0.000 0.000 0.136 0 1 0 0 0 0
 15 90193.000 114102.000 0 0 0.000 0.000 0.000 0.149 0 1 0 0 0 0
 16 94829.000 82964.000 0 0 0.000 0.000 0.000 0.152 0 1 0 0 0 0
 17 100474.000 118855.000 0 0 0.000 0.000 0.000 0.134 0 1 0 0 0 0
 18 114867.000 85810.000 0 0 0.000 0.000 0.000 0.133 0 1 0 0 0 0
 19 78657.000 99906.000 0 0 0.000 0.000 0.000 0.132 0 1 0 0 0 0
 20 96706.000 78221.000 0 0 0.000 0.000 0.000 0.136 0 1 0 0 0 0
 21 110806.000 119053.000 0 0 0.000 0.000 0.000 0.141 0 1 0 0 0 0
 22 86317.000 118177.000 0 0 0.000 0.000 0.000 0.137 0 1 0 0 0 0
 23 80499.000 111881.000 0 0 0.000 0.000 0.000 0.150 0 1 0 0 0 0
 24 117268.000 83236.000 0 0 0.000 0.000 0.000 0.132 0 1 0 0 0 0
 25 117817.000 83645.000 0 0 0.000 0.000 0.000 0.133 0 1 0 0 0 0
 26 116982.000 82080.000 0 0 0.000 0.000 0.000 0.140 0 1 0 0 0 0
 27 100016.000 74760.000 0 0 0.000 0.000 0.000 0.137 0 1 0 0 0 0
 28 105657.000 124232.000 0 0 0.000 0.000 0.000 0.138 0 1 0 0 0 0
 29 80137.000 114990.000 0 0 0.000 0.000 0.000 0.141 0 1 0 0 0 0
 30 75107.000 99076.000 0 0 0.000 0.000 0.000 0.142 0 1 0 0 0 0
 31 125532.000 97824.000 0 0 0.000 0.000 0.000 0.130 0 1 0 0 0 0
 32 118112.000 81480.000 0 0 0.000 0.000 0.000 0.134 0 1 0 0 0 0
 33 123573.000 110346.000 0 0 0.000 0.000 0.000 0.166 0 1 0 0 0 0
 34 87340.000 77023.000 0 0 0.000 0.000 0.000 0.147 0 1 0 0 0 0
 35 84063.000 78876.000 0 0 0.000 0.000 0.000 0.134 0 1 0 0 0 0
 36 81046.000 81391.000 0 0 0.000 0.000 0.000 0.131 0 1 0 0 0 0
 37 120650.000 82544.000 0 0 0.000 0.000 0.000 0.138 0 1 0 0 0 0
 38 101630.000 72812.000 0 0 0.000 0.000 0.000 0.135 0 1 0 0 0 0
 39 78564.000 116866.000 0 0 0.000 0.000 0.000 0.150 0 1 0 0 0 0
 40 79324.000 80740.000 0 0 0.000 0.000 0.000 0.146 0 1 0 0 0 0
 41 123182.000 116339.000 0 0 0.000 0.000 0.000 0.136 0 1 0 0 0 0
 42 92119.000 127274.000 0 0 0.000 0.000 0.000 0.138 0 1 0 0 0 0
 43 84490.000 123843.000 0 0 0.000 0.000 0.000 0.133 0 1 0 0 0 0
 44 87942.000 73904.000 0 0 0.000 0.000 0.000 0.132 0 1 0 0 0 0
 45 113619.000 74159.000 0 0 0.000 0.000 0.000 0.138 0 1 0 0 0 0
 46 84860.000 124410.000 0 0 0.000 0.000 0.000 0.139 0 1 0 0 0 0
 47 80779.000 77660.000 0 0 0.000 0.000 0.000 0.135 0 1 0 0 0 0
 48 92184.000 71437.000 0 0 0.000 0.000 0.000 0.133 0 1 0 0 0 0
 49 88136.000 126757.000 0 0 0.000 0.000 0.000 0.133 0 1 0 0 0 0
 50 80537.000 123348.000 0 0 0.000 0.000 0.000 0.139 0 1 0 0 0 0
 51 117275.000 73118.000 0 0 0.000 0.000 0.000 0.146 0 1 0 0 0 0
 52 73198.000 116717.000 0 0 0.000 0.000 0.000 0.136 0 1 0 0 0 0
 53 71684.000 116514.000 0 0 0.000 0.000 0.000 0.141 0 1 0 0 0 0
 54 122375.000 74272.000 0 0 0.000 0.000 0.000 0.132 0 1 0 0 0 0
 55 71628.000 119296.000 0 0 0.000 0.000 0.000 0.137 0 1 0 0 0 0
 56 111016.000 132672.000 0 0 0.000 0.000 0.000 0.130 0 1 0 0 0 0
 57 71759.000 120383.000 0 0 0.000 0.000 0.000 0.152 0 1 0 0 0 0
 58 115467.000 131396.000 0 0 0.000 0.000 0.000 0.130 0 1 0 0 0 0
 59 123641.000 126121.000 0 0 0.000 0.000 0.000 0.131 0 1 0 0 0 0
 60 85480.000 132625.000 0 0 0.000 0.000 0.000 0.134 0 1 0 0 0 0
 61 65711.000 110382.000 0 0 0.000 0.000 0.000 0.149 0 1 0 0 0 0
 62 125196.000 73888.000 0 0 0.000 0.000 0.000 0.131 0 1 0 0 0 0
 63 68039.000 82745.000 0 0 0.000 0.000 0.000 0.144 0 1 0 0 0 0
 64 135672.000 108120.000 0 0 0.000 0.000 0.000 0.141 0 1 0 0 0 0
 65 105302.000 63001.000 0 0 0.000 0.000 0.000 0.130 0 1 0 0 0 0
 66 126302.000 127056.000 0 0 0.000 0.000 0.000 0.135 0 1 0 0 0 0
 67 117609.000 133675.000 0 0 0.000 0.000 0.000 0.134 0 1 0 0 0 0
 68 82974.000 133744.000 0 0 0.000 0.000 0.000 0.131 0 1 0 0 0 0
 69 138289.000 94144.000 0 0 0.000 0.000 0.000 0.143 0 1 0 0 0 0
 70 111115.000 137193.000 0 0 0.000 0.000 0.000 0.138 0 1 0 0 0 0
 71 95784.000 60606.000 0 0 0.000 0.000 0.000 0.133 0 1 0 0 0 0
 72 136866.000 114857.000 0 0 0.000 0.000 0.000 0.133 0 1 0 0 0 0
 73 97124.000 139837.000 0 0 0.000 0.000 0.000 0.134 0 1 0 0 0 0
 74 121874.000 65897.000 0 0 0.000 0.000 0.000 0.145 0 1 0 0 0 0
 75 63285.000 83327.000 0 0 0.000 0.000 0.000 0.153 0 1 0 0 0 0
 76 86760.000 61511.000 0 0 0.000 0.000 0.000 0.131 0 1 0 0 0 0
 77 136487.000 81533.000 0 0 0.000 0.000 0.000 0.148 0 1 0 0 0 0
 78 132176.000 125681.000 0 0 0.000 0.000 0.000 0.135 0 1 0 0 0 0
 79 82454.000 62387.000 0 0 0.000 0.000 0.000 0.138 0 1 0 0 0 0
 80 104835.000 58723.000 0 0 0.000 0.000 0.000 0.131 0 1 0 0 0 0
 81 60850.000 85026.000 0 0 0.000 0.000 0.000 0.130 0 1 0 0 0 0
 82 117567.000 138123.000 0 0 0.000 0.000 0.000 0.130 0 1 0 0 0 0
 83 67060.000 73284.000 0 0 0.000 0.000 0.000 0.151 0 1 0 0 0 0
 84 116637.000 140596.000 0 0 0.000 0.000 0.000 0.136 0 1 0 0 0 0
 85 143986.000 91886.000 0 0 0.000 0.000 0.000 0.133 0 1 0 0 0 0
 86 86860.000 142555.000 0 0 0.000 0.000 0.000 0.147 0 1 0 0 0 0
 87 137844.000 72499.000 0 0 0.000 0.000 0.000 0.146 0 1 0 0 0 0
 88 142259.000 80060.000 0 0 0.000 0.000 0.000 0.144 0 1 0 0 0 0
 89 58014.000 79238.000 0 0 0.000 0.000 0.000 0.138 0 1 0 0 0 0
 90 141493.000 77640.000 0 0 0.000 0.000 0.000 0.132 0 1 0 0 0 0
 91 118983.000 143140.000 0 0 0.000 0.000 0.000 0.139 0 1 0 0 0 0
 92 69568.000 135907.000 0 0 0.000 0.000 0.000 0.139 0 1 0 0 0 0
 93 146965.000 91333.000 0 0 0.000 0.000 0.000 0.131 0 1 0 0 0 0
 94 129030.000 137584.000 0 0 0.000 0.000 0.000 0.135 0 1 0 0 0 0
 95 116964.000 145081.000 0 0 0.000 0.000 0.000 0.136 0 1 0 0 0 0
 96 127672.000 59937.000 0 0 0.000 0.000 0.000 0.138 0 1 0 0 0 0
 97 104787.000 148084.000 0 0 0.000 0.000 0.000 0.139 0 1 0 0 0 0
 98 137704.000 68849.000 0 0 0.000 0.000 0.000 0.150 0 1 0 0 0 0
 99 53775.000 115478.000 0 0 0.000 0.000 0.000 0.143 0 1 0 0 0 0
 100 125341.000 57882.000 0 0 0.000 0.000 0.000 0.137 0 1 0 0 0 0
 101 51357.000 90868.000 0 0 0.000 0.000 0.000 0.136 0 1 0 0 0 0
 102 147186.000 115578.000 0 0 0.000 0.000 0.000 0.136 0 1 0 0 0 0
 103 76447.000 143445.000 0 0 0.000 0.000 0.000 0.133 0 1 0 0 0 0
 104 72720.000 141656.000 0 0 0.000 0.000 0.000 0.132 0 1 0 0 0 0
 105 95768.000 48479.000 0 0 0.000 0.000 0.000 0.141 0 1 0 0 0 0
 106 83639.000 150372.000 0 0 0.000 0.000 0.000 0.146 0 1 0 0 0 0
 107 119800.000 50043.000 0 0 0.000 0.000 0.000 0.222 0 1 0 0 0 0
 108 98323.000 153692.000 0 0 0.000 0.000 0.000 0.132 0 1 0 0 0 0
 109 105515.000 153747.000 0 0 0.000 0.000 0.000 0.130 0 1 0 0 0 0
 110 125650.000 51377.000 0 0 0.000 0.000 0.000 0.130 0 1 0 0 0 0
 111 78487.000 47804.000 0 0 0.000 0.000 0.000 0.137 0 1 0 0 0 0
 112 45547.000 85605.000 0 0 0.000 0.000 0.000 0.130 0 1 0 0 0 0
 113 115734.000 45697.000 0 0 0.000 0.000 0.000 0.130 0 1 0 0 0 0
 114 43723.000 113060.000 0 0 0.000 0.000 0.000 0.133 0 1 0 0 0 0
 115 83818.000 155604.000 0 0 0.000 0.000 0.000 0.131 0 1 0 0 0 0
 116 103132.000 39607.000 0 0 0.000 0.000 0.000 0.131 0 1 0 0 0 0
 117 68613.000 48281.000 0 0 0.000 0.000 0.000 0.154 0 1 0 0 0 0
 118 40861.000 85431.000 0 0 0.000 0.000 0.000 0.131 0 1 0 0 0 0
 119 159068.000 81735.000 0 0 0.000 0.000 0.000 0.132 0 1 0 0 0 0
 120 142153.000 146035.000 0 0 0.000 0.000 0.000 200000.000 0 1 0 200 0 0
 121 38214.000 109630.000 0 0 0.000 0.000 0.000 0.130 0 1 0 0 0 0
 122 162086.000 111256.000 0 0 0.000 0.000 0.000 0.139 0 1 0 0 0 0
 123 78510.000 39809.000 0 0 0.000 0.000 0.000 0.142 0 1 0 0 0 0
 124 114481.000 161869.000 0 0 0.000 0.000 0.000 0.135 0 1 0 0 0 0
 125 136622.000 47246.000 0 0 0.000 0.000 0.000 0.132 0 1 0 0 0 0
 126 115628.000 37246.000 0 0 0.000 0.000 0.000 0.149 0 1 0 0 0 0
 127 163661.000 112063.000 0 0 0.000 0.000 0.000 0.131 0 1 0 0 0 0
 128 166090.000 101296.000 0 0 0.000 0.000 0.000 0.137 0 1 0 0 0 0
 129 61617.000 153731.000 0 0 0.000 0.000 0.000 0.254 0 1 0 0 0 0
 130 105225.000 33221.000 0 0 0.000 0.000 0.000 0.130 0 1 0 0 0 0
 131 71790.000 160774.000 0 0 0.000 0.000 0.000 0.141 0 1 0 0 0 0
 132 166520.000 101325.000 0 0 0.000 0.000 0.000 200000.000 0 1 0 200 0 0
 133 154658.000 139963.000 0 0 0.000 0.000 0.000 0.133 0 1 0 0 0 0
 134 76481.000 35813.000 0 0 40.000 56.000 2240.000 47.328 0 1 8 210 0 0
 135 76696.000 35754.000 0 0 40.000 56.000 2240.000 47.328 0 1 8 210 0 0
 136 77132.000 35635.000 0 0 40.000 56.000 2240.000 47.328 0 1 8 210 0 0
 137 77212.000 35605.000 0 0 40.000 56.000 2240.000 47.328 0 1 8 210 0 0
 138 76403.000 35838.000 0 0 40.000 56.000 2240.000 47.328 0 1 8 210 0 0
 139 76099.000 35912.000 0 0 40.000 56.000 2240.000 47.328 0 1 8 210 0 0
 140 74951.000 36220.000 0 0 42.000 56.000 2352.000 48.497 0 1 8 210 0 0
 141 72878.000 36764.000 0 0 42.000 54.000 2268.000 47.623 0 1 8 210 0 0
 142 73516.000 36586.000 0 0 42.000 56.000 2352.000 48.497 0 1 8 210 0 0
 143 73621.000 36562.000 0 0 42.000 56.000 2352.000 48.497 0 1 8 210 0 0
 144 73741.000 36533.000 0 0 42.000 56.000 2352.000 48.497 0 1 8 210 0 0
 145 71605.000 37083.000 0 0 42.000 54.000 2268.000 47.623 0 1 8 210 0 0
 146 72424.000 36869.000 0 0 42.000 54.000 2268.000 47.623 0 1 8 210 0 0
 147 72409.000 36876.000 0 0 42.000 54.000 2268.000 47.623 0 1 8 210 0 0
 148 78250.000 34527.000 0 0 38.000 54.000 2052.000 45.299 0 1 8 210 0 0
 149 78736.000 34382.000 0 0 38.000 54.000 2052.000 45.299 0 1 8 210 0 0
 150 79339.000 34229.000 0 0 38.000 54.000 2052.000 45.299 0 1 8 210 0 0
 151 79523.000 34178.000 0 0 38.000 54.000 2052.000 45.299 0 1 8 210 0 0
 152 79761.000 34113.000 0 0 38.000 54.000 2052.000 45.299 0 1 8 210 0 0
 153 79692.000 34132.000 0 0 38.000 54.000 2052.000 45.299 0 1 8 210 0 0
 154 79825.000 34096.000 0 0 38.000 54.000 2052.000 45.299 0 1 8 210 0 0
 155 79898.000 34074.000 0 0 38.000 54.000 2052.000 45.299 0 1 8 210 0 0
 156 80069.000 34027.000 0 0 38.000 54.000 2052.000 45.299 0 1 8 210 0 0
 157 79859.000 34366.000 0 0 38.000 54.000 2052.000 45.299 0 1 8 210 0 0
 158 69543.000 37586.000 0 0 42.000 56.000 2352.000 48.497 0 1 8 210 0 0
 159 69876.000 37512.000 0 0 42.000 56.000 2352.000 48.497 0 1 8 210 0 0
 160 68965.000 37730.000 0 0 44.000 56.000 2464.000 49.638 0 1 8 210 0 0
 161 68965.000 37730.000 0 0 44.000 56.000 2464.000 49.638 0 1 8 210 0 0
 162 67687.000 38025.000 0 0 44.000 56.000 2464.000 49.638 0 1 8 210 0 0
 163 67955.000 38010.000 0 0 44.000 56.000 2464.000 49.638 0 1 8 210 0 0
 164 68228.000 37935.000 0 0 44.000 56.000 2464.000 49.638 0 1 8 210 0 0
 165 67058.000 38167.000 0 0 44.000 56.000 2464.000 49.638 0 1 8 210 0 0
 166 67342.000 38158.000 0 0 44.000 56.000 2464.000 49.638 0 1 8 210 0 0
 167 66676.000 38326.000 0 0 44.000 54.000 2376.000 48.744 0 1 8 210 0 0
 168 66234.000 38421.000 0 0 46.000 54.000 2484.000 49.839 0 1 8 210 0 0
 169 65393.000 38601.000 0 0 46.000 54.000 2484.000 49.839 0 1 8 210 0 0
 170 65541.000 38561.000 0 0 46.000 54.000 2484.000 49.839 0 1 8 210 0 0
 171 64826.000 38730.000 0 0 46.000 54.000 2484.000 49.839 0 1 8 210 0 0
 172 64489.000 38811.000 0 0 46.000 56.000 2576.000 50.754 0 1 8 210 0 0
 173 62514.000 39274.000 0 0 48.000 56.000 2688.000 51.845 0 1 8 210 0 0
 174 63008.000 39153.000 0 0 46.000 56.000 2576.000 50.754 0 1 8 210 0 0
 175 88006.000 29631.000 0 0 32.000 54.000 1728.000 41.569 0 1 5 210 0 0
 176 88294.000 29593.000 0 0 32.000 52.000 1664.000 40.792 0 1 5 210 0 0
 177 88374.000 29580.000 0 0 32.000 52.000 1664.000 40.792 0 1 5 210 0 0
 178 77335.000 32120.000 0 0 38.000 54.000 2052.000 45.299 0 1 6 210 0 0
 179 77813.000 31986.000 0 0 38.000 54.000 2052.000 45.299 0 1 6 210 0 0
 180 77878.000 31964.000 0 0 38.000 54.000 2052.000 45.299 0 1 6 210 0 0
 181 77976.000 31934.000 0 0 38.000 54.000 2052.000 45.299 0 1 6 210 0 0
 182 78551.000 31767.000 0 0 38.000 54.000 2052.000 45.299 0 1 6 210 0 0
 183 78093.000 31895.000 0 0 38.000 54.000 2052.000 45.299 0 1 6 210 0 0
 184 78281.000 31845.000 0 0 38.000 54.000 2052.000 45.299 0 1 6 210 0 0
 185 78440.000 31801.000 0 0 38.000 54.000 2052.000 45.299 0 1 6 210 0 0
 186 78803.000 31700.000 0 0 38.000 54.000 2052.000 45.299 0 1 6 210 0 0
 187 78830.000 31684.000 0 0 38.000 54.000 2052.000 45.299 0 1 6 210 0 0
 188 79156.000 31604.000 0 0 38.000 54.000 2052.000 45.299 0 1 6 210 0 0
 189 79400.000 31535.000 0 0 38.000 54.000 2052.000 45.299 0 1 6 210 0 0
 190 79491.000 31508.000 0 0 38.000 54.000 2052.000 45.299 0 1 6 210 0 0
 191 75604.000 32578.000 0 0 40.000 56.000 2240.000 47.328 0 1 7 200 0 0
 192 62194.000 39324.000 0 0 48.000 56.000 2688.000 51.845 0 1 8 210 0 0
 193 75946.000 32485.000 0 0 40.000 56.000 2240.000 47.328 0 1 7 200 0 0
 194 90461.000 28925.000 0 0 30.000 52.000 1560.000 39.496 0 1 5 210 0 0
 195 79176.000 31907.000 0 0 38.000 54.000 2052.000 45.299 0 1 6 210 0 0
 196 90610.000 28905.000 0 0 30.000 52.000 1560.000 39.496 0 1 5 210 0 0
 197 30224.000 83463.000 0 0 0.000 0.000 0.000 0.131 0 1 0 0 0 0
 198 163527.000 134188.000 0 0 0.000 0.000 0.000 0.131 0 1 0 0 0 0
 199 101883.000 26323.000 0 0 0.000 0.000 0.000 0.149 0 1 0 0 0 0
 200 163538.000 138146.000 0 0 0.000 0.000 0.000 0.208 0 1 0 0 0 0
 201 56439.000 39823.000 0 0 48.000 56.000 2688.000 51.845 0 1 9 200 0 0
 202 56515.000 39806.000 0 0 48.000 56.000 2688.000 51.845 0 1 9 200 0 0
 203 55557.000 40007.000 0 0 48.000 56.000 2688.000 51.845 0 1 9 200 0 0
 204 40564.000 54301.000 0 0 0.000 0.000 0.000 0.134 0 1 0 0 0 0
 205 110407.000 24001.000 0 0 30.000 52.000 1560.000 39.496 0 1 4 200 0 0
 206 110492.000 23977.000 0 0 30.000 52.000 1560.000 39.496 0 1 4 200 0 0
 207 110854.000 23826.000 0 0 30.000 52.000 1560.000 39.496 0 1 4 200 0 0
 208 95323.000 22846.000 0 0 26.000 50.000 1300.000 36.055 0 1 3 210 0 0
 209 95647.000 22740.000 0 0 26.000 50.000 1300.000 36.055 0 1 3 210 0 0
 210 111522.000 23556.000 0 0 30.000 52.000 1560.000 39.496 0 1 4 200 0 0
 211 111651.000 23495.000 0 0 30.000 52.000 1560.000 39.496 0 1 4 200 0 0
 212 96207.000 22543.000 0 0 26.000 50.000 1300.000 36.055 0 1 3 210 0 0
 213 96060.000 22573.000 0 0 26.000 50.000 1300.000 36.055 0 1 3 210 0 0
 214 96214.000 22543.000 0 0 26.000 50.000 1300.000 36.055 0 1 3 210 0 0
 215 96573.000 22401.000 0 0 26.000 50.000 1300.000 36.055 0 1 3 210 0 0
 216 96372.000 22478.000 0 0 26.000 50.000 1300.000 36.055 0 1 3 210 0 0
 217 96568.000 22399.000 0 0 26.000 50.000 1300.000 36.055 0 1 3 210 0 0
 218 96641.000 22367.000 0 0 26.000 50.000 1300.000 36.055 0 1 3 210 0 0
 219 96843.000 22302.000 0 0 26.000 50.000 1300.000 36.055 0 1 3 210 0 0
 220 96953.000 22268.000 0 0 24.000 50.000 1200.000 34.641 0 1 3 210 0 0
 221 111206.000 22912.000 0 0 30.000 52.000 1560.000 39.496 0 1 4 200 0 0
 222 101827.000 20451.000 0 0 24.000 50.000 1200.000 34.641 0 1 2 210 0 0
 223 101914.000 20437.000 0 0 24.000 50.000 1200.000 34.641 0 1 2 210 0 0
 224 102261.000 20290.000 0 0 24.000 50.000 1200.000 34.641 0 1 2 210 0 0
 225 102566.000 20182.000 0 0 24.000 50.000 1200.000 34.641 0 1 2 210 0 0
 226 102782.000 20107.000 0 0 24.000 50.000 1200.000 34.641 0 1 2 210 0 0
 227 102809.000 20106.000 0 0 24.000 50.000 1200.000 34.641 0 1 2 210 0 0
 228 102922.000 20043.000 0 0 24.000 50.000 1200.000 34.641 0 1 2 210 0 0
 229 103124.000 19968.000 0 0 24.000 50.000 1200.000 34.641 0 1 2 210 0 0
 230 103213.000 19945.000 0 0 26.000 50.000 1300.000 36.055 0 1 2 210 0 0
 231 103541.000 19809.000 0 0 26.000 50.000 1300.000 36.055 0 1 2 210 0 0
 232 103556.000 19810.000 0 0 26.000 50.000 1300.000 36.055 0 1 2 210 0 0
 233 104082.000 19603.000 0 0 26.000 50.000 1300.000 36.055 0 1 2 210 0 0
 234 104006.000 19637.000 0 0 26.000 50.000 1300.000 36.055 0 1 2 210 0 0
 235 104247.000 19522.000 0 0 26.000 50.000 1300.000 36.055 0 1 2 210 0 0
 236 104341.000 19506.000 0 0 26.000 50.000 1300.000 36.055 0 1 2 210 0 0
 237 104432.000 19465.000 0 0 26.000 50.000 1300.000 36.055 0 1 2 210 0 0
 238 104642.000 19370.000 0 0 26.000 50.000 1300.000 36.055 0 1 2 210 0 0
 239 105005.000 19248.000 0 0 26.000 50.000 1300.000 36.055 0 1 2 210 0 0
 240 105145.000 19192.000 0 0 26.000 50.000 1300.000 36.055 0 1 2 210 0 0
 241 90723.000 180175.000 0 0 0.000 0.000 0.000 0.135 0 1 0 0 0 0
 242 105401.000 19059.000 0 0 26.000 50.000 1300.000 36.055 0 1 2 210 0 0
 243 105543.000 19031.000 0 0 26.000 50.000 1300.000 36.055 0 1 2 210 0 0
 244 105704.000 18955.000 0 0 26.000 50.000 1300.000 36.055 0 1 2 210 0 0
 245 105796.000 18917.000 0 0 26.000 50.000 1300.000 36.055 0 1 2 210 0 0
 246 106077.000 18803.000 0 0 26.000 50.000 1300.000 36.055 0 1 2 210 0 0
 247 106062.000 18802.000 0 0 26.000 50.000 1300.000 36.055 0 1 2 210 0 0
 248 106472.000 18646.000 0 0 26.000 50.000 1300.000 36.055 0 1 2 210 0 0
 249 106718.000 18554.000 0 0 28.000 50.000 1400.000 37.416 0 1 2 210 0 0
 250 106888.000 18488.000 0 0 28.000 52.000 1456.000 38.157 0 1 2 210 0 0
 251 106994.000 18444.000 0 0 28.000 52.000 1456.000 38.157 0 1 2 210 0 0
 252 107331.000 18316.000 0 0 28.000 52.000 1456.000 38.157 0 1 2 210 0 0
 253 107463.000 18252.000 0 0 28.000 52.000 1456.000 38.157 0 1 2 210 0 0
 254 107857.000 18092.000 0 0 28.000 52.000 1456.000 38.157 0 1 2 210 0 0
 255 107970.000 18071.000 0 0 28.000 52.000 1456.000 38.157 0 1 2 210 0 0
 256 108220.000 17940.000 0 0 28.000 52.000 1456.000 38.157 0 1 2 210 0 0
 257 108221.000 17932.000 0 0 28.000 52.000 1456.000 38.157 0 1 2 210 0 0
 258 108650.000 17770.000 0 0 28.000 52.000 1456.000 38.157 0 1 2 210 0 0
 259 108350.000 17903.000 0 0 28.000 52.000 1456.000 38.157 0 1 2 210 0 0
 260 36762.000 46697.000 0 0 0.000 0.000 0.000 0.141 0 1 0 0 0 0
 261 109062.000 17599.000 0 0 28.000 52.000 1456.000 38.157 0 1 2 210 0 0
 262 109062.000 17600.000 0 0 28.000 52.000 1456.000 38.157 0 1 2 210 0 0
 263 109315.000 17508.000 0 0 28.000 52.000 1456.000 38.157 0 1 2 210 0 0
 264 109460.000 17432.000 0 0 28.000 52.000 1456.000 38.157 0 1 2 210 0 0
 265 109545.000 17395.000 0 0 28.000 52.000 1456.000 38.157 0 1 2 210 0 0
 266 109618.000 17374.000 0 0 28.000 52.000 1456.000 38.157 0 1 2 210 0 0
 267 109805.000 17285.000 0 0 28.000 52.000 1456.000 38.157 0 1 2 210 0 0
 268 110402.000 17033.000 0 0 30.000 52.000 1560.000 39.496 0 1 2 210 0 0
 269 110622.000 16952.000 0 0 30.000 52.000 1560.000 39.496 0 1 2 210 0 0
 270 110722.000 16903.000 0 0 30.000 52.000 1560.000 39.496 0 1 2 210 0 0
 271 111008.000 16784.000 0 0 30.000 52.000 1560.000 39.496 0 1 2 210 0 0
 272 111099.000 16740.000 0 0 30.000 52.000 1560.000 39.496 0 1 2 210 0 0
 273 111350.000 16649.000 0 0 30.000 52.000 1560.000 39.496 0 1 2 210 0 0
 274 110415.000 17317.000 0 0 30.000 52.000 1560.000 39.496 0 1 2 210 0 0
 275 111741.000 16463.000 0 0 30.000 52.000 1560.000 39.496 0 1 2 210 0 0
 276 112852.000 15999.000 0 0 30.000 52.000 1560.000 39.496 0 1 2 210 0 0
 277 113124.000 15891.000 0 0 30.000 52.000 1560.000 39.496 0 1 2 210 0 0
 278 113462.000 15733.000 0 0 30.000 52.000 1560.000 39.496 0 1 2 210 0 0
 279 113831.000 15574.000 0 0 32.000 52.000 1664.000 40.792 0 1 2 210 0 0
 280 185368.000 92141.000 0 0 0.000 0.000 0.000 200000.000 0 1 0 200 0 0
 281 17931.000 125166.000 0 0 0.000 0.000 0.000 0.145 0 1 0 0 0 0
 282 148175.000 171477.000 0 0 0.000 0.000 0.000 0.201 0 1 0 0 0 0
 283 31865.000 45372.000 0 0 0.000 0.000 0.000 0.163 0 1 0 0 0 0
 284 31576.000 43190.000 0 0 54.000 50.000 2700.000 51.961 0 1 10 210 0 0
 285 31682.000 43074.000 0 0 54.000 51.000 2754.000 52.478 0 1 10 210 0 0
 286 31816.000 42919.000 0 0 54.000 52.000 2808.000 52.990 0 1 10 210 0 0
 287 31922.000 42791.000 0 0 54.000 52.000 2808.000 52.990 0 1 10 210 0 0
 288 31987.000 42713.000 0 0 54.000 52.000 2808.000 52.990 0 1 10 210 0 0
 289 29404.000 45680.000 0 0 54.000 50.000 2700.000 51.961 0 1 10 210 0 0
 290 29511.000 45558.000 0 0 54.000 50.000 2700.000 51.961 0 1 10 210 0 0
 291 29669.000 45377.000 0 0 54.000 50.000 2700.000 51.961 0 1 10 210 0 0
 292 28480.000 46748.000 0 0 56.000 48.000 2688.000 51.845 0 1 10 210 0 0
 293 47791.000 27519.000 0 0 0.000 0.000 0.000 0.136 0 1 0 0 0 0
 294 28635.000 46565.000 0 0 56.000 48.000 2688.000 51.845 0 1 10 210 0 0
 295 29967.000 45497.000 0 0 54.000 50.000 2700.000 51.961 0 1 10 210 0 0
 296 47850.000 27476.000 0 0 0.000 0.000 0.000 0.130 0 1 0 0 0 0
 297 47946.000 27317.000 0 0 0.000 0.000 0.000 0.200 0 1 0 0 0 0
 298 129068.000 15117.000 0 0 40.000 54.000 2160.000 46.475 0 1 1 210 0 0
 299 29394.000 45895.000 0 0 54.000 50.000 2700.000 51.961 0 1 10 210 0 0
 300 141383.000 179536.000 0 0 0.000 0.000 0.000 0.131 0 1 0 0 0 0
 301 129853.000 14756.000 0 0 40.000 54.000 2160.000 46.475 0 1 1 210 0 0
 302 129964.000 14688.000 0 0 40.000 54.000 2160.000 46.475 0 1 1 210 0 0
 303 130083.000 14637.000 0 0 40.000 54.000 2160.000 46.475 0 1 1 210 0 0
 304 130360.000 14501.000 0 0 40.000 56.000 2240.000 47.328 0 1 1 210 0 0
 305 130453.000 14447.000 0 0 40.000 56.000 2240.000 47.328 0 1 1 210 0 0
 306 130608.000 14376.000 0 0 40.000 56.000 2240.000 47.328 0 1 1 210 0 0
 307 131064.000 14149.000 0 0 40.000 56.000 2240.000 47.328 0 1 1 210 0 0
 308 16248.000 60135.000 0 0 56.000 42.000 2352.000 48.497 0 1 10 210 0 0
 309 22450.000 48860.000 0 0 0.000 0.000 0.000 0.160 0 1 0 0 0 0
 310 16085.000 60328.000 0 0 56.000 42.000 2352.000 48.497 0 1 10 210 0 0
 311 16572.000 60221.000 0 0 56.000 42.000 2352.000 48.497 0 1 10 210 0 0
 312 22084.000 48891.000 0 0 0.000 0.000 0.000 0.142 0 1 0 0 0 0
 313 15407.000 61056.000 0 0 56.000 42.000 2352.000 48.497 0 1 10 210 0 0
 314 15504.000 60913.000 0 0 56.000 42.000 2352.000 48.497 0 1 10 210 0 0
 315 21915.000 48909.000 0 0 0.000 0.000 0.000 0.133 0 1 0 0 0 0
 316 15203.000 61256.000 0 0 54.000 42.000 2268.000 47.623 0 1 10 210 0 0
 317 15281.000 61165.000 0 0 56.000 42.000 2352.000 48.497 0 1 10 210 0 0
 318 14666.000 61830.000 0 0 54.000 42.000 2268.000 47.623 0 1 10 210 0 0
 319 21747.000 48929.000 0 0 0.000 0.000 0.000 0.136 0 1 0 0 0 0
 320 15031.000 61449.000 0 0 54.000 42.000 2268.000 47.623 0 1 10 210 0 0
 321 14348.000 62166.000 0 0 54.000 42.000 2268.000 47.623 0 1 10 210 0 0
 322 14546.000 61944.000 0 0 54.000 42.000 2268.000 47.623 0 1 10 210 0 0
 323 14022.000 62514.000 0 0 54.000 40.000 2160.000 46.475 0 1 10 210 0 0
 324 14080.000 62431.000 0 0 54.000 42.000 2268.000 47.623 0 1 10 210 0 0
 325 13865.000 62651.000 0 0 54.000 42.000 2268.000 47.623 0 1 10 210 0 0
 326 13919.000 62602.000 0 0 54.000 42.000 2268.000 47.623 0 1 10 210 0 0
 327 13596.000 62933.000 0 0 54.000 42.000 2268.000 47.623 0 1 10 210 0 0
 328 12956.000 63604.000 0 0 56.000 42.000 2352.000 48.497 0 1 10 210 0 0
 329 13129.000 63422.000 0 0 56.000 42.000 2352.000 48.497 0 1 10 210 0 0
 330 12743.000 63840.000 0 0 56.000 42.000 2352.000 48.497 0 1 10 210 0 0
 331 12797.000 63754.000 0 0 56.000 42.000 2352.000 48.497 0 1 10 210 0 0
 332 12435.000 64144.000 0 0 56.000 42.000 2352.000 48.497 0 1 10 210 0 0
 333 11833.000 64735.000 0 0 56.000 42.000 2352.000 48.497 0 1 10 210 0 0
 334 78800.000 34703.000 0 0 12.516 4.063 50.867 7.132 0 1 8 210 0 0
 335 78915.000 34665.000 0 0 12.524 4.041 50.621 7.114 0 1 8 210 0 0
 336 79003.000 34637.000 0 0 18.794 6.037 113.468 10.652 0 1 8 210 0 0
 337 79281.000 34548.000 0 0 207.080 65.551 13574.495 116.509 0 1 8 210 0 0
 338 78860.000 34509.000 0 0 956.181 308.655 295130.202 543.258 0 1 8 210 0 0
 339 78838.000 34333.000 0 0 12.587 4.056 51.063 7.145 0 1 8 210 0 0
 340 79044.000 34266.000 0 0 28.366 9.043 256.538 16.016 0 1 8 210 0 0
 341 79103.000 34246.000 0 0 21.038 6.686 140.670 11.860 0 1 8 210 0 0
 342 79130.000 34238.000 0 0 12.605 4.000 50.432 7.101 0 1 8 210 0 0
 343 79163.000 34227.000 0 0 40.991 12.986 532.334 23.072 0 1 8 210 0 0
 344 66473.000 38777.000 0 0 23.471 12.853 301.702 17.369 0 1 8 210 0 0
 345 66059.000 38812.000 0 0 87.997 48.812 4295.419 65.539 0 1 8 210 0 0
 346 66277.000 38690.000 0 0 267.442 147.104 39341.863 198.347 0 1 8 210 0 0
 347 65397.000 38989.000 0 0 128.675 72.980 9390.802 96.906 0 1 8 210 0 0
 348 66111.000 38589.000 0 0 438.635 242.056 106174.603 325.844 0 1 8 210 0 0
 349 64899.000 39081.000 0 0 122.644 70.666 8666.852 93.095 0 1 8 210 0 0
 350 65284.000 38859.000 0 0 193.440 109.835 21246.573 145.762 0 1 8 210 0 0
 351 65824.000 38553.000 0 0 26.516 14.748 391.081 19.775 0 1 8 210 0 0
 352 65955.000 38480.000 0 0 224.122 124.030 27797.871 166.726 0 1 8 210 0 0
 353 66095.000 38402.000 0 0 26.581 14.631 388.934 19.721 0 1 8 210 0 0
 354 66194.000 38348.000 0 0 94.574 51.858 4904.487 70.032 0 1 8 210 0 0
 355 64181.000 39305.000 0 0 14.557 8.591 125.070 11.183 0 1 8 210 0 0
 356 64265.000 39256.000 0 0 11.644 6.850 79.764 8.931 0 1 8 210 0 0
 357 64411.000 39169.000 0 0 90.385 52.879 4779.578 69.134 0 1 8 210 0 0
 358 64812.000 38935.000 0 0 245.904 141.702 34845.217 186.668 0 1 8 210 0 0
 359 65195.000 38715.000 0 0 205.645 116.791 24017.613 154.976 0 1 8 210 0 0
 360 63828.000 39318.000 0 0 14.554 8.675 126.276 11.237 0 1 8 210 0 0
 361 64138.000 39133.000 0 0 472.682 278.501 131642.761 362.826 0 1 8 210 0 0
 362 64697.000 38804.000 0 0 187.750 108.311 20335.475 142.602 0 1 8 210 0 0
 363 64828.000 38728.000 0 0 23.490 13.484 316.751 17.797 0 1 8 210 0 0
 364 63494.000 39322.000 0 0 247.240 148.746 36776.182 191.771 0 1 8 210 0 0
 365 64003.000 39017.000 0 0 558.352 329.587 184025.842 428.982 0 1 8 210 0 0
 366 63386.000 39188.000 0 0 288.325 173.598 50052.846 223.724 0 1 8 210 0 0
 367 63668.000 39017.000 0 0 55.540 33.090 1837.876 42.870 0 1 8 210 0 0
 368 63770.000 38955.000 0 0 58.537 34.742 2033.714 45.096 0 1 8 210 0 0
 369 63856.000 38905.000 0 0 17.567 10.392 182.572 13.511 0 1 8 210 0 0
 370 63920.000 38867.000 0 0 11.718 6.916 81.049 9.002 0 1 8 210 0 0
 371 62340.000 39634.000 0 0 23.143 14.438 334.149 18.279 0 1 8 210 0 0
 372 62420.000 39583.000 0 0 28.953 18.009 521.434 22.834 0 1 8 210 0 0
 373 63217.000 39091.000 0 0 23.351 14.101 329.300 18.146 0 1 8 210 0 0
 374 77992.000 32284.000 0 0 16.241 5.278 85.736 9.259 0 1 6 210 0 0
 375 78913.000 31990.000 0 0 120.639 37.405 4512.606 67.175 0 1 1000 200 0 0
 376 79033.000 31952.000 0 0 29.365 9.048 265.700 16.300 0 1 1000 200 0 0
 377 79203.000 31901.000 0 0 212.208 64.808 13752.913 117.272 0 1 1000 200 0 0
 378 79396.000 31841.000 0 0 19.598 5.924 116.107 10.775 0 1 1000 200 0 0
 379 81319.000 31312.000 0 0 3520.693 957.541 3371211.424 1836.085 0 1 1000 200 0 0
 380 83210.000 30791.000 0 0 152.599 37.021 5649.480 75.163 0 1 1000 200 0 0
 381 83628.000 30691.000 0 0 584.748 138.130 80771.826 284.203 0 1 1000 200 0 0
 382 84108.000 30578.000 0 0 259.561 59.418 15422.779 124.188 0 1 1000 200 0 0
 383 84402.000 30510.000 0 0 109.944 24.679 2713.400 52.090 0 1 1000 200 0 0
 384 84639.000 30458.000 0 0 39.991 8.834 353.287 18.795 0 1 1000 200 0 0
 385 84870.000 30406.000 0 0 16.692 3.629 60.576 7.783 0 1 1000 200 0 0
 386 84970.000 30385.000 0 0 70.075 15.130 1060.245 32.561 0 1 1000 200 0 0
 387 85298.000 30315.000 0 0 120.255 25.372 3051.114 55.236 0 1 1000 200 0 0
 388 85419.000 30287.000 0 0 10.039 2.099 21.081 4.591 0 1 1000 200 0 0
 389 62311.000 39452.000 0 0 174.155 108.406 18879.556 137.402 0 1 8 210 0 0
 390 76045.000 32774.000 0 0 164.350 58.565 9625.349 98.108 0 1 7 200 0 0
 391 77952.000 32120.000 0 0 231.044 75.044 17338.700 131.676 0 1 6 210 0 0
 392 83063.000 30805.000 0 0 8562.236 2095.837 17945052.840 4236.160 0 1 1000 200 0 0
 393 88965.000 29457.000 0 0 16.919 2.646 44.784 6.692 0 1 1000 200 0 0
 394 89643.000 29354.000 0 0 335.286 49.155 16481.039 128.378 0 1 5 210 0 0
 395 62160.000 39346.000 0 0 17.440 10.880 189.759 13.775 0 1 8 210 0 0
 396 75969.000 32621.000 0 0 219.635 78.333 17204.722 131.166 0 1 7 200 0 0
 397 77886.000 31961.000 0 0 16.319 5.304 86.560 9.303 0 1 6 210 0 0
 398 80648.000 31116.000 0 0 9.919 2.786 27.645 5.257 0 1 1000 200 0 0
 399 80688.000 31105.000 0 0 13.206 3.701 48.890 6.992 0 1 1000 200 0 0
 400 80714.000 31098.000 0 0 19.811 5.545 109.864 10.481 0 1 1000 200 0 0
 401 80762.000 31083.000 0 0 23.135 6.458 149.411 12.223 0 1 1000 200 0 0
 402 80814.000 31070.000 0 0 23.139 6.440 149.035 12.207 0 1 1000 200 0 0
 403 81235.000 30953.000 0 0 13.235 3.597 47.610 6.899 0 1 1000 200 0 0
 404 81398.000 30909.000 0 0 23.193 6.244 144.836 12.034 0 1 1000 200 0 0
 405 81487.000 30885.000 0 0 26.497 7.097 188.070 13.713 0 1 1000 200 0 0
 406 81543.000 30869.000 0 0 43.084 11.503 495.607 22.262 0 1 1000 200 0 0
 407 81606.000 30852.000 0 0 43.094 11.463 494.033 22.226 0 1 1000 200 0 0
 408 81755.000 30813.000 0 0 63.013 16.617 1047.098 32.358 0 1 1000 200 0 0
 409 82089.000 30725.000 0 0 591.129 152.838 90347.512 300.578 0 1 1000 200 0 0
 410 82412.000 30641.000 0 0 33.238 8.428 280.158 16.737 0 1 1000 200 0 0
 411 82453.000 30631.000 0 0 19.946 5.045 100.640 10.031 0 1 1000 200 0 0
 412 82519.000 30615.000 0 0 39.901 10.053 401.137 20.028 0 1 1000 200 0 0
 413 82553.000 30605.000 0 0 16.644 4.184 69.653 8.345 0 1 1000 200 0 0
 414 82587.000 30597.000 0 0 16.646 4.176 69.526 8.338 0 1 1000 200 0 0
 415 82630.000 30586.000 0 0 23.302 5.831 135.876 11.656 0 1 1000 200 0 0
 416 82709.000 30566.000 0 0 16.653 4.147 69.069 8.310 0 1 1000 200 0 0
 417 82750.000 30555.000 0 0 13.311 3.306 44.018 6.634 0 1 1000 200 0 0
 418 82799.000 30544.000 0 0 49.944 12.369 617.777 24.855 0 1 1000 200 0 0
 419 82839.000 30533.000 0 0 16.661 4.116 68.583 8.281 0 1 1000 200 0 0
 420 82920.000 30512.000 0 0 126.574 31.112 3938.093 62.754 0 1 1000 200 0 0
 421 83017.000 30488.000 0 0 36.659 8.956 328.354 18.120 0 1 1000 200 0 0
 422 83124.000 30462.000 0 0 163.338 39.640 6474.846 80.466 0 1 1000 200 0 0
 423 86071.000 29871.000 0 0 5630.658 1118.390 6297276.121 2509.437 0 1 1000 200 0 0
 424 88940.000 29289.000 0 0 20.331 3.180 64.662 8.041 0 1 1000 200 0 0
 425 84400.000 29987.000 0 0 16.792 3.741 62.833 7.926 0 1 1000 200 0 0
 426 84445.000 29978.000 0 0 20.133 4.472 90.055 9.489 0 1 1000 200 0 0
 427 84490.000 29967.000 0 0 13.424 2.973 39.913 6.317 0 1 1000 200 0 0
 428 84526.000 29959.000 0 0 30.225 6.677 201.846 14.207 0 1 1000 200 0 0
 429 84637.000 29935.000 0 0 137.714 30.198 4158.743 64.488 0 1 1000 200 0 0
 430 84725.000 29916.000 0 0 13.434 2.928 39.337 6.271 0 1 1000 200 0 0
 431 87397.000 29436.000 0 0 5248.930 937.509 4920922.079 2218.315 0 1 1000 200 0 0
 432 90022.000 28955.000 0 0 27.237 3.825 104.195 10.207 0 1 1000 200 0 0
 433 88576.000 29049.000 0 0 4732.807 762.067 3606717.399 1899.135 0 1 1000 200 0 0
 434 89599.000 28714.000 0 0 4419.939 644.941 2850603.401 1688.373 0 1 1000 200 0 0
 435 90549.000 28397.000 0 0 3896.785 514.374 2004408.467 1415.771 0 1 1000 200 0 0
 436 89893.000 28286.000 0 0 17.200 2.424 41.698 6.457 0 1 1000 200 0 0
 437 91598.000 28087.000 0 0 3378.988 394.802 1334031.942 1155.003 0 1 1000 200 0 0
 438 90916.000 27975.000 0 0 13.806 1.741 24.041 4.903 0 1 1000 200 0 0
 439 92415.000 27816.000 0 0 2976.275 312.776 930909.061 964.836 0 1 1000 200 0 0
 440 91767.000 27701.000 0 0 10.411 1.185 12.345 3.513 0 1 1000 200 0 0
 441 93152.000 27569.000 0 0 2753.751 260.354 716951.650 846.729 0 1 1000 200 0 0
 442 94545.000 27432.000 0 0 27.821 2.091 58.183 7.627 0 1 1000 200 0 0
 443 93746.000 27339.000 0 0 2274.699 195.803 445393.961 667.378 0 1 1000 200 0 0
 444 95004.000 27229.000 0 0 10.479 0.719 7.541 2.745 0 1 1000 200 0 0
 445 94103.000 27132.000 0 0 1537.381 124.419 191280.857 437.356 0 1 1000 200 0 0
 446 95233.000 27044.000 0 0 695.981 45.484 31656.706 177.923 0 1 1000 200 0 0
 447 94069.000 26959.000 0 0 21.001 1.705 35.819 5.984 0 1 1000 200 0 0
 448 94092.000 26957.000 0 0 17.519 1.417 24.826 4.982 0 1 1000 200 0 0
 449 94139.000 26953.000 0 0 21.003 1.685 35.398 5.949 0 1 1000 200 0 0
 450 95159.000 26884.000 0 0 1997.962 132.285 264301.445 514.102 0 1 1000 200 0 0
 451 94969.000 26719.000 0 0 21.070 1.446 30.483 5.521 0 1 1000 200 0 0
 452 95772.000 26672.000 0 0 1508.051 86.971 131157.524 362.156 0 1 1000 200 0 0
 453 96572.000 26624.000 0 0 87.927 4.107 361.184 19.004 0 1 1000 200 0 0
 454 96687.000 26618.000 0 0 28.133 1.270 35.742 5.978 0 1 1000 200 0 0
 455 96421.000 26468.000 0 0 1551.042 75.501 117105.508 342.206 0 1 1000 200 0 0
 456 97223.000 26425.000 0 0 49.362 1.863 91.979 9.590 0 1 1000 200 0 0
 457 96091.000 26308.000 0 0 17.675 0.937 16.572 4.070 0 1 1000 200 0 0
 458 96280.000 26297.000 0 0 14.128 0.713 10.077 3.174 0 1 1000 200 0 0
 459 97033.000 26267.000 0 0 1456.296 58.616 85362.844 292.169 0 1 1000 200 0 0
 460 96778.000 26103.000 0 0 10.641 0.464 4.939 2.222 0 1 1000 200 0 0
 461 96829.000 26102.000 0 0 28.331 1.215 34.450 5.869 0 1 1000 200 0 0
 462 97606.000 26075.000 0 0 1499.074 48.554 72787.001 269.790 0 1 1000 200 0 0
 463 98372.000 26047.000 0 0 21.263 0.468 9.956 3.155 0 1 1000 200 0 0
 464 97205.000 25914.000 0 0 24.870 0.938 23.339 4.831 0 1 1000 200 0 0
 465 97395.000 25907.000 0 0 14.202 0.499 7.095 2.663 0 1 1000 200 0 0
 466 98109.000 25890.000 0 0 1314.498 33.553 44105.454 210.012 0 1 1000 200 0 0
 467 98781.000 25869.000 0 0 17.780 0.292 5.199 2.280 0 1 1000 200 0 0
 468 56276.000 40060.000 0 0 244.233 178.159 43512.406 208.596 0 1 9 200 0 0
 469 98429.000 25710.000 0 0 1000.723 21.170 21185.550 145.552 0 1 1000 200 0 0
 470 55994.000 40057.000 0 0 270.113 198.299 53563.220 231.437 0 1 9 200 0 0
 471 56163.000 39930.000 0 0 8.650 6.312 54.608 7.389 0 1 9 200 0 0
 472 98707.000 25531.000 0 0 431.942 7.499 3239.471 56.916 0 1 1000 200 0 0
 473 55768.000 40010.000 0 0 11.499 8.478 97.502 9.874 0 1 9 200 0 0
 474 110360.000 24338.000 0 0 47.155 6.456 304.477 17.449 0 1 4 200 0 0
 475 110434.000 24176.000 0 0 265.347 36.516 9689.450 98.435 0 1 4 200 0 0
 476 110608.000 24200.000 0 0 18.180 2.544 46.257 6.801 0 1 4 200 0 0
 477 110681.000 24040.000 0 0 538.929 75.782 40841.642 202.093 0 1 4 200 0 0
 478 111032.000 23916.000 0 0 452.263 65.577 29658.436 172.216 0 1 4 200 0 0
 479 111279.000 23782.000 0 0 339.779 50.285 17085.884 130.712 0 1 4 200 0 0
 480 111437.000 23633.000 0 0 51.235 7.673 393.156 19.828 0 1 4 200 0 0
 481 104792.000 19533.000 0 0 192.885 11.487 2215.797 47.072 0 1 2 210 0 0
 482 104877.000 19366.000 0 0 42.525 2.572 109.383 10.458 0 1 2 210 0 0
 483 106245.000 18949.000 0 0 236.992 18.261 4327.842 65.786 0 1 2 210 0 0
 484 106357.000 18786.000 0 0 109.014 8.533 930.287 30.500 0 1 2 210 0 0
 485 106917.000 18661.000 0 0 214.445 18.236 3910.774 62.536 0 1 2 210 0 0
 486 107004.000 18498.000 0 0 50.794 4.365 221.734 14.890 0 1 2 210 0 0
 487 109836.000 17588.000 0 0 27.665 3.302 91.355 9.557 0 1 2 210 0 0
 488 109891.000 17596.000 0 0 27.662 3.320 91.856 9.584 0 1 2 210 0 0
 489 109988.000 17607.000 0 0 31.587 3.829 120.964 10.998 0 1 2 210 0 0
 490 109965.000 17433.000 0 0 252.882 30.521 7718.326 87.854 0 1 2 210 0 0
 491 110124.000 17453.000 0 0 11.887 1.458 17.332 4.163 0 1 2 210 0 0
 492 110184.000 17459.000 0 0 19.797 2.442 48.361 6.954 0 1 2 210 0 0
 493 109876.000 17252.000 0 0 27.778 3.315 92.101 9.596 0 1 2 210 0 0
 494 110092.000 17277.000 0 0 372.761 45.477 16952.091 130.200 0 1 2 210 0 0
 495 110053.000 17101.000 0 0 15.890 1.927 30.625 5.534 0 1 2 210 0 0
 496 110239.000 17125.000 0 0 111.243 13.744 1528.998 39.102 0 1 2 210 0 0
 497 111668.000 16796.000 0 0 43.880 6.153 270.041 16.432 0 1 2 210 0 0
 498 111737.000 16634.000 0 0 195.820 27.571 5398.959 73.477 0 1 2 210 0 0
 499 111722.000 16460.000 0 0 16.013 2.247 35.985 5.998 0 1 2 210 0 0
 500 112072.000 16509.000 0 0 236.124 34.141 8061.583 89.786 0 1 2 210 0 0
 501 112226.000 16531.000 0 0 20.020 2.932 58.711 7.662 0 1 2 210 0 0
 502 112165.000 16352.000 0 0 24.051 3.498 84.136 9.172 0 1 2 210 0 0
 503 112318.000 16374.000 0 0 256.563 37.791 9696.032 98.468 0 1 2 210 0 0
 504 112675.000 16254.000 0 0 313.116 47.392 14839.307 121.816 0 1 2 210 0 0
 505 113036.000 16310.000 0 0 36.115 5.625 203.185 14.254 0 1 2 210 0 0
 506 112965.000 16128.000 0 0 385.978 59.668 23030.753 151.758 0 1 2 210 0 0
 507 113110.000 15977.000 0 0 157.096 24.512 3850.814 62.054 0 1 2 210 0 0
 508 113125.000 15809.000 0 0 16.138 2.516 40.606 6.372 0 1 2 210 0 0
 509 113176.000 15814.000 0 0 20.191 3.160 63.812 7.988 0 1 2 210 0 0
 510 29146.000 46571.000 0 0 7.681 10.186 78.245 8.845 0 1 10 210 0 0
 511 29245.000 46442.000 0 0 10.266 13.562 139.244 11.800 0 1 10 210 0 0
 512 29350.000 46305.000 0 0 12.866 16.928 217.806 14.758 0 1 10 210 0 0
 513 29461.000 46155.000 0 0 7.741 10.141 78.505 8.860 0 1 10 210 0 0
 514 29534.000 46058.000 0 0 20.680 27.015 558.683 23.636 0 1 10 210 0 0
 515 29774.000 45748.000 0 0 57.210 74.055 4236.792 65.090 0 1 10 210 0 0
 516 29915.000 45564.000 0 0 91.330 117.586 10739.238 103.630 0 1 10 210 0 0
 517 29967.000 45497.000 0 0 7.835 10.068 78.894 8.882 0 1 10 210 0 0
 518 30835.000 44414.000 0 0 1673.255 2081.986 3483695.841 1866.466 0 1 10 210 0 0
 519 27911.000 47969.000 0 0 14.960 20.728 310.105 17.609 0 1 10 210 0 0
 520 28004.000 47842.000 0 0 9.998 13.800 137.986 11.746 0 1 10 210 0 0
 521 28191.000 47582.000 0 0 165.841 227.191 37677.830 194.107 0 1 10 210 0 0
 522 28386.000 47314.000 0 0 166.689 226.574 37767.520 194.338 0 1 10 210 0 0
 523 29143.000 46301.000 0 0 756.827 998.634 755793.920 869.364 0 1 10 210 0 0
 524 30233.000 44894.000 0 0 1371.078 1735.861 2380002.230 1542.725 0 1 10 210 0 0
 525 30961.000 43964.000 0 0 91.330 112.522 10276.744 101.374 0 1 10 210 0 0
 526 31018.000 43892.000 0 0 24.212 29.768 720.785 26.847 0 1 10 210 0 0
 527 31054.000 43848.000 0 0 37.686 46.273 1743.897 41.759 0 1 10 210 0 0
 528 31104.000 43787.000 0 0 51.197 62.748 3212.546 56.679 0 1 10 210 0 0
 529 31147.000 43733.000 0 0 8.089 9.898 80.076 8.948 0 1 10 210 0 0
 530 31180.000 43694.000 0 0 13.491 16.490 222.481 14.915 0 1 10 210 0 0
 531 31197.000 43670.000 0 0 13.497 16.485 222.516 14.916 0 1 10 210 0 0
 532 31235.000 43624.000 0 0 57.138 69.694 3982.249 63.105 0 1 10 210 0 0
 533 26915.000 49090.000 0 0 26.849 38.544 1034.890 32.169 0 1 10 210 0 0
 534 26953.000 49035.000 0 0 19.539 28.004 547.188 23.392 0 1 10 210 0 0
 535 26990.000 48980.000 0 0 12.225 17.494 213.867 14.624 0 1 10 210 0 0
 536 27147.000 48757.000 0 0 213.708 303.831 64931.267 254.816 0 1 10 210 0 0
 537 27946.000 47650.000 0 0 1377.795 1896.405 2612858.978 1616.434 0 1 10 210 0 0
 538 28877.000 46369.000 0 0 491.113 651.298 319861.588 565.563 0 1 10 210 0 0
 539 29159.000 45991.000 0 0 77.634 101.829 7905.541 88.913 0 1 10 210 0 0
 540 29266.000 45853.000 0 0 20.759 27.118 562.948 23.726 0 1 10 210 0 0
 541 29296.000 45812.000 0 0 31.175 40.676 1268.101 35.610 0 1 10 210 0 0
 542 29321.000 45777.000 0 0 10.394 13.548 140.823 11.866 0 1 10 210 0 0
 543 29333.000 45762.000 0 0 12.996 16.932 220.056 14.834 0 1 10 210 0 0
 544 26036.000 50076.000 0 0 14.354 21.267 305.291 17.472 0 1 10 210 0 0
 545 26089.000 49997.000 0 0 14.377 21.251 305.553 17.480 0 1 10 210 0 0
 546 27076.000 48591.000 0 0 1816.458 2576.668 4680411.251 2163.425 0 1 10 210 0 0
 547 28050.000 47198.000 0 0 42.715 58.204 2486.223 49.862 0 1 10 210 0 0
 548 28084.000 47151.000 0 0 20.261 27.571 558.625 23.635 0 1 10 210 0 0
 549 28140.000 47076.000 0 0 15.217 20.662 314.432 17.732 0 1 10 210 0 0
 550 28185.000 47013.000 0 0 10.157 13.766 139.826 11.824 0 1 10 210 0 0
 551 25241.000 50971.000 0 0 9.398 14.330 134.685 11.605 0 1 10 210 0 0
 552 25311.000 50864.000 0 0 56.525 85.920 4856.669 69.689 0 1 10 210 0 0
 553 26139.000 49643.000 0 0 1487.116 2181.210 3243714.019 1801.031 0 1 10 210 0 0
 554 26892.000 48527.000 0 0 28.054 39.845 1117.846 33.434 0 1 10 210 0 0
 555 26919.000 48488.000 0 0 27.166 38.541 1047.041 32.358 0 1 10 210 0 0
 556 26941.000 48457.000 0 0 7.410 10.503 77.834 8.822 0 1 10 210 0 0
 557 27028.000 48332.000 0 0 24.772 34.987 866.728 29.440 0 1 10 210 0 0
 558 27066.000 48278.000 0 0 12.393 17.475 216.584 14.716 0 1 10 210 0 0
 559 24397.000 51972.000 0 0 18.412 28.984 533.693 23.101 0 1 10 210 0 0
 560 25271.000 50643.000 0 0 1608.583 2435.462 3917644.300 1979.303 0 1 10 210 0 0
 561 26079.000 49406.000 0 0 14.547 21.254 309.206 17.584 0 1 10 210 0 0
 562 26113.000 49355.000 0 0 12.135 17.704 214.846 14.657 0 1 10 210 0 0
 563 23714.000 52747.000 0 0 104.199 168.222 17528.715 132.396 0 1 10 210 0 0
 564 24523.000 51483.000 0 0 1511.876 2351.982 3555905.765 1885.710 0 1 10 210 0 0
 565 25288.000 50282.000 0 0 19.061 28.643 545.971 23.366 0 1 10 210 0 0
 566 25342.000 50201.000 0 0 9.546 14.311 136.616 11.688 0 1 10 210 0 0
 567 129663.000 15047.000 0 0 20.375 7.114 144.968 12.040 0 1 1 210 0 0
 568 23047.000 53518.000 0 0 15.592 25.814 402.523 20.062 0 1 10 210 0 0
 569 23877.000 52189.000 0 0 1512.797 2408.625 3643763.065 1908.864 0 1 10 210 0 0
 570 24655.000 50936.000 0 0 7.053 10.832 76.407 8.741 0 1 10 210 0 0
 571 129804.000 14917.000 0 0 199.853 70.008 13991.422 118.285 0 1 1 210 0 0
 572 129949.000 14968.000 0 0 65.199 22.963 1497.226 38.694 0 1 1 210 0 0
 573 23281.000 52832.000 0 0 1485.663 2416.464 3590052.381 1894.743 0 1 10 210 0 0
 574 129958.000 14791.000 0 0 273.691 96.226 26336.512 162.285 0 1 1 210 0 0
 575 22024.000 54584.000 0 0 6.529 11.210 73.196 8.555 0 1 10 210 0 0
 576 22721.000 53427.000 0 0 1377.613 2285.875 3149051.986 1774.556 0 1 10 210 0 0
 577 23421.000 52251.000 0 0 27.470 44.056 1210.266 34.788 0 1 10 210 0 0
 578 130185.000 14691.000 0 0 265.836 94.063 25005.492 158.131 0 1 1 210 0 0
 579 130349.000 14748.000 0 0 36.789 13.096 481.826 21.950 0 1 1 210 0 0
 580 22176.000 54010.000 0 0 1289.789 2182.590 2815081.054 1677.820 0 1 10 210 0 0
 581 130441.000 14601.000 0 0 302.928 107.981 32710.642 180.860 0 1 1 210 0 0
 582 21034.000 55640.000 0 0 19.143 34.077 652.351 25.541 0 1 10 210 0 0
 583 21100.000 55523.000 0 0 14.920 26.467 394.907 19.872 0 1 10 210 0 0
 584 21696.000 54491.000 0 0 1051.569 1809.359 1902668.284 1379.372 0 1 10 210 0 0
 585 130571.000 14467.000 0 0 172.196 61.547 10598.279 102.947 0 1 1 210 0 0
 586 20569.000 56128.000 0 0 31.547 57.116 1801.871 42.448 0 1 10 210 0 0
 587 21139.000 55123.000 0 0 998.245 1754.164 1751087.448 1323.286 0 1 10 210 0 0
 588 130691.000 14328.000 0 0 24.633 8.824 217.386 14.744 0 1 1 210 0 0
 589 20101.000 56631.000 0 0 10.391 19.144 198.948 14.104 0 1 10 210 0 0
 590 20156.000 56531.000 0 0 20.841 38.282 797.880 28.246 0 1 10 210 0 0
 591 20187.000 56473.000 0 0 16.687 30.598 510.616 22.596 0 1 10 210 0 0
 592 20643.000 55657.000 0 0 886.453 1586.385 1406257.594 1185.857 0 1 10 210 0 0
 593 21091.000 54844.000 0 0 15.148 26.470 400.981 20.024 0 1 10 210 0 0
 594 19675.000 57068.000 0 0 12.344 23.096 285.111 16.885 0 1 10 210 0 0
 595 19702.000 57017.000 0 0 14.418 26.936 388.395 19.707 0 1 10 210 0 0
 596 19731.000 56961.000 0 0 16.500 30.773 507.770 22.533 0 1 10 210 0 0
 597 20128.000 56238.000 0 0 744.745 1359.275 1012313.752 1006.138 0 1 10 210 0 0
 598 20530.000 55498.000 0 0 14.928 26.658 397.983 19.949 0 1 10 210 0 0
 599 20575.000 55415.000 0 0 44.880 79.949 3588.173 59.901 0 1 10 210 0 0
 600 20606.000 55359.000 0 0 8.557 15.218 130.232 11.411 0 1 10 210 0 0
 601 19184.000 57637.000 0 0 6.090 11.618 70.764 8.412 0 1 10 210 0 0
 602 19235.000 57539.000 0 0 61.066 116.151 7092.934 84.219 0 1 10 210 0 0
 603 19313.000 57389.000 0 0 10.210 19.333 197.399 14.049 0 1 10 210 0 0
 604 19674.000 56719.000 0 0 699.216 1297.686 907364.270 952.556 0 1 10 210 0 0
 605 20034.000 56043.000 0 0 14.745 26.825 395.555 19.888 0 1 10 210 0 0
 606 20061.000 55997.000 0 0 16.870 30.647 517.021 22.738 0 1 10 210 0 0
 607 20114.000 55895.000 0 0 16.908 30.626 517.863 22.756 0 1 10 210 0 0
 608 18763.000 58081.000 0 0 8.035 15.572 125.130 11.186 0 1 10 210 0 0
 609 19172.000 57307.000 0 0 749.080 1418.177 1062329.254 1030.693 0 1 10 210 0 0
 610 19555.000 56570.000 0 0 22.904 42.425 971.721 31.172 0 1 10 210 0 0
 611 18373.000 58476.000 0 0 9.949 19.558 194.603 13.950 0 1 10 210 0 0
 612 18442.000 58339.000 0 0 33.950 66.462 2256.472 47.502 0 1 10 210 0 0
 613 18548.000 58130.000 0 0 92.330 179.613 16583.721 128.777 0 1 10 210 0 0
 614 18611.000 58008.000 0 0 24.158 46.823 1131.185 33.633 0 1 10 210 0 0
 615 18855.000 57539.000 0 0 462.054 883.007 407997.121 638.746 0 1 10 210 0 0
 616 19097.000 57071.000 0 0 14.400 27.139 390.832 19.769 0 1 10 210 0 0
 617 19111.000 57042.000 0 0 12.351 23.258 287.287 16.949 0 1 10 210 0 0
 618 19138.000 56993.000 0 0 8.244 15.500 127.786 11.304 0 1 10 210 0 0
 619 18322.000 58209.000 0 0 671.144 1311.692 880335.978 938.262 0 1 10 210 0 0
 620 18669.000 57520.000 0 0 28.510 54.585 1556.254 39.449 0 1 10 210 0 0
 621 18711.000 57438.000 0 0 12.238 23.373 286.046 16.912 0 1 10 210 0 0
 622 18731.000 57404.000 0 0 8.165 15.578 127.202 11.278 0 1 10 210 0 0
 623 17617.000 59227.000 0 0 11.723 23.687 277.711 16.664 0 1 10 210 0 0
 624 17924.000 58619.000 0 0 585.205 1160.691 679243.547 824.162 0 1 10 210 0 0
 625 18246.000 57972.000 0 0 42.305 82.294 3481.526 59.004 0 1 10 210 0 0
 626 18278.000 57912.000 0 0 16.135 31.330 505.543 22.484 0 1 10 210 0 0
 627 18307.000 57853.000 0 0 8.079 15.659 126.517 11.247 0 1 10 210 0 0
 628 17232.000 59630.000 0 0 9.673 19.832 191.841 13.850 0 1 10 210 0 0
 629 17290.000 59509.000 0 0 15.523 31.709 492.242 22.186 0 1 10 210 0 0
 630 17619.000 58844.000 0 0 418.258 837.215 350172.709 591.753 0 1 10 210 0 0
 631 17849.000 58381.000 0 0 23.943 47.262 1131.644 33.639 0 1 10 210 0 0
 632 17874.000 58330.000 0 0 7.987 15.742 125.751 11.213 0 1 10 210 0 0
 633 16871.000 59989.000 0 0 11.504 23.902 274.992 16.582 0 1 10 210 0 0
 634 17147.000 59422.000 0 0 472.688 965.138 456209.957 675.433 0 1 10 210 0 0
 635 17418.000 58863.000 0 0 63.103 126.679 7993.990 89.409 0 1 10 210 0 0
 636 16557.000 60252.000 0 0 57.164 120.003 6859.922 82.824 0 1 10 210 0 0
 637 16805.000 59737.000 0 0 382.160 789.647 301772.046 549.337 0 1 10 210 0 0
 638 16152.000 60715.000 0 0 9.413 20.090 189.118 13.752 0 1 10 210 0 0
 639 16389.000 60216.000 0 0 369.988 777.570 287691.833 536.369 0 1 10 210 0 0
 640 16578.000 59810.000 0 0 11.556 23.986 277.195 16.649 0 1 10 210 0 0
 641 15798.000 61075.000 0 0 35.451 76.687 2718.698 52.141 0 1 10 210 0 0
 642 15845.000 60974.000 0 0 16.841 36.316 611.609 24.730 0 1 10 210 0 0
 643 15991.000 60664.000 0 0 269.655 575.891 155292.287 394.071 0 1 10 210 0 0
 644 16140.000 60342.000 0 0 28.516 60.301 1719.617 41.468 0 1 10 210 0 0
 645 16231.000 60146.000 0 0 11.459 24.086 276.019 16.613 0 1 10 210 0 0
 646 15446.000 61440.000 0 0 22.183 48.644 1079.122 32.849 0 1 10 210 0 0
 647 15636.000 61030.000 0 0 353.084 764.363 269885.325 519.504 0 1 10 210 0 0
 648 15276.000 61408.000 0 0 273.799 601.093 164579.443 405.683 0 1 10 210 0 0
 649 15428.000 61070.000 0 0 11.193 24.317 272.207 16.498 0 1 10 210 0 0
 650 14846.000 61951.000 0 0 114.910 257.171 29551.786 171.906 0 1 10 210 0 0
 651 14996.000 61615.000 0 0 58.883 130.396 7678.157 87.625 0 1 10 210 0 0
 652 15047.000 61500.000 0 0 14.760 32.569 480.736 21.925 0 1 10 210 0 0
 653 14446.000 62435.000 0 0 16.210 36.919 598.499 24.464 0 1 10 210 0 0
 654 14586.000 62120.000 0 0 168.877 380.796 64307.814 253.589 0 1 10 210 0 0
 655 14685.000 61890.000 0 0 23.751 53.171 1262.892 35.537 0 1 10 210 0 0
 656 14707.000 61846.000 0 0 12.799 28.612 366.216 19.136 0 1 10 210 0 0
 657 14721.000 61808.000 0 0 12.811 28.607 366.511 19.144 0 1 10 210 0 0
 658 14097.000 62814.000 0 0 17.829 41.187 734.346 27.098 0 1 10 210 0 0
 659 14223.000 62525.000 0 0 167.074 382.413 63891.526 252.767 0 1 10 210 0 0
 660 14375.000 62172.000 0 0 21.762 49.260 1072.052 32.742 0 1 10 210 0 0
 661 13916.000 62805.000 0 0 124.808 288.858 36052.042 189.873 0 1 10 210 0 0
 662 13994.000 62623.000 0 0 17.920 41.236 738.995 27.184 0 1 10 210 0 0
 663 14028.000 62543.000 0 0 12.565 28.839 362.380 19.036 0 1 10 210 0 0
 664 14045.000 62506.000 0 0 16.180 37.092 600.170 24.498 0 1 10 210 0 0
 665 12765.000 64240.000 0 0 6.854 16.722 114.629 10.706 0 1 10 210 0 0
 666 12484.000 64479.000 0 0 11.915 29.357 349.827 18.703 0 1 10 210 0 0
 667 12590.000 64214.000 0 0 73.768 180.184 13291.894 115.290 0 1 10 210 0 0
 668 12151.000 64854.000 0 0 18.535 46.330 858.747 29.304 0 1 10 210 0 0
 669 12284.000 64522.000 0 0 127.557 315.372 40228.114 200.569 0 1 10 210 0 0
 670 12437.000 64142.000 0 0 8.592 20.981 180.270 13.426 0 1 10 210 0 0
 671 11991.000 64797.000 0 0 131.629 329.077 43316.281 208.125 0 1 10 210 0 0
 672 11775.000 64879.000 0 0 13.464 33.823 455.430 21.340 0 1 10 210 0 0
 673 11805.000 64803.000 0 0 6.746 16.905 114.063 10.680 0 1 10 210 0 0
 674 11835.000 64728.000 0 0 8.451 21.125 178.543 13.361 0 1 10 210 0 0;
ProcessEquipmentIDList 1
  "6565" ;
SummarySpec 5
  TESTNO    NDEFECT    DEFDENSITY    NDIE    NDEFDIE  ;
SummaryList 
  1    674    2.464    1    1  ;
EndOfFile;
