FileVersion 1 2;
FileTimestamp 02-07-26 21:56:17;
InspectionStationID "KLA-Tencor" "SFSSP1" "0901-0728-TBI";
SampleType WAFER;
ResultTimestamp 02-07-26 21:35:18;
LotID "2580";
SampleSize 1 200;
DeviceID "None";
SetupID "T2-2580NR" 02-07-26 21:35:18;
StepID "7002";
SampleOrientationMarkType NOTCH;
OrientationMarkLocation DOWN;
DiePitch 200000 200000;
DieOrigin 0 0;
WaferID "25";
Slot 25;
SampleCenterLocation 100000 100000;
ClassLookup 1
  0 "0"  ;
OrientationInstructions "Front";
CoordinatesMirrored No;
InspectionTest 1;
SampleTestPlan 1
  0 0 ;
AreaPerTest 2.73534e+010;
DefectRecordSpec 15 DEFECTID XREL YREL XINDEX YINDEX XSIZE YSIZE DEFECTAREA DSIZE CLASSNUMBER TEST CLUSTERNUMBER ROUGHBINNUMBER FINEBINNUMBER REVIEWSAMPLE ;
DefectList
 1 107865.000 104778.000 0 0 0.000 0.000 0.000 0.141 0 1 0 0 0 0
 2 90907.000 96709.000 0 0 0.000 0.000 0.000 0.130 0 1 0 0 0 0
 3 99458.000 112285.000 0 0 0.000 0.000 0.000 0.130 0 1 0 0 0 0
 4 97888.000 87360.000 0 0 0.000 0.000 0.000 0.142 0 1 0 0 0 0
 5 88305.000 93332.000 0 0 0.000 0.000 0.000 0.171 0 1 0 0 0 0
 6 85206.000 95041.000 0 0 0.000 0.000 0.000 0.149 0 1 0 0 0 0
 7 90433.000 86442.000 0 0 0.000 0.000 0.000 0.154 0 1 0 0 0 0
 8 83034.000 98587.000 0 0 0.000 0.000 0.000 0.131 0 1 0 0 0 0
 9 79189.000 99589.000 0 0 0.000 0.000 0.000 0.140 0 1 0 0 0 0
 10 79021.000 97527.000 0 0 0.000 0.000 0.000 0.139 0 1 0 0 0 0
 11 82616.000 112569.000 0 0 0.000 0.000 0.000 0.144 0 1 0 0 0 0
 12 116040.000 83806.000 0 0 0.000 0.000 0.000 0.132 0 1 0 0 0 0
 13 116151.000 83319.000 0 0 0.000 0.000 0.000 0.170 0 1 0 0 0 0
 14 117603.000 115712.000 0 0 0.000 0.000 0.000 0.138 0 1 0 0 0 0
 15 76644.000 97386.000 0 0 0.000 0.000 0.000 0.130 0 1 0 0 0 0
 16 78580.000 87881.000 0 0 0.000 0.000 0.000 0.143 0 1 0 0 0 0
 17 116660.000 81589.000 0 0 0.000 0.000 0.000 0.210 0 1 0 0 0 0
 18 84680.000 79905.000 0 0 0.000 0.000 0.000 0.147 0 1 0 0 0 0
 19 123412.000 87853.000 0 0 0.000 0.000 0.000 0.132 0 1 0 0 0 0
 20 118090.000 79607.000 0 0 0.000 0.000 0.000 0.179 0 1 0 0 0 0
 21 119027.000 79307.000 0 0 0.000 0.000 0.000 0.144 0 1 0 0 0 0
 22 121329.000 80909.000 0 0 0.000 0.000 0.000 0.130 0 1 0 0 0 0
 23 125740.000 85976.000 0 0 0.000 0.000 0.000 0.149 0 1 0 0 0 0
 24 119772.000 78048.000 0 0 0.000 0.000 0.000 0.271 0 1 0 0 0 0
 25 112143.000 72312.000 0 0 0.000 0.000 0.000 0.142 0 1 0 0 0 0
 26 105245.000 130554.000 0 0 0.000 0.000 0.000 0.130 0 1 0 0 0 0
 27 125051.000 81430.000 0 0 0.000 0.000 0.000 0.140 0 1 0 0 0 0
 28 73936.000 82215.000 0 0 0.000 0.000 0.000 0.133 0 1 0 0 0 0
 29 130270.000 111230.000 0 0 0.000 0.000 0.000 0.134 0 1 0 0 0 0
 30 120607.000 125113.000 0 0 0.000 0.000 0.000 0.134 0 1 0 0 0 0
 31 90986.000 68923.000 0 0 0.000 0.000 0.000 0.139 0 1 0 0 0 0
 32 86935.000 130641.000 0 0 0.000 0.000 0.000 0.130 0 1 0 0 0 0
 33 122266.000 75313.000 0 0 0.000 0.000 0.000 0.142 0 1 0 0 0 0
 34 132807.000 93821.000 0 0 0.000 0.000 0.000 0.142 0 1 0 0 0 0
 35 66806.000 106060.000 0 0 0.000 0.000 0.000 0.138 0 1 0 0 0 0
 36 84844.000 69128.000 0 0 0.000 0.000 0.000 0.131 0 1 0 0 0 0
 37 67355.000 112176.000 0 0 0.000 0.000 0.000 0.156 0 1 0 0 0 0
 38 127581.000 78668.000 0 0 0.000 0.000 0.000 0.148 0 1 0 0 0 0
 39 107620.000 134605.000 0 0 0.000 0.000 0.000 0.130 0 1 0 0 0 0
 40 68871.000 118904.000 0 0 0.000 0.000 0.000 0.143 0 1 0 0 0 0
 41 67290.000 84318.000 0 0 0.000 0.000 0.000 0.150 0 1 0 0 0 0
 42 71161.000 77133.000 0 0 0.000 0.000 0.000 0.132 0 1 0 0 0 0
 43 62868.000 101460.000 0 0 0.000 0.000 0.000 0.135 0 1 0 0 0 0
 44 104532.000 137936.000 0 0 0.000 0.000 0.000 0.140 0 1 0 0 0 0
 45 74104.000 128551.000 0 0 0.000 0.000 0.000 0.142 0 1 0 0 0 0
 46 95262.000 138329.000 0 0 0.000 0.000 0.000 0.133 0 1 0 0 0 0
 47 137619.000 91251.000 0 0 0.000 0.000 0.000 0.130 0 1 0 0 0 0
 48 137869.000 90671.000 0 0 0.000 0.000 0.000 0.137 0 1 0 0 0 0
 49 62582.000 113507.000 0 0 0.000 0.000 0.000 0.131 0 1 0 0 0 0
 50 68117.000 72865.000 0 0 0.000 0.000 0.000 0.134 0 1 0 0 0 0
 51 57336.000 102633.000 0 0 0.000 0.000 0.000 0.135 0 1 0 0 0 0
 52 123522.000 64049.000 0 0 0.000 0.000 0.000 0.136 0 1 0 0 0 0
 53 62150.000 78735.000 0 0 0.000 0.000 0.000 0.135 0 1 0 0 0 0
 54 138812.000 121096.000 0 0 0.000 0.000 0.000 0.133 0 1 0 0 0 0
 55 103369.000 56175.000 0 0 0.000 0.000 0.000 0.150 0 1 0 0 0 0
 56 103965.000 55892.000 0 0 0.000 0.000 0.000 0.135 0 1 0 0 0 0
 57 139630.000 121262.000 0 0 0.000 0.000 0.000 0.131 0 1 0 0 0 0
 58 133941.000 131155.000 0 0 0.000 0.000 0.000 0.130 0 1 0 0 0 0
 59 77773.000 59970.000 0 0 0.000 0.000 0.000 0.132 0 1 0 0 0 0
 60 139193.000 75428.000 0 0 0.000 0.000 0.000 0.134 0 1 0 0 0 0
 61 86664.000 54777.000 0 0 0.000 0.000 0.000 0.136 0 1 0 0 0 0
 62 126179.000 60756.000 0 0 0.000 0.000 0.000 0.130 0 1 0 0 0 0
 63 107230.000 147384.000 0 0 0.000 0.000 0.000 0.139 0 1 0 0 0 0
 64 107753.000 148026.000 0 0 0.000 0.000 0.000 0.132 0 1 0 0 0 0
 65 52145.000 91005.000 0 0 0.000 0.000 0.000 0.135 0 1 0 0 0 0
 66 73431.000 141079.000 0 0 0.000 0.000 0.000 0.130 0 1 0 0 0 0
 67 125129.000 58331.000 0 0 0.000 0.000 0.000 0.134 0 1 0 0 0 0
 68 129406.000 61024.000 0 0 0.000 0.000 0.000 0.132 0 1 0 0 0 0
 69 147354.000 114466.000 0 0 0.000 0.000 0.000 0.138 0 1 0 0 0 0
 70 144143.000 122780.000 0 0 0.000 0.000 0.000 0.132 0 1 0 0 0 0
 71 62197.000 66759.000 0 0 0.000 0.000 0.000 0.130 0 1 0 0 0 0
 72 90742.000 151029.000 0 0 0.000 0.000 0.000 0.136 0 1 0 0 0 0
 73 131077.000 141534.000 0 0 0.000 0.000 0.000 0.136 0 1 0 0 0 0
 74 72512.000 56068.000 0 0 0.000 0.000 0.000 0.133 0 1 0 0 0 0
 75 139474.000 135017.000 0 0 0.000 0.000 0.000 200000.000 0 1 0 200 0 0
 76 124126.000 146897.000 0 0 0.000 0.000 0.000 0.234 0 1 0 0 0 0
 77 74427.000 148391.000 0 0 0.000 0.000 0.000 0.136 0 1 0 0 0 0
 78 154687.000 102561.000 0 0 0.000 0.000 0.000 0.138 0 1 0 0 0 0
 79 98492.000 155017.000 0 0 0.000 0.000 0.000 0.137 0 1 0 0 0 0
 80 78039.000 50082.000 0 0 0.000 0.000 0.000 0.132 0 1 0 0 0 0
 81 128567.000 147771.000 0 0 0.000 0.000 0.000 0.130 0 1 0 0 0 0
 82 147050.000 70584.000 0 0 0.000 0.000 0.000 0.143 0 1 0 0 0 0
 83 106051.000 44140.000 0 0 0.000 0.000 0.000 0.131 0 1 0 0 0 0
 84 148877.000 70161.000 0 0 0.000 0.000 0.000 0.135 0 1 0 0 0 0
 85 155224.000 115835.000 0 0 0.000 0.000 0.000 0.134 0 1 0 0 0 0
 86 146476.000 134916.000 0 0 0.000 0.000 0.000 0.131 0 1 0 0 0 0
 87 151061.000 71901.000 0 0 0.000 0.000 0.000 0.135 0 1 0 0 0 0
 88 119249.000 155752.000 0 0 0.000 0.000 0.000 0.139 0 1 0 0 0 0
 89 110593.000 42074.000 0 0 0.000 0.000 0.000 0.143 0 1 0 0 0 0
 90 160509.000 100752.000 0 0 0.000 0.000 0.000 0.132 0 1 0 0 0 0
 91 151018.000 135240.000 0 0 0.000 0.000 0.000 0.139 0 1 0 0 0 0
 92 163578.000 105921.000 0 0 0.000 0.000 0.000 0.137 0 1 0 0 0 0
 93 37970.000 84212.000 0 0 0.000 0.000 0.000 0.146 0 1 0 0 0 0
 94 92255.000 36671.000 0 0 0.000 0.000 0.000 0.207 0 1 0 0 0 0
 95 51109.000 141554.000 0 0 0.000 0.000 0.000 0.130 0 1 0 0 0 0
 96 36467.000 80375.000 0 0 0.000 0.000 0.000 0.152 0 1 0 0 0 0
 97 39695.000 132707.000 0 0 0.000 0.000 0.000 0.140 0 1 0 0 0 0
 98 39042.000 68024.000 0 0 0.000 0.000 0.000 0.139 0 1 0 0 0 0
 99 87056.000 167999.000 0 0 0.000 0.000 0.000 0.242 0 1 0 0 0 0
 100 30853.000 112161.000 0 0 0.000 0.000 0.000 0.135 0 1 0 0 0 0
 101 136113.000 162481.000 0 0 0.000 0.000 0.000 0.140 0 1 0 0 0 0
 102 66546.000 164026.000 0 0 0.000 0.000 0.000 0.155 0 1 0 0 0 0
 103 152773.000 50716.000 0 0 0.000 0.000 0.000 0.165 0 1 0 0 0 0
 104 26149.000 103958.000 0 0 0.000 0.000 0.000 0.214 0 1 0 0 0 0
 105 143803.000 162806.000 0 0 0.000 0.000 0.000 0.152 0 1 0 0 0 0
 106 173221.000 123898.000 0 0 0.000 0.000 0.000 0.131 0 1 0 0 0 0
 107 40003.000 50975.000 0 0 0.000 0.000 0.000 0.133 0 1 0 0 0 0
 108 45632.000 43632.000 0 0 0.000 0.000 0.000 0.236 0 1 0 0 0 0
 109 60822.000 172528.000 0 0 0.000 0.000 0.000 0.409 0 1 0 0 0 0
 110 62280.000 177994.000 0 0 0.000 0.000 0.000 0.165 0 1 0 0 0 0
 111 149874.000 171331.000 0 0 0.000 0.000 0.000 0.355 0 1 0 0 0 0
 112 64110.000 179615.000 0 0 0.000 0.000 0.000 0.151 0 1 0 0 0 0
 113 8492.000 100910.000 0 0 0.000 0.000 0.000 0.206 0 1 0 0 0 0
 114 56946.000 183576.000 0 0 0.000 0.000 0.000 0.242 0 1 0 0 0 0
 115 63441.000 186885.000 0 0 0.000 0.000 0.000 0.380 0 1 0 0 0 0
 116 53766.000 182186.000 0 0 0.000 0.000 0.000 0.232 0 1 0 0 0 0;
ProcessEquipmentIDList 1
  "6565" ;
SummarySpec 5
  TESTNO    NDEFECT    DEFDENSITY    NDIE    NDEFDIE  ;
SummaryList 
  1    116    0.4241    1    1  ;
EndOfFile;
