FileVersion 1 2;
FileTimestamp 02-07-26 22:10:30;
InspectionStationID "KLA-Tencor" "SFSSP1" "0901-0728-TBI";
SampleType WAFER;
ResultTimestamp 02-07-26 21:56:40;
LotID "2580";
SampleSize 1 200;
DeviceID "None";
SetupID "T2-2580NR" 02-07-26 21:56:40;
StepID "7002";
SampleOrientationMarkType NOTCH;
OrientationMarkLocation DOWN;
DiePitch 200000 200000;
DieOrigin 0 0;
WaferID "21";
Slot 21;
SampleCenterLocation 100000 100000;
ClassLookup 1
  0 "0"  ;
OrientationInstructions "Front";
CoordinatesMirrored No;
InspectionTest 1;
SampleTestPlan 1
  0 0 ;
AreaPerTest 2.73516e+010;
DefectRecordSpec 15 DEFECTID XREL YREL XINDEX YINDEX XSIZE YSIZE DEFECTAREA DSIZE CLASSNUMBER TEST CLUSTERNUMBER ROUGHBINNUMBER FINEBINNUMBER REVIEWSAMPLE ;
DefectList
 1 92969.000 101450.000 0 0 0.000 0.000 0.000 0.160 0 1 0 0 0 0
 2 104218.000 108085.000 0 0 0.000 0.000 0.000 0.144 0 1 0 0 0 0
 3 104716.000 92369.000 0 0 0.000 0.000 0.000 0.143 0 1 0 0 0 0
 4 109705.000 104997.000 0 0 0.000 0.000 0.000 0.142 0 1 0 0 0 0
 5 90180.000 94319.000 0 0 0.000 0.000 0.000 0.131 0 1 0 0 0 0
 6 88899.000 104143.000 0 0 0.000 0.000 0.000 0.155 0 1 0 0 0 0
 7 112162.000 96449.000 0 0 0.000 0.000 0.000 0.139 0 1 0 0 0 0
 8 92203.000 110607.000 0 0 0.000 0.000 0.000 0.130 0 1 0 0 0 0
 9 107567.000 113556.000 0 0 0.000 0.000 0.000 0.203 0 1 0 0 0 0
 10 84875.000 103500.000 0 0 0.000 0.000 0.000 0.141 0 1 0 0 0 0
 11 99234.000 83949.000 0 0 0.000 0.000 0.000 0.130 0 1 0 0 0 0
 12 87407.000 111749.000 0 0 0.000 0.000 0.000 0.131 0 1 0 0 0 0
 13 115816.000 91098.000 0 0 0.000 0.000 0.000 0.144 0 1 0 0 0 0
 14 89943.000 115866.000 0 0 0.000 0.000 0.000 0.136 0 1 0 0 0 0
 15 110446.000 115784.000 0 0 0.000 0.000 0.000 0.145 0 1 0 0 0 0
 16 117217.000 92236.000 0 0 0.000 0.000 0.000 0.140 0 1 0 0 0 0
 17 108135.000 117449.000 0 0 0.000 0.000 0.000 0.135 0 1 0 0 0 0
 18 80978.000 95771.000 0 0 0.000 0.000 0.000 0.133 0 1 0 0 0 0
 19 81336.000 106461.000 0 0 0.000 0.000 0.000 0.154 0 1 0 0 0 0
 20 116230.000 87517.000 0 0 0.000 0.000 0.000 0.135 0 1 0 0 0 0
 21 88148.000 117301.000 0 0 0.000 0.000 0.000 0.137 0 1 0 0 0 0
 22 120255.000 95586.000 0 0 0.000 0.000 0.000 0.136 0 1 0 0 0 0
 23 83570.000 87095.000 0 0 0.000 0.000 0.000 0.135 0 1 0 0 0 0
 24 120108.000 93903.000 0 0 0.000 0.000 0.000 0.143 0 1 0 0 0 0
 25 90191.000 80961.000 0 0 0.000 0.000 0.000 0.159 0 1 0 0 0 0
 26 78482.000 95078.000 0 0 0.000 0.000 0.000 0.131 0 1 0 0 0 0
 27 121361.000 106178.000 0 0 0.000 0.000 0.000 0.149 0 1 0 0 0 0
 28 81862.000 113140.000 0 0 0.000 0.000 0.000 0.133 0 1 0 0 0 0
 29 113530.000 82390.000 0 0 0.000 0.000 0.000 0.146 0 1 0 0 0 0
 30 123119.000 96302.000 0 0 0.000 0.000 0.000 0.138 0 1 0 0 0 0
 31 77566.000 88687.000 0 0 0.000 0.000 0.000 0.136 0 1 0 0 0 0
 32 114490.000 78667.000 0 0 0.000 0.000 0.000 0.136 0 1 0 0 0 0
 33 122943.000 113201.000 0 0 0.000 0.000 0.000 0.138 0 1 0 0 0 0
 34 121846.000 116006.000 0 0 0.000 0.000 0.000 0.159 0 1 0 0 0 0
 35 122288.000 84597.000 0 0 0.000 0.000 0.000 0.130 0 1 0 0 0 0
 36 124303.000 86826.000 0 0 0.000 0.000 0.000 0.137 0 1 0 0 0 0
 37 79198.000 80206.000 0 0 0.000 0.000 0.000 0.144 0 1 0 0 0 0
 38 130140.000 94682.000 0 0 0.000 0.000 0.000 0.200 0 1 0 0 0 0
 39 100662.000 132493.000 0 0 0.000 0.000 0.000 0.139 0 1 0 0 0 0
 40 106255.000 132010.000 0 0 0.000 0.000 0.000 0.130 0 1 0 0 0 0
 41 68921.000 89946.000 0 0 0.000 0.000 0.000 0.150 0 1 0 0 0 0
 42 102311.000 67071.000 0 0 0.000 0.000 0.000 0.130 0 1 0 0 0 0
 43 66511.000 100761.000 0 0 0.000 0.000 0.000 0.135 0 1 0 0 0 0
 44 83853.000 129768.000 0 0 0.000 0.000 0.000 0.141 0 1 0 0 0 0
 45 71956.000 80646.000 0 0 0.000 0.000 0.000 0.136 0 1 0 0 0 0
 46 80656.000 72109.000 0 0 0.000 0.000 0.000 0.146 0 1 0 0 0 0
 47 65231.000 97618.000 0 0 0.000 0.000 0.000 0.130 0 1 0 0 0 0
 48 103208.000 135011.000 0 0 0.000 0.000 0.000 0.138 0 1 0 0 0 0
 49 134467.000 106609.000 0 0 0.000 0.000 0.000 0.137 0 1 0 0 0 0
 50 75540.000 125947.000 0 0 0.000 0.000 0.000 0.139 0 1 0 0 0 0
 51 118642.000 69712.000 0 0 0.000 0.000 0.000 0.138 0 1 0 0 0 0
 52 78913.000 129432.000 0 0 0.000 0.000 0.000 0.153 0 1 0 0 0 0
 53 69902.000 120143.000 0 0 0.000 0.000 0.000 0.133 0 1 0 0 0 0
 54 65389.000 86751.000 0 0 0.000 0.000 0.000 0.136 0 1 0 0 0 0
 55 136903.000 95996.000 0 0 0.000 0.000 0.000 0.153 0 1 0 0 0 0
 56 95498.000 137653.000 0 0 0.000 0.000 0.000 0.151 0 1 0 0 0 0
 57 114207.000 65315.000 0 0 0.000 0.000 0.000 0.138 0 1 0 0 0 0
 58 118219.000 133680.000 0 0 0.000 0.000 0.000 0.141 0 1 0 0 0 0
 59 130069.000 124602.000 0 0 0.000 0.000 0.000 0.130 0 1 0 0 0 0
 60 109838.000 137811.000 0 0 0.000 0.000 0.000 0.139 0 1 0 0 0 0
 61 132935.000 121002.000 0 0 0.000 0.000 0.000 0.132 0 1 0 0 0 0
 62 61001.000 97640.000 0 0 0.000 0.000 0.000 0.130 0 1 0 0 0 0
 63 68018.000 77762.000 0 0 0.000 0.000 0.000 0.137 0 1 0 0 0 0
 64 133610.000 79604.000 0 0 0.000 0.000 0.000 0.145 0 1 0 0 0 0
 65 135475.000 117664.000 0 0 0.000 0.000 0.000 0.134 0 1 0 0 0 0
 66 132989.000 78356.000 0 0 0.000 0.000 0.000 0.133 0 1 0 0 0 0
 67 60750.000 107092.000 0 0 0.000 0.000 0.000 0.135 0 1 0 0 0 0
 68 90571.000 60624.000 0 0 0.000 0.000 0.000 0.140 0 1 0 0 0 0
 69 97081.000 141107.000 0 0 0.000 0.000 0.000 0.137 0 1 0 0 0 0
 70 64575.000 120656.000 0 0 0.000 0.000 0.000 0.149 0 1 0 0 0 0
 71 78404.000 135191.000 0 0 0.000 0.000 0.000 0.131 0 1 0 0 0 0
 72 131328.000 73142.000 0 0 0.000 0.000 0.000 0.134 0 1 0 0 0 0
 73 117747.000 62586.000 0 0 0.000 0.000 0.000 0.148 0 1 0 0 0 0
 74 74868.000 133649.000 0 0 0.000 0.000 0.000 0.133 0 1 0 0 0 0
 75 64094.000 121701.000 0 0 0.000 0.000 0.000 0.140 0 1 0 0 0 0
 76 136489.000 78879.000 0 0 0.000 0.000 0.000 0.130 0 1 0 0 0 0
 77 94570.000 142624.000 0 0 0.000 0.000 0.000 0.131 0 1 0 0 0 0
 78 61332.000 118601.000 0 0 0.000 0.000 0.000 0.131 0 1 0 0 0 0
 79 99013.000 143469.000 0 0 0.000 0.000 0.000 0.144 0 1 0 0 0 0
 80 61639.000 79658.000 0 0 0.000 0.000 0.000 0.130 0 1 0 0 0 0
 81 63506.000 76464.000 0 0 0.000 0.000 0.000 0.134 0 1 0 0 0 0
 82 136694.000 76901.000 0 0 0.000 0.000 0.000 0.141 0 1 0 0 0 0
 83 59390.000 116155.000 0 0 0.000 0.000 0.000 0.150 0 1 0 0 0 0
 84 72896.000 65915.000 0 0 0.000 0.000 0.000 0.143 0 1 0 0 0 0
 85 56258.000 104161.000 0 0 0.000 0.000 0.000 0.145 0 1 0 0 0 0
 86 92085.000 57082.000 0 0 0.000 0.000 0.000 0.140 0 1 0 0 0 0
 87 135910.000 74715.000 0 0 0.000 0.000 0.000 0.130 0 1 0 0 0 0
 88 82586.000 141744.000 0 0 0.000 0.000 0.000 0.131 0 1 0 0 0 0
 89 134154.000 129734.000 0 0 0.000 0.000 0.000 0.147 0 1 0 0 0 0
 90 128613.000 135667.000 0 0 0.000 0.000 0.000 0.132 0 1 0 0 0 0
 91 63272.000 127895.000 0 0 0.000 0.000 0.000 0.135 0 1 0 0 0 0
 92 76326.000 140228.000 0 0 0.000 0.000 0.000 0.136 0 1 0 0 0 0
 93 75067.000 139434.000 0 0 0.000 0.000 0.000 0.132 0 1 0 0 0 0
 94 144515.000 114429.000 0 0 0.000 0.000 0.000 0.151 0 1 0 0 0 0
 95 142946.000 80911.000 0 0 0.000 0.000 0.000 0.131 0 1 0 0 0 0
 96 72074.000 61483.000 0 0 0.000 0.000 0.000 0.135 0 1 0 0 0 0
 97 128263.000 139237.000 0 0 0.000 0.000 0.000 0.131 0 1 0 0 0 0
 98 83019.000 145840.000 0 0 0.000 0.000 0.000 0.130 0 1 0 0 0 0
 99 147908.000 111110.000 0 0 0.000 0.000 0.000 0.139 0 1 0 0 0 0
 100 124087.000 143002.000 0 0 0.000 0.000 0.000 0.132 0 1 0 0 0 0
 101 86827.000 148120.000 0 0 0.000 0.000 0.000 0.149 0 1 0 0 0 0
 102 103593.000 150092.000 0 0 0.000 0.000 0.000 0.139 0 1 0 0 0 0
 103 53329.000 118216.000 0 0 0.000 0.000 0.000 0.136 0 1 0 0 0 0
 104 75731.000 144293.000 0 0 0.000 0.000 0.000 0.133 0 1 0 0 0 0
 105 148112.000 85392.000 0 0 0.000 0.000 0.000 0.133 0 1 0 0 0 0
 106 67900.000 61412.000 0 0 0.000 0.000 0.000 0.163 0 1 0 0 0 0
 107 119537.000 146725.000 0 0 0.000 0.000 0.000 0.159 0 1 0 0 0 0
 108 128143.000 57494.000 0 0 0.000 0.000 0.000 0.134 0 1 0 0 0 0
 109 124311.000 54976.000 0 0 0.000 0.000 0.000 0.136 0 1 0 0 0 0
 110 55536.000 126010.000 0 0 0.000 0.000 0.000 0.134 0 1 0 0 0 0
 111 93890.000 48939.000 0 0 0.000 0.000 0.000 0.131 0 1 0 0 0 0
 112 117247.000 51585.000 0 0 0.000 0.000 0.000 0.131 0 1 0 0 0 0
 113 145556.000 124586.000 0 0 0.000 0.000 0.000 0.130 0 1 0 0 0 0
 114 151907.000 99554.000 0 0 0.000 0.000 0.000 0.134 0 1 0 0 0 0
 115 138860.000 135064.000 0 0 0.000 0.000 0.000 0.131 0 1 0 0 0 0
 116 149768.000 116743.000 0 0 0.000 0.000 0.000 0.137 0 1 0 0 0 0
 117 129588.000 143581.000 0 0 0.000 0.000 0.000 0.135 0 1 0 0 0 0
 118 47853.000 106982.000 0 0 0.000 0.000 0.000 0.136 0 1 0 0 0 0
 119 63350.000 139719.000 0 0 0.000 0.000 0.000 0.138 0 1 0 0 0 0
 120 102688.000 154582.000 0 0 0.000 0.000 0.000 0.213 0 1 0 0 0 0
 121 151891.000 82709.000 0 0 0.000 0.000 0.000 0.131 0 1 0 0 0 0
 122 93283.000 45704.000 0 0 0.000 0.000 0.000 0.142 0 1 0 0 0 0
 123 48522.000 80406.000 0 0 0.000 0.000 0.000 0.206 0 1 0 0 0 0
 124 126842.000 51443.000 0 0 0.000 0.000 0.000 0.137 0 1 0 0 0 0
 125 47775.000 79997.000 0 0 0.000 0.000 0.000 0.141 0 1 0 0 0 0
 126 47213.000 80966.000 0 0 0.000 0.000 0.000 0.132 0 1 0 0 0 0
 127 43608.000 103523.000 0 0 0.000 0.000 0.000 0.132 0 1 0 0 0 0
 128 43928.000 107449.000 0 0 0.000 0.000 0.000 0.142 0 1 0 0 0 0
 129 105350.000 158762.000 0 0 0.000 0.000 0.000 0.131 0 1 0 0 0 0
 130 88364.000 42601.000 0 0 0.000 0.000 0.000 0.148 0 1 0 0 0 0
 131 126182.000 153090.000 0 0 0.000 0.000 0.000 0.132 0 1 0 0 0 0
 132 43443.000 119075.000 0 0 0.000 0.000 0.000 0.133 0 1 0 0 0 0
 133 114595.000 158311.000 0 0 0.000 0.000 0.000 0.139 0 1 0 0 0 0
 134 124787.000 154965.000 0 0 0.000 0.000 0.000 0.131 0 1 0 0 0 0
 135 63760.000 148262.000 0 0 0.000 0.000 0.000 0.143 0 1 0 0 0 0
 136 95100.000 160279.000 0 0 0.000 0.000 0.000 0.131 0 1 0 0 0 0
 137 127215.000 44511.000 0 0 0.000 0.000 0.000 0.138 0 1 0 0 0 0
 138 56819.000 145007.000 0 0 0.000 0.000 0.000 0.142 0 1 0 0 0 0
 139 64390.000 49360.000 0 0 0.000 0.000 0.000 0.164 0 1 0 0 0 0
 140 38324.000 117242.000 0 0 0.000 0.000 0.000 0.136 0 1 0 0 0 0
 141 46556.000 64443.000 0 0 0.000 0.000 0.000 0.132 0 1 0 0 0 0
 142 111038.000 164001.000 0 0 0.000 0.000 0.000 0.143 0 1 0 0 0 0
 143 157647.000 69733.000 0 0 0.000 0.000 0.000 0.133 0 1 0 0 0 0
 144 49825.000 58166.000 0 0 0.000 0.000 0.000 0.132 0 1 0 0 0 0
 145 144012.000 155683.000 0 0 0.000 0.000 0.000 0.141 0 1 0 0 0 0
 146 87619.000 30076.000 0 0 0.000 0.000 0.000 0.132 0 1 0 0 0 0
 147 30341.000 84499.000 0 0 0.000 0.000 0.000 0.202 0 1 0 0 0 0
 148 32204.000 76781.000 0 0 0.000 0.000 0.000 0.132 0 1 0 0 0 0
 149 152782.000 49603.000 0 0 0.000 0.000 0.000 0.132 0 1 0 0 0 0
 150 171540.000 118435.000 0 0 0.000 0.000 0.000 0.223 0 1 0 0 0 0
 151 60309.000 163395.000 0 0 0.000 0.000 0.000 0.131 0 1 0 0 0 0
 152 32165.000 69284.000 0 0 0.000 0.000 0.000 0.131 0 1 0 0 0 0
 153 42554.000 149163.000 0 0 0.000 0.000 0.000 0.134 0 1 0 0 0 0
 154 55264.000 30869.000 0 0 0.000 0.000 0.000 0.133 0 1 0 0 0 0
 155 67811.000 22431.000 0 0 0.000 0.000 0.000 0.130 0 1 0 0 0 0
 156 44305.000 32512.000 0 0 0.000 0.000 0.000 0.380 0 1 0 0 0 0;
ProcessEquipmentIDList 1
  "6565" ;
SummarySpec 5
  TESTNO    NDEFECT    DEFDENSITY    NDIE    NDEFDIE  ;
SummaryList 
  1    156    0.5704    1    1  ;
EndOfFile;
