FileVersion 1 2;
FileTimestamp 02-07-26 21:30:29;
InspectionStationID "KLA-Tencor" "SFSSP1" "0901-0728-TBI";
SampleType WAFER;
ResultTimestamp 02-07-26 21:16:08;
LotID "2580";
SampleSize 1 200;
DeviceID "None";
SetupID "T2-2580NR" 02-07-26 21:16:08;
StepID "7002";
SampleOrientationMarkType NOTCH;
OrientationMarkLocation DOWN;
DiePitch 200000 200000;
DieOrigin 0 0;
WaferID "21";
Slot 21;
SampleCenterLocation 100000 100000;
ClassLookup 1
  0 "0"  ;
OrientationInstructions "Front";
CoordinatesMirrored No;
InspectionTest 1;
SampleTestPlan 1
  0 0 ;
AreaPerTest 2.73516e+010;
ClusterClassificationList 8
  3 210 
  4 200 
  2 200 
  6 200 
  5 200 
  7 200 
  8 210 
  1 200 ;
DefectRecordSpec 15 DEFECTID XREL YREL XINDEX YINDEX XSIZE YSIZE DEFECTAREA DSIZE CLASSNUMBER TEST CLUSTERNUMBER ROUGHBINNUMBER FINEBINNUMBER REVIEWSAMPLE ;
DefectList
 1 99218.000 106473.000 0 0 0.000 0.000 0.000 0.131 0 1 0 0 0 0
 2 93772.000 103533.000 0 0 0.000 0.000 0.000 0.135 0 1 0 0 0 0
 3 107882.000 97184.000 0 0 0.000 0.000 0.000 0.132 0 1 0 0 0 0
 4 92049.000 94739.000 0 0 0.000 0.000 0.000 0.153 0 1 0 0 0 0
 5 87366.000 103245.000 0 0 0.000 0.000 0.000 0.136 0 1 0 0 0 0
 6 87543.000 104800.000 0 0 0.000 0.000 0.000 0.132 0 1 0 0 0 0
 7 102872.000 113461.000 0 0 0.000 0.000 0.000 0.133 0 1 0 0 0 0
 8 93313.000 112102.000 0 0 0.000 0.000 0.000 0.143 0 1 0 0 0 0
 9 98820.000 114145.000 0 0 0.000 0.000 0.000 0.146 0 1 0 0 0 0
 10 102787.000 83525.000 0 0 0.000 0.000 0.000 0.151 0 1 0 0 0 0
 11 112734.000 87481.000 0 0 0.000 0.000 0.000 0.141 0 1 0 0 0 0
 12 82165.000 94465.000 0 0 0.000 0.000 0.000 0.132 0 1 0 0 0 0
 13 118597.000 104808.000 0 0 0.000 0.000 0.000 0.162 0 1 0 0 0 0
 14 80441.000 99978.000 0 0 0.000 0.000 0.000 0.138 0 1 0 0 0 0
 15 106308.000 80757.000 0 0 0.000 0.000 0.000 0.137 0 1 0 0 0 0
 16 89893.000 82422.000 0 0 0.000 0.000 0.000 0.134 0 1 0 0 0 0
 17 106675.000 80492.000 0 0 0.000 0.000 0.000 0.132 0 1 0 0 0 0
 18 79867.000 102543.000 0 0 0.000 0.000 0.000 0.137 0 1 0 0 0 0
 19 86114.000 115223.000 0 0 0.000 0.000 0.000 0.151 0 1 0 0 0 0
 20 79274.000 98364.000 0 0 0.000 0.000 0.000 0.153 0 1 0 0 0 0
 21 84336.000 113903.000 0 0 0.000 0.000 0.000 0.148 0 1 0 0 0 0
 22 80094.000 92160.000 0 0 0.000 0.000 0.000 0.137 0 1 0 0 0 0
 23 96821.000 121516.000 0 0 0.000 0.000 0.000 0.149 0 1 0 0 0 0
 24 101661.000 77297.000 0 0 0.000 0.000 0.000 0.137 0 1 0 0 0 0
 25 77126.000 96948.000 0 0 0.000 0.000 0.000 0.133 0 1 0 0 0 0
 26 118554.000 115195.000 0 0 0.000 0.000 0.000 0.141 0 1 0 0 0 0
 27 123820.000 95202.000 0 0 0.000 0.000 0.000 0.131 0 1 0 0 0 0
 28 79805.000 85341.000 0 0 0.000 0.000 0.000 0.151 0 1 0 0 0 0
 29 97580.000 74313.000 0 0 0.000 0.000 0.000 0.136 0 1 0 0 0 0
 30 75830.000 90333.000 0 0 0.000 0.000 0.000 0.132 0 1 0 0 0 0
 31 125734.000 104983.000 0 0 0.000 0.000 0.000 0.155 0 1 0 0 0 0
 32 125040.000 107987.000 0 0 0.000 0.000 0.000 0.136 0 1 0 0 0 0
 33 126379.000 100963.000 0 0 0.000 0.000 0.000 0.130 0 1 0 0 0 0
 34 123288.000 112134.000 0 0 0.000 0.000 0.000 0.133 0 1 0 0 0 0
 35 115155.000 121774.000 0 0 0.000 0.000 0.000 0.130 0 1 0 0 0 0
 36 127348.000 98228.000 0 0 0.000 0.000 0.000 0.149 0 1 0 0 0 0
 37 78816.000 81316.000 0 0 0.000 0.000 0.000 0.133 0 1 0 0 0 0
 38 74882.000 113890.000 0 0 0.000 0.000 0.000 0.144 0 1 0 0 0 0
 39 110428.000 127314.000 0 0 0.000 0.000 0.000 0.146 0 1 0 0 0 0
 40 83748.000 75011.000 0 0 0.000 0.000 0.000 0.140 0 1 0 0 0 0
 41 126471.000 85897.000 0 0 0.000 0.000 0.000 0.151 0 1 0 0 0 0
 42 126098.000 115516.000 0 0 0.000 0.000 0.000 0.155 0 1 0 0 0 0
 43 128422.000 111193.000 0 0 0.000 0.000 0.000 0.145 0 1 0 0 0 0
 44 82914.000 74121.000 0 0 0.000 0.000 0.000 0.135 0 1 0 0 0 0
 45 74047.000 116540.000 0 0 0.000 0.000 0.000 0.148 0 1 0 0 0 0
 46 131075.000 104490.000 0 0 0.000 0.000 0.000 0.134 0 1 0 0 0 0
 47 75590.000 119523.000 0 0 0.000 0.000 0.000 0.132 0 1 0 0 0 0
 48 120814.000 75845.000 0 0 0.000 0.000 0.000 0.132 0 1 0 0 0 0
 49 133208.000 95806.000 0 0 0.000 0.000 0.000 0.139 0 1 0 0 0 0
 50 111371.000 131464.000 0 0 0.000 0.000 0.000 0.138 0 1 0 0 0 0
 51 131629.000 112980.000 0 0 0.000 0.000 0.000 0.137 0 1 0 0 0 0
 52 66642.000 107999.000 0 0 0.000 0.000 0.000 0.133 0 1 0 0 0 0
 53 84474.000 69069.000 0 0 0.000 0.000 0.000 0.209 0 1 0 0 0 0
 54 74376.000 123051.000 0 0 0.000 0.000 0.000 0.143 0 1 0 0 0 0
 55 109256.000 66143.000 0 0 0.000 0.000 0.000 0.132 0 1 0 0 0 0
 56 64747.000 107200.000 0 0 0.000 0.000 0.000 0.136 0 1 0 0 0 0
 57 92500.000 64439.000 0 0 0.000 0.000 0.000 0.136 0 1 0 0 0 0
 58 64055.000 103291.000 0 0 0.000 0.000 0.000 0.143 0 1 0 0 0 0
 59 106192.000 135808.000 0 0 0.000 0.000 0.000 0.137 0 1 0 0 0 0
 60 130637.000 78552.000 0 0 0.000 0.000 0.000 0.141 0 1 0 0 0 0
 61 64006.000 109441.000 0 0 0.000 0.000 0.000 0.143 0 1 0 0 0 0
 62 62941.000 104127.000 0 0 0.000 0.000 0.000 0.138 0 1 0 0 0 0
 63 66652.000 82942.000 0 0 0.000 0.000 0.000 0.132 0 1 0 0 0 0
 64 128927.000 75508.000 0 0 0.000 0.000 0.000 0.134 0 1 0 0 0 0
 65 64024.000 88397.000 0 0 0.000 0.000 0.000 0.156 0 1 0 0 0 0
 66 136096.000 111508.000 0 0 0.000 0.000 0.000 0.141 0 1 0 0 0 0
 67 62255.000 96519.000 0 0 0.000 0.000 0.000 0.134 0 1 0 0 0 0
 68 137205.000 110857.000 0 0 0.000 0.000 0.000 0.132 0 1 0 0 0 0
 69 92281.000 61115.000 0 0 0.000 0.000 0.000 0.131 0 1 0 0 0 0
 70 111991.000 62080.000 0 0 0.000 0.000 0.000 0.134 0 1 0 0 0 0
 71 82736.000 64062.000 0 0 0.000 0.000 0.000 0.159 0 1 0 0 0 0
 72 88712.000 61434.000 0 0 0.000 0.000 0.000 0.133 0 1 0 0 0 0
 73 93212.000 139244.000 0 0 0.000 0.000 0.000 0.155 0 1 0 0 0 0
 74 89224.000 138718.000 0 0 0.000 0.000 0.000 0.137 0 1 0 0 0 0
 75 59624.000 98998.000 0 0 0.000 0.000 0.000 0.148 0 1 0 0 0 0
 76 125388.000 131626.000 0 0 0.000 0.000 0.000 0.139 0 1 0 0 0 0
 77 59456.000 101402.000 0 0 0.000 0.000 0.000 0.150 0 1 0 0 0 0
 78 139975.000 91509.000 0 0 0.000 0.000 0.000 0.131 0 1 0 0 0 0
 79 86497.000 60630.000 0 0 0.000 0.000 0.000 0.144 0 1 0 0 0 0
 80 141117.000 107452.000 0 0 0.000 0.000 0.000 0.151 0 1 0 0 0 0
 81 62818.000 119085.000 0 0 0.000 0.000 0.000 0.131 0 1 0 0 0 0
 82 77347.000 135746.000 0 0 0.000 0.000 0.000 0.146 0 1 0 0 0 0
 83 64314.000 122867.000 0 0 0.000 0.000 0.000 0.132 0 1 0 0 0 0
 84 107735.000 142086.000 0 0 0.000 0.000 0.000 0.135 0 1 0 0 0 0
 85 58802.000 87767.000 0 0 0.000 0.000 0.000 0.141 0 1 0 0 0 0
 86 99030.000 143363.000 0 0 0.000 0.000 0.000 0.136 0 1 0 0 0 0
 87 116156.000 141202.000 0 0 0.000 0.000 0.000 0.143 0 1 0 0 0 0
 88 118793.000 140324.000 0 0 0.000 0.000 0.000 0.135 0 1 0 0 0 0
 89 98727.000 54141.000 0 0 0.000 0.000 0.000 0.132 0 1 0 0 0 0
 90 103037.000 145512.000 0 0 0.000 0.000 0.000 0.134 0 1 0 0 0 0
 91 60207.000 76850.000 0 0 0.000 0.000 0.000 0.131 0 1 0 0 0 0
 92 114068.000 143616.000 0 0 0.000 0.000 0.000 0.130 0 1 0 0 0 0
 93 123306.000 139793.000 0 0 0.000 0.000 0.000 0.131 0 1 0 0 0 0
 94 61820.000 72705.000 0 0 0.000 0.000 0.000 0.140 0 1 0 0 0 0
 95 127876.000 61788.000 0 0 0.000 0.000 0.000 0.138 0 1 0 0 0 0
 96 58714.000 76227.000 0 0 0.000 0.000 0.000 0.130 0 1 0 0 0 0
 97 76104.000 141315.000 0 0 0.000 0.000 0.000 0.132 0 1 0 0 0 0
 98 142140.000 76114.000 0 0 0.000 0.000 0.000 0.134 0 1 0 0 0 0
 99 100077.000 148025.000 0 0 0.000 0.000 0.000 0.136 0 1 0 0 0 0
 100 52671.000 90359.000 0 0 0.000 0.000 0.000 0.132 0 1 0 0 0 0
 101 145079.000 117515.000 0 0 0.000 0.000 0.000 0.154 0 1 0 0 0 0
 102 73762.000 140514.000 0 0 0.000 0.000 0.000 0.130 0 1 0 0 0 0
 103 148700.000 101235.000 0 0 0.000 0.000 0.000 0.132 0 1 0 0 0 0
 104 117824.000 145041.000 0 0 0.000 0.000 0.000 0.138 0 1 0 0 0 0
 105 148977.000 100585.000 0 0 0.000 0.000 0.000 0.135 0 1 0 0 0 0
 106 145103.000 79677.000 0 0 0.000 0.000 0.000 0.135 0 1 0 0 0 0
 107 109010.000 148505.000 0 0 0.000 0.000 0.000 0.132 0 1 0 0 0 0
 108 89436.000 148301.000 0 0 0.000 0.000 0.000 0.131 0 1 0 0 0 0
 109 80965.000 146018.000 0 0 0.000 0.000 0.000 0.147 0 1 0 0 0 0
 110 55831.000 75300.000 0 0 0.000 0.000 0.000 0.136 0 1 0 0 0 0
 111 143647.000 125693.000 0 0 0.000 0.000 0.000 0.130 0 1 0 0 0 0
 112 131994.000 139778.000 0 0 0.000 0.000 0.000 0.140 0 1 0 0 0 0
 113 54144.000 122647.000 0 0 0.000 0.000 0.000 0.142 0 1 0 0 0 0
 114 89319.000 49601.000 0 0 0.000 0.000 0.000 0.131 0 1 0 0 0 0
 115 63463.000 136063.000 0 0 0.000 0.000 0.000 0.158 0 1 0 0 0 0
 116 60956.000 133227.000 0 0 0.000 0.000 0.000 0.131 0 1 0 0 0 0
 117 48569.000 93798.000 0 0 0.000 0.000 0.000 0.141 0 1 0 0 0 0
 118 125380.000 54322.000 0 0 0.000 0.000 0.000 0.147 0 1 0 0 0 0
 119 89796.000 48338.000 0 0 0.000 0.000 0.000 0.146 0 1 0 0 0 0
 120 47808.000 95098.000 0 0 0.000 0.000 0.000 0.143 0 1 0 0 0 0
 121 49092.000 85394.000 0 0 0.000 0.000 0.000 0.138 0 1 0 0 0 0
 122 61076.000 135639.000 0 0 0.000 0.000 0.000 0.131 0 1 0 0 0 0
 123 49497.000 115643.000 0 0 0.000 0.000 0.000 0.134 0 1 0 0 0 0
 124 64417.000 60447.000 0 0 0.000 0.000 0.000 0.135 0 1 0 0 0 0
 125 66582.000 58507.000 0 0 0.000 0.000 0.000 0.146 0 1 0 0 0 0
 126 47662.000 109186.000 0 0 0.000 0.000 0.000 0.134 0 1 0 0 0 0
 127 85116.000 48678.000 0 0 0.000 0.000 0.000 0.133 0 1 0 0 0 0
 128 111402.000 152104.000 0 0 0.000 0.000 0.000 0.132 0 1 0 0 0 0
 129 53122.000 74107.000 0 0 0.000 0.000 0.000 0.145 0 1 0 0 0 0
 130 153883.000 98462.000 0 0 0.000 0.000 0.000 0.138 0 1 0 0 0 0
 131 96112.000 46097.000 0 0 0.000 0.000 0.000 0.132 0 1 0 0 0 0
 132 80956.000 150145.000 0 0 0.000 0.000 0.000 0.137 0 1 0 0 0 0
 133 47553.000 87818.000 0 0 0.000 0.000 0.000 0.143 0 1 0 0 0 0
 134 69610.000 144621.000 0 0 0.000 0.000 0.000 0.138 0 1 0 0 0 0
 135 54145.000 128579.000 0 0 0.000 0.000 0.000 0.133 0 1 0 0 0 0
 136 138472.000 140083.000 0 0 0.000 0.000 0.000 0.137 0 1 0 0 0 0
 137 47129.000 116591.000 0 0 0.000 0.000 0.000 0.133 0 1 0 0 0 0
 138 138338.000 58736.000 0 0 0.000 0.000 0.000 0.138 0 1 0 0 0 0
 139 101627.000 155823.000 0 0 0.000 0.000 0.000 0.139 0 1 0 0 0 0
 140 151246.000 123382.000 0 0 0.000 0.000 0.000 0.137 0 1 0 0 0 0
 141 53631.000 68031.000 0 0 0.000 0.000 0.000 0.130 0 1 0 0 0 0
 142 89743.000 43707.000 0 0 0.000 0.000 0.000 0.136 0 1 0 0 0 0
 143 106495.000 157090.000 0 0 0.000 0.000 0.000 0.146 0 1 0 0 0 0
 144 41553.000 99253.000 0 0 0.000 0.000 0.000 0.132 0 1 0 0 0 0
 145 132163.000 50795.000 0 0 0.000 0.000 0.000 0.139 0 1 0 0 0 0
 146 142672.000 59222.000 0 0 0.000 0.000 0.000 0.134 0 1 0 0 0 0
 147 80109.000 155291.000 0 0 0.000 0.000 0.000 0.134 0 1 0 0 0 0
 148 153855.000 124496.000 0 0 0.000 0.000 0.000 0.135 0 1 0 0 0 0
 149 144287.000 139833.000 0 0 0.000 0.000 0.000 0.140 0 1 0 0 0 0
 150 47936.000 128800.000 0 0 0.000 0.000 0.000 0.146 0 1 0 0 0 0
 151 40862.000 106368.000 0 0 0.000 0.000 0.000 0.167 0 1 0 0 0 0
 152 45957.000 73146.000 0 0 0.000 0.000 0.000 0.135 0 1 0 0 0 0
 153 105063.000 39535.000 0 0 0.000 0.000 0.000 0.133 0 1 0 0 0 0
 154 125317.000 43520.000 0 0 0.000 0.000 0.000 0.135 0 1 0 0 0 0
 155 158194.000 120129.000 0 0 0.000 0.000 0.000 0.130 0 1 0 0 0 0
 156 66076.000 48106.000 0 0 0.000 0.000 0.000 0.141 0 1 0 0 0 0
 157 162634.000 94618.000 0 0 0.000 0.000 0.000 0.134 0 1 0 0 0 0
 158 156034.000 128205.000 0 0 0.000 0.000 0.000 0.144 0 1 0 0 0 0
 159 126227.000 41630.000 0 0 0.000 0.000 0.000 0.132 0 1 0 0 0 0
 160 150001.000 139318.000 0 0 0.000 0.000 0.000 0.130 0 1 0 0 0 0
 161 39207.000 80623.000 0 0 0.000 0.000 0.000 0.146 0 1 0 0 0 0
 162 95679.000 163868.000 0 0 0.000 0.000 0.000 0.133 0 1 0 0 0 0
 163 49091.000 141593.000 0 0 0.000 0.000 0.000 0.145 0 1 0 0 0 0
 164 49008.000 141715.000 0 0 0.000 0.000 0.000 0.133 0 1 0 0 0 0
 165 112749.000 34839.000 0 0 0.000 0.000 0.000 0.131 0 1 0 0 0 0
 166 33432.000 103476.000 0 0 0.000 0.000 0.000 0.135 0 1 0 0 0 0
 167 41336.000 67348.000 0 0 0.000 0.000 0.000 0.140 0 1 0 0 0 0
 168 53156.000 148574.000 0 0 0.000 0.000 0.000 0.132 0 1 0 0 0 0
 169 103617.000 167591.000 0 0 0.000 0.000 0.000 0.137 0 1 0 0 0 0
 170 169079.000 106209.000 0 0 52.000 28.000 1456.000 38.157 0 1 3 210 0 0
 171 30100.000 110560.000 0 0 0.000 0.000 0.000 0.132 0 1 0 0 0 0
 172 58588.000 41612.000 0 0 0.000 0.000 0.000 0.130 0 1 0 0 0 0
 173 30933.000 81510.000 0 0 0.000 0.000 0.000 0.133 0 1 0 0 0 0
 174 163177.000 134984.000 0 0 0.000 0.000 0.000 0.142 0 1 0 0 0 0
 175 73285.000 31516.000 0 0 0.000 0.000 0.000 0.134 0 1 0 0 0 0
 176 30677.000 126395.000 0 0 0.000 0.000 0.000 0.134 0 1 0 0 0 0
 177 174407.000 102722.000 0 0 0.000 0.000 0.000 0.131 0 1 0 0 0 0
 178 54279.000 159090.000 0 0 50.000 54.000 2700.000 51.961 0 1 4 200 0 0
 179 54834.000 159710.000 0 0 50.000 54.000 2700.000 51.961 0 1 4 200 0 0
 180 88334.000 174203.000 0 0 0.000 0.000 0.000 0.169 0 1 0 0 0 0
 181 175572.000 103771.000 0 0 50.000 26.000 1300.000 36.055 0 1 2 200 0 0
 182 53795.000 159753.000 0 0 50.000 54.000 2700.000 51.961 0 1 4 200 0 0
 183 87077.000 174846.000 0 0 0.000 0.000 0.000 0.146 0 1 0 0 0 0
 184 53074.000 160123.000 0 0 50.000 54.000 2700.000 51.961 0 1 4 200 0 0
 185 173814.000 120876.000 0 0 0.000 0.000 0.000 0.135 0 1 0 0 0 0
 186 52276.000 160155.000 0 0 50.000 54.000 2700.000 51.961 0 1 4 200 0 0
 187 43407.000 153281.000 0 0 0.000 0.000 0.000 0.135 0 1 0 0 0 0
 188 51185.000 160534.000 0 0 0.000 0.000 0.000 0.150 0 1 0 0 0 0
 189 53975.000 163217.000 0 0 0.000 0.000 0.000 0.148 0 1 0 0 0 0
 190 50663.000 160791.000 0 0 0.000 0.000 0.000 0.154 0 1 0 0 0 0
 191 172828.000 129846.000 0 0 0.000 0.000 0.000 0.140 0 1 0 0 0 0
 192 40696.000 47535.000 0 0 0.000 0.000 0.000 0.140 0 1 0 0 0 0
 193 50023.000 161129.000 0 0 0.000 0.000 0.000 0.135 0 1 0 0 0 0
 194 52672.000 163449.000 0 0 0.000 0.000 0.000 0.194 0 1 0 0 0 0
 195 50539.000 162243.000 0 0 0.000 0.000 0.000 0.132 0 1 0 0 0 0
 196 132836.000 172561.000 0 0 0.000 0.000 0.000 0.130 0 1 0 0 0 0
 197 52865.000 164268.000 0 0 0.000 0.000 0.000 0.144 0 1 0 0 0 0
 198 54337.000 166510.000 0 0 0.000 0.000 0.000 0.165 0 1 0 0 0 0
 199 51638.000 164637.000 0 0 0.000 0.000 0.000 0.153 0 1 0 0 0 0
 200 57813.000 30271.000 0 0 0.000 0.000 0.000 0.130 0 1 0 0 0 0
 201 48264.000 162567.000 0 0 0.000 0.000 0.000 0.136 0 1 0 0 0 0
 202 51162.000 165621.000 0 0 48.000 56.000 2688.000 51.845 0 1 6 200 0 0
 203 50991.000 165984.000 0 0 48.000 56.000 2688.000 51.845 0 1 6 200 0 0
 204 51289.000 166453.000 0 0 48.000 56.000 2688.000 51.845 0 1 6 200 0 0
 205 50829.000 166296.000 0 0 48.000 56.000 2688.000 51.845 0 1 6 200 0 0
 206 49425.000 165269.000 0 0 0.000 0.000 0.000 0.137 0 1 0 0 0 0
 207 47650.000 163898.000 0 0 50.000 54.000 2700.000 51.961 0 1 5 200 0 0
 208 47564.000 164046.000 0 0 50.000 54.000 2700.000 51.961 0 1 5 200 0 0
 209 51383.000 167269.000 0 0 48.000 56.000 2688.000 51.845 0 1 6 200 0 0
 210 115259.000 181980.000 0 0 0.000 0.000 0.000 200000.000 0 1 0 200 0 0
 211 46938.000 163999.000 0 0 50.000 54.000 2700.000 51.961 0 1 5 200 0 0
 212 50519.000 166909.000 0 0 48.000 56.000 2688.000 51.845 0 1 6 200 0 0
 213 47335.000 164587.000 0 0 50.000 54.000 2700.000 51.961 0 1 5 200 0 0
 214 46388.000 163734.000 0 0 52.000 54.000 2808.000 52.990 0 1 5 200 0 0
 215 50026.000 167795.000 0 0 48.000 56.000 2688.000 51.845 0 1 7 200 0 0
 216 50020.000 167673.000 0 0 48.000 56.000 2688.000 51.845 0 1 7 200 0 0
 217 47911.000 166595.000 0 0 0.000 0.000 0.000 0.136 0 1 0 0 0 0
 218 49864.000 168192.000 0 0 48.000 56.000 2688.000 51.845 0 1 7 200 0 0
 219 49726.000 168456.000 0 0 48.000 56.000 2688.000 51.845 0 1 7 200 0 0
 220 50089.000 168812.000 0 0 48.000 56.000 2688.000 51.845 0 1 7 200 0 0
 221 179586.000 68281.000 0 0 0.000 0.000 0.000 0.142 0 1 0 0 0 0
 222 49585.000 168738.000 0 0 48.000 56.000 2688.000 51.845 0 1 7 200 0 0
 223 49864.000 169261.000 0 0 48.000 56.000 2688.000 51.845 0 1 7 200 0 0
 224 46523.000 166703.000 0 0 0.000 0.000 0.000 0.144 0 1 0 0 0 0
 225 47397.000 167607.000 0 0 0.000 0.000 0.000 0.139 0 1 0 0 0 0
 226 49316.000 169265.000 0 0 48.000 56.000 2688.000 51.845 0 1 7 200 0 0
 227 47304.000 167774.000 0 0 0.000 0.000 0.000 0.152 0 1 0 0 0 0
 228 47166.000 168047.000 0 0 0.000 0.000 0.000 0.141 0 1 0 0 0 0
 229 49527.000 169919.000 0 0 48.000 56.000 2688.000 51.845 0 1 7 200 0 0
 230 49324.000 170350.000 0 0 48.000 56.000 2688.000 51.845 0 1 7 200 0 0
 231 46829.000 168671.000 0 0 0.000 0.000 0.000 0.132 0 1 0 0 0 0
 232 95331.000 187454.000 0 0 0.000 0.000 0.000 0.144 0 1 0 0 0 0
 233 48953.000 171177.000 0 0 48.000 54.000 2592.000 50.911 0 1 8 210 0 0
 234 187126.000 112902.000 0 0 0.000 0.000 0.000 0.139 0 1 0 0 0 0
 235 46370.000 169547.000 0 0 0.000 0.000 0.000 0.168 0 1 0 0 0 0
 236 48636.000 171749.000 0 0 48.000 54.000 2592.000 50.911 0 1 8 210 0 0
 237 46319.000 170438.000 0 0 0.000 0.000 0.000 0.146 0 1 0 0 0 0
 238 48435.000 172213.000 0 0 48.000 54.000 2592.000 50.911 0 1 8 210 0 0
 239 45947.000 170341.000 0 0 0.000 0.000 0.000 0.131 0 1 0 0 0 0
 240 48079.000 172313.000 0 0 48.000 54.000 2592.000 50.911 0 1 8 210 0 0
 241 188845.000 88454.000 0 0 0.000 0.000 0.000 0.169 0 1 0 0 0 0
 242 178810.000 56309.000 0 0 0.000 0.000 0.000 0.135 0 1 0 0 0 0
 243 47834.000 172870.000 0 0 48.000 54.000 2592.000 50.911 0 1 8 210 0 0
 244 47784.000 172985.000 0 0 48.000 54.000 2592.000 50.911 0 1 8 210 0 0
 245 47709.000 173156.000 0 0 48.000 54.000 2592.000 50.911 0 1 8 210 0 0
 246 179006.000 55317.000 0 0 0.000 0.000 0.000 0.131 0 1 0 0 0 0
 247 47538.000 173553.000 0 0 48.000 54.000 2592.000 50.911 0 1 8 210 0 0
 248 190942.000 98168.000 0 0 50.000 24.000 1200.000 34.641 0 1 1 200 0 0
 249 191630.000 98130.000 0 0 50.000 24.000 1200.000 34.641 0 1 1 200 0 0
 250 8840.000 88152.000 0 0 0.000 0.000 0.000 0.152 0 1 0 0 0 0
 251 124709.000 10343.000 0 0 0.000 0.000 0.000 0.230 0 1 0 0 0 0
 252 183980.000 59986.000 0 0 0.000 0.000 0.000 0.269 0 1 0 0 0 0
 253 46037.000 175497.000 0 0 0.000 0.000 0.000 0.146 0 1 0 0 0 0
 254 17188.000 57724.000 0 0 0.000 0.000 0.000 0.133 0 1 0 0 0 0
 255 43684.000 174186.000 0 0 0.000 0.000 0.000 0.133 0 1 0 0 0 0
 256 194508.000 97469.000 0 0 0.000 0.000 0.000 200000.000 0 1 0 200 0 0
 257 175417.000 43447.000 0 0 0.000 0.000 0.000 0.144 0 1 0 0 0 0
 258 194674.000 97330.000 0 0 0.000 0.000 0.000 200000.000 0 1 0 200 0 0
 259 168317.000 106138.000 0 0 4.119 45.849 188.896 13.743 0 1 3 210 0 0
 260 168485.000 106165.000 0 0 5.024 55.811 280.437 16.746 0 1 3 210 0 0
 261 168656.000 106172.000 0 0 12.131 134.937 1636.965 40.459 0 1 3 210 0 0
 262 168828.000 106165.000 0 0 16.845 188.067 3168.050 56.285 0 1 3 210 0 0
 263 169003.000 106102.000 0 0 3.510 39.693 139.350 11.804 0 1 3 210 0 0
 264 168996.000 106198.000 0 0 13.074 145.528 1902.707 43.620 0 1 3 210 0 0
 265 169174.000 106117.000 0 0 1.466 16.579 24.310 4.930 0 1 3 210 0 0
 266 169167.000 106177.000 0 0 2.961 33.156 98.188 9.908 0 1 3 210 0 0
 267 169163.000 106229.000 0 0 5.673 62.993 357.417 18.905 0 1 3 210 0 0
 268 169331.000 106238.000 0 0 2.691 29.912 80.513 8.972 0 1 3 210 0 0
 269 175130.000 103872.000 0 0 1.485 28.812 42.787 6.541 0 1 2 200 0 0
 270 175123.000 104004.000 0 0 1.535 28.809 44.242 6.651 0 1 2 200 0 0
 271 175297.000 103947.000 0 0 9.272 176.867 1639.922 40.495 0 1 2 200 0 0
 272 175467.000 103955.000 0 0 9.858 188.119 1854.621 43.065 0 1 2 200 0 0
 273 175642.000 103869.000 0 0 1.113 21.756 24.216 4.920 0 1 2 200 0 0
 274 175636.000 103960.000 0 0 5.316 101.521 539.709 23.231 0 1 2 200 0 0
 275 191380.000 98385.000 0 0 1.471 83.225 122.444 11.065 0 1 1 200 0 0
 276 191549.000 98399.000 0 0 3.224 184.308 594.362 24.379 0 1 1 200 0 0
 277 191719.000 98396.000 0 0 3.538 202.232 715.624 26.751 0 1 1 200 0 0
 278 191891.000 98405.000 0 0 2.599 149.766 389.363 19.732 0 1 1 200 0 0;
ProcessEquipmentIDList 1
  "6565" ;
SummarySpec 5
  TESTNO    NDEFECT    DEFDENSITY    NDIE    NDEFDIE  ;
SummaryList 
  1    278    1.016    1    1  ;
EndOfFile;
