FileVersion 1 2;
FileTimestamp 02-07-26 22:25:27;
InspectionStationID "KLA-Tencor" "SFSSP1" "0901-0728-TBI";
SampleType WAFER;
ResultTimestamp 02-07-26 22:15:57;
LotID "2580";
SampleSize 1 200;
DeviceID "None";
SetupID "T2-2580NR" 02-07-26 22:15:57;
StepID "7002";
SampleOrientationMarkType NOTCH;
OrientationMarkLocation DOWN;
DiePitch 200000 200000;
DieOrigin 0 0;
WaferID "16";
Slot 16;
SampleCenterLocation 100000 100000;
ClassLookup 1
  0 "0"  ;
OrientationInstructions "Front";
CoordinatesMirrored No;
InspectionTest 1;
SampleTestPlan 1
  0 0 ;
AreaPerTest 2.73512e+010;
ClusterClassificationList 10
  3 210 
  4 200 
  5 210 
  2 210 
  6 210 
  1 210 
  8 200 
  10 210 
  7 210 
  9 200 ;
DefectRecordSpec 15 DEFECTID XREL YREL XINDEX YINDEX XSIZE YSIZE DEFECTAREA DSIZE CLASSNUMBER TEST CLUSTERNUMBER ROUGHBINNUMBER FINEBINNUMBER REVIEWSAMPLE ;
DefectList
 1 98009.000 106458.000 0 0 0.000 0.000 0.000 0.156 0 1 0 0 0 0
 2 93768.000 105622.000 0 0 0.000 0.000 0.000 0.136 0 1 0 0 0 0
 3 93843.000 93270.000 0 0 0.000 0.000 0.000 0.133 0 1 0 0 0 0
 4 91617.000 95706.000 0 0 0.000 0.000 0.000 0.133 0 1 0 0 0 0
 5 93551.000 91950.000 0 0 0.000 0.000 0.000 0.133 0 1 0 0 0 0
 6 93209.000 91712.000 0 0 0.000 0.000 0.000 0.132 0 1 0 0 0 0
 7 88123.000 101426.000 0 0 0.000 0.000 0.000 0.132 0 1 0 0 0 0
 8 87014.000 98853.000 0 0 0.000 0.000 0.000 0.142 0 1 0 0 0 0
 9 90604.000 109511.000 0 0 0.000 0.000 0.000 0.151 0 1 0 0 0 0
 10 103347.000 113683.000 0 0 0.000 0.000 0.000 0.149 0 1 0 0 0 0
 11 104218.000 85901.000 0 0 0.000 0.000 0.000 0.131 0 1 0 0 0 0
 12 96157.000 115620.000 0 0 0.000 0.000 0.000 0.143 0 1 0 0 0 0
 13 96494.000 84460.000 0 0 0.000 0.000 0.000 0.132 0 1 0 0 0 0
 14 90285.000 86739.000 0 0 0.000 0.000 0.000 0.130 0 1 0 0 0 0
 15 99928.000 83414.000 0 0 0.000 0.000 0.000 0.137 0 1 0 0 0 0
 16 106994.000 84999.000 0 0 0.000 0.000 0.000 0.140 0 1 0 0 0 0
 17 91061.000 115510.000 0 0 0.000 0.000 0.000 0.160 0 1 0 0 0 0
 18 113296.000 88285.000 0 0 0.000 0.000 0.000 0.135 0 1 0 0 0 0
 19 89729.000 84751.000 0 0 0.000 0.000 0.000 0.167 0 1 0 0 0 0
 20 107001.000 82463.000 0 0 0.000 0.000 0.000 0.165 0 1 0 0 0 0
 21 88223.000 84645.000 0 0 0.000 0.000 0.000 0.153 0 1 0 0 0 0
 22 82400.000 108974.000 0 0 0.000 0.000 0.000 0.141 0 1 0 0 0 0
 23 83801.000 111631.000 0 0 0.000 0.000 0.000 0.140 0 1 0 0 0 0
 24 112496.000 116683.000 0 0 0.000 0.000 0.000 0.138 0 1 0 0 0 0
 25 82005.000 89892.000 0 0 0.000 0.000 0.000 0.147 0 1 0 0 0 0
 26 115693.000 113896.000 0 0 0.000 0.000 0.000 0.134 0 1 0 0 0 0
 27 84292.000 114804.000 0 0 0.000 0.000 0.000 0.132 0 1 0 0 0 0
 28 110768.000 81704.000 0 0 0.000 0.000 0.000 0.144 0 1 0 0 0 0
 29 80523.000 91020.000 0 0 0.000 0.000 0.000 0.131 0 1 0 0 0 0
 30 118190.000 111795.000 0 0 0.000 0.000 0.000 0.132 0 1 0 0 0 0
 31 79114.000 91984.000 0 0 0.000 0.000 0.000 0.136 0 1 0 0 0 0
 32 98259.000 77715.000 0 0 0.000 0.000 0.000 0.136 0 1 0 0 0 0
 33 122146.000 105232.000 0 0 0.000 0.000 0.000 0.130 0 1 0 0 0 0
 34 119917.000 87912.000 0 0 0.000 0.000 0.000 0.148 0 1 0 0 0 0
 35 110160.000 121533.000 0 0 0.000 0.000 0.000 0.139 0 1 0 0 0 0
 36 110135.000 121722.000 0 0 0.000 0.000 0.000 0.138 0 1 0 0 0 0
 37 76105.000 102282.000 0 0 0.000 0.000 0.000 0.136 0 1 0 0 0 0
 38 86617.000 79110.000 0 0 0.000 0.000 0.000 0.137 0 1 0 0 0 0
 39 124905.000 102613.000 0 0 0.000 0.000 0.000 0.131 0 1 0 0 0 0
 40 83505.000 119732.000 0 0 0.000 0.000 0.000 0.134 0 1 0 0 0 0
 41 102854.000 126033.000 0 0 0.000 0.000 0.000 0.146 0 1 0 0 0 0
 42 99969.000 126287.000 0 0 24.000 51.000 1224.000 34.985 0 1 3 210 0 0
 43 73824.000 103144.000 0 0 0.000 0.000 0.000 0.132 0 1 0 0 0 0
 44 125303.000 107305.000 0 0 0.000 0.000 0.000 0.132 0 1 0 0 0 0
 45 100921.000 126645.000 0 0 24.000 50.000 1200.000 34.641 0 1 3 210 0 0
 46 103681.000 73999.000 0 0 0.000 0.000 0.000 0.135 0 1 0 0 0 0
 47 105673.000 74143.000 0 0 0.000 0.000 0.000 0.147 0 1 0 0 0 0
 48 101674.000 126947.000 0 0 26.000 50.000 1300.000 36.055 0 1 3 210 0 0
 49 101624.000 126947.000 0 0 26.000 50.000 1300.000 36.055 0 1 3 210 0 0
 50 101574.000 126917.000 0 0 26.000 50.000 1300.000 36.055 0 1 3 210 0 0
 51 101318.000 126798.000 0 0 26.000 50.000 1300.000 36.055 0 1 3 210 0 0
 52 114582.000 122747.000 0 0 0.000 0.000 0.000 0.131 0 1 0 0 0 0
 53 102050.000 127091.000 0 0 26.000 50.000 1300.000 36.055 0 1 3 210 0 0
 54 101753.000 126975.000 0 0 26.000 50.000 1300.000 36.055 0 1 3 210 0 0
 55 74323.000 91707.000 0 0 0.000 0.000 0.000 0.131 0 1 0 0 0 0
 56 102366.000 127222.000 0 0 28.000 52.000 1456.000 38.157 0 1 3 210 0 0
 57 102083.000 127121.000 0 0 26.000 50.000 1300.000 36.055 0 1 3 210 0 0
 58 106648.000 126697.000 0 0 0.000 0.000 0.000 0.132 0 1 0 0 0 0
 59 102767.000 127367.000 0 0 28.000 52.000 1456.000 38.157 0 1 3 210 0 0
 60 102622.000 127325.000 0 0 28.000 52.000 1456.000 38.157 0 1 3 210 0 0
 61 102567.000 127298.000 0 0 28.000 52.000 1456.000 38.157 0 1 3 210 0 0
 62 103117.000 127501.000 0 0 28.000 52.000 1456.000 38.157 0 1 3 210 0 0
 63 103100.000 127500.000 0 0 28.000 52.000 1456.000 38.157 0 1 3 210 0 0
 64 103064.000 127504.000 0 0 28.000 52.000 1456.000 38.157 0 1 3 210 0 0
 65 102873.000 127414.000 0 0 28.000 52.000 1456.000 38.157 0 1 3 210 0 0
 66 123179.000 85325.000 0 0 0.000 0.000 0.000 0.137 0 1 0 0 0 0
 67 103429.000 127632.000 0 0 30.000 52.000 1560.000 39.496 0 1 3 210 0 0
 68 103158.000 127519.000 0 0 28.000 52.000 1456.000 38.157 0 1 3 210 0 0
 69 103138.000 127514.000 0 0 28.000 52.000 1456.000 38.157 0 1 3 210 0 0
 70 103795.000 127764.000 0 0 30.000 52.000 1560.000 39.496 0 1 3 210 0 0
 71 103750.000 127760.000 0 0 30.000 52.000 1560.000 39.496 0 1 3 210 0 0
 72 103726.000 127754.000 0 0 30.000 52.000 1560.000 39.496 0 1 3 210 0 0
 73 103685.000 127728.000 0 0 30.000 52.000 1560.000 39.496 0 1 3 210 0 0
 74 104107.000 127880.000 0 0 30.000 52.000 1560.000 39.496 0 1 3 210 0 0
 75 72950.000 92700.000 0 0 0.000 0.000 0.000 0.136 0 1 0 0 0 0
 76 84679.000 76749.000 0 0 0.000 0.000 0.000 0.137 0 1 0 0 0 0
 77 104412.000 128005.000 0 0 30.000 52.000 1560.000 39.496 0 1 3 210 0 0
 78 104244.000 127934.000 0 0 30.000 52.000 1560.000 39.496 0 1 3 210 0 0
 79 84529.000 76629.000 0 0 0.000 0.000 0.000 0.133 0 1 0 0 0 0
 80 104737.000 128123.000 0 0 32.000 52.000 1664.000 40.792 0 1 3 210 0 0
 81 104668.000 128114.000 0 0 32.000 52.000 1664.000 40.792 0 1 3 210 0 0
 82 104572.000 128059.000 0 0 32.000 52.000 1664.000 40.792 0 1 3 210 0 0
 83 104535.000 128039.000 0 0 30.000 52.000 1560.000 39.496 0 1 3 210 0 0
 84 104480.000 128034.000 0 0 30.000 52.000 1560.000 39.496 0 1 3 210 0 0
 85 104463.000 128035.000 0 0 30.000 52.000 1560.000 39.496 0 1 3 210 0 0
 86 105022.000 128238.000 0 0 32.000 54.000 1728.000 41.569 0 1 3 210 0 0
 87 104963.000 128228.000 0 0 32.000 54.000 1728.000 41.569 0 1 3 210 0 0
 88 104692.000 128130.000 0 0 32.000 52.000 1664.000 40.792 0 1 3 210 0 0
 89 108181.000 72925.000 0 0 0.000 0.000 0.000 0.148 0 1 0 0 0 0
 90 105333.000 128335.000 0 0 32.000 54.000 1728.000 41.569 0 1 3 210 0 0
 91 105655.000 128470.000 0 0 32.000 54.000 1728.000 41.569 0 1 3 210 0 0
 92 105968.000 128588.000 0 0 34.000 54.000 1836.000 42.848 0 1 3 210 0 0
 93 106232.000 128694.000 0 0 34.000 54.000 1836.000 42.848 0 1 3 210 0 0
 94 106108.000 128636.000 0 0 34.000 54.000 1836.000 42.848 0 1 3 210 0 0
 95 106537.000 128799.000 0 0 34.000 54.000 1836.000 42.848 0 1 3 210 0 0
 96 85302.000 74508.000 0 0 0.000 0.000 0.000 0.140 0 1 0 0 0 0
 97 107420.000 129107.000 0 0 36.000 54.000 1944.000 44.090 0 1 3 210 0 0
 98 107102.000 129013.000 0 0 34.000 54.000 1836.000 42.848 0 1 3 210 0 0
 99 107620.000 129156.000 0 0 36.000 56.000 2016.000 44.899 0 1 3 210 0 0
 100 103655.000 129962.000 0 0 0.000 0.000 0.000 0.132 0 1 0 0 0 0
 101 107940.000 129316.000 0 0 36.000 56.000 2016.000 44.899 0 1 3 210 0 0
 102 107780.000 129273.000 0 0 36.000 56.000 2016.000 44.899 0 1 3 210 0 0
 103 108248.000 129411.000 0 0 36.000 56.000 2016.000 44.899 0 1 3 210 0 0
 104 89642.000 128731.000 0 0 0.000 0.000 0.000 0.134 0 1 0 0 0 0
 105 75628.000 82124.000 0 0 0.000 0.000 0.000 0.132 0 1 0 0 0 0
 106 108525.000 129508.000 0 0 36.000 56.000 2016.000 44.899 0 1 3 210 0 0
 107 72543.000 86839.000 0 0 0.000 0.000 0.000 0.142 0 1 0 0 0 0
 108 108749.000 129618.000 0 0 38.000 54.000 2052.000 45.299 0 1 3 210 0 0
 109 129237.000 90712.000 0 0 0.000 0.000 0.000 0.136 0 1 0 0 0 0
 110 69113.000 102748.000 0 0 0.000 0.000 0.000 0.136 0 1 0 0 0 0
 111 130966.000 100118.000 0 0 0.000 0.000 0.000 0.132 0 1 0 0 0 0
 112 109009.000 129717.000 0 0 38.000 54.000 2052.000 45.299 0 1 3 210 0 0
 113 109580.000 129894.000 0 0 38.000 54.000 2052.000 45.299 0 1 3 210 0 0
 114 110097.000 130078.000 0 0 38.000 54.000 2052.000 45.299 0 1 3 210 0 0
 115 109799.000 130000.000 0 0 38.000 54.000 2052.000 45.299 0 1 3 210 0 0
 116 123051.000 78674.000 0 0 0.000 0.000 0.000 0.131 0 1 0 0 0 0
 117 110315.000 130183.000 0 0 40.000 54.000 2160.000 46.475 0 1 3 210 0 0
 118 131855.000 97993.000 0 0 0.000 0.000 0.000 0.135 0 1 0 0 0 0
 119 110575.000 130273.000 0 0 40.000 54.000 2160.000 46.475 0 1 3 210 0 0
 120 89534.000 130575.000 0 0 0.000 0.000 0.000 0.132 0 1 0 0 0 0
 121 110828.000 130363.000 0 0 40.000 56.000 2240.000 47.328 0 1 3 210 0 0
 122 131823.000 94946.000 0 0 0.000 0.000 0.000 0.130 0 1 0 0 0 0
 123 111328.000 130541.000 0 0 40.000 56.000 2240.000 47.328 0 1 3 210 0 0
 124 111081.000 130452.000 0 0 40.000 56.000 2240.000 47.328 0 1 3 210 0 0
 125 106006.000 132013.000 0 0 0.000 0.000 0.000 0.141 0 1 0 0 0 0
 126 70538.000 86141.000 0 0 0.000 0.000 0.000 0.135 0 1 0 0 0 0
 127 111870.000 130697.000 0 0 42.000 56.000 2352.000 48.497 0 1 3 210 0 0
 128 112363.000 130866.000 0 0 42.000 56.000 2352.000 48.497 0 1 3 210 0 0
 129 112157.000 130853.000 0 0 42.000 56.000 2352.000 48.497 0 1 3 210 0 0
 130 112855.000 131031.000 0 0 42.000 56.000 2352.000 48.497 0 1 3 210 0 0
 131 84884.000 70458.000 0 0 0.000 0.000 0.000 0.160 0 1 0 0 0 0
 132 118676.000 128193.000 0 0 0.000 0.000 0.000 0.151 0 1 0 0 0 0
 133 113332.000 131196.000 0 0 42.000 54.000 2268.000 47.623 0 1 3 210 0 0
 134 113521.000 131300.000 0 0 42.000 54.000 2268.000 47.623 0 1 3 210 0 0
 135 113808.000 131359.000 0 0 42.000 54.000 2268.000 47.623 0 1 3 210 0 0
 136 129208.000 82552.000 0 0 0.000 0.000 0.000 0.138 0 1 0 0 0 0
 137 114042.000 131440.000 0 0 42.000 54.000 2268.000 47.623 0 1 3 210 0 0
 138 114503.000 131603.000 0 0 42.000 56.000 2352.000 48.497 0 1 3 210 0 0
 139 114970.000 131759.000 0 0 42.000 56.000 2352.000 48.497 0 1 3 210 0 0
 140 78606.000 127807.000 0 0 0.000 0.000 0.000 0.145 0 1 0 0 0 0
 141 128388.000 79840.000 0 0 0.000 0.000 0.000 0.137 0 1 0 0 0 0
 142 135140.000 99505.000 0 0 0.000 0.000 0.000 0.145 0 1 0 0 0 0
 143 115843.000 132091.000 0 0 0.000 0.000 0.000 0.134 0 1 0 0 0 0
 144 67881.000 83660.000 0 0 0.000 0.000 0.000 0.151 0 1 0 0 0 0
 145 102211.000 136326.000 0 0 0.000 0.000 0.000 0.131 0 1 0 0 0 0
 146 136319.000 99249.000 0 0 0.000 0.000 0.000 0.137 0 1 0 0 0 0
 147 116749.000 132388.000 0 0 44.000 56.000 2464.000 49.638 0 1 4 200 0 0
 148 96203.000 63728.000 0 0 0.000 0.000 0.000 0.140 0 1 0 0 0 0
 149 117423.000 132608.000 0 0 44.000 56.000 2464.000 49.638 0 1 4 200 0 0
 150 116293.000 133029.000 0 0 44.000 56.000 2464.000 49.638 0 1 4 200 0 0
 151 117641.000 132684.000 0 0 44.000 55.000 2420.000 49.193 0 1 4 200 0 0
 152 110360.000 64482.000 0 0 0.000 0.000 0.000 0.139 0 1 0 0 0 0
 153 117867.000 132754.000 0 0 44.000 54.000 2376.000 48.744 0 1 4 200 0 0
 154 137133.000 104390.000 0 0 0.000 0.000 0.000 0.137 0 1 0 0 0 0
 155 127462.000 74650.000 0 0 0.000 0.000 0.000 0.145 0 1 0 0 0 0
 156 137596.000 98728.000 0 0 0.000 0.000 0.000 0.137 0 1 0 0 0 0
 157 118742.000 133042.000 0 0 0.000 0.000 0.000 0.136 0 1 0 0 0 0
 158 62542.000 106410.000 0 0 0.000 0.000 0.000 0.130 0 1 0 0 0 0
 159 119222.000 133158.000 0 0 0.000 0.000 0.000 0.136 0 1 0 0 0 0
 160 72820.000 127706.000 0 0 0.000 0.000 0.000 0.134 0 1 0 0 0 0
 161 67629.000 122526.000 0 0 0.000 0.000 0.000 0.136 0 1 0 0 0 0
 162 120728.000 133637.000 0 0 0.000 0.000 0.000 0.135 0 1 0 0 0 0
 163 121098.000 133807.000 0 0 0.000 0.000 0.000 0.135 0 1 0 0 0 0
 164 95758.000 140020.000 0 0 0.000 0.000 0.000 0.135 0 1 0 0 0 0
 165 121531.000 133935.000 0 0 0.000 0.000 0.000 0.136 0 1 0 0 0 0
 166 79136.000 134748.000 0 0 0.000 0.000 0.000 0.132 0 1 0 0 0 0
 167 141088.000 99373.000 0 0 0.000 0.000 0.000 0.143 0 1 0 0 0 0
 168 71842.000 70094.000 0 0 0.000 0.000 0.000 0.134 0 1 0 0 0 0
 169 62088.000 117076.000 0 0 0.000 0.000 0.000 0.136 0 1 0 0 0 0
 170 77616.000 63857.000 0 0 0.000 0.000 0.000 0.135 0 1 0 0 0 0
 171 117998.000 61679.000 0 0 0.000 0.000 0.000 0.130 0 1 0 0 0 0
 172 141691.000 109045.000 0 0 0.000 0.000 0.000 0.131 0 1 0 0 0 0
 173 58657.000 88689.000 0 0 0.000 0.000 0.000 0.139 0 1 0 0 0 0
 174 57011.000 96842.000 0 0 0.000 0.000 0.000 0.142 0 1 0 0 0 0
 175 119794.000 139218.000 0 0 0.000 0.000 0.000 0.138 0 1 0 0 0 0
 176 57383.000 109847.000 0 0 0.000 0.000 0.000 0.130 0 1 0 0 0 0
 177 121422.000 138560.000 0 0 0.000 0.000 0.000 0.141 0 1 0 0 0 0
 178 121226.000 139265.000 0 0 0.000 0.000 0.000 0.136 0 1 0 0 0 0
 179 91387.000 56569.000 0 0 0.000 0.000 0.000 0.135 0 1 0 0 0 0
 180 100731.000 145033.000 0 0 0.000 0.000 0.000 0.132 0 1 0 0 0 0
 181 125384.000 63354.000 0 0 0.000 0.000 0.000 0.161 0 1 0 0 0 0
 182 73313.000 63760.000 0 0 0.000 0.000 0.000 0.142 0 1 0 0 0 0
 183 70589.000 65778.000 0 0 0.000 0.000 0.000 0.137 0 1 0 0 0 0
 184 65959.000 130810.000 0 0 0.000 0.000 0.000 0.133 0 1 0 0 0 0
 185 97144.000 146353.000 0 0 0.000 0.000 0.000 0.138 0 1 0 0 0 0
 186 67713.000 133104.000 0 0 0.000 0.000 0.000 0.151 0 1 0 0 0 0
 187 94454.000 54333.000 0 0 0.000 0.000 0.000 0.135 0 1 0 0 0 0
 188 141179.000 121613.000 0 0 0.000 0.000 0.000 0.131 0 1 0 0 0 0
 189 60326.000 75728.000 0 0 0.000 0.000 0.000 0.142 0 1 0 0 0 0
 190 65995.000 132595.000 0 0 0.000 0.000 0.000 0.135 0 1 0 0 0 0
 191 97127.000 147229.000 0 0 0.000 0.000 0.000 0.135 0 1 0 0 0 0
 192 138981.000 127061.000 0 0 0.000 0.000 0.000 0.141 0 1 0 0 0 0
 193 135495.000 131333.000 0 0 0.000 0.000 0.000 0.133 0 1 0 0 0 0
 194 87136.000 146321.000 0 0 0.000 0.000 0.000 0.138 0 1 0 0 0 0
 195 127500.000 139485.000 0 0 0.000 0.000 0.000 0.146 0 1 0 0 0 0
 196 51982.000 100003.000 0 0 0.000 0.000 0.000 0.148 0 1 0 0 0 0
 197 52487.000 108090.000 0 0 0.000 0.000 0.000 0.133 0 1 0 0 0 0
 198 52239.000 109863.000 0 0 0.000 0.000 0.000 0.135 0 1 0 0 0 0
 199 120901.000 55913.000 0 0 0.000 0.000 0.000 0.143 0 1 0 0 0 0
 200 51758.000 110084.000 0 0 0.000 0.000 0.000 0.139 0 1 0 0 0 0
 201 50766.000 100636.000 0 0 0.000 0.000 0.000 0.130 0 1 0 0 0 0
 202 95255.000 50967.000 0 0 0.000 0.000 0.000 0.142 0 1 0 0 0 0
 203 131612.000 138235.000 0 0 0.000 0.000 0.000 0.133 0 1 0 0 0 0
 204 95827.000 149561.000 0 0 0.000 0.000 0.000 0.140 0 1 0 0 0 0
 205 50462.000 100437.000 0 0 0.000 0.000 0.000 0.130 0 1 0 0 0 0
 206 107429.000 149685.000 0 0 0.000 0.000 0.000 0.130 0 1 0 0 0 0
 207 70063.000 140315.000 0 0 0.000 0.000 0.000 0.138 0 1 0 0 0 0
 208 123577.000 56065.000 0 0 0.000 0.000 0.000 0.134 0 1 0 0 0 0
 209 60468.000 131623.000 0 0 0.000 0.000 0.000 0.140 0 1 0 0 0 0
 210 141840.000 128398.000 0 0 0.000 0.000 0.000 0.153 0 1 0 0 0 0
 211 55618.000 75865.000 0 0 0.000 0.000 0.000 0.131 0 1 0 0 0 0
 212 148738.000 85876.000 0 0 0.000 0.000 0.000 0.133 0 1 0 0 0 0
 213 127796.000 57142.000 0 0 0.000 0.000 0.000 0.134 0 1 0 0 0 0
 214 144556.000 125637.000 0 0 0.000 0.000 0.000 0.149 0 1 0 0 0 0
 215 117184.000 51695.000 0 0 0.000 0.000 0.000 0.138 0 1 0 0 0 0
 216 60892.000 66470.000 0 0 0.000 0.000 0.000 0.135 0 1 0 0 0 0
 217 48352.000 95813.000 0 0 0.000 0.000 0.000 0.138 0 1 0 0 0 0
 218 76258.000 54241.000 0 0 0.000 0.000 0.000 0.133 0 1 0 0 0 0
 219 89938.000 48725.000 0 0 0.000 0.000 0.000 0.130 0 1 0 0 0 0
 220 62296.000 136880.000 0 0 0.000 0.000 0.000 0.150 0 1 0 0 0 0
 221 134967.000 60597.000 0 0 0.000 0.000 0.000 0.132 0 1 0 0 0 0
 222 151339.000 112856.000 0 0 0.000 0.000 0.000 0.142 0 1 0 0 0 0
 223 95465.000 47256.000 0 0 0.000 0.000 0.000 0.132 0 1 0 0 0 0
 224 100206.000 46384.000 0 0 0.000 0.000 0.000 0.132 0 1 0 0 0 0
 225 137173.000 139136.000 0 0 52.000 54.000 2808.000 52.990 0 1 5 210 0 0
 226 153412.000 108071.000 0 0 0.000 0.000 0.000 0.133 0 1 0 0 0 0
 227 55662.000 68142.000 0 0 0.000 0.000 0.000 0.141 0 1 0 0 0 0
 228 45241.000 96891.000 0 0 0.000 0.000 0.000 0.130 0 1 0 0 0 0
 229 117757.000 152456.000 0 0 0.000 0.000 0.000 0.131 0 1 0 0 0 0
 230 57430.000 135399.000 0 0 0.000 0.000 0.000 0.141 0 1 0 0 0 0
 231 45031.000 96743.000 0 0 0.000 0.000 0.000 0.130 0 1 0 0 0 0
 232 68818.000 146003.000 0 0 0.000 0.000 0.000 0.130 0 1 0 0 0 0
 233 62811.000 58014.000 0 0 0.000 0.000 0.000 0.143 0 1 0 0 0 0
 234 155783.000 111087.000 0 0 0.000 0.000 0.000 0.131 0 1 0 0 0 0
 235 43134.000 95413.000 0 0 50.000 28.000 1400.000 37.416 0 1 2 210 0 0
 236 42646.000 95073.000 0 0 52.000 28.000 1456.000 38.157 0 1 2 210 0 0
 237 81355.000 45686.000 0 0 0.000 0.000 0.000 0.146 0 1 0 0 0 0
 238 148799.000 130817.000 0 0 0.000 0.000 0.000 0.133 0 1 0 0 0 0
 239 42347.000 94856.000 0 0 52.000 28.000 1456.000 38.157 0 1 2 210 0 0
 240 42167.000 94727.000 0 0 52.000 28.000 1456.000 38.157 0 1 2 210 0 0
 241 41974.000 94588.000 0 0 52.000 28.000 1456.000 38.157 0 1 2 210 0 0
 242 143124.000 139771.000 0 0 0.000 0.000 0.000 0.136 0 1 0 0 0 0
 243 41685.000 94388.000 0 0 52.000 28.000 1456.000 38.157 0 1 2 210 0 0
 244 67275.000 51679.000 0 0 0.000 0.000 0.000 0.131 0 1 0 0 0 0
 245 133586.000 148362.000 0 0 0.000 0.000 0.000 0.132 0 1 0 0 0 0
 246 151073.000 71067.000 0 0 0.000 0.000 0.000 0.139 0 1 0 0 0 0
 247 41228.000 94055.000 0 0 52.000 28.000 1456.000 38.157 0 1 2 210 0 0
 248 44032.000 81099.000 0 0 0.000 0.000 0.000 0.135 0 1 0 0 0 0
 249 156464.000 119647.000 0 0 0.000 0.000 0.000 0.136 0 1 0 0 0 0
 250 151697.000 130094.000 0 0 0.000 0.000 0.000 0.131 0 1 0 0 0 0
 251 43978.000 121258.000 0 0 0.000 0.000 0.000 0.136 0 1 0 0 0 0
 252 40578.000 93587.000 0 0 52.000 28.000 1456.000 38.157 0 1 2 210 0 0
 253 140047.000 144521.000 0 0 0.000 0.000 0.000 0.130 0 1 0 0 0 0
 254 40406.000 93469.000 0 0 52.000 28.000 1456.000 38.157 0 1 2 210 0 0
 255 82952.000 42710.000 0 0 0.000 0.000 0.000 0.134 0 1 0 0 0 0
 256 40290.000 93385.000 0 0 52.000 28.000 1456.000 38.157 0 1 2 210 0 0
 257 40167.000 93293.000 0 0 52.000 28.000 1456.000 38.157 0 1 2 210 0 0
 258 90532.000 40555.000 0 0 0.000 0.000 0.000 0.146 0 1 0 0 0 0
 259 145581.000 140335.000 0 0 52.000 50.000 2600.000 50.990 0 1 6 210 0 0
 260 39471.000 92789.000 0 0 52.000 28.000 1456.000 38.157 0 1 2 210 0 0
 261 42788.000 78986.000 0 0 0.000 0.000 0.000 0.135 0 1 0 0 0 0
 262 145959.000 140421.000 0 0 52.000 52.000 2704.000 52.000 0 1 6 210 0 0
 263 81367.000 41989.000 0 0 0.000 0.000 0.000 0.138 0 1 0 0 0 0
 264 148679.000 137400.000 0 0 0.000 0.000 0.000 0.140 0 1 0 0 0 0
 265 146345.000 140496.000 0 0 52.000 52.000 2704.000 52.000 0 1 6 210 0 0
 266 146533.000 140539.000 0 0 52.000 52.000 2704.000 52.000 0 1 6 210 0 0
 267 137336.000 51044.000 0 0 0.000 0.000 0.000 0.132 0 1 0 0 0 0
 268 155314.000 72400.000 0 0 0.000 0.000 0.000 0.135 0 1 0 0 0 0
 269 146846.000 140574.000 0 0 52.000 52.000 2704.000 52.000 0 1 6 210 0 0
 270 146721.000 140581.000 0 0 52.000 52.000 2704.000 52.000 0 1 6 210 0 0
 271 120490.000 41778.000 0 0 0.000 0.000 0.000 0.133 0 1 0 0 0 0
 272 91168.000 37173.000 0 0 0.000 0.000 0.000 0.133 0 1 0 0 0 0
 273 36942.000 90920.000 0 0 0.000 0.000 0.000 0.130 0 1 0 0 0 0
 274 44054.000 131750.000 0 0 0.000 0.000 0.000 0.144 0 1 0 0 0 0
 275 139652.000 49345.000 0 0 0.000 0.000 0.000 0.152 0 1 0 0 0 0
 276 163532.000 112264.000 0 0 0.000 0.000 0.000 0.148 0 1 0 0 0 0
 277 164343.000 88225.000 0 0 0.000 0.000 0.000 0.283 0 1 0 0 0 0
 278 98946.000 165758.000 0 0 0.000 0.000 0.000 0.138 0 1 0 0 0 0
 279 42448.000 131818.000 0 0 0.000 0.000 0.000 0.138 0 1 0 0 0 0
 280 151080.000 142349.000 0 0 0.000 0.000 0.000 0.208 0 1 0 0 0 0
 281 120203.000 163528.000 0 0 0.000 0.000 0.000 0.249 0 1 0 0 0 0
 282 129364.000 159984.000 0 0 0.000 0.000 0.000 0.130 0 1 0 0 0 0
 283 53690.000 52134.000 0 0 0.000 0.000 0.000 0.130 0 1 0 0 0 0
 284 107660.000 33688.000 0 0 0.000 0.000 0.000 0.140 0 1 0 0 0 0
 285 127353.000 38817.000 0 0 0.000 0.000 0.000 0.133 0 1 0 0 0 0
 286 121857.000 163950.000 0 0 0.000 0.000 0.000 0.143 0 1 0 0 0 0
 287 126691.000 162640.000 0 0 0.000 0.000 0.000 0.130 0 1 0 0 0 0
 288 154965.000 141783.000 0 0 0.000 0.000 0.000 0.202 0 1 0 0 0 0
 289 69973.000 162907.000 0 0 0.000 0.000 0.000 0.142 0 1 0 0 0 0
 290 56654.000 154770.000 0 0 0.000 0.000 0.000 0.139 0 1 0 0 0 0
 291 155588.000 57821.000 0 0 0.000 0.000 0.000 0.130 0 1 0 0 0 0
 292 41819.000 60314.000 0 0 0.000 0.000 0.000 0.134 0 1 0 0 0 0
 293 169890.000 112006.000 0 0 0.000 0.000 0.000 0.140 0 1 0 0 0 0
 294 32176.000 79237.000 0 0 0.000 0.000 0.000 0.131 0 1 0 0 0 0
 295 164586.000 130419.000 0 0 0.000 0.000 0.000 0.152 0 1 0 0 0 0
 296 132189.000 164861.000 0 0 0.000 0.000 0.000 0.138 0 1 0 0 0 0
 297 64957.000 37133.000 0 0 0.000 0.000 0.000 0.174 0 1 0 0 0 0
 298 118099.000 30073.000 0 0 0.000 0.000 0.000 0.131 0 1 0 0 0 0
 299 146543.000 156131.000 0 0 0.000 0.000 0.000 0.130 0 1 0 0 0 0
 300 27505.000 108074.000 0 0 0.000 0.000 0.000 0.146 0 1 0 0 0 0
 301 165327.000 66169.000 0 0 0.000 0.000 0.000 0.136 0 1 0 0 0 0
 302 126517.000 171123.000 0 0 0.000 0.000 0.000 0.147 0 1 0 0 0 0
 303 153852.000 153499.000 0 0 0.000 0.000 0.000 0.275 0 1 0 0 0 0
 304 145246.000 162120.000 0 0 0.000 0.000 0.000 0.157 0 1 0 0 0 0
 305 149762.000 41444.000 0 0 0.000 0.000 0.000 0.130 0 1 0 0 0 0
 306 149992.000 41373.000 0 0 0.000 0.000 0.000 0.130 0 1 0 0 0 0
 307 150154.000 41321.000 0 0 0.000 0.000 0.000 0.130 0 1 0 0 0 0
 308 161157.000 148064.000 0 0 0.000 0.000 0.000 0.321 0 1 0 0 0 0
 309 156295.000 153844.000 0 0 0.000 0.000 0.000 0.159 0 1 0 0 0 0
 310 167541.000 139444.000 0 0 0.000 0.000 0.000 0.135 0 1 0 0 0 0
 311 151131.000 41012.000 0 0 0.000 0.000 0.000 0.131 0 1 0 0 0 0
 312 151368.000 40940.000 0 0 0.000 0.000 0.000 0.130 0 1 0 0 0 0
 313 146694.000 163393.000 0 0 0.000 0.000 0.000 0.235 0 1 0 0 0 0
 314 151503.000 40899.000 0 0 0.000 0.000 0.000 0.130 0 1 0 0 0 0
 315 151690.000 40834.000 0 0 0.000 0.000 0.000 0.133 0 1 0 0 0 0
 316 174586.000 125572.000 0 0 0.000 0.000 0.000 0.131 0 1 0 0 0 0
 317 152511.000 40593.000 0 0 50.000 52.000 2600.000 50.990 0 1 1 210 0 0
 318 152768.000 160053.000 0 0 0.000 0.000 0.000 0.245 0 1 0 0 0 0
 319 153045.000 40405.000 0 0 50.000 52.000 2600.000 50.990 0 1 1 210 0 0
 320 153235.000 40346.000 0 0 50.000 52.000 2600.000 50.990 0 1 1 210 0 0
 321 153447.000 40299.000 0 0 50.000 54.000 2700.000 51.961 0 1 1 210 0 0
 322 157785.000 156462.000 0 0 0.000 0.000 0.000 0.152 0 1 0 0 0 0
 323 153714.000 40187.000 0 0 50.000 54.000 2700.000 51.961 0 1 1 210 0 0
 324 153861.000 40143.000 0 0 50.000 54.000 2700.000 51.961 0 1 1 210 0 0
 325 154302.000 39984.000 0 0 50.000 54.000 2700.000 51.961 0 1 1 210 0 0
 326 154437.000 39951.000 0 0 50.000 54.000 2700.000 51.961 0 1 1 210 0 0
 327 154626.000 39882.000 0 0 50.000 54.000 2700.000 51.961 0 1 1 210 0 0
 328 115557.000 180133.000 0 0 0.000 0.000 0.000 0.207 0 1 0 0 0 0
 329 154800.000 39846.000 0 0 50.000 54.000 2700.000 51.961 0 1 1 210 0 0
 330 155396.000 39636.000 0 0 50.000 54.000 2700.000 51.961 0 1 1 210 0 0
 331 175741.000 68765.000 0 0 0.000 0.000 0.000 0.134 0 1 0 0 0 0
 332 155794.000 39499.000 0 0 50.000 54.000 2700.000 51.961 0 1 1 210 0 0
 333 158608.000 158747.000 0 0 0.000 0.000 0.000 0.132 0 1 0 0 0 0
 334 156156.000 39381.000 0 0 50.000 54.000 2700.000 51.961 0 1 1 210 0 0
 335 156271.000 39350.000 0 0 52.000 54.000 2808.000 52.990 0 1 1 210 0 0
 336 156564.000 39245.000 0 0 52.000 54.000 2808.000 52.990 0 1 1 210 0 0
 337 156910.000 39108.000 0 0 52.000 54.000 2808.000 52.990 0 1 1 210 0 0
 338 157066.000 39063.000 0 0 52.000 54.000 2808.000 52.990 0 1 1 210 0 0
 339 163162.000 154915.000 0 0 0.000 0.000 0.000 0.206 0 1 0 0 0 0
 340 157257.000 39013.000 0 0 52.000 54.000 2808.000 52.990 0 1 1 210 0 0
 341 157481.000 38938.000 0 0 52.000 54.000 2808.000 52.990 0 1 1 210 0 0
 342 157616.000 38876.000 0 0 52.000 54.000 2808.000 52.990 0 1 1 210 0 0
 343 157742.000 38849.000 0 0 52.000 54.000 2808.000 52.990 0 1 1 210 0 0
 344 152832.000 166074.000 0 0 0.000 0.000 0.000 0.140 0 1 0 0 0 0
 345 157918.000 38804.000 0 0 52.000 54.000 2808.000 52.990 0 1 1 210 0 0
 346 163104.000 156408.000 0 0 0.000 0.000 0.000 0.220 0 1 0 0 0 0
 347 158075.000 38756.000 0 0 52.000 54.000 2808.000 52.990 0 1 1 210 0 0
 348 161065.000 158516.000 0 0 54.000 52.000 2808.000 52.990 0 1 8 200 0 0
 349 162950.000 156945.000 0 0 0.000 0.000 0.000 0.217 0 1 0 0 0 0
 350 162951.000 156946.000 0 0 0.000 0.000 0.000 0.186 0 1 0 0 0 0
 351 110662.000 184398.000 0 0 0.000 0.000 0.000 0.134 0 1 0 0 0 0
 352 158526.000 38570.000 0 0 52.000 54.000 2808.000 52.990 0 1 1 210 0 0
 353 161877.000 158805.000 0 0 54.000 52.000 2808.000 52.990 0 1 8 200 0 0
 354 147856.000 170750.000 0 0 0.000 0.000 0.000 0.208 0 1 0 0 0 0
 355 158970.000 38429.000 0 0 52.000 54.000 2808.000 52.990 0 1 1 210 0 0
 356 152548.000 168261.000 0 0 0.000 0.000 0.000 0.245 0 1 0 0 0 0
 357 159968.000 38086.000 0 0 52.000 52.000 2704.000 52.000 0 1 1 210 0 0
 358 165326.000 157013.000 0 0 0.000 0.000 0.000 0.208 0 1 0 0 0 0
 359 154595.000 167730.000 0 0 0.000 0.000 0.000 0.130 0 1 0 0 0 0
 360 160589.000 37869.000 0 0 52.000 52.000 2704.000 52.000 0 1 1 210 0 0
 361 160749.000 37811.000 0 0 52.000 52.000 2704.000 52.000 0 1 1 210 0 0
 362 161102.000 37684.000 0 0 52.000 52.000 2704.000 52.000 0 1 1 210 0 0
 363 165914.000 157891.000 0 0 0.000 0.000 0.000 0.161 0 1 0 0 0 0
 364 160782.000 163191.000 0 0 0.000 0.000 0.000 0.413 0 1 0 0 0 0
 365 161311.000 37609.000 0 0 52.000 52.000 2704.000 52.000 0 1 1 210 0 0
 366 177431.000 141394.000 0 0 0.000 0.000 0.000 0.138 0 1 0 0 0 0
 367 161752.000 37448.000 0 0 52.000 52.000 2704.000 52.000 0 1 1 210 0 0
 368 161822.000 37425.000 0 0 52.000 52.000 2704.000 52.000 0 1 1 210 0 0
 369 162027.000 37350.000 0 0 52.000 52.000 2704.000 52.000 0 1 1 210 0 0
 370 160110.000 164933.000 0 0 0.000 0.000 0.000 0.250 0 1 0 0 0 0
 371 162288.000 37254.000 0 0 52.000 52.000 2704.000 52.000 0 1 1 210 0 0
 372 162421.000 37211.000 0 0 52.000 52.000 2704.000 52.000 0 1 1 210 0 0
 373 142112.000 178396.000 0 0 44.000 56.000 2464.000 49.638 0 1 10 210 0 0
 374 162666.000 37096.000 0 0 52.000 52.000 2704.000 52.000 0 1 1 210 0 0
 375 167335.000 158109.000 0 0 0.000 0.000 0.000 0.203 0 1 0 0 0 0
 376 162872.000 37047.000 0 0 52.000 52.000 2704.000 52.000 0 1 1 210 0 0
 377 163509.000 162586.000 0 0 0.000 0.000 0.000 0.130 0 1 0 0 0 0
 378 166672.000 159165.000 0 0 0.000 0.000 0.000 0.202 0 1 0 0 0 0
 379 163198.000 36908.000 0 0 52.000 52.000 2704.000 52.000 0 1 1 210 0 0
 380 163295.000 36897.000 0 0 52.000 52.000 2704.000 52.000 0 1 1 210 0 0
 381 150396.000 174552.000 0 0 0.000 0.000 0.000 0.207 0 1 0 0 0 0
 382 148751.000 175598.000 0 0 0.000 0.000 0.000 0.236 0 1 0 0 0 0
 383 162891.000 164374.000 0 0 0.000 0.000 0.000 0.132 0 1 0 0 0 0
 384 163859.000 36680.000 0 0 52.000 52.000 2704.000 52.000 0 1 1 210 0 0
 385 164119.000 36611.000 0 0 52.000 52.000 2704.000 52.000 0 1 1 210 0 0
 386 145904.000 178123.000 0 0 0.000 0.000 0.000 0.154 0 1 0 0 0 0
 387 162874.000 165618.000 0 0 0.000 0.000 0.000 0.139 0 1 0 0 0 0
 388 183605.000 135331.000 0 0 0.000 0.000 0.000 0.131 0 1 0 0 0 0
 389 182323.000 138628.000 0 0 0.000 0.000 0.000 0.156 0 1 0 0 0 0
 390 164715.000 36364.000 0 0 52.000 52.000 2704.000 52.000 0 1 1 210 0 0
 391 165739.000 163317.000 0 0 0.000 0.000 0.000 0.221 0 1 0 0 0 0
 392 172699.000 155476.000 0 0 54.000 50.000 2700.000 51.961 0 1 7 210 0 0
 393 165321.000 36136.000 0 0 52.000 52.000 2704.000 52.000 0 1 1 210 0 0
 394 173061.000 155696.000 0 0 54.000 50.000 2700.000 51.961 0 1 7 210 0 0
 395 170398.000 158977.000 0 0 0.000 0.000 0.000 0.148 0 1 0 0 0 0
 396 165605.000 36030.000 0 0 52.000 52.000 2704.000 52.000 0 1 1 210 0 0
 397 165833.000 35943.000 0 0 52.000 52.000 2704.000 52.000 0 1 1 210 0 0
 398 173371.000 155832.000 0 0 54.000 50.000 2700.000 51.961 0 1 7 210 0 0
 399 173576.000 155891.000 0 0 54.000 50.000 2700.000 51.961 0 1 7 210 0 0
 400 142676.000 182058.000 0 0 0.000 0.000 0.000 0.137 0 1 0 0 0 0
 401 166310.000 35768.000 0 0 52.000 52.000 2704.000 52.000 0 1 1 210 0 0
 402 176352.000 152869.000 0 0 0.000 0.000 0.000 0.137 0 1 0 0 0 0
 403 173760.000 156265.000 0 0 54.000 50.000 2700.000 51.961 0 1 7 210 0 0
 404 187343.000 131437.000 0 0 0.000 0.000 0.000 0.209 0 1 0 0 0 0
 405 173963.000 156061.000 0 0 54.000 50.000 2700.000 51.961 0 1 7 210 0 0
 406 54392.000 19321.000 0 0 0.000 0.000 0.000 0.294 0 1 0 0 0 0
 407 166645.000 35635.000 0 0 52.000 52.000 2704.000 52.000 0 1 1 210 0 0
 408 166736.000 35621.000 0 0 52.000 52.000 2704.000 52.000 0 1 1 210 0 0
 409 180288.000 146998.000 0 0 0.000 0.000 0.000 0.132 0 1 0 0 0 0
 410 166910.000 35559.000 0 0 54.000 52.000 2808.000 52.990 0 1 1 210 0 0
 411 172609.000 158508.000 0 0 0.000 0.000 0.000 0.218 0 1 0 0 0 0
 412 184897.000 139942.000 0 0 0.000 0.000 0.000 0.133 0 1 0 0 0 0
 413 185003.000 139942.000 0 0 0.000 0.000 0.000 0.131 0 1 0 0 0 0
 414 180487.000 148273.000 0 0 0.000 0.000 0.000 0.208 0 1 0 0 0 0
 415 142924.000 184017.000 0 0 0.000 0.000 0.000 0.143 0 1 0 0 0 0
 416 185659.000 140113.000 0 0 0.000 0.000 0.000 0.134 0 1 0 0 0 0
 417 163031.000 170710.000 0 0 0.000 0.000 0.000 0.213 0 1 0 0 0 0
 418 178326.000 153462.000 0 0 0.000 0.000 0.000 0.131 0 1 0 0 0 0
 419 125791.000 135120.000 0 0 106.066 77.892 8261.808 90.894 0 1 5 210 0 0
 420 125992.000 135181.000 0 0 101.191 74.759 7564.959 86.976 0 1 5 210 0 0
 421 126196.000 135243.000 0 0 108.124 80.371 8690.111 93.220 0 1 5 210 0 0
 422 126400.000 135302.000 0 0 103.229 77.197 7969.063 89.269 0 1 5 210 0 0
 423 126601.000 135363.000 0 0 108.494 81.613 8854.589 94.098 0 1 5 210 0 0
 424 126802.000 135422.000 0 0 105.277 79.660 8386.405 91.577 0 1 5 210 0 0
 425 127003.000 135483.000 0 0 107.160 81.553 8739.308 93.484 0 1 5 210 0 0
 426 127207.000 135541.000 0 0 103.928 79.559 8268.476 90.931 0 1 5 210 0 0
 427 127456.000 135563.000 0 0 6.819 5.264 35.901 5.991 0 1 5 210 0 0
 428 127402.000 135605.000 0 0 98.993 76.187 7542.062 86.845 0 1 5 210 0 0
 429 127605.000 135661.000 0 0 104.280 80.722 8417.755 91.748 0 1 5 210 0 0
 430 127806.000 135720.000 0 0 102.741 79.977 8217.035 90.647 0 1 5 210 0 0
 431 128008.000 135778.000 0 0 96.046 75.189 7221.691 84.980 0 1 5 210 0 0
 432 128210.000 135835.000 0 0 94.482 74.377 7027.358 83.829 0 1 5 210 0 0
 433 128410.000 135893.000 0 0 98.075 77.629 7613.590 87.255 0 1 5 210 0 0
 434 128604.000 135956.000 0 0 98.248 78.159 7679.035 87.630 0 1 5 210 0 0
 435 129006.000 136067.000 0 0 96.821 77.866 7539.143 86.828 0 1 5 210 0 0
 436 129203.000 136126.000 0 0 93.516 75.594 7069.359 84.079 0 1 5 210 0 0
 437 129402.000 136182.000 0 0 98.866 80.338 7942.792 89.122 0 1 5 210 0 0
 438 129604.000 136239.000 0 0 95.546 78.053 7457.665 86.357 0 1 5 210 0 0
 439 129798.000 136296.000 0 0 93.957 77.135 7247.466 85.132 0 1 5 210 0 0
 440 130001.000 136350.000 0 0 94.095 77.660 7307.501 85.483 0 1 5 210 0 0
 441 130197.000 136407.000 0 0 95.989 79.617 7642.455 87.421 0 1 5 210 0 0
 442 130394.000 136464.000 0 0 101.384 84.505 8567.496 92.560 0 1 5 210 0 0
 443 130591.000 136521.000 0 0 96.290 80.656 7766.475 88.127 0 1 5 210 0 0
 444 130789.000 136574.000 0 0 96.431 81.177 7828.064 88.476 0 1 5 210 0 0
 445 130986.000 136630.000 0 0 101.844 86.152 8774.241 93.670 0 1 5 210 0 0
 446 131183.000 136686.000 0 0 100.241 85.206 8541.259 92.418 0 1 5 210 0 0
 447 131384.000 136738.000 0 0 102.144 87.259 8913.126 94.409 0 1 5 210 0 0
 448 131577.000 136796.000 0 0 98.778 84.768 8373.296 91.505 0 1 5 210 0 0
 449 131771.000 136852.000 0 0 100.694 86.812 8741.510 93.496 0 1 5 210 0 0
 450 131970.000 136904.000 0 0 97.301 84.291 8201.694 90.563 0 1 5 210 0 0
 451 132167.000 136957.000 0 0 97.439 84.812 8264.079 90.906 0 1 5 210 0 0
 452 132363.000 137012.000 0 0 97.585 85.326 8326.661 91.250 0 1 5 210 0 0
 453 132557.000 137066.000 0 0 97.727 85.840 8388.998 91.591 0 1 5 210 0 0
 454 132752.000 137120.000 0 0 99.648 87.923 8761.426 93.602 0 1 5 210 0 0
 455 132949.000 137171.000 0 0 98.005 86.872 8514.002 92.271 0 1 5 210 0 0
 456 133144.000 137227.000 0 0 99.935 88.975 8891.822 94.296 0 1 5 210 0 0
 457 133340.000 137278.000 0 0 94.712 84.705 8022.739 89.569 0 1 5 210 0 0
 458 133538.000 137327.000 0 0 94.837 85.210 8081.123 89.895 0 1 5 210 0 0
 459 133731.000 137383.000 0 0 93.187 84.082 7835.395 88.517 0 1 5 210 0 0
 460 133925.000 137435.000 0 0 91.521 82.942 7591.039 87.126 0 1 5 210 0 0
 461 134120.000 137487.000 0 0 93.447 85.053 7948.039 89.151 0 1 5 210 0 0
 462 134316.000 137539.000 0 0 89.975 82.250 7400.543 86.026 0 1 5 210 0 0
 463 134510.000 137590.000 0 0 91.902 84.371 7753.965 88.056 0 1 5 210 0 0
 464 134706.000 137641.000 0 0 90.220 83.184 7505.008 86.631 0 1 5 210 0 0
 465 134899.000 137693.000 0 0 92.152 85.322 7862.734 88.672 0 1 5 210 0 0
 466 135093.000 137745.000 0 0 88.659 82.431 7308.357 85.488 0 1 5 210 0 0
 467 135290.000 137793.000 0 0 86.961 81.201 7061.407 84.032 0 1 5 210 0 0
 468 135483.000 137844.000 0 0 88.892 83.346 7408.801 86.074 0 1 5 210 0 0
 469 135675.000 137896.000 0 0 83.563 78.668 6573.801 81.078 0 1 5 210 0 0
 470 135870.000 137945.000 0 0 87.312 82.538 7206.629 84.891 0 1 5 210 0 0
 471 136065.000 137994.000 0 0 83.780 79.527 6662.812 81.626 0 1 5 210 0 0
 472 136257.000 138045.000 0 0 91.189 86.903 7924.703 89.020 0 1 5 210 0 0
 473 136451.000 138096.000 0 0 78.528 75.137 5900.410 76.814 0 1 5 210 0 0
 474 136644.000 138145.000 0 0 84.112 80.804 6796.663 82.441 0 1 5 210 0 0
 475 136836.000 138196.000 0 0 82.395 79.461 6547.300 80.915 0 1 5 210 0 0
 476 137032.000 138242.000 0 0 80.662 78.109 6300.444 79.375 0 1 5 210 0 0
 477 137223.000 138293.000 0 0 82.605 80.296 6632.912 81.442 0 1 5 210 0 0
 478 137418.000 138339.000 0 0 75.352 73.543 5541.624 74.442 0 1 5 210 0 0
 479 137612.000 138387.000 0 0 80.968 79.333 6423.489 80.146 0 1 5 210 0 0
 480 137804.000 138437.000 0 0 79.231 77.925 6174.224 78.576 0 1 5 210 0 0
 481 137995.000 138485.000 0 0 77.484 76.498 5927.448 76.989 0 1 5 210 0 0
 482 138187.000 138535.000 0 0 77.583 76.884 5965.017 77.233 0 1 5 210 0 0
 483 138380.000 138583.000 0 0 79.531 79.114 6292.140 79.323 0 1 5 210 0 0
 484 138573.000 138628.000 0 0 79.624 79.512 6331.129 79.568 0 1 5 210 0 0
 485 138762.000 138679.000 0 0 76.021 76.184 5791.609 76.102 0 1 5 210 0 0
 486 138959.000 138721.000 0 0 76.103 76.570 5827.316 76.336 0 1 5 210 0 0
 487 139151.000 138769.000 0 0 78.054 78.825 6152.681 78.439 0 1 5 210 0 0
 488 139342.000 138817.000 0 0 78.152 79.209 6190.446 78.679 0 1 5 210 0 0
 489 139535.000 138862.000 0 0 72.655 73.914 5370.310 73.282 0 1 5 210 0 0
 490 139728.000 138907.000 0 0 74.604 76.178 5683.247 75.387 0 1 5 210 0 0
 491 139919.000 138955.000 0 0 74.696 76.543 5717.589 75.614 0 1 5 210 0 0
 492 140112.000 139002.000 0 0 69.176 71.145 4921.603 70.154 0 1 5 210 0 0
 493 140302.000 139049.000 0 0 71.131 73.413 5222.009 72.263 0 1 5 210 0 0
 494 140688.000 139139.000 0 0 65.668 68.266 4482.957 66.954 0 1 5 210 0 0
 495 140878.000 139185.000 0 0 73.258 76.424 5598.758 74.824 0 1 5 210 0 0
 496 141069.000 139230.000 0 0 67.702 70.875 4798.410 69.270 0 1 5 210 0 0
 497 161626.000 158564.000 0 0 19.652 20.680 406.419 20.159 0 1 8 200 0 0
 498 161722.000 158711.000 0 0 92.876 97.638 9068.294 95.227 0 1 8 200 0 0
 499 161821.000 158853.000 0 0 124.134 130.396 16186.761 127.227 0 1 8 200 0 0
 500 143483.000 175094.000 0 0 39.594 22.927 907.803 30.129 0 1 9 200 0 0
 501 143561.000 175244.000 0 0 133.463 77.266 10312.195 101.548 0 1 9 200 0 0
 502 143620.000 175407.000 0 0 166.283 96.188 15994.620 126.469 0 1 9 200 0 0
 503 143664.000 175579.000 0 0 192.024 110.939 21303.157 145.956 0 1 9 200 0 0
 504 143706.000 175751.000 0 0 206.983 119.423 24718.604 157.221 0 1 9 200 0 0
 505 143750.000 175922.000 0 0 211.088 121.639 25676.757 160.239 0 1 9 200 0 0
 506 141931.000 176946.000 0 0 36.883 20.099 741.338 27.227 0 1 10 210 0 0
 507 141871.000 176979.000 0 0 44.277 24.083 1066.365 32.655 0 1 10 210 0 0
 508 143791.000 176094.000 0 0 204.274 117.558 24014.090 154.964 0 1 9 200 0 0
 509 143525.000 176247.000 0 0 116.962 66.766 7809.234 88.369 0 1 9 200 0 0
 510 141927.000 177141.000 0 0 199.691 108.536 21673.769 147.220 0 1 10 210 0 0
 511 143828.000 176269.000 0 0 212.053 121.857 25840.433 160.749 0 1 9 200 0 0
 512 143570.000 176418.000 0 0 168.513 96.078 16190.538 127.242 0 1 9 200 0 0
 513 141955.000 177320.000 0 0 292.815 158.887 46524.699 215.695 0 1 10 210 0 0
 514 143855.000 176450.000 0 0 212.556 121.931 25917.389 160.988 0 1 9 200 0 0
 515 143629.000 176580.000 0 0 124.813 71.108 8875.267 94.208 0 1 9 200 0 0
 516 141993.000 177491.000 0 0 289.751 157.019 45496.701 213.299 0 1 10 210 0 0
 517 143873.000 176636.000 0 0 187.355 107.258 20095.480 141.758 0 1 9 200 0 0
 518 143665.000 176756.000 0 0 29.435 16.745 492.912 22.201 0 1 9 200 0 0
 519 143563.000 176814.000 0 0 169.387 96.062 16271.822 127.561 0 1 9 200 0 0
 520 142003.000 177682.000 0 0 264.394 142.961 37798.199 194.417 0 1 10 210 0 0
 521 143893.000 176821.000 0 0 213.588 122.036 26065.654 161.448 0 1 9 200 0 0
 522 143602.000 176987.000 0 0 177.145 100.328 17772.671 133.314 0 1 9 200 0 0
 523 142030.000 177859.000 0 0 246.333 132.976 32756.630 180.987 0 1 10 210 0 0
 524 143917.000 177003.000 0 0 180.873 103.157 18658.521 136.596 0 1 9 200 0 0
 525 143651.000 177154.000 0 0 181.228 102.532 18581.789 136.315 0 1 9 200 0 0
 526 142051.000 178041.000 0 0 246.909 133.042 32849.361 181.243 0 1 10 210 0 0
 527 143950.000 177180.000 0 0 85.096 48.457 4123.613 64.215 0 1 9 200 0 0
 528 143701.000 177322.000 0 0 155.676 87.984 13697.129 117.034 0 1 9 200 0 0
 529 142022.000 178251.000 0 0 266.331 143.026 38092.358 195.172 0 1 10 210 0 0
 530 143748.000 177491.000 0 0 59.435 33.554 1994.333 44.657 0 1 9 200 0 0
 531 142018.000 178446.000 0 0 218.105 116.825 25480.337 159.625 0 1 10 210 0 0
 532 142045.000 178624.000 0 0 244.986 131.008 32095.308 179.151 0 1 10 210 0 0
 533 142079.000 178799.000 0 0 275.750 147.251 40604.525 201.505 0 1 10 210 0 0
 534 142103.000 178978.000 0 0 253.659 135.226 34301.536 185.206 0 1 10 210 0 0
 535 142135.000 179157.000 0 0 201.115 107.053 21530.073 146.731 0 1 10 210 0 0
 536 142172.000 179328.000 0 0 174.930 92.995 16267.777 127.545 0 1 10 210 0 0
 537 142200.000 179506.000 0 0 110.531 58.667 6484.626 80.527 0 1 10 210 0 0;
ProcessEquipmentIDList 1
  "6565" ;
SummarySpec 5
  TESTNO    NDEFECT    DEFDENSITY    NDIE    NDEFDIE  ;
SummaryList 
  1    537    1.963    1    1  ;
EndOfFile;
