FileVersion 1 2;
FileTimestamp 02-07-26 23:37:28;
InspectionStationID "KLA-Tencor" "SFSSP1" "0901-0728-TBI";
SampleType WAFER;
ResultTimestamp 02-07-26 23:30:47;
LotID "2580";
SampleSize 1 200;
DeviceID "None";
SetupID "T2-2580NR" 02-07-26 23:30:47;
StepID "7002";
SampleOrientationMarkType NOTCH;
OrientationMarkLocation DOWN;
DiePitch 200000 200000;
DieOrigin 0 0;
WaferID "11";
Slot 11;
SampleCenterLocation 100000 100000;
ClassLookup 1
  0 "0"  ;
OrientationInstructions "Front";
CoordinatesMirrored No;
InspectionTest 1;
SampleTestPlan 1
  0 0 ;
AreaPerTest 2.73517e+010;
DefectRecordSpec 15 DEFECTID XREL YREL XINDEX YINDEX XSIZE YSIZE DEFECTAREA DSIZE CLASSNUMBER TEST CLUSTERNUMBER ROUGHBINNUMBER FINEBINNUMBER REVIEWSAMPLE ;
DefectList
 1 101672.000 107887.000 0 0 0.000 0.000 0.000 0.136 0 1 0 0 0 0
 2 93062.000 96562.000 0 0 0.000 0.000 0.000 0.147 0 1 0 0 0 0
 3 99308.000 91338.000 0 0 0.000 0.000 0.000 0.131 0 1 0 0 0 0
 4 103560.000 90498.000 0 0 0.000 0.000 0.000 0.151 0 1 0 0 0 0
 5 104144.000 114466.000 0 0 0.000 0.000 0.000 0.130 0 1 0 0 0 0
 6 113172.000 91763.000 0 0 0.000 0.000 0.000 0.146 0 1 0 0 0 0
 7 115824.000 98567.000 0 0 0.000 0.000 0.000 0.137 0 1 0 0 0 0
 8 102801.000 84059.000 0 0 0.000 0.000 0.000 0.136 0 1 0 0 0 0
 9 93716.000 116255.000 0 0 0.000 0.000 0.000 0.144 0 1 0 0 0 0
 10 117214.000 93812.000 0 0 0.000 0.000 0.000 0.143 0 1 0 0 0 0
 11 117785.000 109985.000 0 0 0.000 0.000 0.000 0.136 0 1 0 0 0 0
 12 91487.000 118884.000 0 0 0.000 0.000 0.000 0.141 0 1 0 0 0 0
 13 80372.000 108060.000 0 0 0.000 0.000 0.000 0.134 0 1 0 0 0 0
 14 120911.000 94709.000 0 0 0.000 0.000 0.000 0.146 0 1 0 0 0 0
 15 77452.000 100677.000 0 0 0.000 0.000 0.000 0.269 0 1 0 0 0 0
 16 89350.000 79619.000 0 0 0.000 0.000 0.000 0.138 0 1 0 0 0 0
 17 96418.000 77074.000 0 0 0.000 0.000 0.000 0.145 0 1 0 0 0 0
 18 77104.000 109353.000 0 0 0.000 0.000 0.000 0.134 0 1 0 0 0 0
 19 77423.000 89169.000 0 0 0.000 0.000 0.000 0.130 0 1 0 0 0 0
 20 125139.000 96121.000 0 0 0.000 0.000 0.000 0.172 0 1 0 0 0 0
 21 116702.000 122649.000 0 0 0.000 0.000 0.000 0.134 0 1 0 0 0 0
 22 102475.000 71312.000 0 0 0.000 0.000 0.000 0.143 0 1 0 0 0 0
 23 82520.000 124392.000 0 0 0.000 0.000 0.000 0.135 0 1 0 0 0 0
 24 120195.000 122571.000 0 0 0.000 0.000 0.000 0.133 0 1 0 0 0 0
 25 79558.000 77610.000 0 0 0.000 0.000 0.000 0.144 0 1 0 0 0 0
 26 87730.000 128522.000 0 0 0.000 0.000 0.000 0.152 0 1 0 0 0 0
 27 110325.000 129912.000 0 0 0.000 0.000 0.000 0.144 0 1 0 0 0 0
 28 89967.000 70275.000 0 0 0.000 0.000 0.000 0.133 0 1 0 0 0 0
 29 125901.000 81081.000 0 0 0.000 0.000 0.000 0.139 0 1 0 0 0 0
 30 71966.000 115313.000 0 0 0.000 0.000 0.000 0.135 0 1 0 0 0 0
 31 97054.000 68241.000 0 0 0.000 0.000 0.000 0.130 0 1 0 0 0 0
 32 79539.000 125345.000 0 0 0.000 0.000 0.000 0.145 0 1 0 0 0 0
 33 117661.000 72382.000 0 0 0.000 0.000 0.000 0.131 0 1 0 0 0 0
 34 120410.000 73925.000 0 0 0.000 0.000 0.000 0.148 0 1 0 0 0 0
 35 69369.000 86288.000 0 0 0.000 0.000 0.000 0.144 0 1 0 0 0 0
 36 75221.000 123196.000 0 0 0.000 0.000 0.000 0.140 0 1 0 0 0 0
 37 87163.000 68358.000 0 0 0.000 0.000 0.000 0.134 0 1 0 0 0 0
 38 106952.000 66081.000 0 0 0.000 0.000 0.000 0.131 0 1 0 0 0 0
 39 70238.000 82115.000 0 0 0.000 0.000 0.000 0.132 0 1 0 0 0 0
 40 121079.000 71433.000 0 0 0.000 0.000 0.000 0.130 0 1 0 0 0 0
 41 99430.000 64356.000 0 0 0.000 0.000 0.000 0.137 0 1 0 0 0 0
 42 65831.000 118656.000 0 0 0.000 0.000 0.000 0.139 0 1 0 0 0 0
 43 138947.000 106590.000 0 0 0.000 0.000 0.000 0.133 0 1 0 0 0 0
 44 72221.000 71487.000 0 0 0.000 0.000 0.000 0.131 0 1 0 0 0 0
 45 87292.000 62258.000 0 0 0.000 0.000 0.000 0.142 0 1 0 0 0 0
 46 60055.000 104656.000 0 0 0.000 0.000 0.000 0.138 0 1 0 0 0 0
 47 136083.000 79710.000 0 0 0.000 0.000 0.000 0.134 0 1 0 0 0 0
 48 88093.000 60534.000 0 0 0.000 0.000 0.000 0.135 0 1 0 0 0 0
 49 98925.000 141607.000 0 0 0.000 0.000 0.000 0.132 0 1 0 0 0 0
 50 97561.000 142192.000 0 0 0.000 0.000 0.000 0.136 0 1 0 0 0 0
 51 88964.000 140888.000 0 0 0.000 0.000 0.000 0.136 0 1 0 0 0 0
 52 58119.000 96350.000 0 0 0.000 0.000 0.000 0.145 0 1 0 0 0 0
 53 67982.000 70228.000 0 0 0.000 0.000 0.000 0.134 0 1 0 0 0 0
 54 97383.000 144094.000 0 0 0.000 0.000 0.000 0.138 0 1 0 0 0 0
 55 82254.000 59796.000 0 0 0.000 0.000 0.000 0.144 0 1 0 0 0 0
 56 105103.000 144325.000 0 0 0.000 0.000 0.000 0.137 0 1 0 0 0 0
 57 58584.000 83605.000 0 0 0.000 0.000 0.000 0.134 0 1 0 0 0 0
 58 83220.000 58267.000 0 0 0.000 0.000 0.000 0.140 0 1 0 0 0 0
 59 64041.000 72512.000 0 0 0.000 0.000 0.000 0.133 0 1 0 0 0 0
 60 87900.000 55498.000 0 0 0.000 0.000 0.000 0.131 0 1 0 0 0 0
 61 131944.000 134222.000 0 0 0.000 0.000 0.000 0.134 0 1 0 0 0 0
 62 115393.000 144130.000 0 0 0.000 0.000 0.000 0.154 0 1 0 0 0 0
 63 97813.000 146916.000 0 0 0.000 0.000 0.000 0.131 0 1 0 0 0 0
 64 61111.000 126118.000 0 0 0.000 0.000 0.000 0.140 0 1 0 0 0 0
 65 94287.000 147030.000 0 0 0.000 0.000 0.000 0.130 0 1 0 0 0 0
 66 96962.000 52832.000 0 0 0.000 0.000 0.000 0.139 0 1 0 0 0 0
 67 127749.000 61463.000 0 0 0.000 0.000 0.000 0.138 0 1 0 0 0 0
 68 147029.000 108707.000 0 0 0.000 0.000 0.000 0.133 0 1 0 0 0 0
 69 123051.000 56155.000 0 0 0.000 0.000 0.000 0.134 0 1 0 0 0 0
 70 76486.000 146034.000 0 0 0.000 0.000 0.000 0.137 0 1 0 0 0 0
 71 84215.000 149509.000 0 0 0.000 0.000 0.000 0.130 0 1 0 0 0 0
 72 51479.000 118814.000 0 0 0.000 0.000 0.000 0.140 0 1 0 0 0 0
 73 152746.000 95796.000 0 0 0.000 0.000 0.000 0.139 0 1 0 0 0 0
 74 110045.000 152265.000 0 0 0.000 0.000 0.000 0.131 0 1 0 0 0 0
 75 139938.000 63302.000 0 0 0.000 0.000 0.000 0.137 0 1 0 0 0 0
 76 148262.000 126630.000 0 0 0.000 0.000 0.000 0.138 0 1 0 0 0 0
 77 73192.000 51992.000 0 0 0.000 0.000 0.000 0.134 0 1 0 0 0 0
 78 108402.000 45689.000 0 0 0.000 0.000 0.000 0.131 0 1 0 0 0 0
 79 148224.000 128935.000 0 0 0.000 0.000 0.000 0.138 0 1 0 0 0 0
 80 144354.000 134845.000 0 0 0.000 0.000 0.000 0.146 0 1 0 0 0 0
 81 111426.000 156373.000 0 0 0.000 0.000 0.000 0.141 0 1 0 0 0 0
 82 151666.000 130048.000 0 0 0.000 0.000 0.000 0.134 0 1 0 0 0 0
 83 108183.000 40918.000 0 0 0.000 0.000 0.000 0.257 0 1 0 0 0 0
 84 151970.000 70024.000 0 0 0.000 0.000 0.000 0.144 0 1 0 0 0 0
 85 46425.000 72842.000 0 0 0.000 0.000 0.000 0.148 0 1 0 0 0 0
 86 51966.000 140427.000 0 0 0.000 0.000 0.000 0.133 0 1 0 0 0 0
 87 125392.000 42300.000 0 0 0.000 0.000 0.000 0.137 0 1 0 0 0 0
 88 162027.000 84189.000 0 0 0.000 0.000 0.000 0.153 0 1 0 0 0 0
 89 38471.000 120801.000 0 0 0.000 0.000 0.000 0.144 0 1 0 0 0 0
 90 34916.000 102018.000 0 0 0.000 0.000 0.000 0.138 0 1 0 0 0 0
 91 36760.000 78694.000 0 0 0.000 0.000 0.000 0.134 0 1 0 0 0 0
 92 138227.000 44394.000 0 0 0.000 0.000 0.000 0.134 0 1 0 0 0 0
 93 166700.000 110142.000 0 0 0.000 0.000 0.000 0.412 0 1 0 0 0 0
 94 35007.000 79077.000 0 0 0.000 0.000 0.000 0.150 0 1 0 0 0 0
 95 36217.000 126533.000 0 0 0.000 0.000 0.000 0.131 0 1 0 0 0 0
 96 169796.000 94967.000 0 0 0.000 0.000 0.000 0.131 0 1 0 0 0 0
 97 59766.000 158597.000 0 0 0.000 0.000 0.000 0.131 0 1 0 0 0 0
 98 35517.000 67558.000 0 0 0.000 0.000 0.000 0.144 0 1 0 0 0 0
 99 67926.000 34417.000 0 0 0.000 0.000 0.000 0.130 0 1 0 0 0 0
 100 85860.000 26496.000 0 0 0.000 0.000 0.000 0.142 0 1 0 0 0 0
 101 93723.000 25238.000 0 0 0.000 0.000 0.000 0.130 0 1 0 0 0 0
 102 147452.000 160295.000 0 0 0.000 0.000 0.000 0.135 0 1 0 0 0 0
 103 92238.000 22626.000 0 0 0.000 0.000 0.000 0.272 0 1 0 0 0 0
 104 137785.000 29065.000 0 0 0.000 0.000 0.000 0.133 0 1 0 0 0 0
 105 174708.000 68546.000 0 0 0.000 0.000 0.000 0.132 0 1 0 0 0 0
 106 17856.000 89138.000 0 0 0.000 0.000 0.000 0.140 0 1 0 0 0 0
 107 181446.000 70699.000 0 0 0.000 0.000 0.000 0.172 0 1 0 0 0 0
 108 186950.000 99281.000 0 0 0.000 0.000 0.000 0.193 0 1 0 0 0 0
 109 106375.000 188700.000 0 0 0.000 0.000 0.000 0.134 0 1 0 0 0 0;
ProcessEquipmentIDList 1
  "6565" ;
SummarySpec 5
  TESTNO    NDEFECT    DEFDENSITY    NDIE    NDEFDIE  ;
SummaryList 
  1    109    0.3985    1    1  ;
EndOfFile;
