FileVersion 1 2;
FileTimestamp 02-07-26 20:30:33;
InspectionStationID "KLA-Tencor" "SFSSP1" "0901-0728-TBI";
SampleType WAFER;
ResultTimestamp 02-07-26 20:18:30;
LotID "2580";
SampleSize 1 200;
DeviceID "None";
SetupID "T2-2580NR" 02-07-26 20:18:30;
StepID "7002";
SampleOrientationMarkType NOTCH;
OrientationMarkLocation DOWN;
DiePitch 200000 200000;
DieOrigin 0 0;
WaferID "10";
Slot 10;
SampleCenterLocation 100000 100000;
ClassLookup 1
  0 "0"  ;
OrientationInstructions "Front";
CoordinatesMirrored No;
InspectionTest 1;
SampleTestPlan 1
  0 0 ;
AreaPerTest 2.73524e+010;
ClusterClassificationList 4
  1 210 
  2 210 
  3 210 
  4 210 ;
DefectRecordSpec 15 DEFECTID XREL YREL XINDEX YINDEX XSIZE YSIZE DEFECTAREA DSIZE CLASSNUMBER TEST CLUSTERNUMBER ROUGHBINNUMBER FINEBINNUMBER REVIEWSAMPLE ;
DefectList
 1 97624.000 100243.000 0 0 0.000 0.000 0.000 0.136 0 1 0 0 0 0
 2 101854.000 103068.000 0 0 0.000 0.000 0.000 0.130 0 1 0 0 0 0
 3 96262.000 102360.000 0 0 0.000 0.000 0.000 0.138 0 1 0 0 0 0
 4 104830.000 100905.000 0 0 0.000 0.000 0.000 0.141 0 1 0 0 0 0
 5 100328.000 94381.000 0 0 0.000 0.000 0.000 0.156 0 1 0 0 0 0
 6 97000.000 106763.000 0 0 0.000 0.000 0.000 0.133 0 1 0 0 0 0
 7 101650.000 107699.000 0 0 0.000 0.000 0.000 0.141 0 1 0 0 0 0
 8 92002.000 100944.000 0 0 0.000 0.000 0.000 0.142 0 1 0 0 0 0
 9 104238.000 108513.000 0 0 0.000 0.000 0.000 0.140 0 1 0 0 0 0
 10 91408.000 103446.000 0 0 0.000 0.000 0.000 0.131 0 1 0 0 0 0
 11 107989.000 105486.000 0 0 0.000 0.000 0.000 0.144 0 1 0 0 0 0
 12 104574.000 91046.000 0 0 0.000 0.000 0.000 0.135 0 1 0 0 0 0
 13 106345.000 109054.000 0 0 0.000 0.000 0.000 0.131 0 1 0 0 0 0
 14 110753.000 97204.000 0 0 0.000 0.000 0.000 0.141 0 1 0 0 0 0
 15 92192.000 108197.000 0 0 0.000 0.000 0.000 0.158 0 1 0 0 0 0
 16 89173.000 102568.000 0 0 0.000 0.000 0.000 0.156 0 1 0 0 0 0
 17 108350.000 92633.000 0 0 0.000 0.000 0.000 0.130 0 1 0 0 0 0
 18 98886.000 88807.000 0 0 0.000 0.000 0.000 0.130 0 1 0 0 0 0
 19 102930.000 89067.000 0 0 0.000 0.000 0.000 0.141 0 1 0 0 0 0
 20 111427.000 103290.000 0 0 0.000 0.000 0.000 0.146 0 1 0 0 0 0
 21 109069.000 108395.000 0 0 0.000 0.000 0.000 0.135 0 1 0 0 0 0
 22 96080.000 111702.000 0 0 0.000 0.000 0.000 0.134 0 1 0 0 0 0
 23 112236.000 101848.000 0 0 0.000 0.000 0.000 0.137 0 1 0 0 0 0
 24 98333.000 87866.000 0 0 0.000 0.000 0.000 0.160 0 1 0 0 0 0
 25 107533.000 111511.000 0 0 0.000 0.000 0.000 0.133 0 1 0 0 0 0
 26 97307.000 86503.000 0 0 0.000 0.000 0.000 0.142 0 1 0 0 0 0
 27 102790.000 86348.000 0 0 0.000 0.000 0.000 0.146 0 1 0 0 0 0
 28 113012.000 94167.000 0 0 0.000 0.000 0.000 0.250 0 1 0 0 0 0
 29 85636.000 105913.000 0 0 0.000 0.000 0.000 0.133 0 1 0 0 0 0
 30 85126.000 96336.000 0 0 0.000 0.000 0.000 0.132 0 1 0 0 0 0
 31 87199.000 88151.000 0 0 0.000 0.000 0.000 0.132 0 1 0 0 0 0
 32 116650.000 92453.000 0 0 0.000 0.000 0.000 0.147 0 1 0 0 0 0
 33 91439.000 83963.000 0 0 0.000 0.000 0.000 0.154 0 1 0 0 0 0
 34 112128.000 114304.000 0 0 0.000 0.000 0.000 0.137 0 1 0 0 0 0
 35 99585.000 81586.000 0 0 0.000 0.000 0.000 0.134 0 1 0 0 0 0
 36 81865.000 94442.000 0 0 0.000 0.000 0.000 0.142 0 1 0 0 0 0
 37 89164.000 84198.000 0 0 0.000 0.000 0.000 0.138 0 1 0 0 0 0
 38 103975.000 119361.000 0 0 0.000 0.000 0.000 0.172 0 1 0 0 0 0
 39 113272.000 115213.000 0 0 0.000 0.000 0.000 0.148 0 1 0 0 0 0
 40 109380.000 82470.000 0 0 0.000 0.000 0.000 0.136 0 1 0 0 0 0
 41 110443.000 117553.000 0 0 0.000 0.000 0.000 0.141 0 1 0 0 0 0
 42 85696.000 114285.000 0 0 0.000 0.000 0.000 0.131 0 1 0 0 0 0
 43 113340.000 84888.000 0 0 0.000 0.000 0.000 0.131 0 1 0 0 0 0
 44 79493.000 99029.000 0 0 0.000 0.000 0.000 0.130 0 1 0 0 0 0
 45 80150.000 94615.000 0 0 0.000 0.000 0.000 0.137 0 1 0 0 0 0
 46 103212.000 79669.000 0 0 0.000 0.000 0.000 0.141 0 1 0 0 0 0
 47 111436.000 82659.000 0 0 0.000 0.000 0.000 0.133 0 1 0 0 0 0
 48 78423.000 98567.000 0 0 0.000 0.000 0.000 0.138 0 1 0 0 0 0
 49 105912.000 79270.000 0 0 0.000 0.000 0.000 0.130 0 1 0 0 0 0
 50 121164.000 105359.000 0 0 0.000 0.000 0.000 0.164 0 1 0 0 0 0
 51 83102.000 114133.000 0 0 0.000 0.000 0.000 0.146 0 1 0 0 0 0
 52 106840.000 79192.000 0 0 0.000 0.000 0.000 0.141 0 1 0 0 0 0
 53 116973.000 85326.000 0 0 0.000 0.000 0.000 0.132 0 1 0 0 0 0
 54 110808.000 79385.000 0 0 0.000 0.000 0.000 0.140 0 1 0 0 0 0
 55 106306.000 122954.000 0 0 0.000 0.000 0.000 0.140 0 1 0 0 0 0
 56 116488.000 117552.000 0 0 0.000 0.000 0.000 0.130 0 1 0 0 0 0
 57 122388.000 108842.000 0 0 0.000 0.000 0.000 0.130 0 1 0 0 0 0
 58 101227.000 76173.000 0 0 0.000 0.000 0.000 0.130 0 1 0 0 0 0
 59 81017.000 116283.000 0 0 0.000 0.000 0.000 0.143 0 1 0 0 0 0
 60 82194.000 82120.000 0 0 0.000 0.000 0.000 0.134 0 1 0 0 0 0
 61 85014.000 120933.000 0 0 0.000 0.000 0.000 0.160 0 1 0 0 0 0
 62 84891.000 121027.000 0 0 0.000 0.000 0.000 0.133 0 1 0 0 0 0
 63 120573.000 84283.000 0 0 0.000 0.000 0.000 0.150 0 1 0 0 0 0
 64 81571.000 118967.000 0 0 0.000 0.000 0.000 0.139 0 1 0 0 0 0
 65 126230.000 102902.000 0 0 0.000 0.000 0.000 0.137 0 1 0 0 0 0
 66 79910.000 83130.000 0 0 0.000 0.000 0.000 0.150 0 1 0 0 0 0
 67 119818.000 118736.000 0 0 0.000 0.000 0.000 0.136 0 1 0 0 0 0
 68 73249.000 95477.000 0 0 0.000 0.000 0.000 0.143 0 1 0 0 0 0
 69 127279.000 99595.000 0 0 0.000 0.000 0.000 0.160 0 1 0 0 0 0
 70 121330.000 82936.000 0 0 0.000 0.000 0.000 0.131 0 1 0 0 0 0
 71 120099.000 119061.000 0 0 0.000 0.000 0.000 0.137 0 1 0 0 0 0
 72 84154.000 77691.000 0 0 0.000 0.000 0.000 0.145 0 1 0 0 0 0
 73 122276.000 83957.000 0 0 0.000 0.000 0.000 0.137 0 1 0 0 0 0
 74 127437.000 103032.000 0 0 0.000 0.000 0.000 0.142 0 1 0 0 0 0
 75 93672.000 127085.000 0 0 0.000 0.000 0.000 0.130 0 1 0 0 0 0
 76 74124.000 110666.000 0 0 0.000 0.000 0.000 0.151 0 1 0 0 0 0
 77 72546.000 94241.000 0 0 0.000 0.000 0.000 0.134 0 1 0 0 0 0
 78 97321.000 128944.000 0 0 0.000 0.000 0.000 0.143 0 1 0 0 0 0
 79 70561.000 99504.000 0 0 0.000 0.000 0.000 0.151 0 1 0 0 0 0
 80 124088.000 82987.000 0 0 0.000 0.000 0.000 0.133 0 1 0 0 0 0
 81 99322.000 129870.000 0 0 0.000 0.000 0.000 0.136 0 1 0 0 0 0
 82 72128.000 111771.000 0 0 0.000 0.000 0.000 0.142 0 1 0 0 0 0
 83 96277.000 70017.000 0 0 0.000 0.000 0.000 0.148 0 1 0 0 0 0
 84 129581.000 92802.000 0 0 0.000 0.000 0.000 0.150 0 1 0 0 0 0
 85 69514.000 98910.000 0 0 0.000 0.000 0.000 0.144 0 1 0 0 0 0
 86 83730.000 72589.000 0 0 0.000 0.000 0.000 0.139 0 1 0 0 0 0
 87 104127.000 68359.000 0 0 0.000 0.000 0.000 0.139 0 1 0 0 0 0
 88 68769.000 107809.000 0 0 0.000 0.000 0.000 0.130 0 1 0 0 0 0
 89 128002.000 84181.000 0 0 0.000 0.000 0.000 0.140 0 1 0 0 0 0
 90 125126.000 120965.000 0 0 0.000 0.000 0.000 0.162 0 1 0 0 0 0
 91 81803.000 127205.000 0 0 0.000 0.000 0.000 0.136 0 1 0 0 0 0
 92 95117.000 67976.000 0 0 0.000 0.000 0.000 0.131 0 1 0 0 0 0
 93 85085.000 71129.000 0 0 0.000 0.000 0.000 0.130 0 1 0 0 0 0
 94 121514.000 125022.000 0 0 0.000 0.000 0.000 0.141 0 1 0 0 0 0
 95 68681.000 89847.000 0 0 0.000 0.000 0.000 0.132 0 1 0 0 0 0
 96 87966.000 69354.000 0 0 0.000 0.000 0.000 0.135 0 1 0 0 0 0
 97 131582.000 111747.000 0 0 0.000 0.000 0.000 0.135 0 1 0 0 0 0
 98 78853.000 126413.000 0 0 0.000 0.000 0.000 0.133 0 1 0 0 0 0
 99 101135.000 66416.000 0 0 0.000 0.000 0.000 0.142 0 1 0 0 0 0
 100 112592.000 131906.000 0 0 0.000 0.000 0.000 0.172 0 1 0 0 0 0
 101 112078.000 132108.000 0 0 0.000 0.000 0.000 0.130 0 1 0 0 0 0
 102 128815.000 81737.000 0 0 0.000 0.000 0.000 0.141 0 1 0 0 0 0
 103 72237.000 120407.000 0 0 0.000 0.000 0.000 0.139 0 1 0 0 0 0
 104 82543.000 70728.000 0 0 0.000 0.000 0.000 0.139 0 1 0 0 0 0
 105 67569.000 87244.000 0 0 0.000 0.000 0.000 0.158 0 1 0 0 0 0
 106 133752.000 109994.000 0 0 0.000 0.000 0.000 0.147 0 1 0 0 0 0
 107 93920.000 65444.000 0 0 0.000 0.000 0.000 0.130 0 1 0 0 0 0
 108 75300.000 74894.000 0 0 0.000 0.000 0.000 0.133 0 1 0 0 0 0
 109 95847.000 135575.000 0 0 0.000 0.000 0.000 0.133 0 1 0 0 0 0
 110 72782.000 76921.000 0 0 0.000 0.000 0.000 0.141 0 1 0 0 0 0
 111 127771.000 76842.000 0 0 0.000 0.000 0.000 0.130 0 1 0 0 0 0
 112 64541.000 108759.000 0 0 0.000 0.000 0.000 0.130 0 1 0 0 0 0
 113 73586.000 74999.000 0 0 0.000 0.000 0.000 0.130 0 1 0 0 0 0
 114 111548.000 65527.000 0 0 0.000 0.000 0.000 0.130 0 1 0 0 0 0
 115 125825.000 126244.000 0 0 0.000 0.000 0.000 0.132 0 1 0 0 0 0
 116 133369.000 83435.000 0 0 0.000 0.000 0.000 0.140 0 1 0 0 0 0
 117 134981.000 84557.000 0 0 0.000 0.000 0.000 0.138 0 1 0 0 0 0
 118 129161.000 125291.000 0 0 0.000 0.000 0.000 0.136 0 1 0 0 0 0
 119 138453.000 95854.000 0 0 0.000 0.000 0.000 0.144 0 1 0 0 0 0
 120 95268.000 61554.000 0 0 0.000 0.000 0.000 0.146 0 1 0 0 0 0
 121 63144.000 113065.000 0 0 0.000 0.000 0.000 0.149 0 1 0 0 0 0
 122 129021.000 73302.000 0 0 0.000 0.000 0.000 0.140 0 1 0 0 0 0
 123 139658.000 101589.000 0 0 0.000 0.000 0.000 0.150 0 1 0 0 0 0
 124 128034.000 128619.000 0 0 0.000 0.000 0.000 0.141 0 1 0 0 0 0
 125 85227.000 63021.000 0 0 0.000 0.000 0.000 0.130 0 1 0 0 0 0
 126 73960.000 131136.000 0 0 0.000 0.000 0.000 0.152 0 1 0 0 0 0
 127 77648.000 134273.000 0 0 0.000 0.000 0.000 0.133 0 1 0 0 0 0
 128 71147.000 128890.000 0 0 0.000 0.000 0.000 0.138 0 1 0 0 0 0
 129 99128.000 59541.000 0 0 0.000 0.000 0.000 0.130 0 1 0 0 0 0
 130 138950.000 112943.000 0 0 0.000 0.000 0.000 0.140 0 1 0 0 0 0
 131 139963.000 90195.000 0 0 0.000 0.000 0.000 0.136 0 1 0 0 0 0
 132 77997.000 65024.000 0 0 0.000 0.000 0.000 0.140 0 1 0 0 0 0
 133 134201.000 76193.000 0 0 0.000 0.000 0.000 0.157 0 1 0 0 0 0
 134 141774.000 95189.000 0 0 0.000 0.000 0.000 0.134 0 1 0 0 0 0
 135 59034.000 110476.000 0 0 0.000 0.000 0.000 0.143 0 1 0 0 0 0
 136 98563.000 142816.000 0 0 0.000 0.000 0.000 0.138 0 1 0 0 0 0
 137 142699.000 98632.000 0 0 0.000 0.000 0.000 0.137 0 1 0 0 0 0
 138 110071.000 58607.000 0 0 0.000 0.000 0.000 0.135 0 1 0 0 0 0
 139 119370.000 138547.000 0 0 0.000 0.000 0.000 0.133 0 1 0 0 0 0
 140 74287.000 134637.000 0 0 0.000 0.000 0.000 0.130 0 1 0 0 0 0
 141 74393.000 65509.000 0 0 0.000 0.000 0.000 0.133 0 1 0 0 0 0
 142 98615.000 143574.000 0 0 0.000 0.000 0.000 0.144 0 1 0 0 0 0
 143 67781.000 70794.000 0 0 0.000 0.000 0.000 0.152 0 1 0 0 0 0
 144 124352.000 63696.000 0 0 0.000 0.000 0.000 0.134 0 1 0 0 0 0
 145 128675.000 133446.000 0 0 0.000 0.000 0.000 0.130 0 1 0 0 0 0
 146 80897.000 139986.000 0 0 0.000 0.000 0.000 0.155 0 1 0 0 0 0
 147 134863.000 127968.000 0 0 0.000 0.000 0.000 0.141 0 1 0 0 0 0
 148 60139.000 120011.000 0 0 0.000 0.000 0.000 0.147 0 1 0 0 0 0
 149 55986.000 109432.000 0 0 0.000 0.000 0.000 0.132 0 1 0 0 0 0
 150 72898.000 64368.000 0 0 0.000 0.000 0.000 0.143 0 1 0 0 0 0
 151 138760.000 77132.000 0 0 0.000 0.000 0.000 0.151 0 1 0 0 0 0
 152 103056.000 54839.000 0 0 0.000 0.000 0.000 0.140 0 1 0 0 0 0
 153 143444.000 85468.000 0 0 0.000 0.000 0.000 0.132 0 1 0 0 0 0
 154 115741.000 56864.000 0 0 0.000 0.000 0.000 0.143 0 1 0 0 0 0
 155 80041.000 58361.000 0 0 0.000 0.000 0.000 0.142 0 1 0 0 0 0
 156 86653.000 54476.000 0 0 0.000 0.000 0.000 0.156 0 1 0 0 0 0
 157 142912.000 121642.000 0 0 0.000 0.000 0.000 0.138 0 1 0 0 0 0
 158 55350.000 83020.000 0 0 0.000 0.000 0.000 0.133 0 1 0 0 0 0
 159 103330.000 148166.000 0 0 0.000 0.000 0.000 0.138 0 1 0 0 0 0
 160 61615.000 71402.000 0 0 0.000 0.000 0.000 0.135 0 1 0 0 0 0
 161 143401.000 79212.000 0 0 0.000 0.000 0.000 0.150 0 1 0 0 0 0
 162 126126.000 59687.000 0 0 0.000 0.000 0.000 0.130 0 1 0 0 0 0
 163 144020.000 80216.000 0 0 0.000 0.000 0.000 0.144 0 1 0 0 0 0
 164 127622.000 60227.000 0 0 0.000 0.000 0.000 0.147 0 1 0 0 0 0
 165 130380.000 62209.000 0 0 0.000 0.000 0.000 0.132 0 1 0 0 0 0
 166 53002.000 87525.000 0 0 0.000 0.000 0.000 0.132 0 1 0 0 0 0
 167 62651.000 68869.000 0 0 0.000 0.000 0.000 0.135 0 1 0 0 0 0
 168 147231.000 87688.000 0 0 0.000 0.000 0.000 0.138 0 1 0 0 0 0
 169 74614.000 141936.000 0 0 0.000 0.000 0.000 0.139 0 1 0 0 0 0
 170 54168.000 83360.000 0 0 0.000 0.000 0.000 0.147 0 1 0 0 0 0
 171 139709.000 71147.000 0 0 0.000 0.000 0.000 0.130 0 1 0 0 0 0
 172 83068.000 146596.000 0 0 0.000 0.000 0.000 0.143 0 1 0 0 0 0
 173 75763.000 143161.000 0 0 0.000 0.000 0.000 0.142 0 1 0 0 0 0
 174 72286.000 141083.000 0 0 0.000 0.000 0.000 0.131 0 1 0 0 0 0
 175 138073.000 68743.000 0 0 0.000 0.000 0.000 0.166 0 1 0 0 0 0
 176 106955.000 149494.000 0 0 0.000 0.000 0.000 0.138 0 1 0 0 0 0
 177 83508.000 147308.000 0 0 0.000 0.000 0.000 0.131 0 1 0 0 0 0
 178 71244.000 141272.000 0 0 0.000 0.000 0.000 0.132 0 1 0 0 0 0
 179 150327.000 94433.000 0 0 0.000 0.000 0.000 0.156 0 1 0 0 0 0
 180 113585.000 51221.000 0 0 0.000 0.000 0.000 0.141 0 1 0 0 0 0
 181 148869.000 116135.000 0 0 0.000 0.000 0.000 0.134 0 1 0 0 0 0
 182 50830.000 85165.000 0 0 0.000 0.000 0.000 0.148 0 1 0 0 0 0
 183 147864.000 80531.000 0 0 0.000 0.000 0.000 0.130 0 1 0 0 0 0
 184 48407.000 103805.000 0 0 0.000 0.000 0.000 0.145 0 1 0 0 0 0
 185 136994.000 63255.000 0 0 0.000 0.000 0.000 0.134 0 1 0 0 0 0
 186 126127.000 145994.000 0 0 0.000 0.000 0.000 0.133 0 1 0 0 0 0
 187 50846.000 120688.000 0 0 0.000 0.000 0.000 0.149 0 1 0 0 0 0
 188 66570.000 58457.000 0 0 0.000 0.000 0.000 0.138 0 1 0 0 0 0
 189 81464.000 150544.000 0 0 0.000 0.000 0.000 0.130 0 1 0 0 0 0
 190 55394.000 130036.000 0 0 0.000 0.000 0.000 0.130 0 1 0 0 0 0
 191 113142.000 152446.000 0 0 0.000 0.000 0.000 0.131 0 1 0 0 0 0
 192 89862.000 46541.000 0 0 0.000 0.000 0.000 0.138 0 1 0 0 0 0
 193 66360.000 57206.000 0 0 0.000 0.000 0.000 0.141 0 1 0 0 0 0
 194 98460.000 155020.000 0 0 0.000 0.000 0.000 0.159 0 1 0 0 0 0
 195 98410.000 154944.000 0 0 0.000 0.000 0.000 0.166 0 1 0 0 0 0
 196 82519.000 152142.000 0 0 0.000 0.000 0.000 0.141 0 1 0 0 0 0
 197 65963.000 143204.000 0 0 0.000 0.000 0.000 0.146 0 1 0 0 0 0
 198 155560.000 100160.000 0 0 0.000 0.000 0.000 0.144 0 1 0 0 0 0
 199 150082.000 123916.000 0 0 0.000 0.000 0.000 0.153 0 1 0 0 0 0
 200 56022.000 66366.000 0 0 0.000 0.000 0.000 0.141 0 1 0 0 0 0
 201 152935.000 118354.000 0 0 0.000 0.000 0.000 200000.000 0 1 0 200 0 0
 202 85969.000 154351.000 0 0 0.000 0.000 0.000 0.159 0 1 0 0 0 0
 203 43870.000 103615.000 0 0 0.000 0.000 0.000 0.136 0 1 0 0 0 0
 204 149496.000 72268.000 0 0 0.000 0.000 0.000 0.138 0 1 0 0 0 0
 205 82413.000 45867.000 0 0 0.000 0.000 0.000 0.133 0 1 0 0 0 0
 206 53483.000 67090.000 0 0 0.000 0.000 0.000 0.132 0 1 0 0 0 0
 207 151488.000 125551.000 0 0 0.000 0.000 0.000 0.139 0 1 0 0 0 0
 208 108826.000 43133.000 0 0 0.000 0.000 0.000 0.131 0 1 0 0 0 0
 209 63111.000 144739.000 0 0 0.000 0.000 0.000 0.131 0 1 0 0 0 0
 210 42160.000 98305.000 0 0 0.000 0.000 0.000 0.131 0 1 0 0 0 0
 211 129459.000 150641.000 0 0 0.000 0.000 0.000 0.139 0 1 0 0 0 0
 212 150084.000 130683.000 0 0 0.000 0.000 0.000 0.138 0 1 0 0 0 0
 213 150972.000 71288.000 0 0 0.000 0.000 0.000 0.143 0 1 0 0 0 0
 214 157731.000 110780.000 0 0 0.000 0.000 0.000 0.131 0 1 0 0 0 0
 215 54309.000 137367.000 0 0 0.000 0.000 0.000 0.136 0 1 0 0 0 0
 216 129292.000 49107.000 0 0 0.000 0.000 0.000 0.130 0 1 0 0 0 0
 217 59902.000 56551.000 0 0 0.000 0.000 0.000 0.137 0 1 0 0 0 0
 218 44506.000 121573.000 0 0 0.000 0.000 0.000 0.149 0 1 0 0 0 0
 219 101867.000 159819.000 0 0 0.000 0.000 0.000 0.156 0 1 0 0 0 0
 220 69630.000 151468.000 0 0 0.000 0.000 0.000 0.137 0 1 0 0 0 0
 221 101924.000 159900.000 0 0 0.000 0.000 0.000 0.164 0 1 0 0 0 0
 222 41666.000 87427.000 0 0 0.000 0.000 0.000 0.135 0 1 0 0 0 0
 223 158405.000 86798.000 0 0 0.000 0.000 0.000 0.131 0 1 0 0 0 0
 224 40926.000 112216.000 0 0 0.000 0.000 0.000 0.139 0 1 0 0 0 0
 225 160130.000 108072.000 0 0 0.000 0.000 0.000 0.144 0 1 0 0 0 0
 226 55647.000 58874.000 0 0 0.000 0.000 0.000 0.138 0 1 0 0 0 0
 227 136535.000 51395.000 0 0 0.000 0.000 0.000 0.139 0 1 0 0 0 0
 228 102847.000 161187.000 0 0 26.000 50.000 1300.000 36.055 0 1 1 210 0 0
 229 63974.000 50812.000 0 0 0.000 0.000 0.000 0.134 0 1 0 0 0 0
 230 153599.000 70197.000 0 0 0.000 0.000 0.000 0.139 0 1 0 0 0 0
 231 100047.000 38556.000 0 0 0.000 0.000 0.000 0.140 0 1 0 0 0 0
 232 103393.000 161957.000 0 0 26.000 50.000 1300.000 36.055 0 1 1 210 0 0
 233 40898.000 117979.000 0 0 0.000 0.000 0.000 0.134 0 1 0 0 0 0
 234 103463.000 162046.000 0 0 26.000 50.000 1300.000 36.055 0 1 1 210 0 0
 235 75731.000 157321.000 0 0 0.000 0.000 0.000 0.144 0 1 0 0 0 0
 236 57887.000 54880.000 0 0 0.000 0.000 0.000 0.147 0 1 0 0 0 0
 237 103657.000 162315.000 0 0 26.000 50.000 1300.000 36.055 0 1 1 210 0 0
 238 108727.000 38679.000 0 0 0.000 0.000 0.000 0.139 0 1 0 0 0 0
 239 103755.000 162445.000 0 0 26.000 50.000 1300.000 36.055 0 1 1 210 0 0
 240 103846.000 162581.000 0 0 26.000 50.000 1300.000 36.055 0 1 1 210 0 0
 241 116453.000 39735.000 0 0 0.000 0.000 0.000 0.140 0 1 0 0 0 0
 242 128856.000 156994.000 0 0 0.000 0.000 0.000 0.136 0 1 0 0 0 0
 243 78850.000 161045.000 0 0 0.000 0.000 0.000 0.131 0 1 0 0 0 0
 244 105414.000 164734.000 0 0 0.000 0.000 0.000 0.133 0 1 0 0 0 0
 245 97575.000 35391.000 0 0 0.000 0.000 0.000 0.136 0 1 0 0 0 0
 246 72669.000 40968.000 0 0 0.000 0.000 0.000 0.144 0 1 0 0 0 0
 247 132467.000 43552.000 0 0 0.000 0.000 0.000 0.134 0 1 0 0 0 0
 248 105736.000 165200.000 0 0 0.000 0.000 0.000 0.137 0 1 0 0 0 0
 249 49644.000 142170.000 0 0 0.000 0.000 0.000 0.131 0 1 0 0 0 0
 250 138183.000 46644.000 0 0 0.000 0.000 0.000 0.133 0 1 0 0 0 0
 251 82431.000 164056.000 0 0 0.000 0.000 0.000 0.134 0 1 0 0 0 0
 252 135971.000 155974.000 0 0 0.000 0.000 0.000 0.145 0 1 0 0 0 0
 253 106575.000 166292.000 0 0 28.000 52.000 1456.000 38.157 0 1 2 210 0 0
 254 106664.000 166419.000 0 0 28.000 52.000 1456.000 38.157 0 1 2 210 0 0
 255 106842.000 166662.000 0 0 28.000 52.000 1456.000 38.157 0 1 2 210 0 0
 256 48170.000 142376.000 0 0 0.000 0.000 0.000 0.134 0 1 0 0 0 0
 257 107154.000 167076.000 0 0 28.000 52.000 1456.000 38.157 0 1 2 210 0 0
 258 107097.000 167000.000 0 0 28.000 52.000 1456.000 38.157 0 1 2 210 0 0
 259 107245.000 167205.000 0 0 28.000 52.000 1456.000 38.157 0 1 2 210 0 0
 260 130952.000 40195.000 0 0 0.000 0.000 0.000 0.153 0 1 0 0 0 0
 261 85429.000 166153.000 0 0 0.000 0.000 0.000 0.139 0 1 0 0 0 0
 262 34325.000 116102.000 0 0 0.000 0.000 0.000 0.138 0 1 0 0 0 0
 263 156681.000 62437.000 0 0 0.000 0.000 0.000 0.138 0 1 0 0 0 0
 264 120560.000 165326.000 0 0 0.000 0.000 0.000 0.131 0 1 0 0 0 0
 265 107883.000 168050.000 0 0 28.000 52.000 1456.000 38.157 0 1 2 210 0 0
 266 35778.000 123878.000 0 0 0.000 0.000 0.000 0.131 0 1 0 0 0 0
 267 124404.000 36144.000 0 0 0.000 0.000 0.000 0.133 0 1 0 0 0 0
 268 36411.000 126398.000 0 0 0.000 0.000 0.000 0.130 0 1 0 0 0 0
 269 35211.000 122800.000 0 0 0.000 0.000 0.000 0.130 0 1 0 0 0 0
 270 77925.000 35074.000 0 0 0.000 0.000 0.000 0.133 0 1 0 0 0 0
 271 45588.000 57518.000 0 0 0.000 0.000 0.000 0.137 0 1 0 0 0 0
 272 108608.000 169007.000 0 0 30.000 52.000 1560.000 39.496 0 1 2 210 0 0
 273 108751.000 169148.000 0 0 30.000 52.000 1560.000 39.496 0 1 2 210 0 0
 274 108861.000 169358.000 0 0 30.000 52.000 1560.000 39.496 0 1 2 210 0 0
 275 109006.000 169543.000 0 0 30.000 52.000 1560.000 39.496 0 1 2 210 0 0
 276 109206.000 169798.000 0 0 30.000 52.000 1560.000 39.496 0 1 2 210 0 0
 277 109123.000 169684.000 0 0 30.000 52.000 1560.000 39.496 0 1 2 210 0 0
 278 109319.000 169962.000 0 0 30.000 52.000 1560.000 39.496 0 1 2 210 0 0
 279 109398.000 170044.000 0 0 30.000 52.000 1560.000 39.496 0 1 2 210 0 0
 280 109553.000 170234.000 0 0 30.000 52.000 1560.000 39.496 0 1 2 210 0 0
 281 109652.000 170377.000 0 0 30.000 52.000 1560.000 39.496 0 1 2 210 0 0
 282 29270.000 94950.000 0 0 0.000 0.000 0.000 0.136 0 1 0 0 0 0
 283 109819.000 170597.000 0 0 30.000 52.000 1560.000 39.496 0 1 2 210 0 0
 284 110597.000 171595.000 0 0 0.000 0.000 0.000 0.153 0 1 0 0 0 0
 285 28863.000 88243.000 0 0 0.000 0.000 0.000 0.139 0 1 0 0 0 0
 286 27070.000 107412.000 0 0 0.000 0.000 0.000 0.132 0 1 0 0 0 0
 287 111740.000 173013.000 0 0 0.000 0.000 0.000 0.139 0 1 0 0 0 0
 288 111860.000 173207.000 0 0 0.000 0.000 0.000 0.152 0 1 0 0 0 0
 289 79427.000 172255.000 0 0 0.000 0.000 0.000 0.132 0 1 0 0 0 0
 290 152027.000 44415.000 0 0 0.000 0.000 0.000 0.130 0 1 0 0 0 0
 291 113691.000 175497.000 0 0 0.000 0.000 0.000 0.158 0 1 0 0 0 0
 292 113861.000 175694.000 0 0 0.000 0.000 0.000 0.157 0 1 0 0 0 0
 293 115074.000 177164.000 0 0 0.000 0.000 0.000 0.159 0 1 0 0 0 0
 294 115242.000 177394.000 0 0 0.000 0.000 0.000 0.143 0 1 0 0 0 0
 295 116092.000 178414.000 0 0 34.000 54.000 1836.000 42.848 0 1 3 210 0 0
 296 116027.000 178339.000 0 0 34.000 54.000 1836.000 42.848 0 1 3 210 0 0
 297 116214.000 178563.000 0 0 34.000 54.000 1836.000 42.848 0 1 3 210 0 0
 298 45467.000 41691.000 0 0 0.000 0.000 0.000 0.136 0 1 0 0 0 0
 299 116409.000 178789.000 0 0 34.000 54.000 1836.000 42.848 0 1 3 210 0 0
 300 116613.000 179043.000 0 0 34.000 54.000 1836.000 42.848 0 1 3 210 0 0
 301 78830.000 177786.000 0 0 0.000 0.000 0.000 0.131 0 1 0 0 0 0
 302 116804.000 179257.000 0 0 34.000 54.000 1836.000 42.848 0 1 3 210 0 0
 303 117165.000 179704.000 0 0 34.000 54.000 1836.000 42.848 0 1 3 210 0 0
 304 117718.000 180347.000 0 0 34.000 54.000 1836.000 42.848 0 1 3 210 0 0
 305 117775.000 180421.000 0 0 34.000 54.000 1836.000 42.848 0 1 3 210 0 0
 306 63601.000 26442.000 0 0 0.000 0.000 0.000 0.132 0 1 0 0 0 0
 307 118110.000 180815.000 0 0 34.000 54.000 1836.000 42.848 0 1 3 210 0 0
 308 118015.000 180702.000 0 0 34.000 54.000 1836.000 42.848 0 1 3 210 0 0
 309 139460.000 173433.000 0 0 0.000 0.000 0.000 0.131 0 1 0 0 0 0
 310 118701.000 181501.000 0 0 34.000 54.000 1836.000 42.848 0 1 3 210 0 0
 311 118606.000 181407.000 0 0 34.000 54.000 1836.000 42.848 0 1 3 210 0 0
 312 102620.000 183753.000 0 0 0.000 0.000 0.000 0.130 0 1 0 0 0 0
 313 118971.000 181833.000 0 0 34.000 54.000 1836.000 42.848 0 1 3 210 0 0
 314 20206.000 125935.000 0 0 0.000 0.000 0.000 0.130 0 1 0 0 0 0
 315 149744.000 32251.000 0 0 0.000 0.000 0.000 0.232 0 1 0 0 0 0
 316 119718.000 182695.000 0 0 34.000 54.000 1836.000 42.848 0 1 3 210 0 0
 317 144735.000 27897.000 0 0 0.000 0.000 0.000 0.139 0 1 0 0 0 0
 318 119976.000 183002.000 0 0 34.000 54.000 1836.000 42.848 0 1 3 210 0 0
 319 120462.000 183565.000 0 0 34.000 54.000 1836.000 42.848 0 1 3 210 0 0
 320 120557.000 183672.000 0 0 34.000 54.000 1836.000 42.848 0 1 3 210 0 0
 321 121067.000 184272.000 0 0 36.000 54.000 1944.000 44.090 0 1 3 210 0 0
 322 121181.000 184399.000 0 0 36.000 54.000 1944.000 44.090 0 1 3 210 0 0
 323 121546.000 184824.000 0 0 36.000 54.000 1944.000 44.090 0 1 3 210 0 0
 324 49068.000 27317.000 0 0 0.000 0.000 0.000 0.137 0 1 0 0 0 0
 325 123585.000 187131.000 0 0 0.000 0.000 0.000 0.135 0 1 0 0 0 0
 326 43252.000 29978.000 0 0 0.000 0.000 0.000 0.167 0 1 0 0 0 0
 327 123904.000 187479.000 0 0 0.000 0.000 0.000 0.159 0 1 0 0 0 0
 328 125268.000 189013.000 0 0 36.000 56.000 2016.000 44.899 0 1 4 210 0 0
 329 8713.000 87276.000 0 0 0.000 0.000 0.000 0.182 0 1 0 0 0 0
 330 125456.000 189222.000 0 0 36.000 56.000 2016.000 44.899 0 1 4 210 0 0
 331 125791.000 189567.000 0 0 36.000 56.000 2016.000 44.899 0 1 4 210 0 0
 332 126017.000 189835.000 0 0 36.000 56.000 2016.000 44.899 0 1 4 210 0 0
 333 126104.000 189907.000 0 0 36.000 56.000 2016.000 44.899 0 1 4 210 0 0
 334 126299.000 190128.000 0 0 38.000 55.000 2090.000 45.716 0 1 4 210 0 0
 335 127015.000 190795.000 0 0 0.000 0.000 0.000 0.173 0 1 0 0 0 0
 336 118121.000 180604.000 0 0 19.323 4.344 83.944 9.162 0 1 3 210 0 0
 337 118198.000 180761.000 0 0 116.147 26.172 3039.865 55.134 0 1 3 210 0 0
 338 118288.000 180915.000 0 0 159.032 35.944 5716.304 75.606 0 1 3 210 0 0
 339 118401.000 181063.000 0 0 116.580 26.464 3085.204 55.544 0 1 3 210 0 0
 340 118482.000 181220.000 0 0 15.569 3.542 55.159 7.426 0 1 3 210 0 0;
ProcessEquipmentIDList 1
  "6565" ;
SummarySpec 5
  TESTNO    NDEFECT    DEFDENSITY    NDIE    NDEFDIE  ;
SummaryList 
  1    340    1.243    1    1  ;
EndOfFile;
