FileVersion 1 2;
FileTimestamp 02-07-26 20:50:39;
InspectionStationID "KLA-Tencor" "SFSSP1" "0901-0728-TBI";
SampleType WAFER;
ResultTimestamp 02-07-26 20:46:32;
LotID "2580";
SampleSize 1 200;
DeviceID "None";
SetupID "T2-2580NR" 02-07-26 20:46:32;
StepID "7002";
SampleOrientationMarkType NOTCH;
OrientationMarkLocation DOWN;
DiePitch 200000 200000;
DieOrigin 0 0;
WaferID "04";
Slot 4;
SampleCenterLocation 100000 100000;
ClassLookup 1
  0 "0"  ;
OrientationInstructions "Front";
CoordinatesMirrored No;
InspectionTest 1;
SampleTestPlan 1
  0 0 ;
AreaPerTest 2.73513e+010;
ClusterClassificationList 2
  2 200 
  1 200 ;
DefectRecordSpec 15 DEFECTID XREL YREL XINDEX YINDEX XSIZE YSIZE DEFECTAREA DSIZE CLASSNUMBER TEST CLUSTERNUMBER ROUGHBINNUMBER FINEBINNUMBER REVIEWSAMPLE ;
DefectList
 1 104556.000 102889.000 0 0 0.000 0.000 0.000 0.131 0 1 0 0 0 0
 2 93754.000 96425.000 0 0 0.000 0.000 0.000 0.133 0 1 0 0 0 0
 3 101149.000 90460.000 0 0 0.000 0.000 0.000 0.131 0 1 0 0 0 0
 4 107293.000 107715.000 0 0 0.000 0.000 0.000 0.131 0 1 0 0 0 0
 5 111580.000 99519.000 0 0 0.000 0.000 0.000 0.154 0 1 0 0 0 0
 6 85943.000 102151.000 0 0 0.000 0.000 0.000 0.135 0 1 0 0 0 0
 7 113795.000 103918.000 0 0 0.000 0.000 0.000 0.141 0 1 0 0 0 0
 8 112974.000 108280.000 0 0 0.000 0.000 0.000 0.138 0 1 0 0 0 0
 9 85549.000 106246.000 0 0 0.000 0.000 0.000 0.135 0 1 0 0 0 0
 10 93227.000 115114.000 0 0 0.000 0.000 0.000 0.149 0 1 0 0 0 0
 11 88927.000 86751.000 0 0 0.000 0.000 0.000 0.130 0 1 0 0 0 0
 12 115782.000 107886.000 0 0 0.000 0.000 0.000 0.145 0 1 0 0 0 0
 13 114280.000 88318.000 0 0 0.000 0.000 0.000 0.161 0 1 0 0 0 0
 14 80241.000 103930.000 0 0 0.000 0.000 0.000 0.134 0 1 0 0 0 0
 15 81478.000 91746.000 0 0 0.000 0.000 0.000 0.138 0 1 0 0 0 0
 16 100393.000 78824.000 0 0 0.000 0.000 0.000 0.134 0 1 0 0 0 0
 17 106352.000 78653.000 0 0 0.000 0.000 0.000 0.144 0 1 0 0 0 0
 18 121933.000 96816.000 0 0 0.000 0.000 0.000 0.137 0 1 0 0 0 0
 19 117292.000 115750.000 0 0 0.000 0.000 0.000 0.134 0 1 0 0 0 0
 20 105188.000 123899.000 0 0 0.000 0.000 0.000 0.130 0 1 0 0 0 0
 21 123835.000 92002.000 0 0 0.000 0.000 0.000 0.133 0 1 0 0 0 0
 22 122560.000 110741.000 0 0 0.000 0.000 0.000 0.160 0 1 0 0 0 0
 23 110051.000 123067.000 0 0 0.000 0.000 0.000 0.134 0 1 0 0 0 0
 24 94946.000 74613.000 0 0 0.000 0.000 0.000 0.137 0 1 0 0 0 0
 25 120133.000 115768.000 0 0 0.000 0.000 0.000 0.135 0 1 0 0 0 0
 26 97959.000 126011.000 0 0 0.000 0.000 0.000 0.138 0 1 0 0 0 0
 27 93111.000 125647.000 0 0 0.000 0.000 0.000 0.143 0 1 0 0 0 0
 28 74486.000 110813.000 0 0 0.000 0.000 0.000 0.148 0 1 0 0 0 0
 29 109797.000 73850.000 0 0 0.000 0.000 0.000 0.134 0 1 0 0 0 0
 30 72918.000 90287.000 0 0 0.000 0.000 0.000 0.134 0 1 0 0 0 0
 31 73253.000 89355.000 0 0 0.000 0.000 0.000 0.140 0 1 0 0 0 0
 32 81752.000 122164.000 0 0 0.000 0.000 0.000 0.151 0 1 0 0 0 0
 33 104142.000 70941.000 0 0 0.000 0.000 0.000 0.141 0 1 0 0 0 0
 34 111165.000 72416.000 0 0 0.000 0.000 0.000 0.142 0 1 0 0 0 0
 35 103065.000 129579.000 0 0 0.000 0.000 0.000 0.134 0 1 0 0 0 0
 36 111597.000 127667.000 0 0 0.000 0.000 0.000 0.135 0 1 0 0 0 0
 37 77740.000 79185.000 0 0 0.000 0.000 0.000 0.155 0 1 0 0 0 0
 38 72623.000 85308.000 0 0 0.000 0.000 0.000 0.153 0 1 0 0 0 0
 39 72884.000 84584.000 0 0 0.000 0.000 0.000 0.147 0 1 0 0 0 0
 40 69101.000 94280.000 0 0 0.000 0.000 0.000 0.139 0 1 0 0 0 0
 41 122701.000 77783.000 0 0 0.000 0.000 0.000 0.138 0 1 0 0 0 0
 42 131159.000 94951.000 0 0 0.000 0.000 0.000 0.132 0 1 0 0 0 0
 43 118434.000 126670.000 0 0 0.000 0.000 0.000 0.154 0 1 0 0 0 0
 44 74158.000 119932.000 0 0 0.000 0.000 0.000 0.135 0 1 0 0 0 0
 45 69940.000 112956.000 0 0 0.000 0.000 0.000 0.145 0 1 0 0 0 0
 46 68206.000 108191.000 0 0 0.000 0.000 0.000 0.146 0 1 0 0 0 0
 47 132429.000 95057.000 0 0 0.000 0.000 0.000 0.144 0 1 0 0 0 0
 48 110127.000 131132.000 0 0 0.000 0.000 0.000 0.141 0 1 0 0 0 0
 49 97551.000 132789.000 0 0 0.000 0.000 0.000 0.137 0 1 0 0 0 0
 50 126991.000 80954.000 0 0 0.000 0.000 0.000 0.136 0 1 0 0 0 0
 51 87998.000 68608.000 0 0 0.000 0.000 0.000 0.131 0 1 0 0 0 0
 52 66293.000 95909.000 0 0 0.000 0.000 0.000 0.131 0 1 0 0 0 0
 53 128761.000 82064.000 0 0 0.000 0.000 0.000 0.135 0 1 0 0 0 0
 54 113298.000 131340.000 0 0 0.000 0.000 0.000 0.130 0 1 0 0 0 0
 55 107804.000 133201.000 0 0 0.000 0.000 0.000 0.130 0 1 0 0 0 0
 56 65116.000 99148.000 0 0 0.000 0.000 0.000 0.133 0 1 0 0 0 0
 57 134539.000 103688.000 0 0 0.000 0.000 0.000 0.132 0 1 0 0 0 0
 58 115634.000 131109.000 0 0 0.000 0.000 0.000 0.138 0 1 0 0 0 0
 59 71572.000 120448.000 0 0 0.000 0.000 0.000 0.137 0 1 0 0 0 0
 60 133512.000 88972.000 0 0 0.000 0.000 0.000 0.150 0 1 0 0 0 0
 61 127983.000 77023.000 0 0 0.000 0.000 0.000 0.141 0 1 0 0 0 0
 62 120383.000 69563.000 0 0 0.000 0.000 0.000 0.132 0 1 0 0 0 0
 63 136328.000 103521.000 0 0 0.000 0.000 0.000 0.132 0 1 0 0 0 0
 64 105060.000 62808.000 0 0 0.000 0.000 0.000 0.138 0 1 0 0 0 0
 65 125189.000 72076.000 0 0 0.000 0.000 0.000 0.143 0 1 0 0 0 0
 66 83406.000 65695.000 0 0 0.000 0.000 0.000 0.152 0 1 0 0 0 0
 67 132797.000 118578.000 0 0 0.000 0.000 0.000 0.138 0 1 0 0 0 0
 68 87542.000 135935.000 0 0 0.000 0.000 0.000 0.139 0 1 0 0 0 0
 69 137451.000 106833.000 0 0 0.000 0.000 0.000 0.137 0 1 0 0 0 0
 70 106489.000 137467.000 0 0 0.000 0.000 0.000 0.142 0 1 0 0 0 0
 71 136150.000 85442.000 0 0 0.000 0.000 0.000 0.150 0 1 0 0 0 0
 72 136971.000 86669.000 0 0 0.000 0.000 0.000 0.142 0 1 0 0 0 0
 73 68116.000 123468.000 0 0 0.000 0.000 0.000 0.144 0 1 0 0 0 0
 74 75946.000 131604.000 0 0 0.000 0.000 0.000 0.139 0 1 0 0 0 0
 75 127383.000 128978.000 0 0 0.000 0.000 0.000 0.139 0 1 0 0 0 0
 76 82366.000 136457.000 0 0 0.000 0.000 0.000 0.140 0 1 0 0 0 0
 77 58642.000 102178.000 0 0 0.000 0.000 0.000 0.134 0 1 0 0 0 0
 78 87040.000 60450.000 0 0 0.000 0.000 0.000 0.141 0 1 0 0 0 0
 79 101435.000 58283.000 0 0 0.000 0.000 0.000 0.132 0 1 0 0 0 0
 80 131919.000 72383.000 0 0 0.000 0.000 0.000 0.130 0 1 0 0 0 0
 81 137688.000 80065.000 0 0 0.000 0.000 0.000 0.139 0 1 0 0 0 0
 82 74345.000 65322.000 0 0 0.000 0.000 0.000 0.142 0 1 0 0 0 0
 83 56370.000 104839.000 0 0 0.000 0.000 0.000 0.138 0 1 0 0 0 0
 84 75615.000 136639.000 0 0 0.000 0.000 0.000 0.140 0 1 0 0 0 0
 85 135938.000 125322.000 0 0 0.000 0.000 0.000 0.142 0 1 0 0 0 0
 86 58484.000 82902.000 0 0 0.000 0.000 0.000 0.140 0 1 0 0 0 0
 87 132188.000 130746.000 0 0 0.000 0.000 0.000 0.133 0 1 0 0 0 0
 88 135898.000 126906.000 0 0 0.000 0.000 0.000 0.159 0 1 0 0 0 0
 89 139468.000 76634.000 0 0 0.000 0.000 0.000 0.130 0 1 0 0 0 0
 90 120207.000 141385.000 0 0 0.000 0.000 0.000 0.135 0 1 0 0 0 0
 91 119764.000 57963.000 0 0 0.000 0.000 0.000 0.140 0 1 0 0 0 0
 92 53011.000 99407.000 0 0 0.000 0.000 0.000 0.133 0 1 0 0 0 0
 93 98839.000 52509.000 0 0 0.000 0.000 0.000 0.139 0 1 0 0 0 0
 94 102573.000 147100.000 0 0 0.000 0.000 0.000 200000.000 0 1 0 200 0 0
 95 60282.000 126606.000 0 0 0.000 0.000 0.000 0.136 0 1 0 0 0 0
 96 144003.000 119618.000 0 0 0.000 0.000 0.000 0.133 0 1 0 0 0 0
 97 72787.000 140231.000 0 0 0.000 0.000 0.000 0.130 0 1 0 0 0 0
 98 97879.000 148613.000 0 0 0.000 0.000 0.000 0.133 0 1 0 0 0 0
 99 141699.000 74022.000 0 0 0.000 0.000 0.000 0.140 0 1 0 0 0 0
 100 52014.000 87722.000 0 0 0.000 0.000 0.000 0.144 0 1 0 0 0 0
 101 119188.000 54431.000 0 0 0.000 0.000 0.000 0.131 0 1 0 0 0 0
 102 116753.000 53169.000 0 0 0.000 0.000 0.000 0.137 0 1 0 0 0 0
 103 136018.000 133932.000 0 0 0.000 0.000 0.000 0.136 0 1 0 0 0 0
 104 53332.000 117113.000 0 0 0.000 0.000 0.000 0.130 0 1 0 0 0 0
 105 55176.000 75703.000 0 0 0.000 0.000 0.000 0.133 0 1 0 0 0 0
 106 128301.000 57656.000 0 0 0.000 0.000 0.000 0.131 0 1 0 0 0 0
 107 150347.000 106793.000 0 0 0.000 0.000 0.000 0.143 0 1 0 0 0 0
 108 48732.000 97468.000 0 0 0.000 0.000 0.000 0.139 0 1 0 0 0 0
 109 138653.000 66067.000 0 0 0.000 0.000 0.000 0.142 0 1 0 0 0 0
 110 105630.000 48121.000 0 0 0.000 0.000 0.000 0.133 0 1 0 0 0 0
 111 74571.000 53086.000 0 0 0.000 0.000 0.000 0.130 0 1 0 0 0 0
 112 81584.000 49487.000 0 0 0.000 0.000 0.000 0.138 0 1 0 0 0 0
 113 112493.000 47857.000 0 0 0.000 0.000 0.000 0.142 0 1 0 0 0 0
 114 46131.000 102664.000 0 0 0.000 0.000 0.000 0.136 0 1 0 0 0 0
 115 48807.000 82542.000 0 0 0.000 0.000 0.000 0.132 0 1 0 0 0 0
 116 152046.000 84587.000 0 0 0.000 0.000 0.000 0.136 0 1 0 0 0 0
 117 45829.000 90975.000 0 0 0.000 0.000 0.000 0.135 0 1 0 0 0 0
 118 138092.000 59516.000 0 0 0.000 0.000 0.000 0.140 0 1 0 0 0 0
 119 53397.000 69021.000 0 0 0.000 0.000 0.000 0.137 0 1 0 0 0 0
 120 151762.000 120001.000 0 0 0.000 0.000 0.000 0.130 0 1 0 0 0 0
 121 145812.000 67440.000 0 0 0.000 0.000 0.000 0.130 0 1 0 0 0 0
 122 47495.000 122192.000 0 0 0.000 0.000 0.000 0.140 0 1 0 0 0 0
 123 43458.000 90141.000 0 0 0.000 0.000 0.000 0.154 0 1 0 0 0 0
 124 157203.000 88841.000 0 0 0.000 0.000 0.000 0.133 0 1 0 0 0 0
 125 148404.000 132347.000 0 0 0.000 0.000 0.000 0.136 0 1 0 0 0 0
 126 67067.000 148244.000 0 0 0.000 0.000 0.000 0.139 0 1 0 0 0 0
 127 87458.000 157686.000 0 0 0.000 0.000 0.000 0.137 0 1 0 0 0 0
 128 151440.000 129232.000 0 0 0.000 0.000 0.000 0.134 0 1 0 0 0 0
 129 72388.000 153068.000 0 0 0.000 0.000 0.000 0.133 0 1 0 0 0 0
 130 87282.000 40311.000 0 0 0.000 0.000 0.000 0.133 0 1 0 0 0 0
 131 158657.000 83084.000 0 0 0.000 0.000 0.000 0.139 0 1 0 0 0 0
 132 93008.000 160996.000 0 0 0.000 0.000 0.000 0.140 0 1 0 0 0 0
 133 154130.000 129301.000 0 0 0.000 0.000 0.000 0.131 0 1 0 0 0 0
 134 67028.000 152538.000 0 0 0.000 0.000 0.000 0.130 0 1 0 0 0 0
 135 79442.000 159256.000 0 0 0.000 0.000 0.000 0.139 0 1 0 0 0 0
 136 39953.000 119433.000 0 0 0.000 0.000 0.000 0.130 0 1 0 0 0 0
 137 116939.000 39004.000 0 0 0.000 0.000 0.000 0.138 0 1 0 0 0 0
 138 87691.000 36654.000 0 0 0.000 0.000 0.000 0.152 0 1 0 0 0 0
 139 43082.000 133303.000 0 0 0.000 0.000 0.000 0.135 0 1 0 0 0 0
 140 98559.000 166354.000 0 0 0.000 0.000 0.000 0.132 0 1 0 0 0 0
 141 123987.000 36177.000 0 0 0.000 0.000 0.000 0.139 0 1 0 0 0 0
 142 40895.000 65169.000 0 0 0.000 0.000 0.000 0.138 0 1 0 0 0 0
 143 147248.000 150052.000 0 0 0.000 0.000 0.000 0.132 0 1 0 0 0 0
 144 61634.000 157703.000 0 0 0.000 0.000 0.000 200000.000 0 1 0 200 0 0
 145 61988.000 160686.000 0 0 0.000 0.000 0.000 200000.000 0 1 0 200 0 0
 146 172423.000 90531.000 0 0 0.000 0.000 0.000 0.136 0 1 0 0 0 0
 147 33170.000 130592.000 0 0 0.000 0.000 0.000 0.136 0 1 0 0 0 0
 148 119049.000 27083.000 0 0 0.000 0.000 0.000 0.132 0 1 0 0 0 0
 149 24067.000 86630.000 0 0 0.000 0.000 0.000 0.134 0 1 0 0 0 0
 150 64302.000 31072.000 0 0 0.000 0.000 0.000 0.134 0 1 0 0 0 0
 151 39017.000 50057.000 0 0 0.000 0.000 0.000 0.154 0 1 0 0 0 0
 152 39014.000 49908.000 0 0 0.000 0.000 0.000 0.149 0 1 0 0 0 0
 153 38603.000 50197.000 0 0 0.000 0.000 0.000 0.241 0 1 0 0 0 0
 154 109775.000 178612.000 0 0 30.000 52.000 1560.000 39.496 0 1 2 200 0 0
 155 109435.000 178584.000 0 0 28.000 52.000 1456.000 38.157 0 1 2 200 0 0
 156 109698.000 178610.000 0 0 30.000 52.000 1560.000 39.496 0 1 2 200 0 0
 157 109610.000 178610.000 0 0 30.000 52.000 1560.000 39.496 0 1 2 200 0 0
 158 109434.000 178582.000 0 0 28.000 52.000 1456.000 38.157 0 1 2 200 0 0
 159 109295.000 178547.000 0 0 28.000 52.000 1456.000 38.157 0 1 2 200 0 0
 160 111798.000 178793.000 0 0 0.000 0.000 0.000 0.132 0 1 0 0 0 0
 161 66712.000 172883.000 0 0 0.000 0.000 0.000 0.137 0 1 0 0 0 0
 162 31512.000 143259.000 0 0 0.000 0.000 0.000 0.130 0 1 0 0 0 0
 163 36763.000 48144.000 0 0 0.000 0.000 0.000 0.165 0 1 0 0 0 0
 164 36246.000 47808.000 0 0 0.000 0.000 0.000 0.148 0 1 0 0 0 0
 165 13969.000 107804.000 0 0 0.000 0.000 0.000 0.131 0 1 0 0 0 0
 166 31129.000 43157.000 0 0 0.000 0.000 0.000 0.161 0 1 0 0 0 0
 167 158544.000 168942.000 0 0 0.000 0.000 0.000 0.130 0 1 0 0 0 0
 168 175670.000 150082.000 0 0 0.000 0.000 0.000 200000.000 0 1 0 200 0 0
 169 29670.000 41648.000 0 0 0.000 0.000 0.000 0.146 0 1 0 0 0 0
 170 29252.000 41210.000 0 0 0.000 0.000 0.000 0.138 0 1 0 0 0 0
 171 177001.000 49508.000 0 0 0.000 0.000 0.000 0.143 0 1 0 0 0 0
 172 28790.000 40718.000 0 0 0.000 0.000 0.000 0.162 0 1 0 0 0 0
 173 27343.000 39209.000 0 0 0.000 0.000 0.000 0.133 0 1 0 0 0 0
 174 59120.000 156415.000 0 0 43.270 31.355 1356.739 36.833 0 1 1 200 0 0
 175 59033.000 156559.000 0 0 75.920 54.990 4174.880 64.613 0 1 1 200 0 0
 176 59007.000 156750.000 0 0 32.648 23.583 769.987 27.748 0 1 1 200 0 0
 177 58905.000 156677.000 0 0 149.425 108.344 16189.476 127.237 0 1 1 200 0 0
 178 58845.000 156843.000 0 0 245.247 177.560 43546.321 208.677 0 1 1 200 0 0
 179 58901.000 157093.000 0 0 13.680 9.847 134.721 11.606 0 1 1 200 0 0
 180 58759.000 156990.000 0 0 254.075 183.863 46715.294 216.137 0 1 1 200 0 0
 181 58676.000 157140.000 0 0 276.649 200.077 55351.251 235.268 0 1 1 200 0 0
 182 58592.000 157291.000 0 0 173.022 125.055 21637.313 147.096 0 1 1 200 0 0
 183 58519.000 157446.000 0 0 13.764 9.939 136.815 11.696 0 1 1 200 0 0;
ProcessEquipmentIDList 1
  "6565" ;
SummarySpec 5
  TESTNO    NDEFECT    DEFDENSITY    NDIE    NDEFDIE  ;
SummaryList 
  1    183    0.6691    1    1  ;
EndOfFile;
