FileVersion 1 2;
FileTimestamp 02-07-26 21:47:20;
InspectionStationID "KLA-Tencor" "SFSSP1" "0901-0728-TBI";
SampleType WAFER;
ResultTimestamp 02-07-26 21:35:18;
LotID "2580";
SampleSize 1 200;
DeviceID "None";
SetupID "T2-2580NR" 02-07-26 21:35:18;
StepID "7002";
SampleOrientationMarkType NOTCH;
OrientationMarkLocation DOWN;
DiePitch 200000 200000;
DieOrigin 0 0;
WaferID "09";
Slot 9;
SampleCenterLocation 100000 100000;
ClassLookup 1
  0 "0"  ;
OrientationInstructions "Front";
CoordinatesMirrored No;
InspectionTest 1;
SampleTestPlan 1
  0 0 ;
AreaPerTest 2.73522e+010;
ClusterClassificationList 1
  1 210 ;
DefectRecordSpec 15 DEFECTID XREL YREL XINDEX YINDEX XSIZE YSIZE DEFECTAREA DSIZE CLASSNUMBER TEST CLUSTERNUMBER ROUGHBINNUMBER FINEBINNUMBER REVIEWSAMPLE ;
DefectList
 1 99160.000 98514.000 0 0 0.000 0.000 0.000 0.141 0 1 0 0 0 0
 2 99161.000 98513.000 0 0 0.000 0.000 0.000 0.141 0 1 0 0 0 0
 3 100276.000 103419.000 0 0 0.000 0.000 0.000 0.131 0 1 0 0 0 0
 4 103335.000 100958.000 0 0 0.000 0.000 0.000 0.143 0 1 0 0 0 0
 5 100215.000 94974.000 0 0 0.000 0.000 0.000 0.132 0 1 0 0 0 0
 6 95710.000 94384.000 0 0 0.000 0.000 0.000 0.134 0 1 0 0 0 0
 7 104870.000 107010.000 0 0 0.000 0.000 0.000 0.143 0 1 0 0 0 0
 8 104355.000 92441.000 0 0 0.000 0.000 0.000 0.145 0 1 0 0 0 0
 9 98892.000 91166.000 0 0 0.000 0.000 0.000 0.166 0 1 0 0 0 0
 10 109156.000 95258.000 0 0 0.000 0.000 0.000 0.135 0 1 0 0 0 0
 11 108561.000 93922.000 0 0 0.000 0.000 0.000 0.135 0 1 0 0 0 0
 12 106581.000 90943.000 0 0 0.000 0.000 0.000 0.161 0 1 0 0 0 0
 13 89204.000 105506.000 0 0 0.000 0.000 0.000 0.138 0 1 0 0 0 0
 14 112093.000 104768.000 0 0 0.000 0.000 0.000 0.130 0 1 0 0 0 0
 15 105540.000 113755.000 0 0 0.000 0.000 0.000 0.140 0 1 0 0 0 0
 16 85283.000 105949.000 0 0 0.000 0.000 0.000 0.132 0 1 0 0 0 0
 17 85001.000 95029.000 0 0 0.000 0.000 0.000 0.132 0 1 0 0 0 0
 18 100817.000 83426.000 0 0 0.000 0.000 0.000 0.155 0 1 0 0 0 0
 19 115537.000 92959.000 0 0 0.000 0.000 0.000 0.133 0 1 0 0 0 0
 20 95525.000 117046.000 0 0 0.000 0.000 0.000 0.136 0 1 0 0 0 0
 21 109058.000 116802.000 0 0 0.000 0.000 0.000 0.134 0 1 0 0 0 0
 22 101292.000 80552.000 0 0 0.000 0.000 0.000 0.146 0 1 0 0 0 0
 23 102099.000 120240.000 0 0 0.000 0.000 0.000 0.137 0 1 0 0 0 0
 24 81836.000 109658.000 0 0 0.000 0.000 0.000 0.139 0 1 0 0 0 0
 25 88485.000 83092.000 0 0 0.000 0.000 0.000 0.132 0 1 0 0 0 0
 26 92285.000 119561.000 0 0 0.000 0.000 0.000 0.133 0 1 0 0 0 0
 27 113604.000 116330.000 0 0 0.000 0.000 0.000 0.137 0 1 0 0 0 0
 28 81203.000 110092.000 0 0 0.000 0.000 0.000 0.133 0 1 0 0 0 0
 29 109555.000 81155.000 0 0 0.000 0.000 0.000 0.151 0 1 0 0 0 0
 30 98247.000 78127.000 0 0 0.000 0.000 0.000 0.160 0 1 0 0 0 0
 31 122216.000 99127.000 0 0 0.000 0.000 0.000 0.158 0 1 0 0 0 0
 32 117833.000 114058.000 0 0 0.000 0.000 0.000 0.134 0 1 0 0 0 0
 33 106624.000 78603.000 0 0 0.000 0.000 0.000 0.141 0 1 0 0 0 0
 34 109803.000 79482.000 0 0 0.000 0.000 0.000 0.146 0 1 0 0 0 0
 35 85856.000 120665.000 0 0 0.000 0.000 0.000 0.136 0 1 0 0 0 0
 36 76539.000 108890.000 0 0 0.000 0.000 0.000 0.138 0 1 0 0 0 0
 37 123891.000 92684.000 0 0 0.000 0.000 0.000 0.164 0 1 0 0 0 0
 38 114633.000 79458.000 0 0 0.000 0.000 0.000 0.132 0 1 0 0 0 0
 39 90867.000 76308.000 0 0 0.000 0.000 0.000 0.145 0 1 0 0 0 0
 40 74212.000 96071.000 0 0 0.000 0.000 0.000 0.185 0 1 0 0 0 0
 41 105912.000 74784.000 0 0 0.000 0.000 0.000 0.134 0 1 0 0 0 0
 42 93938.000 73989.000 0 0 0.000 0.000 0.000 0.137 0 1 0 0 0 0
 43 109312.000 125616.000 0 0 0.000 0.000 0.000 0.142 0 1 0 0 0 0
 44 101031.000 127530.000 0 0 0.000 0.000 0.000 0.133 0 1 0 0 0 0
 45 102024.000 127668.000 0 0 0.000 0.000 0.000 0.131 0 1 0 0 0 0
 46 127130.000 95045.000 0 0 0.000 0.000 0.000 0.130 0 1 0 0 0 0
 47 127602.000 99563.000 0 0 0.000 0.000 0.000 0.134 0 1 0 0 0 0
 48 105834.000 127528.000 0 0 0.000 0.000 0.000 0.144 0 1 0 0 0 0
 49 86660.000 75281.000 0 0 0.000 0.000 0.000 0.156 0 1 0 0 0 0
 50 102120.000 71983.000 0 0 0.000 0.000 0.000 0.133 0 1 0 0 0 0
 51 101252.000 128987.000 0 0 0.000 0.000 0.000 0.135 0 1 0 0 0 0
 52 130366.000 101447.000 0 0 0.000 0.000 0.000 0.146 0 1 0 0 0 0
 53 112320.000 71748.000 0 0 0.000 0.000 0.000 0.132 0 1 0 0 0 0
 54 123190.000 121414.000 0 0 0.000 0.000 0.000 0.135 0 1 0 0 0 0
 55 120758.000 76267.000 0 0 0.000 0.000 0.000 0.132 0 1 0 0 0 0
 56 91016.000 69616.000 0 0 0.000 0.000 0.000 0.134 0 1 0 0 0 0
 57 124822.000 80174.000 0 0 0.000 0.000 0.000 0.151 0 1 0 0 0 0
 58 121377.000 75718.000 0 0 0.000 0.000 0.000 0.175 0 1 0 0 0 0
 59 84169.000 71272.000 0 0 0.000 0.000 0.000 0.142 0 1 0 0 0 0
 60 96873.000 67128.000 0 0 0.000 0.000 0.000 0.130 0 1 0 0 0 0
 61 93385.000 133934.000 0 0 0.000 0.000 0.000 0.135 0 1 0 0 0 0
 62 85076.000 131451.000 0 0 0.000 0.000 0.000 0.134 0 1 0 0 0 0
 63 77019.000 72189.000 0 0 0.000 0.000 0.000 0.172 0 1 0 0 0 0
 64 84704.000 133280.000 0 0 0.000 0.000 0.000 0.145 0 1 0 0 0 0
 65 96744.000 63491.000 0 0 0.000 0.000 0.000 0.137 0 1 0 0 0 0
 66 131314.000 80857.000 0 0 0.000 0.000 0.000 0.132 0 1 0 0 0 0
 67 65549.000 113378.000 0 0 0.000 0.000 0.000 0.130 0 1 0 0 0 0
 68 70615.000 77439.000 0 0 0.000 0.000 0.000 0.134 0 1 0 0 0 0
 69 74279.000 73398.000 0 0 0.000 0.000 0.000 0.144 0 1 0 0 0 0
 70 93470.000 136805.000 0 0 0.000 0.000 0.000 0.130 0 1 0 0 0 0
 71 69948.000 77788.000 0 0 0.000 0.000 0.000 0.156 0 1 0 0 0 0
 72 125604.000 72372.000 0 0 0.000 0.000 0.000 0.147 0 1 0 0 0 0
 73 81585.000 133474.000 0 0 0.000 0.000 0.000 0.143 0 1 0 0 0 0
 74 70595.000 124213.000 0 0 0.000 0.000 0.000 0.135 0 1 0 0 0 0
 75 67945.000 120435.000 0 0 0.000 0.000 0.000 0.155 0 1 0 0 0 0
 76 135641.000 113568.000 0 0 0.000 0.000 0.000 0.135 0 1 0 0 0 0
 77 100444.000 62067.000 0 0 0.000 0.000 0.000 0.131 0 1 0 0 0 0
 78 61337.000 105367.000 0 0 0.000 0.000 0.000 0.130 0 1 0 0 0 0
 79 60907.000 103707.000 0 0 0.000 0.000 0.000 0.132 0 1 0 0 0 0
 80 138240.000 91407.000 0 0 0.000 0.000 0.000 0.141 0 1 0 0 0 0
 81 81435.000 65104.000 0 0 0.000 0.000 0.000 0.134 0 1 0 0 0 0
 82 71799.000 71879.000 0 0 0.000 0.000 0.000 0.152 0 1 0 0 0 0
 83 92146.000 61069.000 0 0 0.000 0.000 0.000 0.162 0 1 0 0 0 0
 84 107894.000 139689.000 0 0 0.000 0.000 0.000 0.133 0 1 0 0 0 0
 85 63186.000 116601.000 0 0 0.000 0.000 0.000 0.135 0 1 0 0 0 0
 86 134774.000 79656.000 0 0 0.000 0.000 0.000 0.156 0 1 0 0 0 0
 87 134664.000 121298.000 0 0 0.000 0.000 0.000 0.137 0 1 0 0 0 0
 88 107993.000 140002.000 0 0 0.000 0.000 0.000 0.130 0 1 0 0 0 0
 89 108049.000 140181.000 0 0 0.000 0.000 0.000 0.133 0 1 0 0 0 0
 90 131300.000 126656.000 0 0 0.000 0.000 0.000 0.138 0 1 0 0 0 0
 91 108102.000 140341.000 0 0 0.000 0.000 0.000 0.134 0 1 0 0 0 0
 92 64752.000 121489.000 0 0 0.000 0.000 0.000 0.135 0 1 0 0 0 0
 93 58831.000 98580.000 0 0 0.000 0.000 0.000 0.139 0 1 0 0 0 0
 94 84362.000 61956.000 0 0 0.000 0.000 0.000 0.137 0 1 0 0 0 0
 95 131568.000 73032.000 0 0 0.000 0.000 0.000 0.135 0 1 0 0 0 0
 96 140779.000 90771.000 0 0 0.000 0.000 0.000 0.137 0 1 0 0 0 0
 97 108457.000 141476.000 0 0 0.000 0.000 0.000 0.132 0 1 0 0 0 0
 98 108508.000 141641.000 0 0 0.000 0.000 0.000 0.132 0 1 0 0 0 0
 99 108562.000 141813.000 0 0 0.000 0.000 0.000 0.133 0 1 0 0 0 0
 100 88300.000 141355.000 0 0 0.000 0.000 0.000 0.132 0 1 0 0 0 0
 101 71693.000 67962.000 0 0 0.000 0.000 0.000 0.130 0 1 0 0 0 0
 102 126933.000 133616.000 0 0 0.000 0.000 0.000 0.214 0 1 0 0 0 0
 103 57669.000 92702.000 0 0 0.000 0.000 0.000 0.130 0 1 0 0 0 0
 104 108862.000 142781.000 0 0 0.000 0.000 0.000 0.133 0 1 0 0 0 0
 105 67962.000 70384.000 0 0 0.000 0.000 0.000 0.330 0 1 0 0 0 0
 106 64184.000 73595.000 0 0 0.000 0.000 0.000 0.136 0 1 0 0 0 0
 107 66683.000 70052.000 0 0 0.000 0.000 0.000 0.141 0 1 0 0 0 0
 108 98578.000 145302.000 0 0 0.000 0.000 0.000 0.130 0 1 0 0 0 0
 109 82377.000 142151.000 0 0 0.000 0.000 0.000 0.139 0 1 0 0 0 0
 110 144960.000 106791.000 0 0 0.000 0.000 0.000 0.134 0 1 0 0 0 0
 111 84476.000 57158.000 0 0 0.000 0.000 0.000 0.145 0 1 0 0 0 0
 112 97245.000 146327.000 0 0 0.000 0.000 0.000 0.137 0 1 0 0 0 0
 113 82235.000 57546.000 0 0 0.000 0.000 0.000 0.143 0 1 0 0 0 0
 114 86082.000 56199.000 0 0 0.000 0.000 0.000 0.137 0 1 0 0 0 0
 115 146117.000 97438.000 0 0 0.000 0.000 0.000 0.130 0 1 0 0 0 0
 116 62332.000 127231.000 0 0 0.000 0.000 0.000 0.131 0 1 0 0 0 0
 117 55334.000 88027.000 0 0 0.000 0.000 0.000 0.145 0 1 0 0 0 0
 118 68478.000 66160.000 0 0 0.000 0.000 0.000 0.134 0 1 0 0 0 0
 119 138087.000 73546.000 0 0 0.000 0.000 0.000 0.152 0 1 0 0 0 0
 120 145679.000 109900.000 0 0 0.000 0.000 0.000 0.131 0 1 0 0 0 0
 121 95965.000 53530.000 0 0 0.000 0.000 0.000 0.138 0 1 0 0 0 0
 122 135729.000 130672.000 0 0 0.000 0.000 0.000 0.139 0 1 0 0 0 0
 123 55484.000 84336.000 0 0 0.000 0.000 0.000 0.130 0 1 0 0 0 0
 124 144109.000 83162.000 0 0 0.000 0.000 0.000 0.153 0 1 0 0 0 0
 125 101794.000 52515.000 0 0 0.000 0.000 0.000 0.133 0 1 0 0 0 0
 126 136892.000 131220.000 0 0 0.000 0.000 0.000 0.137 0 1 0 0 0 0
 127 121607.000 143995.000 0 0 0.000 0.000 0.000 0.141 0 1 0 0 0 0
 128 113913.000 53301.000 0 0 0.000 0.000 0.000 0.134 0 1 0 0 0 0
 129 110425.000 148015.000 0 0 34.000 54.000 1836.000 42.848 0 1 1 210 0 0
 130 73167.000 141238.000 0 0 0.000 0.000 0.000 0.144 0 1 0 0 0 0
 131 115849.000 53603.000 0 0 0.000 0.000 0.000 0.133 0 1 0 0 0 0
 132 68555.000 138480.000 0 0 0.000 0.000 0.000 0.152 0 1 0 0 0 0
 133 133688.000 63919.000 0 0 0.000 0.000 0.000 0.135 0 1 0 0 0 0
 134 135827.000 65903.000 0 0 0.000 0.000 0.000 0.136 0 1 0 0 0 0
 135 110615.000 148668.000 0 0 34.000 54.000 1836.000 42.848 0 1 1 210 0 0
 136 145916.000 81023.000 0 0 0.000 0.000 0.000 0.141 0 1 0 0 0 0
 137 110708.000 148994.000 0 0 34.000 54.000 1836.000 42.848 0 1 1 210 0 0
 138 83024.000 53281.000 0 0 0.000 0.000 0.000 0.130 0 1 0 0 0 0
 139 110849.000 149487.000 0 0 34.000 54.000 1836.000 42.848 0 1 1 210 0 0
 140 57337.000 72950.000 0 0 0.000 0.000 0.000 0.140 0 1 0 0 0 0
 141 83809.000 148269.000 0 0 0.000 0.000 0.000 0.135 0 1 0 0 0 0
 142 110175.000 50608.000 0 0 0.000 0.000 0.000 0.146 0 1 0 0 0 0
 143 81285.000 52768.000 0 0 0.000 0.000 0.000 0.130 0 1 0 0 0 0
 144 133986.000 62074.000 0 0 0.000 0.000 0.000 0.133 0 1 0 0 0 0
 145 111033.000 150141.000 0 0 34.000 54.000 1836.000 42.848 0 1 1 210 0 0
 146 87870.000 149962.000 0 0 0.000 0.000 0.000 0.154 0 1 0 0 0 0
 147 111174.000 150635.000 0 0 34.000 54.000 1836.000 42.848 0 1 1 210 0 0
 148 55920.000 73247.000 0 0 0.000 0.000 0.000 0.159 0 1 0 0 0 0
 149 57589.000 69953.000 0 0 0.000 0.000 0.000 0.147 0 1 0 0 0 0
 150 152106.000 101928.000 0 0 0.000 0.000 0.000 0.137 0 1 0 0 0 0
 151 146073.000 75115.000 0 0 0.000 0.000 0.000 0.168 0 1 0 0 0 0
 152 147405.000 77729.000 0 0 0.000 0.000 0.000 0.147 0 1 0 0 0 0
 153 57088.000 69754.000 0 0 0.000 0.000 0.000 0.142 0 1 0 0 0 0
 154 145134.000 127753.000 0 0 0.000 0.000 0.000 0.151 0 1 0 0 0 0
 155 111496.000 151784.000 0 0 34.000 54.000 1836.000 42.848 0 1 1 210 0 0
 156 61258.000 136285.000 0 0 0.000 0.000 0.000 0.136 0 1 0 0 0 0
 157 70995.000 55852.000 0 0 0.000 0.000 0.000 0.136 0 1 0 0 0 0
 158 58619.000 133521.000 0 0 0.000 0.000 0.000 0.134 0 1 0 0 0 0
 159 119170.000 150088.000 0 0 0.000 0.000 0.000 0.147 0 1 0 0 0 0
 160 111676.000 152434.000 0 0 34.000 54.000 1836.000 42.848 0 1 1 210 0 0
 161 111745.000 152875.000 0 0 34.000 54.000 1836.000 42.848 0 1 1 210 0 0
 162 141389.000 134850.000 0 0 0.000 0.000 0.000 0.135 0 1 0 0 0 0
 163 45639.000 101235.000 0 0 0.000 0.000 0.000 0.135 0 1 0 0 0 0
 164 111901.000 153257.000 0 0 34.000 54.000 1836.000 42.848 0 1 1 210 0 0
 165 46876.000 87505.000 0 0 0.000 0.000 0.000 0.130 0 1 0 0 0 0
 166 112033.000 153749.000 0 0 34.000 54.000 1836.000 42.848 0 1 1 210 0 0
 167 112297.000 154738.000 0 0 34.000 54.000 1836.000 42.848 0 1 1 210 0 0
 168 58060.000 137741.000 0 0 0.000 0.000 0.000 0.139 0 1 0 0 0 0
 169 44197.000 93527.000 0 0 0.000 0.000 0.000 0.131 0 1 0 0 0 0
 170 112434.000 155230.000 0 0 34.000 54.000 1836.000 42.848 0 1 1 210 0 0
 171 101441.000 156635.000 0 0 0.000 0.000 0.000 0.133 0 1 0 0 0 0
 172 49225.000 75075.000 0 0 0.000 0.000 0.000 0.140 0 1 0 0 0 0
 173 75286.000 49194.000 0 0 0.000 0.000 0.000 0.141 0 1 0 0 0 0
 174 126057.000 150808.000 0 0 0.000 0.000 0.000 0.154 0 1 0 0 0 0
 175 112561.000 155722.000 0 0 34.000 54.000 1836.000 42.848 0 1 1 210 0 0
 176 112650.000 156047.000 0 0 34.000 54.000 1836.000 42.848 0 1 1 210 0 0
 177 81138.000 46033.000 0 0 0.000 0.000 0.000 0.136 0 1 0 0 0 0
 178 158060.000 97464.000 0 0 0.000 0.000 0.000 0.147 0 1 0 0 0 0
 179 65727.000 147670.000 0 0 0.000 0.000 0.000 0.140 0 1 0 0 0 0
 180 58850.000 142132.000 0 0 0.000 0.000 0.000 0.147 0 1 0 0 0 0
 181 50065.000 131355.000 0 0 0.000 0.000 0.000 0.138 0 1 0 0 0 0
 182 95868.000 41399.000 0 0 0.000 0.000 0.000 0.132 0 1 0 0 0 0
 183 159127.000 105243.000 0 0 0.000 0.000 0.000 0.139 0 1 0 0 0 0
 184 43534.000 119942.000 0 0 0.000 0.000 0.000 0.134 0 1 0 0 0 0
 185 115096.000 158068.000 0 0 0.000 0.000 0.000 0.132 0 1 0 0 0 0
 186 40654.000 108246.000 0 0 0.000 0.000 0.000 0.139 0 1 0 0 0 0
 187 41825.000 85738.000 0 0 0.000 0.000 0.000 0.133 0 1 0 0 0 0
 188 113455.000 159183.000 0 0 34.000 54.000 1836.000 42.848 0 1 1 210 0 0
 189 48240.000 132173.000 0 0 0.000 0.000 0.000 0.137 0 1 0 0 0 0
 190 44895.000 125896.000 0 0 0.000 0.000 0.000 0.137 0 1 0 0 0 0
 191 154869.000 126407.000 0 0 0.000 0.000 0.000 0.136 0 1 0 0 0 0
 192 57648.000 56549.000 0 0 0.000 0.000 0.000 0.163 0 1 0 0 0 0
 193 38514.000 97096.000 0 0 0.000 0.000 0.000 0.135 0 1 0 0 0 0
 194 60660.000 148695.000 0 0 0.000 0.000 0.000 0.136 0 1 0 0 0 0
 195 105244.000 162749.000 0 0 0.000 0.000 0.000 0.149 0 1 0 0 0 0
 196 114106.000 161825.000 0 0 34.000 54.000 1836.000 42.848 0 1 1 210 0 0
 197 78280.000 159550.000 0 0 0.000 0.000 0.000 0.142 0 1 0 0 0 0
 198 127935.000 43500.000 0 0 0.000 0.000 0.000 0.154 0 1 0 0 0 0
 199 129583.000 156537.000 0 0 0.000 0.000 0.000 0.150 0 1 0 0 0 0
 200 114344.000 162816.000 0 0 0.000 0.000 0.000 0.139 0 1 0 0 0 0
 201 35813.000 107305.000 0 0 0.000 0.000 0.000 0.138 0 1 0 0 0 0
 202 34335.000 97147.000 0 0 0.000 0.000 0.000 0.139 0 1 0 0 0 0
 203 114692.000 164303.000 0 0 0.000 0.000 0.000 0.138 0 1 0 0 0 0
 204 53190.000 148779.000 0 0 0.000 0.000 0.000 0.147 0 1 0 0 0 0
 205 136058.000 43335.000 0 0 0.000 0.000 0.000 0.134 0 1 0 0 0 0
 206 102817.000 32182.000 0 0 0.000 0.000 0.000 0.132 0 1 0 0 0 0
 207 164746.000 122231.000 0 0 0.000 0.000 0.000 0.144 0 1 0 0 0 0
 208 32004.000 110340.000 0 0 0.000 0.000 0.000 0.134 0 1 0 0 0 0
 209 33629.000 81962.000 0 0 0.000 0.000 0.000 0.134 0 1 0 0 0 0
 210 30852.000 99643.000 0 0 0.000 0.000 0.000 0.134 0 1 0 0 0 0
 211 32460.000 79396.000 0 0 0.000 0.000 0.000 0.137 0 1 0 0 0 0
 212 36770.000 67137.000 0 0 0.000 0.000 0.000 0.142 0 1 0 0 0 0
 213 112076.000 171901.000 0 0 0.000 0.000 0.000 0.147 0 1 0 0 0 0
 214 58969.000 37261.000 0 0 0.000 0.000 0.000 0.130 0 1 0 0 0 0
 215 152348.000 45491.000 0 0 0.000 0.000 0.000 0.135 0 1 0 0 0 0
 216 163569.000 142157.000 0 0 0.000 0.000 0.000 0.130 0 1 0 0 0 0
 217 58089.000 164727.000 0 0 0.000 0.000 0.000 0.130 0 1 0 0 0 0
 218 169051.000 138189.000 0 0 0.000 0.000 0.000 0.130 0 1 0 0 0 0
 219 77066.000 22814.000 0 0 0.000 0.000 0.000 0.147 0 1 0 0 0 0
 220 16679.000 72824.000 0 0 0.000 0.000 0.000 200000.000 0 1 0 200 0 0
 221 22997.000 153971.000 0 0 0.000 0.000 0.000 0.130 0 1 0 0 0 0
 222 9252.000 73160.000 0 0 0.000 0.000 0.000 0.132 0 1 0 0 0 0
 223 112675.000 156133.000 0 0 10.760 2.429 26.145 5.113 0 1 1 210 0 0
 224 112720.000 156297.000 0 0 8.093 1.828 14.802 3.847 0 1 1 210 0 0
 225 112762.000 156462.000 0 0 10.823 2.446 26.478 5.145 0 1 1 210 0 0
 226 112807.000 156625.000 0 0 10.854 2.455 26.648 5.162 0 1 1 210 0 0
 227 112847.000 156791.000 0 0 10.886 2.462 26.810 5.177 0 1 1 210 0 0
 228 112891.000 156955.000 0 0 10.917 2.471 26.979 5.194 0 1 1 210 0 0
 229 112935.000 157120.000 0 0 8.212 1.859 15.272 3.907 0 1 1 210 0 0
 230 112977.000 157283.000 0 0 10.980 2.487 27.315 5.226 0 1 1 210 0 0
 231 113018.000 157449.000 0 0 11.012 2.495 27.481 5.242 0 1 1 210 0 0
 232 113061.000 157614.000 0 0 11.043 2.503 27.651 5.258 0 1 1 210 0 0
 233 113102.000 157778.000 0 0 8.306 1.883 15.647 3.955 0 1 1 210 0 0
 234 113145.000 157944.000 0 0 11.107 2.519 27.988 5.290 0 1 1 210 0 0
 235 113187.000 158109.000 0 0 13.930 3.161 44.042 6.636 0 1 1 210 0 0
 236 113229.000 158274.000 0 0 11.170 2.535 28.328 5.322 0 1 1 210 0 0
 237 113520.000 159427.000 0 0 11.391 2.591 29.523 5.433 0 1 1 210 0 0
 238 113561.000 159592.000 0 0 11.423 2.599 29.695 5.449 0 1 1 210 0 0
 239 113602.000 159757.000 0 0 11.454 2.607 29.867 5.465 0 1 1 210 0 0
 240 113643.000 159922.000 0 0 11.486 2.615 30.040 5.480 0 1 1 210 0 0
 241 113683.000 160087.000 0 0 11.518 2.622 30.211 5.496 0 1 1 210 0 0
 242 113727.000 160252.000 0 0 11.549 2.631 30.391 5.512 0 1 1 210 0 0
 243 113765.000 160418.000 0 0 11.581 2.638 30.559 5.528 0 1 1 210 0 0
 244 113807.000 160582.000 0 0 8.709 1.985 17.289 4.158 0 1 1 210 0 0
 245 113848.000 160747.000 0 0 8.733 1.990 17.388 4.169 0 1 1 210 0 0
 246 113886.000 160913.000 0 0 8.757 1.996 17.483 4.181 0 1 1 210 0 0
 247 113925.000 161078.000 0 0 11.708 2.669 31.254 5.590 0 1 1 210 0 0;
ProcessEquipmentIDList 1
  "6565" ;
SummarySpec 5
  TESTNO    NDEFECT    DEFDENSITY    NDIE    NDEFDIE  ;
SummaryList 
  1    247    0.903    1    1  ;
EndOfFile;
