FileVersion 1 2;
FileTimestamp 02-07-26 21:01:48;
InspectionStationID "KLA-Tencor" "SFSSP1" "0901-0728-TBI";
SampleType WAFER;
ResultTimestamp 02-07-26 20:46:32;
LotID "2580";
SampleSize 1 200;
DeviceID "None";
SetupID "T2-2580NR" 02-07-26 20:46:32;
StepID "7002";
SampleOrientationMarkType NOTCH;
OrientationMarkLocation DOWN;
DiePitch 200000 200000;
DieOrigin 0 0;
WaferID "24";
Slot 24;
SampleCenterLocation 100000 100000;
ClassLookup 1
  0 "0"  ;
OrientationInstructions "Front";
CoordinatesMirrored No;
InspectionTest 1;
SampleTestPlan 1
  0 0 ;
AreaPerTest 2.73522e+010;
ClusterClassificationList 2
  2 210 
  1 210 ;
DefectRecordSpec 15 DEFECTID XREL YREL XINDEX YINDEX XSIZE YSIZE DEFECTAREA DSIZE CLASSNUMBER TEST CLUSTERNUMBER ROUGHBINNUMBER FINEBINNUMBER REVIEWSAMPLE ;
DefectList
 1 99613.000 97617.000 0 0 0.000 0.000 0.000 0.143 0 1 0 0 0 0
 2 100858.000 106579.000 0 0 0.000 0.000 0.000 0.139 0 1 0 0 0 0
 3 97732.000 91814.000 0 0 0.000 0.000 0.000 0.132 0 1 0 0 0 0
 4 95560.000 107547.000 0 0 0.000 0.000 0.000 0.140 0 1 0 0 0 0
 5 109507.000 92701.000 0 0 0.000 0.000 0.000 0.149 0 1 0 0 0 0
 6 111597.000 96314.000 0 0 0.000 0.000 0.000 0.134 0 1 0 0 0 0
 7 94107.000 88185.000 0 0 0.000 0.000 0.000 0.143 0 1 0 0 0 0
 8 98198.000 86360.000 0 0 0.000 0.000 0.000 0.136 0 1 0 0 0 0
 9 113534.000 95345.000 0 0 0.000 0.000 0.000 0.137 0 1 0 0 0 0
 10 113460.000 106064.000 0 0 0.000 0.000 0.000 0.132 0 1 0 0 0 0
 11 84954.000 103303.000 0 0 0.000 0.000 0.000 0.141 0 1 0 0 0 0
 12 102353.000 115122.000 0 0 0.000 0.000 0.000 0.141 0 1 0 0 0 0
 13 105288.000 84335.000 0 0 0.000 0.000 0.000 0.138 0 1 0 0 0 0
 14 83688.000 102478.000 0 0 0.000 0.000 0.000 0.135 0 1 0 0 0 0
 15 95723.000 83684.000 0 0 0.000 0.000 0.000 0.132 0 1 0 0 0 0
 16 113415.000 88422.000 0 0 0.000 0.000 0.000 0.150 0 1 0 0 0 0
 17 86175.000 88051.000 0 0 0.000 0.000 0.000 0.138 0 1 0 0 0 0
 18 106510.000 116587.000 0 0 0.000 0.000 0.000 0.166 0 1 0 0 0 0
 19 81784.000 101307.000 0 0 0.000 0.000 0.000 0.158 0 1 0 0 0 0
 20 92146.000 82624.000 0 0 0.000 0.000 0.000 0.138 0 1 0 0 0 0
 21 100053.000 119420.000 0 0 0.000 0.000 0.000 0.142 0 1 0 0 0 0
 22 82526.000 90758.000 0 0 0.000 0.000 0.000 0.131 0 1 0 0 0 0
 23 120012.000 98365.000 0 0 0.000 0.000 0.000 0.132 0 1 0 0 0 0
 24 99734.000 79183.000 0 0 0.000 0.000 0.000 0.137 0 1 0 0 0 0
 25 117480.000 111425.000 0 0 0.000 0.000 0.000 0.145 0 1 0 0 0 0
 26 78911.000 97962.000 0 0 0.000 0.000 0.000 0.138 0 1 0 0 0 0
 27 120380.000 93159.000 0 0 0.000 0.000 0.000 0.147 0 1 0 0 0 0
 28 98289.000 77486.000 0 0 0.000 0.000 0.000 0.136 0 1 0 0 0 0
 29 103073.000 121921.000 0 0 0.000 0.000 0.000 0.134 0 1 0 0 0 0
 30 116265.000 115358.000 0 0 0.000 0.000 0.000 0.135 0 1 0 0 0 0
 31 76372.000 98197.000 0 0 0.000 0.000 0.000 0.137 0 1 0 0 0 0
 32 105531.000 123086.000 0 0 0.000 0.000 0.000 0.136 0 1 0 0 0 0
 33 120545.000 84310.000 0 0 0.000 0.000 0.000 0.138 0 1 0 0 0 0
 34 90007.000 123500.000 0 0 0.000 0.000 0.000 0.143 0 1 0 0 0 0
 35 90867.000 124068.000 0 0 0.000 0.000 0.000 0.138 0 1 0 0 0 0
 36 74120.000 97413.000 0 0 0.000 0.000 0.000 0.140 0 1 0 0 0 0
 37 76609.000 111600.000 0 0 0.000 0.000 0.000 0.147 0 1 0 0 0 0
 38 119638.000 82195.000 0 0 0.000 0.000 0.000 0.132 0 1 0 0 0 0
 39 75250.000 109392.000 0 0 0.000 0.000 0.000 0.158 0 1 0 0 0 0
 40 93950.000 73424.000 0 0 0.000 0.000 0.000 0.136 0 1 0 0 0 0
 41 103675.000 127143.000 0 0 0.000 0.000 0.000 0.138 0 1 0 0 0 0
 42 117024.000 121841.000 0 0 0.000 0.000 0.000 0.130 0 1 0 0 0 0
 43 106940.000 72283.000 0 0 0.000 0.000 0.000 0.134 0 1 0 0 0 0
 44 73473.000 111034.000 0 0 0.000 0.000 0.000 0.143 0 1 0 0 0 0
 45 128495.000 94721.000 0 0 0.000 0.000 0.000 0.144 0 1 0 0 0 0
 46 120669.000 120012.000 0 0 0.000 0.000 0.000 0.140 0 1 0 0 0 0
 47 125518.000 85987.000 0 0 0.000 0.000 0.000 0.153 0 1 0 0 0 0
 48 73761.000 85759.000 0 0 0.000 0.000 0.000 0.140 0 1 0 0 0 0
 49 82319.000 75758.000 0 0 0.000 0.000 0.000 0.147 0 1 0 0 0 0
 50 103035.000 69950.000 0 0 0.000 0.000 0.000 0.146 0 1 0 0 0 0
 51 125276.000 115958.000 0 0 0.000 0.000 0.000 0.154 0 1 0 0 0 0
 52 129869.000 104857.000 0 0 0.000 0.000 0.000 0.140 0 1 0 0 0 0
 53 122169.000 120955.000 0 0 0.000 0.000 0.000 0.153 0 1 0 0 0 0
 54 76758.000 120301.000 0 0 0.000 0.000 0.000 0.137 0 1 0 0 0 0
 55 71896.000 113162.000 0 0 0.000 0.000 0.000 0.159 0 1 0 0 0 0
 56 68970.000 99347.000 0 0 0.000 0.000 0.000 0.162 0 1 0 0 0 0
 57 83552.000 73082.000 0 0 0.000 0.000 0.000 0.142 0 1 0 0 0 0
 58 92877.000 69369.000 0 0 0.000 0.000 0.000 0.150 0 1 0 0 0 0
 59 68314.000 99610.000 0 0 0.000 0.000 0.000 0.139 0 1 0 0 0 0
 60 131521.000 105100.000 0 0 0.000 0.000 0.000 0.136 0 1 0 0 0 0
 61 120975.000 73831.000 0 0 0.000 0.000 0.000 0.137 0 1 0 0 0 0
 62 105437.000 66305.000 0 0 0.000 0.000 0.000 0.136 0 1 0 0 0 0
 63 124576.000 75932.000 0 0 0.000 0.000 0.000 0.140 0 1 0 0 0 0
 64 132158.000 85511.000 0 0 0.000 0.000 0.000 0.133 0 1 0 0 0 0
 65 71866.000 77641.000 0 0 0.000 0.000 0.000 0.136 0 1 0 0 0 0
 66 86974.000 65829.000 0 0 0.000 0.000 0.000 0.133 0 1 0 0 0 0
 67 127086.000 124120.000 0 0 0.000 0.000 0.000 0.133 0 1 0 0 0 0
 68 134297.000 86515.000 0 0 0.000 0.000 0.000 0.131 0 1 0 0 0 0
 69 123370.000 71077.000 0 0 0.000 0.000 0.000 0.154 0 1 0 0 0 0
 70 74877.000 72278.000 0 0 0.000 0.000 0.000 0.131 0 1 0 0 0 0
 71 71500.000 125533.000 0 0 0.000 0.000 0.000 0.139 0 1 0 0 0 0
 72 125828.000 70809.000 0 0 0.000 0.000 0.000 0.142 0 1 0 0 0 0
 73 77208.000 131179.000 0 0 0.000 0.000 0.000 0.131 0 1 0 0 0 0
 74 60999.000 103104.000 0 0 0.000 0.000 0.000 0.147 0 1 0 0 0 0
 75 90715.000 138425.000 0 0 0.000 0.000 0.000 0.130 0 1 0 0 0 0
 76 127406.000 128871.000 0 0 0.000 0.000 0.000 0.143 0 1 0 0 0 0
 77 59959.000 102964.000 0 0 0.000 0.000 0.000 0.135 0 1 0 0 0 0
 78 113000.000 60462.000 0 0 0.000 0.000 0.000 0.140 0 1 0 0 0 0
 79 141848.000 105339.000 0 0 0.000 0.000 0.000 0.141 0 1 0 0 0 0
 80 138693.000 82325.000 0 0 0.000 0.000 0.000 0.140 0 1 0 0 0 0
 81 142796.000 96627.000 0 0 0.000 0.000 0.000 0.162 0 1 0 0 0 0
 82 65413.000 125191.000 0 0 0.000 0.000 0.000 0.132 0 1 0 0 0 0
 83 67236.000 71380.000 0 0 0.000 0.000 0.000 0.133 0 1 0 0 0 0
 84 139973.000 81396.000 0 0 0.000 0.000 0.000 0.132 0 1 0 0 0 0
 85 144216.000 100610.000 0 0 0.000 0.000 0.000 0.139 0 1 0 0 0 0
 86 89688.000 56248.000 0 0 0.000 0.000 0.000 0.132 0 1 0 0 0 0
 87 94045.000 55182.000 0 0 0.000 0.000 0.000 0.141 0 1 0 0 0 0
 88 76678.000 138286.000 0 0 0.000 0.000 0.000 0.160 0 1 0 0 0 0
 89 127778.000 64048.000 0 0 0.000 0.000 0.000 0.132 0 1 0 0 0 0
 90 146972.000 97906.000 0 0 0.000 0.000 0.000 0.136 0 1 0 0 0 0
 91 126441.000 60745.000 0 0 0.000 0.000 0.000 0.132 0 1 0 0 0 0
 92 143412.000 80798.000 0 0 0.000 0.000 0.000 0.141 0 1 0 0 0 0
 93 66405.000 65708.000 0 0 0.000 0.000 0.000 0.157 0 1 0 0 0 0
 94 53612.000 86381.000 0 0 0.000 0.000 0.000 0.138 0 1 0 0 0 0
 95 143700.000 121907.000 0 0 0.000 0.000 0.000 0.147 0 1 0 0 0 0
 96 54196.000 81663.000 0 0 0.000 0.000 0.000 0.148 0 1 0 0 0 0
 97 75718.000 142867.000 0 0 0.000 0.000 0.000 0.130 0 1 0 0 0 0
 98 52454.000 115389.000 0 0 0.000 0.000 0.000 0.134 0 1 0 0 0 0
 99 117234.000 146869.000 0 0 0.000 0.000 0.000 0.140 0 1 0 0 0 0
 100 50023.000 104633.000 0 0 0.000 0.000 0.000 0.134 0 1 0 0 0 0
 101 84580.000 49475.000 0 0 0.000 0.000 0.000 0.149 0 1 0 0 0 0
 102 47564.000 87989.000 0 0 0.000 0.000 0.000 0.136 0 1 0 0 0 0
 103 63069.000 60796.000 0 0 0.000 0.000 0.000 0.132 0 1 0 0 0 0
 104 98514.000 44107.000 0 0 0.000 0.000 0.000 0.133 0 1 0 0 0 0
 105 44404.000 94274.000 0 0 0.000 0.000 0.000 0.136 0 1 0 0 0 0
 106 74002.000 150348.000 0 0 0.000 0.000 0.000 0.137 0 1 0 0 0 0
 107 156376.000 112422.000 0 0 0.000 0.000 0.000 0.153 0 1 0 0 0 0
 108 143330.000 61037.000 0 0 0.000 0.000 0.000 0.132 0 1 0 0 0 0
 109 55063.000 137714.000 0 0 0.000 0.000 0.000 0.139 0 1 0 0 0 0
 110 133080.000 148964.000 0 0 0.000 0.000 0.000 0.144 0 1 0 0 0 0
 111 58894.000 142412.000 0 0 0.000 0.000 0.000 0.131 0 1 0 0 0 0
 112 145694.000 137756.000 0 0 0.000 0.000 0.000 0.137 0 1 0 0 0 0
 113 94198.000 40583.000 0 0 0.000 0.000 0.000 0.234 0 1 0 0 0 0
 114 80600.000 156178.000 0 0 0.000 0.000 0.000 0.134 0 1 0 0 0 0
 115 94109.000 39889.000 0 0 0.000 0.000 0.000 200000.000 0 1 0 200 0 0
 116 94187.000 40480.000 0 0 0.000 0.000 0.000 200000.000 0 1 0 200 0 0
 117 96071.000 38910.000 0 0 0.000 0.000 0.000 0.206 0 1 0 0 0 0
 118 38842.000 100270.000 0 0 0.000 0.000 0.000 0.280 0 1 0 0 0 0
 119 38603.000 100437.000 0 0 0.000 0.000 0.000 0.387 0 1 0 0 0 0
 120 96002.000 38200.000 0 0 0.000 0.000 0.000 200000.000 0 1 0 200 0 0
 121 117769.000 159050.000 0 0 0.000 0.000 0.000 0.137 0 1 0 0 0 0
 122 103937.000 37445.000 0 0 0.000 0.000 0.000 0.131 0 1 0 0 0 0
 123 83380.000 159980.000 0 0 0.000 0.000 0.000 0.132 0 1 0 0 0 0
 124 51387.000 140698.000 0 0 0.000 0.000 0.000 0.130 0 1 0 0 0 0
 125 35920.000 94892.000 0 0 50.000 26.000 1300.000 36.055 0 1 2 210 0 0
 126 35553.000 94504.000 0 0 52.000 28.000 1456.000 38.157 0 1 2 210 0 0
 127 35462.000 94356.000 0 0 52.000 28.000 1456.000 38.157 0 1 2 210 0 0
 128 35199.000 93915.000 0 0 52.000 28.000 1456.000 38.157 0 1 2 210 0 0
 129 163731.000 112193.000 0 0 0.000 0.000 0.000 0.130 0 1 0 0 0 0
 130 35154.000 94027.000 0 0 52.000 28.000 1456.000 38.157 0 1 2 210 0 0
 131 65477.000 155089.000 0 0 0.000 0.000 0.000 0.153 0 1 0 0 0 0
 132 147256.000 54180.000 0 0 0.000 0.000 0.000 0.135 0 1 0 0 0 0
 133 81643.000 163348.000 0 0 0.000 0.000 0.000 0.148 0 1 0 0 0 0
 134 33609.000 91472.000 0 0 0.000 0.000 0.000 0.159 0 1 0 0 0 0
 135 95642.000 168777.000 0 0 0.000 0.000 0.000 0.130 0 1 0 0 0 0
 136 31564.000 89443.000 0 0 0.000 0.000 0.000 0.167 0 1 0 0 0 0
 137 29615.000 96690.000 0 0 0.000 0.000 0.000 0.156 0 1 0 0 0 0
 138 29131.000 96540.000 0 0 0.000 0.000 0.000 0.135 0 1 0 0 0 0
 139 168957.000 122303.000 0 0 0.000 0.000 0.000 0.138 0 1 0 0 0 0
 140 134057.000 34270.000 0 0 0.000 0.000 0.000 0.133 0 1 0 0 0 0
 141 24871.000 93835.000 0 0 50.000 28.000 1400.000 37.416 0 1 1 210 0 0
 142 24618.000 93677.000 0 0 52.000 28.000 1456.000 38.157 0 1 1 210 0 0
 143 24410.000 93558.000 0 0 52.000 28.000 1456.000 38.157 0 1 1 210 0 0
 144 24252.000 93479.000 0 0 52.000 28.000 1456.000 38.157 0 1 1 210 0 0
 145 24027.000 93336.000 0 0 52.000 28.000 1456.000 38.157 0 1 1 210 0 0
 146 23895.000 93266.000 0 0 52.000 28.000 1456.000 38.157 0 1 1 210 0 0
 147 23784.000 93194.000 0 0 52.000 28.000 1456.000 38.157 0 1 1 210 0 0
 148 117550.000 25263.000 0 0 0.000 0.000 0.000 0.432 0 1 0 0 0 0
 149 71672.000 171157.000 0 0 0.000 0.000 0.000 0.134 0 1 0 0 0 0
 150 23154.000 92843.000 0 0 52.000 28.000 1456.000 38.157 0 1 1 210 0 0
 151 22027.000 92197.000 0 0 0.000 0.000 0.000 0.163 0 1 0 0 0 0
 152 128063.000 174341.000 0 0 0.000 0.000 0.000 0.138 0 1 0 0 0 0
 153 20094.000 91152.000 0 0 0.000 0.000 0.000 0.137 0 1 0 0 0 0
 154 18047.000 90470.000 0 0 0.000 0.000 0.000 0.148 0 1 0 0 0 0
 155 110788.000 183011.000 0 0 0.000 0.000 0.000 0.316 0 1 0 0 0 0
 156 12461.000 88299.000 0 0 0.000 0.000 0.000 0.143 0 1 0 0 0 0
 157 78842.000 12165.000 0 0 0.000 0.000 0.000 0.236 0 1 0 0 0 0
 158 78958.000 12114.000 0 0 0.000 0.000 0.000 0.155 0 1 0 0 0 0;
ProcessEquipmentIDList 1
  "6565" ;
SummarySpec 5
  TESTNO    NDEFECT    DEFDENSITY    NDIE    NDEFDIE  ;
SummaryList 
  1    158    0.5777    1    1  ;
EndOfFile;
