FileVersion 1 2;
FileTimestamp 02-07-26 21:31:02;
InspectionStationID "KLA-Tencor" "SFSSP1" "0901-0728-TBI";
SampleType WAFER;
ResultTimestamp 02-07-26 21:16:08;
LotID "2580";
SampleSize 1 200;
DeviceID "None";
SetupID "T2-2580NR" 02-07-26 21:16:08;
StepID "7002";
SampleOrientationMarkType NOTCH;
OrientationMarkLocation DOWN;
DiePitch 200000 200000;
DieOrigin 0 0;
WaferID "22";
Slot 22;
SampleCenterLocation 100000 100000;
ClassLookup 1
  0 "0"  ;
OrientationInstructions "Front";
CoordinatesMirrored No;
InspectionTest 1;
SampleTestPlan 1
  0 0 ;
AreaPerTest 2.73513e+010;
DefectRecordSpec 15 DEFECTID XREL YREL XINDEX YINDEX XSIZE YSIZE DEFECTAREA DSIZE CLASSNUMBER TEST CLUSTERNUMBER ROUGHBINNUMBER FINEBINNUMBER REVIEWSAMPLE ;
DefectList
 1 102909.000 101463.000 0 0 0.000 0.000 0.000 0.144 0 1 0 0 0 0
 2 93820.000 101380.000 0 0 0.000 0.000 0.000 0.131 0 1 0 0 0 0
 3 106536.000 101178.000 0 0 0.000 0.000 0.000 0.141 0 1 0 0 0 0
 4 94461.000 94818.000 0 0 0.000 0.000 0.000 0.144 0 1 0 0 0 0
 5 108335.000 100671.000 0 0 0.000 0.000 0.000 0.136 0 1 0 0 0 0
 6 109521.000 94480.000 0 0 0.000 0.000 0.000 0.131 0 1 0 0 0 0
 7 89100.000 101156.000 0 0 0.000 0.000 0.000 0.137 0 1 0 0 0 0
 8 111706.000 101732.000 0 0 0.000 0.000 0.000 0.130 0 1 0 0 0 0
 9 102106.000 112123.000 0 0 0.000 0.000 0.000 0.136 0 1 0 0 0 0
 10 96986.000 87644.000 0 0 0.000 0.000 0.000 0.149 0 1 0 0 0 0
 11 100235.000 112385.000 0 0 0.000 0.000 0.000 0.132 0 1 0 0 0 0
 12 86713.000 100562.000 0 0 0.000 0.000 0.000 0.133 0 1 0 0 0 0
 13 106163.000 87626.000 0 0 0.000 0.000 0.000 0.142 0 1 0 0 0 0
 14 99368.000 113780.000 0 0 0.000 0.000 0.000 0.138 0 1 0 0 0 0
 15 87684.000 93026.000 0 0 0.000 0.000 0.000 0.133 0 1 0 0 0 0
 16 104925.000 86242.000 0 0 0.000 0.000 0.000 0.136 0 1 0 0 0 0
 17 86824.000 105850.000 0 0 0.000 0.000 0.000 0.131 0 1 0 0 0 0
 18 87629.000 92052.000 0 0 0.000 0.000 0.000 0.153 0 1 0 0 0 0
 19 101029.000 85118.000 0 0 0.000 0.000 0.000 0.136 0 1 0 0 0 0
 20 114569.000 103340.000 0 0 0.000 0.000 0.000 0.142 0 1 0 0 0 0
 21 90120.000 112005.000 0 0 0.000 0.000 0.000 0.135 0 1 0 0 0 0
 22 85635.000 106247.000 0 0 0.000 0.000 0.000 0.135 0 1 0 0 0 0
 23 89147.000 88297.000 0 0 0.000 0.000 0.000 0.140 0 1 0 0 0 0
 24 105947.000 114791.000 0 0 0.000 0.000 0.000 0.155 0 1 0 0 0 0
 25 93296.000 84802.000 0 0 0.000 0.000 0.000 0.143 0 1 0 0 0 0
 26 105051.000 115541.000 0 0 0.000 0.000 0.000 0.132 0 1 0 0 0 0
 27 95453.000 83528.000 0 0 0.000 0.000 0.000 0.141 0 1 0 0 0 0
 28 111996.000 87838.000 0 0 0.000 0.000 0.000 0.145 0 1 0 0 0 0
 29 83886.000 106470.000 0 0 0.000 0.000 0.000 0.134 0 1 0 0 0 0
 30 113500.000 86885.000 0 0 0.000 0.000 0.000 0.153 0 1 0 0 0 0
 31 105178.000 81472.000 0 0 0.000 0.000 0.000 0.133 0 1 0 0 0 0
 32 104603.000 80966.000 0 0 0.000 0.000 0.000 0.142 0 1 0 0 0 0
 33 99941.000 79367.000 0 0 0.000 0.000 0.000 0.132 0 1 0 0 0 0
 34 118474.000 108952.000 0 0 0.000 0.000 0.000 0.133 0 1 0 0 0 0
 35 93721.000 119742.000 0 0 0.000 0.000 0.000 0.134 0 1 0 0 0 0
 36 97897.000 120980.000 0 0 0.000 0.000 0.000 0.141 0 1 0 0 0 0
 37 122249.000 103253.000 0 0 0.000 0.000 0.000 0.136 0 1 0 0 0 0
 38 95364.000 121815.000 0 0 0.000 0.000 0.000 0.133 0 1 0 0 0 0
 39 86430.000 81231.000 0 0 0.000 0.000 0.000 0.142 0 1 0 0 0 0
 40 107571.000 78068.000 0 0 0.000 0.000 0.000 0.137 0 1 0 0 0 0
 41 121757.000 107662.000 0 0 0.000 0.000 0.000 0.132 0 1 0 0 0 0
 42 88012.000 80048.000 0 0 0.000 0.000 0.000 0.142 0 1 0 0 0 0
 43 119980.000 112108.000 0 0 0.000 0.000 0.000 0.137 0 1 0 0 0 0
 44 81330.000 85379.000 0 0 0.000 0.000 0.000 0.373 0 1 0 0 0 0
 45 75547.000 105460.000 0 0 0.000 0.000 0.000 0.130 0 1 0 0 0 0
 46 120835.000 114844.000 0 0 0.000 0.000 0.000 0.130 0 1 0 0 0 0
 47 73516.000 102376.000 0 0 0.000 0.000 0.000 0.142 0 1 0 0 0 0
 48 90257.000 74991.000 0 0 0.000 0.000 0.000 0.130 0 1 0 0 0 0
 49 122013.000 84384.000 0 0 0.000 0.000 0.000 0.147 0 1 0 0 0 0
 50 126556.000 105139.000 0 0 0.000 0.000 0.000 0.136 0 1 0 0 0 0
 51 87927.000 124496.000 0 0 0.000 0.000 0.000 0.139 0 1 0 0 0 0
 52 100322.000 72112.000 0 0 0.000 0.000 0.000 0.134 0 1 0 0 0 0
 53 98727.000 127650.000 0 0 0.000 0.000 0.000 0.141 0 1 0 0 0 0
 54 123307.000 115758.000 0 0 0.000 0.000 0.000 0.139 0 1 0 0 0 0
 55 123279.000 116630.000 0 0 0.000 0.000 0.000 0.130 0 1 0 0 0 0
 56 71411.000 88189.000 0 0 0.000 0.000 0.000 0.131 0 1 0 0 0 0
 57 128827.000 87567.000 0 0 0.000 0.000 0.000 0.132 0 1 0 0 0 0
 58 112983.000 128117.000 0 0 0.000 0.000 0.000 0.130 0 1 0 0 0 0
 59 131310.000 93899.000 0 0 0.000 0.000 0.000 0.150 0 1 0 0 0 0
 60 108423.000 130744.000 0 0 0.000 0.000 0.000 0.136 0 1 0 0 0 0
 61 70779.000 83227.000 0 0 0.000 0.000 0.000 0.137 0 1 0 0 0 0
 62 69757.000 81191.000 0 0 0.000 0.000 0.000 0.134 0 1 0 0 0 0
 63 90019.000 133953.000 0 0 0.000 0.000 0.000 0.149 0 1 0 0 0 0
 64 128975.000 77634.000 0 0 0.000 0.000 0.000 0.136 0 1 0 0 0 0
 65 136913.000 98621.000 0 0 0.000 0.000 0.000 0.144 0 1 0 0 0 0
 66 65007.000 85957.000 0 0 0.000 0.000 0.000 0.135 0 1 0 0 0 0
 67 133112.000 119241.000 0 0 0.000 0.000 0.000 0.138 0 1 0 0 0 0
 68 130808.000 76045.000 0 0 0.000 0.000 0.000 0.146 0 1 0 0 0 0
 69 70703.000 74211.000 0 0 0.000 0.000 0.000 0.136 0 1 0 0 0 0
 70 138852.000 105376.000 0 0 0.000 0.000 0.000 0.149 0 1 0 0 0 0
 71 69447.000 124413.000 0 0 0.000 0.000 0.000 0.135 0 1 0 0 0 0
 72 101856.000 60254.000 0 0 0.000 0.000 0.000 0.131 0 1 0 0 0 0
 73 103061.000 60176.000 0 0 0.000 0.000 0.000 0.165 0 1 0 0 0 0
 74 82974.000 136935.000 0 0 0.000 0.000 0.000 0.134 0 1 0 0 0 0
 75 59171.000 103654.000 0 0 0.000 0.000 0.000 0.131 0 1 0 0 0 0
 76 76810.000 135051.000 0 0 0.000 0.000 0.000 0.141 0 1 0 0 0 0
 77 58670.000 110031.000 0 0 0.000 0.000 0.000 0.130 0 1 0 0 0 0
 78 91003.000 57918.000 0 0 0.000 0.000 0.000 0.211 0 1 0 0 0 0
 79 133267.000 72069.000 0 0 0.000 0.000 0.000 0.154 0 1 0 0 0 0
 80 135743.000 124360.000 0 0 0.000 0.000 0.000 0.132 0 1 0 0 0 0
 81 60511.000 117907.000 0 0 0.000 0.000 0.000 0.140 0 1 0 0 0 0
 82 140791.000 115873.000 0 0 0.000 0.000 0.000 0.135 0 1 0 0 0 0
 83 94459.000 143492.000 0 0 0.000 0.000 0.000 0.151 0 1 0 0 0 0
 84 118379.000 59415.000 0 0 0.000 0.000 0.000 0.219 0 1 0 0 0 0
 85 144268.000 105001.000 0 0 0.000 0.000 0.000 0.152 0 1 0 0 0 0
 86 143867.000 90659.000 0 0 0.000 0.000 0.000 0.222 0 1 0 0 0 0
 87 97543.000 144857.000 0 0 0.000 0.000 0.000 0.135 0 1 0 0 0 0
 88 57753.000 83682.000 0 0 0.000 0.000 0.000 0.151 0 1 0 0 0 0
 89 145794.000 94872.000 0 0 0.000 0.000 0.000 0.143 0 1 0 0 0 0
 90 53555.000 106597.000 0 0 0.000 0.000 0.000 0.130 0 1 0 0 0 0
 91 74407.000 59879.000 0 0 0.000 0.000 0.000 0.136 0 1 0 0 0 0
 92 128200.000 61579.000 0 0 0.000 0.000 0.000 0.142 0 1 0 0 0 0
 93 54274.000 84550.000 0 0 0.000 0.000 0.000 0.132 0 1 0 0 0 0
 94 117627.000 54507.000 0 0 0.000 0.000 0.000 0.133 0 1 0 0 0 0
 95 50650.000 99278.000 0 0 0.000 0.000 0.000 0.130 0 1 0 0 0 0
 96 69847.000 139522.000 0 0 0.000 0.000 0.000 0.131 0 1 0 0 0 0
 97 68138.000 60065.000 0 0 0.000 0.000 0.000 0.138 0 1 0 0 0 0
 98 140737.000 69009.000 0 0 0.000 0.000 0.000 0.144 0 1 0 0 0 0
 99 58714.000 68693.000 0 0 0.000 0.000 0.000 0.136 0 1 0 0 0 0
 100 116671.000 50169.000 0 0 0.000 0.000 0.000 0.133 0 1 0 0 0 0
 101 114008.000 49165.000 0 0 0.000 0.000 0.000 0.137 0 1 0 0 0 0
 102 136216.000 137936.000 0 0 0.000 0.000 0.000 0.130 0 1 0 0 0 0
 103 46124.000 105349.000 0 0 0.000 0.000 0.000 0.134 0 1 0 0 0 0
 104 154501.000 97008.000 0 0 0.000 0.000 0.000 0.131 0 1 0 0 0 0
 105 148386.000 125911.000 0 0 0.000 0.000 0.000 0.147 0 1 0 0 0 0
 106 51956.000 126779.000 0 0 0.000 0.000 0.000 0.267 0 1 0 0 0 0
 107 51978.000 127297.000 0 0 0.000 0.000 0.000 0.143 0 1 0 0 0 0
 108 150831.000 122667.000 0 0 0.000 0.000 0.000 0.136 0 1 0 0 0 0
 109 57912.000 137703.000 0 0 0.000 0.000 0.000 0.141 0 1 0 0 0 0
 110 155237.000 85181.000 0 0 0.000 0.000 0.000 0.139 0 1 0 0 0 0
 111 135205.000 146525.000 0 0 0.000 0.000 0.000 0.130 0 1 0 0 0 0
 112 144512.000 60926.000 0 0 0.000 0.000 0.000 0.151 0 1 0 0 0 0
 113 78644.000 154716.000 0 0 0.000 0.000 0.000 0.223 0 1 0 0 0 0
 114 124464.000 153755.000 0 0 0.000 0.000 0.000 0.265 0 1 0 0 0 0
 115 66781.000 149315.000 0 0 0.000 0.000 0.000 0.136 0 1 0 0 0 0
 116 69819.000 46587.000 0 0 0.000 0.000 0.000 0.131 0 1 0 0 0 0
 117 67639.000 45243.000 0 0 0.000 0.000 0.000 0.154 0 1 0 0 0 0
 118 101985.000 35435.000 0 0 0.000 0.000 0.000 0.134 0 1 0 0 0 0
 119 43553.000 66438.000 0 0 0.000 0.000 0.000 0.138 0 1 0 0 0 0
 120 124087.000 37312.000 0 0 0.000 0.000 0.000 0.132 0 1 0 0 0 0
 121 126287.000 164722.000 0 0 0.000 0.000 0.000 0.136 0 1 0 0 0 0
 122 172857.000 110651.000 0 0 0.000 0.000 0.000 0.207 0 1 0 0 0 0
 123 70386.000 167287.000 0 0 0.000 0.000 0.000 0.218 0 1 0 0 0 0
 124 111250.000 173639.000 0 0 0.000 0.000 0.000 0.303 0 1 0 0 0 0
 125 137657.000 169748.000 0 0 0.000 0.000 0.000 200000.000 0 1 0 200 0 0
 126 137780.000 175718.000 0 0 0.000 0.000 0.000 0.133 0 1 0 0 0 0
 127 21432.000 53777.000 0 0 0.000 0.000 0.000 0.240 0 1 0 0 0 0
 128 21341.000 52818.000 0 0 0.000 0.000 0.000 0.202 0 1 0 0 0 0
 129 179477.000 51435.000 0 0 0.000 0.000 0.000 0.135 0 1 0 0 0 0
 130 146419.000 181945.000 0 0 0.000 0.000 0.000 0.211 0 1 0 0 0 0;
ProcessEquipmentIDList 1
  "6565" ;
SummarySpec 5
  TESTNO    NDEFECT    DEFDENSITY    NDIE    NDEFDIE  ;
SummaryList 
  1    130    0.4753    1    1  ;
EndOfFile;
