FileVersion 1 2;
FileTimestamp 02-07-26 21:49:35;
InspectionStationID "KLA-Tencor" "SFSSP1" "0901-0728-TBI";
SampleType WAFER;
ResultTimestamp 02-07-26 21:35:18;
LotID "2580";
SampleSize 1 200;
DeviceID "None";
SetupID "T2-2580NR" 02-07-26 21:35:18;
StepID "7002";
SampleOrientationMarkType NOTCH;
OrientationMarkLocation DOWN;
DiePitch 200000 200000;
DieOrigin 0 0;
WaferID "13";
Slot 13;
SampleCenterLocation 100000 100000;
ClassLookup 1
  0 "0"  ;
OrientationInstructions "Front";
CoordinatesMirrored No;
InspectionTest 1;
SampleTestPlan 1
  0 0 ;
AreaPerTest 2.73516e+010;
DefectRecordSpec 15 DEFECTID XREL YREL XINDEX YINDEX XSIZE YSIZE DEFECTAREA DSIZE CLASSNUMBER TEST CLUSTERNUMBER ROUGHBINNUMBER FINEBINNUMBER REVIEWSAMPLE ;
DefectList
 1 102778.000 103069.000 0 0 0.000 0.000 0.000 0.133 0 1 0 0 0 0
 2 106119.000 94916.000 0 0 0.000 0.000 0.000 0.143 0 1 0 0 0 0
 3 109703.000 99346.000 0 0 0.000 0.000 0.000 0.131 0 1 0 0 0 0
 4 101393.000 110540.000 0 0 0.000 0.000 0.000 0.142 0 1 0 0 0 0
 5 90367.000 105074.000 0 0 0.000 0.000 0.000 0.149 0 1 0 0 0 0
 6 92567.000 92501.000 0 0 0.000 0.000 0.000 0.134 0 1 0 0 0 0
 7 97259.000 110770.000 0 0 0.000 0.000 0.000 0.157 0 1 0 0 0 0
 8 102704.000 88858.000 0 0 0.000 0.000 0.000 0.143 0 1 0 0 0 0
 9 110241.000 105847.000 0 0 0.000 0.000 0.000 0.139 0 1 0 0 0 0
 10 107902.000 110579.000 0 0 0.000 0.000 0.000 0.135 0 1 0 0 0 0
 11 113746.000 103465.000 0 0 0.000 0.000 0.000 0.152 0 1 0 0 0 0
 12 108012.000 88110.000 0 0 0.000 0.000 0.000 0.203 0 1 0 0 0 0
 13 112688.000 107881.000 0 0 0.000 0.000 0.000 0.131 0 1 0 0 0 0
 14 91531.000 87226.000 0 0 0.000 0.000 0.000 0.136 0 1 0 0 0 0
 15 114770.000 105294.000 0 0 0.000 0.000 0.000 0.133 0 1 0 0 0 0
 16 89598.000 111976.000 0 0 0.000 0.000 0.000 0.139 0 1 0 0 0 0
 17 87769.000 89493.000 0 0 0.000 0.000 0.000 0.134 0 1 0 0 0 0
 18 99085.000 84017.000 0 0 0.000 0.000 0.000 0.139 0 1 0 0 0 0
 19 85224.000 91903.000 0 0 0.000 0.000 0.000 0.130 0 1 0 0 0 0
 20 87148.000 88120.000 0 0 0.000 0.000 0.000 0.134 0 1 0 0 0 0
 21 118490.000 95223.000 0 0 0.000 0.000 0.000 0.143 0 1 0 0 0 0
 22 94855.000 118954.000 0 0 0.000 0.000 0.000 0.152 0 1 0 0 0 0
 23 119424.000 101844.000 0 0 0.000 0.000 0.000 0.142 0 1 0 0 0 0
 24 81712.000 92606.000 0 0 0.000 0.000 0.000 0.143 0 1 0 0 0 0
 25 98270.000 120187.000 0 0 0.000 0.000 0.000 0.142 0 1 0 0 0 0
 26 100897.000 79944.000 0 0 0.000 0.000 0.000 0.146 0 1 0 0 0 0
 27 89888.000 118151.000 0 0 0.000 0.000 0.000 0.138 0 1 0 0 0 0
 28 110326.000 82378.000 0 0 0.000 0.000 0.000 0.148 0 1 0 0 0 0
 29 78432.000 97774.000 0 0 0.000 0.000 0.000 0.131 0 1 0 0 0 0
 30 119354.000 112729.000 0 0 0.000 0.000 0.000 0.131 0 1 0 0 0 0
 31 102672.000 123128.000 0 0 0.000 0.000 0.000 0.147 0 1 0 0 0 0
 32 86115.000 81405.000 0 0 0.000 0.000 0.000 0.134 0 1 0 0 0 0
 33 120866.000 87497.000 0 0 0.000 0.000 0.000 0.134 0 1 0 0 0 0
 34 80282.000 115417.000 0 0 0.000 0.000 0.000 0.148 0 1 0 0 0 0
 35 105178.000 75691.000 0 0 0.000 0.000 0.000 0.133 0 1 0 0 0 0
 36 111698.000 77987.000 0 0 0.000 0.000 0.000 0.159 0 1 0 0 0 0
 37 122453.000 112125.000 0 0 0.000 0.000 0.000 0.137 0 1 0 0 0 0
 38 113429.000 121865.000 0 0 0.000 0.000 0.000 0.135 0 1 0 0 0 0
 39 75264.000 107393.000 0 0 0.000 0.000 0.000 0.145 0 1 0 0 0 0
 40 76493.000 88884.000 0 0 0.000 0.000 0.000 0.133 0 1 0 0 0 0
 41 75891.000 88697.000 0 0 0.000 0.000 0.000 0.140 0 1 0 0 0 0
 42 97764.000 73489.000 0 0 0.000 0.000 0.000 0.130 0 1 0 0 0 0
 43 125913.000 90963.000 0 0 0.000 0.000 0.000 0.142 0 1 0 0 0 0
 44 110886.000 125996.000 0 0 0.000 0.000 0.000 0.130 0 1 0 0 0 0
 45 128835.000 102600.000 0 0 0.000 0.000 0.000 0.135 0 1 0 0 0 0
 46 127542.000 90670.000 0 0 0.000 0.000 0.000 0.136 0 1 0 0 0 0
 47 125304.000 115247.000 0 0 0.000 0.000 0.000 0.146 0 1 0 0 0 0
 48 88911.000 72478.000 0 0 0.000 0.000 0.000 0.137 0 1 0 0 0 0
 49 116565.000 75453.000 0 0 0.000 0.000 0.000 0.147 0 1 0 0 0 0
 50 125983.000 115997.000 0 0 0.000 0.000 0.000 0.131 0 1 0 0 0 0
 51 73415.000 116009.000 0 0 0.000 0.000 0.000 0.138 0 1 0 0 0 0
 52 128743.000 111909.000 0 0 0.000 0.000 0.000 0.131 0 1 0 0 0 0
 53 103397.000 69308.000 0 0 0.000 0.000 0.000 0.140 0 1 0 0 0 0
 54 122960.000 78529.000 0 0 0.000 0.000 0.000 0.131 0 1 0 0 0 0
 55 79668.000 75473.000 0 0 0.000 0.000 0.000 0.141 0 1 0 0 0 0
 56 112882.000 130227.000 0 0 0.000 0.000 0.000 0.130 0 1 0 0 0 0
 57 71092.000 83984.000 0 0 0.000 0.000 0.000 0.224 0 1 0 0 0 0
 58 132954.000 106720.000 0 0 0.000 0.000 0.000 0.136 0 1 0 0 0 0
 59 110244.000 132334.000 0 0 0.000 0.000 0.000 0.141 0 1 0 0 0 0
 60 111862.000 131808.000 0 0 0.000 0.000 0.000 0.148 0 1 0 0 0 0
 61 65772.000 101788.000 0 0 0.000 0.000 0.000 0.142 0 1 0 0 0 0
 62 71664.000 80971.000 0 0 0.000 0.000 0.000 0.210 0 1 0 0 0 0
 63 119281.000 129975.000 0 0 0.000 0.000 0.000 0.137 0 1 0 0 0 0
 64 114629.000 132680.000 0 0 0.000 0.000 0.000 0.139 0 1 0 0 0 0
 65 98641.000 136116.000 0 0 0.000 0.000 0.000 0.140 0 1 0 0 0 0
 66 99257.000 64320.000 0 0 0.000 0.000 0.000 0.135 0 1 0 0 0 0
 67 120684.000 70904.000 0 0 0.000 0.000 0.000 0.150 0 1 0 0 0 0
 68 120883.000 129682.000 0 0 0.000 0.000 0.000 0.132 0 1 0 0 0 0
 69 76520.000 72170.000 0 0 0.000 0.000 0.000 0.136 0 1 0 0 0 0
 70 89706.000 64932.000 0 0 0.000 0.000 0.000 0.146 0 1 0 0 0 0
 71 123873.000 71970.000 0 0 0.000 0.000 0.000 0.137 0 1 0 0 0 0
 72 124664.000 72605.000 0 0 0.000 0.000 0.000 0.133 0 1 0 0 0 0
 73 128033.000 75907.000 0 0 0.000 0.000 0.000 0.135 0 1 0 0 0 0
 74 71382.000 124066.000 0 0 0.000 0.000 0.000 0.142 0 1 0 0 0 0
 75 67421.000 118750.000 0 0 0.000 0.000 0.000 0.149 0 1 0 0 0 0
 76 62541.000 104164.000 0 0 0.000 0.000 0.000 0.138 0 1 0 0 0 0
 77 70041.000 123889.000 0 0 0.000 0.000 0.000 0.130 0 1 0 0 0 0
 78 108925.000 137487.000 0 0 0.000 0.000 0.000 0.130 0 1 0 0 0 0
 79 63200.000 88505.000 0 0 0.000 0.000 0.000 0.146 0 1 0 0 0 0
 80 102252.000 61104.000 0 0 0.000 0.000 0.000 0.132 0 1 0 0 0 0
 81 70384.000 126632.000 0 0 0.000 0.000 0.000 0.135 0 1 0 0 0 0
 82 131968.000 123753.000 0 0 0.000 0.000 0.000 0.139 0 1 0 0 0 0
 83 127680.000 71471.000 0 0 0.000 0.000 0.000 0.160 0 1 0 0 0 0
 84 83477.000 137525.000 0 0 0.000 0.000 0.000 0.139 0 1 0 0 0 0
 85 100318.000 59173.000 0 0 0.000 0.000 0.000 0.133 0 1 0 0 0 0
 86 129853.000 72025.000 0 0 0.000 0.000 0.000 0.132 0 1 0 0 0 0
 87 85393.000 138825.000 0 0 0.000 0.000 0.000 0.133 0 1 0 0 0 0
 88 118372.000 137852.000 0 0 0.000 0.000 0.000 0.140 0 1 0 0 0 0
 89 111940.000 60030.000 0 0 0.000 0.000 0.000 0.161 0 1 0 0 0 0
 90 130717.000 128915.000 0 0 0.000 0.000 0.000 0.132 0 1 0 0 0 0
 91 123550.000 64945.000 0 0 0.000 0.000 0.000 0.139 0 1 0 0 0 0
 92 139362.000 115874.000 0 0 0.000 0.000 0.000 0.141 0 1 0 0 0 0
 93 118546.000 139220.000 0 0 0.000 0.000 0.000 0.139 0 1 0 0 0 0
 94 85147.000 141851.000 0 0 0.000 0.000 0.000 0.131 0 1 0 0 0 0
 95 57695.000 86509.000 0 0 0.000 0.000 0.000 0.139 0 1 0 0 0 0
 96 92246.000 145167.000 0 0 0.000 0.000 0.000 0.133 0 1 0 0 0 0
 97 90428.000 55247.000 0 0 0.000 0.000 0.000 0.132 0 1 0 0 0 0
 98 55679.000 85969.000 0 0 0.000 0.000 0.000 0.144 0 1 0 0 0 0
 99 96448.000 53636.000 0 0 0.000 0.000 0.000 0.148 0 1 0 0 0 0
 100 137040.000 71340.000 0 0 0.000 0.000 0.000 0.146 0 1 0 0 0 0
 101 124820.000 59147.000 0 0 0.000 0.000 0.000 0.130 0 1 0 0 0 0
 102 143717.000 79759.000 0 0 0.000 0.000 0.000 0.146 0 1 0 0 0 0
 103 54383.000 117551.000 0 0 0.000 0.000 0.000 0.137 0 1 0 0 0 0
 104 87393.000 147854.000 0 0 0.000 0.000 0.000 0.249 0 1 0 0 0 0
 105 52791.000 114977.000 0 0 0.000 0.000 0.000 0.137 0 1 0 0 0 0
 106 93840.000 150373.000 0 0 0.000 0.000 0.000 0.133 0 1 0 0 0 0
 107 140382.000 69508.000 0 0 0.000 0.000 0.000 0.132 0 1 0 0 0 0
 108 150412.000 105937.000 0 0 0.000 0.000 0.000 0.139 0 1 0 0 0 0
 109 89263.000 49784.000 0 0 0.000 0.000 0.000 0.131 0 1 0 0 0 0
 110 144930.000 75033.000 0 0 0.000 0.000 0.000 0.134 0 1 0 0 0 0
 111 129200.000 57191.000 0 0 0.000 0.000 0.000 0.132 0 1 0 0 0 0
 112 49518.000 114520.000 0 0 0.000 0.000 0.000 0.140 0 1 0 0 0 0
 113 47543.000 93813.000 0 0 0.000 0.000 0.000 0.136 0 1 0 0 0 0
 114 152854.000 97664.000 0 0 0.000 0.000 0.000 0.134 0 1 0 0 0 0
 115 152671.000 109611.000 0 0 0.000 0.000 0.000 0.131 0 1 0 0 0 0
 116 151841.000 114263.000 0 0 0.000 0.000 0.000 0.141 0 1 0 0 0 0
 117 145214.000 69482.000 0 0 0.000 0.000 0.000 0.130 0 1 0 0 0 0
 118 129816.000 53008.000 0 0 0.000 0.000 0.000 0.141 0 1 0 0 0 0
 119 44199.000 107769.000 0 0 0.000 0.000 0.000 0.153 0 1 0 0 0 0
 120 57686.000 63094.000 0 0 0.000 0.000 0.000 0.149 0 1 0 0 0 0
 121 152980.000 120994.000 0 0 0.000 0.000 0.000 0.177 0 1 0 0 0 0
 122 84863.000 45230.000 0 0 0.000 0.000 0.000 0.140 0 1 0 0 0 0
 123 63343.000 54949.000 0 0 0.000 0.000 0.000 0.133 0 1 0 0 0 0
 124 158514.000 99911.000 0 0 0.000 0.000 0.000 0.136 0 1 0 0 0 0
 125 158765.000 105482.000 0 0 0.000 0.000 0.000 0.156 0 1 0 0 0 0
 126 51921.000 134828.000 0 0 0.000 0.000 0.000 0.142 0 1 0 0 0 0
 127 155381.000 121731.000 0 0 0.000 0.000 0.000 0.156 0 1 0 0 0 0
 128 40533.000 113563.000 0 0 0.000 0.000 0.000 0.139 0 1 0 0 0 0
 129 160944.000 84667.000 0 0 0.000 0.000 0.000 0.134 0 1 0 0 0 0
 130 37034.000 92717.000 0 0 0.000 0.000 0.000 0.277 0 1 0 0 0 0
 131 46040.000 134270.000 0 0 0.000 0.000 0.000 0.132 0 1 0 0 0 0
 132 100167.000 35885.000 0 0 0.000 0.000 0.000 0.132 0 1 0 0 0 0
 133 56189.000 148403.000 0 0 0.000 0.000 0.000 0.131 0 1 0 0 0 0
 134 140599.000 49102.000 0 0 0.000 0.000 0.000 0.131 0 1 0 0 0 0
 135 130318.000 41743.000 0 0 0.000 0.000 0.000 0.147 0 1 0 0 0 0
 136 92721.000 166018.000 0 0 0.000 0.000 0.000 0.131 0 1 0 0 0 0
 137 33692.000 87203.000 0 0 0.000 0.000 0.000 0.130 0 1 0 0 0 0
 138 42763.000 139182.000 0 0 0.000 0.000 0.000 0.131 0 1 0 0 0 0
 139 76985.000 166785.000 0 0 0.000 0.000 0.000 0.182 0 1 0 0 0 0
 140 81073.000 31663.000 0 0 0.000 0.000 0.000 0.135 0 1 0 0 0 0
 141 31302.000 78755.000 0 0 0.000 0.000 0.000 0.135 0 1 0 0 0 0
 142 36142.000 66627.000 0 0 0.000 0.000 0.000 0.151 0 1 0 0 0 0
 143 147933.000 42822.000 0 0 0.000 0.000 0.000 0.204 0 1 0 0 0 0
 144 36592.000 53092.000 0 0 0.000 0.000 0.000 0.139 0 1 0 0 0 0
 145 142088.000 167796.000 0 0 0.000 0.000 0.000 0.137 0 1 0 0 0 0
 146 158958.000 154129.000 0 0 0.000 0.000 0.000 0.138 0 1 0 0 0 0
 147 19053.000 103368.000 0 0 0.000 0.000 0.000 0.134 0 1 0 0 0 0
 148 137303.000 12887.000 0 0 0.000 0.000 0.000 0.160 0 1 0 0 0 0;
ProcessEquipmentIDList 1
  "6565" ;
SummarySpec 5
  TESTNO    NDEFECT    DEFDENSITY    NDIE    NDEFDIE  ;
SummaryList 
  1    148    0.5411    1    1  ;
EndOfFile;
