FileVersion 1 2;
FileTimestamp 02-07-26 21:52:56;
InspectionStationID "KLA-Tencor" "SFSSP1" "0901-0728-TBI";
SampleType WAFER;
ResultTimestamp 02-07-26 21:35:18;
LotID "2580";
SampleSize 1 200;
DeviceID "None";
SetupID "T2-2580NR" 02-07-26 21:35:18;
StepID "7002";
SampleOrientationMarkType NOTCH;
OrientationMarkLocation DOWN;
DiePitch 200000 200000;
DieOrigin 0 0;
WaferID "19";
Slot 19;
SampleCenterLocation 100000 100000;
ClassLookup 1
  0 "0"  ;
OrientationInstructions "Front";
CoordinatesMirrored No;
InspectionTest 1;
SampleTestPlan 1
  0 0 ;
AreaPerTest 2.73525e+010;
ClusterClassificationList 2
  1 200 
  2 210 ;
DefectRecordSpec 15 DEFECTID XREL YREL XINDEX YINDEX XSIZE YSIZE DEFECTAREA DSIZE CLASSNUMBER TEST CLUSTERNUMBER ROUGHBINNUMBER FINEBINNUMBER REVIEWSAMPLE ;
DefectList
 1 106140.000 99198.000 0 0 0.000 0.000 0.000 0.130 0 1 0 0 0 0
 2 98714.000 109360.000 0 0 0.000 0.000 0.000 0.131 0 1 0 0 0 0
 3 106388.000 93342.000 0 0 0.000 0.000 0.000 0.145 0 1 0 0 0 0
 4 104471.000 90741.000 0 0 0.000 0.000 0.000 0.130 0 1 0 0 0 0
 5 100000.000 113754.000 0 0 0.000 0.000 0.000 0.132 0 1 0 0 0 0
 6 102111.000 117288.000 0 0 0.000 0.000 0.000 0.138 0 1 0 0 0 0
 7 122596.000 96781.000 0 0 0.000 0.000 0.000 0.141 0 1 0 0 0 0
 8 97133.000 75637.000 0 0 0.000 0.000 0.000 0.134 0 1 0 0 0 0
 9 74307.000 104792.000 0 0 0.000 0.000 0.000 0.134 0 1 0 0 0 0
 10 127142.000 94146.000 0 0 0.000 0.000 0.000 0.131 0 1 0 0 0 0
 11 83122.000 74373.000 0 0 0.000 0.000 0.000 0.154 0 1 0 0 0 0
 12 131161.000 109028.000 0 0 0.000 0.000 0.000 0.131 0 1 0 0 0 0
 13 70053.000 121072.000 0 0 0.000 0.000 0.000 0.137 0 1 0 0 0 0
 14 133859.000 85324.000 0 0 0.000 0.000 0.000 0.181 0 1 0 0 0 0
 15 86786.000 134943.000 0 0 0.000 0.000 0.000 0.216 0 1 0 0 0 0
 16 79221.000 132769.000 0 0 0.000 0.000 0.000 0.150 0 1 0 0 0 0
 17 139215.000 90577.000 0 0 0.000 0.000 0.000 0.130 0 1 0 0 0 0
 18 105307.000 140912.000 0 0 0.000 0.000 0.000 0.145 0 1 0 0 0 0
 19 103515.000 144700.000 0 0 26.000 50.000 1300.000 36.055 0 1 1 200 0 0
 20 103028.000 145740.000 0 0 26.000 50.000 1300.000 36.055 0 1 2 210 0 0
 21 102863.000 146125.000 0 0 26.000 50.000 1300.000 36.055 0 1 2 210 0 0
 22 102670.000 146533.000 0 0 26.000 50.000 1300.000 36.055 0 1 2 210 0 0
 23 102063.000 147875.000 0 0 26.000 50.000 1300.000 36.055 0 1 2 210 0 0
 24 101946.000 148146.000 0 0 26.000 50.000 1300.000 36.055 0 1 2 210 0 0
 25 101840.000 148353.000 0 0 24.000 50.000 1200.000 34.641 0 1 2 210 0 0
 26 101213.000 149809.000 0 0 24.000 50.000 1200.000 34.641 0 1 2 210 0 0
 27 100693.000 150991.000 0 0 24.000 50.000 1200.000 34.641 0 1 2 210 0 0
 28 148897.000 85824.000 0 0 0.000 0.000 0.000 0.133 0 1 0 0 0 0
 29 100231.000 151434.000 0 0 24.000 51.000 1224.000 34.985 0 1 2 210 0 0
 30 127483.000 55153.000 0 0 0.000 0.000 0.000 0.144 0 1 0 0 0 0
 31 53524.000 125561.000 0 0 0.000 0.000 0.000 0.132 0 1 0 0 0 0
 32 49697.000 118472.000 0 0 0.000 0.000 0.000 0.138 0 1 0 0 0 0
 33 161302.000 91356.000 0 0 0.000 0.000 0.000 0.132 0 1 0 0 0 0
 34 160135.000 74707.000 0 0 0.000 0.000 0.000 0.152 0 1 0 0 0 0
 35 37515.000 78465.000 0 0 0.000 0.000 0.000 200000.000 0 1 0 200 0 0
 36 82733.000 165758.000 0 0 0.000 0.000 0.000 0.296 0 1 0 0 0 0
 37 58673.000 162651.000 0 0 0.000 0.000 0.000 0.150 0 1 0 0 0 0
 38 121719.000 184265.000 0 0 0.000 0.000 0.000 0.231 0 1 0 0 0 0
 39 172667.000 50617.000 0 0 0.000 0.000 0.000 0.140 0 1 0 0 0 0
 40 81470.000 186944.000 0 0 0.000 0.000 0.000 0.136 0 1 0 0 0 0
 41 37598.000 163669.000 0 0 0.000 0.000 0.000 0.135 0 1 0 0 0 0
 42 35717.000 163992.000 0 0 0.000 0.000 0.000 0.137 0 1 0 0 0 0
 43 35274.000 164076.000 0 0 0.000 0.000 0.000 0.135 0 1 0 0 0 0
 44 33708.000 164361.000 0 0 0.000 0.000 0.000 0.136 0 1 0 0 0 0
 45 192861.000 115413.000 0 0 0.000 0.000 0.000 0.135 0 1 0 0 0 0
 46 103721.000 143976.000 0 0 84.324 7.136 601.777 24.531 0 1 1 200 0 0
 47 103676.000 144151.000 0 0 120.638 10.045 1211.928 34.812 0 1 1 200 0 0
 48 103606.000 144328.000 0 0 110.496 8.990 993.407 31.518 0 1 1 200 0 0
 49 103582.000 144501.000 0 0 23.463 1.888 44.317 6.657 0 1 1 200 0 0
 50 102907.000 145743.000 0 0 85.520 5.435 464.826 21.559 0 1 2 210 0 0
 51 102866.000 145916.000 0 0 162.880 10.168 1656.244 40.696 0 1 2 210 0 0
 52 102815.000 146090.000 0 0 114.887 7.018 806.298 28.395 0 1 2 210 0 0
 53 102278.000 147141.000 0 0 54.236 2.621 142.197 11.924 0 1 2 210 0 0
 54 102227.000 147313.000 0 0 147.424 6.939 1023.101 31.985 0 1 2 210 0 0
 55 102233.000 147484.000 0 0 9.102 0.428 3.897 1.974 0 1 2 210 0 0
 56 102143.000 147487.000 0 0 152.517 6.885 1050.086 32.405 0 1 2 210 0 0
 57 102073.000 147661.000 0 0 178.213 7.754 1381.963 37.174 0 1 2 210 0 0
 58 101992.000 147835.000 0 0 185.739 7.735 1436.725 37.904 0 1 2 210 0 0
 59 101920.000 148009.000 0 0 193.317 7.732 1494.827 38.662 0 1 2 210 0 0
 60 101845.000 148182.000 0 0 191.705 7.341 1407.377 37.515 0 1 2 210 0 0
 61 101765.000 148354.000 0 0 187.755 6.853 1286.816 35.872 0 1 2 210 0 0
 62 101686.000 148527.000 0 0 204.711 7.114 1456.504 38.164 0 1 2 210 0 0
 63 101619.000 148701.000 0 0 193.772 6.441 1248.278 35.330 0 1 2 210 0 0
 64 101539.000 148873.000 0 0 203.829 6.418 1308.332 36.170 0 1 2 210 0 0
 65 101470.000 149046.000 0 0 199.851 5.990 1197.126 34.599 0 1 2 210 0 0
 66 101395.000 149219.000 0 0 195.829 5.550 1086.972 32.969 0 1 2 210 0 0
 67 101310.000 149390.000 0 0 187.044 4.962 928.250 30.467 0 1 2 210 0 0
 68 101243.000 149564.000 0 0 185.327 4.648 861.583 29.352 0 1 2 210 0 0
 69 101167.000 149735.000 0 0 195.499 4.588 897.000 29.949 0 1 2 210 0 0
 70 101095.000 149906.000 0 0 160.287 3.519 564.138 23.751 0 1 2 210 0 0
 71 101001.000 149908.000 0 0 26.315 0.528 13.900 3.728 0 1 2 210 0 0
 72 101018.000 150079.000 0 0 170.448 3.467 591.018 24.310 0 1 2 210 0 0
 73 100946.000 150250.000 0 0 154.165 2.905 447.865 21.162 0 1 2 210 0 0
 74 100858.000 150252.000 0 0 14.455 0.247 3.571 1.889 0 1 2 210 0 0
 75 100877.000 150421.000 0 0 157.107 2.734 429.535 20.725 0 1 2 210 0 0
 76 100789.000 150423.000 0 0 9.665 0.151 1.462 1.209 0 1 2 210 0 0
 77 100786.000 150592.000 0 0 177.044 2.752 487.255 22.073 0 1 2 210 0 0
 78 100714.000 150764.000 0 0 158.178 2.227 352.354 18.771 0 1 2 210 0 0
 79 100437.000 150768.000 0 0 26.768 0.230 6.176 2.485 0 1 2 210 0 0
 80 100645.000 150934.000 0 0 188.010 2.384 448.309 21.173 0 1 2 210 0 0
 81 100517.000 150937.000 0 0 61.043 0.620 37.856 6.152 0 1 2 210 0 0
 82 100447.000 150939.000 0 0 21.976 0.192 4.238 2.058 0 1 2 210 0 0
 83 100526.000 151106.000 0 0 220.487 2.272 501.067 22.384 0 1 2 210 0 0
 84 100470.000 151276.000 0 0 255.637 2.344 599.226 24.479 0 1 2 210 0 0
 85 100260.000 151278.000 0 0 9.829 0.049 0.490 0.700 0 1 2 210 0 0
 86 100410.000 151448.000 0 0 308.280 2.461 758.957 27.549 0 1 2 210 0 0
 87 100355.000 151617.000 0 0 306.822 2.113 648.519 25.466 0 1 2 210 0 0
 88 100310.000 151788.000 0 0 245.776 1.471 361.706 19.018 0 1 2 210 0 0
 89 100277.000 151959.000 0 0 191.791 1.022 196.172 14.006 0 1 2 210 0 0
 90 100242.000 152128.000 0 0 104.951 0.488 51.244 7.158 0 1 2 210 0 0;
ProcessEquipmentIDList 1
  "6565" ;
SummarySpec 5
  TESTNO    NDEFECT    DEFDENSITY    NDIE    NDEFDIE  ;
SummaryList 
  1    90    0.329    1    1  ;
EndOfFile;
