FileVersion 1 2;
FileTimestamp 02-07-26 22:12:44;
InspectionStationID "KLA-Tencor" "SFSSP1" "0901-0728-TBI";
SampleType WAFER;
ResultTimestamp 02-07-26 21:56:40;
LotID "2580";
SampleSize 1 200;
DeviceID "None";
SetupID "T2-2580NR" 02-07-26 21:56:40;
StepID "7002";
SampleOrientationMarkType NOTCH;
OrientationMarkLocation DOWN;
DiePitch 200000 200000;
DieOrigin 0 0;
WaferID "25";
Slot 25;
SampleCenterLocation 100000 100000;
ClassLookup 1
  0 "0"  ;
OrientationInstructions "Front";
CoordinatesMirrored No;
InspectionTest 1;
SampleTestPlan 1
  0 0 ;
AreaPerTest 2.73516e+010;
DefectRecordSpec 15 DEFECTID XREL YREL XINDEX YINDEX XSIZE YSIZE DEFECTAREA DSIZE CLASSNUMBER TEST CLUSTERNUMBER ROUGHBINNUMBER FINEBINNUMBER REVIEWSAMPLE ;
DefectList
 1 95551.000 105406.000 0 0 0.000 0.000 0.000 0.140 0 1 0 0 0 0
 2 99767.000 91495.000 0 0 0.000 0.000 0.000 0.132 0 1 0 0 0 0
 3 102596.000 110437.000 0 0 0.000 0.000 0.000 0.140 0 1 0 0 0 0
 4 90594.000 105015.000 0 0 0.000 0.000 0.000 0.137 0 1 0 0 0 0
 5 100910.000 89309.000 0 0 0.000 0.000 0.000 0.137 0 1 0 0 0 0
 6 91113.000 93130.000 0 0 0.000 0.000 0.000 0.134 0 1 0 0 0 0
 7 103753.000 112826.000 0 0 0.000 0.000 0.000 0.130 0 1 0 0 0 0
 8 110920.000 92552.000 0 0 0.000 0.000 0.000 0.131 0 1 0 0 0 0
 9 113494.000 99709.000 0 0 0.000 0.000 0.000 0.130 0 1 0 0 0 0
 10 86664.000 102949.000 0 0 0.000 0.000 0.000 0.155 0 1 0 0 0 0
 11 86170.000 100302.000 0 0 0.000 0.000 0.000 0.134 0 1 0 0 0 0
 12 111155.000 91843.000 0 0 0.000 0.000 0.000 0.142 0 1 0 0 0 0
 13 100113.000 114365.000 0 0 0.000 0.000 0.000 0.149 0 1 0 0 0 0
 14 84949.000 101229.000 0 0 0.000 0.000 0.000 0.133 0 1 0 0 0 0
 15 85096.000 95792.000 0 0 0.000 0.000 0.000 0.146 0 1 0 0 0 0
 16 108150.000 114826.000 0 0 0.000 0.000 0.000 0.155 0 1 0 0 0 0
 17 109639.000 86401.000 0 0 0.000 0.000 0.000 0.151 0 1 0 0 0 0
 18 87326.000 112585.000 0 0 0.000 0.000 0.000 0.146 0 1 0 0 0 0
 19 118062.000 92955.000 0 0 0.000 0.000 0.000 0.144 0 1 0 0 0 0
 20 114027.000 113840.000 0 0 0.000 0.000 0.000 0.135 0 1 0 0 0 0
 21 86373.000 114805.000 0 0 0.000 0.000 0.000 0.142 0 1 0 0 0 0
 22 79673.000 98783.000 0 0 0.000 0.000 0.000 0.139 0 1 0 0 0 0
 23 111129.000 118205.000 0 0 0.000 0.000 0.000 0.134 0 1 0 0 0 0
 24 79290.000 94031.000 0 0 0.000 0.000 0.000 0.132 0 1 0 0 0 0
 25 121120.000 105255.000 0 0 0.000 0.000 0.000 0.131 0 1 0 0 0 0
 26 120972.000 106696.000 0 0 0.000 0.000 0.000 0.135 0 1 0 0 0 0
 27 120459.000 92029.000 0 0 0.000 0.000 0.000 0.146 0 1 0 0 0 0
 28 94882.000 121866.000 0 0 0.000 0.000 0.000 0.137 0 1 0 0 0 0
 29 84972.000 118119.000 0 0 0.000 0.000 0.000 0.133 0 1 0 0 0 0
 30 112830.000 120072.000 0 0 0.000 0.000 0.000 0.142 0 1 0 0 0 0
 31 108040.000 122591.000 0 0 0.000 0.000 0.000 0.130 0 1 0 0 0 0
 32 95796.000 123945.000 0 0 0.000 0.000 0.000 0.138 0 1 0 0 0 0
 33 94287.000 124141.000 0 0 0.000 0.000 0.000 0.145 0 1 0 0 0 0
 34 93856.000 75923.000 0 0 0.000 0.000 0.000 0.136 0 1 0 0 0 0
 35 80065.000 84863.000 0 0 0.000 0.000 0.000 0.134 0 1 0 0 0 0
 36 83968.000 80571.000 0 0 0.000 0.000 0.000 0.139 0 1 0 0 0 0
 37 103001.000 125725.000 0 0 0.000 0.000 0.000 0.131 0 1 0 0 0 0
 38 97314.000 74121.000 0 0 0.000 0.000 0.000 0.170 0 1 0 0 0 0
 39 124058.000 88287.000 0 0 0.000 0.000 0.000 0.134 0 1 0 0 0 0
 40 109057.000 74357.000 0 0 0.000 0.000 0.000 0.134 0 1 0 0 0 0
 41 106708.000 72345.000 0 0 0.000 0.000 0.000 0.131 0 1 0 0 0 0
 42 72220.000 90984.000 0 0 0.000 0.000 0.000 0.135 0 1 0 0 0 0
 43 117075.000 125188.000 0 0 0.000 0.000 0.000 0.138 0 1 0 0 0 0
 44 72708.000 113334.000 0 0 0.000 0.000 0.000 0.130 0 1 0 0 0 0
 45 82323.000 125068.000 0 0 0.000 0.000 0.000 0.131 0 1 0 0 0 0
 46 86612.000 72220.000 0 0 0.000 0.000 0.000 0.145 0 1 0 0 0 0
 47 112868.000 128680.000 0 0 0.000 0.000 0.000 0.158 0 1 0 0 0 0
 48 74129.000 80101.000 0 0 0.000 0.000 0.000 0.141 0 1 0 0 0 0
 49 75090.000 77088.000 0 0 0.000 0.000 0.000 0.134 0 1 0 0 0 0
 50 80362.000 128226.000 0 0 0.000 0.000 0.000 0.139 0 1 0 0 0 0
 51 71569.000 81280.000 0 0 0.000 0.000 0.000 0.201 0 1 0 0 0 0
 52 124312.000 75615.000 0 0 0.000 0.000 0.000 0.152 0 1 0 0 0 0
 53 72802.000 77525.000 0 0 0.000 0.000 0.000 0.138 0 1 0 0 0 0
 54 64813.000 91177.000 0 0 0.000 0.000 0.000 0.130 0 1 0 0 0 0
 55 115717.000 134485.000 0 0 0.000 0.000 0.000 0.130 0 1 0 0 0 0
 56 62529.000 93058.000 0 0 0.000 0.000 0.000 0.130 0 1 0 0 0 0
 57 72050.000 71490.000 0 0 0.000 0.000 0.000 0.140 0 1 0 0 0 0
 58 136693.000 84374.000 0 0 0.000 0.000 0.000 0.130 0 1 0 0 0 0
 59 65997.000 121666.000 0 0 0.000 0.000 0.000 0.153 0 1 0 0 0 0
 60 139571.000 107617.000 0 0 0.000 0.000 0.000 0.136 0 1 0 0 0 0
 61 66541.000 124355.000 0 0 0.000 0.000 0.000 0.131 0 1 0 0 0 0
 62 109552.000 60147.000 0 0 0.000 0.000 0.000 0.132 0 1 0 0 0 0
 63 81721.000 137883.000 0 0 0.000 0.000 0.000 0.134 0 1 0 0 0 0
 64 139407.000 114221.000 0 0 0.000 0.000 0.000 0.130 0 1 0 0 0 0
 65 120635.000 62517.000 0 0 0.000 0.000 0.000 0.138 0 1 0 0 0 0
 66 125249.000 134970.000 0 0 0.000 0.000 0.000 0.130 0 1 0 0 0 0
 67 86967.000 142194.000 0 0 0.000 0.000 0.000 0.131 0 1 0 0 0 0
 68 70942.000 66854.000 0 0 0.000 0.000 0.000 0.132 0 1 0 0 0 0
 69 56030.000 107348.000 0 0 0.000 0.000 0.000 0.134 0 1 0 0 0 0
 70 57276.000 84077.000 0 0 0.000 0.000 0.000 0.137 0 1 0 0 0 0
 71 84388.000 57393.000 0 0 0.000 0.000 0.000 0.134 0 1 0 0 0 0
 72 93075.000 145961.000 0 0 0.000 0.000 0.000 0.131 0 1 0 0 0 0
 73 146648.000 94088.000 0 0 0.000 0.000 0.000 0.130 0 1 0 0 0 0
 74 106985.000 52259.000 0 0 0.000 0.000 0.000 0.135 0 1 0 0 0 0
 75 129441.000 61167.000 0 0 0.000 0.000 0.000 0.138 0 1 0 0 0 0
 76 70278.000 140113.000 0 0 0.000 0.000 0.000 0.133 0 1 0 0 0 0
 77 145267.000 122846.000 0 0 0.000 0.000 0.000 0.149 0 1 0 0 0 0
 78 85405.000 51303.000 0 0 0.000 0.000 0.000 0.132 0 1 0 0 0 0
 79 141942.000 129506.000 0 0 0.000 0.000 0.000 0.130 0 1 0 0 0 0
 80 109976.000 47602.000 0 0 0.000 0.000 0.000 0.132 0 1 0 0 0 0
 81 130547.000 55648.000 0 0 0.000 0.000 0.000 0.134 0 1 0 0 0 0
 82 53236.000 70767.000 0 0 0.000 0.000 0.000 0.131 0 1 0 0 0 0
 83 44862.000 86764.000 0 0 0.000 0.000 0.000 0.131 0 1 0 0 0 0
 84 99063.000 43105.000 0 0 0.000 0.000 0.000 0.130 0 1 0 0 0 0
 85 46720.000 77757.000 0 0 0.000 0.000 0.000 0.139 0 1 0 0 0 0
 86 148257.000 133740.000 0 0 0.000 0.000 0.000 0.131 0 1 0 0 0 0
 87 159595.000 99707.000 0 0 0.000 0.000 0.000 0.135 0 1 0 0 0 0
 88 74403.000 46352.000 0 0 0.000 0.000 0.000 0.132 0 1 0 0 0 0
 89 67827.000 49463.000 0 0 0.000 0.000 0.000 0.131 0 1 0 0 0 0
 90 114864.000 158544.000 0 0 0.000 0.000 0.000 0.134 0 1 0 0 0 0
 91 128016.000 45722.000 0 0 0.000 0.000 0.000 0.133 0 1 0 0 0 0
 92 43535.000 72905.000 0 0 0.000 0.000 0.000 0.152 0 1 0 0 0 0
 93 74760.000 40754.000 0 0 0.000 0.000 0.000 0.140 0 1 0 0 0 0
 94 34511.000 88012.000 0 0 0.000 0.000 0.000 0.133 0 1 0 0 0 0
 95 128972.000 162391.000 0 0 0.000 0.000 0.000 0.132 0 1 0 0 0 0
 96 85496.000 167841.000 0 0 0.000 0.000 0.000 0.133 0 1 0 0 0 0
 97 63851.000 39401.000 0 0 0.000 0.000 0.000 0.133 0 1 0 0 0 0
 98 57414.000 172107.000 0 0 0.000 0.000 0.000 0.153 0 1 0 0 0 0
 99 128836.000 189836.000 0 0 0.000 0.000 0.000 0.145 0 1 0 0 0 0;
ProcessEquipmentIDList 1
  "6565" ;
SummarySpec 5
  TESTNO    NDEFECT    DEFDENSITY    NDIE    NDEFDIE  ;
SummaryList 
  1    99    0.362    1    1  ;
EndOfFile;
