FileVersion 1 2;
FileTimestamp 02-07-26 21:18:21;
InspectionStationID "KLA-Tencor" "SFSSP1" "0901-0728-TBI";
SampleType WAFER;
ResultTimestamp 02-07-26 21:16:08;
LotID "2580";
SampleSize 1 200;
DeviceID "None";
SetupID "T2-2580NR" 02-07-26 21:16:08;
StepID "7002";
SampleOrientationMarkType NOTCH;
OrientationMarkLocation DOWN;
DiePitch 200000 200000;
DieOrigin 0 0;
WaferID "03";
Slot 3;
SampleCenterLocation 100000 100000;
ClassLookup 1
  0 "0"  ;
OrientationInstructions "Front";
CoordinatesMirrored No;
InspectionTest 1;
SampleTestPlan 1
  0 0 ;
AreaPerTest 2.73513e+010;
DefectRecordSpec 15 DEFECTID XREL YREL XINDEX YINDEX XSIZE YSIZE DEFECTAREA DSIZE CLASSNUMBER TEST CLUSTERNUMBER ROUGHBINNUMBER FINEBINNUMBER REVIEWSAMPLE ;
DefectList
 1 102617.000 97394.000 0 0 0.000 0.000 0.000 0.133 0 1 0 0 0 0
 2 96266.000 94985.000 0 0 0.000 0.000 0.000 0.151 0 1 0 0 0 0
 3 108048.000 96136.000 0 0 0.000 0.000 0.000 0.132 0 1 0 0 0 0
 4 107459.000 94617.000 0 0 0.000 0.000 0.000 0.135 0 1 0 0 0 0
 5 110504.000 99331.000 0 0 0.000 0.000 0.000 0.144 0 1 0 0 0 0
 6 91537.000 92077.000 0 0 0.000 0.000 0.000 0.132 0 1 0 0 0 0
 7 97573.000 112989.000 0 0 0.000 0.000 0.000 0.149 0 1 0 0 0 0
 8 85680.000 99666.000 0 0 0.000 0.000 0.000 0.304 0 1 0 0 0 0
 9 95952.000 113723.000 0 0 0.000 0.000 0.000 0.138 0 1 0 0 0 0
 10 84584.000 103009.000 0 0 0.000 0.000 0.000 0.148 0 1 0 0 0 0
 11 88548.000 111783.000 0 0 0.000 0.000 0.000 0.135 0 1 0 0 0 0
 12 116456.000 104389.000 0 0 0.000 0.000 0.000 0.135 0 1 0 0 0 0
 13 118763.000 105462.000 0 0 0.000 0.000 0.000 0.144 0 1 0 0 0 0
 14 120476.000 101338.000 0 0 0.000 0.000 0.000 0.137 0 1 0 0 0 0
 15 113572.000 115584.000 0 0 0.000 0.000 0.000 0.142 0 1 0 0 0 0
 16 92533.000 120049.000 0 0 0.000 0.000 0.000 0.139 0 1 0 0 0 0
 17 117979.000 85854.000 0 0 0.000 0.000 0.000 0.131 0 1 0 0 0 0
 18 79799.000 110546.000 0 0 0.000 0.000 0.000 0.136 0 1 0 0 0 0
 19 93888.000 77302.000 0 0 0.000 0.000 0.000 0.134 0 1 0 0 0 0
 20 108609.000 77296.000 0 0 0.000 0.000 0.000 0.142 0 1 0 0 0 0
 21 97056.000 75849.000 0 0 0.000 0.000 0.000 0.165 0 1 0 0 0 0
 22 81303.000 84114.000 0 0 0.000 0.000 0.000 0.142 0 1 0 0 0 0
 23 123093.000 108790.000 0 0 0.000 0.000 0.000 0.139 0 1 0 0 0 0
 24 94438.000 75374.000 0 0 0.000 0.000 0.000 0.132 0 1 0 0 0 0
 25 123674.000 108698.000 0 0 0.000 0.000 0.000 0.144 0 1 0 0 0 0
 26 80120.000 84241.000 0 0 0.000 0.000 0.000 0.135 0 1 0 0 0 0
 27 124165.000 111779.000 0 0 0.000 0.000 0.000 0.138 0 1 0 0 0 0
 28 90158.000 124694.000 0 0 0.000 0.000 0.000 0.160 0 1 0 0 0 0
 29 121942.000 83695.000 0 0 0.000 0.000 0.000 0.145 0 1 0 0 0 0
 30 87411.000 123861.000 0 0 0.000 0.000 0.000 0.148 0 1 0 0 0 0
 31 126999.000 95991.000 0 0 0.000 0.000 0.000 0.159 0 1 0 0 0 0
 32 126761.000 92009.000 0 0 0.000 0.000 0.000 0.130 0 1 0 0 0 0
 33 105606.000 72222.000 0 0 0.000 0.000 0.000 0.132 0 1 0 0 0 0
 34 72136.000 104150.000 0 0 0.000 0.000 0.000 0.135 0 1 0 0 0 0
 35 122363.000 80942.000 0 0 0.000 0.000 0.000 0.151 0 1 0 0 0 0
 36 128182.000 107992.000 0 0 0.000 0.000 0.000 0.143 0 1 0 0 0 0
 37 92208.000 128442.000 0 0 0.000 0.000 0.000 0.135 0 1 0 0 0 0
 38 112599.000 70237.000 0 0 0.000 0.000 0.000 0.143 0 1 0 0 0 0
 39 130361.000 88289.000 0 0 0.000 0.000 0.000 0.146 0 1 0 0 0 0
 40 97526.000 132230.000 0 0 0.000 0.000 0.000 0.212 0 1 0 0 0 0
 41 133004.000 102497.000 0 0 0.000 0.000 0.000 0.141 0 1 0 0 0 0
 42 127827.000 80668.000 0 0 0.000 0.000 0.000 0.143 0 1 0 0 0 0
 43 76997.000 124731.000 0 0 0.000 0.000 0.000 0.133 0 1 0 0 0 0
 44 116150.000 69707.000 0 0 0.000 0.000 0.000 0.154 0 1 0 0 0 0
 45 85874.000 130784.000 0 0 0.000 0.000 0.000 0.130 0 1 0 0 0 0
 46 74753.000 123632.000 0 0 0.000 0.000 0.000 0.144 0 1 0 0 0 0
 47 134002.000 109559.000 0 0 0.000 0.000 0.000 0.140 0 1 0 0 0 0
 48 67153.000 86878.000 0 0 0.000 0.000 0.000 0.132 0 1 0 0 0 0
 49 80790.000 129479.000 0 0 0.000 0.000 0.000 0.142 0 1 0 0 0 0
 50 130436.000 118989.000 0 0 0.000 0.000 0.000 0.141 0 1 0 0 0 0
 51 100475.000 136100.000 0 0 0.000 0.000 0.000 0.144 0 1 0 0 0 0
 52 63825.000 94403.000 0 0 0.000 0.000 0.000 0.143 0 1 0 0 0 0
 53 130249.000 78337.000 0 0 0.000 0.000 0.000 0.144 0 1 0 0 0 0
 54 101467.000 136690.000 0 0 0.000 0.000 0.000 0.201 0 1 0 0 0 0
 55 77502.000 129047.000 0 0 0.000 0.000 0.000 0.164 0 1 0 0 0 0
 56 136342.000 109521.000 0 0 0.000 0.000 0.000 0.136 0 1 0 0 0 0
 57 137299.000 108416.000 0 0 0.000 0.000 0.000 0.157 0 1 0 0 0 0
 58 137112.000 109794.000 0 0 0.000 0.000 0.000 0.132 0 1 0 0 0 0
 59 138509.000 92245.000 0 0 0.000 0.000 0.000 0.130 0 1 0 0 0 0
 60 126027.000 129228.000 0 0 0.000 0.000 0.000 0.133 0 1 0 0 0 0
 61 106473.000 138373.000 0 0 0.000 0.000 0.000 0.153 0 1 0 0 0 0
 62 103694.000 139803.000 0 0 0.000 0.000 0.000 0.136 0 1 0 0 0 0
 63 73075.000 129718.000 0 0 0.000 0.000 0.000 0.143 0 1 0 0 0 0
 64 62668.000 84861.000 0 0 0.000 0.000 0.000 0.136 0 1 0 0 0 0
 65 61320.000 88535.000 0 0 0.000 0.000 0.000 0.157 0 1 0 0 0 0
 66 114533.000 61117.000 0 0 0.000 0.000 0.000 0.139 0 1 0 0 0 0
 67 68721.000 127973.000 0 0 0.000 0.000 0.000 0.131 0 1 0 0 0 0
 68 90505.000 58498.000 0 0 0.000 0.000 0.000 0.155 0 1 0 0 0 0
 69 73611.000 132964.000 0 0 0.000 0.000 0.000 0.146 0 1 0 0 0 0
 70 131075.000 129483.000 0 0 0.000 0.000 0.000 0.143 0 1 0 0 0 0
 71 118246.000 139207.000 0 0 0.000 0.000 0.000 0.141 0 1 0 0 0 0
 72 91358.000 142305.000 0 0 0.000 0.000 0.000 0.140 0 1 0 0 0 0
 73 137811.000 121675.000 0 0 0.000 0.000 0.000 0.136 0 1 0 0 0 0
 74 80137.000 60946.000 0 0 0.000 0.000 0.000 0.141 0 1 0 0 0 0
 75 143914.000 106241.000 0 0 0.000 0.000 0.000 0.131 0 1 0 0 0 0
 76 130079.000 66399.000 0 0 0.000 0.000 0.000 0.132 0 1 0 0 0 0
 77 112892.000 143081.000 0 0 0.000 0.000 0.000 0.138 0 1 0 0 0 0
 78 143595.000 87391.000 0 0 0.000 0.000 0.000 0.143 0 1 0 0 0 0
 79 145397.000 97855.000 0 0 0.000 0.000 0.000 0.140 0 1 0 0 0 0
 80 83032.000 57620.000 0 0 0.000 0.000 0.000 0.140 0 1 0 0 0 0
 81 146137.000 105663.000 0 0 0.000 0.000 0.000 0.130 0 1 0 0 0 0
 82 81300.000 57043.000 0 0 0.000 0.000 0.000 0.135 0 1 0 0 0 0
 83 146640.000 91886.000 0 0 0.000 0.000 0.000 0.137 0 1 0 0 0 0
 84 53046.000 104130.000 0 0 0.000 0.000 0.000 0.141 0 1 0 0 0 0
 85 56063.000 119099.000 0 0 0.000 0.000 0.000 0.134 0 1 0 0 0 0
 86 123502.000 57504.000 0 0 0.000 0.000 0.000 0.139 0 1 0 0 0 0
 87 75160.000 141508.000 0 0 0.000 0.000 0.000 0.146 0 1 0 0 0 0
 88 148894.000 103344.000 0 0 0.000 0.000 0.000 0.133 0 1 0 0 0 0
 89 77686.000 143286.000 0 0 0.000 0.000 0.000 0.136 0 1 0 0 0 0
 90 53926.000 116584.000 0 0 0.000 0.000 0.000 0.136 0 1 0 0 0 0
 91 96656.000 148856.000 0 0 0.000 0.000 0.000 0.217 0 1 0 0 0 0
 92 66681.000 136754.000 0 0 0.000 0.000 0.000 0.133 0 1 0 0 0 0
 93 148638.000 87890.000 0 0 0.000 0.000 0.000 0.130 0 1 0 0 0 0
 94 91902.000 149897.000 0 0 0.000 0.000 0.000 0.135 0 1 0 0 0 0
 95 49909.000 109645.000 0 0 0.000 0.000 0.000 0.159 0 1 0 0 0 0
 96 102057.000 48385.000 0 0 0.000 0.000 0.000 0.131 0 1 0 0 0 0
 97 142240.000 69690.000 0 0 0.000 0.000 0.000 0.137 0 1 0 0 0 0
 98 54105.000 73143.000 0 0 0.000 0.000 0.000 0.154 0 1 0 0 0 0
 99 76622.000 52087.000 0 0 0.000 0.000 0.000 0.132 0 1 0 0 0 0
 100 105071.000 45778.000 0 0 0.000 0.000 0.000 0.135 0 1 0 0 0 0
 101 108197.000 45671.000 0 0 0.000 0.000 0.000 0.141 0 1 0 0 0 0
 102 154895.000 105270.000 0 0 0.000 0.000 0.000 0.130 0 1 0 0 0 0
 103 75450.000 149216.000 0 0 0.000 0.000 0.000 0.135 0 1 0 0 0 0
 104 146433.000 69413.000 0 0 0.000 0.000 0.000 0.132 0 1 0 0 0 0
 105 75909.000 149738.000 0 0 0.000 0.000 0.000 0.137 0 1 0 0 0 0
 106 44677.000 103770.000 0 0 0.000 0.000 0.000 0.134 0 1 0 0 0 0
 107 149763.000 74237.000 0 0 0.000 0.000 0.000 0.150 0 1 0 0 0 0
 108 156270.000 95466.000 0 0 0.000 0.000 0.000 0.135 0 1 0 0 0 0
 109 157218.000 101481.000 0 0 0.000 0.000 0.000 0.138 0 1 0 0 0 0
 110 58535.000 58889.000 0 0 0.000 0.000 0.000 0.133 0 1 0 0 0 0
 111 128468.000 48634.000 0 0 0.000 0.000 0.000 0.137 0 1 0 0 0 0
 112 78604.000 43508.000 0 0 0.000 0.000 0.000 0.130 0 1 0 0 0 0
 113 143987.000 142401.000 0 0 0.000 0.000 0.000 0.137 0 1 0 0 0 0
 114 57561.000 146647.000 0 0 0.000 0.000 0.000 0.140 0 1 0 0 0 0
 115 114957.000 162100.000 0 0 0.000 0.000 0.000 0.136 0 1 0 0 0 0
 116 153161.000 61571.000 0 0 0.000 0.000 0.000 0.132 0 1 0 0 0 0
 117 41199.000 129567.000 0 0 0.000 0.000 0.000 0.136 0 1 0 0 0 0
 118 95835.000 166826.000 0 0 0.000 0.000 0.000 0.135 0 1 0 0 0 0
 119 63838.000 41565.000 0 0 0.000 0.000 0.000 0.139 0 1 0 0 0 0
 120 163834.000 127260.000 0 0 0.000 0.000 0.000 0.130 0 1 0 0 0 0
 121 33447.000 119299.000 0 0 0.000 0.000 0.000 0.137 0 1 0 0 0 0
 122 93358.000 170331.000 0 0 0.000 0.000 0.000 0.143 0 1 0 0 0 0
 123 89272.000 169721.000 0 0 0.000 0.000 0.000 0.144 0 1 0 0 0 0
 124 170300.000 89819.000 0 0 0.000 0.000 0.000 0.151 0 1 0 0 0 0
 125 26663.000 126375.000 0 0 0.000 0.000 0.000 0.132 0 1 0 0 0 0
 126 57546.000 166683.000 0 0 0.000 0.000 0.000 0.174 0 1 0 0 0 0
 127 121639.000 23202.000 0 0 0.000 0.000 0.000 0.310 0 1 0 0 0 0
 128 73025.000 180494.000 0 0 0.000 0.000 0.000 0.146 0 1 0 0 0 0
 129 13842.000 93561.000 0 0 0.000 0.000 0.000 0.133 0 1 0 0 0 0
 130 145701.000 175972.000 0 0 0.000 0.000 0.000 0.138 0 1 0 0 0 0
 131 129585.000 184134.000 0 0 0.000 0.000 0.000 0.211 0 1 0 0 0 0
 132 55766.000 16625.000 0 0 0.000 0.000 0.000 0.156 0 1 0 0 0 0
 133 53712.000 181972.000 0 0 0.000 0.000 0.000 0.276 0 1 0 0 0 0
 134 16220.000 55673.000 0 0 0.000 0.000 0.000 0.166 0 1 0 0 0 0;
ProcessEquipmentIDList 1
  "6565" ;
SummarySpec 5
  TESTNO    NDEFECT    DEFDENSITY    NDIE    NDEFDIE  ;
SummaryList 
  1    134    0.4899    1    1  ;
EndOfFile;
