FileVersion 1 2;
FileTimestamp 02-07-26 23:05:52;
InspectionStationID "KLA-Tencor" "SFSSP1" "0901-0728-TBI";
SampleType WAFER;
ResultTimestamp 02-07-26 22:47:01;
LotID "2580";
SampleSize 1 200;
DeviceID "None";
SetupID "T2-2580NR" 02-07-26 22:47:01;
StepID "7002";
SampleOrientationMarkType NOTCH;
OrientationMarkLocation DOWN;
DiePitch 200000 200000;
DieOrigin 0 0;
WaferID "20";
Slot 20;
SampleCenterLocation 100000 100000;
ClassLookup 1
  0 "0"  ;
OrientationInstructions "Front";
CoordinatesMirrored No;
InspectionTest 1;
SampleTestPlan 1
  0 0 ;
AreaPerTest 2.73516e+010;
ClusterClassificationList 7
  7 210 
  6 210 
  1 210 
  4 200 
  5 200 
  3 200 
  2 210 ;
DefectRecordSpec 15 DEFECTID XREL YREL XINDEX YINDEX XSIZE YSIZE DEFECTAREA DSIZE CLASSNUMBER TEST CLUSTERNUMBER ROUGHBINNUMBER FINEBINNUMBER REVIEWSAMPLE ;
DefectList
 1 103318.000 97170.000 0 0 0.000 0.000 0.000 0.150 0 1 0 0 0 0
 2 101825.000 93586.000 0 0 0.000 0.000 0.000 0.144 0 1 0 0 0 0
 3 92182.000 100070.000 0 0 0.000 0.000 0.000 0.134 0 1 0 0 0 0
 4 92181.000 99521.000 0 0 0.000 0.000 0.000 0.160 0 1 0 0 0 0
 5 106684.000 95159.000 0 0 0.000 0.000 0.000 0.143 0 1 0 0 0 0
 6 97480.000 91877.000 0 0 0.000 0.000 0.000 0.139 0 1 0 0 0 0
 7 109017.000 106775.000 0 0 0.000 0.000 0.000 0.138 0 1 0 0 0 0
 8 109179.000 107395.000 0 0 0.000 0.000 0.000 0.146 0 1 0 0 0 0
 9 108833.000 92283.000 0 0 0.000 0.000 0.000 0.134 0 1 0 0 0 0
 10 96774.000 88524.000 0 0 0.000 0.000 0.000 0.145 0 1 0 0 0 0
 11 90888.000 91932.000 0 0 0.000 0.000 0.000 0.166 0 1 0 0 0 0
 12 104600.000 111913.000 0 0 0.000 0.000 0.000 0.141 0 1 0 0 0 0
 13 87491.000 99832.000 0 0 0.000 0.000 0.000 0.131 0 1 0 0 0 0
 14 113377.000 100206.000 0 0 0.000 0.000 0.000 0.135 0 1 0 0 0 0
 15 105970.000 112119.000 0 0 0.000 0.000 0.000 0.131 0 1 0 0 0 0
 16 113392.000 103339.000 0 0 0.000 0.000 0.000 0.144 0 1 0 0 0 0
 17 108738.000 88232.000 0 0 0.000 0.000 0.000 0.148 0 1 0 0 0 0
 18 84800.000 95810.000 0 0 0.000 0.000 0.000 0.161 0 1 0 0 0 0
 19 103685.000 115938.000 0 0 0.000 0.000 0.000 0.152 0 1 0 0 0 0
 20 86272.000 91433.000 0 0 0.000 0.000 0.000 0.142 0 1 0 0 0 0
 21 98461.000 116623.000 0 0 0.000 0.000 0.000 0.145 0 1 0 0 0 0
 22 83574.000 98981.000 0 0 0.000 0.000 0.000 0.130 0 1 0 0 0 0
 23 116518.000 104383.000 0 0 0.000 0.000 0.000 0.132 0 1 0 0 0 0
 24 116482.000 94981.000 0 0 0.000 0.000 0.000 0.138 0 1 0 0 0 0
 25 99201.000 82378.000 0 0 0.000 0.000 0.000 0.154 0 1 0 0 0 0
 26 92508.000 82873.000 0 0 0.000 0.000 0.000 0.135 0 1 0 0 0 0
 27 115857.000 90094.000 0 0 0.000 0.000 0.000 0.140 0 1 0 0 0 0
 28 118842.000 97964.000 0 0 0.000 0.000 0.000 0.131 0 1 0 0 0 0
 29 114699.000 89766.000 0 0 0.000 0.000 0.000 200000.000 0 1 0 200 0 0
 30 83245.000 88161.000 0 0 0.000 0.000 0.000 0.176 0 1 0 0 0 0
 31 82618.000 88693.000 0 0 0.000 0.000 0.000 0.140 0 1 0 0 0 0
 32 100065.000 121226.000 0 0 0.000 0.000 0.000 0.151 0 1 0 0 0 0
 33 78486.000 101944.000 0 0 0.000 0.000 0.000 0.141 0 1 0 0 0 0
 34 121945.000 102092.000 0 0 0.000 0.000 0.000 0.143 0 1 0 0 0 0
 35 114046.000 117312.000 0 0 0.000 0.000 0.000 0.140 0 1 0 0 0 0
 36 85799.000 117934.000 0 0 0.000 0.000 0.000 0.137 0 1 0 0 0 0
 37 90631.000 121212.000 0 0 0.000 0.000 0.000 0.138 0 1 0 0 0 0
 38 77697.000 94544.000 0 0 0.000 0.000 0.000 0.143 0 1 0 0 0 0
 39 76695.000 98740.000 0 0 0.000 0.000 0.000 0.131 0 1 0 0 0 0
 40 87230.000 120004.000 0 0 0.000 0.000 0.000 0.137 0 1 0 0 0 0
 41 97924.000 125117.000 0 0 0.000 0.000 0.000 0.142 0 1 0 0 0 0
 42 86271.000 79341.000 0 0 0.000 0.000 0.000 0.131 0 1 0 0 0 0
 43 100626.000 75213.000 0 0 0.000 0.000 0.000 0.146 0 1 0 0 0 0
 44 75601.000 94091.000 0 0 0.000 0.000 0.000 0.133 0 1 0 0 0 0
 45 85050.000 121081.000 0 0 0.000 0.000 0.000 0.131 0 1 0 0 0 0
 46 74442.000 97938.000 0 0 0.000 0.000 0.000 0.141 0 1 0 0 0 0
 47 125061.000 106747.000 0 0 0.000 0.000 0.000 0.151 0 1 0 0 0 0
 48 115527.000 79388.000 0 0 0.000 0.000 0.000 0.137 0 1 0 0 0 0
 49 94231.000 126398.000 0 0 0.000 0.000 0.000 0.133 0 1 0 0 0 0
 50 73516.000 95906.000 0 0 0.000 0.000 0.000 0.133 0 1 0 0 0 0
 51 112384.000 76210.000 0 0 0.000 0.000 0.000 0.143 0 1 0 0 0 0
 52 126569.000 105161.000 0 0 0.000 0.000 0.000 0.133 0 1 0 0 0 0
 53 108393.000 126431.000 0 0 0.000 0.000 0.000 0.133 0 1 0 0 0 0
 54 89229.000 74382.000 0 0 0.000 0.000 0.000 0.130 0 1 0 0 0 0
 55 83540.000 123064.000 0 0 0.000 0.000 0.000 0.143 0 1 0 0 0 0
 56 126269.000 89374.000 0 0 0.000 0.000 0.000 0.147 0 1 0 0 0 0
 57 84955.000 125060.000 0 0 0.000 0.000 0.000 0.133 0 1 0 0 0 0
 58 92108.000 128296.000 0 0 0.000 0.000 0.000 0.136 0 1 0 0 0 0
 59 115812.000 125174.000 0 0 0.000 0.000 0.000 0.130 0 1 0 0 0 0
 60 104263.000 70992.000 0 0 0.000 0.000 0.000 0.138 0 1 0 0 0 0
 61 101683.000 70586.000 0 0 0.000 0.000 0.000 0.141 0 1 0 0 0 0
 62 99054.000 130067.000 0 0 0.000 0.000 0.000 0.139 0 1 0 0 0 0
 63 92276.000 129093.000 0 0 0.000 0.000 0.000 0.139 0 1 0 0 0 0
 64 71227.000 108435.000 0 0 0.000 0.000 0.000 0.159 0 1 0 0 0 0
 65 90744.000 71693.000 0 0 0.000 0.000 0.000 0.138 0 1 0 0 0 0
 66 72358.000 112235.000 0 0 0.000 0.000 0.000 0.146 0 1 0 0 0 0
 67 69994.000 99429.000 0 0 0.000 0.000 0.000 0.146 0 1 0 0 0 0
 68 75653.000 82577.000 0 0 0.000 0.000 0.000 0.133 0 1 0 0 0 0
 69 129641.000 93634.000 0 0 0.000 0.000 0.000 0.137 0 1 0 0 0 0
 70 109930.000 70919.000 0 0 0.000 0.000 0.000 0.149 0 1 0 0 0 0
 71 130715.000 94263.000 0 0 0.000 0.000 0.000 0.130 0 1 0 0 0 0
 72 71530.000 113607.000 0 0 0.000 0.000 0.000 0.148 0 1 0 0 0 0
 73 76337.000 121212.000 0 0 0.000 0.000 0.000 0.132 0 1 0 0 0 0
 74 131430.000 102979.000 0 0 0.000 0.000 0.000 0.158 0 1 0 0 0 0
 75 99476.000 132125.000 0 0 0.000 0.000 0.000 0.169 0 1 0 0 0 0
 76 110353.000 130718.000 0 0 0.000 0.000 0.000 0.147 0 1 0 0 0 0
 77 73533.000 80858.000 0 0 0.000 0.000 0.000 0.139 0 1 0 0 0 0
 78 132845.000 98599.000 0 0 0.000 0.000 0.000 0.136 0 1 0 0 0 0
 79 108038.000 132059.000 0 0 0.000 0.000 0.000 0.149 0 1 0 0 0 0
 80 69767.000 113349.000 0 0 0.000 0.000 0.000 0.132 0 1 0 0 0 0
 81 67219.000 103380.000 0 0 0.000 0.000 0.000 0.140 0 1 0 0 0 0
 82 120526.000 74472.000 0 0 0.000 0.000 0.000 0.134 0 1 0 0 0 0
 83 93394.000 132777.000 0 0 0.000 0.000 0.000 0.133 0 1 0 0 0 0
 84 97286.000 133503.000 0 0 0.000 0.000 0.000 0.135 0 1 0 0 0 0
 85 89112.000 131799.000 0 0 0.000 0.000 0.000 0.140 0 1 0 0 0 0
 86 108803.000 132602.000 0 0 0.000 0.000 0.000 0.134 0 1 0 0 0 0
 87 123090.000 75690.000 0 0 0.000 0.000 0.000 0.132 0 1 0 0 0 0
 88 75491.000 76130.000 0 0 0.000 0.000 0.000 0.143 0 1 0 0 0 0
 89 125258.000 77110.000 0 0 0.000 0.000 0.000 0.161 0 1 0 0 0 0
 90 65120.000 99647.000 0 0 0.000 0.000 0.000 0.151 0 1 0 0 0 0
 91 127740.000 121537.000 0 0 0.000 0.000 0.000 0.135 0 1 0 0 0 0
 92 69947.000 82113.000 0 0 0.000 0.000 0.000 0.134 0 1 0 0 0 0
 93 65865.000 91937.000 0 0 0.000 0.000 0.000 0.141 0 1 0 0 0 0
 94 135907.000 99171.000 0 0 0.000 0.000 0.000 0.167 0 1 0 0 0 0
 95 124150.000 127419.000 0 0 0.000 0.000 0.000 0.139 0 1 0 0 0 0
 96 119310.000 69501.000 0 0 0.000 0.000 0.000 0.131 0 1 0 0 0 0
 97 63575.000 102720.000 0 0 0.000 0.000 0.000 0.139 0 1 0 0 0 0
 98 88670.000 135150.000 0 0 0.000 0.000 0.000 0.142 0 1 0 0 0 0
 99 76378.000 72082.000 0 0 0.000 0.000 0.000 0.146 0 1 0 0 0 0
 100 134169.000 113624.000 0 0 0.000 0.000 0.000 0.132 0 1 0 0 0 0
 101 69370.000 78916.000 0 0 0.000 0.000 0.000 0.133 0 1 0 0 0 0
 102 80294.000 68647.000 0 0 0.000 0.000 0.000 0.134 0 1 0 0 0 0
 103 137842.000 96775.000 0 0 0.000 0.000 0.000 0.137 0 1 0 0 0 0
 104 88720.000 63626.000 0 0 0.000 0.000 0.000 0.133 0 1 0 0 0 0
 105 84604.000 135935.000 0 0 0.000 0.000 0.000 0.144 0 1 0 0 0 0
 106 64430.000 84256.000 0 0 0.000 0.000 0.000 0.141 0 1 0 0 0 0
 107 77725.000 67863.000 0 0 0.000 0.000 0.000 0.148 0 1 0 0 0 0
 108 120358.000 133836.000 0 0 0.000 0.000 0.000 0.130 0 1 0 0 0 0
 109 61940.000 89222.000 0 0 0.000 0.000 0.000 0.134 0 1 0 0 0 0
 110 134688.000 79993.000 0 0 0.000 0.000 0.000 0.146 0 1 0 0 0 0
 111 99980.000 140513.000 0 0 0.000 0.000 0.000 0.144 0 1 0 0 0 0
 112 59765.000 102493.000 0 0 0.000 0.000 0.000 0.134 0 1 0 0 0 0
 113 77263.000 67015.000 0 0 0.000 0.000 0.000 0.130 0 1 0 0 0 0
 114 140162.000 104161.000 0 0 0.000 0.000 0.000 0.151 0 1 0 0 0 0
 115 79937.000 64790.000 0 0 0.000 0.000 0.000 0.135 0 1 0 0 0 0
 116 107066.000 140236.000 0 0 0.000 0.000 0.000 0.131 0 1 0 0 0 0
 117 62325.000 116166.000 0 0 0.000 0.000 0.000 0.139 0 1 0 0 0 0
 118 60805.000 88500.000 0 0 0.000 0.000 0.000 0.140 0 1 0 0 0 0
 119 70664.000 129106.000 0 0 0.000 0.000 0.000 0.130 0 1 0 0 0 0
 120 96540.000 141346.000 0 0 0.000 0.000 0.000 0.155 0 1 0 0 0 0
 121 140476.000 92224.000 0 0 0.000 0.000 0.000 0.171 0 1 0 0 0 0
 122 139370.000 112985.000 0 0 0.000 0.000 0.000 0.155 0 1 0 0 0 0
 123 104910.000 58859.000 0 0 0.000 0.000 0.000 0.157 0 1 0 0 0 0
 124 61328.000 84503.000 0 0 0.000 0.000 0.000 0.130 0 1 0 0 0 0
 125 63737.000 79403.000 0 0 0.000 0.000 0.000 0.132 0 1 0 0 0 0
 126 140453.000 88766.000 0 0 0.000 0.000 0.000 0.143 0 1 0 0 0 0
 127 132338.000 127797.000 0 0 0.000 0.000 0.000 0.144 0 1 0 0 0 0
 128 72052.000 68044.000 0 0 0.000 0.000 0.000 0.131 0 1 0 0 0 0
 129 96604.000 57723.000 0 0 0.000 0.000 0.000 0.143 0 1 0 0 0 0
 130 141983.000 90300.000 0 0 0.000 0.000 0.000 0.146 0 1 0 0 0 0
 131 57831.000 90015.000 0 0 0.000 0.000 0.000 0.144 0 1 0 0 0 0
 132 98507.000 56962.000 0 0 0.000 0.000 0.000 0.156 0 1 0 0 0 0
 133 125901.000 135639.000 0 0 0.000 0.000 0.000 0.130 0 1 0 0 0 0
 134 144330.000 102978.000 0 0 0.000 0.000 0.000 0.134 0 1 0 0 0 0
 135 76022.000 137638.000 0 0 0.000 0.000 0.000 0.130 0 1 0 0 0 0
 136 143872.000 92919.000 0 0 0.000 0.000 0.000 0.131 0 1 0 0 0 0
 137 56353.000 90944.000 0 0 0.000 0.000 0.000 0.132 0 1 0 0 0 0
 138 82901.000 58943.000 0 0 0.000 0.000 0.000 0.147 0 1 0 0 0 0
 139 93674.000 56032.000 0 0 0.000 0.000 0.000 0.132 0 1 0 0 0 0
 140 71834.000 135128.000 0 0 0.000 0.000 0.000 0.130 0 1 0 0 0 0
 141 112588.000 56965.000 0 0 0.000 0.000 0.000 0.133 0 1 0 0 0 0
 142 75869.000 138378.000 0 0 0.000 0.000 0.000 0.136 0 1 0 0 0 0
 143 54710.000 101125.000 0 0 0.000 0.000 0.000 0.145 0 1 0 0 0 0
 144 77979.000 60658.000 0 0 0.000 0.000 0.000 0.134 0 1 0 0 0 0
 145 122533.000 139899.000 0 0 0.000 0.000 0.000 0.132 0 1 0 0 0 0
 146 133708.000 69274.000 0 0 0.000 0.000 0.000 0.139 0 1 0 0 0 0
 147 107883.000 54938.000 0 0 0.000 0.000 0.000 0.139 0 1 0 0 0 0
 148 69245.000 134734.000 0 0 0.000 0.000 0.000 0.133 0 1 0 0 0 0
 149 53489.000 98978.000 0 0 0.000 0.000 0.000 0.146 0 1 0 0 0 0
 150 145333.000 89866.000 0 0 0.000 0.000 0.000 0.152 0 1 0 0 0 0
 151 53364.000 105270.000 0 0 0.000 0.000 0.000 0.135 0 1 0 0 0 0
 152 123401.000 59508.000 0 0 0.000 0.000 0.000 0.152 0 1 0 0 0 0
 153 145708.000 89763.000 0 0 0.000 0.000 0.000 0.131 0 1 0 0 0 0
 154 137782.000 71439.000 0 0 0.000 0.000 0.000 0.147 0 1 0 0 0 0
 155 59418.000 75276.000 0 0 0.000 0.000 0.000 0.141 0 1 0 0 0 0
 156 147331.000 105058.000 0 0 0.000 0.000 0.000 0.132 0 1 0 0 0 0
 157 125033.000 140873.000 0 0 0.000 0.000 0.000 0.140 0 1 0 0 0 0
 158 54572.000 84932.000 0 0 0.000 0.000 0.000 0.151 0 1 0 0 0 0
 159 110395.000 53251.000 0 0 0.000 0.000 0.000 0.132 0 1 0 0 0 0
 160 144409.000 81514.000 0 0 0.000 0.000 0.000 0.213 0 1 0 0 0 0
 161 77803.000 143293.000 0 0 0.000 0.000 0.000 0.148 0 1 0 0 0 0
 162 132972.000 135948.000 0 0 0.000 0.000 0.000 0.131 0 1 0 0 0 0
 163 65010.000 134198.000 0 0 0.000 0.000 0.000 0.138 0 1 0 0 0 0
 164 57799.000 75195.000 0 0 0.000 0.000 0.000 0.141 0 1 0 0 0 0
 165 148623.000 106288.000 0 0 0.000 0.000 0.000 0.133 0 1 0 0 0 0
 166 64908.000 134896.000 0 0 0.000 0.000 0.000 0.145 0 1 0 0 0 0
 167 92372.000 51110.000 0 0 0.000 0.000 0.000 0.146 0 1 0 0 0 0
 168 146706.000 83139.000 0 0 0.000 0.000 0.000 0.131 0 1 0 0 0 0
 169 49879.000 100005.000 0 0 0.000 0.000 0.000 0.132 0 1 0 0 0 0
 170 139056.000 68317.000 0 0 0.000 0.000 0.000 0.130 0 1 0 0 0 0
 171 107677.000 150145.000 0 0 0.000 0.000 0.000 0.148 0 1 0 0 0 0
 172 70632.000 58820.000 0 0 0.000 0.000 0.000 0.136 0 1 0 0 0 0
 173 60734.000 67674.000 0 0 0.000 0.000 0.000 0.138 0 1 0 0 0 0
 174 72931.000 144470.000 0 0 0.000 0.000 0.000 0.140 0 1 0 0 0 0
 175 151696.000 105760.000 0 0 0.000 0.000 0.000 0.138 0 1 0 0 0 0
 176 56587.000 128894.000 0 0 0.000 0.000 0.000 0.134 0 1 0 0 0 0
 177 65870.000 60997.000 0 0 0.000 0.000 0.000 0.142 0 1 0 0 0 0
 178 151935.000 96341.000 0 0 0.000 0.000 0.000 0.140 0 1 0 0 0 0
 179 117373.000 149371.000 0 0 0.000 0.000 0.000 0.155 0 1 0 0 0 0
 180 152428.000 96250.000 0 0 0.000 0.000 0.000 0.174 0 1 0 0 0 0
 181 146638.000 124899.000 0 0 0.000 0.000 0.000 0.155 0 1 0 0 0 0
 182 150608.000 116366.000 0 0 0.000 0.000 0.000 0.145 0 1 0 0 0 0
 183 61288.000 136698.000 0 0 0.000 0.000 0.000 0.131 0 1 0 0 0 0
 184 152348.000 109595.000 0 0 0.000 0.000 0.000 0.147 0 1 0 0 0 0
 185 62466.000 62199.000 0 0 0.000 0.000 0.000 0.131 0 1 0 0 0 0
 186 115877.000 151625.000 0 0 0.000 0.000 0.000 0.132 0 1 0 0 0 0
 187 153703.000 105743.000 0 0 0.000 0.000 0.000 0.139 0 1 0 0 0 0
 188 149401.000 122731.000 0 0 0.000 0.000 0.000 0.132 0 1 0 0 0 0
 189 127525.000 53070.000 0 0 0.000 0.000 0.000 0.138 0 1 0 0 0 0
 190 141822.000 65046.000 0 0 0.000 0.000 0.000 0.135 0 1 0 0 0 0
 191 45356.000 98532.000 0 0 0.000 0.000 0.000 0.134 0 1 0 0 0 0
 192 116552.000 47989.000 0 0 0.000 0.000 0.000 0.138 0 1 0 0 0 0
 193 137838.000 140163.000 0 0 0.000 0.000 0.000 0.137 0 1 0 0 0 0
 194 154827.000 105741.000 0 0 0.000 0.000 0.000 0.244 0 1 0 0 0 0
 195 155212.000 105748.000 0 0 0.000 0.000 0.000 0.140 0 1 0 0 0 0
 196 125316.000 150078.000 0 0 0.000 0.000 0.000 0.141 0 1 0 0 0 0
 197 44187.000 109085.000 0 0 0.000 0.000 0.000 0.133 0 1 0 0 0 0
 198 127624.000 50927.000 0 0 0.000 0.000 0.000 0.141 0 1 0 0 0 0
 199 81411.000 46719.000 0 0 0.000 0.000 0.000 0.145 0 1 0 0 0 0
 200 148789.000 71622.000 0 0 0.000 0.000 0.000 0.135 0 1 0 0 0 0
 201 137573.000 57796.000 0 0 0.000 0.000 0.000 0.154 0 1 0 0 0 0
 202 142988.000 63004.000 0 0 0.000 0.000 0.000 0.137 0 1 0 0 0 0
 203 156516.000 106741.000 0 0 0.000 0.000 0.000 0.164 0 1 0 0 0 0
 204 153054.000 122393.000 0 0 0.000 0.000 0.000 0.142 0 1 0 0 0 0
 205 93805.000 42696.000 0 0 0.000 0.000 0.000 0.143 0 1 0 0 0 0
 206 52785.000 133957.000 0 0 0.000 0.000 0.000 0.132 0 1 0 0 0 0
 207 150032.000 129448.000 0 0 0.000 0.000 0.000 0.149 0 1 0 0 0 0
 208 127959.000 151136.000 0 0 0.000 0.000 0.000 0.140 0 1 0 0 0 0
 209 157827.000 106092.000 0 0 0.000 0.000 0.000 0.150 0 1 0 0 0 0
 210 154848.000 120877.000 0 0 0.000 0.000 0.000 0.144 0 1 0 0 0 0
 211 85784.000 157114.000 0 0 0.000 0.000 0.000 0.141 0 1 0 0 0 0
 212 70777.000 151115.000 0 0 0.000 0.000 0.000 0.138 0 1 0 0 0 0
 213 61109.000 144188.000 0 0 0.000 0.000 0.000 0.142 0 1 0 0 0 0
 214 114694.000 157137.000 0 0 0.000 0.000 0.000 0.139 0 1 0 0 0 0
 215 59402.000 57288.000 0 0 0.000 0.000 0.000 0.141 0 1 0 0 0 0
 216 77809.000 154931.000 0 0 0.000 0.000 0.000 0.148 0 1 0 0 0 0
 217 123229.000 45841.000 0 0 0.000 0.000 0.000 0.132 0 1 0 0 0 0
 218 155169.000 121540.000 0 0 0.000 0.000 0.000 0.143 0 1 0 0 0 0
 219 54068.000 61836.000 0 0 0.000 0.000 0.000 0.130 0 1 0 0 0 0
 220 159649.000 105745.000 0 0 52.000 28.000 1456.000 38.157 0 1 7 210 0 0
 221 51451.000 135493.000 0 0 0.000 0.000 0.000 0.131 0 1 0 0 0 0
 222 159743.000 105634.000 0 0 52.000 28.000 1456.000 38.157 0 1 7 210 0 0
 223 53138.000 138173.000 0 0 0.000 0.000 0.000 0.152 0 1 0 0 0 0
 224 109587.000 40612.000 0 0 0.000 0.000 0.000 0.134 0 1 0 0 0 0
 225 160563.000 96327.000 0 0 0.000 0.000 0.000 0.130 0 1 0 0 0 0
 226 160470.000 105542.000 0 0 52.000 28.000 1456.000 38.157 0 1 7 210 0 0
 227 43525.000 77419.000 0 0 0.000 0.000 0.000 0.140 0 1 0 0 0 0
 228 89476.000 40152.000 0 0 0.000 0.000 0.000 0.140 0 1 0 0 0 0
 229 39182.000 93174.000 0 0 0.000 0.000 0.000 0.142 0 1 0 0 0 0
 230 40777.000 116335.000 0 0 0.000 0.000 0.000 0.138 0 1 0 0 0 0
 231 161258.000 105561.000 0 0 52.000 28.000 1456.000 38.157 0 1 7 210 0 0
 232 147184.000 139873.000 0 0 0.000 0.000 0.000 0.139 0 1 0 0 0 0
 233 38157.000 96924.000 0 0 0.000 0.000 0.000 0.135 0 1 0 0 0 0
 234 161936.000 105509.000 0 0 52.000 28.000 1456.000 38.157 0 1 7 210 0 0
 235 161779.000 105522.000 0 0 52.000 28.000 1456.000 38.157 0 1 7 210 0 0
 236 37619.000 96856.000 0 0 0.000 0.000 0.000 0.130 0 1 0 0 0 0
 237 162056.000 92431.000 0 0 0.000 0.000 0.000 0.131 0 1 0 0 0 0
 238 162328.000 105744.000 0 0 52.000 28.000 1456.000 38.157 0 1 7 210 0 0
 239 105919.000 162791.000 0 0 0.000 0.000 0.000 0.143 0 1 0 0 0 0
 240 146376.000 142755.000 0 0 0.000 0.000 0.000 0.145 0 1 0 0 0 0
 241 84211.000 161503.000 0 0 0.000 0.000 0.000 0.143 0 1 0 0 0 0
 242 163284.000 105410.000 0 0 0.000 0.000 0.000 0.137 0 1 0 0 0 0
 243 119428.000 160985.000 0 0 0.000 0.000 0.000 0.146 0 1 0 0 0 0
 244 57159.000 147839.000 0 0 0.000 0.000 0.000 0.155 0 1 0 0 0 0
 245 104688.000 36267.000 0 0 0.000 0.000 0.000 0.130 0 1 0 0 0 0
 246 115905.000 37857.000 0 0 0.000 0.000 0.000 0.225 0 1 0 0 0 0
 247 164492.000 101461.000 0 0 0.000 0.000 0.000 0.148 0 1 0 0 0 0
 248 80657.000 38514.000 0 0 0.000 0.000 0.000 0.137 0 1 0 0 0 0
 249 107442.000 35955.000 0 0 0.000 0.000 0.000 0.134 0 1 0 0 0 0
 250 164803.000 105290.000 0 0 50.000 28.000 1400.000 37.416 0 1 6 210 0 0
 251 164781.000 105363.000 0 0 50.000 28.000 1400.000 37.416 0 1 6 210 0 0
 252 152796.000 138006.000 0 0 0.000 0.000 0.000 0.151 0 1 0 0 0 0
 253 165004.000 105262.000 0 0 50.000 28.000 1400.000 37.416 0 1 6 210 0 0
 254 88661.000 35905.000 0 0 0.000 0.000 0.000 0.142 0 1 0 0 0 0
 255 122432.000 38720.000 0 0 0.000 0.000 0.000 0.133 0 1 0 0 0 0
 256 165241.000 105343.000 0 0 50.000 28.000 1400.000 37.416 0 1 6 210 0 0
 257 40996.000 128797.000 0 0 0.000 0.000 0.000 0.134 0 1 0 0 0 0
 258 165463.000 105212.000 0 0 50.000 26.000 1300.000 36.055 0 1 6 210 0 0
 259 159399.000 71416.000 0 0 0.000 0.000 0.000 0.133 0 1 0 0 0 0
 260 165935.000 105168.000 0 0 50.000 26.000 1300.000 36.055 0 1 6 210 0 0
 261 164912.000 115775.000 0 0 0.000 0.000 0.000 0.133 0 1 0 0 0 0
 262 164870.000 84068.000 0 0 0.000 0.000 0.000 0.131 0 1 0 0 0 0
 263 166742.000 105097.000 0 0 50.000 26.000 1300.000 36.055 0 1 6 210 0 0
 264 167023.000 105178.000 0 0 50.000 26.000 1300.000 36.055 0 1 6 210 0 0
 265 167061.000 105059.000 0 0 50.000 26.000 1300.000 36.055 0 1 6 210 0 0
 266 149269.000 54069.000 0 0 0.000 0.000 0.000 0.149 0 1 0 0 0 0
 267 167387.000 105033.000 0 0 50.000 26.000 1300.000 36.055 0 1 6 210 0 0
 268 155683.000 139571.000 0 0 0.000 0.000 0.000 0.149 0 1 0 0 0 0
 269 139324.000 155982.000 0 0 0.000 0.000 0.000 0.149 0 1 0 0 0 0
 270 80762.000 166145.000 0 0 0.000 0.000 0.000 0.137 0 1 0 0 0 0
 271 168693.000 96014.000 0 0 0.000 0.000 0.000 0.133 0 1 0 0 0 0
 272 168781.000 104911.000 0 0 0.000 0.000 0.000 0.138 0 1 0 0 0 0
 273 53629.000 151384.000 0 0 0.000 0.000 0.000 0.138 0 1 0 0 0 0
 274 150139.000 52499.000 0 0 0.000 0.000 0.000 0.136 0 1 0 0 0 0
 275 169015.000 104987.000 0 0 0.000 0.000 0.000 0.149 0 1 0 0 0 0
 276 169354.000 104956.000 0 0 0.000 0.000 0.000 0.146 0 1 0 0 0 0
 277 169333.000 107548.000 0 0 0.000 0.000 0.000 0.137 0 1 0 0 0 0
 278 104640.000 30561.000 0 0 0.000 0.000 0.000 0.134 0 1 0 0 0 0
 279 169663.000 105095.000 0 0 0.000 0.000 0.000 0.134 0 1 0 0 0 0
 280 170141.000 96539.000 0 0 0.000 0.000 0.000 0.202 0 1 0 0 0 0
 281 168384.000 117207.000 0 0 0.000 0.000 0.000 0.138 0 1 0 0 0 0
 282 170480.000 101582.000 0 0 0.000 0.000 0.000 0.151 0 1 0 0 0 0
 283 128744.000 164695.000 0 0 0.000 0.000 0.000 0.130 0 1 0 0 0 0
 284 170785.000 103940.000 0 0 0.000 0.000 0.000 0.140 0 1 0 0 0 0
 285 76156.000 167159.000 0 0 0.000 0.000 0.000 0.132 0 1 0 0 0 0
 286 72182.000 34642.000 0 0 0.000 0.000 0.000 0.133 0 1 0 0 0 0
 287 132498.000 36909.000 0 0 0.000 0.000 0.000 0.136 0 1 0 0 0 0
 288 159009.000 140403.000 0 0 0.000 0.000 0.000 0.132 0 1 0 0 0 0
 289 96630.000 28451.000 0 0 0.000 0.000 0.000 0.138 0 1 0 0 0 0
 290 166145.000 71913.000 0 0 0.000 0.000 0.000 0.142 0 1 0 0 0 0
 291 172173.000 103090.000 0 0 0.000 0.000 0.000 0.136 0 1 0 0 0 0
 292 172290.000 103260.000 0 0 0.000 0.000 0.000 0.130 0 1 0 0 0 0
 293 172388.000 104444.000 0 0 0.000 0.000 0.000 0.134 0 1 0 0 0 0
 294 172515.000 96693.000 0 0 0.000 0.000 0.000 0.133 0 1 0 0 0 0
 295 172804.000 102957.000 0 0 0.000 0.000 0.000 0.160 0 1 0 0 0 0
 296 135618.000 36152.000 0 0 0.000 0.000 0.000 0.133 0 1 0 0 0 0
 297 173561.000 96744.000 0 0 0.000 0.000 0.000 0.148 0 1 0 0 0 0
 298 110774.000 173179.000 0 0 0.000 0.000 0.000 0.143 0 1 0 0 0 0
 299 173689.000 101373.000 0 0 51.000 24.000 1224.000 34.985 0 1 1 210 0 0
 300 174141.000 103598.000 0 0 0.000 0.000 0.000 0.175 0 1 0 0 0 0
 301 173911.000 101333.000 0 0 50.000 24.000 1200.000 34.641 0 1 1 210 0 0
 302 120596.000 171700.000 0 0 0.000 0.000 0.000 0.143 0 1 0 0 0 0
 303 174450.000 101256.000 0 0 50.000 24.000 1200.000 34.641 0 1 1 210 0 0
 304 174262.000 104815.000 0 0 0.000 0.000 0.000 0.201 0 1 0 0 0 0
 305 31645.000 130782.000 0 0 0.000 0.000 0.000 0.132 0 1 0 0 0 0
 306 174626.000 107329.000 0 0 0.000 0.000 0.000 0.135 0 1 0 0 0 0
 307 87387.000 26112.000 0 0 0.000 0.000 0.000 0.132 0 1 0 0 0 0
 308 175090.000 100818.000 0 0 51.000 24.000 1224.000 34.985 0 1 1 210 0 0
 309 175372.000 101116.000 0 0 51.000 24.000 1224.000 34.985 0 1 1 210 0 0
 310 175796.000 101060.000 0 0 50.000 24.000 1200.000 34.641 0 1 1 210 0 0
 311 175868.000 103535.000 0 0 0.000 0.000 0.000 0.136 0 1 0 0 0 0
 312 175729.000 104257.000 0 0 0.000 0.000 0.000 0.134 0 1 0 0 0 0
 313 169983.000 69769.000 0 0 0.000 0.000 0.000 0.141 0 1 0 0 0 0
 314 176305.000 101003.000 0 0 51.000 24.000 1224.000 34.985 0 1 1 210 0 0
 315 176214.000 104572.000 0 0 0.000 0.000 0.000 0.164 0 1 0 0 0 0
 316 176762.000 100588.000 0 0 51.000 24.000 1224.000 34.985 0 1 1 210 0 0
 317 176685.000 100967.000 0 0 51.000 24.000 1224.000 34.985 0 1 1 210 0 0
 318 69600.000 171015.000 0 0 0.000 0.000 0.000 0.137 0 1 0 0 0 0
 319 177094.000 100926.000 0 0 51.000 24.000 1224.000 34.985 0 1 1 210 0 0
 320 177140.000 104758.000 0 0 0.000 0.000 0.000 0.141 0 1 0 0 0 0
 321 52610.000 161584.000 0 0 0.000 0.000 0.000 0.142 0 1 0 0 0 0
 322 177501.000 100888.000 0 0 50.000 24.000 1200.000 34.641 0 1 1 210 0 0
 323 156912.000 47071.000 0 0 0.000 0.000 0.000 0.142 0 1 0 0 0 0
 324 177796.000 100480.000 0 0 51.000 24.000 1224.000 34.985 0 1 1 210 0 0
 325 177827.000 100855.000 0 0 51.000 24.000 1224.000 34.985 0 1 1 210 0 0
 326 177964.000 104228.000 0 0 50.000 26.000 1300.000 36.055 0 1 4 200 0 0
 327 155627.000 154996.000 0 0 0.000 0.000 0.000 0.133 0 1 0 0 0 0
 328 154811.000 44028.000 0 0 0.000 0.000 0.000 0.132 0 1 0 0 0 0
 329 178626.000 103910.000 0 0 50.000 26.000 1300.000 36.055 0 1 4 200 0 0
 330 168708.000 60783.000 0 0 0.000 0.000 0.000 0.135 0 1 0 0 0 0
 331 179336.000 103833.000 0 0 50.000 26.000 1300.000 36.055 0 1 4 200 0 0
 332 179450.000 104544.000 0 0 50.000 26.000 1300.000 36.055 0 1 4 200 0 0
 333 22774.000 119814.000 0 0 0.000 0.000 0.000 0.130 0 1 0 0 0 0
 334 22915.000 79824.000 0 0 0.000 0.000 0.000 0.134 0 1 0 0 0 0
 335 179634.000 103988.000 0 0 50.000 26.000 1300.000 36.055 0 1 4 200 0 0
 336 180231.000 104594.000 0 0 50.000 26.000 1300.000 36.055 0 1 4 200 0 0
 337 37056.000 50033.000 0 0 0.000 0.000 0.000 0.130 0 1 0 0 0 0
 338 162748.000 49492.000 0 0 0.000 0.000 0.000 0.131 0 1 0 0 0 0
 339 181012.000 103758.000 0 0 0.000 0.000 0.000 0.137 0 1 0 0 0 0
 340 173129.000 64705.000 0 0 0.000 0.000 0.000 0.130 0 1 0 0 0 0
 341 138164.000 27475.000 0 0 0.000 0.000 0.000 0.134 0 1 0 0 0 0
 342 21690.000 73989.000 0 0 0.000 0.000 0.000 0.150 0 1 0 0 0 0
 343 182693.000 103716.000 0 0 0.000 0.000 0.000 0.134 0 1 0 0 0 0
 344 138118.000 174113.000 0 0 0.000 0.000 0.000 0.137 0 1 0 0 0 0
 345 54864.000 170359.000 0 0 0.000 0.000 0.000 0.132 0 1 0 0 0 0
 346 184071.000 103846.000 0 0 0.000 0.000 0.000 0.160 0 1 0 0 0 0
 347 17879.000 81334.000 0 0 0.000 0.000 0.000 0.147 0 1 0 0 0 0
 348 171197.000 55153.000 0 0 0.000 0.000 0.000 0.145 0 1 0 0 0 0
 349 176399.000 136090.000 0 0 0.000 0.000 0.000 0.143 0 1 0 0 0 0
 350 181500.000 122681.000 0 0 0.000 0.000 0.000 0.139 0 1 0 0 0 0
 351 184932.000 104683.000 0 0 0.000 0.000 0.000 0.133 0 1 0 0 0 0
 352 185197.000 104676.000 0 0 0.000 0.000 0.000 0.145 0 1 0 0 0 0
 353 186274.000 103253.000 0 0 0.000 0.000 0.000 0.157 0 1 0 0 0 0
 354 186694.000 104800.000 0 0 50.000 26.000 1300.000 36.055 0 1 5 200 0 0
 355 187026.000 104097.000 0 0 50.000 26.000 1300.000 36.055 0 1 5 200 0 0
 356 187242.000 102813.000 0 0 0.000 0.000 0.000 0.142 0 1 0 0 0 0
 357 187068.000 103121.000 0 0 0.000 0.000 0.000 0.169 0 1 0 0 0 0
 358 187278.000 104503.000 0 0 50.000 26.000 1300.000 36.055 0 1 5 200 0 0
 359 187226.000 104752.000 0 0 50.000 26.000 1300.000 36.055 0 1 5 200 0 0
 360 187701.000 102738.000 0 0 0.000 0.000 0.000 0.151 0 1 0 0 0 0
 361 187836.000 104011.000 0 0 50.000 26.000 1300.000 36.055 0 1 5 200 0 0
 362 188427.000 104394.000 0 0 50.000 26.000 1300.000 36.055 0 1 5 200 0 0
 363 188637.000 104369.000 0 0 50.000 26.000 1300.000 36.055 0 1 3 200 0 0
 364 188825.000 102809.000 0 0 0.000 0.000 0.000 0.187 0 1 0 0 0 0
 365 188900.000 103895.000 0 0 50.000 26.000 1300.000 36.055 0 1 3 200 0 0
 366 189063.000 104316.000 0 0 50.000 26.000 1300.000 36.055 0 1 3 200 0 0
 367 189224.000 103852.000 0 0 50.000 26.000 1300.000 36.055 0 1 3 200 0 0
 368 189168.000 104539.000 0 0 50.000 26.000 1300.000 36.055 0 1 3 200 0 0
 369 189710.000 104220.000 0 0 50.000 26.000 1300.000 36.055 0 1 3 200 0 0
 370 189635.000 102660.000 0 0 0.000 0.000 0.000 0.141 0 1 0 0 0 0
 371 189915.000 102551.000 0 0 0.000 0.000 0.000 0.266 0 1 0 0 0 0
 372 189796.000 104626.000 0 0 50.000 26.000 1300.000 36.055 0 1 3 200 0 0
 373 190177.000 103734.000 0 0 50.000 26.000 1300.000 36.055 0 1 3 200 0 0
 374 190493.000 104095.000 0 0 50.000 26.000 1300.000 36.055 0 1 3 200 0 0
 375 190515.000 104330.000 0 0 50.000 26.000 1300.000 36.055 0 1 3 200 0 0
 376 190909.000 102398.000 0 0 0.000 0.000 0.000 0.143 0 1 0 0 0 0
 377 190802.000 104059.000 0 0 50.000 26.000 1300.000 36.055 0 1 3 200 0 0
 378 191089.000 103989.000 0 0 50.000 26.000 1300.000 36.055 0 1 3 200 0 0
 379 191337.000 102342.000 0 0 0.000 0.000 0.000 0.178 0 1 0 0 0 0
 380 191315.000 104348.000 0 0 50.000 26.000 1300.000 36.055 0 1 3 200 0 0
 381 191527.000 103900.000 0 0 50.000 26.000 1300.000 36.055 0 1 3 200 0 0
 382 191946.000 103821.000 0 0 50.000 26.000 1300.000 36.055 0 1 3 200 0 0
 383 192210.000 103782.000 0 0 50.000 26.000 1300.000 36.055 0 1 3 200 0 0
 384 192605.000 102220.000 0 0 0.000 0.000 0.000 0.168 0 1 0 0 0 0
 385 192677.000 103711.000 0 0 50.000 26.000 1300.000 36.055 0 1 2 210 0 0
 386 192959.000 103686.000 0 0 50.000 24.000 1200.000 34.641 0 1 2 210 0 0
 387 191729.000 119083.000 0 0 0.000 0.000 0.000 200000.000 0 1 0 200 0 0
 388 191074.000 120552.000 0 0 0.000 0.000 0.000 0.134 0 1 0 0 0 0
 389 190955.000 120943.000 0 0 0.000 0.000 0.000 0.130 0 1 0 0 0 0
 390 193382.000 103652.000 0 0 50.000 24.000 1200.000 34.641 0 1 2 210 0 0
 391 194314.000 103582.000 0 0 50.000 24.000 1200.000 34.641 0 1 2 210 0 0
 392 194218.000 103606.000 0 0 50.000 24.000 1200.000 34.641 0 1 2 210 0 0
 393 194275.000 103853.000 0 0 50.000 26.000 1300.000 36.055 0 1 2 210 0 0
 394 192844.000 118044.000 0 0 0.000 0.000 0.000 0.131 0 1 0 0 0 0
 395 194693.000 102024.000 0 0 0.000 0.000 0.000 0.130 0 1 0 0 0 0
 396 194650.000 103549.000 0 0 50.000 24.000 1200.000 34.641 0 1 2 210 0 0
 397 192970.000 118818.000 0 0 0.000 0.000 0.000 0.133 0 1 0 0 0 0
 398 192962.000 118890.000 0 0 0.000 0.000 0.000 0.132 0 1 0 0 0 0;
ProcessEquipmentIDList 1
  "6565" ;
SummarySpec 5
  TESTNO    NDEFECT    DEFDENSITY    NDIE    NDEFDIE  ;
SummaryList 
  1    398    1.455    1    1  ;
EndOfFile;
