FileVersion 1 2;
FileTimestamp 02-08-26 23:28:10;
InspectionStationID "KLA-Tencor" "SFSSP1" "0901-0728-TBI";
SampleType WAFER;
ResultTimestamp 02-08-26 23:18:00;
LotID "2580";
SampleSize 1 200;
DeviceID "None";
SetupID "T2-2580NR" 02-08-26 23:18:00;
StepID "7040";
SampleOrientationMarkType NOTCH;
OrientationMarkLocation DOWN;
DiePitch 200000 200000;
DieOrigin 0 0;
WaferID "17";
Slot 17;
SampleCenterLocation 100000 100000;
ClassLookup 1
  0 "0"  ;
OrientationInstructions "Front";
CoordinatesMirrored No;
InspectionTest 1;
SampleTestPlan 1
  0 0 ;
AreaPerTest 2.73519e+010;
DefectRecordSpec 15 DEFECTID XREL YREL XINDEX YINDEX XSIZE YSIZE DEFECTAREA DSIZE CLASSNUMBER TEST CLUSTERNUMBER ROUGHBINNUMBER FINEBINNUMBER REVIEWSAMPLE ;
DefectList
 1 93612.000 98348.000 0 0 0.000 0.000 0.000 0.141 0 1 0 0 0 0
 2 106007.000 102515.000 0 0 0.000 0.000 0.000 0.168 0 1 0 0 0 0
 3 106197.000 94550.000 0 0 0.000 0.000 0.000 0.133 0 1 0 0 0 0
 4 91656.000 103999.000 0 0 0.000 0.000 0.000 0.137 0 1 0 0 0 0
 5 90510.000 107412.000 0 0 0.000 0.000 0.000 0.136 0 1 0 0 0 0
 6 95290.000 86097.000 0 0 0.000 0.000 0.000 0.143 0 1 0 0 0 0
 7 85642.000 105903.000 0 0 0.000 0.000 0.000 0.136 0 1 0 0 0 0
 8 91195.000 87106.000 0 0 0.000 0.000 0.000 0.133 0 1 0 0 0 0
 9 105882.000 115342.000 0 0 0.000 0.000 0.000 0.136 0 1 0 0 0 0
 10 115681.000 90026.000 0 0 0.000 0.000 0.000 0.141 0 1 0 0 0 0
 11 81015.000 101310.000 0 0 0.000 0.000 0.000 0.155 0 1 0 0 0 0
 12 119161.000 103837.000 0 0 0.000 0.000 0.000 0.135 0 1 0 0 0 0
 13 116604.000 111628.000 0 0 0.000 0.000 0.000 0.130 0 1 0 0 0 0
 14 110145.000 118657.000 0 0 0.000 0.000 0.000 0.131 0 1 0 0 0 0
 15 91059.000 80320.000 0 0 0.000 0.000 0.000 0.144 0 1 0 0 0 0
 16 78001.000 102066.000 0 0 0.000 0.000 0.000 0.135 0 1 0 0 0 0
 17 78742.000 93781.000 0 0 0.000 0.000 0.000 0.141 0 1 0 0 0 0
 18 91181.000 79069.000 0 0 0.000 0.000 0.000 0.133 0 1 0 0 0 0
 19 112300.000 119746.000 0 0 0.000 0.000 0.000 0.138 0 1 0 0 0 0
 20 76367.000 102488.000 0 0 0.000 0.000 0.000 0.172 0 1 0 0 0 0
 21 101788.000 125493.000 0 0 0.000 0.000 0.000 0.286 0 1 0 0 0 0
 22 75779.000 92497.000 0 0 0.000 0.000 0.000 0.135 0 1 0 0 0 0
 23 74124.000 93643.000 0 0 0.000 0.000 0.000 0.145 0 1 0 0 0 0
 24 125388.000 108631.000 0 0 0.000 0.000 0.000 0.133 0 1 0 0 0 0
 25 122721.000 114368.000 0 0 0.000 0.000 0.000 0.162 0 1 0 0 0 0
 26 84179.000 121981.000 0 0 0.000 0.000 0.000 0.138 0 1 0 0 0 0
 27 72736.000 103457.000 0 0 0.000 0.000 0.000 0.156 0 1 0 0 0 0
 28 92325.000 73525.000 0 0 0.000 0.000 0.000 0.156 0 1 0 0 0 0
 29 71691.000 103744.000 0 0 0.000 0.000 0.000 0.130 0 1 0 0 0 0
 30 120220.000 80275.000 0 0 0.000 0.000 0.000 0.155 0 1 0 0 0 0
 31 71176.000 105700.000 0 0 0.000 0.000 0.000 0.157 0 1 0 0 0 0
 32 70877.000 103969.000 0 0 0.000 0.000 0.000 0.156 0 1 0 0 0 0
 33 113832.000 74088.000 0 0 0.000 0.000 0.000 0.154 0 1 0 0 0 0
 34 110774.000 72016.000 0 0 0.000 0.000 0.000 0.150 0 1 0 0 0 0
 35 123054.000 119994.000 0 0 0.000 0.000 0.000 0.130 0 1 0 0 0 0
 36 74628.000 117148.000 0 0 0.000 0.000 0.000 0.132 0 1 0 0 0 0
 37 69405.000 104384.000 0 0 0.000 0.000 0.000 0.133 0 1 0 0 0 0
 38 68940.000 101634.000 0 0 0.000 0.000 0.000 0.130 0 1 0 0 0 0
 39 91253.000 69376.000 0 0 0.000 0.000 0.000 0.133 0 1 0 0 0 0
 40 101076.000 68016.000 0 0 0.000 0.000 0.000 0.131 0 1 0 0 0 0
 41 89787.000 131096.000 0 0 0.000 0.000 0.000 0.132 0 1 0 0 0 0
 42 85118.000 129739.000 0 0 0.000 0.000 0.000 0.150 0 1 0 0 0 0
 43 87449.000 132057.000 0 0 0.000 0.000 0.000 0.157 0 1 0 0 0 0
 44 123300.000 75156.000 0 0 0.000 0.000 0.000 0.132 0 1 0 0 0 0
 45 82948.000 70391.000 0 0 0.000 0.000 0.000 0.133 0 1 0 0 0 0
 46 129079.000 118954.000 0 0 0.000 0.000 0.000 0.141 0 1 0 0 0 0
 47 134632.000 100185.000 0 0 0.000 0.000 0.000 0.143 0 1 0 0 0 0
 48 94682.000 135369.000 0 0 0.000 0.000 0.000 0.130 0 1 0 0 0 0
 49 130915.000 82651.000 0 0 0.000 0.000 0.000 0.131 0 1 0 0 0 0
 50 95477.000 136963.000 0 0 0.000 0.000 0.000 0.130 0 1 0 0 0 0
 51 71173.000 123692.000 0 0 0.000 0.000 0.000 0.154 0 1 0 0 0 0
 52 126084.000 73731.000 0 0 0.000 0.000 0.000 0.131 0 1 0 0 0 0
 53 122550.000 69403.000 0 0 0.000 0.000 0.000 0.133 0 1 0 0 0 0
 54 104886.000 60640.000 0 0 0.000 0.000 0.000 0.143 0 1 0 0 0 0
 55 88189.000 61889.000 0 0 0.000 0.000 0.000 0.147 0 1 0 0 0 0
 56 97239.000 141069.000 0 0 0.000 0.000 0.000 0.153 0 1 0 0 0 0
 57 58235.000 98165.000 0 0 0.000 0.000 0.000 0.134 0 1 0 0 0 0
 58 63094.000 79462.000 0 0 0.000 0.000 0.000 0.134 0 1 0 0 0 0
 59 130363.000 68957.000 0 0 0.000 0.000 0.000 0.133 0 1 0 0 0 0
 60 107315.000 143254.000 0 0 0.000 0.000 0.000 0.134 0 1 0 0 0 0
 61 91918.000 57123.000 0 0 0.000 0.000 0.000 0.141 0 1 0 0 0 0
 62 56104.000 102728.000 0 0 0.000 0.000 0.000 0.293 0 1 0 0 0 0
 63 61904.000 123518.000 0 0 0.000 0.000 0.000 0.131 0 1 0 0 0 0
 64 141415.000 82978.000 0 0 0.000 0.000 0.000 0.134 0 1 0 0 0 0
 65 144554.000 92961.000 0 0 0.000 0.000 0.000 0.143 0 1 0 0 0 0
 66 145239.000 92939.000 0 0 0.000 0.000 0.000 0.163 0 1 0 0 0 0
 67 53916.000 101715.000 0 0 0.000 0.000 0.000 0.130 0 1 0 0 0 0
 68 140646.000 78064.000 0 0 0.000 0.000 0.000 0.136 0 1 0 0 0 0
 69 128384.000 137572.000 0 0 0.000 0.000 0.000 0.132 0 1 0 0 0 0
 70 83238.000 56050.000 0 0 0.000 0.000 0.000 0.130 0 1 0 0 0 0
 71 73408.000 141519.000 0 0 0.000 0.000 0.000 0.137 0 1 0 0 0 0
 72 51772.000 109969.000 0 0 0.000 0.000 0.000 0.140 0 1 0 0 0 0
 73 49775.000 95036.000 0 0 0.000 0.000 0.000 0.132 0 1 0 0 0 0
 74 150332.000 102235.000 0 0 0.000 0.000 0.000 0.135 0 1 0 0 0 0
 75 101322.000 150915.000 0 0 0.000 0.000 0.000 0.135 0 1 0 0 0 0
 76 54912.000 72689.000 0 0 0.000 0.000 0.000 0.139 0 1 0 0 0 0
 77 134129.000 57933.000 0 0 0.000 0.000 0.000 0.133 0 1 0 0 0 0
 78 127656.000 53107.000 0 0 0.000 0.000 0.000 0.140 0 1 0 0 0 0
 79 79841.000 152593.000 0 0 0.000 0.000 0.000 0.138 0 1 0 0 0 0
 80 84020.000 46229.000 0 0 0.000 0.000 0.000 0.130 0 1 0 0 0 0
 81 155830.000 109569.000 0 0 0.000 0.000 0.000 0.137 0 1 0 0 0 0
 82 79057.000 153259.000 0 0 0.000 0.000 0.000 0.135 0 1 0 0 0 0
 83 112371.000 156440.000 0 0 0.000 0.000 0.000 0.139 0 1 0 0 0 0
 84 84618.000 44005.000 0 0 0.000 0.000 0.000 0.135 0 1 0 0 0 0
 85 42371.000 89812.000 0 0 0.000 0.000 0.000 0.133 0 1 0 0 0 0
 86 99803.000 41729.000 0 0 0.000 0.000 0.000 0.130 0 1 0 0 0 0
 87 54484.000 137522.000 0 0 0.000 0.000 0.000 0.131 0 1 0 0 0 0
 88 114553.000 42408.000 0 0 0.000 0.000 0.000 0.131 0 1 0 0 0 0
 89 159408.000 92807.000 0 0 0.000 0.000 0.000 0.148 0 1 0 0 0 0
 90 80360.000 43692.000 0 0 0.000 0.000 0.000 0.202 0 1 0 0 0 0
 91 160303.000 92822.000 0 0 0.000 0.000 0.000 0.152 0 1 0 0 0 0
 92 137492.000 151164.000 0 0 0.000 0.000 0.000 0.135 0 1 0 0 0 0
 93 89547.000 163082.000 0 0 0.000 0.000 0.000 0.156 0 1 0 0 0 0
 94 83683.000 37810.000 0 0 0.000 0.000 0.000 0.216 0 1 0 0 0 0
 95 151875.000 60980.000 0 0 0.000 0.000 0.000 0.213 0 1 0 0 0 0
 96 43959.000 61999.000 0 0 0.000 0.000 0.000 0.142 0 1 0 0 0 0
 97 139117.000 43227.000 0 0 0.000 0.000 0.000 0.131 0 1 0 0 0 0
 98 78006.000 166073.000 0 0 0.000 0.000 0.000 0.208 0 1 0 0 0 0
 99 167074.000 118257.000 0 0 0.000 0.000 0.000 0.158 0 1 0 0 0 0
 100 48660.000 52127.000 0 0 0.000 0.000 0.000 0.208 0 1 0 0 0 0
 101 64507.000 162028.000 0 0 0.000 0.000 0.000 0.131 0 1 0 0 0 0
 102 170788.000 111015.000 0 0 0.000 0.000 0.000 0.137 0 1 0 0 0 0
 103 171985.000 120060.000 0 0 0.000 0.000 0.000 0.136 0 1 0 0 0 0
 104 64021.000 168445.000 0 0 0.000 0.000 0.000 0.131 0 1 0 0 0 0
 105 102776.000 178612.000 0 0 0.000 0.000 0.000 0.221 0 1 0 0 0 0
 106 101785.000 18859.000 0 0 0.000 0.000 0.000 0.147 0 1 0 0 0 0
 107 174084.000 135233.000 0 0 0.000 0.000 0.000 0.138 0 1 0 0 0 0
 108 57518.000 27911.000 0 0 0.000 0.000 0.000 0.227 0 1 0 0 0 0
 109 43454.000 37509.000 0 0 0.000 0.000 0.000 0.255 0 1 0 0 0 0
 110 43572.000 37472.000 0 0 0.000 0.000 0.000 0.233 0 1 0 0 0 0
 111 147235.000 170376.000 0 0 0.000 0.000 0.000 0.132 0 1 0 0 0 0
 112 11693.000 93763.000 0 0 0.000 0.000 0.000 0.150 0 1 0 0 0 0
 113 96979.000 189791.000 0 0 0.000 0.000 0.000 0.149 0 1 0 0 0 0
 114 178141.000 146606.000 0 0 0.000 0.000 0.000 0.132 0 1 0 0 0 0
 115 178373.000 147331.000 0 0 0.000 0.000 0.000 0.149 0 1 0 0 0 0
 116 190912.000 83746.000 0 0 0.000 0.000 0.000 0.222 0 1 0 0 0 0
 117 179019.000 149311.000 0 0 0.000 0.000 0.000 0.130 0 1 0 0 0 0
 118 186867.000 133970.000 0 0 0.000 0.000 0.000 0.226 0 1 0 0 0 0
 119 179582.000 151040.000 0 0 0.000 0.000 0.000 0.146 0 1 0 0 0 0;
ProcessEquipmentIDList 1
  "6565" ;
SummarySpec 5
  TESTNO    NDEFECT    DEFDENSITY    NDIE    NDEFDIE  ;
SummaryList 
  1    119    0.4351    1    1  ;
EndOfFile;
