FileVersion 1 2;
FileTimestamp 02-08-26 23:32:03;
InspectionStationID "KLA-Tencor" "SFSSP1" "0901-0728-TBI";
SampleType WAFER;
ResultTimestamp 02-08-26 23:18:00;
LotID "2580";
SampleSize 1 200;
DeviceID "None";
SetupID "T2-2580NR" 02-08-26 23:18:00;
StepID "7040";
SampleOrientationMarkType NOTCH;
OrientationMarkLocation DOWN;
DiePitch 200000 200000;
DieOrigin 0 0;
WaferID "24";
Slot 24;
SampleCenterLocation 100000 100000;
ClassLookup 1
  0 "0"  ;
OrientationInstructions "Front";
CoordinatesMirrored No;
InspectionTest 1;
SampleTestPlan 1
  0 0 ;
AreaPerTest 2.73516e+010;
DefectRecordSpec 15 DEFECTID XREL YREL XINDEX YINDEX XSIZE YSIZE DEFECTAREA DSIZE CLASSNUMBER TEST CLUSTERNUMBER ROUGHBINNUMBER FINEBINNUMBER REVIEWSAMPLE ;
DefectList
 1 103648.000 100862.000 0 0 0.000 0.000 0.000 0.134 0 1 0 0 0 0
 2 96026.000 96756.000 0 0 0.000 0.000 0.000 0.141 0 1 0 0 0 0
 3 94305.000 106481.000 0 0 0.000 0.000 0.000 0.137 0 1 0 0 0 0
 4 104959.000 108016.000 0 0 0.000 0.000 0.000 0.153 0 1 0 0 0 0
 5 98341.000 110031.000 0 0 0.000 0.000 0.000 0.163 0 1 0 0 0 0
 6 88789.000 98407.000 0 0 0.000 0.000 0.000 0.141 0 1 0 0 0 0
 7 111149.000 100834.000 0 0 0.000 0.000 0.000 0.138 0 1 0 0 0 0
 8 109693.000 107131.000 0 0 0.000 0.000 0.000 0.131 0 1 0 0 0 0
 9 102079.000 112034.000 0 0 0.000 0.000 0.000 0.132 0 1 0 0 0 0
 10 87479.000 96926.000 0 0 0.000 0.000 0.000 0.140 0 1 0 0 0 0
 11 88637.000 107885.000 0 0 0.000 0.000 0.000 0.140 0 1 0 0 0 0
 12 111804.000 90705.000 0 0 0.000 0.000 0.000 0.152 0 1 0 0 0 0
 13 88828.000 110535.000 0 0 0.000 0.000 0.000 0.147 0 1 0 0 0 0
 14 100906.000 84505.000 0 0 0.000 0.000 0.000 0.130 0 1 0 0 0 0
 15 112050.000 109756.000 0 0 0.000 0.000 0.000 0.141 0 1 0 0 0 0
 16 84061.000 100915.000 0 0 0.000 0.000 0.000 0.130 0 1 0 0 0 0
 17 83957.000 101631.000 0 0 0.000 0.000 0.000 0.143 0 1 0 0 0 0
 18 103475.000 83665.000 0 0 0.000 0.000 0.000 0.133 0 1 0 0 0 0
 19 83606.000 105151.000 0 0 0.000 0.000 0.000 0.138 0 1 0 0 0 0
 20 116389.000 94102.000 0 0 0.000 0.000 0.000 0.135 0 1 0 0 0 0
 21 115192.000 108940.000 0 0 0.000 0.000 0.000 0.130 0 1 0 0 0 0
 22 111589.000 85923.000 0 0 0.000 0.000 0.000 0.137 0 1 0 0 0 0
 23 82320.000 105825.000 0 0 0.000 0.000 0.000 0.163 0 1 0 0 0 0
 24 85951.000 87315.000 0 0 0.000 0.000 0.000 0.138 0 1 0 0 0 0
 25 109700.000 83139.000 0 0 0.000 0.000 0.000 0.136 0 1 0 0 0 0
 26 86553.000 85262.000 0 0 0.000 0.000 0.000 0.144 0 1 0 0 0 0
 27 111458.000 83576.000 0 0 0.000 0.000 0.000 0.150 0 1 0 0 0 0
 28 114154.000 85962.000 0 0 0.000 0.000 0.000 0.149 0 1 0 0 0 0
 29 93460.000 119522.000 0 0 0.000 0.000 0.000 0.139 0 1 0 0 0 0
 30 91956.000 118943.000 0 0 0.000 0.000 0.000 0.150 0 1 0 0 0 0
 31 80858.000 91928.000 0 0 0.000 0.000 0.000 0.135 0 1 0 0 0 0
 32 82095.000 89696.000 0 0 0.000 0.000 0.000 0.162 0 1 0 0 0 0
 33 97695.000 79416.000 0 0 0.000 0.000 0.000 0.130 0 1 0 0 0 0
 34 108618.000 118784.000 0 0 0.000 0.000 0.000 0.142 0 1 0 0 0 0
 35 90446.000 118542.000 0 0 0.000 0.000 0.000 0.135 0 1 0 0 0 0
 36 93386.000 79704.000 0 0 0.000 0.000 0.000 0.135 0 1 0 0 0 0
 37 79629.000 108235.000 0 0 0.000 0.000 0.000 0.139 0 1 0 0 0 0
 38 107399.000 79594.000 0 0 0.000 0.000 0.000 0.142 0 1 0 0 0 0
 39 119715.000 91205.000 0 0 0.000 0.000 0.000 0.149 0 1 0 0 0 0
 40 78234.000 96210.000 0 0 0.000 0.000 0.000 0.133 0 1 0 0 0 0
 41 120895.000 94110.000 0 0 0.000 0.000 0.000 0.165 0 1 0 0 0 0
 42 122238.000 97780.000 0 0 0.000 0.000 0.000 0.138 0 1 0 0 0 0
 43 88016.000 119297.000 0 0 0.000 0.000 0.000 0.134 0 1 0 0 0 0
 44 77070.000 96401.000 0 0 0.000 0.000 0.000 0.139 0 1 0 0 0 0
 45 105182.000 122703.000 0 0 0.000 0.000 0.000 0.146 0 1 0 0 0 0
 46 89556.000 121323.000 0 0 0.000 0.000 0.000 0.132 0 1 0 0 0 0
 47 76369.000 104451.000 0 0 0.000 0.000 0.000 0.131 0 1 0 0 0 0
 48 75695.000 99956.000 0 0 0.000 0.000 0.000 0.137 0 1 0 0 0 0
 49 91442.000 76894.000 0 0 0.000 0.000 0.000 0.137 0 1 0 0 0 0
 50 124386.000 103266.000 0 0 0.000 0.000 0.000 0.148 0 1 0 0 0 0
 51 74788.000 104649.000 0 0 0.000 0.000 0.000 0.136 0 1 0 0 0 0
 52 97361.000 74626.000 0 0 0.000 0.000 0.000 0.133 0 1 0 0 0 0
 53 106006.000 74651.000 0 0 0.000 0.000 0.000 0.132 0 1 0 0 0 0
 54 113421.000 77810.000 0 0 0.000 0.000 0.000 0.145 0 1 0 0 0 0
 55 73409.000 101986.000 0 0 0.000 0.000 0.000 0.138 0 1 0 0 0 0
 56 73314.000 104657.000 0 0 0.000 0.000 0.000 0.145 0 1 0 0 0 0
 57 113964.000 77221.000 0 0 0.000 0.000 0.000 0.131 0 1 0 0 0 0
 58 123497.000 86470.000 0 0 0.000 0.000 0.000 0.148 0 1 0 0 0 0
 59 126716.000 95553.000 0 0 0.000 0.000 0.000 0.134 0 1 0 0 0 0
 60 82428.000 78276.000 0 0 0.000 0.000 0.000 0.133 0 1 0 0 0 0
 61 95338.000 72342.000 0 0 0.000 0.000 0.000 0.130 0 1 0 0 0 0
 62 72893.000 90839.000 0 0 0.000 0.000 0.000 0.152 0 1 0 0 0 0
 63 93143.000 128415.000 0 0 0.000 0.000 0.000 0.138 0 1 0 0 0 0
 64 70525.000 101565.000 0 0 0.000 0.000 0.000 0.130 0 1 0 0 0 0
 65 92437.000 71481.000 0 0 0.000 0.000 0.000 0.134 0 1 0 0 0 0
 66 115793.000 124913.000 0 0 0.000 0.000 0.000 0.145 0 1 0 0 0 0
 67 77651.000 119940.000 0 0 0.000 0.000 0.000 0.131 0 1 0 0 0 0
 68 70617.000 90728.000 0 0 0.000 0.000 0.000 0.142 0 1 0 0 0 0
 69 95837.000 130485.000 0 0 0.000 0.000 0.000 0.139 0 1 0 0 0 0
 70 73847.000 116502.000 0 0 0.000 0.000 0.000 0.146 0 1 0 0 0 0
 71 93342.000 69935.000 0 0 0.000 0.000 0.000 0.131 0 1 0 0 0 0
 72 70915.000 111224.000 0 0 0.000 0.000 0.000 0.137 0 1 0 0 0 0
 73 129541.000 91567.000 0 0 0.000 0.000 0.000 0.133 0 1 0 0 0 0
 74 131148.000 99634.000 0 0 0.000 0.000 0.000 0.145 0 1 0 0 0 0
 75 68811.000 93816.000 0 0 0.000 0.000 0.000 0.139 0 1 0 0 0 0
 76 91077.000 69325.000 0 0 0.000 0.000 0.000 0.147 0 1 0 0 0 0
 77 72076.000 115564.000 0 0 0.000 0.000 0.000 0.156 0 1 0 0 0 0
 78 103132.000 68228.000 0 0 0.000 0.000 0.000 0.133 0 1 0 0 0 0
 79 80689.000 73879.000 0 0 0.000 0.000 0.000 0.134 0 1 0 0 0 0
 80 95840.000 132907.000 0 0 0.000 0.000 0.000 0.138 0 1 0 0 0 0
 81 133098.000 100688.000 0 0 0.000 0.000 0.000 0.138 0 1 0 0 0 0
 82 90843.000 67438.000 0 0 0.000 0.000 0.000 0.137 0 1 0 0 0 0
 83 115147.000 69570.000 0 0 0.000 0.000 0.000 0.130 0 1 0 0 0 0
 84 108399.000 133162.000 0 0 0.000 0.000 0.000 0.134 0 1 0 0 0 0
 85 89872.000 133250.000 0 0 0.000 0.000 0.000 0.131 0 1 0 0 0 0
 86 85982.000 67915.000 0 0 0.000 0.000 0.000 0.132 0 1 0 0 0 0
 87 68440.000 84267.000 0 0 0.000 0.000 0.000 0.139 0 1 0 0 0 0
 88 104942.000 134653.000 0 0 0.000 0.000 0.000 0.137 0 1 0 0 0 0
 89 69462.000 117586.000 0 0 0.000 0.000 0.000 0.134 0 1 0 0 0 0
 90 64863.000 96050.000 0 0 0.000 0.000 0.000 0.160 0 1 0 0 0 0
 91 102396.000 64806.000 0 0 0.000 0.000 0.000 0.132 0 1 0 0 0 0
 92 65413.000 110836.000 0 0 0.000 0.000 0.000 0.140 0 1 0 0 0 0
 93 101301.000 136150.000 0 0 0.000 0.000 0.000 0.139 0 1 0 0 0 0
 94 122567.000 71530.000 0 0 0.000 0.000 0.000 0.136 0 1 0 0 0 0
 95 134319.000 88053.000 0 0 0.000 0.000 0.000 0.142 0 1 0 0 0 0
 96 87306.000 134330.000 0 0 0.000 0.000 0.000 0.146 0 1 0 0 0 0
 97 75298.000 72494.000 0 0 0.000 0.000 0.000 0.140 0 1 0 0 0 0
 98 89144.000 64288.000 0 0 0.000 0.000 0.000 0.134 0 1 0 0 0 0
 99 97980.000 137114.000 0 0 0.000 0.000 0.000 0.166 0 1 0 0 0 0
 100 70456.000 123342.000 0 0 0.000 0.000 0.000 0.152 0 1 0 0 0 0
 101 79551.000 131838.000 0 0 0.000 0.000 0.000 0.143 0 1 0 0 0 0
 102 110339.000 63604.000 0 0 0.000 0.000 0.000 0.164 0 1 0 0 0 0
 103 137535.000 102643.000 0 0 0.000 0.000 0.000 0.132 0 1 0 0 0 0
 104 117107.000 133855.000 0 0 0.000 0.000 0.000 0.130 0 1 0 0 0 0
 105 91528.000 62370.000 0 0 0.000 0.000 0.000 0.149 0 1 0 0 0 0
 106 103768.000 61635.000 0 0 0.000 0.000 0.000 0.138 0 1 0 0 0 0
 107 138271.000 104353.000 0 0 0.000 0.000 0.000 0.136 0 1 0 0 0 0
 108 87407.000 62888.000 0 0 0.000 0.000 0.000 0.144 0 1 0 0 0 0
 109 61569.000 91001.000 0 0 0.000 0.000 0.000 0.132 0 1 0 0 0 0
 110 87296.000 137316.000 0 0 0.000 0.000 0.000 0.145 0 1 0 0 0 0
 111 78965.000 66228.000 0 0 0.000 0.000 0.000 0.149 0 1 0 0 0 0
 112 133354.000 121022.000 0 0 0.000 0.000 0.000 0.150 0 1 0 0 0 0
 113 104978.000 60566.000 0 0 0.000 0.000 0.000 0.143 0 1 0 0 0 0
 114 129502.000 126610.000 0 0 0.000 0.000 0.000 0.136 0 1 0 0 0 0
 115 96735.000 139622.000 0 0 0.000 0.000 0.000 0.131 0 1 0 0 0 0
 116 139951.000 99542.000 0 0 0.000 0.000 0.000 0.138 0 1 0 0 0 0
 117 114456.000 137367.000 0 0 0.000 0.000 0.000 0.141 0 1 0 0 0 0
 118 109439.000 60796.000 0 0 0.000 0.000 0.000 0.135 0 1 0 0 0 0
 119 102043.000 140656.000 0 0 0.000 0.000 0.000 0.132 0 1 0 0 0 0
 120 124606.000 132740.000 0 0 0.000 0.000 0.000 0.131 0 1 0 0 0 0
 121 133175.000 75297.000 0 0 0.000 0.000 0.000 0.144 0 1 0 0 0 0
 122 119203.000 136702.000 0 0 0.000 0.000 0.000 0.143 0 1 0 0 0 0
 123 141845.000 95767.000 0 0 0.000 0.000 0.000 0.138 0 1 0 0 0 0
 124 131611.000 71521.000 0 0 0.000 0.000 0.000 0.137 0 1 0 0 0 0
 125 94823.000 142446.000 0 0 0.000 0.000 0.000 0.133 0 1 0 0 0 0
 126 77836.000 62873.000 0 0 0.000 0.000 0.000 0.133 0 1 0 0 0 0
 127 142655.000 103337.000 0 0 0.000 0.000 0.000 0.147 0 1 0 0 0 0
 128 59468.000 84181.000 0 0 0.000 0.000 0.000 0.130 0 1 0 0 0 0
 129 56483.000 102790.000 0 0 0.000 0.000 0.000 0.214 0 1 0 0 0 0
 130 79392.000 61658.000 0 0 0.000 0.000 0.000 0.201 0 1 0 0 0 0
 131 75004.000 135706.000 0 0 0.000 0.000 0.000 0.139 0 1 0 0 0 0
 132 112017.000 58097.000 0 0 0.000 0.000 0.000 0.153 0 1 0 0 0 0
 133 57919.000 113037.000 0 0 0.000 0.000 0.000 0.166 0 1 0 0 0 0
 134 72062.000 66012.000 0 0 0.000 0.000 0.000 0.140 0 1 0 0 0 0
 135 90373.000 144129.000 0 0 0.000 0.000 0.000 0.151 0 1 0 0 0 0
 136 138431.000 123518.000 0 0 0.000 0.000 0.000 0.202 0 1 0 0 0 0
 137 82505.000 142081.000 0 0 0.000 0.000 0.000 0.137 0 1 0 0 0 0
 138 94229.000 54436.000 0 0 0.000 0.000 0.000 0.135 0 1 0 0 0 0
 139 68407.000 134273.000 0 0 0.000 0.000 0.000 0.136 0 1 0 0 0 0
 140 124234.000 139758.000 0 0 0.000 0.000 0.000 0.133 0 1 0 0 0 0
 141 117460.000 56576.000 0 0 0.000 0.000 0.000 0.136 0 1 0 0 0 0
 142 144662.000 114003.000 0 0 0.000 0.000 0.000 0.144 0 1 0 0 0 0
 143 114824.000 144494.000 0 0 0.000 0.000 0.000 0.139 0 1 0 0 0 0
 144 146911.000 104250.000 0 0 0.000 0.000 0.000 0.143 0 1 0 0 0 0
 145 134993.000 67867.000 0 0 0.000 0.000 0.000 0.131 0 1 0 0 0 0
 146 127134.000 139073.000 0 0 0.000 0.000 0.000 0.135 0 1 0 0 0 0
 147 52258.000 95426.000 0 0 0.000 0.000 0.000 0.143 0 1 0 0 0 0
 148 67270.000 64971.000 0 0 0.000 0.000 0.000 0.153 0 1 0 0 0 0
 149 141903.000 77031.000 0 0 0.000 0.000 0.000 0.144 0 1 0 0 0 0
 150 144754.000 83440.000 0 0 0.000 0.000 0.000 0.133 0 1 0 0 0 0
 151 56304.000 120609.000 0 0 0.000 0.000 0.000 0.131 0 1 0 0 0 0
 152 105348.000 51893.000 0 0 0.000 0.000 0.000 0.142 0 1 0 0 0 0
 153 55799.000 120230.000 0 0 0.000 0.000 0.000 0.147 0 1 0 0 0 0
 154 93400.000 51873.000 0 0 0.000 0.000 0.000 0.131 0 1 0 0 0 0
 155 143763.000 78733.000 0 0 0.000 0.000 0.000 0.137 0 1 0 0 0 0
 156 117510.000 54350.000 0 0 0.000 0.000 0.000 0.154 0 1 0 0 0 0
 157 145573.000 117621.000 0 0 0.000 0.000 0.000 0.143 0 1 0 0 0 0
 158 52620.000 113660.000 0 0 0.000 0.000 0.000 0.134 0 1 0 0 0 0
 159 139777.000 128656.000 0 0 0.000 0.000 0.000 0.138 0 1 0 0 0 0
 160 50877.000 93918.000 0 0 0.000 0.000 0.000 0.150 0 1 0 0 0 0
 161 115657.000 53221.000 0 0 0.000 0.000 0.000 0.146 0 1 0 0 0 0
 162 53173.000 116895.000 0 0 0.000 0.000 0.000 0.156 0 1 0 0 0 0
 163 144727.000 78777.000 0 0 0.000 0.000 0.000 0.136 0 1 0 0 0 0
 164 145326.000 79561.000 0 0 0.000 0.000 0.000 0.140 0 1 0 0 0 0
 165 123794.000 56130.000 0 0 0.000 0.000 0.000 0.132 0 1 0 0 0 0
 166 135510.000 135774.000 0 0 0.000 0.000 0.000 0.203 0 1 0 0 0 0
 167 64773.000 62192.000 0 0 0.000 0.000 0.000 0.135 0 1 0 0 0 0
 168 64911.000 62114.000 0 0 0.000 0.000 0.000 0.149 0 1 0 0 0 0
 169 147095.000 120516.000 0 0 0.000 0.000 0.000 0.142 0 1 0 0 0 0
 170 115920.000 50797.000 0 0 0.000 0.000 0.000 0.140 0 1 0 0 0 0
 171 81948.000 51134.000 0 0 0.000 0.000 0.000 0.132 0 1 0 0 0 0
 172 77130.000 51905.000 0 0 0.000 0.000 0.000 0.134 0 1 0 0 0 0
 173 152803.000 96538.000 0 0 0.000 0.000 0.000 0.150 0 1 0 0 0 0
 174 150203.000 118606.000 0 0 0.000 0.000 0.000 0.142 0 1 0 0 0 0
 175 67211.000 56909.000 0 0 0.000 0.000 0.000 0.140 0 1 0 0 0 0
 176 113716.000 47400.000 0 0 0.000 0.000 0.000 0.158 0 1 0 0 0 0
 177 134178.000 142447.000 0 0 0.000 0.000 0.000 0.153 0 1 0 0 0 0
 178 139694.000 137716.000 0 0 0.000 0.000 0.000 0.132 0 1 0 0 0 0
 179 49875.000 123305.000 0 0 0.000 0.000 0.000 0.137 0 1 0 0 0 0
 180 81292.000 46750.000 0 0 0.000 0.000 0.000 0.146 0 1 0 0 0 0
 181 147842.000 129430.000 0 0 0.000 0.000 0.000 0.139 0 1 0 0 0 0
 182 43092.000 103371.000 0 0 0.000 0.000 0.000 0.158 0 1 0 0 0 0
 183 66251.000 53948.000 0 0 0.000 0.000 0.000 0.145 0 1 0 0 0 0
 184 108044.000 43614.000 0 0 0.000 0.000 0.000 0.138 0 1 0 0 0 0
 185 45996.000 120167.000 0 0 0.000 0.000 0.000 0.130 0 1 0 0 0 0
 186 146819.000 133055.000 0 0 0.000 0.000 0.000 0.131 0 1 0 0 0 0
 187 153727.000 120220.000 0 0 0.000 0.000 0.000 0.132 0 1 0 0 0 0
 188 152194.000 124074.000 0 0 0.000 0.000 0.000 0.142 0 1 0 0 0 0
 189 42297.000 94467.000 0 0 0.000 0.000 0.000 0.130 0 1 0 0 0 0
 190 85707.000 43760.000 0 0 0.000 0.000 0.000 0.130 0 1 0 0 0 0
 191 63737.000 53845.000 0 0 0.000 0.000 0.000 0.134 0 1 0 0 0 0
 192 110337.000 157594.000 0 0 0.000 0.000 0.000 0.146 0 1 0 0 0 0
 193 66740.000 148356.000 0 0 0.000 0.000 0.000 0.130 0 1 0 0 0 0
 194 81380.000 44190.000 0 0 0.000 0.000 0.000 0.138 0 1 0 0 0 0
 195 148126.000 133123.000 0 0 0.000 0.000 0.000 0.131 0 1 0 0 0 0
 196 100593.000 40319.000 0 0 0.000 0.000 0.000 0.135 0 1 0 0 0 0
 197 43380.000 120800.000 0 0 0.000 0.000 0.000 0.150 0 1 0 0 0 0
 198 93453.000 40132.000 0 0 0.000 0.000 0.000 0.136 0 1 0 0 0 0
 199 67118.000 49067.000 0 0 0.000 0.000 0.000 0.130 0 1 0 0 0 0
 200 71349.000 153843.000 0 0 0.000 0.000 0.000 0.144 0 1 0 0 0 0
 201 97727.000 161245.000 0 0 0.000 0.000 0.000 0.136 0 1 0 0 0 0
 202 46473.000 131556.000 0 0 0.000 0.000 0.000 0.132 0 1 0 0 0 0
 203 97232.000 162442.000 0 0 0.000 0.000 0.000 0.152 0 1 0 0 0 0
 204 76359.000 158068.000 0 0 0.000 0.000 0.000 0.135 0 1 0 0 0 0
 205 160380.000 119676.000 0 0 0.000 0.000 0.000 0.133 0 1 0 0 0 0
 206 51497.000 57788.000 0 0 0.000 0.000 0.000 0.130 0 1 0 0 0 0
 207 153926.000 63643.000 0 0 0.000 0.000 0.000 0.132 0 1 0 0 0 0
 208 91922.000 34890.000 0 0 0.000 0.000 0.000 0.134 0 1 0 0 0 0
 209 59105.000 151389.000 0 0 0.000 0.000 0.000 0.132 0 1 0 0 0 0
 210 152946.000 60937.000 0 0 0.000 0.000 0.000 0.137 0 1 0 0 0 0
 211 37000.000 122113.000 0 0 0.000 0.000 0.000 0.145 0 1 0 0 0 0
 212 154295.000 61231.000 0 0 0.000 0.000 0.000 0.137 0 1 0 0 0 0
 213 162249.000 125519.000 0 0 0.000 0.000 0.000 0.130 0 1 0 0 0 0
 214 44894.000 139853.000 0 0 0.000 0.000 0.000 0.135 0 1 0 0 0 0
 215 130028.000 160797.000 0 0 0.000 0.000 0.000 0.131 0 1 0 0 0 0
 216 57685.000 46325.000 0 0 0.000 0.000 0.000 0.130 0 1 0 0 0 0
 217 118897.000 165613.000 0 0 0.000 0.000 0.000 0.130 0 1 0 0 0 0
 218 31172.000 91968.000 0 0 0.000 0.000 0.000 0.141 0 1 0 0 0 0
 219 128129.000 36915.000 0 0 0.000 0.000 0.000 0.130 0 1 0 0 0 0
 220 95278.000 168988.000 0 0 0.000 0.000 0.000 0.205 0 1 0 0 0 0
 221 167197.000 83388.000 0 0 0.000 0.000 0.000 0.143 0 1 0 0 0 0
 222 162100.000 130425.000 0 0 0.000 0.000 0.000 0.130 0 1 0 0 0 0
 223 128058.000 35072.000 0 0 0.000 0.000 0.000 0.138 0 1 0 0 0 0
 224 97036.000 170729.000 0 0 0.000 0.000 0.000 0.143 0 1 0 0 0 0
 225 71134.000 165382.000 0 0 0.000 0.000 0.000 0.141 0 1 0 0 0 0
 226 129890.000 165200.000 0 0 0.000 0.000 0.000 0.132 0 1 0 0 0 0
 227 169235.000 119655.000 0 0 0.000 0.000 0.000 0.136 0 1 0 0 0 0
 228 166476.000 127901.000 0 0 0.000 0.000 0.000 0.150 0 1 0 0 0 0
 229 110549.000 171495.000 0 0 0.000 0.000 0.000 0.140 0 1 0 0 0 0
 230 29234.000 78856.000 0 0 0.000 0.000 0.000 0.151 0 1 0 0 0 0
 231 79049.000 28784.000 0 0 0.000 0.000 0.000 0.131 0 1 0 0 0 0
 232 47278.000 46774.000 0 0 0.000 0.000 0.000 0.143 0 1 0 0 0 0
 233 145416.000 159095.000 0 0 0.000 0.000 0.000 0.135 0 1 0 0 0 0
 234 69516.000 168480.000 0 0 0.000 0.000 0.000 0.131 0 1 0 0 0 0
 235 161499.000 143156.000 0 0 0.000 0.000 0.000 0.139 0 1 0 0 0 0
 236 25354.000 112266.000 0 0 0.000 0.000 0.000 0.131 0 1 0 0 0 0
 237 24975.000 111358.000 0 0 0.000 0.000 0.000 0.156 0 1 0 0 0 0
 238 122532.000 27581.000 0 0 0.000 0.000 0.000 0.132 0 1 0 0 0 0
 239 145258.000 39160.000 0 0 0.000 0.000 0.000 0.135 0 1 0 0 0 0
 240 85006.000 25025.000 0 0 0.000 0.000 0.000 0.132 0 1 0 0 0 0
 241 171144.000 71711.000 0 0 0.000 0.000 0.000 0.135 0 1 0 0 0 0
 242 21633.000 91997.000 0 0 0.000 0.000 0.000 0.132 0 1 0 0 0 0
 243 49108.000 160137.000 0 0 0.000 0.000 0.000 0.131 0 1 0 0 0 0
 244 118349.000 179009.000 0 0 0.000 0.000 0.000 0.209 0 1 0 0 0 0
 245 162177.000 46502.000 0 0 0.000 0.000 0.000 0.131 0 1 0 0 0 0
 246 26522.000 60142.000 0 0 0.000 0.000 0.000 0.130 0 1 0 0 0 0
 247 25740.000 56128.000 0 0 0.000 0.000 0.000 0.132 0 1 0 0 0 0
 248 190434.000 82428.000 0 0 0.000 0.000 0.000 0.163 0 1 0 0 0 0;
ProcessEquipmentIDList 1
  "6565" ;
SummarySpec 5
  TESTNO    NDEFECT    DEFDENSITY    NDIE    NDEFDIE  ;
SummaryList 
  1    248    0.9067    1    1  ;
EndOfFile;
