FileVersion 1 2;
FileTimestamp 02-08-26 20:01:32;
InspectionStationID "KLA-Tencor" "SFSSP1" "0901-0728-TBI";
SampleType WAFER;
ResultTimestamp 02-08-26 19:52:31;
LotID "2580";
SampleSize 1 200;
DeviceID "None";
SetupID "T2-2580NR" 02-08-26 19:52:31;
StepID "6930";
SampleOrientationMarkType NOTCH;
OrientationMarkLocation DOWN;
DiePitch 200000 200000;
DieOrigin 0 0;
WaferID "14";
Slot 14;
SampleCenterLocation 100000 100000;
ClassLookup 1
  0 "0"  ;
OrientationInstructions "Front";
CoordinatesMirrored No;
InspectionTest 1;
SampleTestPlan 1
  0 0 ;
AreaPerTest 2.73516e+010;
DefectRecordSpec 15 DEFECTID XREL YREL XINDEX YINDEX XSIZE YSIZE DEFECTAREA DSIZE CLASSNUMBER TEST CLUSTERNUMBER ROUGHBINNUMBER FINEBINNUMBER REVIEWSAMPLE ;
DefectList
 1 100668.000 98839.000 0 0 0.000 0.000 0.000 0.133 0 1 0 0 0 0
 2 104999.000 98546.000 0 0 0.000 0.000 0.000 0.136 0 1 0 0 0 0
 3 103254.000 104449.000 0 0 0.000 0.000 0.000 0.132 0 1 0 0 0 0
 4 101787.000 94262.000 0 0 0.000 0.000 0.000 0.135 0 1 0 0 0 0
 5 101642.000 106761.000 0 0 0.000 0.000 0.000 0.153 0 1 0 0 0 0
 6 104189.000 106014.000 0 0 0.000 0.000 0.000 0.131 0 1 0 0 0 0
 7 92734.000 101146.000 0 0 0.000 0.000 0.000 0.164 0 1 0 0 0 0
 8 99053.000 108024.000 0 0 0.000 0.000 0.000 0.133 0 1 0 0 0 0
 9 94371.000 105941.000 0 0 0.000 0.000 0.000 0.134 0 1 0 0 0 0
 10 106809.000 104078.000 0 0 0.000 0.000 0.000 0.161 0 1 0 0 0 0
 11 92748.000 104571.000 0 0 0.000 0.000 0.000 0.141 0 1 0 0 0 0
 12 100679.000 91758.000 0 0 0.000 0.000 0.000 0.139 0 1 0 0 0 0
 13 100880.000 91323.000 0 0 0.000 0.000 0.000 0.139 0 1 0 0 0 0
 14 105036.000 108751.000 0 0 0.000 0.000 0.000 0.133 0 1 0 0 0 0
 15 92293.000 93476.000 0 0 0.000 0.000 0.000 0.139 0 1 0 0 0 0
 16 92202.000 107423.000 0 0 0.000 0.000 0.000 0.134 0 1 0 0 0 0
 17 89142.000 105856.000 0 0 0.000 0.000 0.000 0.165 0 1 0 0 0 0
 18 89054.000 106339.000 0 0 0.000 0.000 0.000 0.133 0 1 0 0 0 0
 19 111608.000 106547.000 0 0 0.000 0.000 0.000 0.135 0 1 0 0 0 0
 20 114348.000 100256.000 0 0 0.000 0.000 0.000 0.143 0 1 0 0 0 0
 21 94618.000 113921.000 0 0 0.000 0.000 0.000 0.157 0 1 0 0 0 0
 22 86131.000 105409.000 0 0 0.000 0.000 0.000 0.137 0 1 0 0 0 0
 23 113887.000 94118.000 0 0 0.000 0.000 0.000 0.138 0 1 0 0 0 0
 24 110882.000 88989.000 0 0 0.000 0.000 0.000 0.136 0 1 0 0 0 0
 25 90325.000 87256.000 0 0 0.000 0.000 0.000 0.138 0 1 0 0 0 0
 26 89664.000 87169.000 0 0 0.000 0.000 0.000 0.131 0 1 0 0 0 0
 27 84976.000 92016.000 0 0 0.000 0.000 0.000 0.136 0 1 0 0 0 0
 28 93274.000 83984.000 0 0 0.000 0.000 0.000 0.137 0 1 0 0 0 0
 29 100931.000 118359.000 0 0 0.000 0.000 0.000 0.133 0 1 0 0 0 0
 30 111135.000 114949.000 0 0 0.000 0.000 0.000 0.137 0 1 0 0 0 0
 31 87032.000 86876.000 0 0 0.000 0.000 0.000 0.170 0 1 0 0 0 0
 32 112211.000 86416.000 0 0 0.000 0.000 0.000 0.139 0 1 0 0 0 0
 33 94105.000 81805.000 0 0 0.000 0.000 0.000 0.140 0 1 0 0 0 0
 34 119820.000 103013.000 0 0 0.000 0.000 0.000 0.143 0 1 0 0 0 0
 35 115344.000 114140.000 0 0 0.000 0.000 0.000 0.132 0 1 0 0 0 0
 36 83224.000 112855.000 0 0 0.000 0.000 0.000 0.133 0 1 0 0 0 0
 37 79759.000 106148.000 0 0 0.000 0.000 0.000 0.136 0 1 0 0 0 0
 38 99458.000 79182.000 0 0 0.000 0.000 0.000 0.160 0 1 0 0 0 0
 39 121019.000 97747.000 0 0 0.000 0.000 0.000 0.139 0 1 0 0 0 0
 40 121785.000 97919.000 0 0 0.000 0.000 0.000 0.137 0 1 0 0 0 0
 41 79963.000 90672.000 0 0 0.000 0.000 0.000 0.139 0 1 0 0 0 0
 42 113067.000 118083.000 0 0 0.000 0.000 0.000 0.150 0 1 0 0 0 0
 43 118061.000 86561.000 0 0 0.000 0.000 0.000 0.139 0 1 0 0 0 0
 44 102751.000 77452.000 0 0 0.000 0.000 0.000 0.136 0 1 0 0 0 0
 45 77002.000 97658.000 0 0 0.000 0.000 0.000 0.135 0 1 0 0 0 0
 46 103820.000 77335.000 0 0 0.000 0.000 0.000 0.149 0 1 0 0 0 0
 47 102371.000 124428.000 0 0 0.000 0.000 0.000 0.135 0 1 0 0 0 0
 48 75334.000 102299.000 0 0 0.000 0.000 0.000 0.136 0 1 0 0 0 0
 49 78561.000 114373.000 0 0 0.000 0.000 0.000 0.164 0 1 0 0 0 0
 50 90476.000 76039.000 0 0 0.000 0.000 0.000 0.139 0 1 0 0 0 0
 51 83626.000 121103.000 0 0 0.000 0.000 0.000 0.138 0 1 0 0 0 0
 52 122340.000 115029.000 0 0 0.000 0.000 0.000 0.138 0 1 0 0 0 0
 53 106718.000 73737.000 0 0 0.000 0.000 0.000 0.145 0 1 0 0 0 0
 54 90809.000 126807.000 0 0 0.000 0.000 0.000 0.130 0 1 0 0 0 0
 55 114046.000 75843.000 0 0 0.000 0.000 0.000 0.139 0 1 0 0 0 0
 56 78631.000 81116.000 0 0 0.000 0.000 0.000 0.133 0 1 0 0 0 0
 57 114671.000 75837.000 0 0 0.000 0.000 0.000 0.169 0 1 0 0 0 0
 58 119177.000 79198.000 0 0 0.000 0.000 0.000 0.302 0 1 0 0 0 0
 59 124005.000 115744.000 0 0 0.000 0.000 0.000 0.144 0 1 0 0 0 0
 60 117513.000 122980.000 0 0 0.000 0.000 0.000 0.139 0 1 0 0 0 0
 61 129749.000 100751.000 0 0 0.000 0.000 0.000 0.146 0 1 0 0 0 0
 62 98797.000 130378.000 0 0 0.000 0.000 0.000 0.134 0 1 0 0 0 0
 63 130387.000 100052.000 0 0 0.000 0.000 0.000 0.150 0 1 0 0 0 0
 64 98733.000 130851.000 0 0 0.000 0.000 0.000 0.136 0 1 0 0 0 0
 65 74361.000 82187.000 0 0 0.000 0.000 0.000 0.134 0 1 0 0 0 0
 66 124779.000 119700.000 0 0 0.000 0.000 0.000 0.140 0 1 0 0 0 0
 67 100990.000 131699.000 0 0 0.000 0.000 0.000 0.142 0 1 0 0 0 0
 68 129990.000 87444.000 0 0 0.000 0.000 0.000 0.150 0 1 0 0 0 0
 69 104211.000 132652.000 0 0 0.000 0.000 0.000 0.138 0 1 0 0 0 0
 70 78011.000 124920.000 0 0 0.000 0.000 0.000 0.134 0 1 0 0 0 0
 71 91405.000 132410.000 0 0 0.000 0.000 0.000 0.139 0 1 0 0 0 0
 72 78353.000 126174.000 0 0 0.000 0.000 0.000 0.138 0 1 0 0 0 0
 73 67063.000 109204.000 0 0 0.000 0.000 0.000 0.135 0 1 0 0 0 0
 74 66041.000 100548.000 0 0 0.000 0.000 0.000 0.131 0 1 0 0 0 0
 75 129896.000 117014.000 0 0 0.000 0.000 0.000 0.139 0 1 0 0 0 0
 76 95675.000 134459.000 0 0 0.000 0.000 0.000 0.143 0 1 0 0 0 0
 77 69411.000 117849.000 0 0 0.000 0.000 0.000 0.142 0 1 0 0 0 0
 78 111656.000 66430.000 0 0 0.000 0.000 0.000 0.141 0 1 0 0 0 0
 79 113999.000 133106.000 0 0 0.000 0.000 0.000 0.130 0 1 0 0 0 0
 80 108641.000 135823.000 0 0 0.000 0.000 0.000 0.153 0 1 0 0 0 0
 81 108448.000 135827.000 0 0 0.000 0.000 0.000 0.142 0 1 0 0 0 0
 82 73520.000 125640.000 0 0 0.000 0.000 0.000 0.171 0 1 0 0 0 0
 83 78407.000 70183.000 0 0 0.000 0.000 0.000 0.130 0 1 0 0 0 0
 84 136720.000 92394.000 0 0 0.000 0.000 0.000 0.135 0 1 0 0 0 0
 85 62280.000 102052.000 0 0 0.000 0.000 0.000 0.216 0 1 0 0 0 0
 86 135390.000 113254.000 0 0 0.000 0.000 0.000 0.132 0 1 0 0 0 0
 87 135807.000 114070.000 0 0 0.000 0.000 0.000 0.133 0 1 0 0 0 0
 88 138113.000 93968.000 0 0 0.000 0.000 0.000 0.136 0 1 0 0 0 0
 89 127764.000 126941.000 0 0 0.000 0.000 0.000 0.132 0 1 0 0 0 0
 90 72562.000 72507.000 0 0 0.000 0.000 0.000 0.142 0 1 0 0 0 0
 91 61300.000 92728.000 0 0 0.000 0.000 0.000 0.145 0 1 0 0 0 0
 92 111925.000 62443.000 0 0 0.000 0.000 0.000 0.130 0 1 0 0 0 0
 93 136398.000 116276.000 0 0 0.000 0.000 0.000 0.143 0 1 0 0 0 0
 94 107365.000 60949.000 0 0 0.000 0.000 0.000 0.131 0 1 0 0 0 0
 95 82177.000 63945.000 0 0 0.000 0.000 0.000 0.152 0 1 0 0 0 0
 96 137029.000 116272.000 0 0 0.000 0.000 0.000 0.139 0 1 0 0 0 0
 97 139998.000 90029.000 0 0 0.000 0.000 0.000 0.144 0 1 0 0 0 0
 98 100524.000 142021.000 0 0 0.000 0.000 0.000 0.133 0 1 0 0 0 0
 99 71701.000 131446.000 0 0 0.000 0.000 0.000 0.176 0 1 0 0 0 0
 100 70334.000 130175.000 0 0 0.000 0.000 0.000 0.132 0 1 0 0 0 0
 101 58798.000 110118.000 0 0 0.000 0.000 0.000 0.134 0 1 0 0 0 0
 102 57442.000 97777.000 0 0 0.000 0.000 0.000 0.131 0 1 0 0 0 0
 103 62377.000 122629.000 0 0 0.000 0.000 0.000 0.148 0 1 0 0 0 0
 104 140291.000 118705.000 0 0 0.000 0.000 0.000 0.144 0 1 0 0 0 0
 105 94202.000 144391.000 0 0 0.000 0.000 0.000 0.215 0 1 0 0 0 0
 106 65467.000 128302.000 0 0 0.000 0.000 0.000 0.148 0 1 0 0 0 0
 107 72966.000 64479.000 0 0 0.000 0.000 0.000 0.137 0 1 0 0 0 0
 108 74740.000 62420.000 0 0 0.000 0.000 0.000 0.138 0 1 0 0 0 0
 109 53087.000 97092.000 0 0 0.000 0.000 0.000 0.140 0 1 0 0 0 0
 110 135649.000 130916.000 0 0 0.000 0.000 0.000 0.134 0 1 0 0 0 0
 111 135306.000 68904.000 0 0 0.000 0.000 0.000 0.130 0 1 0 0 0 0
 112 53572.000 89212.000 0 0 0.000 0.000 0.000 0.136 0 1 0 0 0 0
 113 71099.000 139349.000 0 0 0.000 0.000 0.000 0.149 0 1 0 0 0 0
 114 59299.000 126944.000 0 0 0.000 0.000 0.000 0.134 0 1 0 0 0 0
 115 56509.000 122430.000 0 0 0.000 0.000 0.000 0.130 0 1 0 0 0 0
 116 82576.000 54520.000 0 0 0.000 0.000 0.000 0.131 0 1 0 0 0 0
 117 97523.000 51264.000 0 0 0.000 0.000 0.000 0.139 0 1 0 0 0 0
 118 120806.000 55952.000 0 0 0.000 0.000 0.000 0.134 0 1 0 0 0 0
 119 145968.000 116988.000 0 0 0.000 0.000 0.000 0.145 0 1 0 0 0 0
 120 95903.000 51224.000 0 0 0.000 0.000 0.000 0.140 0 1 0 0 0 0
 121 54603.000 120594.000 0 0 0.000 0.000 0.000 0.136 0 1 0 0 0 0
 122 90020.000 148993.000 0 0 0.000 0.000 0.000 0.135 0 1 0 0 0 0
 123 99109.000 151653.000 0 0 0.000 0.000 0.000 0.137 0 1 0 0 0 0
 124 74402.000 144834.000 0 0 0.000 0.000 0.000 0.133 0 1 0 0 0 0
 125 48243.000 106977.000 0 0 0.000 0.000 0.000 0.141 0 1 0 0 0 0
 126 93674.000 153819.000 0 0 0.000 0.000 0.000 0.130 0 1 0 0 0 0
 127 113618.000 152794.000 0 0 0.000 0.000 0.000 0.134 0 1 0 0 0 0
 128 152772.000 113469.000 0 0 0.000 0.000 0.000 0.149 0 1 0 0 0 0
 129 114397.000 47705.000 0 0 0.000 0.000 0.000 0.132 0 1 0 0 0 0
 130 147524.000 126675.000 0 0 0.000 0.000 0.000 0.130 0 1 0 0 0 0
 131 101250.000 154946.000 0 0 0.000 0.000 0.000 0.130 0 1 0 0 0 0
 132 65860.000 57201.000 0 0 0.000 0.000 0.000 0.138 0 1 0 0 0 0
 133 124164.000 50771.000 0 0 0.000 0.000 0.000 0.132 0 1 0 0 0 0
 134 68168.000 54740.000 0 0 0.000 0.000 0.000 0.142 0 1 0 0 0 0
 135 55050.000 132850.000 0 0 0.000 0.000 0.000 0.134 0 1 0 0 0 0
 136 51929.000 128375.000 0 0 0.000 0.000 0.000 0.136 0 1 0 0 0 0
 137 102234.000 155872.000 0 0 0.000 0.000 0.000 0.146 0 1 0 0 0 0
 138 132914.000 145264.000 0 0 0.000 0.000 0.000 0.146 0 1 0 0 0 0
 139 147712.000 71076.000 0 0 0.000 0.000 0.000 0.148 0 1 0 0 0 0
 140 45638.000 86061.000 0 0 0.000 0.000 0.000 0.131 0 1 0 0 0 0
 141 43605.000 100601.000 0 0 0.000 0.000 0.000 0.130 0 1 0 0 0 0
 142 43531.000 98916.000 0 0 0.000 0.000 0.000 0.133 0 1 0 0 0 0
 143 127058.000 150213.000 0 0 0.000 0.000 0.000 0.138 0 1 0 0 0 0
 144 70909.000 149231.000 0 0 0.000 0.000 0.000 0.139 0 1 0 0 0 0
 145 63145.000 143758.000 0 0 0.000 0.000 0.000 0.146 0 1 0 0 0 0
 146 42653.000 102492.000 0 0 0.000 0.000 0.000 0.467 0 1 0 0 0 0
 147 97560.000 42744.000 0 0 0.000 0.000 0.000 0.138 0 1 0 0 0 0
 148 115925.000 44480.000 0 0 0.000 0.000 0.000 0.133 0 1 0 0 0 0
 149 42629.000 90608.000 0 0 0.000 0.000 0.000 0.131 0 1 0 0 0 0
 150 142550.000 142440.000 0 0 0.000 0.000 0.000 0.133 0 1 0 0 0 0
 151 104300.000 39675.000 0 0 0.000 0.000 0.000 0.146 0 1 0 0 0 0
 152 52411.000 62150.000 0 0 0.000 0.000 0.000 0.135 0 1 0 0 0 0
 153 133106.000 48080.000 0 0 0.000 0.000 0.000 0.141 0 1 0 0 0 0
 154 38267.000 93621.000 0 0 0.000 0.000 0.000 0.131 0 1 0 0 0 0
 155 37347.000 88332.000 0 0 0.000 0.000 0.000 0.141 0 1 0 0 0 0
 156 136278.000 47295.000 0 0 0.000 0.000 0.000 0.140 0 1 0 0 0 0
 157 163895.000 105930.000 0 0 0.000 0.000 0.000 0.135 0 1 0 0 0 0
 158 125560.000 41116.000 0 0 0.000 0.000 0.000 0.132 0 1 0 0 0 0
 159 98044.000 35737.000 0 0 0.000 0.000 0.000 0.133 0 1 0 0 0 0
 160 164867.000 97128.000 0 0 0.000 0.000 0.000 0.146 0 1 0 0 0 0
 161 151722.000 60723.000 0 0 0.000 0.000 0.000 0.146 0 1 0 0 0 0
 162 88162.000 35647.000 0 0 0.000 0.000 0.000 0.132 0 1 0 0 0 0
 163 34103.000 90473.000 0 0 0.000 0.000 0.000 0.136 0 1 0 0 0 0
 164 60805.000 46295.000 0 0 0.000 0.000 0.000 0.151 0 1 0 0 0 0
 165 145432.000 51554.000 0 0 0.000 0.000 0.000 0.136 0 1 0 0 0 0
 166 38827.000 127181.000 0 0 0.000 0.000 0.000 0.143 0 1 0 0 0 0
 167 120045.000 36255.000 0 0 0.000 0.000 0.000 0.133 0 1 0 0 0 0
 168 111981.000 33859.000 0 0 0.000 0.000 0.000 0.134 0 1 0 0 0 0
 169 74279.000 37662.000 0 0 0.000 0.000 0.000 0.139 0 1 0 0 0 0
 170 39662.000 133162.000 0 0 0.000 0.000 0.000 0.131 0 1 0 0 0 0
 171 29428.000 98838.000 0 0 0.000 0.000 0.000 0.150 0 1 0 0 0 0
 172 33345.000 76678.000 0 0 0.000 0.000 0.000 0.139 0 1 0 0 0 0
 173 43495.000 56980.000 0 0 0.000 0.000 0.000 0.157 0 1 0 0 0 0
 174 29561.000 111088.000 0 0 0.000 0.000 0.000 0.146 0 1 0 0 0 0
 175 83238.000 30890.000 0 0 0.000 0.000 0.000 0.130 0 1 0 0 0 0
 176 38139.000 63803.000 0 0 0.000 0.000 0.000 0.364 0 1 0 0 0 0
 177 63336.000 36361.000 0 0 0.000 0.000 0.000 0.131 0 1 0 0 0 0
 178 25490.000 94444.000 0 0 0.000 0.000 0.000 0.134 0 1 0 0 0 0
 179 25318.000 90098.000 0 0 0.000 0.000 0.000 0.131 0 1 0 0 0 0
 180 30353.000 68734.000 0 0 0.000 0.000 0.000 0.143 0 1 0 0 0 0
 181 34071.000 60952.000 0 0 0.000 0.000 0.000 0.134 0 1 0 0 0 0
 182 87538.000 22051.000 0 0 0.000 0.000 0.000 0.135 0 1 0 0 0 0
 183 154343.000 41780.000 0 0 0.000 0.000 0.000 0.133 0 1 0 0 0 0
 184 76186.000 23759.000 0 0 0.000 0.000 0.000 0.133 0 1 0 0 0 0
 185 151980.000 162604.000 0 0 0.000 0.000 0.000 0.134 0 1 0 0 0 0
 186 21530.000 149567.000 0 0 0.000 0.000 0.000 0.133 0 1 0 0 0 0
 187 180251.000 146659.000 0 0 0.000 0.000 0.000 0.201 0 1 0 0 0 0;
ProcessEquipmentIDList 1
  "6565" ;
SummarySpec 5
  TESTNO    NDEFECT    DEFDENSITY    NDIE    NDEFDIE  ;
SummaryList 
  1    187    0.6837    1    1  ;
EndOfFile;
