FileVersion 1 2;
FileTimestamp 02-08-26 20:29:50;
InspectionStationID "KLA-Tencor" "SFSSP1" "0901-0728-TBI";
SampleType WAFER;
ResultTimestamp 02-08-26 20:23:08;
LotID "2580";
SampleSize 1 200;
DeviceID "None";
SetupID "T2-2580NR" 02-08-26 20:23:08;
StepID "6930";
SampleOrientationMarkType NOTCH;
OrientationMarkLocation DOWN;
DiePitch 200000 200000;
DieOrigin 0 0;
WaferID "11";
Slot 11;
SampleCenterLocation 100000 100000;
ClassLookup 1
  0 "0"  ;
OrientationInstructions "Front";
CoordinatesMirrored No;
InspectionTest 1;
SampleTestPlan 1
  0 0 ;
AreaPerTest 2.73518e+010;
DefectRecordSpec 15 DEFECTID XREL YREL XINDEX YINDEX XSIZE YSIZE DEFECTAREA DSIZE CLASSNUMBER TEST CLUSTERNUMBER ROUGHBINNUMBER FINEBINNUMBER REVIEWSAMPLE ;
DefectList
 1 97532.000 99776.000 0 0 0.000 0.000 0.000 0.137 0 1 0 0 0 0
 2 98561.000 103898.000 0 0 0.000 0.000 0.000 0.160 0 1 0 0 0 0
 3 94115.000 101666.000 0 0 0.000 0.000 0.000 0.203 0 1 0 0 0 0
 4 103038.000 93580.000 0 0 0.000 0.000 0.000 0.150 0 1 0 0 0 0
 5 94344.000 94915.000 0 0 0.000 0.000 0.000 0.147 0 1 0 0 0 0
 6 98092.000 91113.000 0 0 0.000 0.000 0.000 0.148 0 1 0 0 0 0
 7 100226.000 110564.000 0 0 0.000 0.000 0.000 0.143 0 1 0 0 0 0
 8 88749.000 101497.000 0 0 0.000 0.000 0.000 0.132 0 1 0 0 0 0
 9 112303.000 97214.000 0 0 0.000 0.000 0.000 0.201 0 1 0 0 0 0
 10 90168.000 90362.000 0 0 0.000 0.000 0.000 0.162 0 1 0 0 0 0
 11 113362.000 94891.000 0 0 0.000 0.000 0.000 0.134 0 1 0 0 0 0
 12 101157.000 114726.000 0 0 0.000 0.000 0.000 0.131 0 1 0 0 0 0
 13 89205.000 110323.000 0 0 0.000 0.000 0.000 0.138 0 1 0 0 0 0
 14 89905.000 88272.000 0 0 0.000 0.000 0.000 0.159 0 1 0 0 0 0
 15 104274.000 85136.000 0 0 0.000 0.000 0.000 0.232 0 1 0 0 0 0
 16 104741.000 85234.000 0 0 0.000 0.000 0.000 0.135 0 1 0 0 0 0
 17 111330.000 89430.000 0 0 0.000 0.000 0.000 0.135 0 1 0 0 0 0
 18 100501.000 84176.000 0 0 0.000 0.000 0.000 0.227 0 1 0 0 0 0
 19 113796.000 92164.000 0 0 0.000 0.000 0.000 0.145 0 1 0 0 0 0
 20 89916.000 113227.000 0 0 0.000 0.000 0.000 0.162 0 1 0 0 0 0
 21 108150.000 85323.000 0 0 0.000 0.000 0.000 0.202 0 1 0 0 0 0
 22 85820.000 90164.000 0 0 0.000 0.000 0.000 0.133 0 1 0 0 0 0
 23 113555.000 88057.000 0 0 0.000 0.000 0.000 0.138 0 1 0 0 0 0
 24 104332.000 82411.000 0 0 0.000 0.000 0.000 0.130 0 1 0 0 0 0
 25 111847.000 114454.000 0 0 0.000 0.000 0.000 0.141 0 1 0 0 0 0
 26 84488.000 110364.000 0 0 0.000 0.000 0.000 0.155 0 1 0 0 0 0
 27 118756.000 96236.000 0 0 0.000 0.000 0.000 0.154 0 1 0 0 0 0
 28 80630.000 99834.000 0 0 0.000 0.000 0.000 0.136 0 1 0 0 0 0
 29 91061.000 82558.000 0 0 0.000 0.000 0.000 0.206 0 1 0 0 0 0
 30 107125.000 81611.000 0 0 0.000 0.000 0.000 0.141 0 1 0 0 0 0
 31 117213.000 88426.000 0 0 0.000 0.000 0.000 200000.000 0 1 0 200 0 0
 32 109709.000 81649.000 0 0 0.000 0.000 0.000 0.137 0 1 0 0 0 0
 33 117080.000 88453.000 0 0 0.000 0.000 0.000 200000.000 0 1 0 200 0 0
 34 119889.000 92628.000 0 0 0.000 0.000 0.000 0.141 0 1 0 0 0 0
 35 101699.000 121512.000 0 0 0.000 0.000 0.000 0.141 0 1 0 0 0 0
 36 103684.000 79136.000 0 0 0.000 0.000 0.000 0.153 0 1 0 0 0 0
 37 93345.000 120938.000 0 0 0.000 0.000 0.000 0.148 0 1 0 0 0 0
 38 85880.000 116870.000 0 0 0.000 0.000 0.000 0.148 0 1 0 0 0 0
 39 121553.000 95487.000 0 0 0.000 0.000 0.000 0.131 0 1 0 0 0 0
 40 108601.000 120944.000 0 0 0.000 0.000 0.000 0.142 0 1 0 0 0 0
 41 103771.000 122732.000 0 0 0.000 0.000 0.000 0.142 0 1 0 0 0 0
 42 85286.000 82654.000 0 0 0.000 0.000 0.000 0.131 0 1 0 0 0 0
 43 77907.000 106913.000 0 0 0.000 0.000 0.000 0.207 0 1 0 0 0 0
 44 122469.000 93749.000 0 0 0.000 0.000 0.000 0.153 0 1 0 0 0 0
 45 120824.000 111540.000 0 0 0.000 0.000 0.000 0.131 0 1 0 0 0 0
 46 88472.000 78779.000 0 0 0.000 0.000 0.000 0.134 0 1 0 0 0 0
 47 90326.000 122606.000 0 0 0.000 0.000 0.000 0.143 0 1 0 0 0 0
 48 111319.000 78225.000 0 0 0.000 0.000 0.000 0.141 0 1 0 0 0 0
 49 81469.000 83407.000 0 0 0.000 0.000 0.000 0.131 0 1 0 0 0 0
 50 124777.000 105750.000 0 0 0.000 0.000 0.000 0.139 0 1 0 0 0 0
 51 123336.000 110294.000 0 0 0.000 0.000 0.000 0.131 0 1 0 0 0 0
 52 120378.000 115955.000 0 0 0.000 0.000 0.000 0.131 0 1 0 0 0 0
 53 120047.000 116585.000 0 0 0.000 0.000 0.000 0.148 0 1 0 0 0 0
 54 86596.000 123210.000 0 0 0.000 0.000 0.000 0.140 0 1 0 0 0 0
 55 96908.000 126887.000 0 0 0.000 0.000 0.000 0.157 0 1 0 0 0 0
 56 76503.000 86042.000 0 0 0.000 0.000 0.000 0.130 0 1 0 0 0 0
 57 124029.000 113627.000 0 0 0.000 0.000 0.000 0.130 0 1 0 0 0 0
 58 105226.000 127623.000 0 0 0.000 0.000 0.000 0.139 0 1 0 0 0 0
 59 124811.000 113137.000 0 0 0.000 0.000 0.000 0.272 0 1 0 0 0 0
 60 107685.000 127502.000 0 0 0.000 0.000 0.000 0.133 0 1 0 0 0 0
 61 106528.000 72511.000 0 0 0.000 0.000 0.000 0.136 0 1 0 0 0 0
 62 119181.000 121197.000 0 0 0.000 0.000 0.000 0.142 0 1 0 0 0 0
 63 94107.000 71944.000 0 0 0.000 0.000 0.000 0.133 0 1 0 0 0 0
 64 128795.000 102178.000 0 0 0.000 0.000 0.000 0.228 0 1 0 0 0 0
 65 127020.000 89307.000 0 0 0.000 0.000 0.000 0.133 0 1 0 0 0 0
 66 120442.000 120913.000 0 0 0.000 0.000 0.000 0.136 0 1 0 0 0 0
 67 111938.000 127155.000 0 0 0.000 0.000 0.000 0.142 0 1 0 0 0 0
 68 123234.000 118845.000 0 0 0.000 0.000 0.000 0.139 0 1 0 0 0 0
 69 69274.000 100378.000 0 0 0.000 0.000 0.000 0.321 0 1 0 0 0 0
 70 68624.000 97649.000 0 0 0.000 0.000 0.000 0.136 0 1 0 0 0 0
 71 131340.000 94430.000 0 0 0.000 0.000 0.000 0.145 0 1 0 0 0 0
 72 81555.000 126996.000 0 0 0.000 0.000 0.000 0.135 0 1 0 0 0 0
 73 91797.000 68644.000 0 0 0.000 0.000 0.000 0.158 0 1 0 0 0 0
 74 75504.000 122177.000 0 0 0.000 0.000 0.000 0.130 0 1 0 0 0 0
 75 77375.000 124680.000 0 0 0.000 0.000 0.000 0.134 0 1 0 0 0 0
 76 78956.000 74514.000 0 0 0.000 0.000 0.000 0.133 0 1 0 0 0 0
 77 129228.000 116292.000 0 0 0.000 0.000 0.000 0.146 0 1 0 0 0 0
 78 94795.000 67101.000 0 0 0.000 0.000 0.000 0.133 0 1 0 0 0 0
 79 119626.000 73126.000 0 0 0.000 0.000 0.000 0.145 0 1 0 0 0 0
 80 93780.000 67179.000 0 0 0.000 0.000 0.000 0.138 0 1 0 0 0 0
 81 65962.000 109208.000 0 0 0.000 0.000 0.000 0.136 0 1 0 0 0 0
 82 83864.000 68761.000 0 0 0.000 0.000 0.000 0.137 0 1 0 0 0 0
 83 75636.000 127157.000 0 0 0.000 0.000 0.000 0.144 0 1 0 0 0 0
 84 118921.000 131678.000 0 0 0.000 0.000 0.000 0.136 0 1 0 0 0 0
 85 72252.000 76107.000 0 0 0.000 0.000 0.000 0.132 0 1 0 0 0 0
 86 94861.000 63286.000 0 0 0.000 0.000 0.000 0.141 0 1 0 0 0 0
 87 72960.000 74176.000 0 0 0.000 0.000 0.000 0.131 0 1 0 0 0 0
 88 130579.000 77879.000 0 0 0.000 0.000 0.000 0.133 0 1 0 0 0 0
 89 111830.000 63826.000 0 0 0.000 0.000 0.000 0.133 0 1 0 0 0 0
 90 66460.000 81112.000 0 0 0.000 0.000 0.000 0.138 0 1 0 0 0 0
 91 63751.000 84957.000 0 0 0.000 0.000 0.000 0.139 0 1 0 0 0 0
 92 127935.000 72440.000 0 0 0.000 0.000 0.000 0.148 0 1 0 0 0 0
 93 60915.000 91900.000 0 0 0.000 0.000 0.000 0.132 0 1 0 0 0 0
 94 101672.000 140177.000 0 0 0.000 0.000 0.000 0.149 0 1 0 0 0 0
 95 140126.000 98329.000 0 0 0.000 0.000 0.000 0.137 0 1 0 0 0 0
 96 122696.000 133496.000 0 0 0.000 0.000 0.000 0.133 0 1 0 0 0 0
 97 99099.000 59517.000 0 0 0.000 0.000 0.000 0.138 0 1 0 0 0 0
 98 121644.000 65464.000 0 0 0.000 0.000 0.000 0.140 0 1 0 0 0 0
 99 140293.000 92741.000 0 0 0.000 0.000 0.000 0.138 0 1 0 0 0 0
 100 140062.000 87722.000 0 0 0.000 0.000 0.000 0.136 0 1 0 0 0 0
 101 115023.000 60899.000 0 0 0.000 0.000 0.000 0.148 0 1 0 0 0 0
 102 107239.000 142081.000 0 0 0.000 0.000 0.000 0.134 0 1 0 0 0 0
 103 134314.000 125283.000 0 0 0.000 0.000 0.000 0.131 0 1 0 0 0 0
 104 78415.000 63251.000 0 0 0.000 0.000 0.000 0.133 0 1 0 0 0 0
 105 138468.000 80924.000 0 0 0.000 0.000 0.000 0.130 0 1 0 0 0 0
 106 143410.000 100983.000 0 0 0.000 0.000 0.000 0.138 0 1 0 0 0 0
 107 62922.000 123339.000 0 0 0.000 0.000 0.000 0.130 0 1 0 0 0 0
 108 62973.000 76745.000 0 0 0.000 0.000 0.000 0.136 0 1 0 0 0 0
 109 143866.000 103396.000 0 0 0.000 0.000 0.000 0.145 0 1 0 0 0 0
 110 106357.000 56638.000 0 0 0.000 0.000 0.000 0.136 0 1 0 0 0 0
 111 62469.000 123719.000 0 0 0.000 0.000 0.000 0.131 0 1 0 0 0 0
 112 64017.000 74043.000 0 0 0.000 0.000 0.000 0.137 0 1 0 0 0 0
 113 137547.000 75723.000 0 0 0.000 0.000 0.000 0.136 0 1 0 0 0 0
 114 75629.000 138105.000 0 0 0.000 0.000 0.000 0.138 0 1 0 0 0 0
 115 55511.000 91796.000 0 0 0.000 0.000 0.000 0.149 0 1 0 0 0 0
 116 98635.000 145868.000 0 0 0.000 0.000 0.000 0.136 0 1 0 0 0 0
 117 142253.000 118519.000 0 0 0.000 0.000 0.000 0.144 0 1 0 0 0 0
 118 119345.000 57964.000 0 0 0.000 0.000 0.000 0.139 0 1 0 0 0 0
 119 137252.000 72489.000 0 0 0.000 0.000 0.000 0.137 0 1 0 0 0 0
 120 122611.000 141084.000 0 0 0.000 0.000 0.000 0.135 0 1 0 0 0 0
 121 147555.000 97001.000 0 0 0.000 0.000 0.000 0.225 0 1 0 0 0 0
 122 82327.000 144596.000 0 0 0.000 0.000 0.000 0.134 0 1 0 0 0 0
 123 99266.000 52149.000 0 0 0.000 0.000 0.000 0.147 0 1 0 0 0 0
 124 99201.000 148692.000 0 0 0.000 0.000 0.000 0.145 0 1 0 0 0 0
 125 51996.000 92490.000 0 0 0.000 0.000 0.000 0.130 0 1 0 0 0 0
 126 146416.000 85019.000 0 0 0.000 0.000 0.000 0.133 0 1 0 0 0 0
 127 74675.000 58317.000 0 0 0.000 0.000 0.000 0.134 0 1 0 0 0 0
 128 80622.000 55304.000 0 0 0.000 0.000 0.000 0.137 0 1 0 0 0 0
 129 96642.000 51452.000 0 0 0.000 0.000 0.000 0.135 0 1 0 0 0 0
 130 126504.000 58907.000 0 0 0.000 0.000 0.000 0.132 0 1 0 0 0 0
 131 87759.000 52577.000 0 0 0.000 0.000 0.000 0.132 0 1 0 0 0 0
 132 72042.000 59444.000 0 0 0.000 0.000 0.000 0.140 0 1 0 0 0 0
 133 109867.000 148841.000 0 0 0.000 0.000 0.000 0.144 0 1 0 0 0 0
 134 137806.000 68078.000 0 0 0.000 0.000 0.000 0.133 0 1 0 0 0 0
 135 52274.000 114529.000 0 0 0.000 0.000 0.000 0.261 0 1 0 0 0 0
 136 85195.000 147944.000 0 0 0.000 0.000 0.000 0.133 0 1 0 0 0 0
 137 65120.000 136016.000 0 0 0.000 0.000 0.000 0.146 0 1 0 0 0 0
 138 53062.000 119073.000 0 0 0.000 0.000 0.000 0.148 0 1 0 0 0 0
 139 60877.000 132736.000 0 0 0.000 0.000 0.000 0.221 0 1 0 0 0 0
 140 66401.000 61853.000 0 0 0.000 0.000 0.000 0.144 0 1 0 0 0 0
 141 138215.000 65937.000 0 0 0.000 0.000 0.000 0.142 0 1 0 0 0 0
 142 135686.000 137876.000 0 0 0.000 0.000 0.000 0.130 0 1 0 0 0 0
 143 103837.000 48429.000 0 0 0.000 0.000 0.000 0.143 0 1 0 0 0 0
 144 56550.000 129155.000 0 0 0.000 0.000 0.000 0.130 0 1 0 0 0 0
 145 136595.000 62752.000 0 0 0.000 0.000 0.000 0.133 0 1 0 0 0 0
 146 57135.000 130440.000 0 0 0.000 0.000 0.000 0.207 0 1 0 0 0 0
 147 47769.000 94518.000 0 0 0.000 0.000 0.000 0.246 0 1 0 0 0 0
 148 135681.000 138922.000 0 0 0.000 0.000 0.000 0.156 0 1 0 0 0 0
 149 88352.000 151601.000 0 0 0.000 0.000 0.000 0.135 0 1 0 0 0 0
 150 113363.000 49208.000 0 0 0.000 0.000 0.000 0.130 0 1 0 0 0 0
 151 61399.000 64172.000 0 0 0.000 0.000 0.000 0.152 0 1 0 0 0 0
 152 145872.000 126583.000 0 0 0.000 0.000 0.000 0.280 0 1 0 0 0 0
 153 90126.000 48113.000 0 0 0.000 0.000 0.000 0.134 0 1 0 0 0 0
 154 47670.000 108928.000 0 0 0.000 0.000 0.000 0.277 0 1 0 0 0 0
 155 85316.000 151321.000 0 0 0.000 0.000 0.000 0.209 0 1 0 0 0 0
 156 51916.000 123628.000 0 0 0.000 0.000 0.000 0.134 0 1 0 0 0 0
 157 137239.000 139099.000 0 0 0.000 0.000 0.000 0.142 0 1 0 0 0 0
 158 50937.000 78077.000 0 0 0.000 0.000 0.000 0.134 0 1 0 0 0 0
 159 46872.000 112293.000 0 0 0.000 0.000 0.000 0.131 0 1 0 0 0 0
 160 153587.000 112419.000 0 0 0.000 0.000 0.000 0.208 0 1 0 0 0 0
 161 118481.000 47694.000 0 0 0.000 0.000 0.000 0.142 0 1 0 0 0 0
 162 154088.000 85623.000 0 0 0.000 0.000 0.000 0.207 0 1 0 0 0 0
 163 47815.000 78930.000 0 0 0.000 0.000 0.000 0.131 0 1 0 0 0 0
 164 145823.000 134057.000 0 0 0.000 0.000 0.000 0.213 0 1 0 0 0 0
 165 82580.000 45447.000 0 0 0.000 0.000 0.000 0.137 0 1 0 0 0 0
 166 123996.000 47887.000 0 0 0.000 0.000 0.000 0.143 0 1 0 0 0 0
 167 49550.000 72030.000 0 0 0.000 0.000 0.000 0.160 0 1 0 0 0 0
 168 156621.000 113800.000 0 0 0.000 0.000 0.000 0.138 0 1 0 0 0 0
 169 42372.000 108523.000 0 0 0.000 0.000 0.000 0.151 0 1 0 0 0 0
 170 84725.000 43804.000 0 0 0.000 0.000 0.000 0.208 0 1 0 0 0 0
 171 155787.000 82451.000 0 0 0.000 0.000 0.000 0.142 0 1 0 0 0 0
 172 115495.000 43701.000 0 0 0.000 0.000 0.000 0.207 0 1 0 0 0 0
 173 105665.000 159086.000 0 0 0.000 0.000 0.000 0.132 0 1 0 0 0 0
 174 92063.000 40759.000 0 0 0.000 0.000 0.000 0.133 0 1 0 0 0 0
 175 122668.000 44698.000 0 0 0.000 0.000 0.000 0.142 0 1 0 0 0 0
 176 46646.000 72590.000 0 0 0.000 0.000 0.000 0.135 0 1 0 0 0 0
 177 149953.000 66282.000 0 0 0.000 0.000 0.000 0.137 0 1 0 0 0 0
 178 48241.000 67936.000 0 0 0.000 0.000 0.000 0.131 0 1 0 0 0 0
 179 139256.000 52893.000 0 0 0.000 0.000 0.000 0.248 0 1 0 0 0 0
 180 42133.000 122639.000 0 0 0.000 0.000 0.000 0.143 0 1 0 0 0 0
 181 67875.000 153433.000 0 0 0.000 0.000 0.000 0.141 0 1 0 0 0 0
 182 81385.000 159919.000 0 0 0.000 0.000 0.000 0.134 0 1 0 0 0 0
 183 94551.000 37636.000 0 0 0.000 0.000 0.000 0.134 0 1 0 0 0 0
 184 52474.000 58968.000 0 0 0.000 0.000 0.000 0.130 0 1 0 0 0 0
 185 161108.000 85080.000 0 0 0.000 0.000 0.000 0.200 0 1 0 0 0 0
 186 63335.000 151708.000 0 0 0.000 0.000 0.000 0.141 0 1 0 0 0 0
 187 163106.000 103060.000 0 0 0.000 0.000 0.000 0.130 0 1 0 0 0 0
 188 82437.000 38995.000 0 0 0.000 0.000 0.000 0.131 0 1 0 0 0 0
 189 36191.000 94789.000 0 0 0.000 0.000 0.000 0.130 0 1 0 0 0 0
 190 60259.000 49070.000 0 0 0.000 0.000 0.000 0.138 0 1 0 0 0 0
 191 116346.000 163317.000 0 0 0.000 0.000 0.000 0.147 0 1 0 0 0 0
 192 34530.000 99041.000 0 0 0.000 0.000 0.000 0.136 0 1 0 0 0 0
 193 109575.000 35250.000 0 0 0.000 0.000 0.000 0.137 0 1 0 0 0 0
 194 38712.000 127267.000 0 0 0.000 0.000 0.000 0.130 0 1 0 0 0 0
 195 83860.000 34516.000 0 0 0.000 0.000 0.000 0.131 0 1 0 0 0 0
 196 55052.000 49350.000 0 0 0.000 0.000 0.000 0.138 0 1 0 0 0 0
 197 57230.000 47235.000 0 0 0.000 0.000 0.000 0.130 0 1 0 0 0 0
 198 40390.000 66727.000 0 0 0.000 0.000 0.000 0.139 0 1 0 0 0 0
 199 73696.000 163336.000 0 0 0.000 0.000 0.000 0.131 0 1 0 0 0 0
 200 114263.000 33232.000 0 0 0.000 0.000 0.000 0.131 0 1 0 0 0 0
 201 147547.000 150129.000 0 0 0.000 0.000 0.000 0.201 0 1 0 0 0 0
 202 152103.000 53453.000 0 0 0.000 0.000 0.000 0.167 0 1 0 0 0 0
 203 30180.000 92332.000 0 0 0.000 0.000 0.000 0.320 0 1 0 0 0 0
 204 100186.000 170755.000 0 0 0.000 0.000 0.000 0.209 0 1 0 0 0 0
 205 42835.000 141573.000 0 0 0.000 0.000 0.000 0.130 0 1 0 0 0 0
 206 170742.000 92391.000 0 0 0.000 0.000 0.000 0.136 0 1 0 0 0 0
 207 28722.000 98945.000 0 0 0.000 0.000 0.000 0.212 0 1 0 0 0 0
 208 151303.000 50408.000 0 0 0.000 0.000 0.000 0.148 0 1 0 0 0 0
 209 31835.000 122489.000 0 0 0.000 0.000 0.000 0.280 0 1 0 0 0 0
 210 122787.000 32054.000 0 0 0.000 0.000 0.000 0.141 0 1 0 0 0 0
 211 41413.000 57619.000 0 0 0.000 0.000 0.000 0.130 0 1 0 0 0 0
 212 108666.000 172611.000 0 0 0.000 0.000 0.000 0.215 0 1 0 0 0 0
 213 27624.000 109602.000 0 0 0.000 0.000 0.000 0.131 0 1 0 0 0 0
 214 154877.000 149221.000 0 0 0.000 0.000 0.000 0.139 0 1 0 0 0 0
 215 96323.000 174103.000 0 0 0.000 0.000 0.000 0.147 0 1 0 0 0 0
 216 172556.000 114629.000 0 0 0.000 0.000 0.000 0.260 0 1 0 0 0 0
 217 122199.000 29428.000 0 0 0.000 0.000 0.000 0.227 0 1 0 0 0 0
 218 169210.000 127093.000 0 0 0.000 0.000 0.000 0.156 0 1 0 0 0 0
 219 24522.000 98467.000 0 0 0.000 0.000 0.000 0.131 0 1 0 0 0 0
 220 171422.000 125763.000 0 0 0.000 0.000 0.000 0.226 0 1 0 0 0 0
 221 46805.000 45374.000 0 0 0.000 0.000 0.000 0.135 0 1 0 0 0 0
 222 41582.000 47987.000 0 0 0.000 0.000 0.000 0.211 0 1 0 0 0 0
 223 70571.000 26845.000 0 0 0.000 0.000 0.000 0.250 0 1 0 0 0 0
 224 179526.000 78196.000 0 0 0.000 0.000 0.000 0.283 0 1 0 0 0 0
 225 176042.000 134029.000 0 0 0.000 0.000 0.000 0.253 0 1 0 0 0 0
 226 184153.000 106389.000 0 0 0.000 0.000 0.000 0.134 0 1 0 0 0 0
 227 18351.000 123917.000 0 0 0.000 0.000 0.000 0.212 0 1 0 0 0 0
 228 29916.000 51395.000 0 0 0.000 0.000 0.000 0.251 0 1 0 0 0 0
 229 181769.000 128176.000 0 0 0.000 0.000 0.000 0.220 0 1 0 0 0 0
 230 31408.000 155693.000 0 0 0.000 0.000 0.000 0.152 0 1 0 0 0 0
 231 151539.000 28329.000 0 0 0.000 0.000 0.000 0.135 0 1 0 0 0 0
 232 26667.000 49734.000 0 0 0.000 0.000 0.000 0.243 0 1 0 0 0 0
 233 140973.000 179331.000 0 0 0.000 0.000 0.000 0.249 0 1 0 0 0 0
 234 74276.000 187862.000 0 0 0.000 0.000 0.000 0.202 0 1 0 0 0 0
 235 22896.000 150129.000 0 0 0.000 0.000 0.000 0.201 0 1 0 0 0 0
 236 13327.000 131236.000 0 0 0.000 0.000 0.000 0.203 0 1 0 0 0 0
 237 192168.000 92245.000 0 0 0.000 0.000 0.000 0.135 0 1 0 0 0 0
 238 28699.000 159807.000 0 0 0.000 0.000 0.000 0.271 0 1 0 0 0 0
 239 12819.000 64616.000 0 0 0.000 0.000 0.000 0.292 0 1 0 0 0 0;
ProcessEquipmentIDList 1
  "6565" ;
SummarySpec 5
  TESTNO    NDEFECT    DEFDENSITY    NDIE    NDEFDIE  ;
SummaryList 
  1    239    0.8738    1    1  ;
EndOfFile;
