FileVersion 1 2;
FileTimestamp 02-08-26 20:28:42;
InspectionStationID "KLA-Tencor" "SFSSP1" "0901-0728-TBI";
SampleType WAFER;
ResultTimestamp 02-08-26 20:23:08;
LotID "2580";
SampleSize 1 200;
DeviceID "None";
SetupID "T2-2580NR" 02-08-26 20:23:08;
StepID "6930";
SampleOrientationMarkType NOTCH;
OrientationMarkLocation DOWN;
DiePitch 200000 200000;
DieOrigin 0 0;
WaferID "09";
Slot 9;
SampleCenterLocation 100000 100000;
ClassLookup 1
  0 "0"  ;
OrientationInstructions "Front";
CoordinatesMirrored No;
InspectionTest 1;
SampleTestPlan 1
  0 0 ;
AreaPerTest 2.73529e+010;
ClusterClassificationList 1
  1 210 ;
DefectRecordSpec 15 DEFECTID XREL YREL XINDEX YINDEX XSIZE YSIZE DEFECTAREA DSIZE CLASSNUMBER TEST CLUSTERNUMBER ROUGHBINNUMBER FINEBINNUMBER REVIEWSAMPLE ;
DefectList
 1 102400.000 97425.000 0 0 0.000 0.000 0.000 0.201 0 1 0 0 0 0
 2 95289.000 101876.000 0 0 0.000 0.000 0.000 0.144 0 1 0 0 0 0
 3 100381.000 95112.000 0 0 0.000 0.000 0.000 0.142 0 1 0 0 0 0
 4 94033.000 103630.000 0 0 0.000 0.000 0.000 0.134 0 1 0 0 0 0
 5 99794.000 93363.000 0 0 0.000 0.000 0.000 0.155 0 1 0 0 0 0
 6 94089.000 105194.000 0 0 0.000 0.000 0.000 0.260 0 1 0 0 0 0
 7 101751.000 108007.000 0 0 0.000 0.000 0.000 0.131 0 1 0 0 0 0
 8 105454.000 106865.000 0 0 0.000 0.000 0.000 0.217 0 1 0 0 0 0
 9 93631.000 106496.000 0 0 0.000 0.000 0.000 0.130 0 1 0 0 0 0
 10 102108.000 109133.000 0 0 0.000 0.000 0.000 0.138 0 1 0 0 0 0
 11 107490.000 106378.000 0 0 0.000 0.000 0.000 0.141 0 1 0 0 0 0
 12 94675.000 91479.000 0 0 0.000 0.000 0.000 0.138 0 1 0 0 0 0
 13 109710.000 97005.000 0 0 0.000 0.000 0.000 0.130 0 1 0 0 0 0
 14 89454.000 103419.000 0 0 0.000 0.000 0.000 0.131 0 1 0 0 0 0
 15 106377.000 90511.000 0 0 0.000 0.000 0.000 0.130 0 1 0 0 0 0
 16 111370.000 98665.000 0 0 0.000 0.000 0.000 0.158 0 1 0 0 0 0
 17 112000.000 102305.000 0 0 0.000 0.000 0.000 0.218 0 1 0 0 0 0
 18 111954.000 102358.000 0 0 0.000 0.000 0.000 0.213 0 1 0 0 0 0
 19 89104.000 92626.000 0 0 0.000 0.000 0.000 0.132 0 1 0 0 0 0
 20 113460.000 97286.000 0 0 0.000 0.000 0.000 0.161 0 1 0 0 0 0
 21 87717.000 92619.000 0 0 0.000 0.000 0.000 0.151 0 1 0 0 0 0
 22 86619.000 109018.000 0 0 0.000 0.000 0.000 0.141 0 1 0 0 0 0
 23 87566.000 89048.000 0 0 0.000 0.000 0.000 0.228 0 1 0 0 0 0
 24 98248.000 117113.000 0 0 0.000 0.000 0.000 0.276 0 1 0 0 0 0
 25 101503.000 83199.000 0 0 0.000 0.000 0.000 0.130 0 1 0 0 0 0
 26 117588.000 101654.000 0 0 0.000 0.000 0.000 0.140 0 1 0 0 0 0
 27 89818.000 115319.000 0 0 0.000 0.000 0.000 0.141 0 1 0 0 0 0
 28 112013.000 85326.000 0 0 0.000 0.000 0.000 0.134 0 1 0 0 0 0
 29 115129.000 112761.000 0 0 0.000 0.000 0.000 0.152 0 1 0 0 0 0
 30 84397.000 112552.000 0 0 0.000 0.000 0.000 0.133 0 1 0 0 0 0
 31 86429.000 114963.000 0 0 0.000 0.000 0.000 0.132 0 1 0 0 0 0
 32 108510.000 118539.000 0 0 0.000 0.000 0.000 0.137 0 1 0 0 0 0
 33 104046.000 80366.000 0 0 0.000 0.000 0.000 0.130 0 1 0 0 0 0
 34 89033.000 83104.000 0 0 0.000 0.000 0.000 0.141 0 1 0 0 0 0
 35 88925.000 117737.000 0 0 0.000 0.000 0.000 0.133 0 1 0 0 0 0
 36 108755.000 81372.000 0 0 0.000 0.000 0.000 0.217 0 1 0 0 0 0
 37 116159.000 86829.000 0 0 0.000 0.000 0.000 0.131 0 1 0 0 0 0
 38 79121.000 104945.000 0 0 0.000 0.000 0.000 0.140 0 1 0 0 0 0
 39 79265.000 94773.000 0 0 0.000 0.000 0.000 0.141 0 1 0 0 0 0
 40 120429.000 106577.000 0 0 0.000 0.000 0.000 0.133 0 1 0 0 0 0
 41 78337.000 100850.000 0 0 0.000 0.000 0.000 0.141 0 1 0 0 0 0
 42 121673.000 105688.000 0 0 0.000 0.000 0.000 0.281 0 1 0 0 0 0
 43 95443.000 77996.000 0 0 0.000 0.000 0.000 0.131 0 1 0 0 0 0
 44 104780.000 77909.000 0 0 0.000 0.000 0.000 0.226 0 1 0 0 0 0
 45 81957.000 86059.000 0 0 0.000 0.000 0.000 0.137 0 1 0 0 0 0
 46 121495.000 92092.000 0 0 0.000 0.000 0.000 0.147 0 1 0 0 0 0
 47 84773.000 117917.000 0 0 0.000 0.000 0.000 0.132 0 1 0 0 0 0
 48 82403.000 115539.000 0 0 0.000 0.000 0.000 0.145 0 1 0 0 0 0
 49 95472.000 123149.000 0 0 0.000 0.000 0.000 0.130 0 1 0 0 0 0
 50 77573.000 91904.000 0 0 0.000 0.000 0.000 0.137 0 1 0 0 0 0
 51 115522.000 118620.000 0 0 0.000 0.000 0.000 0.131 0 1 0 0 0 0
 52 98721.000 125305.000 0 0 0.000 0.000 0.000 0.144 0 1 0 0 0 0
 53 116134.000 120427.000 0 0 0.000 0.000 0.000 0.139 0 1 0 0 0 0
 54 101143.000 74290.000 0 0 0.000 0.000 0.000 0.139 0 1 0 0 0 0
 55 108491.000 75477.000 0 0 0.000 0.000 0.000 0.149 0 1 0 0 0 0
 56 73781.000 102375.000 0 0 0.000 0.000 0.000 0.136 0 1 0 0 0 0
 57 111646.000 76582.000 0 0 0.000 0.000 0.000 0.201 0 1 0 0 0 0
 58 74624.000 93243.000 0 0 0.000 0.000 0.000 0.147 0 1 0 0 0 0
 59 79433.000 116973.000 0 0 0.000 0.000 0.000 0.168 0 1 0 0 0 0
 60 97050.000 73424.000 0 0 0.000 0.000 0.000 0.131 0 1 0 0 0 0
 61 126358.000 93777.000 0 0 0.000 0.000 0.000 0.158 0 1 0 0 0 0
 62 73121.000 106488.000 0 0 0.000 0.000 0.000 0.131 0 1 0 0 0 0
 63 84008.000 77093.000 0 0 0.000 0.000 0.000 0.136 0 1 0 0 0 0
 64 71841.000 101735.000 0 0 0.000 0.000 0.000 0.140 0 1 0 0 0 0
 65 105434.000 128033.000 0 0 0.000 0.000 0.000 0.143 0 1 0 0 0 0
 66 72078.000 95181.000 0 0 0.000 0.000 0.000 0.139 0 1 0 0 0 0
 67 128618.000 102439.000 0 0 0.000 0.000 0.000 0.130 0 1 0 0 0 0
 68 74867.000 85432.000 0 0 0.000 0.000 0.000 0.142 0 1 0 0 0 0
 69 92197.000 128520.000 0 0 0.000 0.000 0.000 0.151 0 1 0 0 0 0
 70 125108.000 115298.000 0 0 0.000 0.000 0.000 0.285 0 1 0 0 0 0
 71 114515.000 125812.000 0 0 0.000 0.000 0.000 0.149 0 1 0 0 0 0
 72 116866.000 125105.000 0 0 0.000 0.000 0.000 0.131 0 1 0 0 0 0
 73 128007.000 110687.000 0 0 0.000 0.000 0.000 0.274 0 1 0 0 0 0
 74 92695.000 70940.000 0 0 0.000 0.000 0.000 0.211 0 1 0 0 0 0
 75 109032.000 129226.000 0 0 0.000 0.000 0.000 0.142 0 1 0 0 0 0
 76 125595.000 83858.000 0 0 0.000 0.000 0.000 0.154 0 1 0 0 0 0
 77 111465.000 128786.000 0 0 0.000 0.000 0.000 0.140 0 1 0 0 0 0
 78 98631.000 131273.000 0 0 0.000 0.000 0.000 0.131 0 1 0 0 0 0
 79 95349.000 69449.000 0 0 0.000 0.000 0.000 0.211 0 1 0 0 0 0
 80 80128.000 76371.000 0 0 0.000 0.000 0.000 0.139 0 1 0 0 0 0
 81 125308.000 82044.000 0 0 0.000 0.000 0.000 0.151 0 1 0 0 0 0
 82 73288.000 117534.000 0 0 0.000 0.000 0.000 0.142 0 1 0 0 0 0
 83 110339.000 69888.000 0 0 0.000 0.000 0.000 0.216 0 1 0 0 0 0
 84 74368.000 120002.000 0 0 0.000 0.000 0.000 0.205 0 1 0 0 0 0
 85 94554.000 132255.000 0 0 0.000 0.000 0.000 0.151 0 1 0 0 0 0
 86 128850.000 117247.000 0 0 0.000 0.000 0.000 0.202 0 1 0 0 0 0
 87 74570.000 77975.000 0 0 0.000 0.000 0.000 0.133 0 1 0 0 0 0
 88 133025.000 107442.000 0 0 0.000 0.000 0.000 0.141 0 1 0 0 0 0
 89 119853.000 128008.000 0 0 0.000 0.000 0.000 0.153 0 1 0 0 0 0
 90 86566.000 68556.000 0 0 0.000 0.000 0.000 0.141 0 1 0 0 0 0
 91 66479.000 109129.000 0 0 0.000 0.000 0.000 0.148 0 1 0 0 0 0
 92 129750.000 81632.000 0 0 0.000 0.000 0.000 0.130 0 1 0 0 0 0
 93 69299.000 117631.000 0 0 0.000 0.000 0.000 0.138 0 1 0 0 0 0
 94 64838.000 95494.000 0 0 0.000 0.000 0.000 0.144 0 1 0 0 0 0
 95 82779.000 68169.000 0 0 0.000 0.000 0.000 0.135 0 1 0 0 0 0
 96 83997.000 67500.000 0 0 0.000 0.000 0.000 0.144 0 1 0 0 0 0
 97 75566.000 127291.000 0 0 0.000 0.000 0.000 0.135 0 1 0 0 0 0
 98 136925.000 101840.000 0 0 0.000 0.000 0.000 0.138 0 1 0 0 0 0
 99 135364.000 89151.000 0 0 0.000 0.000 0.000 0.135 0 1 0 0 0 0
 100 67557.000 82149.000 0 0 0.000 0.000 0.000 0.258 0 1 0 0 0 0
 101 90327.000 63683.000 0 0 0.000 0.000 0.000 0.147 0 1 0 0 0 0
 102 113265.000 135710.000 0 0 0.000 0.000 0.000 0.131 0 1 0 0 0 0
 103 101043.000 62377.000 0 0 0.000 0.000 0.000 0.166 0 1 0 0 0 0
 104 61960.000 96067.000 0 0 0.000 0.000 0.000 0.135 0 1 0 0 0 0
 105 133376.000 81653.000 0 0 0.000 0.000 0.000 0.206 0 1 0 0 0 0
 106 134448.000 82664.000 0 0 0.000 0.000 0.000 0.163 0 1 0 0 0 0
 107 64375.000 84393.000 0 0 0.000 0.000 0.000 0.144 0 1 0 0 0 0
 108 90756.000 138251.000 0 0 0.000 0.000 0.000 0.147 0 1 0 0 0 0
 109 62314.000 89071.000 0 0 0.000 0.000 0.000 0.149 0 1 0 0 0 0
 110 84614.000 63989.000 0 0 0.000 0.000 0.000 0.138 0 1 0 0 0 0
 111 82998.000 135837.000 0 0 0.000 0.000 0.000 0.132 0 1 0 0 0 0
 112 62852.000 87229.000 0 0 0.000 0.000 0.000 0.132 0 1 0 0 0 0
 113 123921.000 68803.000 0 0 0.000 0.000 0.000 0.131 0 1 0 0 0 0
 114 119398.000 135107.000 0 0 0.000 0.000 0.000 0.132 0 1 0 0 0 0
 115 86261.000 62511.000 0 0 0.000 0.000 0.000 0.134 0 1 0 0 0 0
 116 138668.000 111882.000 0 0 0.000 0.000 0.000 0.140 0 1 0 0 0 0
 117 66573.000 123026.000 0 0 0.000 0.000 0.000 0.131 0 1 0 0 0 0
 118 92949.000 60433.000 0 0 0.000 0.000 0.000 0.137 0 1 0 0 0 0
 119 140074.000 106031.000 0 0 0.000 0.000 0.000 0.147 0 1 0 0 0 0
 120 85917.000 62067.000 0 0 0.000 0.000 0.000 0.133 0 1 0 0 0 0
 121 130027.000 127650.000 0 0 0.000 0.000 0.000 0.217 0 1 0 0 0 0
 122 98718.000 141186.000 0 0 0.000 0.000 0.000 0.131 0 1 0 0 0 0
 123 103430.000 59378.000 0 0 0.000 0.000 0.000 0.142 0 1 0 0 0 0
 124 89268.000 139944.000 0 0 0.000 0.000 0.000 0.145 0 1 0 0 0 0
 125 135165.000 78814.000 0 0 0.000 0.000 0.000 0.130 0 1 0 0 0 0
 126 140253.000 108733.000 0 0 0.000 0.000 0.000 0.151 0 1 0 0 0 0
 127 68115.000 126764.000 0 0 0.000 0.000 0.000 0.145 0 1 0 0 0 0
 128 132568.000 74452.000 0 0 0.000 0.000 0.000 0.133 0 1 0 0 0 0
 129 94715.000 58868.000 0 0 0.000 0.000 0.000 0.154 0 1 0 0 0 0
 130 108113.000 59175.000 0 0 0.000 0.000 0.000 0.137 0 1 0 0 0 0
 131 141247.000 107042.000 0 0 0.000 0.000 0.000 0.139 0 1 0 0 0 0
 132 135219.000 123017.000 0 0 0.000 0.000 0.000 0.134 0 1 0 0 0 0
 133 63097.000 120299.000 0 0 0.000 0.000 0.000 0.147 0 1 0 0 0 0
 134 60600.000 114781.000 0 0 0.000 0.000 0.000 0.144 0 1 0 0 0 0
 135 132784.000 74036.000 0 0 0.000 0.000 0.000 0.132 0 1 0 0 0 0
 136 104145.000 142090.000 0 0 0.000 0.000 0.000 0.140 0 1 0 0 0 0
 137 79001.000 63447.000 0 0 0.000 0.000 0.000 0.134 0 1 0 0 0 0
 138 122419.000 136557.000 0 0 0.000 0.000 0.000 0.147 0 1 0 0 0 0
 139 59264.000 87134.000 0 0 0.000 0.000 0.000 0.143 0 1 0 0 0 0
 140 129093.000 68762.000 0 0 0.000 0.000 0.000 0.131 0 1 0 0 0 0
 141 135272.000 75927.000 0 0 0.000 0.000 0.000 0.134 0 1 0 0 0 0
 142 98997.000 143192.000 0 0 0.000 0.000 0.000 0.143 0 1 0 0 0 0
 143 141777.000 89558.000 0 0 0.000 0.000 0.000 0.135 0 1 0 0 0 0
 144 74002.000 65718.000 0 0 0.000 0.000 0.000 0.266 0 1 0 0 0 0
 145 142856.000 96294.000 0 0 0.000 0.000 0.000 0.149 0 1 0 0 0 0
 146 134446.000 126424.000 0 0 0.000 0.000 0.000 0.447 0 1 0 0 0 0
 147 60500.000 118533.000 0 0 0.000 0.000 0.000 0.162 0 1 0 0 0 0
 148 116745.000 59995.000 0 0 0.000 0.000 0.000 0.146 0 1 0 0 0 0
 149 126948.000 134751.000 0 0 0.000 0.000 0.000 0.143 0 1 0 0 0 0
 150 112972.000 58465.000 0 0 0.000 0.000 0.000 0.130 0 1 0 0 0 0
 151 61881.000 77960.000 0 0 0.000 0.000 0.000 0.146 0 1 0 0 0 0
 152 77073.000 138145.000 0 0 0.000 0.000 0.000 0.134 0 1 0 0 0 0
 153 142293.000 87330.000 0 0 0.000 0.000 0.000 0.207 0 1 0 0 0 0
 154 59805.000 118753.000 0 0 0.000 0.000 0.000 0.131 0 1 0 0 0 0
 155 139175.000 79354.000 0 0 0.000 0.000 0.000 0.215 0 1 0 0 0 0
 156 65934.000 129444.000 0 0 0.000 0.000 0.000 0.189 0 1 0 0 0 0
 157 76484.000 138746.000 0 0 0.000 0.000 0.000 0.148 0 1 0 0 0 0
 158 65469.000 129520.000 0 0 0.000 0.000 0.000 0.157 0 1 0 0 0 0
 159 145657.000 99927.000 0 0 0.000 0.000 0.000 0.256 0 1 0 0 0 0
 160 59984.000 122320.000 0 0 0.000 0.000 0.000 0.139 0 1 0 0 0 0
 161 145553.000 104958.000 0 0 0.000 0.000 0.000 0.130 0 1 0 0 0 0
 162 145797.000 96357.000 0 0 0.000 0.000 0.000 0.135 0 1 0 0 0 0
 163 145259.000 109008.000 0 0 0.000 0.000 0.000 0.142 0 1 0 0 0 0
 164 64745.000 130017.000 0 0 0.000 0.000 0.000 0.242 0 1 0 0 0 0
 165 64258.000 129813.000 0 0 0.000 0.000 0.000 0.315 0 1 0 0 0 0
 166 53820.000 95427.000 0 0 0.000 0.000 0.000 0.143 0 1 0 0 0 0
 167 109477.000 54818.000 0 0 0.000 0.000 0.000 0.219 0 1 0 0 0 0
 168 138696.000 74440.000 0 0 0.000 0.000 0.000 0.231 0 1 0 0 0 0
 169 73690.000 61765.000 0 0 0.000 0.000 0.000 0.134 0 1 0 0 0 0
 170 129618.000 64166.000 0 0 0.000 0.000 0.000 0.139 0 1 0 0 0 0
 171 109791.000 145792.000 0 0 0.000 0.000 0.000 0.131 0 1 0 0 0 0
 172 88300.000 145370.000 0 0 0.000 0.000 0.000 0.350 0 1 0 0 0 0
 173 66459.000 67628.000 0 0 0.000 0.000 0.000 0.159 0 1 0 0 0 0
 174 130750.000 135683.000 0 0 0.000 0.000 0.000 0.130 0 1 0 0 0 0
 175 54168.000 87945.000 0 0 0.000 0.000 0.000 0.138 0 1 0 0 0 0
 176 66320.000 134019.000 0 0 0.000 0.000 0.000 0.145 0 1 0 0 0 0
 177 59226.000 75550.000 0 0 0.000 0.000 0.000 0.131 0 1 0 0 0 0
 178 51922.000 97887.000 0 0 0.000 0.000 0.000 0.131 0 1 0 0 0 0
 179 109911.000 53167.000 0 0 0.000 0.000 0.000 0.130 0 1 0 0 0 0
 180 148002.000 103105.000 0 0 0.000 0.000 0.000 0.132 0 1 0 0 0 0
 181 131353.000 137081.000 0 0 0.000 0.000 0.000 0.130 0 1 0 0 0 0
 182 141222.000 125716.000 0 0 0.000 0.000 0.000 0.132 0 1 0 0 0 0
 183 51563.000 95491.000 0 0 0.000 0.000 0.000 0.203 0 1 0 0 0 0
 184 55964.000 79275.000 0 0 0.000 0.000 0.000 0.137 0 1 0 0 0 0
 185 58813.000 74238.000 0 0 0.000 0.000 0.000 0.134 0 1 0 0 0 0
 186 135980.000 133133.000 0 0 0.000 0.000 0.000 0.131 0 1 0 0 0 0
 187 89232.000 148068.000 0 0 0.000 0.000 0.000 0.131 0 1 0 0 0 0
 188 61376.000 69870.000 0 0 0.000 0.000 0.000 0.130 0 1 0 0 0 0
 189 147450.000 115231.000 0 0 0.000 0.000 0.000 0.135 0 1 0 0 0 0
 190 141623.000 127443.000 0 0 0.000 0.000 0.000 0.246 0 1 0 0 0 0
 191 92448.000 50805.000 0 0 0.000 0.000 0.000 0.143 0 1 0 0 0 0
 192 99875.000 50071.000 0 0 0.000 0.000 0.000 0.136 0 1 0 0 0 0
 193 66012.000 137638.000 0 0 0.000 0.000 0.000 0.139 0 1 0 0 0 0
 194 139942.000 131136.000 0 0 0.000 0.000 0.000 0.132 0 1 0 0 0 0
 195 135500.000 136330.000 0 0 0.000 0.000 0.000 0.135 0 1 0 0 0 0
 196 131660.000 139609.000 0 0 0.000 0.000 0.000 0.133 0 1 0 0 0 0
 197 86538.000 149054.000 0 0 0.000 0.000 0.000 0.137 0 1 0 0 0 0
 198 58538.000 71218.000 0 0 0.000 0.000 0.000 0.148 0 1 0 0 0 0
 199 149856.000 109925.000 0 0 0.000 0.000 0.000 0.139 0 1 0 0 0 0
 200 149629.000 88392.000 0 0 0.000 0.000 0.000 0.131 0 1 0 0 0 0
 201 147037.000 79787.000 0 0 0.000 0.000 0.000 0.140 0 1 0 0 0 0
 202 77775.000 146577.000 0 0 0.000 0.000 0.000 0.139 0 1 0 0 0 0
 203 55329.000 125543.000 0 0 0.000 0.000 0.000 0.143 0 1 0 0 0 0
 204 152045.000 98790.000 0 0 0.000 0.000 0.000 0.131 0 1 0 0 0 0
 205 90832.000 151795.000 0 0 0.000 0.000 0.000 0.137 0 1 0 0 0 0
 206 126744.000 145574.000 0 0 0.000 0.000 0.000 0.143 0 1 0 0 0 0
 207 114686.000 150741.000 0 0 0.000 0.000 0.000 0.131 0 1 0 0 0 0
 208 128490.000 144934.000 0 0 0.000 0.000 0.000 0.131 0 1 0 0 0 0
 209 52402.000 123979.000 0 0 0.000 0.000 0.000 0.134 0 1 0 0 0 0
 210 124103.000 52729.000 0 0 0.000 0.000 0.000 0.135 0 1 0 0 0 0
 211 108785.000 153130.000 0 0 0.000 0.000 0.000 0.137 0 1 0 0 0 0
 212 47570.000 111580.000 0 0 0.000 0.000 0.000 0.142 0 1 0 0 0 0
 213 47459.000 87631.000 0 0 0.000 0.000 0.000 0.163 0 1 0 0 0 0
 214 128778.000 146044.000 0 0 0.000 0.000 0.000 0.131 0 1 0 0 0 0
 215 92277.000 46596.000 0 0 0.000 0.000 0.000 0.165 0 1 0 0 0 0
 216 104913.000 45833.000 0 0 0.000 0.000 0.000 0.151 0 1 0 0 0 0
 217 59226.000 136703.000 0 0 0.000 0.000 0.000 0.137 0 1 0 0 0 0
 218 139484.000 137966.000 0 0 0.000 0.000 0.000 0.266 0 1 0 0 0 0
 219 77479.000 49906.000 0 0 0.000 0.000 0.000 0.139 0 1 0 0 0 0
 220 109557.000 45876.000 0 0 0.000 0.000 0.000 0.131 0 1 0 0 0 0
 221 48861.000 78755.000 0 0 0.000 0.000 0.000 0.165 0 1 0 0 0 0
 222 48199.000 79538.000 0 0 0.000 0.000 0.000 0.138 0 1 0 0 0 0
 223 52458.000 70882.000 0 0 0.000 0.000 0.000 0.150 0 1 0 0 0 0
 224 145992.000 131976.000 0 0 0.000 0.000 0.000 0.131 0 1 0 0 0 0
 225 60962.000 140559.000 0 0 0.000 0.000 0.000 0.131 0 1 0 0 0 0
 226 44372.000 107289.000 0 0 0.000 0.000 0.000 0.130 0 1 0 0 0 0
 227 84056.000 46385.000 0 0 0.000 0.000 0.000 0.146 0 1 0 0 0 0
 228 96828.000 156404.000 0 0 0.000 0.000 0.000 0.137 0 1 0 0 0 0
 229 48425.000 77500.000 0 0 0.000 0.000 0.000 0.132 0 1 0 0 0 0
 230 49654.000 72857.000 0 0 0.000 0.000 0.000 0.148 0 1 0 0 0 0
 231 61988.000 57230.000 0 0 0.000 0.000 0.000 0.141 0 1 0 0 0 0
 232 58602.000 140229.000 0 0 0.000 0.000 0.000 0.130 0 1 0 0 0 0
 233 48611.000 126165.000 0 0 0.000 0.000 0.000 0.141 0 1 0 0 0 0
 234 64351.000 54745.000 0 0 0.000 0.000 0.000 0.135 0 1 0 0 0 0
 235 43888.000 114792.000 0 0 0.000 0.000 0.000 0.136 0 1 0 0 0 0
 236 56290.000 62152.000 0 0 0.000 0.000 0.000 0.226 0 1 0 0 0 0
 237 139080.000 143292.000 0 0 0.000 0.000 0.000 0.136 0 1 0 0 0 0
 238 46739.000 124940.000 0 0 0.000 0.000 0.000 0.134 0 1 0 0 0 0
 239 43496.000 116012.000 0 0 0.000 0.000 0.000 0.151 0 1 0 0 0 0
 240 158776.000 107812.000 0 0 0.000 0.000 0.000 0.144 0 1 0 0 0 0
 241 41509.000 90705.000 0 0 0.000 0.000 0.000 0.133 0 1 0 0 0 0
 242 64047.000 53070.000 0 0 0.000 0.000 0.000 0.164 0 1 0 0 0 0
 243 67781.000 150101.000 0 0 0.000 0.000 0.000 0.130 0 1 0 0 0 0
 244 60580.000 55787.000 0 0 0.000 0.000 0.000 0.158 0 1 0 0 0 0
 245 81968.000 43559.000 0 0 0.000 0.000 0.000 0.133 0 1 0 0 0 0
 246 66538.000 50790.000 0 0 0.000 0.000 0.000 0.131 0 1 0 0 0 0
 247 91861.000 159819.000 0 0 0.000 0.000 0.000 0.156 0 1 0 0 0 0
 248 39957.000 95902.000 0 0 0.000 0.000 0.000 0.158 0 1 0 0 0 0
 249 103877.000 40214.000 0 0 0.000 0.000 0.000 0.135 0 1 0 0 0 0
 250 149343.000 65447.000 0 0 0.000 0.000 0.000 0.152 0 1 0 0 0 0
 251 65055.000 149828.000 0 0 0.000 0.000 0.000 0.145 0 1 0 0 0 0
 252 158152.000 82824.000 0 0 0.000 0.000 0.000 0.279 0 1 0 0 0 0
 253 72463.000 46041.000 0 0 0.000 0.000 0.000 0.134 0 1 0 0 0 0
 254 160785.000 104312.000 0 0 0.000 0.000 0.000 0.241 0 1 0 0 0 0
 255 159711.000 112068.000 0 0 0.000 0.000 0.000 0.212 0 1 0 0 0 0
 256 123329.000 42264.000 0 0 0.000 0.000 0.000 0.207 0 1 0 0 0 0
 257 38070.000 110311.000 0 0 0.000 0.000 0.000 0.138 0 1 0 0 0 0
 258 85711.000 39101.000 0 0 0.000 0.000 0.000 0.200 0 1 0 0 0 0
 259 158930.000 122733.000 0 0 0.000 0.000 0.000 0.130 0 1 0 0 0 0
 260 163287.000 97255.000 0 0 0.000 0.000 0.000 0.142 0 1 0 0 0 0
 261 97308.000 163773.000 0 0 0.000 0.000 0.000 0.135 0 1 0 0 0 0
 262 37358.000 86584.000 0 0 0.000 0.000 0.000 0.135 0 1 0 0 0 0
 263 116082.000 38143.000 0 0 0.000 0.000 0.000 0.133 0 1 0 0 0 0
 264 134169.000 154469.000 0 0 0.000 0.000 0.000 0.151 0 1 0 0 0 0
 265 73829.000 159096.000 0 0 0.000 0.000 0.000 0.130 0 1 0 0 0 0
 266 46541.000 136132.000 0 0 0.000 0.000 0.000 0.146 0 1 0 0 0 0
 267 93655.000 35925.000 0 0 0.000 0.000 0.000 0.132 0 1 0 0 0 0
 268 70002.000 157760.000 0 0 0.000 0.000 0.000 0.134 0 1 0 0 0 0
 269 37674.000 118435.000 0 0 0.000 0.000 0.000 0.133 0 1 0 0 0 0
 270 146509.000 145644.000 0 0 0.000 0.000 0.000 0.140 0 1 0 0 0 0
 271 37405.000 119735.000 0 0 0.000 0.000 0.000 0.133 0 1 0 0 0 0
 272 41512.000 70545.000 0 0 0.000 0.000 0.000 0.133 0 1 0 0 0 0
 273 36727.000 119302.000 0 0 0.000 0.000 0.000 0.140 0 1 0 0 0 0
 274 144283.000 51255.000 0 0 0.000 0.000 0.000 0.393 0 1 0 0 0 0
 275 144283.000 51255.000 0 0 0.000 0.000 0.000 0.172 0 1 0 0 0 0
 276 93385.000 33992.000 0 0 0.000 0.000 0.000 0.137 0 1 0 0 0 0
 277 34413.000 88662.000 0 0 0.000 0.000 0.000 0.140 0 1 0 0 0 0
 278 120855.000 163438.000 0 0 0.000 0.000 0.000 0.226 0 1 0 0 0 0
 279 116960.000 35810.000 0 0 0.000 0.000 0.000 0.133 0 1 0 0 0 0
 280 35420.000 83795.000 0 0 0.000 0.000 0.000 0.234 0 1 0 0 0 0
 281 33737.000 108865.000 0 0 0.000 0.000 0.000 0.156 0 1 0 0 0 0
 282 163502.000 79059.000 0 0 0.000 0.000 0.000 0.227 0 1 0 0 0 0
 283 47061.000 58694.000 0 0 0.000 0.000 0.000 0.132 0 1 0 0 0 0
 284 77355.000 36382.000 0 0 0.000 0.000 0.000 0.142 0 1 0 0 0 0
 285 166934.000 90085.000 0 0 0.000 0.000 0.000 0.240 0 1 0 0 0 0
 286 163305.000 75337.000 0 0 0.000 0.000 0.000 0.130 0 1 0 0 0 0
 287 105680.000 32346.000 0 0 0.000 0.000 0.000 0.148 0 1 0 0 0 0
 288 61066.000 43806.000 0 0 0.000 0.000 0.000 0.205 0 1 0 0 0 0
 289 163458.000 73803.000 0 0 0.000 0.000 0.000 0.136 0 1 0 0 0 0
 290 113998.000 32593.000 0 0 0.000 0.000 0.000 0.135 0 1 0 0 0 0
 291 168451.000 107879.000 0 0 0.000 0.000 0.000 0.202 0 1 0 0 0 0
 292 47348.000 145075.000 0 0 0.000 0.000 0.000 0.130 0 1 0 0 0 0
 293 168472.000 111638.000 0 0 0.000 0.000 0.000 0.246 0 1 0 0 0 0
 294 89744.000 30826.000 0 0 0.000 0.000 0.000 0.146 0 1 0 0 0 0
 295 162008.000 66920.000 0 0 0.000 0.000 0.000 0.241 0 1 0 0 0 0
 296 41055.000 61086.000 0 0 0.000 0.000 0.000 0.206 0 1 0 0 0 0
 297 54028.000 45629.000 0 0 0.000 0.000 0.000 0.234 0 1 0 0 0 0
 298 91606.000 27221.000 0 0 0.000 0.000 0.000 0.206 0 1 0 0 0 0
 299 26761.000 90395.000 0 0 0.000 0.000 0.000 0.134 0 1 0 0 0 0
 300 62949.000 36090.000 0 0 0.000 0.000 0.000 0.213 0 1 0 0 0 0
 301 65422.000 166125.000 0 0 0.000 0.000 0.000 0.202 0 1 0 0 0 0
 302 151520.000 155067.000 0 0 0.000 0.000 0.000 0.203 0 1 0 0 0 0
 303 122847.000 28293.000 0 0 0.000 0.000 0.000 0.221 0 1 0 0 0 0
 304 34511.000 61720.000 0 0 0.000 0.000 0.000 0.201 0 1 0 0 0 0
 305 168789.000 132791.000 0 0 0.000 0.000 0.000 0.134 0 1 0 0 0 0
 306 40254.000 52946.000 0 0 0.000 0.000 0.000 0.131 0 1 0 0 0 0
 307 71264.000 28546.000 0 0 0.000 0.000 0.000 0.250 0 1 0 0 0 0
 308 174686.000 76316.000 0 0 0.000 0.000 0.000 0.137 0 1 0 0 0 0
 309 72375.000 26681.000 0 0 0.000 0.000 0.000 0.247 0 1 0 0 0 0
 310 173326.000 128117.000 0 0 0.000 0.000 0.000 0.132 0 1 0 0 0 0
 311 139391.000 169934.000 0 0 0.000 0.000 0.000 0.132 0 1 0 0 0 0
 312 114061.000 179865.000 0 0 0.000 0.000 0.000 0.157 0 1 0 0 0 0
 313 19268.000 108294.000 0 0 0.000 0.000 0.000 0.139 0 1 0 0 0 0
 314 101066.000 18550.000 0 0 0.000 0.000 0.000 0.147 0 1 0 0 0 0
 315 92782.000 181824.000 0 0 0.000 0.000 0.000 0.291 0 1 0 0 0 0
 316 181238.000 89548.000 0 0 0.000 0.000 0.000 0.137 0 1 0 0 0 0
 317 137909.000 27363.000 0 0 0.000 0.000 0.000 0.139 0 1 0 0 0 0
 318 36890.000 45667.000 0 0 0.000 0.000 0.000 0.152 0 1 0 0 0 0
 319 24222.000 63752.000 0 0 0.000 0.000 0.000 0.306 0 1 0 0 0 0
 320 173362.000 58021.000 0 0 0.000 0.000 0.000 0.138 0 1 0 0 0 0
 321 158676.000 39083.000 0 0 0.000 0.000 0.000 0.280 0 1 0 0 0 0
 322 133931.000 178846.000 0 0 0.000 0.000 0.000 0.159 0 1 0 0 0 0
 323 27576.000 53361.000 0 0 0.000 0.000 0.000 0.209 0 1 0 0 0 0
 324 185432.000 114716.000 0 0 0.000 0.000 0.000 0.259 0 1 0 0 0 0
 325 154961.000 167335.000 0 0 0.000 0.000 0.000 0.210 0 1 0 0 0 0
 326 33476.000 156377.000 0 0 0.000 0.000 0.000 0.130 0 1 0 0 0 0
 327 110640.000 186872.000 0 0 0.000 0.000 0.000 0.236 0 1 0 0 0 0
 328 162471.000 38781.000 0 0 0.000 0.000 0.000 0.206 0 1 0 0 0 0
 329 32779.000 157585.000 0 0 0.000 0.000 0.000 0.178 0 1 0 0 0 0
 330 118703.000 186775.000 0 0 0.000 0.000 0.000 0.130 0 1 0 0 0 0
 331 114137.000 12766.000 0 0 0.000 0.000 0.000 0.318 0 1 0 0 0 0
 332 179126.000 59889.000 0 0 0.000 0.000 0.000 0.141 0 1 0 0 0 0
 333 27270.000 48237.000 0 0 0.000 0.000 0.000 0.276 0 1 0 0 0 0
 334 10606.000 109617.000 0 0 0.000 0.000 0.000 0.223 0 1 0 0 0 0
 335 9994.000 108010.000 0 0 0.000 0.000 0.000 0.215 0 1 0 0 0 0
 336 151364.000 178731.000 0 0 0.000 0.000 0.000 0.131 0 1 0 0 0 0
 337 7538.000 120676.000 0 0 0.000 0.000 0.000 0.413 0 1 0 0 0 0
 338 140070.000 46516.000 0 0 94.873 71.077 6743.378 82.118 0 1 1 210 0 0
 339 140159.000 46369.000 0 0 105.413 78.934 8320.814 91.218 0 1 1 210 0 0
 340 140260.000 46233.000 0 0 121.140 90.708 10988.501 104.826 0 1 1 210 0 0
 341 140349.000 46087.000 0 0 157.642 117.981 18598.832 136.377 0 1 1 210 0 0
 342 140460.000 45959.000 0 0 126.938 95.038 12064.081 109.836 0 1 1 210 0 0
 343 140559.000 45821.000 0 0 142.841 106.933 15274.600 123.590 0 1 1 210 0 0
 344 140675.000 45693.000 0 0 75.485 56.537 4267.821 65.328 0 1 1 210 0 0;
ProcessEquipmentIDList 1
  "6565" ;
SummarySpec 5
  TESTNO    NDEFECT    DEFDENSITY    NDIE    NDEFDIE  ;
SummaryList 
  1    344    1.258    1    1  ;
EndOfFile;
