FileVersion 1 2;
FileTimestamp 02-08-26 21:50:06;
InspectionStationID "KLA-Tencor" "SFSSP1" "0901-0728-TBI";
SampleType WAFER;
ResultTimestamp 02-08-26 21:47:19;
LotID "2580";
SampleSize 1 200;
DeviceID "None";
SetupID "T2-2580NR" 02-08-26 21:47:19;
StepID "6930";
SampleOrientationMarkType NOTCH;
OrientationMarkLocation DOWN;
DiePitch 200000 200000;
DieOrigin 0 0;
WaferID "04";
Slot 4;
SampleCenterLocation 100000 100000;
ClassLookup 1
  0 "0"  ;
OrientationInstructions "Front";
CoordinatesMirrored No;
InspectionTest 1;
SampleTestPlan 1
  0 0 ;
AreaPerTest 2.73519e+010;
DefectRecordSpec 15 DEFECTID XREL YREL XINDEX YINDEX XSIZE YSIZE DEFECTAREA DSIZE CLASSNUMBER TEST CLUSTERNUMBER ROUGHBINNUMBER FINEBINNUMBER REVIEWSAMPLE ;
DefectList
 1 102230.000 103550.000 0 0 0.000 0.000 0.000 0.139 0 1 0 0 0 0
 2 100670.000 94482.000 0 0 0.000 0.000 0.000 0.132 0 1 0 0 0 0
 3 105448.000 102454.000 0 0 0.000 0.000 0.000 0.159 0 1 0 0 0 0
 4 103253.000 106632.000 0 0 0.000 0.000 0.000 0.136 0 1 0 0 0 0
 5 93725.000 95621.000 0 0 0.000 0.000 0.000 0.130 0 1 0 0 0 0
 6 92823.000 103638.000 0 0 0.000 0.000 0.000 0.131 0 1 0 0 0 0
 7 107277.000 103312.000 0 0 0.000 0.000 0.000 0.158 0 1 0 0 0 0
 8 91103.000 98026.000 0 0 0.000 0.000 0.000 0.130 0 1 0 0 0 0
 9 91025.000 102670.000 0 0 0.000 0.000 0.000 0.138 0 1 0 0 0 0
 10 90173.000 97374.000 0 0 0.000 0.000 0.000 0.132 0 1 0 0 0 0
 11 110035.000 102519.000 0 0 0.000 0.000 0.000 0.152 0 1 0 0 0 0
 12 110482.000 98656.000 0 0 0.000 0.000 0.000 0.130 0 1 0 0 0 0
 13 89821.000 104935.000 0 0 0.000 0.000 0.000 0.221 0 1 0 0 0 0
 14 100412.000 88647.000 0 0 0.000 0.000 0.000 0.141 0 1 0 0 0 0
 15 89193.000 106218.000 0 0 0.000 0.000 0.000 0.132 0 1 0 0 0 0
 16 94655.000 112418.000 0 0 0.000 0.000 0.000 0.145 0 1 0 0 0 0
 17 92189.000 111229.000 0 0 0.000 0.000 0.000 0.138 0 1 0 0 0 0
 18 113673.000 101849.000 0 0 0.000 0.000 0.000 0.138 0 1 0 0 0 0
 19 108277.000 88990.000 0 0 0.000 0.000 0.000 0.130 0 1 0 0 0 0
 20 104724.000 86290.000 0 0 0.000 0.000 0.000 0.138 0 1 0 0 0 0
 21 104997.000 85963.000 0 0 0.000 0.000 0.000 0.135 0 1 0 0 0 0
 22 89720.000 88997.000 0 0 0.000 0.000 0.000 0.132 0 1 0 0 0 0
 23 113991.000 106365.000 0 0 0.000 0.000 0.000 0.144 0 1 0 0 0 0
 24 84564.000 98315.000 0 0 0.000 0.000 0.000 0.148 0 1 0 0 0 0
 25 93134.000 86206.000 0 0 0.000 0.000 0.000 0.131 0 1 0 0 0 0
 26 83856.000 100216.000 0 0 0.000 0.000 0.000 0.223 0 1 0 0 0 0
 27 90944.000 113772.000 0 0 0.000 0.000 0.000 0.133 0 1 0 0 0 0
 28 83423.000 93193.000 0 0 0.000 0.000 0.000 0.132 0 1 0 0 0 0
 29 114897.000 90185.000 0 0 0.000 0.000 0.000 0.131 0 1 0 0 0 0
 30 110772.000 84802.000 0 0 0.000 0.000 0.000 0.137 0 1 0 0 0 0
 31 102803.000 120015.000 0 0 0.000 0.000 0.000 0.131 0 1 0 0 0 0
 32 93728.000 80094.000 0 0 0.000 0.000 0.000 0.143 0 1 0 0 0 0
 33 81202.000 89790.000 0 0 0.000 0.000 0.000 0.200 0 1 0 0 0 0
 34 104159.000 76995.000 0 0 0.000 0.000 0.000 0.131 0 1 0 0 0 0
 35 96833.000 75527.000 0 0 0.000 0.000 0.000 0.134 0 1 0 0 0 0
 36 107975.000 76418.000 0 0 0.000 0.000 0.000 0.149 0 1 0 0 0 0
 37 84777.000 80007.000 0 0 0.000 0.000 0.000 0.144 0 1 0 0 0 0
 38 124974.000 103548.000 0 0 0.000 0.000 0.000 0.131 0 1 0 0 0 0
 39 99006.000 74877.000 0 0 0.000 0.000 0.000 0.163 0 1 0 0 0 0
 40 84126.000 120644.000 0 0 0.000 0.000 0.000 0.132 0 1 0 0 0 0
 41 105875.000 125554.000 0 0 0.000 0.000 0.000 0.146 0 1 0 0 0 0
 42 81890.000 80919.000 0 0 0.000 0.000 0.000 0.236 0 1 0 0 0 0
 43 101415.000 73800.000 0 0 0.000 0.000 0.000 0.163 0 1 0 0 0 0
 44 73007.000 101329.000 0 0 0.000 0.000 0.000 0.137 0 1 0 0 0 0
 45 122599.000 115343.000 0 0 0.000 0.000 0.000 0.165 0 1 0 0 0 0
 46 79840.000 81399.000 0 0 0.000 0.000 0.000 0.134 0 1 0 0 0 0
 47 110422.000 74304.000 0 0 0.000 0.000 0.000 0.140 0 1 0 0 0 0
 48 95679.000 71704.000 0 0 0.000 0.000 0.000 0.144 0 1 0 0 0 0
 49 107131.000 128495.000 0 0 0.000 0.000 0.000 0.134 0 1 0 0 0 0
 50 87462.000 73673.000 0 0 0.000 0.000 0.000 0.138 0 1 0 0 0 0
 51 83828.000 125578.000 0 0 0.000 0.000 0.000 0.146 0 1 0 0 0 0
 52 121903.000 78743.000 0 0 0.000 0.000 0.000 0.162 0 1 0 0 0 0
 53 120783.000 123215.000 0 0 0.000 0.000 0.000 0.130 0 1 0 0 0 0
 54 121146.000 76481.000 0 0 0.000 0.000 0.000 0.130 0 1 0 0 0 0
 55 118562.000 127005.000 0 0 0.000 0.000 0.000 0.134 0 1 0 0 0 0
 56 88119.000 130628.000 0 0 0.000 0.000 0.000 0.135 0 1 0 0 0 0
 57 118375.000 73142.000 0 0 0.000 0.000 0.000 0.133 0 1 0 0 0 0
 58 94825.000 132697.000 0 0 0.000 0.000 0.000 0.148 0 1 0 0 0 0
 59 104395.000 132871.000 0 0 0.000 0.000 0.000 0.152 0 1 0 0 0 0
 60 125569.000 121214.000 0 0 0.000 0.000 0.000 0.138 0 1 0 0 0 0
 61 81358.000 128169.000 0 0 0.000 0.000 0.000 0.130 0 1 0 0 0 0
 62 66472.000 98996.000 0 0 0.000 0.000 0.000 0.131 0 1 0 0 0 0
 63 130485.000 86393.000 0 0 0.000 0.000 0.000 0.141 0 1 0 0 0 0
 64 132953.000 106297.000 0 0 0.000 0.000 0.000 0.146 0 1 0 0 0 0
 65 67249.000 108630.000 0 0 0.000 0.000 0.000 0.215 0 1 0 0 0 0
 66 68717.000 113980.000 0 0 0.000 0.000 0.000 0.135 0 1 0 0 0 0
 67 66617.000 93578.000 0 0 0.000 0.000 0.000 0.148 0 1 0 0 0 0
 68 91636.000 134134.000 0 0 0.000 0.000 0.000 0.143 0 1 0 0 0 0
 69 131250.000 84217.000 0 0 0.000 0.000 0.000 0.134 0 1 0 0 0 0
 70 131403.000 116783.000 0 0 0.000 0.000 0.000 0.132 0 1 0 0 0 0
 71 78353.000 71443.000 0 0 0.000 0.000 0.000 0.143 0 1 0 0 0 0
 72 133129.000 86290.000 0 0 0.000 0.000 0.000 0.137 0 1 0 0 0 0
 73 63013.000 99392.000 0 0 0.000 0.000 0.000 0.135 0 1 0 0 0 0
 74 91228.000 136411.000 0 0 0.000 0.000 0.000 0.152 0 1 0 0 0 0
 75 103645.000 137855.000 0 0 0.000 0.000 0.000 0.137 0 1 0 0 0 0
 76 129495.000 123917.000 0 0 0.000 0.000 0.000 0.150 0 1 0 0 0 0
 77 119480.000 66852.000 0 0 0.000 0.000 0.000 0.132 0 1 0 0 0 0
 78 79875.000 66139.000 0 0 0.000 0.000 0.000 0.130 0 1 0 0 0 0
 79 75788.000 131842.000 0 0 0.000 0.000 0.000 0.134 0 1 0 0 0 0
 80 102318.000 60493.000 0 0 0.000 0.000 0.000 0.141 0 1 0 0 0 0
 81 139853.000 92868.000 0 0 0.000 0.000 0.000 0.133 0 1 0 0 0 0
 82 69079.000 71539.000 0 0 0.000 0.000 0.000 0.136 0 1 0 0 0 0
 83 75446.000 65705.000 0 0 0.000 0.000 0.000 0.131 0 1 0 0 0 0
 84 130973.000 70960.000 0 0 0.000 0.000 0.000 0.133 0 1 0 0 0 0
 85 91413.000 142114.000 0 0 0.000 0.000 0.000 0.152 0 1 0 0 0 0
 86 58217.000 109983.000 0 0 0.000 0.000 0.000 0.130 0 1 0 0 0 0
 87 132647.000 129952.000 0 0 0.000 0.000 0.000 0.130 0 1 0 0 0 0
 88 58474.000 116000.000 0 0 0.000 0.000 0.000 0.255 0 1 0 0 0 0
 89 56032.000 107327.000 0 0 0.000 0.000 0.000 0.131 0 1 0 0 0 0
 90 81706.000 140901.000 0 0 0.000 0.000 0.000 0.137 0 1 0 0 0 0
 91 142130.000 83907.000 0 0 0.000 0.000 0.000 0.159 0 1 0 0 0 0
 92 141719.000 82088.000 0 0 0.000 0.000 0.000 0.139 0 1 0 0 0 0
 93 111015.000 144586.000 0 0 0.000 0.000 0.000 0.133 0 1 0 0 0 0
 94 92870.000 145422.000 0 0 0.000 0.000 0.000 0.133 0 1 0 0 0 0
 95 78118.000 59999.000 0 0 0.000 0.000 0.000 0.130 0 1 0 0 0 0
 96 77345.000 60165.000 0 0 0.000 0.000 0.000 0.137 0 1 0 0 0 0
 97 57891.000 119071.000 0 0 0.000 0.000 0.000 0.133 0 1 0 0 0 0
 98 55264.000 112797.000 0 0 0.000 0.000 0.000 0.147 0 1 0 0 0 0
 99 145037.000 113020.000 0 0 0.000 0.000 0.000 0.143 0 1 0 0 0 0
 100 81632.000 56877.000 0 0 0.000 0.000 0.000 0.144 0 1 0 0 0 0
 101 133467.000 67274.000 0 0 0.000 0.000 0.000 0.131 0 1 0 0 0 0
 102 138657.000 126931.000 0 0 0.000 0.000 0.000 0.135 0 1 0 0 0 0
 103 52898.000 96341.000 0 0 0.000 0.000 0.000 0.137 0 1 0 0 0 0
 104 75762.000 58792.000 0 0 0.000 0.000 0.000 0.139 0 1 0 0 0 0
 105 94590.000 148314.000 0 0 0.000 0.000 0.000 0.138 0 1 0 0 0 0
 106 86498.000 146591.000 0 0 0.000 0.000 0.000 0.155 0 1 0 0 0 0
 107 74485.000 58714.000 0 0 0.000 0.000 0.000 0.149 0 1 0 0 0 0
 108 119562.000 55526.000 0 0 0.000 0.000 0.000 0.137 0 1 0 0 0 0
 109 71447.000 140366.000 0 0 0.000 0.000 0.000 0.132 0 1 0 0 0 0
 110 99597.000 149757.000 0 0 0.000 0.000 0.000 0.135 0 1 0 0 0 0
 111 115942.000 53329.000 0 0 0.000 0.000 0.000 0.132 0 1 0 0 0 0
 112 60274.000 130067.000 0 0 0.000 0.000 0.000 0.131 0 1 0 0 0 0
 113 63551.000 134261.000 0 0 0.000 0.000 0.000 0.130 0 1 0 0 0 0
 114 67873.000 61930.000 0 0 0.000 0.000 0.000 0.211 0 1 0 0 0 0
 115 141632.000 127918.000 0 0 0.000 0.000 0.000 0.139 0 1 0 0 0 0
 116 126870.000 142545.000 0 0 0.000 0.000 0.000 0.132 0 1 0 0 0 0
 117 60506.000 131497.000 0 0 0.000 0.000 0.000 0.130 0 1 0 0 0 0
 118 67057.000 61618.000 0 0 0.000 0.000 0.000 0.139 0 1 0 0 0 0
 119 150423.000 109303.000 0 0 0.000 0.000 0.000 0.149 0 1 0 0 0 0
 120 145534.000 123807.000 0 0 0.000 0.000 0.000 0.156 0 1 0 0 0 0
 121 52879.000 78201.000 0 0 0.000 0.000 0.000 0.161 0 1 0 0 0 0
 122 53333.000 123541.000 0 0 0.000 0.000 0.000 0.263 0 1 0 0 0 0
 123 65937.000 59967.000 0 0 0.000 0.000 0.000 0.134 0 1 0 0 0 0
 124 89714.000 48409.000 0 0 0.000 0.000 0.000 0.133 0 1 0 0 0 0
 125 56055.000 130129.000 0 0 0.000 0.000 0.000 0.133 0 1 0 0 0 0
 126 137490.000 62364.000 0 0 0.000 0.000 0.000 0.138 0 1 0 0 0 0
 127 103620.000 153623.000 0 0 0.000 0.000 0.000 0.147 0 1 0 0 0 0
 128 51470.000 76528.000 0 0 0.000 0.000 0.000 0.145 0 1 0 0 0 0
 129 107425.000 153901.000 0 0 0.000 0.000 0.000 0.132 0 1 0 0 0 0
 130 135590.000 59195.000 0 0 0.000 0.000 0.000 0.130 0 1 0 0 0 0
 131 135585.000 141715.000 0 0 0.000 0.000 0.000 0.147 0 1 0 0 0 0
 132 49194.000 79590.000 0 0 0.000 0.000 0.000 0.136 0 1 0 0 0 0
 133 73037.000 51734.000 0 0 0.000 0.000 0.000 0.131 0 1 0 0 0 0
 134 154563.000 86764.000 0 0 0.000 0.000 0.000 0.130 0 1 0 0 0 0
 135 153864.000 115982.000 0 0 0.000 0.000 0.000 0.133 0 1 0 0 0 0
 136 49962.000 127647.000 0 0 0.000 0.000 0.000 0.207 0 1 0 0 0 0
 137 157063.000 99471.000 0 0 0.000 0.000 0.000 0.218 0 1 0 0 0 0
 138 58306.000 139788.000 0 0 0.000 0.000 0.000 0.142 0 1 0 0 0 0
 139 153639.000 122323.000 0 0 0.000 0.000 0.000 0.131 0 1 0 0 0 0
 140 77382.000 153907.000 0 0 0.000 0.000 0.000 0.142 0 1 0 0 0 0
 141 145120.000 63148.000 0 0 0.000 0.000 0.000 0.131 0 1 0 0 0 0
 142 157353.000 89471.000 0 0 0.000 0.000 0.000 0.146 0 1 0 0 0 0
 143 148667.000 132520.000 0 0 0.000 0.000 0.000 0.140 0 1 0 0 0 0
 144 46655.000 75678.000 0 0 0.000 0.000 0.000 0.130 0 1 0 0 0 0
 145 47165.000 126136.000 0 0 0.000 0.000 0.000 0.131 0 1 0 0 0 0
 146 44873.000 122814.000 0 0 0.000 0.000 0.000 0.151 0 1 0 0 0 0
 147 44129.000 121110.000 0 0 0.000 0.000 0.000 0.152 0 1 0 0 0 0
 148 40758.000 107241.000 0 0 0.000 0.000 0.000 0.142 0 1 0 0 0 0
 149 99820.000 40113.000 0 0 0.000 0.000 0.000 0.136 0 1 0 0 0 0
 150 87533.000 41088.000 0 0 0.000 0.000 0.000 0.159 0 1 0 0 0 0
 151 162853.000 97969.000 0 0 0.000 0.000 0.000 0.136 0 1 0 0 0 0
 152 106472.000 163164.000 0 0 0.000 0.000 0.000 0.206 0 1 0 0 0 0
 153 158599.000 76504.000 0 0 0.000 0.000 0.000 0.136 0 1 0 0 0 0
 154 69521.000 44075.000 0 0 0.000 0.000 0.000 0.135 0 1 0 0 0 0
 155 119946.000 161003.000 0 0 0.000 0.000 0.000 0.134 0 1 0 0 0 0
 156 119806.000 161545.000 0 0 0.000 0.000 0.000 0.132 0 1 0 0 0 0
 157 98587.000 35783.000 0 0 0.000 0.000 0.000 0.133 0 1 0 0 0 0
 158 165589.000 107614.000 0 0 0.000 0.000 0.000 0.135 0 1 0 0 0 0
 159 34262.000 109322.000 0 0 0.000 0.000 0.000 0.138 0 1 0 0 0 0
 160 67325.000 41375.000 0 0 0.000 0.000 0.000 0.132 0 1 0 0 0 0
 161 59079.000 46465.000 0 0 0.000 0.000 0.000 0.141 0 1 0 0 0 0
 162 162035.000 126774.000 0 0 0.000 0.000 0.000 0.133 0 1 0 0 0 0
 163 114514.000 34091.000 0 0 0.000 0.000 0.000 0.141 0 1 0 0 0 0
 164 53035.000 50822.000 0 0 0.000 0.000 0.000 0.159 0 1 0 0 0 0
 165 50117.000 146997.000 0 0 0.000 0.000 0.000 0.153 0 1 0 0 0 0
 166 86625.000 32847.000 0 0 0.000 0.000 0.000 0.135 0 1 0 0 0 0
 167 161617.000 66070.000 0 0 0.000 0.000 0.000 0.135 0 1 0 0 0 0
 168 34538.000 73488.000 0 0 0.000 0.000 0.000 0.133 0 1 0 0 0 0
 169 168973.000 83773.000 0 0 0.000 0.000 0.000 0.138 0 1 0 0 0 0
 170 63485.000 162714.000 0 0 0.000 0.000 0.000 0.140 0 1 0 0 0 0
 171 93986.000 173102.000 0 0 0.000 0.000 0.000 0.230 0 1 0 0 0 0
 172 94877.000 27159.000 0 0 0.000 0.000 0.000 0.132 0 1 0 0 0 0
 173 172902.000 108499.000 0 0 0.000 0.000 0.000 0.136 0 1 0 0 0 0
 174 31151.000 74318.000 0 0 0.000 0.000 0.000 0.145 0 1 0 0 0 0
 175 127363.000 168632.000 0 0 0.000 0.000 0.000 0.137 0 1 0 0 0 0
 176 27370.000 116585.000 0 0 0.000 0.000 0.000 0.131 0 1 0 0 0 0
 177 37095.000 140652.000 0 0 0.000 0.000 0.000 0.131 0 1 0 0 0 0
 178 25060.000 101922.000 0 0 0.000 0.000 0.000 0.132 0 1 0 0 0 0
 179 23402.000 102966.000 0 0 0.000 0.000 0.000 0.206 0 1 0 0 0 0
 180 176734.000 109363.000 0 0 0.000 0.000 0.000 0.280 0 1 0 0 0 0
 181 86512.000 22948.000 0 0 0.000 0.000 0.000 0.135 0 1 0 0 0 0
 182 25043.000 74662.000 0 0 0.000 0.000 0.000 0.138 0 1 0 0 0 0
 183 99232.000 19375.000 0 0 0.000 0.000 0.000 0.133 0 1 0 0 0 0
 184 128833.000 175796.000 0 0 0.000 0.000 0.000 0.134 0 1 0 0 0 0
 185 129451.000 182562.000 0 0 0.000 0.000 0.000 0.153 0 1 0 0 0 0
 186 97159.000 188454.000 0 0 0.000 0.000 0.000 0.297 0 1 0 0 0 0
 187 177892.000 143061.000 0 0 0.000 0.000 0.000 0.364 0 1 0 0 0 0
 188 189176.000 108920.000 0 0 0.000 0.000 0.000 0.253 0 1 0 0 0 0
 189 168152.000 159946.000 0 0 0.000 0.000 0.000 0.208 0 1 0 0 0 0
 190 165926.000 162405.000 0 0 0.000 0.000 0.000 0.134 0 1 0 0 0 0;
ProcessEquipmentIDList 1
  "6565" ;
SummarySpec 5
  TESTNO    NDEFECT    DEFDENSITY    NDIE    NDEFDIE  ;
SummaryList 
  1    190    0.6946    1    1  ;
EndOfFile;
