FileVersion 1 2;
FileTimestamp 02-08-26 22:11:28;
InspectionStationID "KLA-Tencor" "SFSSP1" "0901-0728-TBI";
SampleType WAFER;
ResultTimestamp 02-08-26 22:03:56;
LotID "2580";
SampleSize 1 200;
DeviceID "None";
SetupID "T2-2580NR" 02-08-26 22:03:56;
StepID "6930";
SampleOrientationMarkType NOTCH;
OrientationMarkLocation DOWN;
DiePitch 200000 200000;
DieOrigin 0 0;
WaferID "09";
Slot 9;
SampleCenterLocation 100000 100000;
ClassLookup 1
  0 "0"  ;
OrientationInstructions "Front";
CoordinatesMirrored No;
InspectionTest 1;
SampleTestPlan 1
  0 0 ;
AreaPerTest 2.73516e+010;
DefectRecordSpec 15 DEFECTID XREL YREL XINDEX YINDEX XSIZE YSIZE DEFECTAREA DSIZE CLASSNUMBER TEST CLUSTERNUMBER ROUGHBINNUMBER FINEBINNUMBER REVIEWSAMPLE ;
DefectList
 1 100335.000 97981.000 0 0 0.000 0.000 0.000 0.131 0 1 0 0 0 0
 2 101329.000 104467.000 0 0 0.000 0.000 0.000 0.138 0 1 0 0 0 0
 3 103550.000 103524.000 0 0 0.000 0.000 0.000 0.143 0 1 0 0 0 0
 4 94338.000 97200.000 0 0 0.000 0.000 0.000 0.138 0 1 0 0 0 0
 5 107132.000 97321.000 0 0 0.000 0.000 0.000 0.165 0 1 0 0 0 0
 6 92036.000 97036.000 0 0 0.000 0.000 0.000 0.133 0 1 0 0 0 0
 7 91055.000 101722.000 0 0 0.000 0.000 0.000 0.135 0 1 0 0 0 0
 8 100098.000 90908.000 0 0 0.000 0.000 0.000 0.155 0 1 0 0 0 0
 9 104487.000 108798.000 0 0 0.000 0.000 0.000 0.133 0 1 0 0 0 0
 10 97676.000 90513.000 0 0 0.000 0.000 0.000 0.138 0 1 0 0 0 0
 11 96439.000 90054.000 0 0 0.000 0.000 0.000 0.135 0 1 0 0 0 0
 12 106348.000 109509.000 0 0 0.000 0.000 0.000 0.130 0 1 0 0 0 0
 13 93183.000 109650.000 0 0 0.000 0.000 0.000 0.155 0 1 0 0 0 0
 14 111373.000 91917.000 0 0 0.000 0.000 0.000 0.137 0 1 0 0 0 0
 15 86901.000 106845.000 0 0 0.000 0.000 0.000 0.141 0 1 0 0 0 0
 16 102444.000 84803.000 0 0 0.000 0.000 0.000 0.130 0 1 0 0 0 0
 17 104091.000 84591.000 0 0 0.000 0.000 0.000 0.143 0 1 0 0 0 0
 18 117551.000 100520.000 0 0 0.000 0.000 0.000 0.138 0 1 0 0 0 0
 19 99656.000 82276.000 0 0 0.000 0.000 0.000 0.141 0 1 0 0 0 0
 20 111636.000 113948.000 0 0 0.000 0.000 0.000 0.139 0 1 0 0 0 0
 21 117516.000 93568.000 0 0 0.000 0.000 0.000 0.130 0 1 0 0 0 0
 22 115050.000 111746.000 0 0 0.000 0.000 0.000 0.136 0 1 0 0 0 0
 23 81009.000 95261.000 0 0 0.000 0.000 0.000 0.132 0 1 0 0 0 0
 24 101217.000 121621.000 0 0 0.000 0.000 0.000 0.149 0 1 0 0 0 0
 25 120711.000 105635.000 0 0 0.000 0.000 0.000 0.134 0 1 0 0 0 0
 26 105013.000 79067.000 0 0 0.000 0.000 0.000 0.146 0 1 0 0 0 0
 27 114476.000 84148.000 0 0 0.000 0.000 0.000 0.139 0 1 0 0 0 0
 28 113639.000 81472.000 0 0 0.000 0.000 0.000 0.137 0 1 0 0 0 0
 29 87098.000 80675.000 0 0 0.000 0.000 0.000 0.130 0 1 0 0 0 0
 30 88697.000 79612.000 0 0 0.000 0.000 0.000 0.155 0 1 0 0 0 0
 31 80142.000 87517.000 0 0 0.000 0.000 0.000 0.154 0 1 0 0 0 0
 32 115752.000 82891.000 0 0 0.000 0.000 0.000 0.130 0 1 0 0 0 0
 33 75645.000 105207.000 0 0 0.000 0.000 0.000 0.137 0 1 0 0 0 0
 34 77908.000 88711.000 0 0 0.000 0.000 0.000 0.141 0 1 0 0 0 0
 35 101374.000 75380.000 0 0 0.000 0.000 0.000 0.140 0 1 0 0 0 0
 36 110522.000 77456.000 0 0 0.000 0.000 0.000 0.136 0 1 0 0 0 0
 37 119570.000 83639.000 0 0 0.000 0.000 0.000 0.133 0 1 0 0 0 0
 38 125775.000 97666.000 0 0 0.000 0.000 0.000 0.130 0 1 0 0 0 0
 39 102149.000 126504.000 0 0 0.000 0.000 0.000 0.153 0 1 0 0 0 0
 40 118577.000 81324.000 0 0 0.000 0.000 0.000 0.135 0 1 0 0 0 0
 41 116216.000 121485.000 0 0 0.000 0.000 0.000 0.145 0 1 0 0 0 0
 42 71843.000 96108.000 0 0 0.000 0.000 0.000 0.151 0 1 0 0 0 0
 43 97356.000 128761.000 0 0 0.000 0.000 0.000 0.148 0 1 0 0 0 0
 44 118204.000 122865.000 0 0 0.000 0.000 0.000 0.146 0 1 0 0 0 0
 45 104906.000 71172.000 0 0 0.000 0.000 0.000 0.134 0 1 0 0 0 0
 46 129220.000 95914.000 0 0 0.000 0.000 0.000 0.130 0 1 0 0 0 0
 47 129785.000 105466.000 0 0 0.000 0.000 0.000 0.135 0 1 0 0 0 0
 48 107253.000 70511.000 0 0 0.000 0.000 0.000 0.141 0 1 0 0 0 0
 49 78487.000 77921.000 0 0 0.000 0.000 0.000 0.156 0 1 0 0 0 0
 50 130554.000 96880.000 0 0 0.000 0.000 0.000 0.130 0 1 0 0 0 0
 51 97221.000 131213.000 0 0 0.000 0.000 0.000 0.140 0 1 0 0 0 0
 52 128429.000 112436.000 0 0 0.000 0.000 0.000 0.200 0 1 0 0 0 0
 53 68547.000 98164.000 0 0 0.000 0.000 0.000 0.136 0 1 0 0 0 0
 54 119035.000 125108.000 0 0 0.000 0.000 0.000 0.140 0 1 0 0 0 0
 55 103766.000 68315.000 0 0 0.000 0.000 0.000 0.141 0 1 0 0 0 0
 56 122875.000 122479.000 0 0 0.000 0.000 0.000 0.140 0 1 0 0 0 0
 57 72073.000 83643.000 0 0 0.000 0.000 0.000 0.148 0 1 0 0 0 0
 58 100920.000 66883.000 0 0 0.000 0.000 0.000 0.131 0 1 0 0 0 0
 59 104109.000 133528.000 0 0 0.000 0.000 0.000 0.151 0 1 0 0 0 0
 60 95812.000 133614.000 0 0 0.000 0.000 0.000 0.132 0 1 0 0 0 0
 61 133623.000 98197.000 0 0 0.000 0.000 0.000 0.141 0 1 0 0 0 0
 62 66096.000 95797.000 0 0 0.000 0.000 0.000 0.141 0 1 0 0 0 0
 63 85283.000 69176.000 0 0 0.000 0.000 0.000 0.137 0 1 0 0 0 0
 64 65955.000 105896.000 0 0 0.000 0.000 0.000 0.143 0 1 0 0 0 0
 65 82859.000 130227.000 0 0 0.000 0.000 0.000 0.136 0 1 0 0 0 0
 66 72955.000 121891.000 0 0 0.000 0.000 0.000 0.159 0 1 0 0 0 0
 67 66328.000 108225.000 0 0 0.000 0.000 0.000 0.131 0 1 0 0 0 0
 68 66186.000 109336.000 0 0 0.000 0.000 0.000 0.150 0 1 0 0 0 0
 69 84731.000 68573.000 0 0 0.000 0.000 0.000 0.145 0 1 0 0 0 0
 70 122599.000 127257.000 0 0 0.000 0.000 0.000 0.131 0 1 0 0 0 0
 71 114424.000 67613.000 0 0 0.000 0.000 0.000 0.145 0 1 0 0 0 0
 72 97952.000 135815.000 0 0 0.000 0.000 0.000 0.130 0 1 0 0 0 0
 73 91175.000 135529.000 0 0 0.000 0.000 0.000 0.132 0 1 0 0 0 0
 74 136258.000 102173.000 0 0 0.000 0.000 0.000 0.146 0 1 0 0 0 0
 75 113300.000 134224.000 0 0 0.000 0.000 0.000 0.137 0 1 0 0 0 0
 76 64053.000 91324.000 0 0 0.000 0.000 0.000 0.140 0 1 0 0 0 0
 77 107031.000 64065.000 0 0 0.000 0.000 0.000 0.144 0 1 0 0 0 0
 78 79695.000 131844.000 0 0 0.000 0.000 0.000 0.132 0 1 0 0 0 0
 79 131069.000 122047.000 0 0 0.000 0.000 0.000 0.142 0 1 0 0 0 0
 80 61647.000 96592.000 0 0 0.000 0.000 0.000 0.143 0 1 0 0 0 0
 81 134354.000 117322.000 0 0 0.000 0.000 0.000 0.154 0 1 0 0 0 0
 82 135296.000 83987.000 0 0 0.000 0.000 0.000 0.131 0 1 0 0 0 0
 83 75894.000 131141.000 0 0 0.000 0.000 0.000 0.142 0 1 0 0 0 0
 84 69339.000 75272.000 0 0 0.000 0.000 0.000 0.136 0 1 0 0 0 0
 85 139729.000 95014.000 0 0 0.000 0.000 0.000 0.149 0 1 0 0 0 0
 86 140792.000 99097.000 0 0 0.000 0.000 0.000 0.133 0 1 0 0 0 0
 87 67628.000 74918.000 0 0 0.000 0.000 0.000 0.150 0 1 0 0 0 0
 88 138550.000 86653.000 0 0 0.000 0.000 0.000 0.149 0 1 0 0 0 0
 89 125809.000 68120.000 0 0 0.000 0.000 0.000 0.130 0 1 0 0 0 0
 90 134093.000 77037.000 0 0 0.000 0.000 0.000 0.139 0 1 0 0 0 0
 91 138164.000 115267.000 0 0 0.000 0.000 0.000 0.133 0 1 0 0 0 0
 92 77664.000 135635.000 0 0 0.000 0.000 0.000 0.132 0 1 0 0 0 0
 93 63544.000 122137.000 0 0 0.000 0.000 0.000 0.138 0 1 0 0 0 0
 94 112360.000 59732.000 0 0 0.000 0.000 0.000 0.146 0 1 0 0 0 0
 95 142444.000 98313.000 0 0 0.000 0.000 0.000 0.136 0 1 0 0 0 0
 96 57197.000 103747.000 0 0 0.000 0.000 0.000 0.138 0 1 0 0 0 0
 97 72692.000 133927.000 0 0 0.000 0.000 0.000 0.135 0 1 0 0 0 0
 98 114953.000 59542.000 0 0 0.000 0.000 0.000 0.130 0 1 0 0 0 0
 99 56312.000 99930.000 0 0 0.000 0.000 0.000 0.138 0 1 0 0 0 0
 100 138874.000 80222.000 0 0 0.000 0.000 0.000 0.143 0 1 0 0 0 0
 101 104043.000 56240.000 0 0 0.000 0.000 0.000 0.142 0 1 0 0 0 0
 102 86312.000 57791.000 0 0 0.000 0.000 0.000 0.135 0 1 0 0 0 0
 103 56589.000 89001.000 0 0 0.000 0.000 0.000 0.153 0 1 0 0 0 0
 104 144120.000 107650.000 0 0 0.000 0.000 0.000 0.141 0 1 0 0 0 0
 105 142134.000 115319.000 0 0 0.000 0.000 0.000 0.137 0 1 0 0 0 0
 106 141310.000 82392.000 0 0 0.000 0.000 0.000 0.131 0 1 0 0 0 0
 107 127618.000 64009.000 0 0 0.000 0.000 0.000 0.138 0 1 0 0 0 0
 108 123055.000 139796.000 0 0 0.000 0.000 0.000 0.132 0 1 0 0 0 0
 109 56963.000 116983.000 0 0 0.000 0.000 0.000 0.143 0 1 0 0 0 0
 110 140399.000 78133.000 0 0 0.000 0.000 0.000 0.132 0 1 0 0 0 0
 111 54021.000 93003.000 0 0 0.000 0.000 0.000 0.137 0 1 0 0 0 0
 112 53765.000 92221.000 0 0 0.000 0.000 0.000 0.133 0 1 0 0 0 0
 113 68880.000 65003.000 0 0 0.000 0.000 0.000 0.133 0 1 0 0 0 0
 114 93578.000 146635.000 0 0 0.000 0.000 0.000 0.135 0 1 0 0 0 0
 115 121660.000 141992.000 0 0 0.000 0.000 0.000 0.131 0 1 0 0 0 0
 116 65926.000 133141.000 0 0 0.000 0.000 0.000 0.143 0 1 0 0 0 0
 117 63211.000 130423.000 0 0 0.000 0.000 0.000 0.150 0 1 0 0 0 0
 118 120812.000 142966.000 0 0 0.000 0.000 0.000 0.132 0 1 0 0 0 0
 119 52410.000 104699.000 0 0 0.000 0.000 0.000 0.149 0 1 0 0 0 0
 120 118571.000 144006.000 0 0 0.000 0.000 0.000 0.150 0 1 0 0 0 0
 121 118431.000 55887.000 0 0 0.000 0.000 0.000 0.137 0 1 0 0 0 0
 122 133184.000 65508.000 0 0 0.000 0.000 0.000 0.140 0 1 0 0 0 0
 123 142268.000 77456.000 0 0 0.000 0.000 0.000 0.134 0 1 0 0 0 0
 124 68266.000 136563.000 0 0 0.000 0.000 0.000 0.130 0 1 0 0 0 0
 125 56074.000 120306.000 0 0 0.000 0.000 0.000 0.145 0 1 0 0 0 0
 126 105345.000 148858.000 0 0 0.000 0.000 0.000 0.153 0 1 0 0 0 0
 127 148075.000 110786.000 0 0 0.000 0.000 0.000 0.131 0 1 0 0 0 0
 128 90001.000 148618.000 0 0 0.000 0.000 0.000 0.132 0 1 0 0 0 0
 129 113063.000 52005.000 0 0 0.000 0.000 0.000 0.153 0 1 0 0 0 0
 130 147738.000 85722.000 0 0 0.000 0.000 0.000 0.137 0 1 0 0 0 0
 131 102877.000 150250.000 0 0 0.000 0.000 0.000 0.147 0 1 0 0 0 0
 132 103590.000 150401.000 0 0 0.000 0.000 0.000 0.132 0 1 0 0 0 0
 133 61437.000 67232.000 0 0 0.000 0.000 0.000 0.150 0 1 0 0 0 0
 134 105669.000 151443.000 0 0 0.000 0.000 0.000 0.135 0 1 0 0 0 0
 135 70333.000 57873.000 0 0 0.000 0.000 0.000 0.130 0 1 0 0 0 0
 136 142185.000 70239.000 0 0 0.000 0.000 0.000 0.138 0 1 0 0 0 0
 137 86048.000 49788.000 0 0 0.000 0.000 0.000 0.159 0 1 0 0 0 0
 138 96348.000 152852.000 0 0 0.000 0.000 0.000 0.131 0 1 0 0 0 0
 139 75718.000 52420.000 0 0 0.000 0.000 0.000 0.132 0 1 0 0 0 0
 140 57354.000 133920.000 0 0 0.000 0.000 0.000 0.134 0 1 0 0 0 0
 141 46045.000 89489.000 0 0 0.000 0.000 0.000 0.136 0 1 0 0 0 0
 142 53011.000 71426.000 0 0 0.000 0.000 0.000 0.147 0 1 0 0 0 0
 143 117229.000 152668.000 0 0 0.000 0.000 0.000 0.130 0 1 0 0 0 0
 144 61459.000 140176.000 0 0 0.000 0.000 0.000 0.134 0 1 0 0 0 0
 145 137177.000 141274.000 0 0 0.000 0.000 0.000 0.134 0 1 0 0 0 0
 146 150502.000 76546.000 0 0 0.000 0.000 0.000 0.139 0 1 0 0 0 0
 147 138708.000 59102.000 0 0 0.000 0.000 0.000 0.146 0 1 0 0 0 0
 148 54901.000 65488.000 0 0 0.000 0.000 0.000 0.138 0 1 0 0 0 0
 149 46229.000 120631.000 0 0 0.000 0.000 0.000 0.138 0 1 0 0 0 0
 150 49818.000 72243.000 0 0 0.000 0.000 0.000 0.150 0 1 0 0 0 0
 151 141333.000 139774.000 0 0 0.000 0.000 0.000 0.180 0 1 0 0 0 0
 152 129545.000 150532.000 0 0 0.000 0.000 0.000 0.131 0 1 0 0 0 0
 153 154321.000 78314.000 0 0 0.000 0.000 0.000 0.131 0 1 0 0 0 0
 154 82717.000 43605.000 0 0 0.000 0.000 0.000 0.131 0 1 0 0 0 0
 155 61502.000 145595.000 0 0 0.000 0.000 0.000 0.345 0 1 0 0 0 0
 156 153782.000 125634.000 0 0 0.000 0.000 0.000 0.131 0 1 0 0 0 0
 157 140344.000 56362.000 0 0 0.000 0.000 0.000 0.130 0 1 0 0 0 0
 158 153299.000 126911.000 0 0 0.000 0.000 0.000 0.148 0 1 0 0 0 0
 159 40520.000 109909.000 0 0 0.000 0.000 0.000 0.134 0 1 0 0 0 0
 160 39449.000 95030.000 0 0 0.000 0.000 0.000 0.142 0 1 0 0 0 0
 161 94180.000 160595.000 0 0 0.000 0.000 0.000 0.147 0 1 0 0 0 0
 162 68688.000 47879.000 0 0 0.000 0.000 0.000 0.133 0 1 0 0 0 0
 163 109767.000 160381.000 0 0 0.000 0.000 0.000 0.141 0 1 0 0 0 0
 164 93671.000 160940.000 0 0 0.000 0.000 0.000 0.134 0 1 0 0 0 0
 165 39026.000 104367.000 0 0 0.000 0.000 0.000 0.188 0 1 0 0 0 0
 166 44372.000 74087.000 0 0 0.000 0.000 0.000 0.145 0 1 0 0 0 0
 167 96036.000 161498.000 0 0 0.000 0.000 0.000 0.131 0 1 0 0 0 0
 168 161343.000 102043.000 0 0 0.000 0.000 0.000 0.131 0 1 0 0 0 0
 169 128930.000 154586.000 0 0 0.000 0.000 0.000 0.141 0 1 0 0 0 0
 170 161475.000 94901.000 0 0 0.000 0.000 0.000 0.142 0 1 0 0 0 0
 171 67152.000 47511.000 0 0 0.000 0.000 0.000 0.139 0 1 0 0 0 0
 172 139979.000 52705.000 0 0 0.000 0.000 0.000 0.145 0 1 0 0 0 0
 173 150619.000 64008.000 0 0 0.000 0.000 0.000 0.130 0 1 0 0 0 0
 174 71519.000 155899.000 0 0 0.000 0.000 0.000 0.139 0 1 0 0 0 0
 175 109658.000 38234.000 0 0 0.000 0.000 0.000 0.137 0 1 0 0 0 0
 176 37834.000 112061.000 0 0 0.000 0.000 0.000 0.130 0 1 0 0 0 0
 177 41758.000 75332.000 0 0 0.000 0.000 0.000 0.131 0 1 0 0 0 0
 178 60282.000 50765.000 0 0 0.000 0.000 0.000 0.144 0 1 0 0 0 0
 179 137700.000 48514.000 0 0 0.000 0.000 0.000 0.134 0 1 0 0 0 0
 180 72829.000 158677.000 0 0 0.000 0.000 0.000 0.131 0 1 0 0 0 0
 181 141712.000 51125.000 0 0 0.000 0.000 0.000 0.153 0 1 0 0 0 0
 182 105733.000 164424.000 0 0 0.000 0.000 0.000 0.133 0 1 0 0 0 0
 183 97359.000 165292.000 0 0 0.000 0.000 0.000 0.150 0 1 0 0 0 0
 184 161988.000 79739.000 0 0 0.000 0.000 0.000 0.134 0 1 0 0 0 0
 185 149512.000 57386.000 0 0 0.000 0.000 0.000 0.133 0 1 0 0 0 0
 186 129756.000 158461.000 0 0 0.000 0.000 0.000 0.131 0 1 0 0 0 0
 187 159486.000 70913.000 0 0 0.000 0.000 0.000 0.131 0 1 0 0 0 0
 188 99834.000 167039.000 0 0 0.000 0.000 0.000 0.136 0 1 0 0 0 0
 189 161929.000 72154.000 0 0 0.000 0.000 0.000 0.132 0 1 0 0 0 0
 190 166485.000 86021.000 0 0 0.000 0.000 0.000 0.140 0 1 0 0 0 0
 191 154819.000 140655.000 0 0 0.000 0.000 0.000 0.136 0 1 0 0 0 0
 192 83510.000 166930.000 0 0 0.000 0.000 0.000 0.140 0 1 0 0 0 0
 193 103583.000 31451.000 0 0 0.000 0.000 0.000 0.132 0 1 0 0 0 0
 194 115336.000 32700.000 0 0 0.000 0.000 0.000 0.132 0 1 0 0 0 0
 195 130472.000 38032.000 0 0 0.000 0.000 0.000 0.136 0 1 0 0 0 0
 196 121176.000 34035.000 0 0 0.000 0.000 0.000 0.134 0 1 0 0 0 0
 197 65842.000 39419.000 0 0 0.000 0.000 0.000 0.134 0 1 0 0 0 0
 198 163457.000 71362.000 0 0 0.000 0.000 0.000 0.163 0 1 0 0 0 0
 199 160445.000 135114.000 0 0 0.000 0.000 0.000 0.144 0 1 0 0 0 0
 200 80800.000 168229.000 0 0 0.000 0.000 0.000 0.134 0 1 0 0 0 0
 201 156976.000 58075.000 0 0 0.000 0.000 0.000 0.133 0 1 0 0 0 0
 202 168881.000 83463.000 0 0 0.000 0.000 0.000 0.141 0 1 0 0 0 0
 203 105806.000 26247.000 0 0 0.000 0.000 0.000 0.130 0 1 0 0 0 0
 204 25934.000 90777.000 0 0 0.000 0.000 0.000 0.149 0 1 0 0 0 0
 205 43420.000 51598.000 0 0 0.000 0.000 0.000 0.142 0 1 0 0 0 0
 206 74563.000 30178.000 0 0 0.000 0.000 0.000 0.130 0 1 0 0 0 0
 207 107914.000 25035.000 0 0 0.000 0.000 0.000 0.131 0 1 0 0 0 0
 208 54858.000 38880.000 0 0 0.000 0.000 0.000 0.157 0 1 0 0 0 0
 209 171384.000 126979.000 0 0 0.000 0.000 0.000 0.132 0 1 0 0 0 0
 210 84285.000 176217.000 0 0 0.000 0.000 0.000 0.235 0 1 0 0 0 0
 211 162069.000 146899.000 0 0 0.000 0.000 0.000 0.132 0 1 0 0 0 0
 212 108661.000 179436.000 0 0 0.000 0.000 0.000 0.139 0 1 0 0 0 0
 213 169899.000 58765.000 0 0 0.000 0.000 0.000 0.139 0 1 0 0 0 0
 214 108879.000 182758.000 0 0 0.000 0.000 0.000 0.276 0 1 0 0 0 0
 215 21340.000 131506.000 0 0 0.000 0.000 0.000 0.133 0 1 0 0 0 0
 216 185750.000 110271.000 0 0 0.000 0.000 0.000 0.130 0 1 0 0 0 0
 217 186539.000 103940.000 0 0 0.000 0.000 0.000 0.144 0 1 0 0 0 0
 218 186668.000 105136.000 0 0 0.000 0.000 0.000 0.132 0 1 0 0 0 0
 219 142386.000 176714.000 0 0 0.000 0.000 0.000 0.186 0 1 0 0 0 0
 220 123472.000 185316.000 0 0 0.000 0.000 0.000 0.137 0 1 0 0 0 0
 221 112170.000 188819.000 0 0 0.000 0.000 0.000 0.263 0 1 0 0 0 0
 222 66569.000 183479.000 0 0 0.000 0.000 0.000 0.271 0 1 0 0 0 0
 223 25854.000 40698.000 0 0 0.000 0.000 0.000 200000.000 0 1 0 200 0 0
 224 145244.000 16561.000 0 0 0.000 0.000 0.000 0.137 0 1 0 0 0 0;
ProcessEquipmentIDList 1
  "6565" ;
SummarySpec 5
  TESTNO    NDEFECT    DEFDENSITY    NDIE    NDEFDIE  ;
SummaryList 
  1    224    0.819    1    1  ;
EndOfFile;
