FileVersion 1 2;
FileTimestamp 02-08-26 20:37:36;
InspectionStationID "KLA-Tencor" "SFSSP1" "0901-0728-TBI";
SampleType WAFER;
ResultTimestamp 02-08-26 20:23:08;
LotID "2580";
SampleSize 1 200;
DeviceID "None";
SetupID "T2-2580NR" 02-08-26 20:23:08;
StepID "6930";
SampleOrientationMarkType NOTCH;
OrientationMarkLocation DOWN;
DiePitch 200000 200000;
DieOrigin 0 0;
WaferID "24";
Slot 24;
SampleCenterLocation 100000 100000;
ClassLookup 1
  0 "0"  ;
OrientationInstructions "Front";
CoordinatesMirrored No;
InspectionTest 1;
SampleTestPlan 1
  0 0 ;
AreaPerTest 2.73522e+010;
DefectRecordSpec 15 DEFECTID XREL YREL XINDEX YINDEX XSIZE YSIZE DEFECTAREA DSIZE CLASSNUMBER TEST CLUSTERNUMBER ROUGHBINNUMBER FINEBINNUMBER REVIEWSAMPLE ;
DefectList
 1 100552.000 102632.000 0 0 0.000 0.000 0.000 0.151 0 1 0 0 0 0
 2 99243.000 105318.000 0 0 0.000 0.000 0.000 0.138 0 1 0 0 0 0
 3 102144.000 106056.000 0 0 0.000 0.000 0.000 0.203 0 1 0 0 0 0
 4 106572.000 101553.000 0 0 0.000 0.000 0.000 0.136 0 1 0 0 0 0
 5 106493.000 102746.000 0 0 0.000 0.000 0.000 0.130 0 1 0 0 0 0
 6 107168.000 102189.000 0 0 0.000 0.000 0.000 0.148 0 1 0 0 0 0
 7 91830.000 102515.000 0 0 0.000 0.000 0.000 0.141 0 1 0 0 0 0
 8 91514.000 95930.000 0 0 0.000 0.000 0.000 0.163 0 1 0 0 0 0
 9 109142.000 95618.000 0 0 0.000 0.000 0.000 0.131 0 1 0 0 0 0
 10 97012.000 88449.000 0 0 0.000 0.000 0.000 0.159 0 1 0 0 0 0
 11 104725.000 88556.000 0 0 0.000 0.000 0.000 0.147 0 1 0 0 0 0
 12 112528.000 103616.000 0 0 0.000 0.000 0.000 0.140 0 1 0 0 0 0
 13 88514.000 93562.000 0 0 0.000 0.000 0.000 0.159 0 1 0 0 0 0
 14 94873.000 112711.000 0 0 0.000 0.000 0.000 0.159 0 1 0 0 0 0
 15 87695.000 108556.000 0 0 0.000 0.000 0.000 0.139 0 1 0 0 0 0
 16 91608.000 87189.000 0 0 0.000 0.000 0.000 0.144 0 1 0 0 0 0
 17 115452.000 106322.000 0 0 0.000 0.000 0.000 0.144 0 1 0 0 0 0
 18 112737.000 88613.000 0 0 0.000 0.000 0.000 0.132 0 1 0 0 0 0
 19 109064.000 84858.000 0 0 0.000 0.000 0.000 0.131 0 1 0 0 0 0
 20 113804.000 87042.000 0 0 0.000 0.000 0.000 0.161 0 1 0 0 0 0
 21 90049.000 116545.000 0 0 0.000 0.000 0.000 0.132 0 1 0 0 0 0
 22 86107.000 87023.000 0 0 0.000 0.000 0.000 0.143 0 1 0 0 0 0
 23 81120.000 96140.000 0 0 0.000 0.000 0.000 0.140 0 1 0 0 0 0
 24 90599.000 82547.000 0 0 0.000 0.000 0.000 0.149 0 1 0 0 0 0
 25 119577.000 104931.000 0 0 0.000 0.000 0.000 0.133 0 1 0 0 0 0
 26 101557.000 80147.000 0 0 0.000 0.000 0.000 0.148 0 1 0 0 0 0
 27 119346.000 107655.000 0 0 0.000 0.000 0.000 0.149 0 1 0 0 0 0
 28 116670.000 87275.000 0 0 0.000 0.000 0.000 0.151 0 1 0 0 0 0
 29 112995.000 83296.000 0 0 0.000 0.000 0.000 0.141 0 1 0 0 0 0
 30 93233.000 79572.000 0 0 0.000 0.000 0.000 0.144 0 1 0 0 0 0
 31 112684.000 118160.000 0 0 0.000 0.000 0.000 0.138 0 1 0 0 0 0
 32 105738.000 78682.000 0 0 0.000 0.000 0.000 0.135 0 1 0 0 0 0
 33 103814.000 122440.000 0 0 0.000 0.000 0.000 0.159 0 1 0 0 0 0
 34 121961.000 107695.000 0 0 0.000 0.000 0.000 0.139 0 1 0 0 0 0
 35 93626.000 123659.000 0 0 0.000 0.000 0.000 0.159 0 1 0 0 0 0
 36 80623.000 85659.000 0 0 0.000 0.000 0.000 0.130 0 1 0 0 0 0
 37 97206.000 76144.000 0 0 0.000 0.000 0.000 0.140 0 1 0 0 0 0
 38 119494.000 85218.000 0 0 0.000 0.000 0.000 0.144 0 1 0 0 0 0
 39 98622.000 125196.000 0 0 0.000 0.000 0.000 0.162 0 1 0 0 0 0
 40 74702.000 99895.000 0 0 0.000 0.000 0.000 0.136 0 1 0 0 0 0
 41 117412.000 81299.000 0 0 0.000 0.000 0.000 0.134 0 1 0 0 0 0
 42 94229.000 74907.000 0 0 0.000 0.000 0.000 0.176 0 1 0 0 0 0
 43 120579.000 116500.000 0 0 0.000 0.000 0.000 0.141 0 1 0 0 0 0
 44 79155.000 116598.000 0 0 0.000 0.000 0.000 0.130 0 1 0 0 0 0
 45 110076.000 124906.000 0 0 0.000 0.000 0.000 0.147 0 1 0 0 0 0
 46 77528.000 115548.000 0 0 0.000 0.000 0.000 0.151 0 1 0 0 0 0
 47 124065.000 86486.000 0 0 0.000 0.000 0.000 0.132 0 1 0 0 0 0
 48 72769.000 106891.000 0 0 0.000 0.000 0.000 0.137 0 1 0 0 0 0
 49 79327.000 119452.000 0 0 0.000 0.000 0.000 0.142 0 1 0 0 0 0
 50 83928.000 76929.000 0 0 0.000 0.000 0.000 0.141 0 1 0 0 0 0
 51 95545.000 72318.000 0 0 0.000 0.000 0.000 0.143 0 1 0 0 0 0
 52 97293.000 72111.000 0 0 0.000 0.000 0.000 0.140 0 1 0 0 0 0
 53 126636.000 88268.000 0 0 0.000 0.000 0.000 0.132 0 1 0 0 0 0
 54 75134.000 83868.000 0 0 0.000 0.000 0.000 0.139 0 1 0 0 0 0
 55 92098.000 71597.000 0 0 0.000 0.000 0.000 0.155 0 1 0 0 0 0
 56 88182.000 127811.000 0 0 0.000 0.000 0.000 0.142 0 1 0 0 0 0
 57 97520.000 69773.000 0 0 0.000 0.000 0.000 0.137 0 1 0 0 0 0
 58 76704.000 120261.000 0 0 0.000 0.000 0.000 0.139 0 1 0 0 0 0
 59 129126.000 88741.000 0 0 0.000 0.000 0.000 0.153 0 1 0 0 0 0
 60 73830.000 82357.000 0 0 0.000 0.000 0.000 0.144 0 1 0 0 0 0
 61 81092.000 74868.000 0 0 0.000 0.000 0.000 0.156 0 1 0 0 0 0
 62 132579.000 103249.000 0 0 0.000 0.000 0.000 0.136 0 1 0 0 0 0
 63 66865.000 103574.000 0 0 0.000 0.000 0.000 0.131 0 1 0 0 0 0
 64 73712.000 121794.000 0 0 0.000 0.000 0.000 0.142 0 1 0 0 0 0
 65 88379.000 67879.000 0 0 0.000 0.000 0.000 0.138 0 1 0 0 0 0
 66 101668.000 65809.000 0 0 0.000 0.000 0.000 0.132 0 1 0 0 0 0
 67 134574.000 106142.000 0 0 0.000 0.000 0.000 0.169 0 1 0 0 0 0
 68 66846.000 111949.000 0 0 0.000 0.000 0.000 0.142 0 1 0 0 0 0
 69 102444.000 135467.000 0 0 0.000 0.000 0.000 0.135 0 1 0 0 0 0
 70 131458.000 83950.000 0 0 0.000 0.000 0.000 0.137 0 1 0 0 0 0
 71 117290.000 132007.000 0 0 0.000 0.000 0.000 0.143 0 1 0 0 0 0
 72 136807.000 98710.000 0 0 0.000 0.000 0.000 0.135 0 1 0 0 0 0
 73 110131.000 135963.000 0 0 0.000 0.000 0.000 0.130 0 1 0 0 0 0
 74 110112.000 64336.000 0 0 0.000 0.000 0.000 0.140 0 1 0 0 0 0
 75 69695.000 122085.000 0 0 0.000 0.000 0.000 0.144 0 1 0 0 0 0
 76 114991.000 65561.000 0 0 0.000 0.000 0.000 0.133 0 1 0 0 0 0
 77 113441.000 135668.000 0 0 0.000 0.000 0.000 0.142 0 1 0 0 0 0
 78 72433.000 126154.000 0 0 0.000 0.000 0.000 0.156 0 1 0 0 0 0
 79 125999.000 128027.000 0 0 0.000 0.000 0.000 0.151 0 1 0 0 0 0
 80 80447.000 133171.000 0 0 0.000 0.000 0.000 0.143 0 1 0 0 0 0
 81 123426.000 130714.000 0 0 0.000 0.000 0.000 0.135 0 1 0 0 0 0
 82 86917.000 136521.000 0 0 0.000 0.000 0.000 0.134 0 1 0 0 0 0
 83 117697.000 65900.000 0 0 0.000 0.000 0.000 0.131 0 1 0 0 0 0
 84 64970.000 116897.000 0 0 0.000 0.000 0.000 0.132 0 1 0 0 0 0
 85 136594.000 113226.000 0 0 0.000 0.000 0.000 0.132 0 1 0 0 0 0
 86 102352.000 61005.000 0 0 0.000 0.000 0.000 0.135 0 1 0 0 0 0
 87 113578.000 63337.000 0 0 0.000 0.000 0.000 0.137 0 1 0 0 0 0
 88 70937.000 73553.000 0 0 0.000 0.000 0.000 0.143 0 1 0 0 0 0
 89 96541.000 139588.000 0 0 0.000 0.000 0.000 0.132 0 1 0 0 0 0
 90 61628.000 110667.000 0 0 0.000 0.000 0.000 0.142 0 1 0 0 0 0
 91 60661.000 107754.000 0 0 0.000 0.000 0.000 200000.000 0 1 0 200 0 0
 92 65742.000 80087.000 0 0 0.000 0.000 0.000 0.146 0 1 0 0 0 0
 93 136265.000 82353.000 0 0 0.000 0.000 0.000 0.150 0 1 0 0 0 0
 94 61000.000 107695.000 0 0 0.000 0.000 0.000 200000.000 0 1 0 200 0 0
 95 133987.000 122644.000 0 0 0.000 0.000 0.000 0.130 0 1 0 0 0 0
 96 77083.000 134205.000 0 0 0.000 0.000 0.000 0.140 0 1 0 0 0 0
 97 140772.000 105231.000 0 0 0.000 0.000 0.000 0.146 0 1 0 0 0 0
 98 129459.000 71376.000 0 0 0.000 0.000 0.000 0.146 0 1 0 0 0 0
 99 63280.000 118984.000 0 0 0.000 0.000 0.000 0.133 0 1 0 0 0 0
 100 58633.000 103065.000 0 0 0.000 0.000 0.000 0.147 0 1 0 0 0 0
 101 123987.000 134669.000 0 0 0.000 0.000 0.000 0.201 0 1 0 0 0 0
 102 57454.000 101380.000 0 0 0.000 0.000 0.000 0.133 0 1 0 0 0 0
 103 121698.000 136927.000 0 0 0.000 0.000 0.000 0.140 0 1 0 0 0 0
 104 99287.000 142854.000 0 0 0.000 0.000 0.000 0.131 0 1 0 0 0 0
 105 83421.000 139691.000 0 0 0.000 0.000 0.000 0.131 0 1 0 0 0 0
 106 136150.000 76803.000 0 0 0.000 0.000 0.000 0.130 0 1 0 0 0 0
 107 108411.000 142766.000 0 0 0.000 0.000 0.000 0.135 0 1 0 0 0 0
 108 63514.000 76447.000 0 0 0.000 0.000 0.000 0.130 0 1 0 0 0 0
 109 118926.000 139783.000 0 0 0.000 0.000 0.000 0.133 0 1 0 0 0 0
 110 105771.000 56256.000 0 0 0.000 0.000 0.000 0.133 0 1 0 0 0 0
 111 144522.000 99202.000 0 0 0.000 0.000 0.000 0.148 0 1 0 0 0 0
 112 56252.000 90823.000 0 0 0.000 0.000 0.000 0.147 0 1 0 0 0 0
 113 79004.000 60171.000 0 0 0.000 0.000 0.000 0.140 0 1 0 0 0 0
 114 64656.000 71451.000 0 0 0.000 0.000 0.000 0.142 0 1 0 0 0 0
 115 132848.000 68804.000 0 0 0.000 0.000 0.000 0.130 0 1 0 0 0 0
 116 124415.000 138836.000 0 0 0.000 0.000 0.000 0.140 0 1 0 0 0 0
 117 53791.000 97543.000 0 0 0.000 0.000 0.000 0.144 0 1 0 0 0 0
 118 59064.000 77369.000 0 0 0.000 0.000 0.000 0.151 0 1 0 0 0 0
 119 54548.000 88146.000 0 0 0.000 0.000 0.000 0.130 0 1 0 0 0 0
 120 132488.000 66019.000 0 0 0.000 0.000 0.000 0.154 0 1 0 0 0 0
 121 53805.000 88374.000 0 0 0.000 0.000 0.000 0.130 0 1 0 0 0 0
 122 127268.000 139588.000 0 0 0.000 0.000 0.000 0.146 0 1 0 0 0 0
 123 85346.000 146177.000 0 0 0.000 0.000 0.000 0.143 0 1 0 0 0 0
 124 55860.000 119740.000 0 0 0.000 0.000 0.000 0.139 0 1 0 0 0 0
 125 52718.000 109686.000 0 0 0.000 0.000 0.000 0.140 0 1 0 0 0 0
 126 143077.000 78325.000 0 0 0.000 0.000 0.000 0.242 0 1 0 0 0 0
 127 51489.000 98797.000 0 0 0.000 0.000 0.000 0.131 0 1 0 0 0 0
 128 144757.000 81301.000 0 0 0.000 0.000 0.000 0.139 0 1 0 0 0 0
 129 148642.000 102172.000 0 0 0.000 0.000 0.000 0.137 0 1 0 0 0 0
 130 85527.000 147057.000 0 0 0.000 0.000 0.000 0.131 0 1 0 0 0 0
 131 131027.000 61435.000 0 0 0.000 0.000 0.000 0.135 0 1 0 0 0 0
 132 56434.000 75710.000 0 0 0.000 0.000 0.000 0.148 0 1 0 0 0 0
 133 115877.000 52867.000 0 0 0.000 0.000 0.000 0.131 0 1 0 0 0 0
 134 64238.000 135872.000 0 0 0.000 0.000 0.000 0.139 0 1 0 0 0 0
 135 85502.000 148755.000 0 0 0.000 0.000 0.000 0.138 0 1 0 0 0 0
 136 60685.000 68124.000 0 0 0.000 0.000 0.000 0.169 0 1 0 0 0 0
 137 55035.000 76106.000 0 0 0.000 0.000 0.000 0.139 0 1 0 0 0 0
 138 151118.000 97524.000 0 0 0.000 0.000 0.000 0.143 0 1 0 0 0 0
 139 77175.000 54165.000 0 0 0.000 0.000 0.000 0.136 0 1 0 0 0 0
 140 116205.000 50998.000 0 0 0.000 0.000 0.000 0.133 0 1 0 0 0 0
 141 123475.000 146598.000 0 0 0.000 0.000 0.000 0.131 0 1 0 0 0 0
 142 98758.000 48241.000 0 0 0.000 0.000 0.000 0.141 0 1 0 0 0 0
 143 68953.000 142599.000 0 0 0.000 0.000 0.000 0.130 0 1 0 0 0 0
 144 116720.000 150171.000 0 0 0.000 0.000 0.000 0.142 0 1 0 0 0 0
 145 153204.000 102102.000 0 0 0.000 0.000 0.000 0.131 0 1 0 0 0 0
 146 51307.000 77059.000 0 0 0.000 0.000 0.000 0.146 0 1 0 0 0 0
 147 74870.000 52505.000 0 0 0.000 0.000 0.000 0.134 0 1 0 0 0 0
 148 80545.000 50019.000 0 0 0.000 0.000 0.000 0.141 0 1 0 0 0 0
 149 70870.000 54771.000 0 0 0.000 0.000 0.000 0.142 0 1 0 0 0 0
 150 116271.000 48632.000 0 0 0.000 0.000 0.000 0.146 0 1 0 0 0 0
 151 139553.000 63053.000 0 0 0.000 0.000 0.000 0.141 0 1 0 0 0 0
 152 152178.000 85398.000 0 0 0.000 0.000 0.000 0.132 0 1 0 0 0 0
 153 56318.000 66987.000 0 0 0.000 0.000 0.000 0.156 0 1 0 0 0 0
 154 140561.000 137740.000 0 0 0.000 0.000 0.000 0.139 0 1 0 0 0 0
 155 80027.000 151925.000 0 0 0.000 0.000 0.000 0.148 0 1 0 0 0 0
 156 47751.000 81954.000 0 0 0.000 0.000 0.000 0.149 0 1 0 0 0 0
 157 102627.000 44917.000 0 0 0.000 0.000 0.000 0.141 0 1 0 0 0 0
 158 136427.000 58320.000 0 0 0.000 0.000 0.000 0.148 0 1 0 0 0 0
 159 55978.000 65431.000 0 0 0.000 0.000 0.000 0.134 0 1 0 0 0 0
 160 127882.000 51121.000 0 0 0.000 0.000 0.000 0.145 0 1 0 0 0 0
 161 153839.000 82571.000 0 0 0.000 0.000 0.000 0.152 0 1 0 0 0 0
 162 84384.000 45577.000 0 0 0.000 0.000 0.000 0.142 0 1 0 0 0 0
 163 143029.000 137362.000 0 0 0.000 0.000 0.000 0.132 0 1 0 0 0 0
 164 142549.000 138940.000 0 0 0.000 0.000 0.000 0.138 0 1 0 0 0 0
 165 86801.000 156484.000 0 0 0.000 0.000 0.000 0.136 0 1 0 0 0 0
 166 43377.000 85883.000 0 0 0.000 0.000 0.000 0.138 0 1 0 0 0 0
 167 52782.000 135316.000 0 0 0.000 0.000 0.000 0.141 0 1 0 0 0 0
 168 55991.000 139464.000 0 0 0.000 0.000 0.000 0.131 0 1 0 0 0 0
 169 119472.000 44508.000 0 0 0.000 0.000 0.000 0.148 0 1 0 0 0 0
 170 70425.000 151771.000 0 0 0.000 0.000 0.000 0.139 0 1 0 0 0 0
 171 57347.000 141890.000 0 0 0.000 0.000 0.000 0.131 0 1 0 0 0 0
 172 83439.000 42891.000 0 0 0.000 0.000 0.000 0.139 0 1 0 0 0 0
 173 74007.000 154261.000 0 0 0.000 0.000 0.000 0.147 0 1 0 0 0 0
 174 105433.000 40428.000 0 0 0.000 0.000 0.000 0.135 0 1 0 0 0 0
 175 115301.000 42174.000 0 0 0.000 0.000 0.000 0.139 0 1 0 0 0 0
 176 153850.000 126856.000 0 0 0.000 0.000 0.000 0.160 0 1 0 0 0 0
 177 41938.000 83904.000 0 0 0.000 0.000 0.000 0.137 0 1 0 0 0 0
 178 42225.000 117993.000 0 0 0.000 0.000 0.000 0.140 0 1 0 0 0 0
 179 124205.000 155670.000 0 0 0.000 0.000 0.000 0.130 0 1 0 0 0 0
 180 78907.000 43036.000 0 0 0.000 0.000 0.000 0.131 0 1 0 0 0 0
 181 94180.000 39403.000 0 0 0.000 0.000 0.000 0.165 0 1 0 0 0 0
 182 110028.000 161323.000 0 0 0.000 0.000 0.000 0.139 0 1 0 0 0 0
 183 46599.000 131355.000 0 0 0.000 0.000 0.000 0.131 0 1 0 0 0 0
 184 40642.000 81229.000 0 0 0.000 0.000 0.000 0.130 0 1 0 0 0 0
 185 152291.000 135170.000 0 0 0.000 0.000 0.000 0.140 0 1 0 0 0 0
 186 70103.000 44874.000 0 0 0.000 0.000 0.000 0.141 0 1 0 0 0 0
 187 48440.000 63879.000 0 0 0.000 0.000 0.000 0.133 0 1 0 0 0 0
 188 120262.000 160079.000 0 0 0.000 0.000 0.000 0.137 0 1 0 0 0 0
 189 140496.000 50483.000 0 0 0.000 0.000 0.000 0.138 0 1 0 0 0 0
 190 45783.000 65370.000 0 0 0.000 0.000 0.000 0.151 0 1 0 0 0 0
 191 155299.000 67194.000 0 0 0.000 0.000 0.000 0.144 0 1 0 0 0 0
 192 135847.000 153961.000 0 0 0.000 0.000 0.000 0.136 0 1 0 0 0 0
 193 64692.000 45723.000 0 0 0.000 0.000 0.000 0.137 0 1 0 0 0 0
 194 45846.000 63547.000 0 0 0.000 0.000 0.000 0.130 0 1 0 0 0 0
 195 47912.000 60652.000 0 0 0.000 0.000 0.000 0.131 0 1 0 0 0 0
 196 164317.000 113176.000 0 0 0.000 0.000 0.000 0.140 0 1 0 0 0 0
 197 116806.000 36217.000 0 0 0.000 0.000 0.000 0.145 0 1 0 0 0 0
 198 162422.000 124159.000 0 0 0.000 0.000 0.000 0.140 0 1 0 0 0 0
 199 49835.000 144594.000 0 0 0.000 0.000 0.000 0.135 0 1 0 0 0 0
 200 166982.000 99208.000 0 0 0.000 0.000 0.000 0.146 0 1 0 0 0 0
 201 123816.000 36814.000 0 0 0.000 0.000 0.000 0.132 0 1 0 0 0 0
 202 111224.000 168025.000 0 0 0.000 0.000 0.000 0.130 0 1 0 0 0 0
 203 167620.000 80780.000 0 0 0.000 0.000 0.000 0.134 0 1 0 0 0 0
 204 152945.000 53288.000 0 0 0.000 0.000 0.000 0.130 0 1 0 0 0 0
 205 114521.000 30819.000 0 0 0.000 0.000 0.000 0.140 0 1 0 0 0 0
 206 45503.000 54515.000 0 0 0.000 0.000 0.000 0.136 0 1 0 0 0 0
 207 136546.000 163311.000 0 0 0.000 0.000 0.000 0.136 0 1 0 0 0 0
 208 46663.000 50138.000 0 0 0.000 0.000 0.000 0.133 0 1 0 0 0 0
 209 162801.000 61196.000 0 0 0.000 0.000 0.000 0.136 0 1 0 0 0 0
 210 25196.000 98682.000 0 0 0.000 0.000 0.000 0.144 0 1 0 0 0 0
 211 143105.000 162054.000 0 0 0.000 0.000 0.000 0.132 0 1 0 0 0 0
 212 175513.000 113034.000 0 0 0.000 0.000 0.000 0.141 0 1 0 0 0 0
 213 105950.000 176643.000 0 0 0.000 0.000 0.000 0.130 0 1 0 0 0 0
 214 108488.000 24025.000 0 0 0.000 0.000 0.000 0.132 0 1 0 0 0 0
 215 176761.000 97204.000 0 0 0.000 0.000 0.000 0.141 0 1 0 0 0 0
 216 54092.000 162028.000 0 0 0.000 0.000 0.000 0.133 0 1 0 0 0 0
 217 64508.000 31299.000 0 0 0.000 0.000 0.000 0.134 0 1 0 0 0 0
 218 59778.000 33561.000 0 0 0.000 0.000 0.000 0.148 0 1 0 0 0 0
 219 175589.000 118642.000 0 0 0.000 0.000 0.000 0.130 0 1 0 0 0 0
 220 21367.000 99691.000 0 0 0.000 0.000 0.000 0.131 0 1 0 0 0 0
 221 162525.000 151740.000 0 0 0.000 0.000 0.000 0.136 0 1 0 0 0 0
 222 28802.000 57946.000 0 0 0.000 0.000 0.000 0.147 0 1 0 0 0 0
 223 62911.000 24981.000 0 0 0.000 0.000 0.000 0.158 0 1 0 0 0 0
 224 178947.000 66094.000 0 0 0.000 0.000 0.000 0.206 0 1 0 0 0 0
 225 64119.000 21941.000 0 0 0.000 0.000 0.000 0.134 0 1 0 0 0 0
 226 145863.000 25967.000 0 0 0.000 0.000 0.000 0.136 0 1 0 0 0 0
 227 27607.000 48940.000 0 0 0.000 0.000 0.000 0.142 0 1 0 0 0 0
 228 161461.000 165369.000 0 0 0.000 0.000 0.000 0.131 0 1 0 0 0 0
 229 24687.000 157446.000 0 0 0.000 0.000 0.000 0.133 0 1 0 0 0 0;
ProcessEquipmentIDList 1
  "6565" ;
SummarySpec 5
  TESTNO    NDEFECT    DEFDENSITY    NDIE    NDEFDIE  ;
SummaryList 
  1    229    0.8372    1    1  ;
EndOfFile;
