FileVersion 1 2;
FileTimestamp 02-08-26 21:50:39;
InspectionStationID "KLA-Tencor" "SFSSP1" "0901-0728-TBI";
SampleType WAFER;
ResultTimestamp 02-08-26 21:47:19;
LotID "2580";
SampleSize 1 200;
DeviceID "None";
SetupID "T2-2580NR" 02-08-26 21:47:19;
StepID "6930";
SampleOrientationMarkType NOTCH;
OrientationMarkLocation DOWN;
DiePitch 200000 200000;
DieOrigin 0 0;
WaferID "05";
Slot 5;
SampleCenterLocation 100000 100000;
ClassLookup 1
  0 "0"  ;
OrientationInstructions "Front";
CoordinatesMirrored No;
InspectionTest 1;
SampleTestPlan 1
  0 0 ;
AreaPerTest 2.73516e+010;
DefectRecordSpec 15 DEFECTID XREL YREL XINDEX YINDEX XSIZE YSIZE DEFECTAREA DSIZE CLASSNUMBER TEST CLUSTERNUMBER ROUGHBINNUMBER FINEBINNUMBER REVIEWSAMPLE ;
DefectList
 1 102878.000 98061.000 0 0 0.000 0.000 0.000 0.138 0 1 0 0 0 0
 2 96251.000 97532.000 0 0 0.000 0.000 0.000 0.137 0 1 0 0 0 0
 3 104692.000 100092.000 0 0 0.000 0.000 0.000 0.144 0 1 0 0 0 0
 4 97072.000 94181.000 0 0 0.000 0.000 0.000 0.133 0 1 0 0 0 0
 5 92579.000 104886.000 0 0 0.000 0.000 0.000 0.134 0 1 0 0 0 0
 6 107592.000 95296.000 0 0 0.000 0.000 0.000 0.131 0 1 0 0 0 0
 7 93196.000 93179.000 0 0 0.000 0.000 0.000 0.131 0 1 0 0 0 0
 8 110160.000 99714.000 0 0 0.000 0.000 0.000 0.139 0 1 0 0 0 0
 9 109311.000 93574.000 0 0 0.000 0.000 0.000 0.240 0 1 0 0 0 0
 10 107387.000 109617.000 0 0 0.000 0.000 0.000 0.133 0 1 0 0 0 0
 11 90013.000 92768.000 0 0 0.000 0.000 0.000 0.208 0 1 0 0 0 0
 12 106149.000 88749.000 0 0 0.000 0.000 0.000 0.134 0 1 0 0 0 0
 13 113297.000 97170.000 0 0 0.000 0.000 0.000 0.132 0 1 0 0 0 0
 14 96857.000 114622.000 0 0 0.000 0.000 0.000 0.131 0 1 0 0 0 0
 15 103976.000 85919.000 0 0 0.000 0.000 0.000 0.131 0 1 0 0 0 0
 16 88033.000 90192.000 0 0 0.000 0.000 0.000 0.143 0 1 0 0 0 0
 17 112044.000 110145.000 0 0 0.000 0.000 0.000 0.155 0 1 0 0 0 0
 18 113118.000 90785.000 0 0 0.000 0.000 0.000 0.135 0 1 0 0 0 0
 19 116309.000 99762.000 0 0 0.000 0.000 0.000 0.131 0 1 0 0 0 0
 20 102574.000 116442.000 0 0 0.000 0.000 0.000 0.154 0 1 0 0 0 0
 21 96427.000 83996.000 0 0 0.000 0.000 0.000 0.145 0 1 0 0 0 0
 22 96676.000 117323.000 0 0 0.000 0.000 0.000 0.133 0 1 0 0 0 0
 23 116054.000 108468.000 0 0 0.000 0.000 0.000 0.135 0 1 0 0 0 0
 24 119680.000 98518.000 0 0 0.000 0.000 0.000 0.141 0 1 0 0 0 0
 25 116524.000 87267.000 0 0 0.000 0.000 0.000 0.173 0 1 0 0 0 0
 26 119478.000 108625.000 0 0 0.000 0.000 0.000 0.133 0 1 0 0 0 0
 27 89302.000 119371.000 0 0 0.000 0.000 0.000 0.131 0 1 0 0 0 0
 28 113686.000 82815.000 0 0 0.000 0.000 0.000 0.143 0 1 0 0 0 0
 29 82352.000 86668.000 0 0 0.000 0.000 0.000 0.144 0 1 0 0 0 0
 30 122588.000 105593.000 0 0 0.000 0.000 0.000 0.132 0 1 0 0 0 0
 31 79847.000 86856.000 0 0 0.000 0.000 0.000 0.132 0 1 0 0 0 0
 32 123379.000 107538.000 0 0 0.000 0.000 0.000 0.135 0 1 0 0 0 0
 33 83995.000 80284.000 0 0 0.000 0.000 0.000 0.130 0 1 0 0 0 0
 34 81094.000 82755.000 0 0 0.000 0.000 0.000 0.147 0 1 0 0 0 0
 35 77375.000 112801.000 0 0 0.000 0.000 0.000 0.146 0 1 0 0 0 0
 36 125908.000 101953.000 0 0 0.000 0.000 0.000 0.148 0 1 0 0 0 0
 37 119349.000 120218.000 0 0 0.000 0.000 0.000 0.138 0 1 0 0 0 0
 38 115925.000 123060.000 0 0 0.000 0.000 0.000 0.137 0 1 0 0 0 0
 39 91070.000 126636.000 0 0 0.000 0.000 0.000 0.145 0 1 0 0 0 0
 40 106097.000 127735.000 0 0 0.000 0.000 0.000 0.144 0 1 0 0 0 0
 41 105398.000 72199.000 0 0 0.000 0.000 0.000 0.135 0 1 0 0 0 0
 42 70807.000 98792.000 0 0 0.000 0.000 0.000 0.130 0 1 0 0 0 0
 43 103023.000 129720.000 0 0 0.000 0.000 0.000 0.132 0 1 0 0 0 0
 44 81100.000 75772.000 0 0 0.000 0.000 0.000 0.223 0 1 0 0 0 0
 45 113988.000 127886.000 0 0 0.000 0.000 0.000 0.137 0 1 0 0 0 0
 46 127239.000 115193.000 0 0 0.000 0.000 0.000 0.142 0 1 0 0 0 0
 47 70126.000 109818.000 0 0 0.000 0.000 0.000 0.146 0 1 0 0 0 0
 48 69179.000 90664.000 0 0 0.000 0.000 0.000 0.142 0 1 0 0 0 0
 49 128597.000 115454.000 0 0 0.000 0.000 0.000 0.134 0 1 0 0 0 0
 50 101914.000 132834.000 0 0 0.000 0.000 0.000 0.135 0 1 0 0 0 0
 51 112122.000 69713.000 0 0 0.000 0.000 0.000 0.130 0 1 0 0 0 0
 52 70321.000 82907.000 0 0 0.000 0.000 0.000 0.131 0 1 0 0 0 0
 53 118330.000 129256.000 0 0 0.000 0.000 0.000 0.130 0 1 0 0 0 0
 54 72683.000 121633.000 0 0 0.000 0.000 0.000 0.149 0 1 0 0 0 0
 55 130811.000 116135.000 0 0 0.000 0.000 0.000 0.136 0 1 0 0 0 0
 56 124156.000 125063.000 0 0 0.000 0.000 0.000 0.132 0 1 0 0 0 0
 57 87912.000 67300.000 0 0 0.000 0.000 0.000 0.137 0 1 0 0 0 0
 58 65012.000 105803.000 0 0 0.000 0.000 0.000 0.133 0 1 0 0 0 0
 59 89800.000 134486.000 0 0 0.000 0.000 0.000 0.139 0 1 0 0 0 0
 60 117408.000 131499.000 0 0 0.000 0.000 0.000 0.136 0 1 0 0 0 0
 61 126339.000 125160.000 0 0 0.000 0.000 0.000 0.149 0 1 0 0 0 0
 62 127782.000 123728.000 0 0 0.000 0.000 0.000 0.143 0 1 0 0 0 0
 63 135532.000 91823.000 0 0 0.000 0.000 0.000 0.136 0 1 0 0 0 0
 64 82804.000 132632.000 0 0 0.000 0.000 0.000 0.130 0 1 0 0 0 0
 65 67644.000 82345.000 0 0 0.000 0.000 0.000 0.147 0 1 0 0 0 0
 66 78032.000 70382.000 0 0 0.000 0.000 0.000 0.142 0 1 0 0 0 0
 67 95750.000 137493.000 0 0 0.000 0.000 0.000 0.139 0 1 0 0 0 0
 68 112819.000 64706.000 0 0 0.000 0.000 0.000 0.202 0 1 0 0 0 0
 69 114550.000 135733.000 0 0 0.000 0.000 0.000 0.142 0 1 0 0 0 0
 70 61840.000 109657.000 0 0 0.000 0.000 0.000 0.135 0 1 0 0 0 0
 71 139388.000 103664.000 0 0 0.000 0.000 0.000 0.137 0 1 0 0 0 0
 72 69697.000 126603.000 0 0 0.000 0.000 0.000 0.130 0 1 0 0 0 0
 73 115508.000 63240.000 0 0 0.000 0.000 0.000 0.133 0 1 0 0 0 0
 74 80444.000 137570.000 0 0 0.000 0.000 0.000 0.131 0 1 0 0 0 0
 75 57495.000 104873.000 0 0 0.000 0.000 0.000 0.142 0 1 0 0 0 0
 76 120896.000 62132.000 0 0 0.000 0.000 0.000 200000.000 0 1 0 200 0 0
 77 57232.000 91488.000 0 0 0.000 0.000 0.000 0.144 0 1 0 0 0 0
 78 75508.000 63832.000 0 0 0.000 0.000 0.000 0.133 0 1 0 0 0 0
 79 56257.000 111205.000 0 0 0.000 0.000 0.000 0.146 0 1 0 0 0 0
 80 72158.000 138294.000 0 0 0.000 0.000 0.000 0.133 0 1 0 0 0 0
 81 63507.000 69616.000 0 0 0.000 0.000 0.000 0.136 0 1 0 0 0 0
 82 81636.000 144580.000 0 0 0.000 0.000 0.000 0.137 0 1 0 0 0 0
 83 122811.000 57948.000 0 0 0.000 0.000 0.000 200000.000 0 1 0 200 0 0
 84 123205.000 57813.000 0 0 0.000 0.000 0.000 0.135 0 1 0 0 0 0
 85 116370.000 146131.000 0 0 0.000 0.000 0.000 0.136 0 1 0 0 0 0
 86 123468.000 57338.000 0 0 0.000 0.000 0.000 200000.000 0 1 0 200 0 0
 87 148071.000 112068.000 0 0 0.000 0.000 0.000 0.132 0 1 0 0 0 0
 88 84377.000 52835.000 0 0 0.000 0.000 0.000 0.145 0 1 0 0 0 0
 89 81859.000 53698.000 0 0 0.000 0.000 0.000 0.265 0 1 0 0 0 0
 90 140082.000 70251.000 0 0 0.000 0.000 0.000 0.139 0 1 0 0 0 0
 91 132340.000 138629.000 0 0 0.000 0.000 0.000 0.146 0 1 0 0 0 0
 92 54925.000 76202.000 0 0 0.000 0.000 0.000 0.240 0 1 0 0 0 0
 93 50617.000 115941.000 0 0 0.000 0.000 0.000 0.133 0 1 0 0 0 0
 94 96393.000 48049.000 0 0 0.000 0.000 0.000 0.136 0 1 0 0 0 0
 95 147243.000 124176.000 0 0 0.000 0.000 0.000 0.131 0 1 0 0 0 0
 96 92185.000 46140.000 0 0 0.000 0.000 0.000 0.343 0 1 0 0 0 0
 97 110590.000 46358.000 0 0 0.000 0.000 0.000 0.148 0 1 0 0 0 0
 98 65759.000 56283.000 0 0 0.000 0.000 0.000 0.133 0 1 0 0 0 0
 99 112206.000 156142.000 0 0 0.000 0.000 0.000 0.144 0 1 0 0 0 0
 100 157120.000 106340.000 0 0 0.000 0.000 0.000 0.137 0 1 0 0 0 0
 101 81094.000 154569.000 0 0 0.000 0.000 0.000 0.130 0 1 0 0 0 0
 102 123178.000 153216.000 0 0 0.000 0.000 0.000 0.132 0 1 0 0 0 0
 103 41795.000 104445.000 0 0 0.000 0.000 0.000 0.130 0 1 0 0 0 0
 104 41613.000 97889.000 0 0 0.000 0.000 0.000 0.147 0 1 0 0 0 0
 105 127472.000 152321.000 0 0 0.000 0.000 0.000 0.142 0 1 0 0 0 0
 106 155310.000 79829.000 0 0 0.000 0.000 0.000 0.132 0 1 0 0 0 0
 107 150784.000 130381.000 0 0 0.000 0.000 0.000 0.135 0 1 0 0 0 0
 108 84777.000 157498.000 0 0 0.000 0.000 0.000 0.293 0 1 0 0 0 0
 109 99136.000 40354.000 0 0 0.000 0.000 0.000 0.221 0 1 0 0 0 0
 110 154573.000 75141.000 0 0 0.000 0.000 0.000 0.135 0 1 0 0 0 0
 111 144547.000 58505.000 0 0 0.000 0.000 0.000 0.137 0 1 0 0 0 0
 112 63671.000 50766.000 0 0 0.000 0.000 0.000 0.170 0 1 0 0 0 0
 113 38262.000 99406.000 0 0 0.000 0.000 0.000 0.130 0 1 0 0 0 0
 114 125641.000 43803.000 0 0 0.000 0.000 0.000 0.165 0 1 0 0 0 0
 115 117165.000 40478.000 0 0 0.000 0.000 0.000 0.145 0 1 0 0 0 0
 116 47369.000 66325.000 0 0 0.000 0.000 0.000 0.133 0 1 0 0 0 0
 117 162131.000 109409.000 0 0 0.000 0.000 0.000 0.141 0 1 0 0 0 0
 118 128045.000 43812.000 0 0 0.000 0.000 0.000 200000.000 0 1 0 200 0 0
 119 41986.000 125257.000 0 0 0.000 0.000 0.000 0.139 0 1 0 0 0 0
 120 155426.000 68785.000 0 0 0.000 0.000 0.000 0.135 0 1 0 0 0 0
 121 39363.000 123401.000 0 0 0.000 0.000 0.000 0.153 0 1 0 0 0 0
 122 76444.000 38331.000 0 0 0.000 0.000 0.000 0.137 0 1 0 0 0 0
 123 31281.000 110130.000 0 0 0.000 0.000 0.000 0.134 0 1 0 0 0 0
 124 41168.000 141062.000 0 0 0.000 0.000 0.000 0.212 0 1 0 0 0 0
 125 132421.000 35761.000 0 0 0.000 0.000 0.000 0.133 0 1 0 0 0 0
 126 163874.000 61679.000 0 0 0.000 0.000 0.000 0.223 0 1 0 0 0 0
 127 63622.000 166064.000 0 0 0.000 0.000 0.000 0.141 0 1 0 0 0 0
 128 25856.000 73357.000 0 0 0.000 0.000 0.000 0.274 0 1 0 0 0 0
 129 52594.000 35569.000 0 0 0.000 0.000 0.000 0.140 0 1 0 0 0 0
 130 182669.000 113819.000 0 0 0.000 0.000 0.000 0.189 0 1 0 0 0 0
 131 13220.000 115366.000 0 0 0.000 0.000 0.000 0.138 0 1 0 0 0 0
 132 13213.000 115286.000 0 0 0.000 0.000 0.000 0.134 0 1 0 0 0 0
 133 191063.000 111917.000 0 0 0.000 0.000 0.000 0.202 0 1 0 0 0 0;
ProcessEquipmentIDList 1
  "6565" ;
SummarySpec 5
  TESTNO    NDEFECT    DEFDENSITY    NDIE    NDEFDIE  ;
SummaryList 
  1    133    0.4863    1    1  ;
EndOfFile;
