FileVersion 1 2;
FileTimestamp 02-08-26 21:18:22;
InspectionStationID "KLA-Tencor" "SFSSP1" "0901-0728-TBI";
SampleType WAFER;
ResultTimestamp 02-08-26 21:06:36;
LotID "2580";
SampleSize 1 200;
DeviceID "None";
SetupID "T2-2580NR" 02-08-26 21:06:36;
StepID "6930";
SampleOrientationMarkType NOTCH;
OrientationMarkLocation DOWN;
DiePitch 200000 200000;
DieOrigin 0 0;
WaferID "20";
Slot 20;
SampleCenterLocation 100000 100000;
ClassLookup 1
  0 "0"  ;
OrientationInstructions "Front";
CoordinatesMirrored No;
InspectionTest 1;
SampleTestPlan 1
  0 0 ;
AreaPerTest 2.73516e+010;
ClusterClassificationList 6
  1 210 
  5 210 
  2 210 
  4 200 
  3 200 
  6 200 ;
DefectRecordSpec 15 DEFECTID XREL YREL XINDEX YINDEX XSIZE YSIZE DEFECTAREA DSIZE CLASSNUMBER TEST CLUSTERNUMBER ROUGHBINNUMBER FINEBINNUMBER REVIEWSAMPLE ;
DefectList
 1 100351.000 102249.000 0 0 0.000 0.000 0.000 0.147 0 1 0 0 0 0
 2 96924.000 105296.000 0 0 0.000 0.000 0.000 0.130 0 1 0 0 0 0
 3 108189.000 99590.000 0 0 0.000 0.000 0.000 0.456 0 1 0 0 0 0
 4 97520.000 109805.000 0 0 0.000 0.000 0.000 0.131 0 1 0 0 0 0
 5 93270.000 108516.000 0 0 0.000 0.000 0.000 0.148 0 1 0 0 0 0
 6 92030.000 108100.000 0 0 0.000 0.000 0.000 0.140 0 1 0 0 0 0
 7 89164.000 104506.000 0 0 0.000 0.000 0.000 0.132 0 1 0 0 0 0
 8 104127.000 111284.000 0 0 0.000 0.000 0.000 0.130 0 1 0 0 0 0
 9 109817.000 90540.000 0 0 0.000 0.000 0.000 0.131 0 1 0 0 0 0
 10 89582.000 109986.000 0 0 0.000 0.000 0.000 0.146 0 1 0 0 0 0
 11 97587.000 114457.000 0 0 0.000 0.000 0.000 0.144 0 1 0 0 0 0
 12 106127.000 86292.000 0 0 0.000 0.000 0.000 0.141 0 1 0 0 0 0
 13 97379.000 114654.000 0 0 0.000 0.000 0.000 0.138 0 1 0 0 0 0
 14 85395.000 102326.000 0 0 0.000 0.000 0.000 0.131 0 1 0 0 0 0
 15 111683.000 89860.000 0 0 0.000 0.000 0.000 0.134 0 1 0 0 0 0
 16 85560.000 108078.000 0 0 0.000 0.000 0.000 0.131 0 1 0 0 0 0
 17 116345.000 91910.000 0 0 0.000 0.000 0.000 0.131 0 1 0 0 0 0
 18 102879.000 81446.000 0 0 0.000 0.000 0.000 0.136 0 1 0 0 0 0
 19 111672.000 84979.000 0 0 0.000 0.000 0.000 0.158 0 1 0 0 0 0
 20 100958.000 118944.000 0 0 0.000 0.000 0.000 0.142 0 1 0 0 0 0
 21 91431.000 82932.000 0 0 0.000 0.000 0.000 0.132 0 1 0 0 0 0
 22 83030.000 91293.000 0 0 0.000 0.000 0.000 0.144 0 1 0 0 0 0
 23 89350.000 83785.000 0 0 0.000 0.000 0.000 0.137 0 1 0 0 0 0
 24 79759.000 98408.000 0 0 0.000 0.000 0.000 0.132 0 1 0 0 0 0
 25 119552.000 106788.000 0 0 0.000 0.000 0.000 0.136 0 1 0 0 0 0
 26 107134.000 119355.000 0 0 0.000 0.000 0.000 0.141 0 1 0 0 0 0
 27 96846.000 121998.000 0 0 0.000 0.000 0.000 0.159 0 1 0 0 0 0
 28 120989.000 89514.000 0 0 0.000 0.000 0.000 0.140 0 1 0 0 0 0
 29 103360.000 123196.000 0 0 0.000 0.000 0.000 0.133 0 1 0 0 0 0
 30 85481.000 81224.000 0 0 0.000 0.000 0.000 0.139 0 1 0 0 0 0
 31 115710.000 118159.000 0 0 0.000 0.000 0.000 0.133 0 1 0 0 0 0
 32 85238.000 118902.000 0 0 0.000 0.000 0.000 0.135 0 1 0 0 0 0
 33 97974.000 125929.000 0 0 0.000 0.000 0.000 0.130 0 1 0 0 0 0
 34 121755.000 84764.000 0 0 0.000 0.000 0.000 0.139 0 1 0 0 0 0
 35 120885.000 83372.000 0 0 0.000 0.000 0.000 0.149 0 1 0 0 0 0
 36 76449.000 112796.000 0 0 0.000 0.000 0.000 0.148 0 1 0 0 0 0
 37 94321.000 73199.000 0 0 0.000 0.000 0.000 0.135 0 1 0 0 0 0
 38 80066.000 81144.000 0 0 0.000 0.000 0.000 0.134 0 1 0 0 0 0
 39 112533.000 74932.000 0 0 0.000 0.000 0.000 0.153 0 1 0 0 0 0
 40 100141.000 71329.000 0 0 0.000 0.000 0.000 0.130 0 1 0 0 0 0
 41 120486.000 79344.000 0 0 0.000 0.000 0.000 0.140 0 1 0 0 0 0
 42 78061.000 81320.000 0 0 0.000 0.000 0.000 0.132 0 1 0 0 0 0
 43 71189.000 99916.000 0 0 0.000 0.000 0.000 0.132 0 1 0 0 0 0
 44 118657.000 123176.000 0 0 0.000 0.000 0.000 0.133 0 1 0 0 0 0
 45 119905.000 122921.000 0 0 0.000 0.000 0.000 0.141 0 1 0 0 0 0
 46 93139.000 131144.000 0 0 0.000 0.000 0.000 0.131 0 1 0 0 0 0
 47 107605.000 131407.000 0 0 0.000 0.000 0.000 0.133 0 1 0 0 0 0
 48 126035.000 80269.000 0 0 0.000 0.000 0.000 0.137 0 1 0 0 0 0
 49 88963.000 68573.000 0 0 0.000 0.000 0.000 0.136 0 1 0 0 0 0
 50 133466.000 98094.000 0 0 0.000 0.000 0.000 0.130 0 1 0 0 0 0
 51 68404.000 89322.000 0 0 0.000 0.000 0.000 0.134 0 1 0 0 0 0
 52 69998.000 82388.000 0 0 0.000 0.000 0.000 0.135 0 1 0 0 0 0
 53 134786.000 94286.000 0 0 0.000 0.000 0.000 0.133 0 1 0 0 0 0
 54 65184.000 98315.000 0 0 0.000 0.000 0.000 0.138 0 1 0 0 0 0
 55 72256.000 121180.000 0 0 0.000 0.000 0.000 0.134 0 1 0 0 0 0
 56 95694.000 64838.000 0 0 0.000 0.000 0.000 0.135 0 1 0 0 0 0
 57 64956.000 103770.000 0 0 0.000 0.000 0.000 0.133 0 1 0 0 0 0
 58 93618.000 135362.000 0 0 0.000 0.000 0.000 0.143 0 1 0 0 0 0
 59 87717.000 65916.000 0 0 0.000 0.000 0.000 0.142 0 1 0 0 0 0
 60 103129.000 136296.000 0 0 0.000 0.000 0.000 0.130 0 1 0 0 0 0
 61 66802.000 84876.000 0 0 0.000 0.000 0.000 0.134 0 1 0 0 0 0
 62 94534.000 63754.000 0 0 0.000 0.000 0.000 0.136 0 1 0 0 0 0
 63 96715.000 62698.000 0 0 0.000 0.000 0.000 0.141 0 1 0 0 0 0
 64 81945.000 133537.000 0 0 0.000 0.000 0.000 0.143 0 1 0 0 0 0
 65 79397.000 132566.000 0 0 0.000 0.000 0.000 0.133 0 1 0 0 0 0
 66 135918.000 115655.000 0 0 0.000 0.000 0.000 0.130 0 1 0 0 0 0
 67 129179.000 73447.000 0 0 0.000 0.000 0.000 0.138 0 1 0 0 0 0
 68 116085.000 63071.000 0 0 0.000 0.000 0.000 0.138 0 1 0 0 0 0
 69 78001.000 65496.000 0 0 0.000 0.000 0.000 0.136 0 1 0 0 0 0
 70 129757.000 70852.000 0 0 0.000 0.000 0.000 0.133 0 1 0 0 0 0
 71 106377.000 141452.000 0 0 0.000 0.000 0.000 0.134 0 1 0 0 0 0
 72 57834.000 111427.000 0 0 0.000 0.000 0.000 0.143 0 1 0 0 0 0
 73 60021.000 82113.000 0 0 0.000 0.000 0.000 0.142 0 1 0 0 0 0
 74 65439.000 126841.000 0 0 0.000 0.000 0.000 0.137 0 1 0 0 0 0
 75 111478.000 56125.000 0 0 0.000 0.000 0.000 0.141 0 1 0 0 0 0
 76 141002.000 119888.000 0 0 0.000 0.000 0.000 0.137 0 1 0 0 0 0
 77 124320.000 139144.000 0 0 0.000 0.000 0.000 0.131 0 1 0 0 0 0
 78 134178.000 132034.000 0 0 0.000 0.000 0.000 0.141 0 1 0 0 0 0
 79 145315.000 118519.000 0 0 0.000 0.000 0.000 0.147 0 1 0 0 0 0
 80 102944.000 51107.000 0 0 0.000 0.000 0.000 0.133 0 1 0 0 0 0
 81 53256.000 85546.000 0 0 0.000 0.000 0.000 0.133 0 1 0 0 0 0
 82 145700.000 80859.000 0 0 0.000 0.000 0.000 0.136 0 1 0 0 0 0
 83 122372.000 55208.000 0 0 0.000 0.000 0.000 0.135 0 1 0 0 0 0
 84 61176.000 132142.000 0 0 0.000 0.000 0.000 0.130 0 1 0 0 0 0
 85 144211.000 74672.000 0 0 0.000 0.000 0.000 0.134 0 1 0 0 0 0
 86 151865.000 92492.000 0 0 0.000 0.000 0.000 0.145 0 1 0 0 0 0
 87 48581.000 108818.000 0 0 0.000 0.000 0.000 0.130 0 1 0 0 0 0
 88 142670.000 133188.000 0 0 0.000 0.000 0.000 0.131 0 1 0 0 0 0
 89 145717.000 69853.000 0 0 0.000 0.000 0.000 0.150 0 1 0 0 0 0
 90 108417.000 154088.000 0 0 0.000 0.000 0.000 0.141 0 1 0 0 0 0
 91 61813.000 60475.000 0 0 0.000 0.000 0.000 0.139 0 1 0 0 0 0
 92 125282.000 50830.000 0 0 0.000 0.000 0.000 0.136 0 1 0 0 0 0
 93 152990.000 117765.000 0 0 0.000 0.000 0.000 0.136 0 1 0 0 0 0
 94 73771.000 150756.000 0 0 0.000 0.000 0.000 0.141 0 1 0 0 0 0
 95 99405.000 42390.000 0 0 0.000 0.000 0.000 0.131 0 1 0 0 0 0
 96 69794.000 148749.000 0 0 0.000 0.000 0.000 0.131 0 1 0 0 0 0
 97 158064.000 102359.000 0 0 0.000 0.000 0.000 0.130 0 1 0 0 0 0
 98 44562.000 82975.000 0 0 0.000 0.000 0.000 0.168 0 1 0 0 0 0
 99 153739.000 76697.000 0 0 0.000 0.000 0.000 0.133 0 1 0 0 0 0
 100 131866.000 149354.000 0 0 0.000 0.000 0.000 0.139 0 1 0 0 0 0
 101 118608.000 155959.000 0 0 0.000 0.000 0.000 0.146 0 1 0 0 0 0
 102 61949.000 144786.000 0 0 0.000 0.000 0.000 0.136 0 1 0 0 0 0
 103 41205.000 86174.000 0 0 0.000 0.000 0.000 0.147 0 1 0 0 0 0
 104 118671.000 41774.000 0 0 0.000 0.000 0.000 0.136 0 1 0 0 0 0
 105 72936.000 154400.000 0 0 0.000 0.000 0.000 0.132 0 1 0 0 0 0
 106 148982.000 136701.000 0 0 0.000 0.000 0.000 0.130 0 1 0 0 0 0
 107 87926.000 39132.000 0 0 0.000 0.000 0.000 0.138 0 1 0 0 0 0
 108 103900.000 36794.000 0 0 0.000 0.000 0.000 0.139 0 1 0 0 0 0
 109 36465.000 103392.000 0 0 0.000 0.000 0.000 0.146 0 1 0 0 0 0
 110 115771.000 37397.000 0 0 0.000 0.000 0.000 0.133 0 1 0 0 0 0
 111 92754.000 34289.000 0 0 0.000 0.000 0.000 0.145 0 1 0 0 0 0
 112 72233.000 161962.000 0 0 0.000 0.000 0.000 0.131 0 1 0 0 0 0
 113 71537.000 162337.000 0 0 0.000 0.000 0.000 0.156 0 1 0 0 0 0
 114 157900.000 61242.000 0 0 0.000 0.000 0.000 0.446 0 1 0 0 0 0
 115 169658.000 116461.000 0 0 0.000 0.000 0.000 0.132 0 1 0 0 0 0
 116 34687.000 71009.000 0 0 0.000 0.000 0.000 0.132 0 1 0 0 0 0
 117 110720.000 28456.000 0 0 0.000 0.000 0.000 0.133 0 1 0 0 0 0
 118 28360.000 107537.000 0 0 0.000 0.000 0.000 0.140 0 1 0 0 0 0
 119 160950.000 59168.000 0 0 0.000 0.000 0.000 0.138 0 1 0 0 0 0
 120 161181.000 59419.000 0 0 0.000 0.000 0.000 0.143 0 1 0 0 0 0
 121 161979.000 60307.000 0 0 0.000 0.000 0.000 0.133 0 1 0 0 0 0
 122 162816.000 61258.000 0 0 0.000 0.000 0.000 0.142 0 1 0 0 0 0
 123 164731.000 63459.000 0 0 0.000 0.000 0.000 0.134 0 1 0 0 0 0
 124 167327.000 66533.000 0 0 0.000 0.000 0.000 0.137 0 1 0 0 0 0
 125 167446.000 66671.000 0 0 0.000 0.000 0.000 0.142 0 1 0 0 0 0
 126 168617.000 68080.000 0 0 0.000 0.000 0.000 0.144 0 1 0 0 0 0
 127 169315.000 68932.000 0 0 0.000 0.000 0.000 0.151 0 1 0 0 0 0
 128 169515.000 69185.000 0 0 0.000 0.000 0.000 0.163 0 1 0 0 0 0
 129 169751.000 69462.000 0 0 0.000 0.000 0.000 0.130 0 1 0 0 0 0
 130 170559.000 70458.000 0 0 0.000 0.000 0.000 0.130 0 1 0 0 0 0
 131 171058.000 71075.000 0 0 0.000 0.000 0.000 0.132 0 1 0 0 0 0
 132 172662.000 73084.000 0 0 0.000 0.000 0.000 0.140 0 1 0 0 0 0
 133 173026.000 73551.000 0 0 0.000 0.000 0.000 0.147 0 1 0 0 0 0
 134 121040.000 174752.000 0 0 0.000 0.000 0.000 0.130 0 1 0 0 0 0
 135 122549.000 175411.000 0 0 0.000 0.000 0.000 0.135 0 1 0 0 0 0
 136 125991.000 25529.000 0 0 0.000 0.000 0.000 0.151 0 1 0 0 0 0
 137 103404.000 19721.000 0 0 0.000 0.000 0.000 0.133 0 1 0 0 0 0
 138 179186.000 81673.000 0 0 0.000 0.000 0.000 0.141 0 1 0 0 0 0
 139 18820.000 98622.000 0 0 0.000 0.000 0.000 0.137 0 1 0 0 0 0
 140 33324.000 148206.000 0 0 56.000 48.000 2688.000 51.845 0 1 1 210 0 0
 141 181417.000 84761.000 0 0 0.000 0.000 0.000 0.162 0 1 0 0 0 0
 142 33433.000 148371.000 0 0 56.000 48.000 2688.000 51.845 0 1 1 210 0 0
 143 41756.000 161814.000 0 0 52.000 54.000 2808.000 52.990 0 1 5 210 0 0
 144 30114.000 147906.000 0 0 0.000 0.000 0.000 0.200 0 1 0 0 0 0
 145 41605.000 162208.000 0 0 52.000 54.000 2808.000 52.990 0 1 5 210 0 0
 146 29546.000 148270.000 0 0 0.000 0.000 0.000 0.140 0 1 0 0 0 0
 147 185750.000 91016.000 0 0 0.000 0.000 0.000 0.143 0 1 0 0 0 0
 148 41438.000 162649.000 0 0 52.000 54.000 2808.000 52.990 0 1 5 210 0 0
 149 41464.000 162543.000 0 0 52.000 54.000 2808.000 52.990 0 1 5 210 0 0
 150 28999.000 148665.000 0 0 0.000 0.000 0.000 0.141 0 1 0 0 0 0
 151 41181.000 163447.000 0 0 50.000 54.000 2700.000 51.961 0 1 5 210 0 0
 152 40806.000 164412.000 0 0 0.000 0.000 0.000 0.236 0 1 0 0 0 0
 153 27751.000 149554.000 0 0 54.000 48.000 2592.000 50.911 0 1 2 210 0 0
 154 22447.000 58226.000 0 0 0.000 0.000 0.000 0.251 0 1 0 0 0 0
 155 34095.000 159468.000 0 0 0.000 0.000 0.000 0.134 0 1 0 0 0 0
 156 33996.000 159619.000 0 0 0.000 0.000 0.000 0.130 0 1 0 0 0 0
 157 33872.000 159801.000 0 0 0.000 0.000 0.000 0.145 0 1 0 0 0 0
 158 25776.000 150840.000 0 0 54.000 48.000 2592.000 50.911 0 1 2 210 0 0
 159 24979.000 151195.000 0 0 0.000 0.000 0.000 0.146 0 1 0 0 0 0
 160 24709.000 151337.000 0 0 0.000 0.000 0.000 0.130 0 1 0 0 0 0
 161 31910.000 161134.000 0 0 54.000 50.000 2700.000 51.961 0 1 4 200 0 0
 162 31781.000 161292.000 0 0 54.000 50.000 2700.000 51.961 0 1 4 200 0 0
 163 30060.000 160020.000 0 0 52.000 52.000 2704.000 52.000 0 1 3 200 0 0
 164 30560.000 160919.000 0 0 0.000 0.000 0.000 0.142 0 1 0 0 0 0
 165 29676.000 159672.000 0 0 54.000 52.000 2808.000 52.990 0 1 3 200 0 0
 166 31506.000 161853.000 0 0 54.000 50.000 2700.000 51.961 0 1 4 200 0 0
 167 29324.000 159470.000 0 0 54.000 52.000 2808.000 52.990 0 1 3 200 0 0
 168 38289.000 169143.000 0 0 50.000 52.000 2600.000 50.990 0 1 6 200 0 0
 169 31200.000 162178.000 0 0 54.000 50.000 2700.000 51.961 0 1 4 200 0 0
 170 38189.000 169351.000 0 0 50.000 52.000 2600.000 50.990 0 1 6 200 0 0
 171 30882.000 162337.000 0 0 54.000 50.000 2700.000 51.961 0 1 4 200 0 0
 172 27871.000 158932.000 0 0 0.000 0.000 0.000 0.141 0 1 0 0 0 0
 173 37851.000 170047.000 0 0 50.000 52.000 2600.000 50.990 0 1 6 200 0 0
 174 30694.000 162816.000 0 0 54.000 50.000 2700.000 51.961 0 1 4 200 0 0
 175 27934.000 159710.000 0 0 0.000 0.000 0.000 0.144 0 1 0 0 0 0
 176 28982.000 161016.000 0 0 52.000 52.000 2704.000 52.000 0 1 3 200 0 0
 177 19027.000 52665.000 0 0 0.000 0.000 0.000 0.146 0 1 0 0 0 0
 178 28867.000 161156.000 0 0 52.000 52.000 2704.000 52.000 0 1 3 200 0 0
 179 30189.000 162579.000 0 0 54.000 50.000 2700.000 51.961 0 1 4 200 0 0
 180 37731.000 170235.000 0 0 50.000 52.000 2600.000 50.990 0 1 6 200 0 0
 181 30271.000 163339.000 0 0 54.000 50.000 2700.000 51.961 0 1 4 200 0 0
 182 29450.000 162264.000 0 0 52.000 50.000 2600.000 50.990 0 1 4 200 0 0
 183 30343.000 163212.000 0 0 54.000 50.000 2700.000 51.961 0 1 4 200 0 0
 184 28701.000 161363.000 0 0 52.000 52.000 2704.000 52.000 0 1 3 200 0 0
 185 37997.000 171214.000 0 0 52.000 52.000 2704.000 52.000 0 1 6 200 0 0
 186 29124.000 162630.000 0 0 52.000 50.000 2600.000 50.990 0 1 4 200 0 0
 187 28378.000 161742.000 0 0 52.000 52.000 2704.000 52.000 0 1 3 200 0 0
 188 18530.000 51733.000 0 0 0.000 0.000 0.000 0.143 0 1 0 0 0 0
 189 38005.000 171932.000 0 0 52.000 52.000 2704.000 52.000 0 1 6 200 0 0
 190 37655.000 171606.000 0 0 52.000 52.000 2704.000 52.000 0 1 6 200 0 0
 191 37386.000 170721.000 0 0 50.000 52.000 2600.000 50.990 0 1 6 200 0 0
 192 33264.000 147794.000 0 0 268.058 374.296 100333.281 316.754 0 1 1 210 0 0
 193 33112.000 147870.000 0 0 18.352 25.643 470.626 21.693 0 1 1 210 0 0
 194 32935.000 147624.000 0 0 319.620 450.091 143858.483 379.286 0 1 1 210 0 0
 195 27541.000 149698.000 0 0 14.289 20.834 297.722 17.254 0 1 2 210 0 0
 196 27401.000 149795.000 0 0 14.317 20.874 298.883 17.288 0 1 2 210 0 0
 197 27259.000 149889.000 0 0 16.735 24.401 408.377 20.208 0 1 2 210 0 0
 198 27121.000 149987.000 0 0 9.582 13.970 133.862 11.569 0 1 2 210 0 0
 199 26985.000 150089.000 0 0 12.001 17.495 209.977 14.490 0 1 2 210 0 0
 200 26834.000 150172.000 0 0 14.426 21.037 303.493 17.421 0 1 2 210 0 0
 201 26693.000 150266.000 0 0 16.862 24.591 414.664 20.363 0 1 2 210 0 0
 202 26552.000 150359.000 0 0 16.893 24.638 416.230 20.401 0 1 2 210 0 0
 203 26405.000 150446.000 0 0 19.340 28.214 545.674 23.359 0 1 2 210 0 0
 204 26279.000 150564.000 0 0 14.538 21.197 308.186 17.555 0 1 2 210 0 0
 205 26261.000 150537.000 0 0 16.952 24.736 419.351 20.478 0 1 2 210 0 0
 206 26136.000 150654.000 0 0 12.137 17.698 214.817 14.656 0 1 2 210 0 0
 207 26110.000 150616.000 0 0 19.405 28.327 549.714 23.445 0 1 2 210 0 0
 208 25967.000 150709.000 0 0 29.173 42.591 1242.541 35.249 0 1 2 210 0 0
 209 25822.000 150799.000 0 0 19.475 28.438 553.851 23.534 0 1 2 210 0 0
 210 29777.000 160142.000 0 0 14.410 16.826 242.480 15.571 0 1 3 200 0 0
 211 29653.000 160259.000 0 0 23.102 26.969 623.053 24.961 0 1 3 200 0 0
 212 29539.000 160385.000 0 0 28.952 33.783 978.118 31.274 0 1 3 200 0 0
 213 29425.000 160515.000 0 0 31.914 37.220 1187.877 34.465 0 1 3 200 0 0
 214 30983.000 162541.000 0 0 41.974 46.321 1944.309 44.094 0 1 4 200 0 0
 215 29314.000 160647.000 0 0 29.078 33.891 985.493 31.392 0 1 3 200 0 0
 216 30859.000 162657.000 0 0 45.055 49.717 2240.049 47.329 0 1 4 200 0 0
 217 29205.000 160781.000 0 0 40.793 47.513 1938.271 44.025 0 1 3 200 0 0
 218 30733.000 162772.000 0 0 39.121 43.169 1688.837 41.095 0 1 4 200 0 0
 219 29098.000 160917.000 0 0 35.045 40.790 1429.549 37.809 0 1 3 200 0 0
 220 30629.000 162910.000 0 0 24.118 26.595 641.440 25.326 0 1 4 200 0 0
 221 28986.000 161048.000 0 0 35.121 40.854 1434.879 37.879 0 1 3 200 0 0
 222 30552.000 163078.000 0 0 12.091 13.312 160.967 12.687 0 1 4 200 0 0
 223 30519.000 163040.000 0 0 30.225 33.313 1006.920 31.732 0 1 4 200 0 0
 224 28876.000 161180.000 0 0 38.129 44.326 1690.156 41.111 0 1 3 200 0 0
 225 30412.000 163175.000 0 0 54.510 60.043 3272.995 57.210 0 1 4 200 0 0
 226 28767.000 161316.000 0 0 38.213 44.394 1696.497 41.188 0 1 3 200 0 0
 227 30291.000 163296.000 0 0 36.414 40.104 1460.391 38.215 0 1 4 200 0 0
 228 28656.000 161447.000 0 0 32.406 37.625 1219.298 34.918 0 1 3 200 0 0
 229 30177.000 163422.000 0 0 27.369 30.131 824.677 28.717 0 1 4 200 0 0
 230 28546.000 161579.000 0 0 23.608 27.393 646.723 25.430 0 1 3 200 0 0
 231 30053.000 163540.000 0 0 27.420 30.184 827.677 28.769 0 1 4 200 0 0
 232 28433.000 161708.000 0 0 17.743 20.578 365.121 19.108 0 1 3 200 0 0
 233 29941.000 163669.000 0 0 18.307 20.144 368.788 19.203 0 1 4 200 0 0
 234 29834.000 163805.000 0 0 39.765 43.729 1738.911 41.700 0 1 4 200 0 0;
ProcessEquipmentIDList 1
  "6565" ;
SummarySpec 5
  TESTNO    NDEFECT    DEFDENSITY    NDIE    NDEFDIE  ;
SummaryList 
  1    234    0.8555    1    1  ;
EndOfFile;
