FileVersion 1 2;
FileTimestamp 02-08-26 22:06:09;
InspectionStationID "KLA-Tencor" "SFSSP1" "0901-0728-TBI";
SampleType WAFER;
ResultTimestamp 02-08-26 22:03:56;
LotID "2580";
SampleSize 1 200;
DeviceID "None";
SetupID "T2-2580NR" 02-08-26 22:03:56;
StepID "6930";
SampleOrientationMarkType NOTCH;
OrientationMarkLocation DOWN;
DiePitch 200000 200000;
DieOrigin 0 0;
WaferID "03";
Slot 3;
SampleCenterLocation 100000 100000;
ClassLookup 1
  0 "0"  ;
OrientationInstructions "Front";
CoordinatesMirrored No;
InspectionTest 1;
SampleTestPlan 1
  0 0 ;
AreaPerTest 2.73537e+010;
DefectRecordSpec 15 DEFECTID XREL YREL XINDEX YINDEX XSIZE YSIZE DEFECTAREA DSIZE CLASSNUMBER TEST CLUSTERNUMBER ROUGHBINNUMBER FINEBINNUMBER REVIEWSAMPLE ;
DefectList
 1 96622.000 101788.000 0 0 0.000 0.000 0.000 0.141 0 1 0 0 0 0
 2 99471.000 103923.000 0 0 0.000 0.000 0.000 0.131 0 1 0 0 0 0
 3 98469.000 104168.000 0 0 0.000 0.000 0.000 0.132 0 1 0 0 0 0
 4 95754.000 102210.000 0 0 0.000 0.000 0.000 0.130 0 1 0 0 0 0
 5 100410.000 93617.000 0 0 0.000 0.000 0.000 0.137 0 1 0 0 0 0
 6 105795.000 104015.000 0 0 0.000 0.000 0.000 0.147 0 1 0 0 0 0
 7 92537.000 100306.000 0 0 0.000 0.000 0.000 0.133 0 1 0 0 0 0
 8 96817.000 93084.000 0 0 0.000 0.000 0.000 0.136 0 1 0 0 0 0
 9 92512.000 102847.000 0 0 0.000 0.000 0.000 0.139 0 1 0 0 0 0
 10 92182.000 99258.000 0 0 0.000 0.000 0.000 0.163 0 1 0 0 0 0
 11 107230.000 105133.000 0 0 0.000 0.000 0.000 0.141 0 1 0 0 0 0
 12 99250.000 88163.000 0 0 0.000 0.000 0.000 0.134 0 1 0 0 0 0
 13 105975.000 111636.000 0 0 0.000 0.000 0.000 0.137 0 1 0 0 0 0
 14 109842.000 90210.000 0 0 0.000 0.000 0.000 0.150 0 1 0 0 0 0
 15 90258.000 111392.000 0 0 0.000 0.000 0.000 0.168 0 1 0 0 0 0
 16 93610.000 114733.000 0 0 0.000 0.000 0.000 0.157 0 1 0 0 0 0
 17 83732.000 95639.000 0 0 0.000 0.000 0.000 0.144 0 1 0 0 0 0
 18 114875.000 92579.000 0 0 0.000 0.000 0.000 0.137 0 1 0 0 0 0
 19 101886.000 117900.000 0 0 0.000 0.000 0.000 0.143 0 1 0 0 0 0
 20 117460.000 103501.000 0 0 0.000 0.000 0.000 0.143 0 1 0 0 0 0
 21 82586.000 106839.000 0 0 0.000 0.000 0.000 0.170 0 1 0 0 0 0
 22 117826.000 95531.000 0 0 0.000 0.000 0.000 0.130 0 1 0 0 0 0
 23 97899.000 119383.000 0 0 0.000 0.000 0.000 0.136 0 1 0 0 0 0
 24 84196.000 88126.000 0 0 0.000 0.000 0.000 0.132 0 1 0 0 0 0
 25 105367.000 119422.000 0 0 0.000 0.000 0.000 0.130 0 1 0 0 0 0
 26 119961.000 100987.000 0 0 0.000 0.000 0.000 0.138 0 1 0 0 0 0
 27 103023.000 80271.000 0 0 0.000 0.000 0.000 0.130 0 1 0 0 0 0
 28 112232.000 84178.000 0 0 0.000 0.000 0.000 0.165 0 1 0 0 0 0
 29 101401.000 120514.000 0 0 0.000 0.000 0.000 0.132 0 1 0 0 0 0
 30 92121.000 81246.000 0 0 0.000 0.000 0.000 0.138 0 1 0 0 0 0
 31 111604.000 118404.000 0 0 0.000 0.000 0.000 0.144 0 1 0 0 0 0
 32 101917.000 78326.000 0 0 0.000 0.000 0.000 0.157 0 1 0 0 0 0
 33 97691.000 77653.000 0 0 0.000 0.000 0.000 0.136 0 1 0 0 0 0
 34 100623.000 123099.000 0 0 0.000 0.000 0.000 0.139 0 1 0 0 0 0
 35 101218.000 77264.000 0 0 0.000 0.000 0.000 0.136 0 1 0 0 0 0
 36 122460.000 95862.000 0 0 0.000 0.000 0.000 0.139 0 1 0 0 0 0
 37 96789.000 77248.000 0 0 0.000 0.000 0.000 0.148 0 1 0 0 0 0
 38 122877.000 97800.000 0 0 0.000 0.000 0.000 0.132 0 1 0 0 0 0
 39 114538.000 82027.000 0 0 0.000 0.000 0.000 0.140 0 1 0 0 0 0
 40 119023.000 114660.000 0 0 0.000 0.000 0.000 0.144 0 1 0 0 0 0
 41 76353.000 105820.000 0 0 0.000 0.000 0.000 0.152 0 1 0 0 0 0
 42 75219.000 100466.000 0 0 0.000 0.000 0.000 0.143 0 1 0 0 0 0
 43 103144.000 125072.000 0 0 0.000 0.000 0.000 0.153 0 1 0 0 0 0
 44 74359.000 99867.000 0 0 0.000 0.000 0.000 0.131 0 1 0 0 0 0
 45 89653.000 123655.000 0 0 0.000 0.000 0.000 0.148 0 1 0 0 0 0
 46 74514.000 105424.000 0 0 0.000 0.000 0.000 0.141 0 1 0 0 0 0
 47 123865.000 111125.000 0 0 0.000 0.000 0.000 0.138 0 1 0 0 0 0
 48 74431.000 107611.000 0 0 0.000 0.000 0.000 0.134 0 1 0 0 0 0
 49 122382.000 115898.000 0 0 0.000 0.000 0.000 0.131 0 1 0 0 0 0
 50 118139.000 79367.000 0 0 0.000 0.000 0.000 0.138 0 1 0 0 0 0
 51 85377.000 76370.000 0 0 0.000 0.000 0.000 0.132 0 1 0 0 0 0
 52 125584.000 89498.000 0 0 0.000 0.000 0.000 0.136 0 1 0 0 0 0
 53 127736.000 103845.000 0 0 0.000 0.000 0.000 0.138 0 1 0 0 0 0
 54 100237.000 128486.000 0 0 0.000 0.000 0.000 0.138 0 1 0 0 0 0
 55 99700.000 70942.000 0 0 0.000 0.000 0.000 0.150 0 1 0 0 0 0
 56 96406.000 129813.000 0 0 0.000 0.000 0.000 0.139 0 1 0 0 0 0
 57 94284.000 129458.000 0 0 0.000 0.000 0.000 0.131 0 1 0 0 0 0
 58 78501.000 77855.000 0 0 0.000 0.000 0.000 0.136 0 1 0 0 0 0
 59 130591.000 105435.000 0 0 0.000 0.000 0.000 0.145 0 1 0 0 0 0
 60 71635.000 113831.000 0 0 0.000 0.000 0.000 0.137 0 1 0 0 0 0
 61 73175.000 83611.000 0 0 0.000 0.000 0.000 0.131 0 1 0 0 0 0
 62 98456.000 68679.000 0 0 0.000 0.000 0.000 0.138 0 1 0 0 0 0
 63 80836.000 126510.000 0 0 0.000 0.000 0.000 0.132 0 1 0 0 0 0
 64 89002.000 69497.000 0 0 0.000 0.000 0.000 0.157 0 1 0 0 0 0
 65 68532.000 89840.000 0 0 0.000 0.000 0.000 0.138 0 1 0 0 0 0
 66 68665.000 88117.000 0 0 0.000 0.000 0.000 0.136 0 1 0 0 0 0
 67 105822.000 67057.000 0 0 0.000 0.000 0.000 0.131 0 1 0 0 0 0
 68 127082.000 80494.000 0 0 0.000 0.000 0.000 0.144 0 1 0 0 0 0
 69 65939.000 97517.000 0 0 0.000 0.000 0.000 0.132 0 1 0 0 0 0
 70 98781.000 65813.000 0 0 0.000 0.000 0.000 0.141 0 1 0 0 0 0
 71 96039.000 134804.000 0 0 0.000 0.000 0.000 0.146 0 1 0 0 0 0
 72 70149.000 81710.000 0 0 0.000 0.000 0.000 0.133 0 1 0 0 0 0
 73 76481.000 127133.000 0 0 0.000 0.000 0.000 0.137 0 1 0 0 0 0
 74 115182.000 67947.000 0 0 0.000 0.000 0.000 0.153 0 1 0 0 0 0
 75 135788.000 106223.000 0 0 0.000 0.000 0.000 0.136 0 1 0 0 0 0
 76 70523.000 121958.000 0 0 0.000 0.000 0.000 0.185 0 1 0 0 0 0
 77 110562.000 135254.000 0 0 0.000 0.000 0.000 0.134 0 1 0 0 0 0
 78 115489.000 66712.000 0 0 0.000 0.000 0.000 0.138 0 1 0 0 0 0
 79 72551.000 125177.000 0 0 0.000 0.000 0.000 0.146 0 1 0 0 0 0
 80 66307.000 83563.000 0 0 0.000 0.000 0.000 0.133 0 1 0 0 0 0
 81 131672.000 120511.000 0 0 0.000 0.000 0.000 0.139 0 1 0 0 0 0
 82 66433.000 118041.000 0 0 0.000 0.000 0.000 0.130 0 1 0 0 0 0
 83 133246.000 118500.000 0 0 0.000 0.000 0.000 0.138 0 1 0 0 0 0
 84 67505.000 121505.000 0 0 0.000 0.000 0.000 0.135 0 1 0 0 0 0
 85 86755.000 63719.000 0 0 0.000 0.000 0.000 0.130 0 1 0 0 0 0
 86 122800.000 131951.000 0 0 0.000 0.000 0.000 0.130 0 1 0 0 0 0
 87 67598.000 123499.000 0 0 0.000 0.000 0.000 0.138 0 1 0 0 0 0
 88 73256.000 131084.000 0 0 0.000 0.000 0.000 0.144 0 1 0 0 0 0
 89 66095.000 77229.000 0 0 0.000 0.000 0.000 0.130 0 1 0 0 0 0
 90 140687.000 101481.000 0 0 0.000 0.000 0.000 0.150 0 1 0 0 0 0
 91 121487.000 134912.000 0 0 0.000 0.000 0.000 0.132 0 1 0 0 0 0
 92 64222.000 121163.000 0 0 0.000 0.000 0.000 0.144 0 1 0 0 0 0
 93 100465.000 142131.000 0 0 0.000 0.000 0.000 0.153 0 1 0 0 0 0
 94 93605.000 141671.000 0 0 0.000 0.000 0.000 0.133 0 1 0 0 0 0
 95 128531.000 131655.000 0 0 0.000 0.000 0.000 0.152 0 1 0 0 0 0
 96 129707.000 131388.000 0 0 0.000 0.000 0.000 0.132 0 1 0 0 0 0
 97 117696.000 60669.000 0 0 0.000 0.000 0.000 0.143 0 1 0 0 0 0
 98 70327.000 132371.000 0 0 0.000 0.000 0.000 0.138 0 1 0 0 0 0
 99 142269.000 89494.000 0 0 0.000 0.000 0.000 0.134 0 1 0 0 0 0
 100 140115.000 118088.000 0 0 0.000 0.000 0.000 0.145 0 1 0 0 0 0
 101 131134.000 132582.000 0 0 0.000 0.000 0.000 0.145 0 1 0 0 0 0
 102 67940.000 132057.000 0 0 0.000 0.000 0.000 0.145 0 1 0 0 0 0
 103 142485.000 84707.000 0 0 0.000 0.000 0.000 0.147 0 1 0 0 0 0
 104 81744.000 142004.000 0 0 0.000 0.000 0.000 0.141 0 1 0 0 0 0
 105 69815.000 134502.000 0 0 0.000 0.000 0.000 0.137 0 1 0 0 0 0
 106 64373.000 128606.000 0 0 0.000 0.000 0.000 0.131 0 1 0 0 0 0
 107 79850.000 141184.000 0 0 0.000 0.000 0.000 0.160 0 1 0 0 0 0
 108 88473.000 55856.000 0 0 0.000 0.000 0.000 0.143 0 1 0 0 0 0
 109 119812.000 58955.000 0 0 0.000 0.000 0.000 0.130 0 1 0 0 0 0
 110 144973.000 91668.000 0 0 0.000 0.000 0.000 0.130 0 1 0 0 0 0
 111 125047.000 61520.000 0 0 0.000 0.000 0.000 0.137 0 1 0 0 0 0
 112 130093.000 134855.000 0 0 0.000 0.000 0.000 0.387 0 1 0 0 0 0
 113 140828.000 78227.000 0 0 0.000 0.000 0.000 0.132 0 1 0 0 0 0
 114 125801.000 138751.000 0 0 0.000 0.000 0.000 0.136 0 1 0 0 0 0
 115 129985.000 64455.000 0 0 0.000 0.000 0.000 0.131 0 1 0 0 0 0
 116 84434.000 144573.000 0 0 0.000 0.000 0.000 0.136 0 1 0 0 0 0
 117 136895.000 69981.000 0 0 0.000 0.000 0.000 0.241 0 1 0 0 0 0
 118 60697.000 127837.000 0 0 0.000 0.000 0.000 0.140 0 1 0 0 0 0
 119 57785.000 77375.000 0 0 0.000 0.000 0.000 0.139 0 1 0 0 0 0
 120 106082.000 52609.000 0 0 0.000 0.000 0.000 0.146 0 1 0 0 0 0
 121 146865.000 111022.000 0 0 0.000 0.000 0.000 0.141 0 1 0 0 0 0
 122 147055.000 90249.000 0 0 0.000 0.000 0.000 0.155 0 1 0 0 0 0
 123 56850.000 122651.000 0 0 0.000 0.000 0.000 0.132 0 1 0 0 0 0
 124 131878.000 136904.000 0 0 0.000 0.000 0.000 0.240 0 1 0 0 0 0
 125 58467.000 125881.000 0 0 0.000 0.000 0.000 0.130 0 1 0 0 0 0
 126 65799.000 65413.000 0 0 0.000 0.000 0.000 0.131 0 1 0 0 0 0
 127 148189.000 91076.000 0 0 0.000 0.000 0.000 0.141 0 1 0 0 0 0
 128 117909.000 145995.000 0 0 0.000 0.000 0.000 0.134 0 1 0 0 0 0
 129 117088.000 146480.000 0 0 0.000 0.000 0.000 0.133 0 1 0 0 0 0
 130 60310.000 129694.000 0 0 0.000 0.000 0.000 0.131 0 1 0 0 0 0
 131 118430.000 54177.000 0 0 0.000 0.000 0.000 0.131 0 1 0 0 0 0
 132 50450.000 93702.000 0 0 0.000 0.000 0.000 0.142 0 1 0 0 0 0
 133 108871.000 149497.000 0 0 0.000 0.000 0.000 0.143 0 1 0 0 0 0
 134 141764.000 72656.000 0 0 0.000 0.000 0.000 0.134 0 1 0 0 0 0
 135 50092.000 108148.000 0 0 0.000 0.000 0.000 0.150 0 1 0 0 0 0
 136 81580.000 52649.000 0 0 0.000 0.000 0.000 0.132 0 1 0 0 0 0
 137 148089.000 83307.000 0 0 0.000 0.000 0.000 0.132 0 1 0 0 0 0
 138 145155.000 124755.000 0 0 0.000 0.000 0.000 0.132 0 1 0 0 0 0
 139 49219.000 110447.000 0 0 0.000 0.000 0.000 0.139 0 1 0 0 0 0
 140 52894.000 77277.000 0 0 0.000 0.000 0.000 0.135 0 1 0 0 0 0
 141 62745.000 63204.000 0 0 0.000 0.000 0.000 0.136 0 1 0 0 0 0
 142 128506.000 56053.000 0 0 0.000 0.000 0.000 0.135 0 1 0 0 0 0
 143 74980.000 146496.000 0 0 0.000 0.000 0.000 0.136 0 1 0 0 0 0
 144 138405.000 63196.000 0 0 0.000 0.000 0.000 0.139 0 1 0 0 0 0
 145 110082.000 152644.000 0 0 0.000 0.000 0.000 0.133 0 1 0 0 0 0
 146 91619.000 47382.000 0 0 0.000 0.000 0.000 0.133 0 1 0 0 0 0
 147 110714.000 47757.000 0 0 0.000 0.000 0.000 0.133 0 1 0 0 0 0
 148 138751.000 63259.000 0 0 0.000 0.000 0.000 0.146 0 1 0 0 0 0
 149 124949.000 147719.000 0 0 0.000 0.000 0.000 0.130 0 1 0 0 0 0
 150 124592.000 148129.000 0 0 0.000 0.000 0.000 0.154 0 1 0 0 0 0
 151 121957.000 50613.000 0 0 0.000 0.000 0.000 0.138 0 1 0 0 0 0
 152 73176.000 52692.000 0 0 0.000 0.000 0.000 0.137 0 1 0 0 0 0
 153 75428.000 148970.000 0 0 0.000 0.000 0.000 0.151 0 1 0 0 0 0
 154 49126.000 120256.000 0 0 0.000 0.000 0.000 0.152 0 1 0 0 0 0
 155 152006.000 116224.000 0 0 0.000 0.000 0.000 0.167 0 1 0 0 0 0
 156 113181.000 46858.000 0 0 0.000 0.000 0.000 0.140 0 1 0 0 0 0
 157 118943.000 48665.000 0 0 0.000 0.000 0.000 0.131 0 1 0 0 0 0
 158 91927.000 154607.000 0 0 0.000 0.000 0.000 0.154 0 1 0 0 0 0
 159 53499.000 67659.000 0 0 0.000 0.000 0.000 0.155 0 1 0 0 0 0
 160 53567.000 67534.000 0 0 0.000 0.000 0.000 0.133 0 1 0 0 0 0
 161 144592.000 135908.000 0 0 0.000 0.000 0.000 0.142 0 1 0 0 0 0
 162 42536.000 98220.000 0 0 0.000 0.000 0.000 0.138 0 1 0 0 0 0
 163 92314.000 157065.000 0 0 0.000 0.000 0.000 0.134 0 1 0 0 0 0
 164 125480.000 151892.000 0 0 0.000 0.000 0.000 0.130 0 1 0 0 0 0
 165 81141.000 154768.000 0 0 0.000 0.000 0.000 0.130 0 1 0 0 0 0
 166 148167.000 67731.000 0 0 0.000 0.000 0.000 0.130 0 1 0 0 0 0
 167 158104.000 103368.000 0 0 0.000 0.000 0.000 0.132 0 1 0 0 0 0
 168 44786.000 80347.000 0 0 0.000 0.000 0.000 0.134 0 1 0 0 0 0
 169 51500.000 66704.000 0 0 0.000 0.000 0.000 0.136 0 1 0 0 0 0
 170 120417.000 155437.000 0 0 0.000 0.000 0.000 0.204 0 1 0 0 0 0
 171 90704.000 41309.000 0 0 0.000 0.000 0.000 0.141 0 1 0 0 0 0
 172 142280.000 142633.000 0 0 0.000 0.000 0.000 0.133 0 1 0 0 0 0
 173 44294.000 77062.000 0 0 0.000 0.000 0.000 0.136 0 1 0 0 0 0
 174 151487.000 68177.000 0 0 0.000 0.000 0.000 0.134 0 1 0 0 0 0
 175 90762.000 39874.000 0 0 0.000 0.000 0.000 0.140 0 1 0 0 0 0
 176 112468.000 40538.000 0 0 0.000 0.000 0.000 0.136 0 1 0 0 0 0
 177 124271.000 156857.000 0 0 0.000 0.000 0.000 0.130 0 1 0 0 0 0
 178 82046.000 40809.000 0 0 0.000 0.000 0.000 0.137 0 1 0 0 0 0
 179 69033.000 45591.000 0 0 0.000 0.000 0.000 0.133 0 1 0 0 0 0
 180 144917.000 56084.000 0 0 0.000 0.000 0.000 0.151 0 1 0 0 0 0
 181 85389.000 161656.000 0 0 0.000 0.000 0.000 0.130 0 1 0 0 0 0
 182 162901.000 114494.000 0 0 0.000 0.000 0.000 0.135 0 1 0 0 0 0
 183 38687.000 78378.000 0 0 0.000 0.000 0.000 0.147 0 1 0 0 0 0
 184 163664.000 83908.000 0 0 0.000 0.000 0.000 0.131 0 1 0 0 0 0
 185 79052.000 162853.000 0 0 0.000 0.000 0.000 0.144 0 1 0 0 0 0
 186 41343.000 131753.000 0 0 0.000 0.000 0.000 0.135 0 1 0 0 0 0
 187 127182.000 161142.000 0 0 0.000 0.000 0.000 0.130 0 1 0 0 0 0
 188 57315.000 48268.000 0 0 0.000 0.000 0.000 0.139 0 1 0 0 0 0
 189 96566.000 33063.000 0 0 0.000 0.000 0.000 0.147 0 1 0 0 0 0
 190 85110.000 34506.000 0 0 0.000 0.000 0.000 0.131 0 1 0 0 0 0
 191 119756.000 164602.000 0 0 0.000 0.000 0.000 0.249 0 1 0 0 0 0
 192 154685.000 60149.000 0 0 0.000 0.000 0.000 0.135 0 1 0 0 0 0
 193 34142.000 119505.000 0 0 0.000 0.000 0.000 0.135 0 1 0 0 0 0
 194 41387.000 64724.000 0 0 0.000 0.000 0.000 0.203 0 1 0 0 0 0
 195 56089.000 153047.000 0 0 0.000 0.000 0.000 0.154 0 1 0 0 0 0
 196 148242.000 50684.000 0 0 0.000 0.000 0.000 0.217 0 1 0 0 0 0
 197 155553.000 141901.000 0 0 0.000 0.000 0.000 0.145 0 1 0 0 0 0
 198 158186.000 61939.000 0 0 0.000 0.000 0.000 0.136 0 1 0 0 0 0
 199 115870.000 32231.000 0 0 0.000 0.000 0.000 0.132 0 1 0 0 0 0
 200 60287.000 41130.000 0 0 0.000 0.000 0.000 0.134 0 1 0 0 0 0
 201 31145.000 81063.000 0 0 0.000 0.000 0.000 0.140 0 1 0 0 0 0
 202 147190.000 155577.000 0 0 0.000 0.000 0.000 0.136 0 1 0 0 0 0
 203 121818.000 169712.000 0 0 0.000 0.000 0.000 0.131 0 1 0 0 0 0
 204 85694.000 171806.000 0 0 0.000 0.000 0.000 0.132 0 1 0 0 0 0
 205 156842.000 54387.000 0 0 0.000 0.000 0.000 0.134 0 1 0 0 0 0
 206 54934.000 157853.000 0 0 0.000 0.000 0.000 0.130 0 1 0 0 0 0
 207 112133.000 172571.000 0 0 0.000 0.000 0.000 0.134 0 1 0 0 0 0
 208 103340.000 173410.000 0 0 0.000 0.000 0.000 0.142 0 1 0 0 0 0
 209 166571.000 69539.000 0 0 0.000 0.000 0.000 0.131 0 1 0 0 0 0
 210 130515.000 168340.000 0 0 0.000 0.000 0.000 0.132 0 1 0 0 0 0
 211 61064.000 36312.000 0 0 0.000 0.000 0.000 0.136 0 1 0 0 0 0
 212 154651.000 151612.000 0 0 0.000 0.000 0.000 0.223 0 1 0 0 0 0
 213 133417.000 167725.000 0 0 0.000 0.000 0.000 0.133 0 1 0 0 0 0
 214 163916.000 140330.000 0 0 0.000 0.000 0.000 0.144 0 1 0 0 0 0
 215 35438.000 60725.000 0 0 0.000 0.000 0.000 0.132 0 1 0 0 0 0
 216 176000.000 103019.000 0 0 0.000 0.000 0.000 0.136 0 1 0 0 0 0
 217 175960.000 104707.000 0 0 0.000 0.000 0.000 0.144 0 1 0 0 0 0
 218 66779.000 169082.000 0 0 0.000 0.000 0.000 0.152 0 1 0 0 0 0
 219 142628.000 35427.000 0 0 0.000 0.000 0.000 0.151 0 1 0 0 0 0
 220 142745.000 35434.000 0 0 0.000 0.000 0.000 0.145 0 1 0 0 0 0
 221 40971.000 150931.000 0 0 0.000 0.000 0.000 0.133 0 1 0 0 0 0
 222 35477.000 145870.000 0 0 0.000 0.000 0.000 0.137 0 1 0 0 0 0
 223 93566.000 21334.000 0 0 0.000 0.000 0.000 0.141 0 1 0 0 0 0
 224 43724.000 156587.000 0 0 0.000 0.000 0.000 0.151 0 1 0 0 0 0
 225 31273.000 57419.000 0 0 0.000 0.000 0.000 0.151 0 1 0 0 0 0
 226 48094.000 164201.000 0 0 0.000 0.000 0.000 0.134 0 1 0 0 0 0
 227 60955.000 173039.000 0 0 0.000 0.000 0.000 0.229 0 1 0 0 0 0
 228 42149.000 159999.000 0 0 0.000 0.000 0.000 0.131 0 1 0 0 0 0
 229 16802.000 102854.000 0 0 0.000 0.000 0.000 0.133 0 1 0 0 0 0
 230 97013.000 183941.000 0 0 0.000 0.000 0.000 0.133 0 1 0 0 0 0
 231 63069.000 175448.000 0 0 0.000 0.000 0.000 0.201 0 1 0 0 0 0
 232 124567.000 180954.000 0 0 0.000 0.000 0.000 0.140 0 1 0 0 0 0
 233 50589.000 28862.000 0 0 0.000 0.000 0.000 0.151 0 1 0 0 0 0
 234 187256.000 96263.000 0 0 0.000 0.000 0.000 0.228 0 1 0 0 0 0
 235 172998.000 50935.000 0 0 0.000 0.000 0.000 0.140 0 1 0 0 0 0
 236 79767.000 186274.000 0 0 0.000 0.000 0.000 0.143 0 1 0 0 0 0
 237 23977.000 150217.000 0 0 0.000 0.000 0.000 0.145 0 1 0 0 0 0
 238 52565.000 19710.000 0 0 0.000 0.000 0.000 0.131 0 1 0 0 0 0
 239 174330.000 157679.000 0 0 0.000 0.000 0.000 0.297 0 1 0 0 0 0
 240 155472.000 176740.000 0 0 0.000 0.000 0.000 0.144 0 1 0 0 0 0;
ProcessEquipmentIDList 1
  "6565" ;
SummarySpec 5
  TESTNO    NDEFECT    DEFDENSITY    NDIE    NDEFDIE  ;
SummaryList 
  1    240    0.8774    1    1  ;
EndOfFile;
