FileVersion 1 2;
FileTimestamp 02-08-26 21:48:25;
InspectionStationID "KLA-Tencor" "SFSSP1" "0901-0728-TBI";
SampleType WAFER;
ResultTimestamp 02-08-26 21:47:19;
LotID "2580";
SampleSize 1 200;
DeviceID "None";
SetupID "T2-2580NR" 02-08-26 21:47:19;
StepID "6930";
SampleOrientationMarkType NOTCH;
OrientationMarkLocation DOWN;
DiePitch 200000 200000;
DieOrigin 0 0;
WaferID "01";
Slot 1;
SampleCenterLocation 100000 100000;
ClassLookup 1
  0 "0"  ;
OrientationInstructions "Front";
CoordinatesMirrored No;
InspectionTest 1;
SampleTestPlan 1
  0 0 ;
AreaPerTest 2.73513e+010;
DefectRecordSpec 15 DEFECTID XREL YREL XINDEX YINDEX XSIZE YSIZE DEFECTAREA DSIZE CLASSNUMBER TEST CLUSTERNUMBER ROUGHBINNUMBER FINEBINNUMBER REVIEWSAMPLE ;
DefectList
 1 101783.000 103925.000 0 0 0.000 0.000 0.000 0.159 0 1 0 0 0 0
 2 99333.000 105834.000 0 0 0.000 0.000 0.000 0.140 0 1 0 0 0 0
 3 94330.000 98180.000 0 0 0.000 0.000 0.000 0.154 0 1 0 0 0 0
 4 101778.000 93047.000 0 0 0.000 0.000 0.000 0.146 0 1 0 0 0 0
 5 90277.000 99601.000 0 0 0.000 0.000 0.000 0.138 0 1 0 0 0 0
 6 99236.000 89403.000 0 0 0.000 0.000 0.000 0.165 0 1 0 0 0 0
 7 110985.000 100828.000 0 0 0.000 0.000 0.000 0.165 0 1 0 0 0 0
 8 110705.000 96991.000 0 0 0.000 0.000 0.000 0.131 0 1 0 0 0 0
 9 107127.000 108889.000 0 0 0.000 0.000 0.000 0.142 0 1 0 0 0 0
 10 92094.000 91433.000 0 0 0.000 0.000 0.000 0.134 0 1 0 0 0 0
 11 110892.000 105643.000 0 0 0.000 0.000 0.000 0.151 0 1 0 0 0 0
 12 101140.000 112543.000 0 0 0.000 0.000 0.000 0.138 0 1 0 0 0 0
 13 103936.000 87053.000 0 0 0.000 0.000 0.000 0.144 0 1 0 0 0 0
 14 91304.000 111132.000 0 0 0.000 0.000 0.000 0.138 0 1 0 0 0 0
 15 103185.000 114661.000 0 0 0.000 0.000 0.000 0.152 0 1 0 0 0 0
 16 85194.000 105878.000 0 0 0.000 0.000 0.000 0.138 0 1 0 0 0 0
 17 116270.000 95788.000 0 0 0.000 0.000 0.000 0.132 0 1 0 0 0 0
 18 108572.000 85646.000 0 0 0.000 0.000 0.000 0.151 0 1 0 0 0 0
 19 96488.000 117907.000 0 0 0.000 0.000 0.000 0.137 0 1 0 0 0 0
 20 91577.000 116569.000 0 0 0.000 0.000 0.000 0.143 0 1 0 0 0 0
 21 117322.000 106448.000 0 0 0.000 0.000 0.000 0.145 0 1 0 0 0 0
 22 84807.000 89029.000 0 0 0.000 0.000 0.000 0.149 0 1 0 0 0 0
 23 104069.000 121017.000 0 0 0.000 0.000 0.000 0.168 0 1 0 0 0 0
 24 102497.000 121242.000 0 0 0.000 0.000 0.000 0.150 0 1 0 0 0 0
 25 82089.000 87903.000 0 0 0.000 0.000 0.000 0.130 0 1 0 0 0 0
 26 100913.000 122276.000 0 0 0.000 0.000 0.000 0.158 0 1 0 0 0 0
 27 121981.000 97603.000 0 0 0.000 0.000 0.000 0.133 0 1 0 0 0 0
 28 77289.000 97759.000 0 0 0.000 0.000 0.000 0.143 0 1 0 0 0 0
 29 78432.000 93035.000 0 0 0.000 0.000 0.000 0.162 0 1 0 0 0 0
 30 106597.000 122552.000 0 0 0.000 0.000 0.000 0.152 0 1 0 0 0 0
 31 77365.000 106913.000 0 0 0.000 0.000 0.000 0.137 0 1 0 0 0 0
 32 79401.000 112330.000 0 0 0.000 0.000 0.000 0.134 0 1 0 0 0 0
 33 92350.000 77671.000 0 0 0.000 0.000 0.000 0.140 0 1 0 0 0 0
 34 107687.000 122841.000 0 0 0.000 0.000 0.000 0.134 0 1 0 0 0 0
 35 96279.000 76421.000 0 0 0.000 0.000 0.000 0.155 0 1 0 0 0 0
 36 75664.000 101652.000 0 0 0.000 0.000 0.000 0.162 0 1 0 0 0 0
 37 75954.000 106461.000 0 0 0.000 0.000 0.000 0.130 0 1 0 0 0 0
 38 75666.000 106368.000 0 0 0.000 0.000 0.000 0.130 0 1 0 0 0 0
 39 121943.000 113508.000 0 0 0.000 0.000 0.000 0.137 0 1 0 0 0 0
 40 87888.000 123769.000 0 0 0.000 0.000 0.000 0.132 0 1 0 0 0 0
 41 102888.000 126745.000 0 0 0.000 0.000 0.000 0.145 0 1 0 0 0 0
 42 73043.000 99334.000 0 0 0.000 0.000 0.000 0.147 0 1 0 0 0 0
 43 91192.000 74612.000 0 0 0.000 0.000 0.000 0.152 0 1 0 0 0 0
 44 105445.000 126944.000 0 0 0.000 0.000 0.000 0.132 0 1 0 0 0 0
 45 84810.000 123060.000 0 0 0.000 0.000 0.000 0.131 0 1 0 0 0 0
 46 121380.000 117519.000 0 0 0.000 0.000 0.000 0.158 0 1 0 0 0 0
 47 126857.000 107909.000 0 0 0.000 0.000 0.000 0.156 0 1 0 0 0 0
 48 98498.000 72112.000 0 0 0.000 0.000 0.000 0.139 0 1 0 0 0 0
 49 72245.000 105236.000 0 0 0.000 0.000 0.000 0.153 0 1 0 0 0 0
 50 71546.000 105006.000 0 0 0.000 0.000 0.000 0.131 0 1 0 0 0 0
 51 117697.000 77453.000 0 0 0.000 0.000 0.000 0.139 0 1 0 0 0 0
 52 129196.000 102619.000 0 0 0.000 0.000 0.000 0.139 0 1 0 0 0 0
 53 70690.000 104717.000 0 0 0.000 0.000 0.000 0.142 0 1 0 0 0 0
 54 110628.000 72392.000 0 0 0.000 0.000 0.000 0.136 0 1 0 0 0 0
 55 70006.000 104483.000 0 0 0.000 0.000 0.000 0.158 0 1 0 0 0 0
 56 71241.000 110638.000 0 0 0.000 0.000 0.000 0.135 0 1 0 0 0 0
 57 85366.000 72854.000 0 0 0.000 0.000 0.000 0.138 0 1 0 0 0 0
 58 130820.000 97295.000 0 0 0.000 0.000 0.000 0.136 0 1 0 0 0 0
 59 127857.000 86300.000 0 0 0.000 0.000 0.000 0.132 0 1 0 0 0 0
 60 79648.000 125350.000 0 0 0.000 0.000 0.000 0.131 0 1 0 0 0 0
 61 127050.000 118460.000 0 0 0.000 0.000 0.000 0.130 0 1 0 0 0 0
 62 97806.000 133150.000 0 0 0.000 0.000 0.000 0.140 0 1 0 0 0 0
 63 86161.000 69732.000 0 0 0.000 0.000 0.000 0.134 0 1 0 0 0 0
 64 81782.000 128636.000 0 0 0.000 0.000 0.000 0.132 0 1 0 0 0 0
 65 112488.000 131804.000 0 0 0.000 0.000 0.000 0.134 0 1 0 0 0 0
 66 132531.000 111054.000 0 0 0.000 0.000 0.000 0.141 0 1 0 0 0 0
 67 99044.000 134958.000 0 0 0.000 0.000 0.000 0.147 0 1 0 0 0 0
 68 89809.000 134306.000 0 0 0.000 0.000 0.000 0.158 0 1 0 0 0 0
 69 96162.000 135912.000 0 0 0.000 0.000 0.000 0.134 0 1 0 0 0 0
 70 110058.000 135473.000 0 0 0.000 0.000 0.000 0.142 0 1 0 0 0 0
 71 113889.000 65991.000 0 0 0.000 0.000 0.000 0.141 0 1 0 0 0 0
 72 66307.000 116475.000 0 0 0.000 0.000 0.000 0.141 0 1 0 0 0 0
 73 62621.000 101871.000 0 0 0.000 0.000 0.000 0.146 0 1 0 0 0 0
 74 62395.000 100649.000 0 0 0.000 0.000 0.000 0.148 0 1 0 0 0 0
 75 121184.000 131922.000 0 0 0.000 0.000 0.000 0.136 0 1 0 0 0 0
 76 70981.000 125264.000 0 0 0.000 0.000 0.000 0.142 0 1 0 0 0 0
 77 131699.000 122357.000 0 0 0.000 0.000 0.000 0.140 0 1 0 0 0 0
 78 137896.000 108086.000 0 0 0.000 0.000 0.000 0.161 0 1 0 0 0 0
 79 64617.000 116795.000 0 0 0.000 0.000 0.000 0.139 0 1 0 0 0 0
 80 91744.000 61674.000 0 0 0.000 0.000 0.000 0.139 0 1 0 0 0 0
 81 71606.000 127875.000 0 0 0.000 0.000 0.000 0.131 0 1 0 0 0 0
 82 138962.000 107635.000 0 0 0.000 0.000 0.000 0.141 0 1 0 0 0 0
 83 89411.000 139130.000 0 0 0.000 0.000 0.000 0.132 0 1 0 0 0 0
 84 132398.000 76319.000 0 0 0.000 0.000 0.000 0.139 0 1 0 0 0 0
 85 80391.000 136063.000 0 0 0.000 0.000 0.000 0.133 0 1 0 0 0 0
 86 65864.000 122736.000 0 0 0.000 0.000 0.000 0.134 0 1 0 0 0 0
 87 58598.000 100373.000 0 0 0.000 0.000 0.000 0.133 0 1 0 0 0 0
 88 62619.000 81231.000 0 0 0.000 0.000 0.000 0.135 0 1 0 0 0 0
 89 104419.000 58698.000 0 0 0.000 0.000 0.000 0.162 0 1 0 0 0 0
 90 58206.000 93616.000 0 0 0.000 0.000 0.000 0.141 0 1 0 0 0 0
 91 95746.000 143279.000 0 0 0.000 0.000 0.000 0.156 0 1 0 0 0 0
 92 94773.000 143849.000 0 0 0.000 0.000 0.000 0.158 0 1 0 0 0 0
 93 60687.000 79658.000 0 0 0.000 0.000 0.000 0.133 0 1 0 0 0 0
 94 118674.000 140626.000 0 0 0.000 0.000 0.000 0.140 0 1 0 0 0 0
 95 91367.000 144114.000 0 0 0.000 0.000 0.000 0.149 0 1 0 0 0 0
 96 65550.000 71334.000 0 0 0.000 0.000 0.000 0.135 0 1 0 0 0 0
 97 126857.000 64364.000 0 0 0.000 0.000 0.000 0.130 0 1 0 0 0 0
 98 144762.000 103938.000 0 0 0.000 0.000 0.000 0.144 0 1 0 0 0 0
 99 121567.000 139929.000 0 0 0.000 0.000 0.000 0.142 0 1 0 0 0 0
 100 99041.000 145427.000 0 0 0.000 0.000 0.000 0.146 0 1 0 0 0 0
 101 101435.000 145990.000 0 0 0.000 0.000 0.000 0.140 0 1 0 0 0 0
 102 113558.000 56416.000 0 0 0.000 0.000 0.000 0.131 0 1 0 0 0 0
 103 113716.000 56441.000 0 0 0.000 0.000 0.000 0.156 0 1 0 0 0 0
 104 106454.000 53965.000 0 0 0.000 0.000 0.000 0.135 0 1 0 0 0 0
 105 140451.000 124929.000 0 0 0.000 0.000 0.000 0.141 0 1 0 0 0 0
 106 54349.000 87291.000 0 0 0.000 0.000 0.000 0.131 0 1 0 0 0 0
 107 92754.000 52871.000 0 0 0.000 0.000 0.000 0.135 0 1 0 0 0 0
 108 100638.000 52204.000 0 0 0.000 0.000 0.000 0.204 0 1 0 0 0 0
 109 68663.000 63286.000 0 0 0.000 0.000 0.000 0.140 0 1 0 0 0 0
 110 95347.000 148326.000 0 0 0.000 0.000 0.000 0.160 0 1 0 0 0 0
 111 53461.000 114840.000 0 0 0.000 0.000 0.000 0.140 0 1 0 0 0 0
 112 140685.000 126817.000 0 0 0.000 0.000 0.000 0.143 0 1 0 0 0 0
 113 56087.000 78716.000 0 0 0.000 0.000 0.000 0.131 0 1 0 0 0 0
 114 116769.000 54437.000 0 0 0.000 0.000 0.000 0.131 0 1 0 0 0 0
 115 53371.000 84587.000 0 0 0.000 0.000 0.000 0.156 0 1 0 0 0 0
 116 106228.000 149316.000 0 0 0.000 0.000 0.000 0.131 0 1 0 0 0 0
 117 149785.000 98521.000 0 0 0.000 0.000 0.000 0.133 0 1 0 0 0 0
 118 78082.000 55165.000 0 0 0.000 0.000 0.000 0.134 0 1 0 0 0 0
 119 144724.000 77787.000 0 0 0.000 0.000 0.000 0.134 0 1 0 0 0 0
 120 74047.000 57195.000 0 0 0.000 0.000 0.000 0.143 0 1 0 0 0 0
 121 96718.000 49441.000 0 0 0.000 0.000 0.000 0.139 0 1 0 0 0 0
 122 142964.000 72966.000 0 0 0.000 0.000 0.000 0.137 0 1 0 0 0 0
 123 146962.000 80320.000 0 0 0.000 0.000 0.000 0.146 0 1 0 0 0 0
 124 114331.000 149236.000 0 0 0.000 0.000 0.000 0.137 0 1 0 0 0 0
 125 131080.000 141437.000 0 0 0.000 0.000 0.000 0.143 0 1 0 0 0 0
 126 87940.000 49374.000 0 0 0.000 0.000 0.000 0.138 0 1 0 0 0 0
 127 110404.000 48619.000 0 0 0.000 0.000 0.000 0.139 0 1 0 0 0 0
 128 48706.000 87266.000 0 0 0.000 0.000 0.000 0.146 0 1 0 0 0 0
 129 97852.000 46878.000 0 0 0.000 0.000 0.000 0.139 0 1 0 0 0 0
 130 45826.000 97897.000 0 0 0.000 0.000 0.000 0.133 0 1 0 0 0 0
 131 154611.000 99811.000 0 0 0.000 0.000 0.000 0.140 0 1 0 0 0 0
 132 155303.000 99607.000 0 0 0.000 0.000 0.000 0.138 0 1 0 0 0 0
 133 59918.000 138639.000 0 0 0.000 0.000 0.000 0.131 0 1 0 0 0 0
 134 62949.000 141700.000 0 0 0.000 0.000 0.000 0.141 0 1 0 0 0 0
 135 61893.000 59119.000 0 0 0.000 0.000 0.000 0.134 0 1 0 0 0 0
 136 128035.000 148791.000 0 0 0.000 0.000 0.000 0.135 0 1 0 0 0 0
 137 50238.000 126393.000 0 0 0.000 0.000 0.000 0.130 0 1 0 0 0 0
 138 156567.000 99864.000 0 0 0.000 0.000 0.000 0.151 0 1 0 0 0 0
 139 132706.000 53516.000 0 0 0.000 0.000 0.000 0.133 0 1 0 0 0 0
 140 48101.000 75687.000 0 0 0.000 0.000 0.000 0.131 0 1 0 0 0 0
 141 156730.000 90380.000 0 0 0.000 0.000 0.000 0.131 0 1 0 0 0 0
 142 142764.000 139344.000 0 0 0.000 0.000 0.000 0.131 0 1 0 0 0 0
 143 70799.000 48643.000 0 0 0.000 0.000 0.000 0.130 0 1 0 0 0 0
 144 141906.000 142200.000 0 0 0.000 0.000 0.000 0.138 0 1 0 0 0 0
 145 112331.000 158815.000 0 0 0.000 0.000 0.000 0.147 0 1 0 0 0 0
 146 41690.000 116290.000 0 0 0.000 0.000 0.000 0.140 0 1 0 0 0 0
 147 155949.000 77329.000 0 0 0.000 0.000 0.000 0.133 0 1 0 0 0 0
 148 147139.000 138801.000 0 0 0.000 0.000 0.000 0.138 0 1 0 0 0 0
 149 67619.000 152811.000 0 0 0.000 0.000 0.000 0.133 0 1 0 0 0 0
 150 64438.000 150699.000 0 0 0.000 0.000 0.000 0.133 0 1 0 0 0 0
 151 160989.000 87866.000 0 0 0.000 0.000 0.000 0.134 0 1 0 0 0 0
 152 138207.000 149339.000 0 0 0.000 0.000 0.000 0.137 0 1 0 0 0 0
 153 76469.000 42300.000 0 0 0.000 0.000 0.000 0.141 0 1 0 0 0 0
 154 46055.000 134513.000 0 0 0.000 0.000 0.000 0.131 0 1 0 0 0 0
 155 111896.000 35800.000 0 0 0.000 0.000 0.000 0.134 0 1 0 0 0 0
 156 51472.000 144405.000 0 0 0.000 0.000 0.000 0.131 0 1 0 0 0 0
 157 48555.000 59389.000 0 0 0.000 0.000 0.000 0.134 0 1 0 0 0 0
 158 165881.000 101572.000 0 0 0.000 0.000 0.000 0.135 0 1 0 0 0 0
 159 106677.000 166647.000 0 0 0.000 0.000 0.000 0.131 0 1 0 0 0 0
 160 44503.000 137842.000 0 0 0.000 0.000 0.000 0.143 0 1 0 0 0 0
 161 33658.000 89750.000 0 0 0.000 0.000 0.000 0.132 0 1 0 0 0 0
 162 60241.000 156509.000 0 0 0.000 0.000 0.000 0.132 0 1 0 0 0 0
 163 160236.000 133961.000 0 0 0.000 0.000 0.000 0.148 0 1 0 0 0 0
 164 149915.000 148302.000 0 0 0.000 0.000 0.000 0.134 0 1 0 0 0 0
 165 30821.000 90091.000 0 0 0.000 0.000 0.000 0.133 0 1 0 0 0 0
 166 32408.000 121482.000 0 0 0.000 0.000 0.000 0.154 0 1 0 0 0 0
 167 78552.000 168603.000 0 0 0.000 0.000 0.000 0.130 0 1 0 0 0 0
 168 30932.000 121287.000 0 0 0.000 0.000 0.000 0.137 0 1 0 0 0 0
 169 26703.000 117250.000 0 0 0.000 0.000 0.000 0.144 0 1 0 0 0 0
 170 26750.000 82723.000 0 0 0.000 0.000 0.000 0.132 0 1 0 0 0 0
 171 49911.000 156689.000 0 0 0.000 0.000 0.000 0.136 0 1 0 0 0 0
 172 25953.000 83333.000 0 0 0.000 0.000 0.000 0.131 0 1 0 0 0 0
 173 105197.000 176650.000 0 0 0.000 0.000 0.000 0.153 0 1 0 0 0 0
 174 22710.000 134163.000 0 0 0.000 0.000 0.000 0.140 0 1 0 0 0 0;
ProcessEquipmentIDList 1
  "6565" ;
SummarySpec 5
  TESTNO    NDEFECT    DEFDENSITY    NDIE    NDEFDIE  ;
SummaryList 
  1    174    0.6362    1    1  ;
EndOfFile;
