FileVersion 1 2;
FileTimestamp 02-08-26 22:42:44;
InspectionStationID "KLA-Tencor" "SFSSP1" "0901-0728-TBI";
SampleType WAFER;
ResultTimestamp 02-08-26 22:30:00;
LotID "2580";
SampleSize 1 200;
DeviceID "None";
SetupID "T2-2580NR" 02-08-26 22:30:00;
StepID "6930";
SampleOrientationMarkType NOTCH;
OrientationMarkLocation DOWN;
DiePitch 200000 200000;
DieOrigin 0 0;
WaferID "12";
Slot 12;
SampleCenterLocation 100000 100000;
ClassLookup 1
  0 "0"  ;
OrientationInstructions "Front";
CoordinatesMirrored No;
InspectionTest 1;
SampleTestPlan 1
  0 0 ;
AreaPerTest 2.73517e+010;
DefectRecordSpec 15 DEFECTID XREL YREL XINDEX YINDEX XSIZE YSIZE DEFECTAREA DSIZE CLASSNUMBER TEST CLUSTERNUMBER ROUGHBINNUMBER FINEBINNUMBER REVIEWSAMPLE ;
DefectList
 1 97059.000 97887.000 0 0 0.000 0.000 0.000 0.145 0 1 0 0 0 0
 2 103689.000 105463.000 0 0 0.000 0.000 0.000 0.137 0 1 0 0 0 0
 3 106323.000 95690.000 0 0 0.000 0.000 0.000 0.136 0 1 0 0 0 0
 4 93172.000 103120.000 0 0 0.000 0.000 0.000 0.131 0 1 0 0 0 0
 5 89181.000 102704.000 0 0 0.000 0.000 0.000 0.137 0 1 0 0 0 0
 6 97464.000 87689.000 0 0 0.000 0.000 0.000 0.138 0 1 0 0 0 0
 7 90548.000 109331.000 0 0 0.000 0.000 0.000 0.131 0 1 0 0 0 0
 8 88182.000 106592.000 0 0 0.000 0.000 0.000 0.131 0 1 0 0 0 0
 9 110028.000 112249.000 0 0 0.000 0.000 0.000 0.130 0 1 0 0 0 0
 10 115592.000 104081.000 0 0 0.000 0.000 0.000 0.144 0 1 0 0 0 0
 11 115326.000 105607.000 0 0 0.000 0.000 0.000 0.139 0 1 0 0 0 0
 12 90579.000 113933.000 0 0 0.000 0.000 0.000 0.134 0 1 0 0 0 0
 13 113088.000 88424.000 0 0 0.000 0.000 0.000 0.141 0 1 0 0 0 0
 14 82659.000 98420.000 0 0 0.000 0.000 0.000 0.134 0 1 0 0 0 0
 15 83734.000 93789.000 0 0 0.000 0.000 0.000 0.153 0 1 0 0 0 0
 16 105578.000 83119.000 0 0 0.000 0.000 0.000 0.134 0 1 0 0 0 0
 17 116758.000 104678.000 0 0 0.000 0.000 0.000 0.132 0 1 0 0 0 0
 18 114387.000 89498.000 0 0 0.000 0.000 0.000 0.130 0 1 0 0 0 0
 19 105404.000 82738.000 0 0 0.000 0.000 0.000 0.138 0 1 0 0 0 0
 20 102177.000 117491.000 0 0 0.000 0.000 0.000 0.142 0 1 0 0 0 0
 21 87796.000 112843.000 0 0 0.000 0.000 0.000 0.146 0 1 0 0 0 0
 22 94491.000 82007.000 0 0 0.000 0.000 0.000 0.157 0 1 0 0 0 0
 23 83226.000 108612.000 0 0 0.000 0.000 0.000 0.135 0 1 0 0 0 0
 24 79965.000 99835.000 0 0 0.000 0.000 0.000 0.131 0 1 0 0 0 0
 25 80660.000 90425.000 0 0 0.000 0.000 0.000 0.139 0 1 0 0 0 0
 26 120212.000 110727.000 0 0 0.000 0.000 0.000 0.137 0 1 0 0 0 0
 27 117674.000 118998.000 0 0 0.000 0.000 0.000 0.130 0 1 0 0 0 0
 28 90955.000 74623.000 0 0 0.000 0.000 0.000 0.141 0 1 0 0 0 0
 29 110804.000 75210.000 0 0 0.000 0.000 0.000 0.131 0 1 0 0 0 0
 30 83809.000 121219.000 0 0 0.000 0.000 0.000 0.135 0 1 0 0 0 0
 31 73714.000 107137.000 0 0 0.000 0.000 0.000 0.142 0 1 0 0 0 0
 32 102987.000 127054.000 0 0 0.000 0.000 0.000 0.133 0 1 0 0 0 0
 33 116950.000 76190.000 0 0 0.000 0.000 0.000 0.146 0 1 0 0 0 0
 34 129061.000 102616.000 0 0 0.000 0.000 0.000 0.131 0 1 0 0 0 0
 35 70156.000 101015.000 0 0 0.000 0.000 0.000 0.146 0 1 0 0 0 0
 36 108237.000 129239.000 0 0 0.000 0.000 0.000 0.131 0 1 0 0 0 0
 37 127688.000 85853.000 0 0 0.000 0.000 0.000 0.137 0 1 0 0 0 0
 38 84530.000 71304.000 0 0 0.000 0.000 0.000 0.130 0 1 0 0 0 0
 39 79174.000 74792.000 0 0 0.000 0.000 0.000 0.132 0 1 0 0 0 0
 40 67296.000 96007.000 0 0 0.000 0.000 0.000 0.133 0 1 0 0 0 0
 41 79089.000 73128.000 0 0 0.000 0.000 0.000 0.133 0 1 0 0 0 0
 42 89348.000 66530.000 0 0 0.000 0.000 0.000 0.133 0 1 0 0 0 0
 43 130391.000 81966.000 0 0 0.000 0.000 0.000 0.159 0 1 0 0 0 0
 44 119736.000 130274.000 0 0 0.000 0.000 0.000 0.132 0 1 0 0 0 0
 45 121477.000 129897.000 0 0 0.000 0.000 0.000 0.137 0 1 0 0 0 0
 46 106846.000 61933.000 0 0 0.000 0.000 0.000 0.131 0 1 0 0 0 0
 47 134509.000 82464.000 0 0 0.000 0.000 0.000 0.131 0 1 0 0 0 0
 48 104239.000 61145.000 0 0 0.000 0.000 0.000 0.134 0 1 0 0 0 0
 49 129892.000 74795.000 0 0 0.000 0.000 0.000 0.141 0 1 0 0 0 0
 50 122784.000 67571.000 0 0 0.000 0.000 0.000 0.252 0 1 0 0 0 0
 51 60209.000 98169.000 0 0 0.000 0.000 0.000 0.130 0 1 0 0 0 0
 52 73599.000 130024.000 0 0 0.000 0.000 0.000 0.130 0 1 0 0 0 0
 53 132184.000 74939.000 0 0 0.000 0.000 0.000 0.133 0 1 0 0 0 0
 54 73648.000 130949.000 0 0 0.000 0.000 0.000 0.131 0 1 0 0 0 0
 55 97399.000 58872.000 0 0 0.000 0.000 0.000 0.138 0 1 0 0 0 0
 56 71620.000 68004.000 0 0 0.000 0.000 0.000 0.137 0 1 0 0 0 0
 57 89721.000 58402.000 0 0 0.000 0.000 0.000 0.131 0 1 0 0 0 0
 58 140622.000 115348.000 0 0 0.000 0.000 0.000 0.135 0 1 0 0 0 0
 59 126070.000 134547.000 0 0 0.000 0.000 0.000 0.140 0 1 0 0 0 0
 60 103222.000 56304.000 0 0 0.000 0.000 0.000 0.135 0 1 0 0 0 0
 61 77129.000 61885.000 0 0 0.000 0.000 0.000 0.142 0 1 0 0 0 0
 62 123954.000 61893.000 0 0 0.000 0.000 0.000 0.138 0 1 0 0 0 0
 63 108539.000 55250.000 0 0 0.000 0.000 0.000 0.138 0 1 0 0 0 0
 64 107998.000 144516.000 0 0 0.000 0.000 0.000 0.133 0 1 0 0 0 0
 65 55670.000 111770.000 0 0 0.000 0.000 0.000 0.133 0 1 0 0 0 0
 66 91331.000 54125.000 0 0 0.000 0.000 0.000 0.134 0 1 0 0 0 0
 67 70972.000 62517.000 0 0 0.000 0.000 0.000 0.135 0 1 0 0 0 0
 68 120216.000 142463.000 0 0 0.000 0.000 0.000 0.147 0 1 0 0 0 0
 69 53941.000 87320.000 0 0 0.000 0.000 0.000 0.139 0 1 0 0 0 0
 70 145970.000 85977.000 0 0 0.000 0.000 0.000 0.133 0 1 0 0 0 0
 71 131569.000 63611.000 0 0 0.000 0.000 0.000 0.156 0 1 0 0 0 0
 72 127964.000 139120.000 0 0 0.000 0.000 0.000 0.140 0 1 0 0 0 0
 73 149850.000 107727.000 0 0 0.000 0.000 0.000 0.134 0 1 0 0 0 0
 74 89247.000 149036.000 0 0 0.000 0.000 0.000 0.132 0 1 0 0 0 0
 75 62832.000 135509.000 0 0 0.000 0.000 0.000 0.135 0 1 0 0 0 0
 76 147339.000 120876.000 0 0 0.000 0.000 0.000 0.134 0 1 0 0 0 0
 77 104379.000 46676.000 0 0 0.000 0.000 0.000 0.138 0 1 0 0 0 0
 78 155305.000 102872.000 0 0 0.000 0.000 0.000 0.139 0 1 0 0 0 0
 79 123523.000 48915.000 0 0 0.000 0.000 0.000 0.142 0 1 0 0 0 0
 80 78456.000 47738.000 0 0 0.000 0.000 0.000 0.153 0 1 0 0 0 0
 81 155959.000 87960.000 0 0 0.000 0.000 0.000 0.133 0 1 0 0 0 0
 82 79672.000 154429.000 0 0 0.000 0.000 0.000 0.142 0 1 0 0 0 0
 83 68051.000 148834.000 0 0 0.000 0.000 0.000 0.132 0 1 0 0 0 0
 84 152334.000 126759.000 0 0 0.000 0.000 0.000 0.133 0 1 0 0 0 0
 85 111702.000 157942.000 0 0 0.000 0.000 0.000 0.132 0 1 0 0 0 0
 86 59181.000 55545.000 0 0 0.000 0.000 0.000 0.130 0 1 0 0 0 0
 87 46322.000 71219.000 0 0 0.000 0.000 0.000 0.201 0 1 0 0 0 0
 88 86888.000 159636.000 0 0 0.000 0.000 0.000 0.143 0 1 0 0 0 0
 89 43045.000 77450.000 0 0 0.000 0.000 0.000 0.133 0 1 0 0 0 0
 90 78241.000 157209.000 0 0 0.000 0.000 0.000 0.146 0 1 0 0 0 0
 91 155691.000 72771.000 0 0 0.000 0.000 0.000 0.132 0 1 0 0 0 0
 92 129506.000 154710.000 0 0 0.000 0.000 0.000 0.134 0 1 0 0 0 0
 93 42308.000 123880.000 0 0 0.000 0.000 0.000 0.135 0 1 0 0 0 0
 94 36660.000 123706.000 0 0 0.000 0.000 0.000 0.130 0 1 0 0 0 0
 95 90421.000 28007.000 0 0 0.000 0.000 0.000 0.138 0 1 0 0 0 0
 96 54102.000 42112.000 0 0 0.000 0.000 0.000 0.153 0 1 0 0 0 0
 97 117134.000 27963.000 0 0 0.000 0.000 0.000 0.130 0 1 0 0 0 0
 98 40148.000 143248.000 0 0 0.000 0.000 0.000 0.140 0 1 0 0 0 0
 99 158681.000 52550.000 0 0 0.000 0.000 0.000 0.147 0 1 0 0 0 0
 100 55378.000 165275.000 0 0 0.000 0.000 0.000 0.133 0 1 0 0 0 0
 101 181497.000 122112.000 0 0 0.000 0.000 0.000 0.164 0 1 0 0 0 0
 102 179197.000 136786.000 0 0 0.000 0.000 0.000 0.195 0 1 0 0 0 0
 103 178363.000 140966.000 0 0 0.000 0.000 0.000 0.151 0 1 0 0 0 0
 104 177874.000 143244.000 0 0 0.000 0.000 0.000 0.172 0 1 0 0 0 0
 105 177645.000 144260.000 0 0 0.000 0.000 0.000 0.146 0 1 0 0 0 0;
ProcessEquipmentIDList 1
  "6565" ;
SummarySpec 5
  TESTNO    NDEFECT    DEFDENSITY    NDIE    NDEFDIE  ;
SummaryList 
  1    105    0.3839    1    1  ;
EndOfFile;
