FileVersion 1 2;
FileTimestamp 02-08-26 23:52:32;
InspectionStationID "KLA-Tencor" "SFSSP1" "0901-0728-TBI";
SampleType WAFER;
ResultTimestamp 02-08-26 23:42:05;
LotID "2580";
SampleSize 1 200;
DeviceID "None";
SetupID "T2-2580NR" 02-08-26 23:42:05;
StepID "7040";
SampleOrientationMarkType NOTCH;
OrientationMarkLocation DOWN;
DiePitch 200000 200000;
DieOrigin 0 0;
WaferID "11";
Slot 11;
SampleCenterLocation 100000 100000;
ClassLookup 1
  0 "0"  ;
OrientationInstructions "Front";
CoordinatesMirrored No;
InspectionTest 1;
SampleTestPlan 1
  0 0 ;
AreaPerTest 2.73516e+010;
DefectRecordSpec 15 DEFECTID XREL YREL XINDEX YINDEX XSIZE YSIZE DEFECTAREA DSIZE CLASSNUMBER TEST CLUSTERNUMBER ROUGHBINNUMBER FINEBINNUMBER REVIEWSAMPLE ;
DefectList
 1 103246.000 102970.000 0 0 0.000 0.000 0.000 0.142 0 1 0 0 0 0
 2 103091.000 107689.000 0 0 0.000 0.000 0.000 0.147 0 1 0 0 0 0
 3 103047.000 108000.000 0 0 0.000 0.000 0.000 0.133 0 1 0 0 0 0
 4 94320.000 109051.000 0 0 0.000 0.000 0.000 0.141 0 1 0 0 0 0
 5 97202.000 89793.000 0 0 0.000 0.000 0.000 0.131 0 1 0 0 0 0
 6 105351.000 110305.000 0 0 0.000 0.000 0.000 0.150 0 1 0 0 0 0
 7 95334.000 111100.000 0 0 0.000 0.000 0.000 0.135 0 1 0 0 0 0
 8 110399.000 106783.000 0 0 0.000 0.000 0.000 0.142 0 1 0 0 0 0
 9 113096.000 100809.000 0 0 0.000 0.000 0.000 0.175 0 1 0 0 0 0
 10 86836.000 95688.000 0 0 0.000 0.000 0.000 0.133 0 1 0 0 0 0
 11 109200.000 110741.000 0 0 0.000 0.000 0.000 0.150 0 1 0 0 0 0
 12 88923.000 91225.000 0 0 0.000 0.000 0.000 0.134 0 1 0 0 0 0
 13 93985.000 113381.000 0 0 0.000 0.000 0.000 0.155 0 1 0 0 0 0
 14 90963.000 112737.000 0 0 0.000 0.000 0.000 0.148 0 1 0 0 0 0
 15 88884.000 89197.000 0 0 0.000 0.000 0.000 0.137 0 1 0 0 0 0
 16 84301.000 96253.000 0 0 0.000 0.000 0.000 0.143 0 1 0 0 0 0
 17 83343.000 94660.000 0 0 0.000 0.000 0.000 0.135 0 1 0 0 0 0
 18 94856.000 83211.000 0 0 0.000 0.000 0.000 0.136 0 1 0 0 0 0
 19 83202.000 106251.000 0 0 0.000 0.000 0.000 0.148 0 1 0 0 0 0
 20 86360.000 112047.000 0 0 0.000 0.000 0.000 0.141 0 1 0 0 0 0
 21 81273.000 105981.000 0 0 0.000 0.000 0.000 0.149 0 1 0 0 0 0
 22 77868.000 104335.000 0 0 0.000 0.000 0.000 0.137 0 1 0 0 0 0
 23 89537.000 120866.000 0 0 0.000 0.000 0.000 0.149 0 1 0 0 0 0
 24 103551.000 123201.000 0 0 0.000 0.000 0.000 0.135 0 1 0 0 0 0
 25 108057.000 78230.000 0 0 0.000 0.000 0.000 0.130 0 1 0 0 0 0
 26 122846.000 95002.000 0 0 0.000 0.000 0.000 0.136 0 1 0 0 0 0
 27 123291.000 97742.000 0 0 0.000 0.000 0.000 0.148 0 1 0 0 0 0
 28 118725.000 115956.000 0 0 0.000 0.000 0.000 0.137 0 1 0 0 0 0
 29 92854.000 124167.000 0 0 0.000 0.000 0.000 0.139 0 1 0 0 0 0
 30 117400.000 118317.000 0 0 0.000 0.000 0.000 0.136 0 1 0 0 0 0
 31 83947.000 119621.000 0 0 0.000 0.000 0.000 0.134 0 1 0 0 0 0
 32 102669.000 75161.000 0 0 0.000 0.000 0.000 0.135 0 1 0 0 0 0
 33 74581.000 97725.000 0 0 0.000 0.000 0.000 0.161 0 1 0 0 0 0
 34 124877.000 107850.000 0 0 0.000 0.000 0.000 0.163 0 1 0 0 0 0
 35 122076.000 114166.000 0 0 0.000 0.000 0.000 0.147 0 1 0 0 0 0
 36 103836.000 126056.000 0 0 0.000 0.000 0.000 0.159 0 1 0 0 0 0
 37 126786.000 98960.000 0 0 0.000 0.000 0.000 0.136 0 1 0 0 0 0
 38 97137.000 128144.000 0 0 0.000 0.000 0.000 0.133 0 1 0 0 0 0
 39 114114.000 75504.000 0 0 0.000 0.000 0.000 0.133 0 1 0 0 0 0
 40 128533.000 101860.000 0 0 0.000 0.000 0.000 0.135 0 1 0 0 0 0
 41 110903.000 126632.000 0 0 0.000 0.000 0.000 0.144 0 1 0 0 0 0
 42 78801.000 80222.000 0 0 0.000 0.000 0.000 0.143 0 1 0 0 0 0
 43 128041.000 92401.000 0 0 0.000 0.000 0.000 0.132 0 1 0 0 0 0
 44 122571.000 119244.000 0 0 0.000 0.000 0.000 0.138 0 1 0 0 0 0
 45 90804.000 128397.000 0 0 0.000 0.000 0.000 0.140 0 1 0 0 0 0
 46 104161.000 70744.000 0 0 0.000 0.000 0.000 0.145 0 1 0 0 0 0
 47 88272.000 127759.000 0 0 0.000 0.000 0.000 0.131 0 1 0 0 0 0
 48 119582.000 77296.000 0 0 0.000 0.000 0.000 0.137 0 1 0 0 0 0
 49 124100.000 82208.000 0 0 0.000 0.000 0.000 0.139 0 1 0 0 0 0
 50 100142.000 130368.000 0 0 0.000 0.000 0.000 0.132 0 1 0 0 0 0
 51 76314.000 119372.000 0 0 0.000 0.000 0.000 0.132 0 1 0 0 0 0
 52 80326.000 77114.000 0 0 0.000 0.000 0.000 0.150 0 1 0 0 0 0
 53 80183.000 124557.000 0 0 0.000 0.000 0.000 0.136 0 1 0 0 0 0
 54 77281.000 122043.000 0 0 0.000 0.000 0.000 0.142 0 1 0 0 0 0
 55 129599.000 88164.000 0 0 0.000 0.000 0.000 0.132 0 1 0 0 0 0
 56 67879.000 103070.000 0 0 0.000 0.000 0.000 0.139 0 1 0 0 0 0
 57 94380.000 68217.000 0 0 0.000 0.000 0.000 0.149 0 1 0 0 0 0
 58 104470.000 132587.000 0 0 0.000 0.000 0.000 0.145 0 1 0 0 0 0
 59 66676.000 101071.000 0 0 0.000 0.000 0.000 0.137 0 1 0 0 0 0
 60 72320.000 81079.000 0 0 0.000 0.000 0.000 0.130 0 1 0 0 0 0
 61 108022.000 67281.000 0 0 0.000 0.000 0.000 0.143 0 1 0 0 0 0
 62 100945.000 66285.000 0 0 0.000 0.000 0.000 0.133 0 1 0 0 0 0
 63 68196.000 87612.000 0 0 0.000 0.000 0.000 0.134 0 1 0 0 0 0
 64 81294.000 71756.000 0 0 0.000 0.000 0.000 0.130 0 1 0 0 0 0
 65 84636.000 69588.000 0 0 0.000 0.000 0.000 0.135 0 1 0 0 0 0
 66 134151.000 96247.000 0 0 0.000 0.000 0.000 0.135 0 1 0 0 0 0
 67 85294.000 131394.000 0 0 0.000 0.000 0.000 0.130 0 1 0 0 0 0
 68 65135.000 101273.000 0 0 0.000 0.000 0.000 0.138 0 1 0 0 0 0
 69 109102.000 133911.000 0 0 0.000 0.000 0.000 0.144 0 1 0 0 0 0
 70 121855.000 72904.000 0 0 0.000 0.000 0.000 0.144 0 1 0 0 0 0
 71 69518.000 118281.000 0 0 0.000 0.000 0.000 0.133 0 1 0 0 0 0
 72 107191.000 65406.000 0 0 0.000 0.000 0.000 0.132 0 1 0 0 0 0
 73 92208.000 65008.000 0 0 0.000 0.000 0.000 0.130 0 1 0 0 0 0
 74 83394.000 132600.000 0 0 0.000 0.000 0.000 0.138 0 1 0 0 0 0
 75 90263.000 64847.000 0 0 0.000 0.000 0.000 0.142 0 1 0 0 0 0
 76 90571.000 135891.000 0 0 0.000 0.000 0.000 0.143 0 1 0 0 0 0
 77 81775.000 68211.000 0 0 0.000 0.000 0.000 0.144 0 1 0 0 0 0
 78 93947.000 63806.000 0 0 0.000 0.000 0.000 0.131 0 1 0 0 0 0
 79 123848.000 72035.000 0 0 0.000 0.000 0.000 0.133 0 1 0 0 0 0
 80 111692.000 135472.000 0 0 0.000 0.000 0.000 0.144 0 1 0 0 0 0
 81 71127.000 125017.000 0 0 0.000 0.000 0.000 0.131 0 1 0 0 0 0
 82 118422.000 133858.000 0 0 0.000 0.000 0.000 0.137 0 1 0 0 0 0
 83 138819.000 110007.000 0 0 0.000 0.000 0.000 0.140 0 1 0 0 0 0
 84 125838.000 69109.000 0 0 0.000 0.000 0.000 0.141 0 1 0 0 0 0
 85 62245.000 85288.000 0 0 0.000 0.000 0.000 0.140 0 1 0 0 0 0
 86 139587.000 91274.000 0 0 0.000 0.000 0.000 0.144 0 1 0 0 0 0
 87 73992.000 68604.000 0 0 0.000 0.000 0.000 0.131 0 1 0 0 0 0
 88 60036.000 109687.000 0 0 0.000 0.000 0.000 0.131 0 1 0 0 0 0
 89 114208.000 138968.000 0 0 0.000 0.000 0.000 0.137 0 1 0 0 0 0
 90 62646.000 118663.000 0 0 0.000 0.000 0.000 0.134 0 1 0 0 0 0
 91 64015.000 121368.000 0 0 0.000 0.000 0.000 0.133 0 1 0 0 0 0
 92 89476.000 141909.000 0 0 0.000 0.000 0.000 0.131 0 1 0 0 0 0
 93 80145.000 138341.000 0 0 0.000 0.000 0.000 0.147 0 1 0 0 0 0
 94 83704.000 60482.000 0 0 0.000 0.000 0.000 0.137 0 1 0 0 0 0
 95 77954.000 62419.000 0 0 0.000 0.000 0.000 0.139 0 1 0 0 0 0
 96 130620.000 69136.000 0 0 0.000 0.000 0.000 0.143 0 1 0 0 0 0
 97 113542.000 142060.000 0 0 0.000 0.000 0.000 0.147 0 1 0 0 0 0
 98 97177.000 144082.000 0 0 0.000 0.000 0.000 0.140 0 1 0 0 0 0
 99 56745.000 109004.000 0 0 0.000 0.000 0.000 0.130 0 1 0 0 0 0
 100 76315.000 62813.000 0 0 0.000 0.000 0.000 0.130 0 1 0 0 0 0
 101 132250.000 131091.000 0 0 0.000 0.000 0.000 0.131 0 1 0 0 0 0
 102 55753.000 92015.000 0 0 0.000 0.000 0.000 0.138 0 1 0 0 0 0
 103 142548.000 115491.000 0 0 0.000 0.000 0.000 0.143 0 1 0 0 0 0
 104 61803.000 124734.000 0 0 0.000 0.000 0.000 0.152 0 1 0 0 0 0
 105 80710.000 58663.000 0 0 0.000 0.000 0.000 0.135 0 1 0 0 0 0
 106 119928.000 58727.000 0 0 0.000 0.000 0.000 0.131 0 1 0 0 0 0
 107 108049.000 54232.000 0 0 0.000 0.000 0.000 0.134 0 1 0 0 0 0
 108 108195.000 54021.000 0 0 0.000 0.000 0.000 0.132 0 1 0 0 0 0
 109 133740.000 67572.000 0 0 0.000 0.000 0.000 0.148 0 1 0 0 0 0
 110 113541.000 145257.000 0 0 0.000 0.000 0.000 0.138 0 1 0 0 0 0
 111 145092.000 84838.000 0 0 0.000 0.000 0.000 0.131 0 1 0 0 0 0
 112 147503.000 98159.000 0 0 0.000 0.000 0.000 0.134 0 1 0 0 0 0
 113 63745.000 69032.000 0 0 0.000 0.000 0.000 0.131 0 1 0 0 0 0
 114 78152.000 142927.000 0 0 0.000 0.000 0.000 0.139 0 1 0 0 0 0
 115 142506.000 78013.000 0 0 0.000 0.000 0.000 0.154 0 1 0 0 0 0
 116 94007.000 148574.000 0 0 0.000 0.000 0.000 0.135 0 1 0 0 0 0
 117 120667.000 55789.000 0 0 0.000 0.000 0.000 0.135 0 1 0 0 0 0
 118 134841.000 64083.000 0 0 0.000 0.000 0.000 0.149 0 1 0 0 0 0
 119 133881.000 137490.000 0 0 0.000 0.000 0.000 0.130 0 1 0 0 0 0
 120 144649.000 76678.000 0 0 0.000 0.000 0.000 0.149 0 1 0 0 0 0
 121 104250.000 49071.000 0 0 0.000 0.000 0.000 0.228 0 1 0 0 0 0
 122 126101.000 144741.000 0 0 0.000 0.000 0.000 0.140 0 1 0 0 0 0
 123 151694.000 100440.000 0 0 0.000 0.000 0.000 0.133 0 1 0 0 0 0
 124 124734.000 54699.000 0 0 0.000 0.000 0.000 0.141 0 1 0 0 0 0
 125 151042.000 113499.000 0 0 0.000 0.000 0.000 0.135 0 1 0 0 0 0
 126 106898.000 47799.000 0 0 0.000 0.000 0.000 0.131 0 1 0 0 0 0
 127 151678.000 111384.000 0 0 0.000 0.000 0.000 0.130 0 1 0 0 0 0
 128 47615.000 90691.000 0 0 0.000 0.000 0.000 0.136 0 1 0 0 0 0
 129 106837.000 46830.000 0 0 0.000 0.000 0.000 0.142 0 1 0 0 0 0
 130 143914.000 68979.000 0 0 0.000 0.000 0.000 0.130 0 1 0 0 0 0
 131 153942.000 94393.000 0 0 0.000 0.000 0.000 0.149 0 1 0 0 0 0
 132 149286.000 77227.000 0 0 0.000 0.000 0.000 0.137 0 1 0 0 0 0
 133 54655.000 132128.000 0 0 0.000 0.000 0.000 0.131 0 1 0 0 0 0
 134 152957.000 117411.000 0 0 0.000 0.000 0.000 0.131 0 1 0 0 0 0
 135 66480.000 55193.000 0 0 0.000 0.000 0.000 0.141 0 1 0 0 0 0
 136 138632.000 141431.000 0 0 0.000 0.000 0.000 0.134 0 1 0 0 0 0
 137 149935.000 127345.000 0 0 0.000 0.000 0.000 0.146 0 1 0 0 0 0
 138 116549.000 45357.000 0 0 0.000 0.000 0.000 0.151 0 1 0 0 0 0
 139 111660.000 44047.000 0 0 0.000 0.000 0.000 0.131 0 1 0 0 0 0
 140 133976.000 146578.000 0 0 0.000 0.000 0.000 0.133 0 1 0 0 0 0
 141 147606.000 133198.000 0 0 0.000 0.000 0.000 0.143 0 1 0 0 0 0
 142 97811.000 41630.000 0 0 0.000 0.000 0.000 0.137 0 1 0 0 0 0
 143 154003.000 123203.000 0 0 0.000 0.000 0.000 0.131 0 1 0 0 0 0
 144 44921.000 79460.000 0 0 0.000 0.000 0.000 0.133 0 1 0 0 0 0
 145 55448.000 61899.000 0 0 0.000 0.000 0.000 0.136 0 1 0 0 0 0
 146 41504.000 91820.000 0 0 0.000 0.000 0.000 0.139 0 1 0 0 0 0
 147 100030.000 40418.000 0 0 0.000 0.000 0.000 0.145 0 1 0 0 0 0
 148 84395.000 158067.000 0 0 0.000 0.000 0.000 0.130 0 1 0 0 0 0
 149 82614.000 42643.000 0 0 0.000 0.000 0.000 0.152 0 1 0 0 0 0
 150 133116.000 49571.000 0 0 0.000 0.000 0.000 0.135 0 1 0 0 0 0
 151 127788.000 45429.000 0 0 0.000 0.000 0.000 0.136 0 1 0 0 0 0
 152 156166.000 125450.000 0 0 0.000 0.000 0.000 0.131 0 1 0 0 0 0
 153 124267.000 157163.000 0 0 0.000 0.000 0.000 0.148 0 1 0 0 0 0
 154 43654.000 74137.000 0 0 0.000 0.000 0.000 0.144 0 1 0 0 0 0
 155 60656.000 52232.000 0 0 0.000 0.000 0.000 0.133 0 1 0 0 0 0
 156 75962.000 42116.000 0 0 0.000 0.000 0.000 0.138 0 1 0 0 0 0
 157 56609.000 54242.000 0 0 0.000 0.000 0.000 0.178 0 1 0 0 0 0
 158 126221.000 41704.000 0 0 0.000 0.000 0.000 0.136 0 1 0 0 0 0
 159 37641.000 81931.000 0 0 0.000 0.000 0.000 0.131 0 1 0 0 0 0
 160 44274.000 66472.000 0 0 0.000 0.000 0.000 0.131 0 1 0 0 0 0
 161 161586.000 78149.000 0 0 0.000 0.000 0.000 0.134 0 1 0 0 0 0
 162 163223.000 118590.000 0 0 0.000 0.000 0.000 0.153 0 1 0 0 0 0
 163 145803.000 149592.000 0 0 0.000 0.000 0.000 0.202 0 1 0 0 0 0
 164 45091.000 57037.000 0 0 0.000 0.000 0.000 0.142 0 1 0 0 0 0
 165 110622.000 169468.000 0 0 0.000 0.000 0.000 0.133 0 1 0 0 0 0
 166 167967.000 122127.000 0 0 0.000 0.000 0.000 0.130 0 1 0 0 0 0
 167 53774.000 154850.000 0 0 0.000 0.000 0.000 0.131 0 1 0 0 0 0
 168 49732.000 48773.000 0 0 0.000 0.000 0.000 0.144 0 1 0 0 0 0
 169 152717.000 50919.000 0 0 0.000 0.000 0.000 0.134 0 1 0 0 0 0
 170 130345.000 33528.000 0 0 0.000 0.000 0.000 0.130 0 1 0 0 0 0
 171 38754.000 56290.000 0 0 0.000 0.000 0.000 0.141 0 1 0 0 0 0
 172 173463.000 122727.000 0 0 0.000 0.000 0.000 0.143 0 1 0 0 0 0
 173 179099.000 101738.000 0 0 0.000 0.000 0.000 0.149 0 1 0 0 0 0;
ProcessEquipmentIDList 1
  "6565" ;
SummarySpec 5
  TESTNO    NDEFECT    DEFDENSITY    NDIE    NDEFDIE  ;
SummaryList 
  1    173    0.6325    1    1  ;
EndOfFile;
