FileVersion 1 2;
FileTimestamp 02-08-26 22:13:42;
InspectionStationID "KLA-Tencor" "SFSSP1" "0901-0728-TBI";
SampleType WAFER;
ResultTimestamp 02-08-26 22:03:56;
LotID "2580";
SampleSize 1 200;
DeviceID "None";
SetupID "T2-2580NR" 02-08-26 22:03:56;
StepID "6930";
SampleOrientationMarkType NOTCH;
OrientationMarkLocation DOWN;
DiePitch 200000 200000;
DieOrigin 0 0;
WaferID "13";
Slot 13;
SampleCenterLocation 100000 100000;
ClassLookup 1
  0 "0"  ;
OrientationInstructions "Front";
CoordinatesMirrored No;
InspectionTest 1;
SampleTestPlan 1
  0 0 ;
AreaPerTest 2.73529e+010;
DefectRecordSpec 15 DEFECTID XREL YREL XINDEX YINDEX XSIZE YSIZE DEFECTAREA DSIZE CLASSNUMBER TEST CLUSTERNUMBER ROUGHBINNUMBER FINEBINNUMBER REVIEWSAMPLE ;
DefectList
 1 99346.000 98951.000 0 0 0.000 0.000 0.000 0.136 0 1 0 0 0 0
 2 105577.000 101963.000 0 0 0.000 0.000 0.000 0.134 0 1 0 0 0 0
 3 96347.000 93454.000 0 0 0.000 0.000 0.000 0.158 0 1 0 0 0 0
 4 107726.000 97252.000 0 0 0.000 0.000 0.000 0.161 0 1 0 0 0 0
 5 95088.000 108133.000 0 0 0.000 0.000 0.000 0.138 0 1 0 0 0 0
 6 105113.000 92654.000 0 0 0.000 0.000 0.000 0.135 0 1 0 0 0 0
 7 109085.000 97175.000 0 0 0.000 0.000 0.000 0.130 0 1 0 0 0 0
 8 98730.000 110177.000 0 0 0.000 0.000 0.000 0.136 0 1 0 0 0 0
 9 106434.000 92074.000 0 0 0.000 0.000 0.000 0.138 0 1 0 0 0 0
 10 89389.000 98274.000 0 0 0.000 0.000 0.000 0.132 0 1 0 0 0 0
 11 91669.000 92842.000 0 0 0.000 0.000 0.000 0.141 0 1 0 0 0 0
 12 88890.000 104859.000 0 0 0.000 0.000 0.000 0.138 0 1 0 0 0 0
 13 96384.000 111704.000 0 0 0.000 0.000 0.000 0.156 0 1 0 0 0 0
 14 106952.000 90132.000 0 0 0.000 0.000 0.000 0.142 0 1 0 0 0 0
 15 111956.000 102702.000 0 0 0.000 0.000 0.000 0.138 0 1 0 0 0 0
 16 88618.000 93104.000 0 0 0.000 0.000 0.000 0.146 0 1 0 0 0 0
 17 95947.000 87297.000 0 0 0.000 0.000 0.000 0.144 0 1 0 0 0 0
 18 112803.000 96245.000 0 0 0.000 0.000 0.000 0.130 0 1 0 0 0 0
 19 111698.000 107269.000 0 0 0.000 0.000 0.000 0.161 0 1 0 0 0 0
 20 108625.000 110881.000 0 0 0.000 0.000 0.000 0.136 0 1 0 0 0 0
 21 111935.000 108621.000 0 0 0.000 0.000 0.000 0.131 0 1 0 0 0 0
 22 111597.000 109008.000 0 0 0.000 0.000 0.000 0.144 0 1 0 0 0 0
 23 87687.000 109387.000 0 0 0.000 0.000 0.000 0.144 0 1 0 0 0 0
 24 106655.000 85797.000 0 0 0.000 0.000 0.000 0.139 0 1 0 0 0 0
 25 103579.000 115600.000 0 0 0.000 0.000 0.000 0.131 0 1 0 0 0 0
 26 104925.000 84859.000 0 0 0.000 0.000 0.000 0.143 0 1 0 0 0 0
 27 84372.000 93024.000 0 0 0.000 0.000 0.000 0.131 0 1 0 0 0 0
 28 116595.000 104141.000 0 0 0.000 0.000 0.000 0.150 0 1 0 0 0 0
 29 97838.000 117616.000 0 0 0.000 0.000 0.000 0.136 0 1 0 0 0 0
 30 82215.000 102331.000 0 0 0.000 0.000 0.000 0.131 0 1 0 0 0 0
 31 110369.000 85854.000 0 0 0.000 0.000 0.000 0.203 0 1 0 0 0 0
 32 116239.000 107014.000 0 0 0.000 0.000 0.000 0.156 0 1 0 0 0 0
 33 109569.000 115165.000 0 0 0.000 0.000 0.000 0.130 0 1 0 0 0 0
 34 107256.000 116394.000 0 0 0.000 0.000 0.000 0.143 0 1 0 0 0 0
 35 81948.000 100056.000 0 0 0.000 0.000 0.000 0.153 0 1 0 0 0 0
 36 116836.000 92794.000 0 0 0.000 0.000 0.000 0.130 0 1 0 0 0 0
 37 118569.000 96450.000 0 0 0.000 0.000 0.000 0.139 0 1 0 0 0 0
 38 107793.000 117661.000 0 0 0.000 0.000 0.000 0.138 0 1 0 0 0 0
 39 80861.000 105431.000 0 0 0.000 0.000 0.000 0.162 0 1 0 0 0 0
 40 108969.000 82457.000 0 0 0.000 0.000 0.000 0.133 0 1 0 0 0 0
 41 88580.000 117487.000 0 0 0.000 0.000 0.000 0.132 0 1 0 0 0 0
 42 98225.000 79204.000 0 0 0.000 0.000 0.000 0.130 0 1 0 0 0 0
 43 121103.000 99761.000 0 0 0.000 0.000 0.000 0.165 0 1 0 0 0 0
 44 118050.000 112667.000 0 0 0.000 0.000 0.000 0.162 0 1 0 0 0 0
 45 115207.000 115992.000 0 0 0.000 0.000 0.000 0.139 0 1 0 0 0 0
 46 102614.000 122213.000 0 0 0.000 0.000 0.000 0.136 0 1 0 0 0 0
 47 104970.000 77989.000 0 0 0.000 0.000 0.000 0.147 0 1 0 0 0 0
 48 92188.000 121854.000 0 0 0.000 0.000 0.000 0.146 0 1 0 0 0 0
 49 115308.000 82803.000 0 0 0.000 0.000 0.000 0.148 0 1 0 0 0 0
 50 121786.000 107805.000 0 0 0.000 0.000 0.000 0.164 0 1 0 0 0 0
 51 76647.000 96341.000 0 0 0.000 0.000 0.000 0.135 0 1 0 0 0 0
 52 116027.000 83173.000 0 0 0.000 0.000 0.000 0.144 0 1 0 0 0 0
 53 120833.000 110844.000 0 0 0.000 0.000 0.000 0.143 0 1 0 0 0 0
 54 115028.000 82015.000 0 0 0.000 0.000 0.000 0.130 0 1 0 0 0 0
 55 123497.000 101045.000 0 0 0.000 0.000 0.000 0.142 0 1 0 0 0 0
 56 76400.000 96005.000 0 0 0.000 0.000 0.000 0.139 0 1 0 0 0 0
 57 101971.000 75954.000 0 0 0.000 0.000 0.000 0.143 0 1 0 0 0 0
 58 124043.000 96375.000 0 0 0.000 0.000 0.000 0.143 0 1 0 0 0 0
 59 89629.000 77759.000 0 0 0.000 0.000 0.000 0.139 0 1 0 0 0 0
 60 110135.000 77798.000 0 0 0.000 0.000 0.000 0.153 0 1 0 0 0 0
 61 75123.000 101953.000 0 0 0.000 0.000 0.000 0.139 0 1 0 0 0 0
 62 79462.000 86086.000 0 0 0.000 0.000 0.000 0.155 0 1 0 0 0 0
 63 118810.000 116553.000 0 0 0.000 0.000 0.000 0.146 0 1 0 0 0 0
 64 86022.000 78719.000 0 0 0.000 0.000 0.000 0.130 0 1 0 0 0 0
 65 113839.000 78742.000 0 0 0.000 0.000 0.000 0.132 0 1 0 0 0 0
 66 104692.000 125464.000 0 0 0.000 0.000 0.000 0.132 0 1 0 0 0 0
 67 75082.000 92812.000 0 0 0.000 0.000 0.000 0.143 0 1 0 0 0 0
 68 74305.000 94684.000 0 0 0.000 0.000 0.000 0.162 0 1 0 0 0 0
 69 118618.000 119175.000 0 0 0.000 0.000 0.000 0.133 0 1 0 0 0 0
 70 108106.000 125628.000 0 0 0.000 0.000 0.000 0.135 0 1 0 0 0 0
 71 120135.000 117828.000 0 0 0.000 0.000 0.000 0.140 0 1 0 0 0 0
 72 93176.000 74139.000 0 0 0.000 0.000 0.000 0.131 0 1 0 0 0 0
 73 106526.000 74177.000 0 0 0.000 0.000 0.000 0.133 0 1 0 0 0 0
 74 122024.000 83615.000 0 0 0.000 0.000 0.000 0.135 0 1 0 0 0 0
 75 76966.000 116348.000 0 0 0.000 0.000 0.000 0.225 0 1 0 0 0 0
 76 105882.000 72727.000 0 0 0.000 0.000 0.000 0.130 0 1 0 0 0 0
 77 127308.000 105946.000 0 0 0.000 0.000 0.000 0.154 0 1 0 0 0 0
 78 100139.000 128351.000 0 0 0.000 0.000 0.000 0.130 0 1 0 0 0 0
 79 114084.000 125377.000 0 0 0.000 0.000 0.000 0.140 0 1 0 0 0 0
 80 112794.000 125920.000 0 0 0.000 0.000 0.000 0.134 0 1 0 0 0 0
 81 75200.000 115779.000 0 0 0.000 0.000 0.000 0.130 0 1 0 0 0 0
 82 73006.000 88411.000 0 0 0.000 0.000 0.000 0.149 0 1 0 0 0 0
 83 116022.000 75517.000 0 0 0.000 0.000 0.000 0.130 0 1 0 0 0 0
 84 118062.000 76062.000 0 0 0.000 0.000 0.000 0.138 0 1 0 0 0 0
 85 101068.000 130446.000 0 0 0.000 0.000 0.000 0.149 0 1 0 0 0 0
 86 102809.000 69942.000 0 0 0.000 0.000 0.000 0.132 0 1 0 0 0 0
 87 108211.000 129483.000 0 0 0.000 0.000 0.000 0.141 0 1 0 0 0 0
 88 69687.000 94918.000 0 0 0.000 0.000 0.000 0.143 0 1 0 0 0 0
 89 81243.000 124944.000 0 0 0.000 0.000 0.000 0.132 0 1 0 0 0 0
 90 91484.000 70422.000 0 0 0.000 0.000 0.000 0.143 0 1 0 0 0 0
 91 92669.000 69428.000 0 0 0.000 0.000 0.000 0.139 0 1 0 0 0 0
 92 122986.000 78816.000 0 0 0.000 0.000 0.000 0.132 0 1 0 0 0 0
 93 102737.000 131854.000 0 0 0.000 0.000 0.000 0.131 0 1 0 0 0 0
 94 132128.000 96846.000 0 0 0.000 0.000 0.000 0.137 0 1 0 0 0 0
 95 71201.000 84748.000 0 0 0.000 0.000 0.000 0.148 0 1 0 0 0 0
 96 73848.000 119803.000 0 0 0.000 0.000 0.000 0.152 0 1 0 0 0 0
 97 100192.000 132922.000 0 0 0.000 0.000 0.000 0.138 0 1 0 0 0 0
 98 84151.000 129434.000 0 0 0.000 0.000 0.000 0.139 0 1 0 0 0 0
 99 69717.000 114775.000 0 0 0.000 0.000 0.000 0.134 0 1 0 0 0 0
 100 125727.000 121644.000 0 0 0.000 0.000 0.000 0.133 0 1 0 0 0 0
 101 133551.000 100692.000 0 0 0.000 0.000 0.000 0.138 0 1 0 0 0 0
 102 133037.000 106247.000 0 0 0.000 0.000 0.000 0.132 0 1 0 0 0 0
 103 111119.000 132457.000 0 0 0.000 0.000 0.000 0.133 0 1 0 0 0 0
 104 66387.000 91398.000 0 0 0.000 0.000 0.000 0.144 0 1 0 0 0 0
 105 131295.000 85764.000 0 0 0.000 0.000 0.000 0.153 0 1 0 0 0 0
 106 91506.000 65956.000 0 0 0.000 0.000 0.000 0.131 0 1 0 0 0 0
 107 134904.000 104692.000 0 0 0.000 0.000 0.000 0.152 0 1 0 0 0 0
 108 88967.000 133790.000 0 0 0.000 0.000 0.000 0.133 0 1 0 0 0 0
 109 69250.000 81544.000 0 0 0.000 0.000 0.000 0.159 0 1 0 0 0 0
 110 64449.000 93737.000 0 0 0.000 0.000 0.000 0.132 0 1 0 0 0 0
 111 130704.000 80708.000 0 0 0.000 0.000 0.000 0.148 0 1 0 0 0 0
 112 67176.000 83319.000 0 0 0.000 0.000 0.000 0.133 0 1 0 0 0 0
 113 102527.000 63125.000 0 0 0.000 0.000 0.000 0.143 0 1 0 0 0 0
 114 136639.000 105344.000 0 0 0.000 0.000 0.000 0.149 0 1 0 0 0 0
 115 129305.000 122812.000 0 0 0.000 0.000 0.000 0.131 0 1 0 0 0 0
 116 68523.000 120146.000 0 0 0.000 0.000 0.000 0.131 0 1 0 0 0 0
 117 133047.000 117339.000 0 0 0.000 0.000 0.000 0.134 0 1 0 0 0 0
 118 126704.000 73900.000 0 0 0.000 0.000 0.000 0.132 0 1 0 0 0 0
 119 92683.000 137646.000 0 0 0.000 0.000 0.000 0.130 0 1 0 0 0 0
 120 94018.000 138064.000 0 0 0.000 0.000 0.000 0.154 0 1 0 0 0 0
 121 115800.000 64922.000 0 0 0.000 0.000 0.000 0.158 0 1 0 0 0 0
 122 138620.000 98040.000 0 0 0.000 0.000 0.000 0.132 0 1 0 0 0 0
 123 127592.000 72826.000 0 0 0.000 0.000 0.000 0.135 0 1 0 0 0 0
 124 137054.000 113326.000 0 0 0.000 0.000 0.000 0.147 0 1 0 0 0 0
 125 102456.000 60621.000 0 0 0.000 0.000 0.000 0.161 0 1 0 0 0 0
 126 99140.000 139864.000 0 0 0.000 0.000 0.000 0.130 0 1 0 0 0 0
 127 62497.000 114397.000 0 0 0.000 0.000 0.000 0.163 0 1 0 0 0 0
 128 122333.000 133289.000 0 0 0.000 0.000 0.000 0.134 0 1 0 0 0 0
 129 59550.000 98273.000 0 0 0.000 0.000 0.000 0.130 0 1 0 0 0 0
 130 69070.000 126539.000 0 0 0.000 0.000 0.000 0.147 0 1 0 0 0 0
 131 110806.000 60993.000 0 0 0.000 0.000 0.000 0.138 0 1 0 0 0 0
 132 91416.000 60028.000 0 0 0.000 0.000 0.000 0.138 0 1 0 0 0 0
 133 63306.000 118996.000 0 0 0.000 0.000 0.000 0.135 0 1 0 0 0 0
 134 101593.000 58843.000 0 0 0.000 0.000 0.000 0.141 0 1 0 0 0 0
 135 141365.000 97127.000 0 0 0.000 0.000 0.000 0.134 0 1 0 0 0 0
 136 65603.000 75729.000 0 0 0.000 0.000 0.000 0.137 0 1 0 0 0 0
 137 140972.000 91649.000 0 0 0.000 0.000 0.000 0.134 0 1 0 0 0 0
 138 113525.000 139951.000 0 0 0.000 0.000 0.000 0.149 0 1 0 0 0 0
 139 81092.000 137975.000 0 0 0.000 0.000 0.000 0.153 0 1 0 0 0 0
 140 61135.000 83549.000 0 0 0.000 0.000 0.000 0.133 0 1 0 0 0 0
 141 58337.000 108769.000 0 0 0.000 0.000 0.000 0.134 0 1 0 0 0 0
 142 105385.000 57950.000 0 0 0.000 0.000 0.000 0.166 0 1 0 0 0 0
 143 90691.000 58403.000 0 0 0.000 0.000 0.000 0.136 0 1 0 0 0 0
 144 135648.000 76728.000 0 0 0.000 0.000 0.000 0.135 0 1 0 0 0 0
 145 136460.000 122274.000 0 0 0.000 0.000 0.000 0.132 0 1 0 0 0 0
 146 84282.000 60096.000 0 0 0.000 0.000 0.000 0.135 0 1 0 0 0 0
 147 74586.000 135325.000 0 0 0.000 0.000 0.000 0.145 0 1 0 0 0 0
 148 90500.000 57722.000 0 0 0.000 0.000 0.000 0.131 0 1 0 0 0 0
 149 85465.000 58925.000 0 0 0.000 0.000 0.000 0.142 0 1 0 0 0 0
 150 100760.000 56401.000 0 0 0.000 0.000 0.000 0.141 0 1 0 0 0 0
 151 133065.000 128795.000 0 0 0.000 0.000 0.000 0.162 0 1 0 0 0 0
 152 76023.000 137345.000 0 0 0.000 0.000 0.000 0.130 0 1 0 0 0 0
 153 59756.000 118959.000 0 0 0.000 0.000 0.000 0.150 0 1 0 0 0 0
 154 144236.000 98082.000 0 0 0.000 0.000 0.000 0.130 0 1 0 0 0 0
 155 106541.000 56018.000 0 0 0.000 0.000 0.000 0.132 0 1 0 0 0 0
 156 121833.000 61443.000 0 0 0.000 0.000 0.000 0.144 0 1 0 0 0 0
 157 67310.000 69089.000 0 0 0.000 0.000 0.000 0.137 0 1 0 0 0 0
 158 123115.000 138821.000 0 0 0.000 0.000 0.000 0.133 0 1 0 0 0 0
 159 54289.000 97796.000 0 0 0.000 0.000 0.000 0.153 0 1 0 0 0 0
 160 67586.000 132953.000 0 0 0.000 0.000 0.000 0.140 0 1 0 0 0 0
 161 138369.000 75093.000 0 0 0.000 0.000 0.000 0.143 0 1 0 0 0 0
 162 96854.000 54181.000 0 0 0.000 0.000 0.000 0.146 0 1 0 0 0 0
 163 66360.000 68115.000 0 0 0.000 0.000 0.000 0.140 0 1 0 0 0 0
 164 88341.000 144997.000 0 0 0.000 0.000 0.000 0.130 0 1 0 0 0 0
 165 59458.000 77206.000 0 0 0.000 0.000 0.000 0.136 0 1 0 0 0 0
 166 91161.000 54180.000 0 0 0.000 0.000 0.000 0.131 0 1 0 0 0 0
 167 62424.000 128312.000 0 0 0.000 0.000 0.000 0.130 0 1 0 0 0 0
 168 114051.000 145585.000 0 0 0.000 0.000 0.000 0.150 0 1 0 0 0 0
 169 83485.000 55363.000 0 0 0.000 0.000 0.000 0.133 0 1 0 0 0 0
 170 83818.000 55270.000 0 0 0.000 0.000 0.000 0.140 0 1 0 0 0 0
 171 65450.000 133359.000 0 0 0.000 0.000 0.000 0.137 0 1 0 0 0 0
 172 76884.000 142145.000 0 0 0.000 0.000 0.000 0.152 0 1 0 0 0 0
 173 77200.000 57856.000 0 0 0.000 0.000 0.000 0.147 0 1 0 0 0 0
 174 136677.000 131074.000 0 0 0.000 0.000 0.000 0.142 0 1 0 0 0 0
 175 53746.000 114178.000 0 0 0.000 0.000 0.000 0.141 0 1 0 0 0 0
 176 146110.000 86554.000 0 0 0.000 0.000 0.000 0.136 0 1 0 0 0 0
 177 77263.000 57511.000 0 0 0.000 0.000 0.000 0.200 0 1 0 0 0 0
 178 84102.000 145925.000 0 0 0.000 0.000 0.000 0.153 0 1 0 0 0 0
 179 59843.000 127798.000 0 0 0.000 0.000 0.000 0.140 0 1 0 0 0 0
 180 128125.000 60419.000 0 0 0.000 0.000 0.000 0.140 0 1 0 0 0 0
 181 148704.000 101815.000 0 0 0.000 0.000 0.000 0.138 0 1 0 0 0 0
 182 59679.000 72172.000 0 0 0.000 0.000 0.000 0.135 0 1 0 0 0 0
 183 94750.000 51332.000 0 0 0.000 0.000 0.000 0.157 0 1 0 0 0 0
 184 79891.000 145172.000 0 0 0.000 0.000 0.000 0.133 0 1 0 0 0 0
 185 50267.000 94908.000 0 0 0.000 0.000 0.000 0.138 0 1 0 0 0 0
 186 74869.000 143458.000 0 0 0.000 0.000 0.000 0.133 0 1 0 0 0 0
 187 70676.000 141615.000 0 0 0.000 0.000 0.000 0.134 0 1 0 0 0 0
 188 58366.000 71192.000 0 0 0.000 0.000 0.000 0.131 0 1 0 0 0 0
 189 52913.000 119825.000 0 0 0.000 0.000 0.000 0.167 0 1 0 0 0 0
 190 147711.000 82697.000 0 0 0.000 0.000 0.000 0.133 0 1 0 0 0 0
 191 85847.000 51138.000 0 0 0.000 0.000 0.000 0.137 0 1 0 0 0 0
 192 87429.000 50577.000 0 0 0.000 0.000 0.000 0.136 0 1 0 0 0 0
 193 143563.000 126916.000 0 0 0.000 0.000 0.000 0.136 0 1 0 0 0 0
 194 124113.000 145437.000 0 0 0.000 0.000 0.000 0.133 0 1 0 0 0 0
 195 143171.000 128415.000 0 0 0.000 0.000 0.000 0.144 0 1 0 0 0 0
 196 51634.000 80842.000 0 0 0.000 0.000 0.000 0.151 0 1 0 0 0 0
 197 106684.000 151664.000 0 0 0.000 0.000 0.000 0.134 0 1 0 0 0 0
 198 49364.000 86899.000 0 0 0.000 0.000 0.000 0.155 0 1 0 0 0 0
 199 50905.000 82171.000 0 0 0.000 0.000 0.000 0.130 0 1 0 0 0 0
 200 87186.000 49418.000 0 0 0.000 0.000 0.000 0.142 0 1 0 0 0 0
 201 56777.000 69961.000 0 0 0.000 0.000 0.000 0.142 0 1 0 0 0 0
 202 135667.000 139344.000 0 0 0.000 0.000 0.000 0.144 0 1 0 0 0 0
 203 139464.000 64600.000 0 0 0.000 0.000 0.000 0.158 0 1 0 0 0 0
 204 150048.000 118427.000 0 0 0.000 0.000 0.000 0.148 0 1 0 0 0 0
 205 72330.000 54215.000 0 0 0.000 0.000 0.000 0.133 0 1 0 0 0 0
 206 151159.000 116662.000 0 0 0.000 0.000 0.000 0.133 0 1 0 0 0 0
 207 73644.000 147468.000 0 0 0.000 0.000 0.000 0.132 0 1 0 0 0 0
 208 144004.000 131912.000 0 0 0.000 0.000 0.000 0.136 0 1 0 0 0 0
 209 146826.000 72387.000 0 0 0.000 0.000 0.000 0.133 0 1 0 0 0 0
 210 149203.000 76639.000 0 0 0.000 0.000 0.000 0.136 0 1 0 0 0 0
 211 52708.000 72433.000 0 0 0.000 0.000 0.000 0.133 0 1 0 0 0 0
 212 96270.000 45092.000 0 0 0.000 0.000 0.000 0.154 0 1 0 0 0 0
 213 148909.000 72644.000 0 0 0.000 0.000 0.000 0.133 0 1 0 0 0 0
 214 132090.000 146430.000 0 0 0.000 0.000 0.000 0.131 0 1 0 0 0 0
 215 43836.000 92663.000 0 0 0.000 0.000 0.000 0.131 0 1 0 0 0 0
 216 98086.000 43701.000 0 0 0.000 0.000 0.000 0.142 0 1 0 0 0 0
 217 148124.000 70771.000 0 0 0.000 0.000 0.000 0.137 0 1 0 0 0 0
 218 98131.000 43569.000 0 0 0.000 0.000 0.000 0.138 0 1 0 0 0 0
 219 138950.000 59100.000 0 0 0.000 0.000 0.000 0.142 0 1 0 0 0 0
 220 97313.000 156897.000 0 0 0.000 0.000 0.000 0.137 0 1 0 0 0 0
 221 141663.000 61062.000 0 0 0.000 0.000 0.000 0.141 0 1 0 0 0 0
 222 43076.000 107348.000 0 0 0.000 0.000 0.000 0.132 0 1 0 0 0 0
 223 86320.000 156220.000 0 0 0.000 0.000 0.000 0.132 0 1 0 0 0 0
 224 122847.000 47350.000 0 0 0.000 0.000 0.000 0.144 0 1 0 0 0 0
 225 137648.000 144355.000 0 0 0.000 0.000 0.000 0.143 0 1 0 0 0 0
 226 48543.000 72836.000 0 0 0.000 0.000 0.000 0.132 0 1 0 0 0 0
 227 69108.000 149960.000 0 0 0.000 0.000 0.000 0.131 0 1 0 0 0 0
 228 45195.000 79193.000 0 0 0.000 0.000 0.000 0.140 0 1 0 0 0 0
 229 158513.000 99906.000 0 0 0.000 0.000 0.000 0.144 0 1 0 0 0 0
 230 158459.000 104732.000 0 0 0.000 0.000 0.000 0.154 0 1 0 0 0 0
 231 156537.000 84059.000 0 0 0.000 0.000 0.000 0.138 0 1 0 0 0 0
 232 121577.000 154924.000 0 0 0.000 0.000 0.000 0.159 0 1 0 0 0 0
 233 153889.000 76395.000 0 0 0.000 0.000 0.000 0.163 0 1 0 0 0 0
 234 110725.000 41885.000 0 0 0.000 0.000 0.000 0.141 0 1 0 0 0 0
 235 137958.000 54665.000 0 0 0.000 0.000 0.000 0.142 0 1 0 0 0 0
 236 157391.000 84675.000 0 0 0.000 0.000 0.000 0.140 0 1 0 0 0 0
 237 45825.000 125361.000 0 0 0.000 0.000 0.000 0.131 0 1 0 0 0 0
 238 150395.000 68129.000 0 0 0.000 0.000 0.000 0.143 0 1 0 0 0 0
 239 100501.000 160324.000 0 0 0.000 0.000 0.000 0.143 0 1 0 0 0 0
 240 63431.000 52309.000 0 0 0.000 0.000 0.000 0.130 0 1 0 0 0 0
 241 75924.000 156110.000 0 0 0.000 0.000 0.000 0.132 0 1 0 0 0 0
 242 109079.000 160547.000 0 0 0.000 0.000 0.000 0.132 0 1 0 0 0 0
 243 63805.000 149476.000 0 0 0.000 0.000 0.000 0.138 0 1 0 0 0 0
 244 100359.000 39097.000 0 0 0.000 0.000 0.000 0.131 0 1 0 0 0 0
 245 148235.000 137973.000 0 0 0.000 0.000 0.000 0.152 0 1 0 0 0 0
 246 105651.000 161398.000 0 0 0.000 0.000 0.000 0.144 0 1 0 0 0 0
 247 92870.000 161410.000 0 0 0.000 0.000 0.000 0.133 0 1 0 0 0 0
 248 70319.000 45727.000 0 0 0.000 0.000 0.000 0.141 0 1 0 0 0 0
 249 150112.000 62897.000 0 0 0.000 0.000 0.000 0.145 0 1 0 0 0 0
 250 99527.000 163221.000 0 0 0.000 0.000 0.000 0.150 0 1 0 0 0 0
 251 138566.000 150966.000 0 0 0.000 0.000 0.000 0.147 0 1 0 0 0 0
 252 36199.000 109481.000 0 0 0.000 0.000 0.000 0.130 0 1 0 0 0 0
 253 160604.000 121580.000 0 0 0.000 0.000 0.000 0.137 0 1 0 0 0 0
 254 129247.000 42648.000 0 0 0.000 0.000 0.000 0.149 0 1 0 0 0 0
 255 56861.000 148678.000 0 0 0.000 0.000 0.000 0.139 0 1 0 0 0 0
 256 127261.000 41287.000 0 0 0.000 0.000 0.000 0.137 0 1 0 0 0 0
 257 162365.000 82418.000 0 0 0.000 0.000 0.000 0.133 0 1 0 0 0 0
 258 80022.000 38139.000 0 0 0.000 0.000 0.000 0.144 0 1 0 0 0 0
 259 113096.000 164109.000 0 0 0.000 0.000 0.000 0.147 0 1 0 0 0 0
 260 103929.000 165439.000 0 0 0.000 0.000 0.000 0.152 0 1 0 0 0 0
 261 50689.000 143790.000 0 0 0.000 0.000 0.000 0.143 0 1 0 0 0 0
 262 99967.000 165954.000 0 0 0.000 0.000 0.000 0.140 0 1 0 0 0 0
 263 147544.000 145846.000 0 0 0.000 0.000 0.000 0.136 0 1 0 0 0 0
 264 67079.000 157946.000 0 0 0.000 0.000 0.000 0.134 0 1 0 0 0 0
 265 45454.000 138263.000 0 0 0.000 0.000 0.000 0.134 0 1 0 0 0 0
 266 86687.000 35032.000 0 0 0.000 0.000 0.000 0.135 0 1 0 0 0 0
 267 64395.000 156536.000 0 0 0.000 0.000 0.000 0.131 0 1 0 0 0 0
 268 131011.000 159190.000 0 0 0.000 0.000 0.000 0.146 0 1 0 0 0 0
 269 63470.000 44059.000 0 0 0.000 0.000 0.000 0.148 0 1 0 0 0 0
 270 86957.000 34491.000 0 0 0.000 0.000 0.000 0.138 0 1 0 0 0 0
 271 139057.000 154424.000 0 0 0.000 0.000 0.000 0.137 0 1 0 0 0 0
 272 160665.000 128389.000 0 0 0.000 0.000 0.000 0.160 0 1 0 0 0 0
 273 123735.000 37122.000 0 0 0.000 0.000 0.000 0.132 0 1 0 0 0 0
 274 110931.000 167022.000 0 0 0.000 0.000 0.000 0.132 0 1 0 0 0 0
 275 50988.000 52599.000 0 0 0.000 0.000 0.000 0.143 0 1 0 0 0 0
 276 162374.000 131273.000 0 0 0.000 0.000 0.000 0.133 0 1 0 0 0 0
 277 74380.000 34664.000 0 0 0.000 0.000 0.000 0.149 0 1 0 0 0 0
 278 30470.000 87523.000 0 0 0.000 0.000 0.000 0.141 0 1 0 0 0 0
 279 170612.000 96830.000 0 0 0.000 0.000 0.000 0.134 0 1 0 0 0 0
 280 124328.000 166988.000 0 0 0.000 0.000 0.000 0.133 0 1 0 0 0 0
 281 171163.000 109089.000 0 0 0.000 0.000 0.000 0.135 0 1 0 0 0 0
 282 171168.000 89562.000 0 0 0.000 0.000 0.000 0.148 0 1 0 0 0 0
 283 139049.000 39456.000 0 0 0.000 0.000 0.000 0.135 0 1 0 0 0 0
 284 172215.000 89203.000 0 0 0.000 0.000 0.000 0.142 0 1 0 0 0 0
 285 110220.000 172763.000 0 0 0.000 0.000 0.000 0.134 0 1 0 0 0 0
 286 29100.000 120809.000 0 0 0.000 0.000 0.000 0.134 0 1 0 0 0 0
 287 167464.000 129628.000 0 0 0.000 0.000 0.000 0.144 0 1 0 0 0 0
 288 110372.000 173149.000 0 0 0.000 0.000 0.000 0.156 0 1 0 0 0 0
 289 48344.000 47150.000 0 0 0.000 0.000 0.000 0.139 0 1 0 0 0 0
 290 172951.000 85736.000 0 0 0.000 0.000 0.000 0.132 0 1 0 0 0 0
 291 56877.000 39256.000 0 0 0.000 0.000 0.000 0.130 0 1 0 0 0 0
 292 98040.000 24545.000 0 0 0.000 0.000 0.000 0.130 0 1 0 0 0 0
 293 134718.000 32745.000 0 0 0.000 0.000 0.000 0.130 0 1 0 0 0 0
 294 83115.000 174553.000 0 0 0.000 0.000 0.000 0.132 0 1 0 0 0 0
 295 64540.000 168828.000 0 0 0.000 0.000 0.000 0.130 0 1 0 0 0 0
 296 43287.000 153371.000 0 0 0.000 0.000 0.000 0.138 0 1 0 0 0 0
 297 55911.000 35679.000 0 0 0.000 0.000 0.000 0.155 0 1 0 0 0 0
 298 104572.000 178151.000 0 0 0.000 0.000 0.000 0.131 0 1 0 0 0 0
 299 48918.000 40791.000 0 0 0.000 0.000 0.000 0.130 0 1 0 0 0 0
 300 168689.000 137527.000 0 0 0.000 0.000 0.000 0.140 0 1 0 0 0 0
 301 65548.000 170696.000 0 0 0.000 0.000 0.000 0.132 0 1 0 0 0 0
 302 179201.000 100013.000 0 0 0.000 0.000 0.000 0.140 0 1 0 0 0 0
 303 179328.000 101198.000 0 0 0.000 0.000 0.000 0.131 0 1 0 0 0 0
 304 75255.000 176009.000 0 0 0.000 0.000 0.000 0.145 0 1 0 0 0 0
 305 158941.000 154277.000 0 0 0.000 0.000 0.000 0.131 0 1 0 0 0 0
 306 33457.000 53827.000 0 0 0.000 0.000 0.000 0.137 0 1 0 0 0 0
 307 178506.000 119670.000 0 0 0.000 0.000 0.000 0.131 0 1 0 0 0 0
 308 134133.000 174456.000 0 0 0.000 0.000 0.000 0.140 0 1 0 0 0 0
 309 144466.000 31263.000 0 0 0.000 0.000 0.000 0.134 0 1 0 0 0 0
 310 27310.000 140068.000 0 0 0.000 0.000 0.000 0.137 0 1 0 0 0 0
 311 37388.000 44711.000 0 0 0.000 0.000 0.000 0.136 0 1 0 0 0 0
 312 16042.000 98927.000 0 0 0.000 0.000 0.000 0.132 0 1 0 0 0 0
 313 134560.000 23604.000 0 0 0.000 0.000 0.000 0.140 0 1 0 0 0 0
 314 178771.000 70318.000 0 0 0.000 0.000 0.000 0.143 0 1 0 0 0 0
 315 44557.000 36052.000 0 0 0.000 0.000 0.000 0.131 0 1 0 0 0 0
 316 178406.000 62887.000 0 0 0.000 0.000 0.000 0.143 0 1 0 0 0 0
 317 171690.000 149558.000 0 0 0.000 0.000 0.000 0.131 0 1 0 0 0 0
 318 17525.000 70433.000 0 0 0.000 0.000 0.000 200000.000 0 1 0 200 0 0
 319 23972.000 56999.000 0 0 0.000 0.000 0.000 0.133 0 1 0 0 0 0
 320 17611.000 70522.000 0 0 0.000 0.000 0.000 200000.000 0 1 0 200 0 0
 321 17312.000 137345.000 0 0 0.000 0.000 0.000 0.135 0 1 0 0 0 0
 322 36514.000 34722.000 0 0 0.000 0.000 0.000 0.242 0 1 0 0 0 0;
ProcessEquipmentIDList 1
  "6565" ;
SummarySpec 5
  TESTNO    NDEFECT    DEFDENSITY    NDIE    NDEFDIE  ;
SummaryList 
  1    322    1.177    1    1  ;
EndOfFile;
