FileVersion 1 2;
FileTimestamp 02-08-26 21:49:32;
InspectionStationID "KLA-Tencor" "SFSSP1" "0901-0728-TBI";
SampleType WAFER;
ResultTimestamp 02-08-26 21:47:19;
LotID "2580";
SampleSize 1 200;
DeviceID "None";
SetupID "T2-2580NR" 02-08-26 21:47:19;
StepID "6930";
SampleOrientationMarkType NOTCH;
OrientationMarkLocation DOWN;
DiePitch 200000 200000;
DieOrigin 0 0;
WaferID "03";
Slot 3;
SampleCenterLocation 100000 100000;
ClassLookup 1
  0 "0"  ;
OrientationInstructions "Front";
CoordinatesMirrored No;
InspectionTest 1;
SampleTestPlan 1
  0 0 ;
AreaPerTest 2.73516e+010;
ClusterClassificationList 1
  1 200 ;
DefectRecordSpec 15 DEFECTID XREL YREL XINDEX YINDEX XSIZE YSIZE DEFECTAREA DSIZE CLASSNUMBER TEST CLUSTERNUMBER ROUGHBINNUMBER FINEBINNUMBER REVIEWSAMPLE ;
DefectList
 1 102088.000 94227.000 0 0 0.000 0.000 0.000 0.134 0 1 0 0 0 0
 2 103521.000 105997.000 0 0 0.000 0.000 0.000 0.138 0 1 0 0 0 0
 3 101770.000 108821.000 0 0 0.000 0.000 0.000 0.130 0 1 0 0 0 0
 4 101453.000 109247.000 0 0 0.000 0.000 0.000 0.146 0 1 0 0 0 0
 5 90681.000 100534.000 0 0 0.000 0.000 0.000 0.149 0 1 0 0 0 0
 6 99439.000 89784.000 0 0 0.000 0.000 0.000 0.150 0 1 0 0 0 0
 7 110221.000 98259.000 0 0 0.000 0.000 0.000 0.148 0 1 0 0 0 0
 8 110711.000 100513.000 0 0 0.000 0.000 0.000 0.142 0 1 0 0 0 0
 9 92650.000 91329.000 0 0 0.000 0.000 0.000 0.142 0 1 0 0 0 0
 10 106595.000 89117.000 0 0 0.000 0.000 0.000 0.130 0 1 0 0 0 0
 11 97261.000 86647.000 0 0 0.000 0.000 0.000 0.130 0 1 0 0 0 0
 12 101973.000 86463.000 0 0 0.000 0.000 0.000 0.130 0 1 0 0 0 0
 13 99075.000 86036.000 0 0 0.000 0.000 0.000 0.149 0 1 0 0 0 0
 14 92110.000 87786.000 0 0 0.000 0.000 0.000 0.148 0 1 0 0 0 0
 15 85065.000 100436.000 0 0 0.000 0.000 0.000 0.148 0 1 0 0 0 0
 16 115105.000 109209.000 0 0 0.000 0.000 0.000 0.135 0 1 0 0 0 0
 17 83370.000 92144.000 0 0 0.000 0.000 0.000 0.147 0 1 0 0 0 0
 18 106667.000 82495.000 0 0 0.000 0.000 0.000 0.144 0 1 0 0 0 0
 19 118894.000 102877.000 0 0 0.000 0.000 0.000 0.142 0 1 0 0 0 0
 20 109081.000 117244.000 0 0 0.000 0.000 0.000 0.144 0 1 0 0 0 0
 21 103379.000 121079.000 0 0 0.000 0.000 0.000 0.136 0 1 0 0 0 0
 22 76926.000 104768.000 0 0 0.000 0.000 0.000 0.148 0 1 0 0 0 0
 23 84011.000 78627.000 0 0 0.000 0.000 0.000 0.134 0 1 0 0 0 0
 24 116820.000 74069.000 0 0 0.000 0.000 0.000 0.137 0 1 0 0 0 0
 25 78906.000 76643.000 0 0 0.000 0.000 0.000 0.141 0 1 0 0 0 0
 26 119007.000 125823.000 0 0 0.000 0.000 0.000 0.161 0 1 0 0 0 0
 27 119537.000 125564.000 0 0 0.000 0.000 0.000 0.130 0 1 0 0 0 0
 28 132354.000 101090.000 0 0 0.000 0.000 0.000 0.148 0 1 0 0 0 0
 29 94005.000 132083.000 0 0 0.000 0.000 0.000 0.131 0 1 0 0 0 0
 30 115527.000 129433.000 0 0 0.000 0.000 0.000 0.134 0 1 0 0 0 0
 31 92687.000 67315.000 0 0 0.000 0.000 0.000 0.134 0 1 0 0 0 0
 32 131169.000 112622.000 0 0 0.000 0.000 0.000 0.165 0 1 0 0 0 0
 33 70751.000 117696.000 0 0 0.000 0.000 0.000 0.135 0 1 0 0 0 0
 34 111050.000 132561.000 0 0 0.000 0.000 0.000 0.138 0 1 0 0 0 0
 35 64193.000 96386.000 0 0 0.000 0.000 0.000 0.138 0 1 0 0 0 0
 36 93101.000 135763.000 0 0 0.000 0.000 0.000 0.135 0 1 0 0 0 0
 37 131831.000 81906.000 0 0 0.000 0.000 0.000 0.137 0 1 0 0 0 0
 38 109627.000 135772.000 0 0 0.000 0.000 0.000 0.130 0 1 0 0 0 0
 39 134468.000 113447.000 0 0 0.000 0.000 0.000 0.145 0 1 0 0 0 0
 40 136766.000 108751.000 0 0 0.000 0.000 0.000 0.137 0 1 0 0 0 0
 41 90051.000 62944.000 0 0 0.000 0.000 0.000 0.136 0 1 0 0 0 0
 42 121720.000 132770.000 0 0 0.000 0.000 0.000 0.135 0 1 0 0 0 0
 43 82017.000 65042.000 0 0 0.000 0.000 0.000 0.141 0 1 0 0 0 0
 44 80509.000 134791.000 0 0 0.000 0.000 0.000 0.133 0 1 0 0 0 0
 45 62391.000 86820.000 0 0 0.000 0.000 0.000 0.134 0 1 0 0 0 0
 46 133961.000 79166.000 0 0 0.000 0.000 0.000 0.150 0 1 0 0 0 0
 47 61063.000 109943.000 0 0 0.000 0.000 0.000 0.133 0 1 0 0 0 0
 48 106590.000 139789.000 0 0 0.000 0.000 0.000 0.130 0 1 0 0 0 0
 49 137074.000 115945.000 0 0 0.000 0.000 0.000 0.132 0 1 0 0 0 0
 50 139700.000 91356.000 0 0 0.000 0.000 0.000 0.132 0 1 0 0 0 0
 51 140540.000 103425.000 0 0 0.000 0.000 0.000 0.135 0 1 0 0 0 0
 52 85000.000 138569.000 0 0 0.000 0.000 0.000 0.141 0 1 0 0 0 0
 53 88726.000 60003.000 0 0 0.000 0.000 0.000 0.134 0 1 0 0 0 0
 54 137992.000 118464.000 0 0 0.000 0.000 0.000 0.133 0 1 0 0 0 0
 55 110269.000 141151.000 0 0 0.000 0.000 0.000 0.130 0 1 0 0 0 0
 56 137148.000 120615.000 0 0 0.000 0.000 0.000 0.133 0 1 0 0 0 0
 57 110712.000 141694.000 0 0 0.000 0.000 0.000 0.134 0 1 0 0 0 0
 58 59413.000 114740.000 0 0 0.000 0.000 0.000 0.130 0 1 0 0 0 0
 59 134838.000 75046.000 0 0 0.000 0.000 0.000 0.134 0 1 0 0 0 0
 60 108930.000 142528.000 0 0 0.000 0.000 0.000 0.142 0 1 0 0 0 0
 61 78802.000 138328.000 0 0 0.000 0.000 0.000 0.131 0 1 0 0 0 0
 62 111111.000 142942.000 0 0 0.000 0.000 0.000 0.130 0 1 0 0 0 0
 63 63042.000 125210.000 0 0 0.000 0.000 0.000 0.130 0 1 0 0 0 0
 64 139603.000 76991.000 0 0 0.000 0.000 0.000 0.133 0 1 0 0 0 0
 65 74280.000 139485.000 0 0 0.000 0.000 0.000 0.134 0 1 0 0 0 0
 66 55435.000 115193.000 0 0 0.000 0.000 0.000 0.144 0 1 0 0 0 0
 67 96023.000 52909.000 0 0 0.000 0.000 0.000 0.139 0 1 0 0 0 0
 68 119288.000 56889.000 0 0 0.000 0.000 0.000 0.137 0 1 0 0 0 0
 69 86153.000 145808.000 0 0 0.000 0.000 0.000 0.133 0 1 0 0 0 0
 70 125472.000 141720.000 0 0 0.000 0.000 0.000 0.136 0 1 0 0 0 0
 71 141937.000 75288.000 0 0 0.000 0.000 0.000 0.215 0 1 0 0 0 0
 72 51525.000 108332.000 0 0 0.000 0.000 0.000 0.131 0 1 0 0 0 0
 73 135155.000 65825.000 0 0 0.000 0.000 0.000 0.130 0 1 0 0 0 0
 74 99376.000 150467.000 0 0 0.000 0.000 0.000 0.142 0 1 0 0 0 0
 75 146745.000 81521.000 0 0 0.000 0.000 0.000 0.141 0 1 0 0 0 0
 76 51354.000 85740.000 0 0 0.000 0.000 0.000 0.136 0 1 0 0 0 0
 77 141178.000 130189.000 0 0 0.000 0.000 0.000 0.140 0 1 0 0 0 0
 78 48951.000 100851.000 0 0 0.000 0.000 0.000 0.139 0 1 0 0 0 0
 79 85451.000 50955.000 0 0 0.000 0.000 0.000 0.133 0 1 0 0 0 0
 80 59654.000 132481.000 0 0 0.000 0.000 0.000 0.131 0 1 0 0 0 0
 81 80358.000 52373.000 0 0 0.000 0.000 0.000 0.140 0 1 0 0 0 0
 82 75336.000 54162.000 0 0 0.000 0.000 0.000 0.137 0 1 0 0 0 0
 83 73051.000 145254.000 0 0 0.000 0.000 0.000 0.130 0 1 0 0 0 0
 84 66401.000 59765.000 0 0 0.000 0.000 0.000 0.133 0 1 0 0 0 0
 85 59272.000 134646.000 0 0 0.000 0.000 0.000 0.132 0 1 0 0 0 0
 86 70541.000 55500.000 0 0 0.000 0.000 0.000 0.135 0 1 0 0 0 0
 87 142670.000 67947.000 0 0 0.000 0.000 0.000 0.140 0 1 0 0 0 0
 88 151929.000 87450.000 0 0 0.000 0.000 0.000 0.145 0 1 0 0 0 0
 89 45719.000 97313.000 0 0 0.000 0.000 0.000 0.137 0 1 0 0 0 0
 90 91751.000 45253.000 0 0 0.000 0.000 0.000 0.146 0 1 0 0 0 0
 91 150259.000 76301.000 0 0 0.000 0.000 0.000 0.138 0 1 0 0 0 0
 92 155376.000 95002.000 0 0 0.000 0.000 0.000 0.138 0 1 0 0 0 0
 93 75425.000 150291.000 0 0 0.000 0.000 0.000 0.137 0 1 0 0 0 0
 94 152633.000 118893.000 0 0 0.000 0.000 0.000 0.133 0 1 0 0 0 0
 95 140580.000 61349.000 0 0 0.000 0.000 0.000 0.139 0 1 0 0 0 0
 96 44684.000 89676.000 0 0 0.000 0.000 0.000 0.153 0 1 0 0 0 0
 97 95963.000 44127.000 0 0 0.000 0.000 0.000 0.132 0 1 0 0 0 0
 98 133575.000 55112.000 0 0 0.000 0.000 0.000 0.132 0 1 0 0 0 0
 99 152039.000 77871.000 0 0 0.000 0.000 0.000 0.153 0 1 0 0 0 0
 100 67003.000 53239.000 0 0 0.000 0.000 0.000 0.147 0 1 0 0 0 0
 101 101105.000 42855.000 0 0 0.000 0.000 0.000 0.136 0 1 0 0 0 0
 102 63036.000 55598.000 0 0 0.000 0.000 0.000 0.132 0 1 0 0 0 0
 103 157935.000 102598.000 0 0 0.000 0.000 0.000 0.137 0 1 0 0 0 0
 104 56920.000 139391.000 0 0 0.000 0.000 0.000 0.137 0 1 0 0 0 0
 105 43533.000 84321.000 0 0 0.000 0.000 0.000 0.134 0 1 0 0 0 0
 106 43407.000 117998.000 0 0 0.000 0.000 0.000 0.135 0 1 0 0 0 0
 107 71457.000 48180.000 0 0 0.000 0.000 0.000 0.134 0 1 0 0 0 0
 108 159365.000 89787.000 0 0 0.000 0.000 0.000 0.149 0 1 0 0 0 0
 109 75128.000 155587.000 0 0 0.000 0.000 0.000 0.139 0 1 0 0 0 0
 110 160757.000 106464.000 0 0 0.000 0.000 0.000 0.140 0 1 0 0 0 0
 111 41904.000 120412.000 0 0 0.000 0.000 0.000 0.132 0 1 0 0 0 0
 112 46108.000 70111.000 0 0 0.000 0.000 0.000 0.137 0 1 0 0 0 0
 113 42883.000 124627.000 0 0 0.000 0.000 0.000 0.130 0 1 0 0 0 0
 114 161722.000 108783.000 0 0 0.000 0.000 0.000 0.131 0 1 0 0 0 0
 115 145822.000 143709.000 0 0 0.000 0.000 0.000 0.135 0 1 0 0 0 0
 116 162106.000 116359.000 0 0 0.000 0.000 0.000 0.140 0 1 0 0 0 0
 117 110841.000 164228.000 0 0 0.000 0.000 0.000 0.136 0 1 0 0 0 0
 118 35942.000 88711.000 0 0 0.000 0.000 0.000 0.131 0 1 0 0 0 0
 119 89807.000 165547.000 0 0 0.000 0.000 0.000 0.138 0 1 0 0 0 0
 120 58732.000 48163.000 0 0 0.000 0.000 0.000 0.143 0 1 0 0 0 0
 121 59484.000 47032.000 0 0 0.000 0.000 0.000 0.139 0 1 0 0 0 0
 122 91837.000 166896.000 0 0 0.000 0.000 0.000 0.133 0 1 0 0 0 0
 123 35542.000 81368.000 0 0 0.000 0.000 0.000 0.132 0 1 0 0 0 0
 124 58016.000 155054.000 0 0 0.000 0.000 0.000 0.137 0 1 0 0 0 0
 125 162924.000 68933.000 0 0 0.000 0.000 0.000 0.138 0 1 0 0 0 0
 126 163899.000 130014.000 0 0 0.000 0.000 0.000 0.222 0 1 0 0 0 0
 127 158649.000 139936.000 0 0 0.000 0.000 0.000 0.287 0 1 0 0 0 0
 128 29946.000 119521.000 0 0 0.000 0.000 0.000 0.137 0 1 0 0 0 0
 129 64073.000 36210.000 0 0 0.000 0.000 0.000 0.135 0 1 0 0 0 0
 130 98590.000 173594.000 0 0 0.000 0.000 0.000 0.135 0 1 0 0 0 0
 131 169609.000 124683.000 0 0 56.000 40.000 2240.000 47.328 0 1 1 200 0 0
 132 169660.000 124971.000 0 0 56.000 40.000 2240.000 47.328 0 1 1 200 0 0
 133 169572.000 125124.000 0 0 56.000 40.000 2240.000 47.328 0 1 1 200 0 0
 134 170013.000 124956.000 0 0 56.000 40.000 2240.000 47.328 0 1 1 200 0 0
 135 170039.000 125204.000 0 0 56.000 40.000 2240.000 47.328 0 1 1 200 0 0
 136 170980.000 126538.000 0 0 0.000 0.000 0.000 0.234 0 1 0 0 0 0
 137 33997.000 138236.000 0 0 0.000 0.000 0.000 0.157 0 1 0 0 0 0
 138 171567.000 126698.000 0 0 0.000 0.000 0.000 0.135 0 1 0 0 0 0
 139 179514.000 117915.000 0 0 0.000 0.000 0.000 0.131 0 1 0 0 0 0
 140 159578.000 156066.000 0 0 0.000 0.000 0.000 0.201 0 1 0 0 0 0
 141 50388.000 165473.000 0 0 0.000 0.000 0.000 0.137 0 1 0 0 0 0
 142 181955.000 102037.000 0 0 0.000 0.000 0.000 0.200 0 1 0 0 0 0
 143 163995.000 155047.000 0 0 0.000 0.000 0.000 0.200 0 1 0 0 0 0
 144 20784.000 142445.000 0 0 0.000 0.000 0.000 0.162 0 1 0 0 0 0
 145 23712.000 150732.000 0 0 0.000 0.000 0.000 0.151 0 1 0 0 0 0
 146 9160.000 113016.000 0 0 0.000 0.000 0.000 0.130 0 1 0 0 0 0
 147 127858.000 11099.000 0 0 0.000 0.000 0.000 0.132 0 1 0 0 0 0
 148 154872.000 22532.000 0 0 0.000 0.000 0.000 0.144 0 1 0 0 0 0
 149 169120.000 124679.000 0 0 28.393 79.521 2257.911 47.517 0 1 1 200 0 0
 150 169289.000 124711.000 0 0 27.245 76.394 2081.358 45.621 0 1 1 200 0 0
 151 169465.000 124721.000 0 0 13.035 36.628 477.464 21.850 0 1 1 200 0 0
 152 169446.000 124776.000 0 0 23.753 66.581 1581.567 39.768 0 1 1 200 0 0
 153 169427.000 124829.000 0 0 9.521 26.625 253.523 15.922 0 1 1 200 0 0
 154 169614.000 124808.000 0 0 48.757 136.821 6671.108 81.676 0 1 1 200 0 0
 155 169582.000 124901.000 0 0 3.580 10.005 35.828 5.985 0 1 1 200 0 0
 156 169776.000 124860.000 0 0 56.011 157.208 8805.431 93.837 0 1 1 200 0 0
 157 169938.000 124913.000 0 0 56.130 157.572 8844.654 94.046 0 1 1 200 0 0
 158 170115.000 124925.000 0 0 4.779 13.444 64.257 8.016 0 1 1 200 0 0
 159 170091.000 124990.000 0 0 39.532 110.877 4383.277 66.206 0 1 1 200 0 0
 160 170251.000 125047.000 0 0 18.009 50.513 909.744 30.161 0 1 1 200 0 0;
ProcessEquipmentIDList 1
  "6565" ;
SummarySpec 5
  TESTNO    NDEFECT    DEFDENSITY    NDIE    NDEFDIE  ;
SummaryList 
  1    160    0.585    1    1  ;
EndOfFile;
