FileVersion 1 2;
FileTimestamp 02-08-26 23:56:26;
InspectionStationID "KLA-Tencor" "SFSSP1" "0901-0728-TBI";
SampleType WAFER;
ResultTimestamp 02-08-26 23:42:05;
LotID "2580";
SampleSize 1 200;
DeviceID "None";
SetupID "T2-2580NR" 02-08-26 23:42:05;
StepID "7040";
SampleOrientationMarkType NOTCH;
OrientationMarkLocation DOWN;
DiePitch 200000 200000;
DieOrigin 0 0;
WaferID "18";
Slot 18;
SampleCenterLocation 100000 100000;
ClassLookup 1
  0 "0"  ;
OrientationInstructions "Front";
CoordinatesMirrored No;
InspectionTest 1;
SampleTestPlan 1
  0 0 ;
AreaPerTest 2.73512e+010;
DefectRecordSpec 15 DEFECTID XREL YREL XINDEX YINDEX XSIZE YSIZE DEFECTAREA DSIZE CLASSNUMBER TEST CLUSTERNUMBER ROUGHBINNUMBER FINEBINNUMBER REVIEWSAMPLE ;
DefectList
 1 105007.000 94305.000 0 0 0.000 0.000 0.000 0.133 0 1 0 0 0 0
 2 90033.000 106755.000 0 0 0.000 0.000 0.000 0.145 0 1 0 0 0 0
 3 91971.000 91229.000 0 0 0.000 0.000 0.000 0.138 0 1 0 0 0 0
 4 102152.000 87942.000 0 0 0.000 0.000 0.000 0.139 0 1 0 0 0 0
 5 100812.000 112719.000 0 0 0.000 0.000 0.000 0.133 0 1 0 0 0 0
 6 100379.000 114056.000 0 0 0.000 0.000 0.000 0.155 0 1 0 0 0 0
 7 91505.000 89059.000 0 0 0.000 0.000 0.000 0.141 0 1 0 0 0 0
 8 91063.000 88725.000 0 0 0.000 0.000 0.000 0.136 0 1 0 0 0 0
 9 102817.000 85659.000 0 0 0.000 0.000 0.000 0.138 0 1 0 0 0 0
 10 115128.000 102620.000 0 0 0.000 0.000 0.000 0.131 0 1 0 0 0 0
 11 109819.000 87452.000 0 0 0.000 0.000 0.000 0.138 0 1 0 0 0 0
 12 111622.000 112782.000 0 0 0.000 0.000 0.000 0.131 0 1 0 0 0 0
 13 100708.000 120117.000 0 0 0.000 0.000 0.000 0.137 0 1 0 0 0 0
 14 83907.000 87467.000 0 0 0.000 0.000 0.000 0.146 0 1 0 0 0 0
 15 101767.000 79774.000 0 0 0.000 0.000 0.000 0.135 0 1 0 0 0 0
 16 120438.000 103062.000 0 0 0.000 0.000 0.000 0.150 0 1 0 0 0 0
 17 117150.000 112327.000 0 0 0.000 0.000 0.000 0.132 0 1 0 0 0 0
 18 104986.000 121168.000 0 0 0.000 0.000 0.000 0.133 0 1 0 0 0 0
 19 97578.000 78753.000 0 0 0.000 0.000 0.000 0.139 0 1 0 0 0 0
 20 121115.000 105624.000 0 0 0.000 0.000 0.000 0.152 0 1 0 0 0 0
 21 121937.000 100319.000 0 0 0.000 0.000 0.000 0.136 0 1 0 0 0 0
 22 122624.000 99909.000 0 0 0.000 0.000 0.000 0.163 0 1 0 0 0 0
 23 92755.000 78577.000 0 0 0.000 0.000 0.000 0.150 0 1 0 0 0 0
 24 107780.000 78699.000 0 0 0.000 0.000 0.000 0.147 0 1 0 0 0 0
 25 101154.000 76911.000 0 0 0.000 0.000 0.000 0.141 0 1 0 0 0 0
 26 77520.000 92619.000 0 0 0.000 0.000 0.000 0.138 0 1 0 0 0 0
 27 120613.000 88227.000 0 0 0.000 0.000 0.000 0.141 0 1 0 0 0 0
 28 84013.000 118701.000 0 0 0.000 0.000 0.000 0.137 0 1 0 0 0 0
 29 113304.000 120717.000 0 0 0.000 0.000 0.000 0.151 0 1 0 0 0 0
 30 111578.000 78448.000 0 0 0.000 0.000 0.000 0.136 0 1 0 0 0 0
 31 74630.000 101172.000 0 0 0.000 0.000 0.000 0.139 0 1 0 0 0 0
 32 84447.000 79923.000 0 0 0.000 0.000 0.000 0.139 0 1 0 0 0 0
 33 105414.000 125248.000 0 0 0.000 0.000 0.000 0.133 0 1 0 0 0 0
 34 123665.000 89959.000 0 0 0.000 0.000 0.000 0.143 0 1 0 0 0 0
 35 120671.000 116094.000 0 0 0.000 0.000 0.000 0.139 0 1 0 0 0 0
 36 76256.000 88642.000 0 0 0.000 0.000 0.000 0.147 0 1 0 0 0 0
 37 98082.000 74030.000 0 0 0.000 0.000 0.000 0.130 0 1 0 0 0 0
 38 102078.000 73394.000 0 0 0.000 0.000 0.000 0.149 0 1 0 0 0 0
 39 96470.000 73407.000 0 0 0.000 0.000 0.000 0.140 0 1 0 0 0 0
 40 107544.000 126269.000 0 0 0.000 0.000 0.000 0.132 0 1 0 0 0 0
 41 80165.000 81595.000 0 0 0.000 0.000 0.000 0.133 0 1 0 0 0 0
 42 95871.000 72364.000 0 0 0.000 0.000 0.000 0.136 0 1 0 0 0 0
 43 110070.000 126692.000 0 0 0.000 0.000 0.000 0.141 0 1 0 0 0 0
 44 100383.000 128844.000 0 0 0.000 0.000 0.000 0.139 0 1 0 0 0 0
 45 128741.000 99094.000 0 0 0.000 0.000 0.000 0.138 0 1 0 0 0 0
 46 120069.000 79536.000 0 0 0.000 0.000 0.000 0.135 0 1 0 0 0 0
 47 80171.000 121455.000 0 0 0.000 0.000 0.000 0.144 0 1 0 0 0 0
 48 90365.000 72396.000 0 0 0.000 0.000 0.000 0.162 0 1 0 0 0 0
 49 76511.000 80027.000 0 0 0.000 0.000 0.000 0.130 0 1 0 0 0 0
 50 122390.000 78654.000 0 0 0.000 0.000 0.000 0.140 0 1 0 0 0 0
 51 98980.000 69021.000 0 0 0.000 0.000 0.000 0.132 0 1 0 0 0 0
 52 128973.000 87957.000 0 0 0.000 0.000 0.000 0.140 0 1 0 0 0 0
 53 69044.000 93198.000 0 0 0.000 0.000 0.000 0.131 0 1 0 0 0 0
 54 77451.000 122796.000 0 0 0.000 0.000 0.000 0.131 0 1 0 0 0 0
 55 96278.000 67984.000 0 0 0.000 0.000 0.000 0.132 0 1 0 0 0 0
 56 125819.000 79755.000 0 0 0.000 0.000 0.000 0.167 0 1 0 0 0 0
 57 126868.000 119479.000 0 0 0.000 0.000 0.000 0.146 0 1 0 0 0 0
 58 68158.000 90356.000 0 0 0.000 0.000 0.000 0.154 0 1 0 0 0 0
 59 133249.000 100916.000 0 0 0.000 0.000 0.000 0.158 0 1 0 0 0 0
 60 74972.000 77602.000 0 0 0.000 0.000 0.000 0.140 0 1 0 0 0 0
 61 80246.000 72714.000 0 0 0.000 0.000 0.000 0.144 0 1 0 0 0 0
 62 82825.000 70807.000 0 0 0.000 0.000 0.000 0.138 0 1 0 0 0 0
 63 81032.000 71829.000 0 0 0.000 0.000 0.000 0.142 0 1 0 0 0 0
 64 68118.000 112959.000 0 0 0.000 0.000 0.000 0.141 0 1 0 0 0 0
 65 125148.000 76539.000 0 0 0.000 0.000 0.000 0.130 0 1 0 0 0 0
 66 123863.000 74808.000 0 0 0.000 0.000 0.000 0.140 0 1 0 0 0 0
 67 130560.000 117080.000 0 0 0.000 0.000 0.000 0.144 0 1 0 0 0 0
 68 129988.000 82332.000 0 0 0.000 0.000 0.000 0.133 0 1 0 0 0 0
 69 127605.000 121870.000 0 0 0.000 0.000 0.000 0.139 0 1 0 0 0 0
 70 67608.000 85931.000 0 0 0.000 0.000 0.000 0.148 0 1 0 0 0 0
 71 103211.000 135552.000 0 0 0.000 0.000 0.000 0.130 0 1 0 0 0 0
 72 79015.000 128884.000 0 0 0.000 0.000 0.000 0.136 0 1 0 0 0 0
 73 132446.000 85074.000 0 0 0.000 0.000 0.000 0.131 0 1 0 0 0 0
 74 110829.000 65572.000 0 0 0.000 0.000 0.000 0.168 0 1 0 0 0 0
 75 131834.000 82697.000 0 0 0.000 0.000 0.000 0.156 0 1 0 0 0 0
 76 77709.000 129558.000 0 0 0.000 0.000 0.000 0.132 0 1 0 0 0 0
 77 136343.000 107138.000 0 0 0.000 0.000 0.000 0.154 0 1 0 0 0 0
 78 107599.000 63553.000 0 0 0.000 0.000 0.000 0.137 0 1 0 0 0 0
 79 125231.000 71691.000 0 0 0.000 0.000 0.000 0.130 0 1 0 0 0 0
 80 87468.000 64144.000 0 0 0.000 0.000 0.000 0.138 0 1 0 0 0 0
 81 62719.000 109185.000 0 0 0.000 0.000 0.000 0.131 0 1 0 0 0 0
 82 70470.000 125249.000 0 0 0.000 0.000 0.000 0.137 0 1 0 0 0 0
 83 63252.000 113152.000 0 0 0.000 0.000 0.000 0.140 0 1 0 0 0 0
 84 60874.000 100480.000 0 0 0.000 0.000 0.000 0.132 0 1 0 0 0 0
 85 93178.000 61425.000 0 0 0.000 0.000 0.000 0.138 0 1 0 0 0 0
 86 60638.000 104354.000 0 0 0.000 0.000 0.000 0.147 0 1 0 0 0 0
 87 98248.000 139908.000 0 0 0.000 0.000 0.000 0.131 0 1 0 0 0 0
 88 138564.000 110132.000 0 0 0.000 0.000 0.000 0.136 0 1 0 0 0 0
 89 117742.000 64420.000 0 0 0.000 0.000 0.000 0.146 0 1 0 0 0 0
 90 133148.000 122473.000 0 0 0.000 0.000 0.000 0.143 0 1 0 0 0 0
 91 135997.000 118319.000 0 0 0.000 0.000 0.000 0.137 0 1 0 0 0 0
 92 131429.000 125385.000 0 0 0.000 0.000 0.000 0.136 0 1 0 0 0 0
 93 102842.000 140605.000 0 0 0.000 0.000 0.000 0.145 0 1 0 0 0 0
 94 81152.000 136199.000 0 0 0.000 0.000 0.000 0.130 0 1 0 0 0 0
 95 109880.000 139758.000 0 0 0.000 0.000 0.000 0.131 0 1 0 0 0 0
 96 73006.000 130775.000 0 0 0.000 0.000 0.000 0.151 0 1 0 0 0 0
 97 66148.000 123421.000 0 0 0.000 0.000 0.000 0.137 0 1 0 0 0 0
 98 130228.000 127939.000 0 0 0.000 0.000 0.000 0.135 0 1 0 0 0 0
 99 63315.000 119181.000 0 0 0.000 0.000 0.000 0.157 0 1 0 0 0 0
 100 59919.000 111229.000 0 0 0.000 0.000 0.000 0.140 0 1 0 0 0 0
 101 58455.000 101791.000 0 0 0.000 0.000 0.000 0.137 0 1 0 0 0 0
 102 69935.000 71379.000 0 0 0.000 0.000 0.000 0.139 0 1 0 0 0 0
 103 96027.000 141924.000 0 0 0.000 0.000 0.000 0.131 0 1 0 0 0 0
 104 65126.000 123642.000 0 0 0.000 0.000 0.000 0.131 0 1 0 0 0 0
 105 102208.000 142237.000 0 0 0.000 0.000 0.000 0.136 0 1 0 0 0 0
 106 135707.000 123550.000 0 0 0.000 0.000 0.000 0.152 0 1 0 0 0 0
 107 57143.000 98286.000 0 0 0.000 0.000 0.000 0.131 0 1 0 0 0 0
 108 110159.000 58507.000 0 0 0.000 0.000 0.000 0.142 0 1 0 0 0 0
 109 106308.000 143077.000 0 0 0.000 0.000 0.000 0.142 0 1 0 0 0 0
 110 88158.000 58484.000 0 0 0.000 0.000 0.000 0.137 0 1 0 0 0 0
 111 141767.000 85838.000 0 0 0.000 0.000 0.000 0.142 0 1 0 0 0 0
 112 69775.000 132715.000 0 0 0.000 0.000 0.000 0.136 0 1 0 0 0 0
 113 130627.000 67124.000 0 0 0.000 0.000 0.000 0.154 0 1 0 0 0 0
 114 65794.000 70167.000 0 0 0.000 0.000 0.000 0.135 0 1 0 0 0 0
 115 72099.000 64062.000 0 0 0.000 0.000 0.000 0.133 0 1 0 0 0 0
 116 112068.000 56015.000 0 0 0.000 0.000 0.000 0.136 0 1 0 0 0 0
 117 104503.000 146222.000 0 0 0.000 0.000 0.000 0.132 0 1 0 0 0 0
 118 144085.000 86225.000 0 0 0.000 0.000 0.000 0.135 0 1 0 0 0 0
 119 134249.000 131298.000 0 0 0.000 0.000 0.000 0.134 0 1 0 0 0 0
 120 74139.000 138761.000 0 0 0.000 0.000 0.000 0.136 0 1 0 0 0 0
 121 122395.000 59472.000 0 0 0.000 0.000 0.000 0.136 0 1 0 0 0 0
 122 67394.000 66125.000 0 0 0.000 0.000 0.000 0.142 0 1 0 0 0 0
 123 87619.000 146048.000 0 0 0.000 0.000 0.000 0.140 0 1 0 0 0 0
 124 52989.000 107486.000 0 0 0.000 0.000 0.000 0.133 0 1 0 0 0 0
 125 99293.000 52472.000 0 0 0.000 0.000 0.000 0.145 0 1 0 0 0 0
 126 119781.000 143970.000 0 0 0.000 0.000 0.000 0.136 0 1 0 0 0 0
 127 57136.000 122207.000 0 0 0.000 0.000 0.000 0.138 0 1 0 0 0 0
 128 74965.000 58742.000 0 0 0.000 0.000 0.000 0.134 0 1 0 0 0 0
 129 104867.000 51856.000 0 0 0.000 0.000 0.000 0.136 0 1 0 0 0 0
 130 57178.000 76830.000 0 0 0.000 0.000 0.000 0.142 0 1 0 0 0 0
 131 132204.000 63257.000 0 0 0.000 0.000 0.000 0.135 0 1 0 0 0 0
 132 147701.000 111917.000 0 0 0.000 0.000 0.000 0.143 0 1 0 0 0 0
 133 125094.000 142714.000 0 0 0.000 0.000 0.000 0.140 0 1 0 0 0 0
 134 124562.000 142966.000 0 0 0.000 0.000 0.000 0.139 0 1 0 0 0 0
 135 146944.000 116576.000 0 0 0.000 0.000 0.000 0.137 0 1 0 0 0 0
 136 69140.000 139235.000 0 0 0.000 0.000 0.000 0.131 0 1 0 0 0 0
 137 149978.000 107370.000 0 0 0.000 0.000 0.000 0.132 0 1 0 0 0 0
 138 112375.000 149393.000 0 0 0.000 0.000 0.000 0.134 0 1 0 0 0 0
 139 149389.000 113293.000 0 0 0.000 0.000 0.000 0.134 0 1 0 0 0 0
 140 95811.000 151092.000 0 0 0.000 0.000 0.000 0.142 0 1 0 0 0 0
 141 48837.000 100113.000 0 0 0.000 0.000 0.000 0.139 0 1 0 0 0 0
 142 79529.000 53321.000 0 0 0.000 0.000 0.000 0.131 0 1 0 0 0 0
 143 110493.000 50021.000 0 0 0.000 0.000 0.000 0.153 0 1 0 0 0 0
 144 68926.000 58753.000 0 0 0.000 0.000 0.000 0.137 0 1 0 0 0 0
 145 122107.000 52552.000 0 0 0.000 0.000 0.000 0.134 0 1 0 0 0 0
 146 145993.000 74879.000 0 0 0.000 0.000 0.000 0.145 0 1 0 0 0 0
 147 132563.000 58938.000 0 0 0.000 0.000 0.000 0.153 0 1 0 0 0 0
 148 82224.000 150152.000 0 0 0.000 0.000 0.000 0.136 0 1 0 0 0 0
 149 86521.000 151513.000 0 0 0.000 0.000 0.000 0.130 0 1 0 0 0 0
 150 127735.000 54878.000 0 0 0.000 0.000 0.000 0.139 0 1 0 0 0 0
 151 128676.000 145082.000 0 0 0.000 0.000 0.000 0.130 0 1 0 0 0 0
 152 150254.000 81178.000 0 0 0.000 0.000 0.000 0.137 0 1 0 0 0 0
 153 55222.000 130160.000 0 0 0.000 0.000 0.000 0.139 0 1 0 0 0 0
 154 149179.000 122376.000 0 0 0.000 0.000 0.000 0.142 0 1 0 0 0 0
 155 135014.000 59081.000 0 0 0.000 0.000 0.000 0.133 0 1 0 0 0 0
 156 96104.000 154460.000 0 0 0.000 0.000 0.000 0.145 0 1 0 0 0 0
 157 92230.000 46441.000 0 0 0.000 0.000 0.000 0.143 0 1 0 0 0 0
 158 149937.000 121734.000 0 0 0.000 0.000 0.000 0.131 0 1 0 0 0 0
 159 105850.000 45864.000 0 0 0.000 0.000 0.000 0.133 0 1 0 0 0 0
 160 84942.000 47427.000 0 0 0.000 0.000 0.000 0.149 0 1 0 0 0 0
 161 125849.000 50726.000 0 0 0.000 0.000 0.000 0.139 0 1 0 0 0 0
 162 92280.000 44600.000 0 0 0.000 0.000 0.000 0.133 0 1 0 0 0 0
 163 66180.000 55053.000 0 0 0.000 0.000 0.000 0.130 0 1 0 0 0 0
 164 157095.000 102580.000 0 0 0.000 0.000 0.000 0.136 0 1 0 0 0 0
 165 86347.000 155795.000 0 0 0.000 0.000 0.000 0.130 0 1 0 0 0 0
 166 76571.000 47173.000 0 0 0.000 0.000 0.000 0.146 0 1 0 0 0 0
 167 157624.000 90838.000 0 0 0.000 0.000 0.000 0.148 0 1 0 0 0 0
 168 84432.000 156932.000 0 0 0.000 0.000 0.000 0.132 0 1 0 0 0 0
 169 143703.000 139568.000 0 0 0.000 0.000 0.000 0.132 0 1 0 0 0 0
 170 122944.000 45840.000 0 0 0.000 0.000 0.000 0.149 0 1 0 0 0 0
 171 89795.000 159324.000 0 0 0.000 0.000 0.000 0.155 0 1 0 0 0 0
 172 159632.000 107060.000 0 0 0.000 0.000 0.000 0.147 0 1 0 0 0 0
 173 160321.000 99133.000 0 0 0.000 0.000 0.000 0.145 0 1 0 0 0 0
 174 74421.000 45160.000 0 0 0.000 0.000 0.000 0.130 0 1 0 0 0 0
 175 148210.000 63121.000 0 0 0.000 0.000 0.000 0.131 0 1 0 0 0 0
 176 39419.000 91671.000 0 0 0.000 0.000 0.000 0.143 0 1 0 0 0 0
 177 38402.000 100569.000 0 0 0.000 0.000 0.000 0.133 0 1 0 0 0 0
 178 62468.000 51146.000 0 0 0.000 0.000 0.000 0.140 0 1 0 0 0 0
 179 39619.000 85739.000 0 0 0.000 0.000 0.000 0.136 0 1 0 0 0 0
 180 151135.000 64501.000 0 0 0.000 0.000 0.000 0.142 0 1 0 0 0 0
 181 39882.000 121034.000 0 0 0.000 0.000 0.000 0.130 0 1 0 0 0 0
 182 52242.000 142615.000 0 0 0.000 0.000 0.000 0.138 0 1 0 0 0 0
 183 162390.000 115602.000 0 0 0.000 0.000 0.000 0.141 0 1 0 0 0 0
 184 106079.000 164433.000 0 0 0.000 0.000 0.000 0.134 0 1 0 0 0 0
 185 162081.000 82264.000 0 0 0.000 0.000 0.000 0.142 0 1 0 0 0 0
 186 149925.000 142221.000 0 0 0.000 0.000 0.000 0.154 0 1 0 0 0 0
 187 109754.000 34245.000 0 0 0.000 0.000 0.000 0.131 0 1 0 0 0 0
 188 59615.000 153548.000 0 0 0.000 0.000 0.000 0.133 0 1 0 0 0 0
 189 83398.000 165659.000 0 0 0.000 0.000 0.000 0.136 0 1 0 0 0 0
 190 42845.000 136214.000 0 0 0.000 0.000 0.000 0.131 0 1 0 0 0 0
 191 69563.000 39416.000 0 0 0.000 0.000 0.000 0.135 0 1 0 0 0 0
 192 42886.000 60811.000 0 0 0.000 0.000 0.000 0.133 0 1 0 0 0 0
 193 105009.000 169613.000 0 0 0.000 0.000 0.000 0.136 0 1 0 0 0 0
 194 108768.000 169711.000 0 0 0.000 0.000 0.000 0.144 0 1 0 0 0 0
 195 39603.000 135897.000 0 0 0.000 0.000 0.000 0.132 0 1 0 0 0 0
 196 170357.000 113809.000 0 0 0.000 0.000 0.000 0.133 0 1 0 0 0 0
 197 30232.000 117752.000 0 0 0.000 0.000 0.000 0.138 0 1 0 0 0 0
 198 171854.000 99043.000 0 0 0.000 0.000 0.000 0.130 0 1 0 0 0 0
 199 27960.000 96999.000 0 0 0.000 0.000 0.000 0.152 0 1 0 0 0 0
 200 137457.000 38011.000 0 0 0.000 0.000 0.000 0.150 0 1 0 0 0 0
 201 29264.000 117033.000 0 0 0.000 0.000 0.000 0.161 0 1 0 0 0 0
 202 50356.000 154526.000 0 0 0.000 0.000 0.000 0.131 0 1 0 0 0 0
 203 26665.000 118690.000 0 0 0.000 0.000 0.000 0.130 0 1 0 0 0 0
 204 27877.000 77599.000 0 0 0.000 0.000 0.000 0.144 0 1 0 0 0 0
 205 23512.000 93072.000 0 0 0.000 0.000 0.000 0.133 0 1 0 0 0 0
 206 23268.000 85599.000 0 0 0.000 0.000 0.000 0.139 0 1 0 0 0 0
 207 164501.000 146979.000 0 0 0.000 0.000 0.000 0.131 0 1 0 0 0 0
 208 160446.000 155748.000 0 0 0.000 0.000 0.000 0.135 0 1 0 0 0 0
 209 51319.000 166971.000 0 0 0.000 0.000 0.000 0.134 0 1 0 0 0 0
 210 141485.000 18078.000 0 0 0.000 0.000 0.000 0.154 0 1 0 0 0 0
 211 158802.000 27409.000 0 0 0.000 0.000 0.000 200000.000 0 1 0 200 0 0;
ProcessEquipmentIDList 1
  "6565" ;
SummarySpec 5
  TESTNO    NDEFECT    DEFDENSITY    NDIE    NDEFDIE  ;
SummaryList 
  1    211    0.7714    1    1  ;
EndOfFile;
