FileVersion 1 2;
FileTimestamp 02-08-26 22:00:43;
InspectionStationID "KLA-Tencor" "SFSSP1" "0901-0728-TBI";
SampleType WAFER;
ResultTimestamp 02-08-26 21:47:19;
LotID "2580";
SampleSize 1 200;
DeviceID "None";
SetupID "T2-2580NR" 02-08-26 21:47:19;
StepID "6930";
SampleOrientationMarkType NOTCH;
OrientationMarkLocation DOWN;
DiePitch 200000 200000;
DieOrigin 0 0;
WaferID "23";
Slot 23;
SampleCenterLocation 100000 100000;
ClassLookup 1
  0 "0"  ;
OrientationInstructions "Front";
CoordinatesMirrored No;
InspectionTest 1;
SampleTestPlan 1
  0 0 ;
AreaPerTest 2.73516e+010;
ClusterClassificationList 10
  2 200 
  7 210 
  9 210 
  5 210 
  4 200 
  8 200 
  6 200 
  10 210 
  1 200 
  3 200 ;
DefectRecordSpec 15 DEFECTID XREL YREL XINDEX YINDEX XSIZE YSIZE DEFECTAREA DSIZE CLASSNUMBER TEST CLUSTERNUMBER ROUGHBINNUMBER FINEBINNUMBER REVIEWSAMPLE ;
DefectList
 1 101433.000 99877.000 0 0 52.000 28.000 1456.000 38.157 0 1 2 200 0 0
 2 101428.000 99880.000 0 0 52.000 28.000 1456.000 38.157 0 1 2 200 0 0
 3 101434.000 99877.000 0 0 52.000 28.000 1456.000 38.157 0 1 2 200 0 0
 4 101436.000 99881.000 0 0 50.000 28.000 1400.000 37.416 0 1 2 200 0 0
 5 101436.000 99881.000 0 0 50.000 28.000 1400.000 37.416 0 1 2 200 0 0
 6 101050.000 93793.000 0 0 0.000 0.000 0.000 0.132 0 1 0 0 0 0
 7 93200.000 101119.000 0 0 0.000 0.000 0.000 0.132 0 1 0 0 0 0
 8 97466.000 106783.000 0 0 0.000 0.000 0.000 0.147 0 1 0 0 0 0
 9 105388.000 94997.000 0 0 0.000 0.000 0.000 0.130 0 1 0 0 0 0
 10 107317.000 103178.000 0 0 0.000 0.000 0.000 0.144 0 1 0 0 0 0
 11 108086.000 101782.000 0 0 0.000 0.000 0.000 0.143 0 1 0 0 0 0
 12 107916.000 97172.000 0 0 0.000 0.000 0.000 0.130 0 1 0 0 0 0
 13 91139.000 103611.000 0 0 0.000 0.000 0.000 0.137 0 1 0 0 0 0
 14 92235.000 94730.000 0 0 0.000 0.000 0.000 0.139 0 1 0 0 0 0
 15 91921.000 94684.000 0 0 0.000 0.000 0.000 0.142 0 1 0 0 0 0
 16 90292.000 96438.000 0 0 0.000 0.000 0.000 0.137 0 1 0 0 0 0
 17 106221.000 108799.000 0 0 0.000 0.000 0.000 0.131 0 1 0 0 0 0
 18 92314.000 92519.000 0 0 0.000 0.000 0.000 0.130 0 1 0 0 0 0
 19 106454.000 91389.000 0 0 0.000 0.000 0.000 0.411 0 1 0 0 0 0
 20 99022.000 89104.000 0 0 0.000 0.000 0.000 0.150 0 1 0 0 0 0
 21 97154.000 88912.000 0 0 0.000 0.000 0.000 0.142 0 1 0 0 0 0
 22 111973.000 100924.000 0 0 0.000 0.000 0.000 0.138 0 1 0 0 0 0
 23 111884.000 97675.000 0 0 0.000 0.000 0.000 0.131 0 1 0 0 0 0
 24 111992.000 101405.000 0 0 0.000 0.000 0.000 0.140 0 1 0 0 0 0
 25 96778.000 87592.000 0 0 0.000 0.000 0.000 0.153 0 1 0 0 0 0
 26 86489.000 101343.000 0 0 0.000 0.000 0.000 0.144 0 1 0 0 0 0
 27 100641.000 86682.000 0 0 0.000 0.000 0.000 0.136 0 1 0 0 0 0
 28 107894.000 111683.000 0 0 0.000 0.000 0.000 0.137 0 1 0 0 0 0
 29 104152.000 113700.000 0 0 0.000 0.000 0.000 0.134 0 1 0 0 0 0
 30 87442.000 108861.000 0 0 0.000 0.000 0.000 0.137 0 1 0 0 0 0
 31 100512.000 84495.000 0 0 0.000 0.000 0.000 0.263 0 1 0 0 0 0
 32 84644.000 106332.000 0 0 0.000 0.000 0.000 0.158 0 1 0 0 0 0
 33 85603.000 91632.000 0 0 0.000 0.000 0.000 0.158 0 1 0 0 0 0
 34 110696.000 87183.000 0 0 0.000 0.000 0.000 0.133 0 1 0 0 0 0
 35 96869.000 117430.000 0 0 0.000 0.000 0.000 0.139 0 1 0 0 0 0
 36 85958.000 111751.000 0 0 0.000 0.000 0.000 0.132 0 1 0 0 0 0
 37 109821.000 115483.000 0 0 0.000 0.000 0.000 0.139 0 1 0 0 0 0
 38 91613.000 83501.000 0 0 0.000 0.000 0.000 0.131 0 1 0 0 0 0
 39 87913.000 85319.000 0 0 0.000 0.000 0.000 0.138 0 1 0 0 0 0
 40 81401.000 94102.000 0 0 0.000 0.000 0.000 0.163 0 1 0 0 0 0
 41 119212.000 104319.000 0 0 0.000 0.000 0.000 0.144 0 1 0 0 0 0
 42 114698.000 86489.000 0 0 0.000 0.000 0.000 0.132 0 1 0 0 0 0
 43 81181.000 107958.000 0 0 0.000 0.000 0.000 0.136 0 1 0 0 0 0
 44 120200.000 96272.000 0 0 0.000 0.000 0.000 0.139 0 1 0 0 0 0
 45 81523.000 90603.000 0 0 0.000 0.000 0.000 0.140 0 1 0 0 0 0
 46 106158.000 79947.000 0 0 0.000 0.000 0.000 0.186 0 1 0 0 0 0
 47 97996.000 78827.000 0 0 0.000 0.000 0.000 0.135 0 1 0 0 0 0
 48 121926.000 101457.000 0 0 0.000 0.000 0.000 0.156 0 1 0 0 0 0
 49 122436.000 99367.000 0 0 0.000 0.000 0.000 0.165 0 1 0 0 0 0
 50 118752.000 112974.000 0 0 0.000 0.000 0.000 0.148 0 1 0 0 0 0
 51 109504.000 120843.000 0 0 0.000 0.000 0.000 0.131 0 1 0 0 0 0
 52 122431.000 96205.000 0 0 0.000 0.000 0.000 0.161 0 1 0 0 0 0
 53 118392.000 85761.000 0 0 0.000 0.000 0.000 0.133 0 1 0 0 0 0
 54 94474.000 76769.000 0 0 0.000 0.000 0.000 0.144 0 1 0 0 0 0
 55 87374.000 79463.000 0 0 0.000 0.000 0.000 0.133 0 1 0 0 0 0
 56 106630.000 124334.000 0 0 0.000 0.000 0.000 0.144 0 1 0 0 0 0
 57 125573.000 101339.000 0 0 0.000 0.000 0.000 0.142 0 1 0 0 0 0
 58 76280.000 90279.000 0 0 0.000 0.000 0.000 0.135 0 1 0 0 0 0
 59 77324.000 87676.000 0 0 0.000 0.000 0.000 0.130 0 1 0 0 0 0
 60 82164.000 81488.000 0 0 0.000 0.000 0.000 0.161 0 1 0 0 0 0
 61 117983.000 80819.000 0 0 0.000 0.000 0.000 0.136 0 1 0 0 0 0
 62 126422.000 102678.000 0 0 0.000 0.000 0.000 0.133 0 1 0 0 0 0
 63 121106.000 117994.000 0 0 0.000 0.000 0.000 0.131 0 1 0 0 0 0
 64 120458.000 118866.000 0 0 0.000 0.000 0.000 0.132 0 1 0 0 0 0
 65 79516.000 119240.000 0 0 0.000 0.000 0.000 0.147 0 1 0 0 0 0
 66 86547.000 75231.000 0 0 0.000 0.000 0.000 0.133 0 1 0 0 0 0
 67 127537.000 94097.000 0 0 0.000 0.000 0.000 0.135 0 1 0 0 0 0
 68 118119.000 78036.000 0 0 0.000 0.000 0.000 0.140 0 1 0 0 0 0
 69 89553.000 73383.000 0 0 0.000 0.000 0.000 0.133 0 1 0 0 0 0
 70 94858.000 71514.000 0 0 0.000 0.000 0.000 0.143 0 1 0 0 0 0
 71 74321.000 114400.000 0 0 0.000 0.000 0.000 0.141 0 1 0 0 0 0
 72 121164.000 120475.000 0 0 0.000 0.000 0.000 0.136 0 1 0 0 0 0
 73 102273.000 129969.000 0 0 0.000 0.000 0.000 0.132 0 1 0 0 0 0
 74 83793.000 74574.000 0 0 0.000 0.000 0.000 0.153 0 1 0 0 0 0
 75 86457.000 128162.000 0 0 0.000 0.000 0.000 0.136 0 1 0 0 0 0
 76 90751.000 69412.000 0 0 0.000 0.000 0.000 0.130 0 1 0 0 0 0
 77 91172.000 131516.000 0 0 0.000 0.000 0.000 0.132 0 1 0 0 0 0
 78 132480.000 96619.000 0 0 0.000 0.000 0.000 0.130 0 1 0 0 0 0
 79 67470.000 95624.000 0 0 0.000 0.000 0.000 0.130 0 1 0 0 0 0
 80 76422.000 76454.000 0 0 0.000 0.000 0.000 0.131 0 1 0 0 0 0
 81 117292.000 71587.000 0 0 0.000 0.000 0.000 0.130 0 1 0 0 0 0
 82 116803.000 130406.000 0 0 0.000 0.000 0.000 0.135 0 1 0 0 0 0
 83 65160.000 101871.000 0 0 0.000 0.000 0.000 0.142 0 1 0 0 0 0
 84 129309.000 81417.000 0 0 0.000 0.000 0.000 0.131 0 1 0 0 0 0
 85 93978.000 134690.000 0 0 0.000 0.000 0.000 0.140 0 1 0 0 0 0
 86 65474.000 106715.000 0 0 0.000 0.000 0.000 0.136 0 1 0 0 0 0
 87 70332.000 120696.000 0 0 0.000 0.000 0.000 0.132 0 1 0 0 0 0
 88 75936.000 127370.000 0 0 0.000 0.000 0.000 0.134 0 1 0 0 0 0
 89 104535.000 64277.000 0 0 0.000 0.000 0.000 0.130 0 1 0 0 0 0
 90 64905.000 88981.000 0 0 0.000 0.000 0.000 0.140 0 1 0 0 0 0
 91 77707.000 70737.000 0 0 0.000 0.000 0.000 0.148 0 1 0 0 0 0
 92 75646.000 128416.000 0 0 0.000 0.000 0.000 0.136 0 1 0 0 0 0
 93 117986.000 67627.000 0 0 0.000 0.000 0.000 0.142 0 1 0 0 0 0
 94 62560.000 101704.000 0 0 0.000 0.000 0.000 0.148 0 1 0 0 0 0
 95 73595.000 127390.000 0 0 0.000 0.000 0.000 0.140 0 1 0 0 0 0
 96 82321.000 66816.000 0 0 0.000 0.000 0.000 0.135 0 1 0 0 0 0
 97 82324.000 133752.000 0 0 0.000 0.000 0.000 0.131 0 1 0 0 0 0
 98 137274.000 93180.000 0 0 0.000 0.000 0.000 0.130 0 1 0 0 0 0
 99 129577.000 75577.000 0 0 0.000 0.000 0.000 0.145 0 1 0 0 0 0
 100 63021.000 112886.000 0 0 0.000 0.000 0.000 0.132 0 1 0 0 0 0
 101 67691.000 78383.000 0 0 0.000 0.000 0.000 0.134 0 1 0 0 0 0
 102 123064.000 132085.000 0 0 0.000 0.000 0.000 0.141 0 1 0 0 0 0
 103 99490.000 140344.000 0 0 0.000 0.000 0.000 0.131 0 1 0 0 0 0
 104 105397.000 60056.000 0 0 0.000 0.000 0.000 0.135 0 1 0 0 0 0
 105 131959.000 75326.000 0 0 0.000 0.000 0.000 0.143 0 1 0 0 0 0
 106 117175.000 137047.000 0 0 0.000 0.000 0.000 0.132 0 1 0 0 0 0
 107 140810.000 98003.000 0 0 0.000 0.000 0.000 0.135 0 1 0 0 0 0
 108 109858.000 60316.000 0 0 0.000 0.000 0.000 0.142 0 1 0 0 0 0
 109 115247.000 62119.000 0 0 0.000 0.000 0.000 0.133 0 1 0 0 0 0
 110 141047.000 103481.000 0 0 0.000 0.000 0.000 0.145 0 1 0 0 0 0
 111 84503.000 138547.000 0 0 0.000 0.000 0.000 0.140 0 1 0 0 0 0
 112 120860.000 64503.000 0 0 0.000 0.000 0.000 0.151 0 1 0 0 0 0
 113 121680.000 64615.000 0 0 0.000 0.000 0.000 0.145 0 1 0 0 0 0
 114 65162.000 76950.000 0 0 0.000 0.000 0.000 0.151 0 1 0 0 0 0
 115 76501.000 65604.000 0 0 0.000 0.000 0.000 0.131 0 1 0 0 0 0
 116 99231.000 142890.000 0 0 0.000 0.000 0.000 0.140 0 1 0 0 0 0
 117 131217.000 129373.000 0 0 0.000 0.000 0.000 0.143 0 1 0 0 0 0
 118 103092.000 57492.000 0 0 0.000 0.000 0.000 0.130 0 1 0 0 0 0
 119 135466.000 76053.000 0 0 0.000 0.000 0.000 0.131 0 1 0 0 0 0
 120 56957.000 103465.000 0 0 0.000 0.000 0.000 0.137 0 1 0 0 0 0
 121 60542.000 117856.000 0 0 0.000 0.000 0.000 0.132 0 1 0 0 0 0
 122 129199.000 68329.000 0 0 0.000 0.000 0.000 0.132 0 1 0 0 0 0
 123 83357.000 140315.000 0 0 0.000 0.000 0.000 0.148 0 1 0 0 0 0
 124 82324.000 60333.000 0 0 0.000 0.000 0.000 0.142 0 1 0 0 0 0
 125 142653.000 109295.000 0 0 0.000 0.000 0.000 0.141 0 1 0 0 0 0
 126 72369.000 134075.000 0 0 0.000 0.000 0.000 0.135 0 1 0 0 0 0
 127 105105.000 143801.000 0 0 0.000 0.000 0.000 0.151 0 1 0 0 0 0
 128 141633.000 114217.000 0 0 0.000 0.000 0.000 0.136 0 1 0 0 0 0
 129 67128.000 129759.000 0 0 0.000 0.000 0.000 0.142 0 1 0 0 0 0
 130 63941.000 74889.000 0 0 0.000 0.000 0.000 0.147 0 1 0 0 0 0
 131 78095.000 138648.000 0 0 0.000 0.000 0.000 0.141 0 1 0 0 0 0
 132 115206.000 58713.000 0 0 0.000 0.000 0.000 0.150 0 1 0 0 0 0
 133 121889.000 61063.000 0 0 0.000 0.000 0.000 0.148 0 1 0 0 0 0
 134 145073.000 103335.000 0 0 0.000 0.000 0.000 0.135 0 1 0 0 0 0
 135 110557.000 56135.000 0 0 0.000 0.000 0.000 0.147 0 1 0 0 0 0
 136 86463.000 143506.000 0 0 0.000 0.000 0.000 0.158 0 1 0 0 0 0
 137 82711.000 142183.000 0 0 0.000 0.000 0.000 0.166 0 1 0 0 0 0
 138 67411.000 132234.000 0 0 0.000 0.000 0.000 0.138 0 1 0 0 0 0
 139 113578.000 144466.000 0 0 0.000 0.000 0.000 0.141 0 1 0 0 0 0
 140 119682.000 57918.000 0 0 0.000 0.000 0.000 0.135 0 1 0 0 0 0
 141 118641.000 57212.000 0 0 0.000 0.000 0.000 0.134 0 1 0 0 0 0
 142 106185.000 146660.000 0 0 0.000 0.000 0.000 0.140 0 1 0 0 0 0
 143 69818.000 136305.000 0 0 0.000 0.000 0.000 0.130 0 1 0 0 0 0
 144 144649.000 115563.000 0 0 0.000 0.000 0.000 0.138 0 1 0 0 0 0
 145 62934.000 130112.000 0 0 0.000 0.000 0.000 0.135 0 1 0 0 0 0
 146 105680.000 51684.000 0 0 0.000 0.000 0.000 0.148 0 1 0 0 0 0
 147 140142.000 128565.000 0 0 0.000 0.000 0.000 0.131 0 1 0 0 0 0
 148 75475.000 56937.000 0 0 0.000 0.000 0.000 0.137 0 1 0 0 0 0
 149 149026.000 90157.000 0 0 0.000 0.000 0.000 0.143 0 1 0 0 0 0
 150 145780.000 121745.000 0 0 0.000 0.000 0.000 0.149 0 1 0 0 0 0
 151 110133.000 149827.000 0 0 0.000 0.000 0.000 0.158 0 1 0 0 0 0
 152 102685.000 150903.000 0 0 0.000 0.000 0.000 0.132 0 1 0 0 0 0
 153 52190.000 119288.000 0 0 0.000 0.000 0.000 0.133 0 1 0 0 0 0
 154 66775.000 60913.000 0 0 0.000 0.000 0.000 0.146 0 1 0 0 0 0
 155 115495.000 51276.000 0 0 0.000 0.000 0.000 0.133 0 1 0 0 0 0
 156 97586.000 151641.000 0 0 0.000 0.000 0.000 0.134 0 1 0 0 0 0
 157 54777.000 74182.000 0 0 0.000 0.000 0.000 0.134 0 1 0 0 0 0
 158 64888.000 139930.000 0 0 0.000 0.000 0.000 0.137 0 1 0 0 0 0
 159 74714.000 53103.000 0 0 0.000 0.000 0.000 0.130 0 1 0 0 0 0
 160 75697.000 148400.000 0 0 0.000 0.000 0.000 0.142 0 1 0 0 0 0
 161 88575.000 153073.000 0 0 0.000 0.000 0.000 0.132 0 1 0 0 0 0
 162 84294.000 48417.000 0 0 0.000 0.000 0.000 0.134 0 1 0 0 0 0
 163 147750.000 127241.000 0 0 0.000 0.000 0.000 0.145 0 1 0 0 0 0
 164 53231.000 129840.000 0 0 0.000 0.000 0.000 0.132 0 1 0 0 0 0
 165 154854.000 109838.000 0 0 0.000 0.000 0.000 0.144 0 1 0 0 0 0
 166 74004.000 149813.000 0 0 0.000 0.000 0.000 0.134 0 1 0 0 0 0
 167 59661.000 61003.000 0 0 0.000 0.000 0.000 0.142 0 1 0 0 0 0
 168 88772.000 45261.000 0 0 0.000 0.000 0.000 0.153 0 1 0 0 0 0
 169 156332.000 100450.000 0 0 0.000 0.000 0.000 0.130 0 1 0 0 0 0
 170 44744.000 88446.000 0 0 0.000 0.000 0.000 0.139 0 1 0 0 0 0
 171 48292.000 76791.000 0 0 0.000 0.000 0.000 0.133 0 1 0 0 0 0
 172 42866.000 98327.000 0 0 0.000 0.000 0.000 0.140 0 1 0 0 0 0
 173 126537.000 48978.000 0 0 0.000 0.000 0.000 0.131 0 1 0 0 0 0
 174 155647.000 84575.000 0 0 0.000 0.000 0.000 0.138 0 1 0 0 0 0
 175 158459.000 95810.000 0 0 0.000 0.000 0.000 0.134 0 1 0 0 0 0
 176 142044.000 141134.000 0 0 0.000 0.000 0.000 0.130 0 1 0 0 0 0
 177 42762.000 84067.000 0 0 0.000 0.000 0.000 0.133 0 1 0 0 0 0
 178 129991.000 48620.000 0 0 0.000 0.000 0.000 0.139 0 1 0 0 0 0
 179 133374.000 50762.000 0 0 0.000 0.000 0.000 0.134 0 1 0 0 0 0
 180 117923.000 42983.000 0 0 0.000 0.000 0.000 0.134 0 1 0 0 0 0
 181 43373.000 79985.000 0 0 0.000 0.000 0.000 0.134 0 1 0 0 0 0
 182 145915.000 145355.000 0 0 0.000 0.000 0.000 0.145 0 1 0 0 0 0
 183 124274.000 40530.000 0 0 0.000 0.000 0.000 0.136 0 1 0 0 0 0
 184 63447.000 46808.000 0 0 0.000 0.000 0.000 0.148 0 1 0 0 0 0
 185 68455.000 43872.000 0 0 0.000 0.000 0.000 0.130 0 1 0 0 0 0
 186 160711.000 124110.000 0 0 0.000 0.000 0.000 0.138 0 1 0 0 0 0
 187 51022.000 144550.000 0 0 0.000 0.000 0.000 0.148 0 1 0 0 0 0
 188 38658.000 74496.000 0 0 0.000 0.000 0.000 0.130 0 1 0 0 0 0
 189 44233.000 63367.000 0 0 0.000 0.000 0.000 0.220 0 1 0 0 0 0
 190 160633.000 71034.000 0 0 0.000 0.000 0.000 0.130 0 1 0 0 0 0
 191 51549.000 53046.000 0 0 0.000 0.000 0.000 0.131 0 1 0 0 0 0
 192 129987.000 39541.000 0 0 0.000 0.000 0.000 0.133 0 1 0 0 0 0
 193 88437.000 31732.000 0 0 0.000 0.000 0.000 0.138 0 1 0 0 0 0
 194 160092.000 135282.000 0 0 0.000 0.000 0.000 0.134 0 1 0 0 0 0
 195 35268.000 126584.000 0 0 0.000 0.000 0.000 0.132 0 1 0 0 0 0
 196 140769.000 157911.000 0 0 0.000 0.000 0.000 0.130 0 1 0 0 0 0
 197 75147.000 167622.000 0 0 0.000 0.000 0.000 0.130 0 1 0 0 0 0
 198 42541.000 143751.000 0 0 0.000 0.000 0.000 0.167 0 1 0 0 0 0
 199 40281.000 144464.000 0 0 56.000 48.000 2688.000 51.845 0 1 7 210 0 0
 200 41874.000 147098.000 0 0 0.000 0.000 0.000 0.141 0 1 0 0 0 0
 201 39974.000 144785.000 0 0 56.000 48.000 2688.000 51.845 0 1 7 210 0 0
 202 39951.000 144901.000 0 0 56.000 48.000 2688.000 51.845 0 1 7 210 0 0
 203 39969.000 145345.000 0 0 54.000 50.000 2700.000 51.961 0 1 7 210 0 0
 204 41519.000 147919.000 0 0 0.000 0.000 0.000 0.231 0 1 0 0 0 0
 205 39754.000 145584.000 0 0 54.000 50.000 2700.000 51.961 0 1 7 210 0 0
 206 86631.000 25888.000 0 0 0.000 0.000 0.000 0.133 0 1 0 0 0 0
 207 39438.000 145636.000 0 0 54.000 50.000 2700.000 51.961 0 1 7 210 0 0
 208 39440.000 145640.000 0 0 54.000 50.000 2700.000 51.961 0 1 7 210 0 0
 209 39452.000 146483.000 0 0 54.000 50.000 2700.000 51.961 0 1 7 210 0 0
 210 39252.000 146392.000 0 0 54.000 50.000 2700.000 51.961 0 1 7 210 0 0
 211 39333.000 146230.000 0 0 54.000 50.000 2700.000 51.961 0 1 7 210 0 0
 212 39065.000 146171.000 0 0 54.000 50.000 2700.000 51.961 0 1 7 210 0 0
 213 41074.000 149072.000 0 0 54.000 50.000 2700.000 51.961 0 1 9 210 0 0
 214 23903.000 91194.000 0 0 0.000 0.000 0.000 0.137 0 1 0 0 0 0
 215 39081.000 53727.000 0 0 0.000 0.000 0.000 0.146 0 1 0 0 0 0
 216 38877.000 146484.000 0 0 54.000 50.000 2700.000 51.961 0 1 7 210 0 0
 217 40878.000 149591.000 0 0 54.000 52.000 2808.000 52.990 0 1 9 210 0 0
 218 38845.000 147017.000 0 0 54.000 50.000 2700.000 51.961 0 1 7 210 0 0
 219 38636.000 146852.000 0 0 54.000 50.000 2700.000 51.961 0 1 7 210 0 0
 220 40790.000 149804.000 0 0 54.000 52.000 2808.000 52.990 0 1 9 210 0 0
 221 44282.000 46636.000 0 0 0.000 0.000 0.000 0.134 0 1 0 0 0 0
 222 38424.000 147101.000 0 0 54.000 50.000 2700.000 51.961 0 1 7 210 0 0
 223 40554.000 150099.000 0 0 54.000 52.000 2808.000 52.990 0 1 9 210 0 0
 224 38543.000 147548.000 0 0 54.000 50.000 2700.000 51.961 0 1 7 210 0 0
 225 38311.000 147277.000 0 0 54.000 50.000 2700.000 51.961 0 1 7 210 0 0
 226 40605.000 150289.000 0 0 54.000 52.000 2808.000 52.990 0 1 9 210 0 0
 227 38376.000 147724.000 0 0 54.000 50.000 2700.000 51.961 0 1 7 210 0 0
 228 38290.000 147842.000 0 0 54.000 50.000 2700.000 51.961 0 1 7 210 0 0
 229 40447.000 150652.000 0 0 54.000 52.000 2808.000 52.990 0 1 9 210 0 0
 230 38309.000 148201.000 0 0 54.000 50.000 2700.000 51.961 0 1 7 210 0 0
 231 38188.000 148001.000 0 0 54.000 50.000 2700.000 51.961 0 1 7 210 0 0
 232 87181.000 177469.000 0 0 0.000 0.000 0.000 0.131 0 1 0 0 0 0
 233 37915.000 148393.000 0 0 54.000 50.000 2700.000 51.961 0 1 7 210 0 0
 234 40175.000 151299.000 0 0 52.000 52.000 2704.000 52.000 0 1 9 210 0 0
 235 37290.000 148817.000 0 0 54.000 50.000 2700.000 51.961 0 1 7 210 0 0
 236 39843.000 152263.000 0 0 52.000 52.000 2704.000 52.000 0 1 9 210 0 0
 237 37918.000 149807.000 0 0 0.000 0.000 0.000 0.250 0 1 0 0 0 0
 238 41348.000 154119.000 0 0 0.000 0.000 0.000 0.142 0 1 0 0 0 0
 239 24176.000 125720.000 0 0 54.000 40.000 2160.000 46.475 0 1 5 210 0 0
 240 36912.000 150148.000 0 0 0.000 0.000 0.000 0.177 0 1 0 0 0 0
 241 23671.000 126040.000 0 0 54.000 40.000 2160.000 46.475 0 1 5 210 0 0
 242 36642.000 150505.000 0 0 0.000 0.000 0.000 0.146 0 1 0 0 0 0
 243 21350.000 118447.000 0 0 0.000 0.000 0.000 0.159 0 1 0 0 0 0
 244 39181.000 153698.000 0 0 0.000 0.000 0.000 0.153 0 1 0 0 0 0
 245 29806.000 140364.000 0 0 0.000 0.000 0.000 0.134 0 1 0 0 0 0
 246 29701.000 140304.000 0 0 0.000 0.000 0.000 0.137 0 1 0 0 0 0
 247 29497.000 140273.000 0 0 0.000 0.000 0.000 0.135 0 1 0 0 0 0
 248 36475.000 150727.000 0 0 0.000 0.000 0.000 0.169 0 1 0 0 0 0
 249 23184.000 126447.000 0 0 54.000 40.000 2160.000 46.475 0 1 5 210 0 0
 250 29136.000 140250.000 0 0 0.000 0.000 0.000 0.133 0 1 0 0 0 0
 251 22904.000 126679.000 0 0 54.000 40.000 2160.000 46.475 0 1 5 210 0 0
 252 22791.000 126768.000 0 0 54.000 40.000 2160.000 46.475 0 1 5 210 0 0
 253 22628.000 126893.000 0 0 54.000 40.000 2160.000 46.475 0 1 5 210 0 0
 254 22534.000 127001.000 0 0 54.000 40.000 2160.000 46.475 0 1 5 210 0 0
 255 42459.000 158854.000 0 0 0.000 0.000 0.000 0.142 0 1 0 0 0 0
 256 22358.000 127112.000 0 0 54.000 40.000 2160.000 46.475 0 1 5 210 0 0
 257 22050.000 127336.000 0 0 54.000 40.000 2160.000 46.475 0 1 5 210 0 0
 258 20153.000 121134.000 0 0 56.000 36.000 2016.000 44.899 0 1 4 200 0 0
 259 20658.000 123359.000 0 0 0.000 0.000 0.000 0.162 0 1 0 0 0 0
 260 21735.000 127555.000 0 0 54.000 40.000 2160.000 46.475 0 1 5 210 0 0
 261 19886.000 121363.000 0 0 56.000 36.000 2016.000 44.899 0 1 4 200 0 0
 262 19899.000 121061.000 0 0 56.000 36.000 2016.000 44.899 0 1 4 200 0 0
 263 20974.000 126029.000 0 0 0.000 0.000 0.000 0.142 0 1 0 0 0 0
 264 21508.000 127731.000 0 0 54.000 40.000 2160.000 46.475 0 1 5 210 0 0
 265 20237.000 123665.000 0 0 0.000 0.000 0.000 0.185 0 1 0 0 0 0
 266 37830.000 155840.000 0 0 0.000 0.000 0.000 0.131 0 1 0 0 0 0
 267 19398.000 121703.000 0 0 56.000 36.000 2016.000 44.899 0 1 4 200 0 0
 268 19399.000 122133.000 0 0 56.000 36.000 2016.000 44.899 0 1 4 200 0 0
 269 20751.000 128261.000 0 0 56.000 40.000 2240.000 47.328 0 1 5 210 0 0
 270 19437.000 124307.000 0 0 0.000 0.000 0.000 0.150 0 1 0 0 0 0
 271 19862.000 74674.000 0 0 0.000 0.000 0.000 0.138 0 1 0 0 0 0
 272 32162.000 50040.000 0 0 0.000 0.000 0.000 0.143 0 1 0 0 0 0
 273 18549.000 123754.000 0 0 0.000 0.000 0.000 0.137 0 1 0 0 0 0
 274 20006.000 128780.000 0 0 56.000 40.000 2240.000 47.328 0 1 5 210 0 0
 275 36951.000 157608.000 0 0 0.000 0.000 0.000 0.158 0 1 0 0 0 0
 276 19505.000 129123.000 0 0 56.000 40.000 2240.000 47.328 0 1 5 210 0 0
 277 20333.000 128606.000 0 0 56.000 40.000 2240.000 47.328 0 1 5 210 0 0
 278 40429.000 38675.000 0 0 0.000 0.000 0.000 0.132 0 1 0 0 0 0
 279 52050.000 29428.000 0 0 0.000 0.000 0.000 0.151 0 1 0 0 0 0
 280 19296.000 129295.000 0 0 56.000 40.000 2240.000 47.328 0 1 5 210 0 0
 281 35601.000 157315.000 0 0 0.000 0.000 0.000 0.140 0 1 0 0 0 0
 282 14491.000 110444.000 0 0 0.000 0.000 0.000 0.130 0 1 0 0 0 0
 283 18648.000 129709.000 0 0 56.000 40.000 2240.000 47.328 0 1 5 210 0 0
 284 36152.000 158921.000 0 0 0.000 0.000 0.000 0.130 0 1 0 0 0 0
 285 18304.000 129914.000 0 0 56.000 40.000 2240.000 47.328 0 1 5 210 0 0
 286 13639.000 110647.000 0 0 0.000 0.000 0.000 0.131 0 1 0 0 0 0
 287 18044.000 130039.000 0 0 56.000 40.000 2240.000 47.328 0 1 5 210 0 0
 288 17398.000 128473.000 0 0 0.000 0.000 0.000 0.131 0 1 0 0 0 0
 289 17337.000 129194.000 0 0 0.000 0.000 0.000 0.130 0 1 0 0 0 0
 290 17264.000 130436.000 0 0 0.000 0.000 0.000 0.147 0 1 0 0 0 0
 291 173940.000 52165.000 0 0 0.000 0.000 0.000 0.136 0 1 0 0 0 0
 292 23668.000 144937.000 0 0 56.000 46.000 2576.000 50.754 0 1 8 200 0 0
 293 16799.000 130687.000 0 0 0.000 0.000 0.000 0.132 0 1 0 0 0 0
 294 15588.000 127074.000 0 0 0.000 0.000 0.000 0.150 0 1 0 0 0 0
 295 23259.000 144999.000 0 0 56.000 46.000 2576.000 50.754 0 1 8 200 0 0
 296 16533.000 130830.000 0 0 0.000 0.000 0.000 0.132 0 1 0 0 0 0
 297 11053.000 103828.000 0 0 0.000 0.000 0.000 0.229 0 1 0 0 0 0
 298 23126.000 145111.000 0 0 56.000 46.000 2576.000 50.754 0 1 8 200 0 0
 299 23034.000 145477.000 0 0 56.000 46.000 2576.000 50.754 0 1 8 200 0 0
 300 22520.000 145555.000 0 0 56.000 46.000 2576.000 50.754 0 1 8 200 0 0
 301 14478.000 127666.000 0 0 54.000 38.000 2052.000 45.299 0 1 6 200 0 0
 302 33371.000 160457.000 0 0 0.000 0.000 0.000 0.132 0 1 0 0 0 0
 303 14124.000 126979.000 0 0 54.000 38.000 2052.000 45.299 0 1 6 200 0 0
 304 37742.000 165247.000 0 0 0.000 0.000 0.000 0.278 0 1 0 0 0 0
 305 15645.000 131431.000 0 0 0.000 0.000 0.000 0.188 0 1 0 0 0 0
 306 14076.000 127891.000 0 0 54.000 38.000 2052.000 45.299 0 1 6 200 0 0
 307 10905.000 114380.000 0 0 0.000 0.000 0.000 0.142 0 1 0 0 0 0
 308 33091.000 160833.000 0 0 0.000 0.000 0.000 0.143 0 1 0 0 0 0
 309 14732.000 129344.000 0 0 0.000 0.000 0.000 0.201 0 1 0 0 0 0
 310 16431.000 65761.000 0 0 0.000 0.000 0.000 0.155 0 1 0 0 0 0
 311 23639.000 148654.000 0 0 0.000 0.000 0.000 0.151 0 1 0 0 0 0
 312 21709.000 145884.000 0 0 0.000 0.000 0.000 0.142 0 1 0 0 0 0
 313 32844.000 161138.000 0 0 0.000 0.000 0.000 0.132 0 1 0 0 0 0
 314 23278.000 148507.000 0 0 0.000 0.000 0.000 0.130 0 1 0 0 0 0
 315 14018.000 129056.000 0 0 0.000 0.000 0.000 0.240 0 1 0 0 0 0
 316 13723.000 128077.000 0 0 54.000 38.000 2052.000 45.299 0 1 6 200 0 0
 317 23347.000 148891.000 0 0 0.000 0.000 0.000 0.134 0 1 0 0 0 0
 318 32175.000 161865.000 0 0 54.000 50.000 2700.000 51.961 0 1 10 210 0 0
 319 14301.000 131045.000 0 0 0.000 0.000 0.000 0.142 0 1 0 0 0 0
 320 13448.000 128226.000 0 0 54.000 38.000 2052.000 45.299 0 1 6 200 0 0
 321 13033.000 127041.000 0 0 54.000 38.000 2052.000 45.299 0 1 6 200 0 0
 322 12055.000 124948.000 0 0 0.000 0.000 0.000 0.130 0 1 0 0 0 0
 323 12715.000 127648.000 0 0 54.000 38.000 2052.000 45.299 0 1 6 200 0 0
 324 8643.000 107439.000 0 0 0.000 0.000 0.000 0.142 0 1 0 0 0 0
 325 56823.000 19273.000 0 0 0.000 0.000 0.000 0.139 0 1 0 0 0 0
 326 18076.000 141949.000 0 0 0.000 0.000 0.000 0.149 0 1 0 0 0 0
 327 12372.000 127834.000 0 0 54.000 38.000 2052.000 45.299 0 1 6 200 0 0
 328 11890.000 127144.000 0 0 54.000 38.000 2052.000 45.299 0 1 6 200 0 0
 329 11697.000 126121.000 0 0 0.000 0.000 0.000 0.135 0 1 0 0 0 0
 330 7906.000 102388.000 0 0 0.000 0.000 0.000 0.150 0 1 0 0 0 0
 331 12198.000 128235.000 0 0 54.000 38.000 2052.000 45.299 0 1 6 200 0 0
 332 22346.000 150177.000 0 0 0.000 0.000 0.000 0.138 0 1 0 0 0 0
 333 11566.000 127326.000 0 0 54.000 38.000 2052.000 45.299 0 1 6 200 0 0
 334 12178.000 129220.000 0 0 54.000 38.000 2052.000 45.299 0 1 6 200 0 0
 335 11944.000 128783.000 0 0 54.000 38.000 2052.000 45.299 0 1 6 200 0 0
 336 7424.000 103970.000 0 0 0.000 0.000 0.000 0.152 0 1 0 0 0 0
 337 11830.000 128605.000 0 0 54.000 38.000 2052.000 45.299 0 1 6 200 0 0
 338 31467.000 162545.000 0 0 54.000 50.000 2700.000 51.961 0 1 10 210 0 0
 339 7359.000 104191.000 0 0 0.000 0.000 0.000 0.131 0 1 0 0 0 0
 340 11542.000 128623.000 0 0 54.000 38.000 2052.000 45.299 0 1 6 200 0 0
 341 31041.000 162914.000 0 0 54.000 50.000 2700.000 51.961 0 1 10 210 0 0
 342 10926.000 127774.000 0 0 54.000 38.000 2052.000 45.299 0 1 6 200 0 0
 343 7098.000 108704.000 0 0 0.000 0.000 0.000 0.181 0 1 0 0 0 0
 344 11021.000 128946.000 0 0 54.000 38.000 2052.000 45.299 0 1 6 200 0 0
 345 10960.000 130063.000 0 0 0.000 0.000 0.000 0.167 0 1 0 0 0 0
 346 30390.000 163433.000 0 0 54.000 50.000 2700.000 51.961 0 1 10 210 0 0
 347 190579.000 76063.000 0 0 0.000 0.000 0.000 0.210 0 1 0 0 0 0
 348 21096.000 151233.000 0 0 0.000 0.000 0.000 0.167 0 1 0 0 0 0
 349 20867.000 151429.000 0 0 0.000 0.000 0.000 0.182 0 1 0 0 0 0
 350 10313.000 129426.000 0 0 0.000 0.000 0.000 0.228 0 1 0 0 0 0
 351 10625.000 130299.000 0 0 0.000 0.000 0.000 0.136 0 1 0 0 0 0
 352 7997.000 121018.000 0 0 0.000 0.000 0.000 0.152 0 1 0 0 0 0
 353 10311.000 129427.000 0 0 0.000 0.000 0.000 0.202 0 1 0 0 0 0
 354 10167.000 129536.000 0 0 0.000 0.000 0.000 0.217 0 1 0 0 0 0
 355 20411.000 151379.000 0 0 0.000 0.000 0.000 0.169 0 1 0 0 0 0
 356 29322.000 37160.000 0 0 52.000 50.000 2600.000 50.990 0 1 1 200 0 0
 357 33525.000 32863.000 0 0 0.000 0.000 0.000 0.213 0 1 0 0 0 0
 358 10266.000 130559.000 0 0 0.000 0.000 0.000 0.130 0 1 0 0 0 0
 359 33789.000 32569.000 0 0 0.000 0.000 0.000 0.271 0 1 0 0 0 0
 360 9824.000 129796.000 0 0 0.000 0.000 0.000 0.141 0 1 0 0 0 0
 361 12790.000 104913.000 0 0 4.710 83.607 393.802 19.844 0 1 3 200 0 0
 362 12617.000 104880.000 0 0 3.743 67.022 250.886 15.839 0 1 3 200 0 0
 363 12445.000 104853.000 0 0 3.024 54.566 165.061 12.847 0 1 3 200 0 0
 364 12272.000 104829.000 0 0 2.547 46.266 117.848 10.855 0 1 3 200 0 0
 365 12102.000 104814.000 0 0 1.384 25.273 34.986 5.914 0 1 3 200 0 0
 366 30857.000 163054.000 0 0 15.108 16.567 250.310 15.821 0 1 10 210 0 0
 367 30721.000 163157.000 0 0 24.213 26.560 643.103 25.359 0 1 10 210 0 0
 368 30587.000 163264.000 0 0 27.300 29.954 817.785 28.596 0 1 10 210 0 0
 369 30455.000 163371.000 0 0 27.347 30.011 820.733 28.648 0 1 10 210 0 0
 370 30321.000 163475.000 0 0 27.392 30.069 823.662 28.699 0 1 10 210 0 0
 371 30184.000 163578.000 0 0 30.483 33.473 1020.393 31.943 0 1 10 210 0 0
 372 30048.000 163680.000 0 0 27.480 30.187 829.562 28.802 0 1 10 210 0 0
 373 29748.000 37056.000 0 0 150.867 168.381 25403.290 159.384 0 1 1 200 0 0
 374 29909.000 163781.000 0 0 27.524 30.247 832.532 28.853 0 1 10 210 0 0
 375 29625.000 36939.000 0 0 247.883 276.632 68572.566 261.863 0 1 1 200 0 0
 376 29775.000 163885.000 0 0 27.569 30.305 835.482 28.904 0 1 10 210 0 0
 377 29498.000 36826.000 0 0 118.101 131.800 15565.778 124.762 0 1 1 200 0 0;
ProcessEquipmentIDList 1
  "6565" ;
SummarySpec 5
  TESTNO    NDEFECT    DEFDENSITY    NDIE    NDEFDIE  ;
SummaryList 
  1    377    1.378    1    1  ;
EndOfFile;
