FileVersion 1 2;
FileTimestamp 02-08-26 22:46:40;
InspectionStationID "KLA-Tencor" "SFSSP1" "0901-0728-TBI";
SampleType WAFER;
ResultTimestamp 02-08-26 22:30:00;
LotID "2580";
SampleSize 1 200;
DeviceID "None";
SetupID "T2-2580NR" 02-08-26 22:30:00;
StepID "6930";
SampleOrientationMarkType NOTCH;
OrientationMarkLocation DOWN;
DiePitch 200000 200000;
DieOrigin 0 0;
WaferID "19";
Slot 19;
SampleCenterLocation 100000 100000;
ClassLookup 1
  0 "0"  ;
OrientationInstructions "Front";
CoordinatesMirrored No;
InspectionTest 1;
SampleTestPlan 1
  0 0 ;
AreaPerTest 2.73513e+010;
DefectRecordSpec 15 DEFECTID XREL YREL XINDEX YINDEX XSIZE YSIZE DEFECTAREA DSIZE CLASSNUMBER TEST CLUSTERNUMBER ROUGHBINNUMBER FINEBINNUMBER REVIEWSAMPLE ;
DefectList
 1 96816.000 95449.000 0 0 0.000 0.000 0.000 0.135 0 1 0 0 0 0
 2 106132.000 103033.000 0 0 0.000 0.000 0.000 0.130 0 1 0 0 0 0
 3 93467.000 102135.000 0 0 0.000 0.000 0.000 0.130 0 1 0 0 0 0
 4 101958.000 108689.000 0 0 0.000 0.000 0.000 0.133 0 1 0 0 0 0
 5 101173.000 108825.000 0 0 0.000 0.000 0.000 0.131 0 1 0 0 0 0
 6 104120.000 91447.000 0 0 0.000 0.000 0.000 0.135 0 1 0 0 0 0
 7 108475.000 95900.000 0 0 0.000 0.000 0.000 0.162 0 1 0 0 0 0
 8 95468.000 108577.000 0 0 0.000 0.000 0.000 0.139 0 1 0 0 0 0
 9 109934.000 102650.000 0 0 0.000 0.000 0.000 0.140 0 1 0 0 0 0
 10 106717.000 108388.000 0 0 0.000 0.000 0.000 0.135 0 1 0 0 0 0
 11 101928.000 111941.000 0 0 0.000 0.000 0.000 0.141 0 1 0 0 0 0
 12 107534.000 89720.000 0 0 0.000 0.000 0.000 0.139 0 1 0 0 0 0
 13 109270.000 90886.000 0 0 0.000 0.000 0.000 0.162 0 1 0 0 0 0
 14 93455.000 88339.000 0 0 0.000 0.000 0.000 0.148 0 1 0 0 0 0
 15 109662.000 109483.000 0 0 0.000 0.000 0.000 0.135 0 1 0 0 0 0
 16 96217.000 86123.000 0 0 0.000 0.000 0.000 0.132 0 1 0 0 0 0
 17 92391.000 87564.000 0 0 0.000 0.000 0.000 0.136 0 1 0 0 0 0
 18 104968.000 113469.000 0 0 0.000 0.000 0.000 0.143 0 1 0 0 0 0
 19 113840.000 105135.000 0 0 0.000 0.000 0.000 0.140 0 1 0 0 0 0
 20 107569.000 86607.000 0 0 0.000 0.000 0.000 0.137 0 1 0 0 0 0
 21 114338.000 105411.000 0 0 0.000 0.000 0.000 0.141 0 1 0 0 0 0
 22 103843.000 115310.000 0 0 0.000 0.000 0.000 0.135 0 1 0 0 0 0
 23 86682.000 108716.000 0 0 0.000 0.000 0.000 0.140 0 1 0 0 0 0
 24 94089.000 114973.000 0 0 0.000 0.000 0.000 0.139 0 1 0 0 0 0
 25 114984.000 107309.000 0 0 0.000 0.000 0.000 0.144 0 1 0 0 0 0
 26 116849.000 101862.000 0 0 0.000 0.000 0.000 0.138 0 1 0 0 0 0
 27 89494.000 86364.000 0 0 0.000 0.000 0.000 0.130 0 1 0 0 0 0
 28 90334.000 85525.000 0 0 0.000 0.000 0.000 0.142 0 1 0 0 0 0
 29 110840.000 86393.000 0 0 0.000 0.000 0.000 0.143 0 1 0 0 0 0
 30 82730.000 100241.000 0 0 0.000 0.000 0.000 0.138 0 1 0 0 0 0
 31 99734.000 82483.000 0 0 0.000 0.000 0.000 0.133 0 1 0 0 0 0
 32 117454.000 100954.000 0 0 0.000 0.000 0.000 0.132 0 1 0 0 0 0
 33 86885.000 88221.000 0 0 0.000 0.000 0.000 0.132 0 1 0 0 0 0
 34 114117.000 89140.000 0 0 0.000 0.000 0.000 0.151 0 1 0 0 0 0
 35 86968.000 111799.000 0 0 0.000 0.000 0.000 0.134 0 1 0 0 0 0
 36 103845.000 82355.000 0 0 0.000 0.000 0.000 0.141 0 1 0 0 0 0
 37 94537.000 82181.000 0 0 0.000 0.000 0.000 0.141 0 1 0 0 0 0
 38 90931.000 116070.000 0 0 0.000 0.000 0.000 0.142 0 1 0 0 0 0
 39 90093.000 83881.000 0 0 0.000 0.000 0.000 0.133 0 1 0 0 0 0
 40 115926.000 109723.000 0 0 0.000 0.000 0.000 0.158 0 1 0 0 0 0
 41 93920.000 118172.000 0 0 0.000 0.000 0.000 0.156 0 1 0 0 0 0
 42 119149.000 93512.000 0 0 0.000 0.000 0.000 0.133 0 1 0 0 0 0
 43 81460.000 107569.000 0 0 0.000 0.000 0.000 0.145 0 1 0 0 0 0
 44 88013.000 82819.000 0 0 0.000 0.000 0.000 0.130 0 1 0 0 0 0
 45 90699.000 81172.000 0 0 0.000 0.000 0.000 0.132 0 1 0 0 0 0
 46 79658.000 94897.000 0 0 0.000 0.000 0.000 0.130 0 1 0 0 0 0
 47 116043.000 114404.000 0 0 0.000 0.000 0.000 0.141 0 1 0 0 0 0
 48 78229.000 97207.000 0 0 0.000 0.000 0.000 0.141 0 1 0 0 0 0
 49 81674.000 112982.000 0 0 0.000 0.000 0.000 0.131 0 1 0 0 0 0
 50 92158.000 78562.000 0 0 0.000 0.000 0.000 0.133 0 1 0 0 0 0
 51 93354.000 121412.000 0 0 0.000 0.000 0.000 0.155 0 1 0 0 0 0
 52 92338.000 121136.000 0 0 0.000 0.000 0.000 0.151 0 1 0 0 0 0
 53 107421.000 77804.000 0 0 0.000 0.000 0.000 0.135 0 1 0 0 0 0
 54 120779.000 88901.000 0 0 0.000 0.000 0.000 0.162 0 1 0 0 0 0
 55 108848.000 121666.000 0 0 0.000 0.000 0.000 0.140 0 1 0 0 0 0
 56 78229.000 90160.000 0 0 0.000 0.000 0.000 0.142 0 1 0 0 0 0
 57 119613.000 85175.000 0 0 0.000 0.000 0.000 0.132 0 1 0 0 0 0
 58 108419.000 123174.000 0 0 0.000 0.000 0.000 0.150 0 1 0 0 0 0
 59 122732.000 88379.000 0 0 0.000 0.000 0.000 0.157 0 1 0 0 0 0
 60 96107.000 74335.000 0 0 0.000 0.000 0.000 0.135 0 1 0 0 0 0
 61 74612.000 93522.000 0 0 0.000 0.000 0.000 0.137 0 1 0 0 0 0
 62 125944.000 103940.000 0 0 0.000 0.000 0.000 0.142 0 1 0 0 0 0
 63 87256.000 76640.000 0 0 0.000 0.000 0.000 0.137 0 1 0 0 0 0
 64 126558.000 96920.000 0 0 0.000 0.000 0.000 0.140 0 1 0 0 0 0
 65 121613.000 83073.000 0 0 0.000 0.000 0.000 0.148 0 1 0 0 0 0
 66 127262.000 99135.000 0 0 0.000 0.000 0.000 0.135 0 1 0 0 0 0
 67 127900.000 99444.000 0 0 0.000 0.000 0.000 0.139 0 1 0 0 0 0
 68 91700.000 126273.000 0 0 0.000 0.000 0.000 0.145 0 1 0 0 0 0
 69 126758.000 91847.000 0 0 0.000 0.000 0.000 0.169 0 1 0 0 0 0
 70 115610.000 123073.000 0 0 0.000 0.000 0.000 0.140 0 1 0 0 0 0
 71 92400.000 127031.000 0 0 0.000 0.000 0.000 0.134 0 1 0 0 0 0
 72 72957.000 91188.000 0 0 0.000 0.000 0.000 0.151 0 1 0 0 0 0
 73 126343.000 88653.000 0 0 0.000 0.000 0.000 0.139 0 1 0 0 0 0
 74 128573.000 97215.000 0 0 0.000 0.000 0.000 0.133 0 1 0 0 0 0
 75 122094.000 118175.000 0 0 0.000 0.000 0.000 0.145 0 1 0 0 0 0
 76 71825.000 106721.000 0 0 0.000 0.000 0.000 0.158 0 1 0 0 0 0
 77 79797.000 78429.000 0 0 0.000 0.000 0.000 0.155 0 1 0 0 0 0
 78 129445.000 95014.000 0 0 0.000 0.000 0.000 0.161 0 1 0 0 0 0
 79 69723.000 100291.000 0 0 0.000 0.000 0.000 0.137 0 1 0 0 0 0
 80 98608.000 130178.000 0 0 0.000 0.000 0.000 0.135 0 1 0 0 0 0
 81 130456.000 94500.000 0 0 0.000 0.000 0.000 0.155 0 1 0 0 0 0
 82 125393.000 117354.000 0 0 0.000 0.000 0.000 0.151 0 1 0 0 0 0
 83 107451.000 69687.000 0 0 0.000 0.000 0.000 0.134 0 1 0 0 0 0
 84 85422.000 127081.000 0 0 0.000 0.000 0.000 0.167 0 1 0 0 0 0
 85 98273.000 68677.000 0 0 0.000 0.000 0.000 0.143 0 1 0 0 0 0
 86 101985.000 130847.000 0 0 0.000 0.000 0.000 0.142 0 1 0 0 0 0
 87 79435.000 123110.000 0 0 0.000 0.000 0.000 0.156 0 1 0 0 0 0
 88 79160.000 76272.000 0 0 0.000 0.000 0.000 0.142 0 1 0 0 0 0
 89 91415.000 130620.000 0 0 0.000 0.000 0.000 0.130 0 1 0 0 0 0
 90 113142.000 70222.000 0 0 0.000 0.000 0.000 0.134 0 1 0 0 0 0
 91 101791.000 132400.000 0 0 0.000 0.000 0.000 0.144 0 1 0 0 0 0
 92 68064.000 107745.000 0 0 0.000 0.000 0.000 0.151 0 1 0 0 0 0
 93 133651.000 99211.000 0 0 0.000 0.000 0.000 0.139 0 1 0 0 0 0
 94 133187.000 107745.000 0 0 0.000 0.000 0.000 0.138 0 1 0 0 0 0
 95 93582.000 65985.000 0 0 0.000 0.000 0.000 0.151 0 1 0 0 0 0
 96 100168.000 134277.000 0 0 0.000 0.000 0.000 0.144 0 1 0 0 0 0
 97 99021.000 134274.000 0 0 0.000 0.000 0.000 0.150 0 1 0 0 0 0
 98 111323.000 132724.000 0 0 0.000 0.000 0.000 0.134 0 1 0 0 0 0
 99 83882.000 130577.000 0 0 0.000 0.000 0.000 0.149 0 1 0 0 0 0
 100 65946.000 107553.000 0 0 0.000 0.000 0.000 0.139 0 1 0 0 0 0
 101 104453.000 65109.000 0 0 0.000 0.000 0.000 0.168 0 1 0 0 0 0
 102 133367.000 88638.000 0 0 0.000 0.000 0.000 0.137 0 1 0 0 0 0
 103 86402.000 67344.000 0 0 0.000 0.000 0.000 0.148 0 1 0 0 0 0
 104 68632.000 116443.000 0 0 0.000 0.000 0.000 0.149 0 1 0 0 0 0
 105 115216.000 132280.000 0 0 0.000 0.000 0.000 0.136 0 1 0 0 0 0
 106 112152.000 133471.000 0 0 0.000 0.000 0.000 0.130 0 1 0 0 0 0
 107 75330.000 73886.000 0 0 0.000 0.000 0.000 0.210 0 1 0 0 0 0
 108 130683.000 81087.000 0 0 0.000 0.000 0.000 0.148 0 1 0 0 0 0
 109 64917.000 90610.000 0 0 0.000 0.000 0.000 0.137 0 1 0 0 0 0
 110 112284.000 134048.000 0 0 0.000 0.000 0.000 0.148 0 1 0 0 0 0
 111 64633.000 108818.000 0 0 0.000 0.000 0.000 0.135 0 1 0 0 0 0
 112 70680.000 78044.000 0 0 0.000 0.000 0.000 0.141 0 1 0 0 0 0
 113 69342.000 79736.000 0 0 0.000 0.000 0.000 0.145 0 1 0 0 0 0
 114 131146.000 79159.000 0 0 0.000 0.000 0.000 0.137 0 1 0 0 0 0
 115 107808.000 136487.000 0 0 0.000 0.000 0.000 0.133 0 1 0 0 0 0
 116 135632.000 87335.000 0 0 0.000 0.000 0.000 0.146 0 1 0 0 0 0
 117 133896.000 116189.000 0 0 0.000 0.000 0.000 0.139 0 1 0 0 0 0
 118 63244.000 107925.000 0 0 0.000 0.000 0.000 0.144 0 1 0 0 0 0
 119 135841.000 87521.000 0 0 0.000 0.000 0.000 0.138 0 1 0 0 0 0
 120 107402.000 136895.000 0 0 0.000 0.000 0.000 0.145 0 1 0 0 0 0
 121 138126.000 102526.000 0 0 0.000 0.000 0.000 0.142 0 1 0 0 0 0
 122 124013.000 69996.000 0 0 0.000 0.000 0.000 0.145 0 1 0 0 0 0
 123 77567.000 68548.000 0 0 0.000 0.000 0.000 0.134 0 1 0 0 0 0
 124 130762.000 76483.000 0 0 0.000 0.000 0.000 0.142 0 1 0 0 0 0
 125 116282.000 134603.000 0 0 0.000 0.000 0.000 0.130 0 1 0 0 0 0
 126 128079.000 126333.000 0 0 0.000 0.000 0.000 0.200 0 1 0 0 0 0
 127 77877.000 131513.000 0 0 0.000 0.000 0.000 0.140 0 1 0 0 0 0
 128 80896.000 65845.000 0 0 0.000 0.000 0.000 0.136 0 1 0 0 0 0
 129 73275.000 128204.000 0 0 0.000 0.000 0.000 0.143 0 1 0 0 0 0
 130 74925.000 69794.000 0 0 0.000 0.000 0.000 0.151 0 1 0 0 0 0
 131 75758.000 69125.000 0 0 0.000 0.000 0.000 0.150 0 1 0 0 0 0
 132 126978.000 128167.000 0 0 0.000 0.000 0.000 0.143 0 1 0 0 0 0
 133 69225.000 124006.000 0 0 0.000 0.000 0.000 0.132 0 1 0 0 0 0
 134 130534.000 74785.000 0 0 0.000 0.000 0.000 0.137 0 1 0 0 0 0
 135 128737.000 126943.000 0 0 0.000 0.000 0.000 0.148 0 1 0 0 0 0
 136 126931.000 128869.000 0 0 0.000 0.000 0.000 0.147 0 1 0 0 0 0
 137 138998.000 108037.000 0 0 0.000 0.000 0.000 0.133 0 1 0 0 0 0
 138 61083.000 109116.000 0 0 0.000 0.000 0.000 0.130 0 1 0 0 0 0
 139 82647.000 63707.000 0 0 0.000 0.000 0.000 0.145 0 1 0 0 0 0
 140 68177.000 124701.000 0 0 0.000 0.000 0.000 0.136 0 1 0 0 0 0
 141 73689.000 130703.000 0 0 0.000 0.000 0.000 0.137 0 1 0 0 0 0
 142 121482.000 65268.000 0 0 0.000 0.000 0.000 0.130 0 1 0 0 0 0
 143 104065.000 59101.000 0 0 0.000 0.000 0.000 0.134 0 1 0 0 0 0
 144 136443.000 118436.000 0 0 0.000 0.000 0.000 0.133 0 1 0 0 0 0
 145 70162.000 127839.000 0 0 0.000 0.000 0.000 0.133 0 1 0 0 0 0
 146 59774.000 107102.000 0 0 0.000 0.000 0.000 0.138 0 1 0 0 0 0
 147 131158.000 72952.000 0 0 0.000 0.000 0.000 0.134 0 1 0 0 0 0
 148 80907.000 136120.000 0 0 0.000 0.000 0.000 0.132 0 1 0 0 0 0
 149 132985.000 124669.000 0 0 0.000 0.000 0.000 0.135 0 1 0 0 0 0
 150 101772.000 140932.000 0 0 0.000 0.000 0.000 0.142 0 1 0 0 0 0
 151 140930.000 92234.000 0 0 0.000 0.000 0.000 0.130 0 1 0 0 0 0
 152 131434.000 127084.000 0 0 0.000 0.000 0.000 0.132 0 1 0 0 0 0
 153 85915.000 60634.000 0 0 0.000 0.000 0.000 0.147 0 1 0 0 0 0
 154 93242.000 57432.000 0 0 0.000 0.000 0.000 0.133 0 1 0 0 0 0
 155 87230.000 140983.000 0 0 0.000 0.000 0.000 0.131 0 1 0 0 0 0
 156 130015.000 68754.000 0 0 0.000 0.000 0.000 0.152 0 1 0 0 0 0
 157 143057.000 96606.000 0 0 0.000 0.000 0.000 0.160 0 1 0 0 0 0
 158 60497.000 82338.000 0 0 0.000 0.000 0.000 0.130 0 1 0 0 0 0
 159 62785.000 77384.000 0 0 0.000 0.000 0.000 0.135 0 1 0 0 0 0
 160 142689.000 108761.000 0 0 0.000 0.000 0.000 0.157 0 1 0 0 0 0
 161 86483.000 58134.000 0 0 0.000 0.000 0.000 0.143 0 1 0 0 0 0
 162 57319.000 110386.000 0 0 0.000 0.000 0.000 0.130 0 1 0 0 0 0
 163 135588.000 73510.000 0 0 0.000 0.000 0.000 0.165 0 1 0 0 0 0
 164 140789.000 117604.000 0 0 0.000 0.000 0.000 0.131 0 1 0 0 0 0
 165 72649.000 64715.000 0 0 0.000 0.000 0.000 0.135 0 1 0 0 0 0
 166 100305.000 55235.000 0 0 0.000 0.000 0.000 0.137 0 1 0 0 0 0
 167 55718.000 105354.000 0 0 0.000 0.000 0.000 0.140 0 1 0 0 0 0
 168 116534.000 58212.000 0 0 0.000 0.000 0.000 0.149 0 1 0 0 0 0
 169 123746.000 137887.000 0 0 0.000 0.000 0.000 0.145 0 1 0 0 0 0
 170 75690.000 137641.000 0 0 0.000 0.000 0.000 0.147 0 1 0 0 0 0
 171 116779.000 141911.000 0 0 0.000 0.000 0.000 0.132 0 1 0 0 0 0
 172 55159.000 106150.000 0 0 0.000 0.000 0.000 0.137 0 1 0 0 0 0
 173 122029.000 59943.000 0 0 0.000 0.000 0.000 0.137 0 1 0 0 0 0
 174 138695.000 75687.000 0 0 0.000 0.000 0.000 0.151 0 1 0 0 0 0
 175 88581.000 143994.000 0 0 0.000 0.000 0.000 0.146 0 1 0 0 0 0
 176 127875.000 136310.000 0 0 0.000 0.000 0.000 0.150 0 1 0 0 0 0
 177 63375.000 127616.000 0 0 0.000 0.000 0.000 0.132 0 1 0 0 0 0
 178 128085.000 63177.000 0 0 0.000 0.000 0.000 0.139 0 1 0 0 0 0
 179 85008.000 55999.000 0 0 0.000 0.000 0.000 0.133 0 1 0 0 0 0
 180 54178.000 108768.000 0 0 0.000 0.000 0.000 0.142 0 1 0 0 0 0
 181 135446.000 69145.000 0 0 0.000 0.000 0.000 0.135 0 1 0 0 0 0
 182 56845.000 117944.000 0 0 0.000 0.000 0.000 0.151 0 1 0 0 0 0
 183 137831.000 71886.000 0 0 0.000 0.000 0.000 0.146 0 1 0 0 0 0
 184 65627.000 131699.000 0 0 0.000 0.000 0.000 0.132 0 1 0 0 0 0
 185 53758.000 91070.000 0 0 0.000 0.000 0.000 0.143 0 1 0 0 0 0
 186 56335.000 82292.000 0 0 0.000 0.000 0.000 0.144 0 1 0 0 0 0
 187 136593.000 69324.000 0 0 0.000 0.000 0.000 0.136 0 1 0 0 0 0
 188 134613.000 66960.000 0 0 0.000 0.000 0.000 0.146 0 1 0 0 0 0
 189 143119.000 120509.000 0 0 0.000 0.000 0.000 0.132 0 1 0 0 0 0
 190 120227.000 143266.000 0 0 0.000 0.000 0.000 0.139 0 1 0 0 0 0
 191 108384.000 52578.000 0 0 0.000 0.000 0.000 0.139 0 1 0 0 0 0
 192 110761.000 52988.000 0 0 0.000 0.000 0.000 0.144 0 1 0 0 0 0
 193 143307.000 120917.000 0 0 0.000 0.000 0.000 0.132 0 1 0 0 0 0
 194 133485.000 134517.000 0 0 0.000 0.000 0.000 0.154 0 1 0 0 0 0
 195 139966.000 72636.000 0 0 0.000 0.000 0.000 0.143 0 1 0 0 0 0
 196 144233.000 119722.000 0 0 0.000 0.000 0.000 0.152 0 1 0 0 0 0
 197 123795.000 142485.000 0 0 0.000 0.000 0.000 0.145 0 1 0 0 0 0
 198 101896.000 148687.000 0 0 0.000 0.000 0.000 0.137 0 1 0 0 0 0
 199 70602.000 138965.000 0 0 0.000 0.000 0.000 0.141 0 1 0 0 0 0
 200 141543.000 126288.000 0 0 0.000 0.000 0.000 0.150 0 1 0 0 0 0
 201 57979.000 125472.000 0 0 0.000 0.000 0.000 0.156 0 1 0 0 0 0
 202 109275.000 148278.000 0 0 0.000 0.000 0.000 0.130 0 1 0 0 0 0
 203 50980.000 105543.000 0 0 0.000 0.000 0.000 0.146 0 1 0 0 0 0
 204 98296.000 149258.000 0 0 0.000 0.000 0.000 0.135 0 1 0 0 0 0
 205 113214.000 51841.000 0 0 0.000 0.000 0.000 0.161 0 1 0 0 0 0
 206 70963.000 140106.000 0 0 0.000 0.000 0.000 0.130 0 1 0 0 0 0
 207 82633.000 52977.000 0 0 0.000 0.000 0.000 0.144 0 1 0 0 0 0
 208 67614.000 138017.000 0 0 0.000 0.000 0.000 0.147 0 1 0 0 0 0
 209 72533.000 142079.000 0 0 0.000 0.000 0.000 0.265 0 1 0 0 0 0
 210 108171.000 149614.000 0 0 0.000 0.000 0.000 0.133 0 1 0 0 0 0
 211 138705.000 66483.000 0 0 0.000 0.000 0.000 0.131 0 1 0 0 0 0
 212 147034.000 79205.000 0 0 0.000 0.000 0.000 0.135 0 1 0 0 0 0
 213 111513.000 49793.000 0 0 0.000 0.000 0.000 0.130 0 1 0 0 0 0
 214 134942.000 62125.000 0 0 0.000 0.000 0.000 0.136 0 1 0 0 0 0
 215 134642.000 137742.000 0 0 0.000 0.000 0.000 0.131 0 1 0 0 0 0
 216 141504.000 68990.000 0 0 0.000 0.000 0.000 0.142 0 1 0 0 0 0
 217 61830.000 134843.000 0 0 0.000 0.000 0.000 0.141 0 1 0 0 0 0
 218 67627.000 59251.000 0 0 0.000 0.000 0.000 0.137 0 1 0 0 0 0
 219 91602.000 48539.000 0 0 0.000 0.000 0.000 0.148 0 1 0 0 0 0
 220 90176.000 150804.000 0 0 0.000 0.000 0.000 0.138 0 1 0 0 0 0
 221 83872.000 149102.000 0 0 0.000 0.000 0.000 0.134 0 1 0 0 0 0
 222 54505.000 124889.000 0 0 0.000 0.000 0.000 0.143 0 1 0 0 0 0
 223 51832.000 80319.000 0 0 0.000 0.000 0.000 0.149 0 1 0 0 0 0
 224 139496.000 65949.000 0 0 0.000 0.000 0.000 0.130 0 1 0 0 0 0
 225 152550.000 100083.000 0 0 0.000 0.000 0.000 0.135 0 1 0 0 0 0
 226 96762.000 152105.000 0 0 0.000 0.000 0.000 0.144 0 1 0 0 0 0
 227 151422.000 88488.000 0 0 0.000 0.000 0.000 0.132 0 1 0 0 0 0
 228 64691.000 60724.000 0 0 0.000 0.000 0.000 0.146 0 1 0 0 0 0
 229 70787.000 55655.000 0 0 0.000 0.000 0.000 0.146 0 1 0 0 0 0
 230 140739.000 133772.000 0 0 0.000 0.000 0.000 0.139 0 1 0 0 0 0
 231 82234.000 149794.000 0 0 0.000 0.000 0.000 0.133 0 1 0 0 0 0
 232 55962.000 129278.000 0 0 0.000 0.000 0.000 0.200 0 1 0 0 0 0
 233 89004.000 152305.000 0 0 0.000 0.000 0.000 0.136 0 1 0 0 0 0
 234 55929.000 130316.000 0 0 0.000 0.000 0.000 0.138 0 1 0 0 0 0
 235 124620.000 147640.000 0 0 0.000 0.000 0.000 0.132 0 1 0 0 0 0
 236 52229.000 124693.000 0 0 0.000 0.000 0.000 0.135 0 1 0 0 0 0
 237 48338.000 84377.000 0 0 0.000 0.000 0.000 0.143 0 1 0 0 0 0
 238 70247.000 145080.000 0 0 0.000 0.000 0.000 0.147 0 1 0 0 0 0
 239 104362.000 153975.000 0 0 0.000 0.000 0.000 0.149 0 1 0 0 0 0
 240 73101.000 147195.000 0 0 0.000 0.000 0.000 0.134 0 1 0 0 0 0
 241 49746.000 120837.000 0 0 0.000 0.000 0.000 0.154 0 1 0 0 0 0
 242 111530.000 46471.000 0 0 0.000 0.000 0.000 0.131 0 1 0 0 0 0
 243 116706.000 47526.000 0 0 0.000 0.000 0.000 0.137 0 1 0 0 0 0
 244 139964.000 137395.000 0 0 0.000 0.000 0.000 0.151 0 1 0 0 0 0
 245 67683.000 144099.000 0 0 0.000 0.000 0.000 0.161 0 1 0 0 0 0
 246 57403.000 65278.000 0 0 0.000 0.000 0.000 0.152 0 1 0 0 0 0
 247 54910.000 68170.000 0 0 0.000 0.000 0.000 0.133 0 1 0 0 0 0
 248 76006.000 50237.000 0 0 0.000 0.000 0.000 0.136 0 1 0 0 0 0
 249 131372.000 145221.000 0 0 0.000 0.000 0.000 0.147 0 1 0 0 0 0
 250 77447.000 150066.000 0 0 0.000 0.000 0.000 0.131 0 1 0 0 0 0
 251 50193.000 75435.000 0 0 0.000 0.000 0.000 0.140 0 1 0 0 0 0
 252 87835.000 45550.000 0 0 0.000 0.000 0.000 0.135 0 1 0 0 0 0
 253 155759.000 95941.000 0 0 0.000 0.000 0.000 0.136 0 1 0 0 0 0
 254 44085.000 103353.000 0 0 0.000 0.000 0.000 0.145 0 1 0 0 0 0
 255 147312.000 69407.000 0 0 0.000 0.000 0.000 0.159 0 1 0 0 0 0
 256 109384.000 155089.000 0 0 0.000 0.000 0.000 0.201 0 1 0 0 0 0
 257 46055.000 83283.000 0 0 0.000 0.000 0.000 0.175 0 1 0 0 0 0
 258 138810.000 58669.000 0 0 0.000 0.000 0.000 0.149 0 1 0 0 0 0
 259 156661.000 103863.000 0 0 0.000 0.000 0.000 0.138 0 1 0 0 0 0
 260 117641.000 153682.000 0 0 0.000 0.000 0.000 0.144 0 1 0 0 0 0
 261 72908.000 49681.000 0 0 0.000 0.000 0.000 0.136 0 1 0 0 0 0
 262 140532.000 59271.000 0 0 0.000 0.000 0.000 0.138 0 1 0 0 0 0
 263 81967.000 154329.000 0 0 0.000 0.000 0.000 0.177 0 1 0 0 0 0
 264 110169.000 156831.000 0 0 0.000 0.000 0.000 0.142 0 1 0 0 0 0
 265 43620.000 86488.000 0 0 0.000 0.000 0.000 0.361 0 1 0 0 0 0
 266 52524.000 133260.000 0 0 0.000 0.000 0.000 0.150 0 1 0 0 0 0
 267 48822.000 127204.000 0 0 0.000 0.000 0.000 0.138 0 1 0 0 0 0
 268 41393.000 99719.000 0 0 0.000 0.000 0.000 0.133 0 1 0 0 0 0
 269 118130.000 155701.000 0 0 0.000 0.000 0.000 0.148 0 1 0 0 0 0
 270 47217.000 125573.000 0 0 0.000 0.000 0.000 0.146 0 1 0 0 0 0
 271 41058.000 94940.000 0 0 0.000 0.000 0.000 0.142 0 1 0 0 0 0
 272 158088.000 111539.000 0 0 0.000 0.000 0.000 0.135 0 1 0 0 0 0
 273 54462.000 61909.000 0 0 0.000 0.000 0.000 0.149 0 1 0 0 0 0
 274 41951.000 113395.000 0 0 0.000 0.000 0.000 0.131 0 1 0 0 0 0
 275 78997.000 43711.000 0 0 0.000 0.000 0.000 0.142 0 1 0 0 0 0
 276 159827.000 102993.000 0 0 0.000 0.000 0.000 0.130 0 1 0 0 0 0
 277 92496.000 159157.000 0 0 0.000 0.000 0.000 0.133 0 1 0 0 0 0
 278 40047.000 102876.000 0 0 0.000 0.000 0.000 0.150 0 1 0 0 0 0
 279 52596.000 62785.000 0 0 0.000 0.000 0.000 0.135 0 1 0 0 0 0
 280 126046.000 45430.000 0 0 0.000 0.000 0.000 0.141 0 1 0 0 0 0
 281 144374.000 58601.000 0 0 0.000 0.000 0.000 0.139 0 1 0 0 0 0
 282 76402.000 155358.000 0 0 0.000 0.000 0.000 0.143 0 1 0 0 0 0
 283 44324.000 123264.000 0 0 0.000 0.000 0.000 0.131 0 1 0 0 0 0
 284 151039.000 67203.000 0 0 0.000 0.000 0.000 0.132 0 1 0 0 0 0
 285 157064.000 79156.000 0 0 0.000 0.000 0.000 0.134 0 1 0 0 0 0
 286 78054.000 42863.000 0 0 0.000 0.000 0.000 0.144 0 1 0 0 0 0
 287 88867.000 39728.000 0 0 0.000 0.000 0.000 0.139 0 1 0 0 0 0
 288 43534.000 123104.000 0 0 0.000 0.000 0.000 0.160 0 1 0 0 0 0
 289 39689.000 110000.000 0 0 0.000 0.000 0.000 0.157 0 1 0 0 0 0
 290 48033.000 67670.000 0 0 0.000 0.000 0.000 0.155 0 1 0 0 0 0
 291 42026.000 78751.000 0 0 0.000 0.000 0.000 0.134 0 1 0 0 0 0
 292 40165.000 84167.000 0 0 0.000 0.000 0.000 0.147 0 1 0 0 0 0
 293 40415.000 82992.000 0 0 0.000 0.000 0.000 0.135 0 1 0 0 0 0
 294 62509.000 50558.000 0 0 0.000 0.000 0.000 0.143 0 1 0 0 0 0
 295 94239.000 161686.000 0 0 0.000 0.000 0.000 0.135 0 1 0 0 0 0
 296 148923.000 61121.000 0 0 0.000 0.000 0.000 0.142 0 1 0 0 0 0
 297 52646.000 140324.000 0 0 0.000 0.000 0.000 0.133 0 1 0 0 0 0
 298 157661.000 75840.000 0 0 0.000 0.000 0.000 0.136 0 1 0 0 0 0
 299 160120.000 116789.000 0 0 0.000 0.000 0.000 0.137 0 1 0 0 0 0
 300 95489.000 37395.000 0 0 0.000 0.000 0.000 0.132 0 1 0 0 0 0
 301 121771.000 158520.000 0 0 0.000 0.000 0.000 0.131 0 1 0 0 0 0
 302 162775.000 93460.000 0 0 0.000 0.000 0.000 0.130 0 1 0 0 0 0
 303 82176.000 160370.000 0 0 0.000 0.000 0.000 0.132 0 1 0 0 0 0
 304 42124.000 125073.000 0 0 0.000 0.000 0.000 0.150 0 1 0 0 0 0
 305 39973.000 120036.000 0 0 0.000 0.000 0.000 0.138 0 1 0 0 0 0
 306 156785.000 128597.000 0 0 0.000 0.000 0.000 0.147 0 1 0 0 0 0
 307 80768.000 160491.000 0 0 0.000 0.000 0.000 0.138 0 1 0 0 0 0
 308 135745.000 153011.000 0 0 0.000 0.000 0.000 0.136 0 1 0 0 0 0
 309 57877.000 51516.000 0 0 0.000 0.000 0.000 0.144 0 1 0 0 0 0
 310 46895.000 135914.000 0 0 0.000 0.000 0.000 0.131 0 1 0 0 0 0
 311 59627.000 49478.000 0 0 0.000 0.000 0.000 0.137 0 1 0 0 0 0
 312 149497.000 58082.000 0 0 0.000 0.000 0.000 0.137 0 1 0 0 0 0
 313 163596.000 88261.000 0 0 0.000 0.000 0.000 0.133 0 1 0 0 0 0
 314 104241.000 164294.000 0 0 0.000 0.000 0.000 0.148 0 1 0 0 0 0
 315 97697.000 34992.000 0 0 0.000 0.000 0.000 0.149 0 1 0 0 0 0
 316 138702.000 47784.000 0 0 0.000 0.000 0.000 0.132 0 1 0 0 0 0
 317 66362.000 155486.000 0 0 0.000 0.000 0.000 0.140 0 1 0 0 0 0
 318 117513.000 162988.000 0 0 0.000 0.000 0.000 0.154 0 1 0 0 0 0
 319 59297.000 151348.000 0 0 0.000 0.000 0.000 0.137 0 1 0 0 0 0
 320 37180.000 119638.000 0 0 0.000 0.000 0.000 0.133 0 1 0 0 0 0
 321 37847.000 77156.000 0 0 0.000 0.000 0.000 0.144 0 1 0 0 0 0
 322 36626.000 118771.000 0 0 0.000 0.000 0.000 0.157 0 1 0 0 0 0
 323 166475.000 94949.000 0 0 0.000 0.000 0.000 0.133 0 1 0 0 0 0
 324 58291.000 47841.000 0 0 0.000 0.000 0.000 0.139 0 1 0 0 0 0
 325 45764.000 138998.000 0 0 0.000 0.000 0.000 0.142 0 1 0 0 0 0
 326 72588.000 37971.000 0 0 0.000 0.000 0.000 0.139 0 1 0 0 0 0
 327 157233.000 136113.000 0 0 0.000 0.000 0.000 0.147 0 1 0 0 0 0
 328 46126.000 140898.000 0 0 0.000 0.000 0.000 0.131 0 1 0 0 0 0
 329 141124.000 45527.000 0 0 0.000 0.000 0.000 0.141 0 1 0 0 0 0
 330 104671.000 167992.000 0 0 0.000 0.000 0.000 0.138 0 1 0 0 0 0
 331 159197.000 65168.000 0 0 0.000 0.000 0.000 0.138 0 1 0 0 0 0
 332 94329.000 168142.000 0 0 0.000 0.000 0.000 0.130 0 1 0 0 0 0
 333 117146.000 166419.000 0 0 0.000 0.000 0.000 0.141 0 1 0 0 0 0
 334 99342.000 30841.000 0 0 0.000 0.000 0.000 0.140 0 1 0 0 0 0
 335 40266.000 134243.000 0 0 0.000 0.000 0.000 0.133 0 1 0 0 0 0
 336 122458.000 165393.000 0 0 0.000 0.000 0.000 0.130 0 1 0 0 0 0
 337 65261.000 160000.000 0 0 0.000 0.000 0.000 0.145 0 1 0 0 0 0
 338 143424.000 45281.000 0 0 0.000 0.000 0.000 0.144 0 1 0 0 0 0
 339 45631.000 143112.000 0 0 0.000 0.000 0.000 0.132 0 1 0 0 0 0
 340 30463.000 96683.000 0 0 0.000 0.000 0.000 0.143 0 1 0 0 0 0
 341 74526.000 34925.000 0 0 0.000 0.000 0.000 0.131 0 1 0 0 0 0
 342 53503.000 152215.000 0 0 0.000 0.000 0.000 0.133 0 1 0 0 0 0
 343 62877.000 40324.000 0 0 0.000 0.000 0.000 0.169 0 1 0 0 0 0
 344 68711.000 162717.000 0 0 0.000 0.000 0.000 0.132 0 1 0 0 0 0
 345 158648.000 139604.000 0 0 0.000 0.000 0.000 0.132 0 1 0 0 0 0
 346 41449.000 139663.000 0 0 0.000 0.000 0.000 0.133 0 1 0 0 0 0
 347 33526.000 124223.000 0 0 0.000 0.000 0.000 0.133 0 1 0 0 0 0
 348 156543.000 142644.000 0 0 0.000 0.000 0.000 0.150 0 1 0 0 0 0
 349 52191.000 47372.000 0 0 0.000 0.000 0.000 0.131 0 1 0 0 0 0
 350 66264.000 37293.000 0 0 0.000 0.000 0.000 0.136 0 1 0 0 0 0
 351 98948.000 170891.000 0 0 0.000 0.000 0.000 0.156 0 1 0 0 0 0
 352 120197.000 31209.000 0 0 0.000 0.000 0.000 0.145 0 1 0 0 0 0
 353 30173.000 84314.000 0 0 0.000 0.000 0.000 0.135 0 1 0 0 0 0
 354 35835.000 131503.000 0 0 0.000 0.000 0.000 0.154 0 1 0 0 0 0
 355 51255.000 47315.000 0 0 0.000 0.000 0.000 0.131 0 1 0 0 0 0
 356 132912.000 163615.000 0 0 0.000 0.000 0.000 0.150 0 1 0 0 0 0
 357 139778.000 39748.000 0 0 0.000 0.000 0.000 0.134 0 1 0 0 0 0
 358 101631.000 171786.000 0 0 0.000 0.000 0.000 0.138 0 1 0 0 0 0
 359 61272.000 160773.000 0 0 0.000 0.000 0.000 0.142 0 1 0 0 0 0
 360 53529.000 155207.000 0 0 0.000 0.000 0.000 0.150 0 1 0 0 0 0
 361 28017.000 89832.000 0 0 0.000 0.000 0.000 0.138 0 1 0 0 0 0
 362 50913.000 45194.000 0 0 0.000 0.000 0.000 0.163 0 1 0 0 0 0
 363 44214.000 148514.000 0 0 0.000 0.000 0.000 0.140 0 1 0 0 0 0
 364 128988.000 168187.000 0 0 0.000 0.000 0.000 0.151 0 1 0 0 0 0
 365 75910.000 29354.000 0 0 0.000 0.000 0.000 0.134 0 1 0 0 0 0
 366 35624.000 137602.000 0 0 0.000 0.000 0.000 0.133 0 1 0 0 0 0
 367 149664.000 155824.000 0 0 0.000 0.000 0.000 0.137 0 1 0 0 0 0
 368 161674.000 142785.000 0 0 0.000 0.000 0.000 0.133 0 1 0 0 0 0
 369 46173.000 152901.000 0 0 0.000 0.000 0.000 0.133 0 1 0 0 0 0
 370 174989.000 114019.000 0 0 0.000 0.000 0.000 0.145 0 1 0 0 0 0
 371 70116.000 170080.000 0 0 0.000 0.000 0.000 0.144 0 1 0 0 0 0
 372 32826.000 62227.000 0 0 0.000 0.000 0.000 0.130 0 1 0 0 0 0
 373 147573.000 161269.000 0 0 0.000 0.000 0.000 0.137 0 1 0 0 0 0
 374 34716.000 142104.000 0 0 0.000 0.000 0.000 0.147 0 1 0 0 0 0
 375 101183.000 177771.000 0 0 0.000 0.000 0.000 0.145 0 1 0 0 0 0
 376 169588.000 63087.000 0 0 0.000 0.000 0.000 0.136 0 1 0 0 0 0
 377 78837.000 176279.000 0 0 0.000 0.000 0.000 0.131 0 1 0 0 0 0
 378 24582.000 73524.000 0 0 0.000 0.000 0.000 0.136 0 1 0 0 0 0
 379 51040.000 163978.000 0 0 0.000 0.000 0.000 0.134 0 1 0 0 0 0
 380 157576.000 42973.000 0 0 0.000 0.000 0.000 0.132 0 1 0 0 0 0
 381 102075.000 180691.000 0 0 0.000 0.000 0.000 0.139 0 1 0 0 0 0
 382 86532.000 19873.000 0 0 0.000 0.000 0.000 0.142 0 1 0 0 0 0
 383 64459.000 172901.000 0 0 0.000 0.000 0.000 0.145 0 1 0 0 0 0
 384 69410.000 22146.000 0 0 0.000 0.000 0.000 0.130 0 1 0 0 0 0
 385 178450.000 70314.000 0 0 0.000 0.000 0.000 0.135 0 1 0 0 0 0
 386 132882.000 177177.000 0 0 0.000 0.000 0.000 0.131 0 1 0 0 0 0
 387 19915.000 73306.000 0 0 0.000 0.000 0.000 0.131 0 1 0 0 0 0
 388 94159.000 184556.000 0 0 0.000 0.000 0.000 0.145 0 1 0 0 0 0
 389 63684.000 23045.000 0 0 0.000 0.000 0.000 0.131 0 1 0 0 0 0
 390 155246.000 35058.000 0 0 0.000 0.000 0.000 0.131 0 1 0 0 0 0
 391 147260.000 170724.000 0 0 0.000 0.000 0.000 0.135 0 1 0 0 0 0
 392 26068.000 56819.000 0 0 0.000 0.000 0.000 0.131 0 1 0 0 0 0
 393 40230.000 37624.000 0 0 0.000 0.000 0.000 0.130 0 1 0 0 0 0
 394 145916.000 173161.000 0 0 0.000 0.000 0.000 0.147 0 1 0 0 0 0
 395 187504.000 98168.000 0 0 0.000 0.000 0.000 0.137 0 1 0 0 0 0
 396 23059.000 141472.000 0 0 0.000 0.000 0.000 0.131 0 1 0 0 0 0
 397 159666.000 165165.000 0 0 0.000 0.000 0.000 0.133 0 1 0 0 0 0
 398 21227.000 59567.000 0 0 0.000 0.000 0.000 0.374 0 1 0 0 0 0
 399 20373.000 54961.000 0 0 0.000 0.000 0.000 0.135 0 1 0 0 0 0;
ProcessEquipmentIDList 1
  "6565" ;
SummarySpec 5
  TESTNO    NDEFECT    DEFDENSITY    NDIE    NDEFDIE  ;
SummaryList 
  1    399    1.459    1    1  ;
EndOfFile;
