FileVersion 1 2;
FileTimestamp 02-10-26 23:47:18;
InspectionStationID "KLA-Tencor" "SFSSP1" "0901-0728-TBI";
SampleType WAFER;
ResultTimestamp 02-10-26 23:35:18;
LotID "2850";
SampleSize 1 200;
DeviceID "None";
SetupID "T2-2850A" 02-10-26 23:35:18;
StepID "6954";
SampleOrientationMarkType NOTCH;
OrientationMarkLocation DOWN;
DiePitch 200000 200000;
DieOrigin 0 0;
WaferID "19";
Slot 19;
SampleCenterLocation 100000 100000;
ClassLookup 1
  0 "0"  ;
OrientationInstructions "Front";
CoordinatesMirrored No;
InspectionTest 1;
SampleTestPlan 1
  0 0 ;
AreaPerTest 2.85034e+010;
DefectRecordSpec 15 DEFECTID XREL YREL XINDEX YINDEX XSIZE YSIZE DEFECTAREA DSIZE CLASSNUMBER TEST CLUSTERNUMBER ROUGHBINNUMBER FINEBINNUMBER REVIEWSAMPLE ;
DefectList
 1 110503.000 102422.000 0 0 0.000 0.000 0.000 0.127 0 1 0 0 0 0
 2 78903.000 77624.000 0 0 0.000 0.000 0.000 0.149 0 1 0 0 0 0
 3 61905.000 81853.000 0 0 0.000 0.000 0.000 0.129 0 1 0 0 0 0
 4 141501.000 110011.000 0 0 0.000 0.000 0.000 0.123 0 1 0 0 0 0
 5 135885.000 76759.000 0 0 0.000 0.000 0.000 0.125 0 1 0 0 0 0
 6 83481.000 60057.000 0 0 0.000 0.000 0.000 0.135 0 1 0 0 0 0
 7 127051.000 66296.000 0 0 0.000 0.000 0.000 0.388 0 1 0 0 0 0
 8 128647.000 49801.000 0 0 0.000 0.000 0.000 0.128 0 1 0 0 0 0
 9 146498.000 65536.000 0 0 0.000 0.000 0.000 200000.000 0 1 0 200 0 0
 10 122707.000 45567.000 0 0 0.000 0.000 0.000 0.136 0 1 0 0 0 0
 11 116642.000 43110.000 0 0 0.000 0.000 0.000 0.126 0 1 0 0 0 0
 12 120142.000 44056.000 0 0 0.000 0.000 0.000 0.128 0 1 0 0 0 0
 13 44124.000 119603.000 0 0 0.000 0.000 0.000 200000.000 0 1 0 200 0 0
 14 44209.000 122864.000 0 0 0.000 0.000 0.000 0.124 0 1 0 0 0 0
 15 84334.000 160984.000 0 0 0.000 0.000 0.000 0.121 0 1 0 0 0 0
 16 86431.000 166456.000 0 0 0.000 0.000 0.000 0.122 0 1 0 0 0 0
 17 34698.000 125140.000 0 0 0.000 0.000 0.000 0.150 0 1 0 0 0 0
 18 96679.000 170979.000 0 0 0.000 0.000 0.000 0.127 0 1 0 0 0 0
 19 63055.000 160514.000 0 0 0.000 0.000 0.000 0.121 0 1 0 0 0 0
 20 94975.000 171051.000 0 0 0.000 0.000 0.000 0.127 0 1 0 0 0 0
 21 94830.000 170943.000 0 0 0.000 0.000 0.000 0.122 0 1 0 0 0 0
 22 97426.000 171353.000 0 0 0.000 0.000 0.000 0.126 0 1 0 0 0 0
 23 96925.000 171896.000 0 0 0.000 0.000 0.000 0.123 0 1 0 0 0 0
 24 92705.000 171482.000 0 0 0.000 0.000 0.000 0.120 0 1 0 0 0 0
 25 30158.000 79600.000 0 0 0.000 0.000 0.000 0.121 0 1 0 0 0 0
 26 83165.000 171729.000 0 0 0.000 0.000 0.000 0.124 0 1 0 0 0 0
 27 129182.000 168583.000 0 0 0.000 0.000 0.000 0.120 0 1 0 0 0 0
 28 29779.000 125804.000 0 0 0.000 0.000 0.000 0.130 0 1 0 0 0 0
 29 175977.000 90311.000 0 0 0.000 0.000 0.000 0.128 0 1 0 0 0 0
 30 27864.000 127200.000 0 0 0.000 0.000 0.000 0.125 0 1 0 0 0 0
 31 26603.000 127804.000 0 0 0.000 0.000 0.000 0.150 0 1 0 0 0 0
 32 26201.000 128092.000 0 0 0.000 0.000 0.000 0.252 0 1 0 0 0 0
 33 80007.000 177328.000 0 0 0.000 0.000 0.000 0.121 0 1 0 0 0 0
 34 101352.000 20121.000 0 0 0.000 0.000 0.000 0.120 0 1 0 0 0 0
 35 95586.000 182167.000 0 0 0.000 0.000 0.000 0.121 0 1 0 0 0 0
 36 140165.000 173139.000 0 0 0.000 0.000 0.000 0.120 0 1 0 0 0 0
 37 16876.000 90561.000 0 0 0.000 0.000 0.000 0.138 0 1 0 0 0 0
 38 15610.000 82922.000 0 0 0.000 0.000 0.000 0.246 0 1 0 0 0 0
 39 16328.000 77897.000 0 0 0.000 0.000 0.000 0.235 0 1 0 0 0 0
 40 15447.000 119854.000 0 0 0.000 0.000 0.000 0.122 0 1 0 0 0 0
 41 42469.000 165749.000 0 0 0.000 0.000 0.000 0.120 0 1 0 0 0 0
 42 13275.000 100282.000 0 0 0.000 0.000 0.000 200000.000 0 1 0 200 0 0
 43 14412.000 79644.000 0 0 0.000 0.000 0.000 0.122 0 1 0 0 0 0
 44 19616.000 137643.000 0 0 0.000 0.000 0.000 0.129 0 1 0 0 0 0
 45 15801.000 127805.000 0 0 0.000 0.000 0.000 0.240 0 1 0 0 0 0
 46 13497.000 78315.000 0 0 0.000 0.000 0.000 200000.000 0 1 0 200 0 0
 47 11184.000 111570.000 0 0 0.000 0.000 0.000 0.131 0 1 0 0 0 0
 48 12674.000 81134.000 0 0 0.000 0.000 0.000 0.123 0 1 0 0 0 0
 49 11130.000 88351.000 0 0 0.000 0.000 0.000 0.123 0 1 0 0 0 0
 50 31619.000 158074.000 0 0 0.000 0.000 0.000 200000.000 0 1 0 200 0 0
 51 10892.000 115789.000 0 0 0.000 0.000 0.000 0.296 0 1 0 0 0 0
 52 188626.000 118651.000 0 0 0.000 0.000 0.000 200000.000 0 1 0 200 0 0
 53 10773.000 111635.000 0 0 0.000 0.000 0.000 200000.000 0 1 0 200 0 0
 54 40454.000 170062.000 0 0 0.000 0.000 0.000 200000.000 0 1 0 200 0 0
 55 190735.000 113152.000 0 0 0.000 0.000 0.000 0.152 0 1 0 0 0 0
 56 8169.000 95476.000 0 0 0.000 0.000 0.000 200000.000 0 1 0 200 0 0
 57 46295.000 23365.000 0 0 0.000 0.000 0.000 0.249 0 1 0 0 0 0
 58 9122.000 74609.000 0 0 0.000 0.000 0.000 0.123 0 1 0 0 0 0
 59 5611.000 109476.000 0 0 0.000 0.000 0.000 200000.000 0 1 0 200 0 0
 60 5175.000 103440.000 0 0 0.000 0.000 0.000 0.121 0 1 0 0 0 0
 61 5157.000 109461.000 0 0 0.000 0.000 0.000 0.122 0 1 0 0 0 0
 62 191907.000 126810.000 0 0 0.000 0.000 0.000 0.127 0 1 0 0 0 0
 63 6968.000 125870.000 0 0 0.000 0.000 0.000 0.133 0 1 0 0 0 0
 64 3789.000 91860.000 0 0 0.000 0.000 0.000 0.134 0 1 0 0 0 0
 65 12414.000 58554.000 0 0 0.000 0.000 0.000 0.128 0 1 0 0 0 0;
ProcessEquipmentIDList 1
  "6514" ;
SummarySpec 5
  TESTNO    NDEFECT    DEFDENSITY    NDIE    NDEFDIE  ;
SummaryList 
  1    65    0.228    1    1  ;
EndOfFile;
