FileVersion 1 2;
FileTimestamp 02-10-26 22:51:59;
InspectionStationID "KLA-Tencor" "SFSSP1" "0901-0728-TBI";
SampleType WAFER;
ResultTimestamp 02-10-26 22:37:52;
LotID "2850";
SampleSize 1 200;
DeviceID "None";
SetupID "T2-2850A" 02-10-26 22:37:52;
StepID "6954";
SampleOrientationMarkType NOTCH;
OrientationMarkLocation DOWN;
DiePitch 200000 200000;
DieOrigin 0 0;
WaferID "24";
Slot 24;
SampleCenterLocation 100000 100000;
ClassLookup 1
  0 "0"  ;
OrientationInstructions "Front";
CoordinatesMirrored No;
InspectionTest 1;
SampleTestPlan 1
  0 0 ;
AreaPerTest 2.85008e+010;
ClusterClassificationList 1
  1 200 ;
DefectRecordSpec 15 DEFECTID XREL YREL XINDEX YINDEX XSIZE YSIZE DEFECTAREA DSIZE CLASSNUMBER TEST CLUSTERNUMBER ROUGHBINNUMBER FINEBINNUMBER REVIEWSAMPLE ;
DefectList
 1 82037.000 86737.000 0 0 0.000 0.000 0.000 0.302 0 1 0 0 0 0
 2 79696.000 86518.000 0 0 0.000 0.000 0.000 0.151 0 1 0 0 0 0
 3 79285.000 86106.000 0 0 0.000 0.000 0.000 0.138 0 1 0 0 0 0
 4 79033.000 85782.000 0 0 0.000 0.000 0.000 0.177 0 1 0 0 0 0
 5 78037.000 85127.000 0 0 0.000 0.000 0.000 0.172 0 1 0 0 0 0
 6 78962.000 83790.000 0 0 0.000 0.000 0.000 0.133 0 1 0 0 0 0
 7 77256.000 84766.000 0 0 0.000 0.000 0.000 0.188 0 1 0 0 0 0
 8 107737.000 126960.000 0 0 36.000 56.000 2016.000 44.899 0 1 1 200 0 0
 9 107651.000 127504.000 0 0 36.000 56.000 2016.000 44.899 0 1 1 200 0 0
 10 108024.000 127711.000 0 0 36.000 56.000 2016.000 44.899 0 1 1 200 0 0
 11 108262.000 127969.000 0 0 38.000 54.000 2052.000 45.299 0 1 1 200 0 0
 12 108244.000 128319.000 0 0 36.000 56.000 2016.000 44.899 0 1 1 200 0 0
 13 108133.000 128303.000 0 0 36.000 56.000 2016.000 44.899 0 1 1 200 0 0
 14 75620.000 81095.000 0 0 0.000 0.000 0.000 0.140 0 1 0 0 0 0
 15 75146.000 79842.000 0 0 0.000 0.000 0.000 200000.000 0 1 0 200 0 0
 16 74702.000 79061.000 0 0 0.000 0.000 0.000 0.192 0 1 0 0 0 0
 17 72844.000 80649.000 0 0 0.000 0.000 0.000 0.314 0 1 0 0 0 0
 18 72206.000 79558.000 0 0 0.000 0.000 0.000 0.171 0 1 0 0 0 0
 19 73210.000 78290.000 0 0 0.000 0.000 0.000 0.303 0 1 0 0 0 0
 20 73210.000 78290.000 0 0 0.000 0.000 0.000 0.271 0 1 0 0 0 0
 21 71740.000 79072.000 0 0 0.000 0.000 0.000 0.150 0 1 0 0 0 0
 22 75539.000 125688.000 0 0 0.000 0.000 0.000 0.212 0 1 0 0 0 0
 23 71570.000 78498.000 0 0 0.000 0.000 0.000 0.126 0 1 0 0 0 0
 24 111782.000 136446.000 0 0 0.000 0.000 0.000 0.138 0 1 0 0 0 0
 25 86979.000 139890.000 0 0 0.000 0.000 0.000 0.120 0 1 0 0 0 0
 26 85820.000 140368.000 0 0 0.000 0.000 0.000 0.162 0 1 0 0 0 0
 27 127811.000 64884.000 0 0 0.000 0.000 0.000 0.122 0 1 0 0 0 0
 28 140525.000 78084.000 0 0 0.000 0.000 0.000 0.129 0 1 0 0 0 0
 29 126852.000 57427.000 0 0 0.000 0.000 0.000 0.129 0 1 0 0 0 0
 30 126969.000 57054.000 0 0 0.000 0.000 0.000 0.120 0 1 0 0 0 0
 31 69827.000 143090.000 0 0 0.000 0.000 0.000 0.121 0 1 0 0 0 0
 32 74527.000 148440.000 0 0 0.000 0.000 0.000 0.131 0 1 0 0 0 0
 33 158597.000 95272.000 0 0 0.000 0.000 0.000 0.201 0 1 0 0 0 0
 34 147994.000 63170.000 0 0 0.000 0.000 0.000 0.126 0 1 0 0 0 0
 35 168847.000 69742.000 0 0 0.000 0.000 0.000 0.222 0 1 0 0 0 0
 36 80328.000 24662.000 0 0 0.000 0.000 0.000 0.169 0 1 0 0 0 0
 37 91102.000 178375.000 0 0 0.000 0.000 0.000 0.142 0 1 0 0 0 0
 38 53416.000 173430.000 0 0 0.000 0.000 0.000 0.130 0 1 0 0 0 0
 39 140104.000 22198.000 0 0 0.000 0.000 0.000 0.127 0 1 0 0 0 0
 40 52666.000 174736.000 0 0 0.000 0.000 0.000 0.144 0 1 0 0 0 0
 41 51716.000 176460.000 0 0 0.000 0.000 0.000 0.130 0 1 0 0 0 0
 42 51570.000 176714.000 0 0 0.000 0.000 0.000 0.148 0 1 0 0 0 0
 43 34540.000 168593.000 0 0 0.000 0.000 0.000 0.123 0 1 0 0 0 0
 44 107735.000 126820.000 0 0 3.855 1.112 4.288 2.070 0 1 1 200 0 0
 45 107796.000 126980.000 0 0 46.558 13.454 626.415 25.028 0 1 1 200 0 0
 46 107910.000 127123.000 0 0 5.199 1.516 7.883 2.807 0 1 1 200 0 0
 47 107853.000 127140.000 0 0 48.139 13.930 670.602 25.895 0 1 1 200 0 0
 48 107818.000 127151.000 0 0 18.222 5.247 95.626 9.778 0 1 1 200 0 0
 49 107910.000 127301.000 0 0 108.623 31.473 3418.780 58.470 0 1 1 200 0 0
 50 108042.000 127439.000 0 0 13.152 3.855 50.705 7.120 0 1 1 200 0 0
 51 107969.000 127460.000 0 0 125.058 36.292 4538.730 67.370 0 1 1 200 0 0
 52 108023.000 127622.000 0 0 140.356 40.771 5722.490 75.647 0 1 1 200 0 0
 53 108063.000 127786.000 0 0 139.859 40.588 5676.687 75.343 0 1 1 200 0 0
 54 108089.000 127958.000 0 0 42.887 12.409 532.201 23.069 0 1 1 200 0 0
 55 108109.000 128129.000 0 0 18.878 5.442 102.752 10.136 0 1 1 200 0 0;
ProcessEquipmentIDList 1
  "6514" ;
SummarySpec 5
  TESTNO    NDEFECT    DEFDENSITY    NDIE    NDEFDIE  ;
SummaryList 
  1    55    0.193    1    1  ;
EndOfFile;
