FileVersion 1 2;
FileTimestamp 02-10-26 22:41:48;
InspectionStationID "KLA-Tencor" "SFSSP1" "0901-0728-TBI";
SampleType WAFER;
ResultTimestamp 02-10-26 22:37:52;
LotID "2850";
SampleSize 1 200;
DeviceID "None";
SetupID "T2-2850A" 02-10-26 22:37:52;
StepID "6954";
SampleOrientationMarkType NOTCH;
OrientationMarkLocation DOWN;
DiePitch 200000 200000;
DieOrigin 0 0;
WaferID "06";
Slot 6;
SampleCenterLocation 100000 100000;
ClassLookup 1
  0 "0"  ;
OrientationInstructions "Front";
CoordinatesMirrored No;
InspectionTest 1;
SampleTestPlan 1
  0 0 ;
AreaPerTest 2.85004e+010;
DefectRecordSpec 15 DEFECTID XREL YREL XINDEX YINDEX XSIZE YSIZE DEFECTAREA DSIZE CLASSNUMBER TEST CLUSTERNUMBER ROUGHBINNUMBER FINEBINNUMBER REVIEWSAMPLE ;
DefectList
 1 123776.000 97517.000 0 0 0.000 0.000 0.000 0.180 0 1 0 0 0 0
 2 113540.000 124991.000 0 0 0.000 0.000 0.000 0.127 0 1 0 0 0 0
 3 77869.000 134205.000 0 0 0.000 0.000 0.000 0.129 0 1 0 0 0 0
 4 68968.000 72719.000 0 0 0.000 0.000 0.000 0.226 0 1 0 0 0 0
 5 64109.000 150569.000 0 0 0.000 0.000 0.000 0.135 0 1 0 0 0 0
 6 133141.000 155161.000 0 0 0.000 0.000 0.000 0.217 0 1 0 0 0 0
 7 161550.000 129917.000 0 0 0.000 0.000 0.000 0.143 0 1 0 0 0 0
 8 106719.000 169224.000 0 0 0.000 0.000 0.000 0.138 0 1 0 0 0 0
 9 45949.000 158403.000 0 0 0.000 0.000 0.000 0.138 0 1 0 0 0 0
 10 109398.000 182258.000 0 0 0.000 0.000 0.000 0.134 0 1 0 0 0 0
 11 38443.000 160091.000 0 0 0.000 0.000 0.000 0.135 0 1 0 0 0 0
 12 36849.000 40069.000 0 0 0.000 0.000 0.000 0.172 0 1 0 0 0 0
 13 144265.000 175526.000 0 0 0.000 0.000 0.000 0.127 0 1 0 0 0 0
 14 95515.000 187486.000 0 0 0.000 0.000 0.000 0.140 0 1 0 0 0 0
 15 12594.000 91230.000 0 0 0.000 0.000 0.000 0.134 0 1 0 0 0 0
 16 38781.000 36989.000 0 0 0.000 0.000 0.000 0.152 0 1 0 0 0 0
 17 39187.000 164977.000 0 0 0.000 0.000 0.000 0.121 0 1 0 0 0 0
 18 34455.000 37799.000 0 0 0.000 0.000 0.000 0.169 0 1 0 0 0 0
 19 35603.000 36657.000 0 0 0.000 0.000 0.000 0.153 0 1 0 0 0 0
 20 182094.000 138401.000 0 0 0.000 0.000 0.000 200000.000 0 1 0 200 0 0
 21 192290.000 86075.000 0 0 0.000 0.000 0.000 0.123 0 1 0 0 0 0
 22 180527.000 147907.000 0 0 0.000 0.000 0.000 0.182 0 1 0 0 0 0
 23 182770.000 145012.000 0 0 0.000 0.000 0.000 200000.000 0 1 0 200 0 0
 24 182435.000 144841.000 0 0 0.000 0.000 0.000 200000.000 0 1 0 200 0 0
 25 161307.000 173152.000 0 0 0.000 0.000 0.000 0.203 0 1 0 0 0 0
 26 128097.000 191730.000 0 0 0.000 0.000 0.000 0.207 0 1 0 0 0 0;
ProcessEquipmentIDList 1
  "6514" ;
SummarySpec 5
  TESTNO    NDEFECT    DEFDENSITY    NDIE    NDEFDIE  ;
SummaryList 
  1    26    0.09123    1    1  ;
EndOfFile;
