FileVersion 1 2;
FileTimestamp 02-10-26 15:56:48;
InspectionStationID "KLA-Tencor" "SFSSP1" "0901-0728-TBI";
SampleType WAFER;
ResultTimestamp 02-10-26 15:54:09;
LotID "2850";
SampleSize 1 200;
DeviceID "None";
SetupID "T2-2850A" 02-10-26 15:54:09;
StepID "6954";
SampleOrientationMarkType NOTCH;
OrientationMarkLocation DOWN;
DiePitch 200000 200000;
DieOrigin 0 0;
WaferID "02";
Slot 2;
SampleCenterLocation 100000 100000;
ClassLookup 1
  0 "0"  ;
OrientationInstructions "Front";
CoordinatesMirrored No;
InspectionTest 1;
SampleTestPlan 1
  0 0 ;
AreaPerTest 2.85008e+010;
ClusterClassificationList 1
  1 210 ;
DefectRecordSpec 15 DEFECTID XREL YREL XINDEX YINDEX XSIZE YSIZE DEFECTAREA DSIZE CLASSNUMBER TEST CLUSTERNUMBER ROUGHBINNUMBER FINEBINNUMBER REVIEWSAMPLE ;
DefectList
 1 67713.000 102530.000 0 0 0.000 0.000 0.000 0.121 0 1 0 0 0 0
 2 74105.000 74153.000 0 0 52.000 52.000 2704.000 52.000 0 1 1 210 0 0
 3 73468.000 74336.000 0 0 52.000 52.000 2704.000 52.000 0 1 1 210 0 0
 4 73240.000 74258.000 0 0 54.000 52.000 2808.000 52.990 0 1 1 210 0 0
 5 73281.000 74192.000 0 0 52.000 52.000 2704.000 52.000 0 1 1 210 0 0
 6 128147.000 124931.000 0 0 0.000 0.000 0.000 0.187 0 1 0 0 0 0
 7 72752.000 74278.000 0 0 54.000 52.000 2808.000 52.990 0 1 1 210 0 0
 8 72075.000 74786.000 0 0 54.000 50.000 2700.000 51.961 0 1 1 210 0 0
 9 72410.000 74588.000 0 0 54.000 50.000 2700.000 51.961 0 1 1 210 0 0
 10 72693.000 74343.000 0 0 54.000 52.000 2808.000 52.990 0 1 1 210 0 0
 11 71809.000 74873.000 0 0 52.000 50.000 2600.000 50.990 0 1 1 210 0 0
 12 72359.000 74391.000 0 0 54.000 50.000 2700.000 51.961 0 1 1 210 0 0
 13 72172.000 74533.000 0 0 54.000 50.000 2700.000 51.961 0 1 1 210 0 0
 14 71409.000 75032.000 0 0 52.000 52.000 2704.000 52.000 0 1 1 210 0 0
 15 71548.000 74927.000 0 0 52.000 52.000 2704.000 52.000 0 1 1 210 0 0
 16 71646.000 74863.000 0 0 52.000 50.000 2600.000 50.990 0 1 1 210 0 0
 17 71203.000 75020.000 0 0 52.000 52.000 2704.000 52.000 0 1 1 210 0 0
 18 71401.000 74899.000 0 0 52.000 52.000 2704.000 52.000 0 1 1 210 0 0
 19 70717.000 75322.000 0 0 54.000 52.000 2808.000 52.990 0 1 1 210 0 0
 20 70875.000 75224.000 0 0 54.000 52.000 2808.000 52.990 0 1 1 210 0 0
 21 71005.000 75150.000 0 0 52.000 52.000 2704.000 52.000 0 1 1 210 0 0
 22 70410.000 75319.000 0 0 54.000 52.000 2808.000 52.990 0 1 1 210 0 0
 23 70705.000 75217.000 0 0 54.000 52.000 2808.000 52.990 0 1 1 210 0 0
 24 70558.000 75327.000 0 0 54.000 52.000 2808.000 52.990 0 1 1 210 0 0
 25 70312.000 75386.000 0 0 54.000 50.000 2700.000 51.961 0 1 1 210 0 0
 26 69985.000 75534.000 0 0 54.000 50.000 2700.000 51.961 0 1 1 210 0 0
 27 69919.000 75656.000 0 0 54.000 50.000 2700.000 51.961 0 1 1 210 0 0
 28 69378.000 76006.000 0 0 54.000 50.000 2700.000 51.961 0 1 1 210 0 0
 29 69684.000 75679.000 0 0 54.000 50.000 2700.000 51.961 0 1 1 210 0 0
 30 69695.000 75615.000 0 0 54.000 50.000 2700.000 51.961 0 1 1 210 0 0
 31 69154.000 75969.000 0 0 54.000 50.000 2700.000 51.961 0 1 1 210 0 0
 32 68492.000 76396.000 0 0 56.000 48.000 2688.000 51.845 0 1 1 210 0 0
 33 68595.000 76305.000 0 0 54.000 50.000 2700.000 51.961 0 1 1 210 0 0
 34 68859.000 76169.000 0 0 54.000 50.000 2700.000 51.961 0 1 1 210 0 0
 35 68807.000 75983.000 0 0 54.000 50.000 2700.000 51.961 0 1 1 210 0 0
 36 68907.000 75931.000 0 0 54.000 50.000 2700.000 51.961 0 1 1 210 0 0
 37 69219.000 75804.000 0 0 54.000 50.000 2700.000 51.961 0 1 1 210 0 0
 38 68350.000 76390.000 0 0 56.000 48.000 2688.000 51.845 0 1 1 210 0 0
 39 67991.000 76615.000 0 0 56.000 48.000 2688.000 51.845 0 1 1 210 0 0
 40 67880.000 76483.000 0 0 56.000 48.000 2688.000 51.845 0 1 1 210 0 0
 41 68251.000 76216.000 0 0 56.000 48.000 2688.000 51.845 0 1 1 210 0 0
 42 67770.000 76569.000 0 0 56.000 48.000 2688.000 51.845 0 1 1 210 0 0
 43 67537.000 76542.000 0 0 56.000 48.000 2688.000 51.845 0 1 1 210 0 0
 44 67353.000 76657.000 0 0 54.000 48.000 2592.000 50.911 0 1 1 210 0 0
 45 67733.000 76481.000 0 0 56.000 48.000 2688.000 51.845 0 1 1 210 0 0
 46 61470.000 88774.000 0 0 0.000 0.000 0.000 0.154 0 1 0 0 0 0
 47 66973.000 76953.000 0 0 54.000 48.000 2592.000 50.911 0 1 1 210 0 0
 48 67220.000 76826.000 0 0 54.000 48.000 2592.000 50.911 0 1 1 210 0 0
 49 66983.000 76884.000 0 0 54.000 48.000 2592.000 50.911 0 1 1 210 0 0
 50 67198.000 76699.000 0 0 54.000 48.000 2592.000 50.911 0 1 1 210 0 0
 51 66142.000 77451.000 0 0 54.000 46.000 2484.000 49.839 0 1 1 210 0 0
 52 66308.000 77369.000 0 0 54.000 46.000 2484.000 49.839 0 1 1 210 0 0
 53 66437.000 77283.000 0 0 54.000 48.000 2592.000 50.911 0 1 1 210 0 0
 54 66016.000 77337.000 0 0 54.000 46.000 2484.000 49.839 0 1 1 210 0 0
 55 67177.000 77005.000 0 0 54.000 48.000 2592.000 50.911 0 1 1 210 0 0
 56 65863.000 77462.000 0 0 54.000 48.000 2592.000 50.911 0 1 1 210 0 0
 57 66758.000 77241.000 0 0 54.000 48.000 2592.000 50.911 0 1 1 210 0 0
 58 65530.000 77615.000 0 0 54.000 48.000 2592.000 50.911 0 1 1 210 0 0
 59 64699.000 78408.000 0 0 56.000 48.000 2688.000 51.845 0 1 1 210 0 0
 60 65068.000 78016.000 0 0 56.000 48.000 2688.000 51.845 0 1 1 210 0 0
 61 65150.000 77933.000 0 0 56.000 48.000 2688.000 51.845 0 1 1 210 0 0
 62 65184.000 77823.000 0 0 56.000 48.000 2688.000 51.845 0 1 1 210 0 0
 63 64695.000 78202.000 0 0 56.000 48.000 2688.000 51.845 0 1 1 210 0 0
 64 64996.000 78095.000 0 0 56.000 48.000 2688.000 51.845 0 1 1 210 0 0
 65 64901.000 78071.000 0 0 56.000 48.000 2688.000 51.845 0 1 1 210 0 0
 66 64485.000 78388.000 0 0 56.000 46.000 2576.000 50.754 0 1 1 210 0 0
 67 64070.000 78659.000 0 0 56.000 46.000 2576.000 50.754 0 1 1 210 0 0
 68 64235.000 78475.000 0 0 56.000 46.000 2576.000 50.754 0 1 1 210 0 0
 69 64097.000 78554.000 0 0 56.000 46.000 2576.000 50.754 0 1 1 210 0 0
 70 63693.000 78792.000 0 0 56.000 46.000 2576.000 50.754 0 1 1 210 0 0
 71 65353.000 77966.000 0 0 56.000 48.000 2688.000 51.845 0 1 1 210 0 0
 72 63885.000 78792.000 0 0 56.000 46.000 2576.000 50.754 0 1 1 210 0 0
 73 63365.000 79102.000 0 0 54.000 46.000 2484.000 49.839 0 1 1 210 0 0
 74 63505.000 78927.000 0 0 56.000 46.000 2576.000 50.754 0 1 1 210 0 0
 75 63600.000 78882.000 0 0 56.000 46.000 2576.000 50.754 0 1 1 210 0 0
 76 64449.000 78448.000 0 0 56.000 46.000 2576.000 50.754 0 1 1 210 0 0
 77 64058.000 78944.000 0 0 56.000 46.000 2576.000 50.754 0 1 1 210 0 0
 78 63364.000 78940.000 0 0 54.000 46.000 2484.000 49.839 0 1 1 210 0 0
 79 63002.000 79120.000 0 0 54.000 46.000 2484.000 49.839 0 1 1 210 0 0
 80 62981.000 79152.000 0 0 54.000 46.000 2484.000 49.839 0 1 1 210 0 0
 81 62828.000 79321.000 0 0 54.000 46.000 2484.000 49.839 0 1 1 210 0 0
 82 62462.000 79420.000 0 0 54.000 46.000 2484.000 49.839 0 1 1 210 0 0
 83 63300.000 79381.000 0 0 54.000 46.000 2484.000 49.839 0 1 1 210 0 0
 84 62002.000 79809.000 0 0 56.000 44.000 2464.000 49.638 0 1 1 210 0 0
 85 61888.000 79709.000 0 0 56.000 44.000 2464.000 49.638 0 1 1 210 0 0
 86 62558.000 79357.000 0 0 54.000 46.000 2484.000 49.839 0 1 1 210 0 0
 87 61757.000 79751.000 0 0 56.000 44.000 2464.000 49.638 0 1 1 210 0 0
 88 61620.000 79855.000 0 0 56.000 44.000 2464.000 49.638 0 1 1 210 0 0
 89 61620.000 79855.000 0 0 56.000 44.000 2464.000 49.638 0 1 1 210 0 0
 90 61231.000 80078.000 0 0 56.000 44.000 2464.000 49.638 0 1 1 210 0 0
 91 61061.000 80418.000 0 0 56.000 44.000 2464.000 49.638 0 1 1 210 0 0
 92 60911.000 80212.000 0 0 56.000 44.000 2464.000 49.638 0 1 1 210 0 0
 93 60765.000 80304.000 0 0 56.000 44.000 2464.000 49.638 0 1 1 210 0 0
 94 60485.000 80492.000 0 0 56.000 44.000 2464.000 49.638 0 1 1 210 0 0
 95 60196.000 81014.000 0 0 56.000 42.000 2352.000 48.497 0 1 1 210 0 0
 96 60221.000 80861.000 0 0 56.000 42.000 2352.000 48.497 0 1 1 210 0 0
 97 60346.000 80591.000 0 0 56.000 42.000 2352.000 48.497 0 1 1 210 0 0
 98 59722.000 81315.000 0 0 56.000 42.000 2352.000 48.497 0 1 1 210 0 0
 99 59815.000 81066.000 0 0 56.000 42.000 2352.000 48.497 0 1 1 210 0 0
 100 59754.000 81236.000 0 0 56.000 42.000 2352.000 48.497 0 1 1 210 0 0
 101 60566.000 80864.000 0 0 56.000 42.000 2352.000 48.497 0 1 1 210 0 0
 102 60646.000 80820.000 0 0 56.000 42.000 2352.000 48.497 0 1 1 210 0 0
 103 59358.000 81408.000 0 0 54.000 42.000 2268.000 47.623 0 1 1 210 0 0
 104 59160.000 81636.000 0 0 54.000 42.000 2268.000 47.623 0 1 1 210 0 0
 105 58906.000 81608.000 0 0 54.000 42.000 2268.000 47.623 0 1 1 210 0 0
 106 59065.000 81434.000 0 0 54.000 42.000 2268.000 47.623 0 1 1 210 0 0
 107 58677.000 81732.000 0 0 54.000 42.000 2268.000 47.623 0 1 1 210 0 0
 108 58830.000 81679.000 0 0 54.000 42.000 2268.000 47.623 0 1 1 210 0 0
 109 58264.000 81931.000 0 0 54.000 42.000 2268.000 47.623 0 1 1 210 0 0
 110 58306.000 81912.000 0 0 54.000 42.000 2268.000 47.623 0 1 1 210 0 0
 111 57867.000 82140.000 0 0 56.000 42.000 2352.000 48.497 0 1 1 210 0 0
 112 57733.000 82187.000 0 0 56.000 42.000 2352.000 48.497 0 1 1 210 0 0
 113 57869.000 82141.000 0 0 56.000 42.000 2352.000 48.497 0 1 1 210 0 0
 114 58413.000 82034.000 0 0 54.000 42.000 2268.000 47.623 0 1 1 210 0 0
 115 56777.000 82705.000 0 0 56.000 42.000 2352.000 48.497 0 1 1 210 0 0
 116 56870.000 82620.000 0 0 56.000 42.000 2352.000 48.497 0 1 1 210 0 0
 117 56538.000 82797.000 0 0 56.000 42.000 2352.000 48.497 0 1 1 210 0 0
 118 56196.000 83176.000 0 0 56.000 40.000 2240.000 47.328 0 1 1 210 0 0
 119 141316.000 76935.000 0 0 0.000 0.000 0.000 0.201 0 1 0 0 0 0
 120 56074.000 82981.000 0 0 56.000 42.000 2352.000 48.497 0 1 1 210 0 0
 121 56346.000 82870.000 0 0 56.000 42.000 2352.000 48.497 0 1 1 210 0 0
 122 55824.000 83119.000 0 0 56.000 40.000 2240.000 47.328 0 1 1 210 0 0
 123 55917.000 83039.000 0 0 56.000 40.000 2240.000 47.328 0 1 1 210 0 0
 124 55256.000 83669.000 0 0 56.000 40.000 2240.000 47.328 0 1 1 210 0 0
 125 55106.000 83519.000 0 0 56.000 40.000 2240.000 47.328 0 1 1 210 0 0
 126 55132.000 83448.000 0 0 56.000 40.000 2240.000 47.328 0 1 1 210 0 0
 127 54996.000 83822.000 0 0 56.000 40.000 2240.000 47.328 0 1 1 210 0 0
 128 54811.000 83807.000 0 0 56.000 40.000 2240.000 47.328 0 1 1 210 0 0
 129 54713.000 83604.000 0 0 56.000 40.000 2240.000 47.328 0 1 1 210 0 0
 130 54906.000 83569.000 0 0 56.000 40.000 2240.000 47.328 0 1 1 210 0 0
 131 54667.000 83869.000 0 0 56.000 40.000 2240.000 47.328 0 1 1 210 0 0
 132 118433.000 144963.000 0 0 0.000 0.000 0.000 0.128 0 1 0 0 0 0
 133 54293.000 84116.000 0 0 54.000 40.000 2160.000 46.475 0 1 1 210 0 0
 134 54357.000 84037.000 0 0 54.000 40.000 2160.000 46.475 0 1 1 210 0 0
 135 54392.000 84002.000 0 0 54.000 40.000 2160.000 46.475 0 1 1 210 0 0
 136 53972.000 84177.000 0 0 54.000 40.000 2160.000 46.475 0 1 1 210 0 0
 137 54276.000 83828.000 0 0 56.000 40.000 2240.000 47.328 0 1 1 210 0 0
 138 53784.000 84204.000 0 0 54.000 40.000 2160.000 46.475 0 1 1 210 0 0
 139 53265.000 84733.000 0 0 54.000 38.000 2052.000 45.299 0 1 1 210 0 0
 140 53328.000 84498.000 0 0 54.000 38.000 2052.000 45.299 0 1 1 210 0 0
 141 54407.000 83961.000 0 0 54.000 40.000 2160.000 46.475 0 1 1 210 0 0
 142 52709.000 85083.000 0 0 54.000 38.000 2052.000 45.299 0 1 1 210 0 0
 143 52722.000 84996.000 0 0 54.000 38.000 2052.000 45.299 0 1 1 210 0 0
 144 52865.000 84939.000 0 0 54.000 38.000 2052.000 45.299 0 1 1 210 0 0
 145 53788.000 84426.000 0 0 54.000 38.000 2052.000 45.299 0 1 1 210 0 0
 146 52448.000 85197.000 0 0 54.000 38.000 2052.000 45.299 0 1 1 210 0 0
 147 52259.000 85244.000 0 0 54.000 38.000 2052.000 45.299 0 1 1 210 0 0
 148 53470.000 84561.000 0 0 54.000 38.000 2052.000 45.299 0 1 1 210 0 0
 149 52014.000 85485.000 0 0 54.000 38.000 2052.000 45.299 0 1 1 210 0 0
 150 51475.000 85619.000 0 0 54.000 38.000 2052.000 45.299 0 1 1 210 0 0
 151 51172.000 85649.000 0 0 54.000 38.000 2052.000 45.299 0 1 1 210 0 0
 152 50923.000 85772.000 0 0 56.000 36.000 2016.000 44.899 0 1 1 210 0 0
 153 50600.000 85872.000 0 0 56.000 36.000 2016.000 44.899 0 1 1 210 0 0
 154 50330.000 85987.000 0 0 56.000 36.000 2016.000 44.899 0 1 1 210 0 0
 155 50098.000 86079.000 0 0 56.000 36.000 2016.000 44.899 0 1 1 210 0 0
 156 49843.000 86375.000 0 0 56.000 36.000 2016.000 44.899 0 1 1 210 0 0
 157 50022.000 86314.000 0 0 56.000 36.000 2016.000 44.899 0 1 1 210 0 0
 158 49919.000 86139.000 0 0 56.000 36.000 2016.000 44.899 0 1 1 210 0 0
 159 50919.000 85911.000 0 0 56.000 36.000 2016.000 44.899 0 1 1 210 0 0
 160 50798.000 85946.000 0 0 56.000 36.000 2016.000 44.899 0 1 1 210 0 0
 161 49597.000 86501.000 0 0 56.000 36.000 2016.000 44.899 0 1 1 210 0 0
 162 48848.000 86781.000 0 0 56.000 36.000 2016.000 44.899 0 1 1 210 0 0
 163 49673.000 86490.000 0 0 56.000 36.000 2016.000 44.899 0 1 1 210 0 0
 164 47873.000 87146.000 0 0 54.000 34.000 1836.000 42.848 0 1 1 210 0 0
 165 46977.000 87295.000 0 0 54.000 34.000 1836.000 42.848 0 1 1 210 0 0
 166 46616.000 87615.000 0 0 54.000 34.000 1836.000 42.848 0 1 1 210 0 0
 167 46533.000 87458.000 0 0 54.000 34.000 1836.000 42.848 0 1 1 210 0 0
 168 47360.000 87281.000 0 0 54.000 34.000 1836.000 42.848 0 1 1 210 0 0
 169 46238.000 87774.000 0 0 54.000 34.000 1836.000 42.848 0 1 1 210 0 0
 170 46343.000 87770.000 0 0 54.000 34.000 1836.000 42.848 0 1 1 210 0 0
 171 45985.000 87837.000 0 0 54.000 34.000 1836.000 42.848 0 1 1 210 0 0
 172 47045.000 87438.000 0 0 54.000 34.000 1836.000 42.848 0 1 1 210 0 0
 173 45873.000 87889.000 0 0 54.000 34.000 1836.000 42.848 0 1 1 210 0 0
 174 45608.000 88003.000 0 0 54.000 34.000 1836.000 42.848 0 1 1 210 0 0
 175 156195.000 103066.000 0 0 0.000 0.000 0.000 0.125 0 1 0 0 0 0
 176 45399.000 88079.000 0 0 54.000 34.000 1836.000 42.848 0 1 1 210 0 0
 177 45014.000 88226.000 0 0 54.000 34.000 1836.000 42.848 0 1 1 210 0 0
 178 45175.000 88160.000 0 0 54.000 34.000 1836.000 42.848 0 1 1 210 0 0
 179 44752.000 88308.000 0 0 54.000 34.000 1836.000 42.848 0 1 1 210 0 0
 180 44467.000 88411.000 0 0 54.000 34.000 1836.000 42.848 0 1 1 210 0 0
 181 44032.000 88571.000 0 0 54.000 34.000 1836.000 42.848 0 1 1 210 0 0
 182 72141.000 150237.000 0 0 0.000 0.000 0.000 0.129 0 1 0 0 0 0
 183 43910.000 88611.000 0 0 54.000 32.000 1728.000 41.569 0 1 1 210 0 0
 184 43630.000 88640.000 0 0 54.000 32.000 1728.000 41.569 0 1 1 210 0 0
 185 43630.000 88640.000 0 0 54.000 32.000 1728.000 41.569 0 1 1 210 0 0
 186 43378.000 88807.000 0 0 54.000 32.000 1728.000 41.569 0 1 1 210 0 0
 187 43195.000 88978.000 0 0 54.000 32.000 1728.000 41.569 0 1 1 210 0 0
 188 43166.000 88877.000 0 0 54.000 32.000 1728.000 41.569 0 1 1 210 0 0
 189 42965.000 89051.000 0 0 54.000 32.000 1728.000 41.569 0 1 1 210 0 0
 190 42532.000 89201.000 0 0 54.000 32.000 1728.000 41.569 0 1 1 210 0 0
 191 42107.000 89251.000 0 0 54.000 32.000 1728.000 41.569 0 1 1 210 0 0
 192 42105.000 89258.000 0 0 54.000 32.000 1728.000 41.569 0 1 1 210 0 0
 193 42228.000 89176.000 0 0 54.000 32.000 1728.000 41.569 0 1 1 210 0 0
 194 41767.000 89450.000 0 0 54.000 32.000 1728.000 41.569 0 1 1 210 0 0
 195 41700.000 89359.000 0 0 54.000 32.000 1728.000 41.569 0 1 1 210 0 0
 196 39494.000 90291.000 0 0 0.000 0.000 0.000 0.256 0 1 0 0 0 0
 197 39460.000 90109.000 0 0 0.000 0.000 0.000 0.162 0 1 0 0 0 0
 198 159794.000 59288.000 0 0 0.000 0.000 0.000 0.128 0 1 0 0 0 0
 199 137256.000 37402.000 0 0 0.000 0.000 0.000 0.124 0 1 0 0 0 0
 200 115388.000 25023.000 0 0 0.000 0.000 0.000 0.136 0 1 0 0 0 0
 201 162292.000 149973.000 0 0 0.000 0.000 0.000 0.127 0 1 0 0 0 0
 202 92897.000 182858.000 0 0 0.000 0.000 0.000 0.213 0 1 0 0 0 0
 203 96225.000 189045.000 0 0 0.000 0.000 0.000 0.123 0 1 0 0 0 0
 204 6071.000 119090.000 0 0 0.000 0.000 0.000 0.126 0 1 0 0 0 0
 205 10375.000 136174.000 0 0 0.000 0.000 0.000 0.138 0 1 0 0 0 0
 206 66736.000 77535.000 0 0 6.459 9.564 61.783 7.860 0 1 1 210 0 0
 207 66454.000 77653.000 0 0 11.785 17.692 208.514 14.440 0 1 1 210 0 0
 208 66542.000 77521.000 0 0 15.087 22.455 338.793 18.406 0 1 1 210 0 0
 209 66608.000 77421.000 0 0 48.709 72.034 3508.749 59.234 0 1 1 210 0 0
 210 66222.000 77697.000 0 0 5.344 8.093 43.255 6.576 0 1 1 210 0 0
 211 66246.000 77658.000 0 0 13.924 21.036 292.921 17.114 0 1 1 210 0 0
 212 66265.000 77631.000 0 0 12.869 19.408 249.768 15.804 0 1 1 210 0 0
 213 66310.000 77562.000 0 0 34.420 51.680 1778.886 42.176 0 1 1 210 0 0
 214 66414.000 77408.000 0 0 94.220 140.068 13197.391 114.879 0 1 1 210 0 0
 215 66479.000 77309.000 0 0 21.754 32.136 699.110 26.440 0 1 1 210 0 0
 216 65833.000 77985.000 0 0 12.665 19.656 248.965 15.778 0 1 1 210 0 0
 217 65902.000 77878.000 0 0 13.787 21.251 292.991 17.116 0 1 1 210 0 0
 218 65984.000 77750.000 0 0 12.800 19.569 250.506 15.827 0 1 1 210 0 0
 219 66081.000 77601.000 0 0 16.106 24.390 392.847 19.820 0 1 1 210 0 0
 220 66107.000 77562.000 0 0 13.984 21.123 295.393 17.187 0 1 1 210 0 0
 221 66213.000 77404.000 0 0 192.813 288.305 55589.130 235.773 0 1 1 210 0 0
 222 66337.000 77215.000 0 0 4.367 6.452 28.185 5.308 0 1 1 210 0 0
 223 65689.000 77894.000 0 0 9.539 14.806 141.250 11.884 0 1 1 210 0 0
 224 65768.000 77770.000 0 0 35.165 54.152 1904.314 43.638 0 1 1 210 0 0
 225 65891.000 77583.000 0 0 109.612 166.778 18280.935 135.207 0 1 1 210 0 0
 226 65997.000 77420.000 0 0 53.039 79.870 4236.305 65.086 0 1 1 210 0 0
 227 66040.000 77354.000 0 0 15.198 22.792 346.426 18.612 0 1 1 210 0 0
 228 65535.000 77820.000 0 0 37.214 57.824 2151.874 46.388 0 1 1 210 0 0
 229 65620.000 77689.000 0 0 129.411 199.417 25807.043 160.645 0 1 1 210 0 0
 230 65719.000 77537.000 0 0 54.917 83.810 4602.644 67.842 0 1 1 210 0 0
 231 65752.000 77483.000 0 0 3.237 4.923 15.940 3.992 0 1 1 210 0 0
 232 65411.000 77698.000 0 0 79.115 122.703 9707.767 98.528 0 1 1 210 0 0
 233 65483.000 77586.000 0 0 11.821 18.204 215.193 14.669 0 1 1 210 0 0
 234 61561.000 80344.000 0 0 7.535 14.736 111.054 10.538 0 1 1 210 0 0
 235 61612.000 80244.000 0 0 11.366 22.085 251.019 15.843 0 1 1 210 0 0
 236 61257.000 80570.000 0 0 6.518 12.996 84.713 9.203 0 1 1 210 0 0
 237 61419.000 80250.000 0 0 95.621 186.795 17861.691 133.647 0 1 1 210 0 0
 238 61105.000 80496.000 0 0 7.477 14.911 111.502 10.559 0 1 1 210 0 0
 239 61114.000 80475.000 0 0 8.425 16.780 141.394 11.890 0 1 1 210 0 0
 240 61223.000 80257.000 0 0 17.981 35.316 635.051 25.200 0 1 1 210 0 0
 241 61246.000 80215.000 0 0 13.279 26.010 345.389 18.584 0 1 1 210 0 0
 242 61297.000 80112.000 0 0 32.414 63.079 2044.677 45.218 0 1 1 210 0 0
 243 60927.000 80471.000 0 0 82.380 164.824 13578.369 116.526 0 1 1 210 0 0
 244 61075.000 80175.000 0 0 8.555 16.797 143.709 11.987 0 1 1 210 0 0
 245 61094.000 80138.000 0 0 3.807 7.457 28.395 5.328 0 1 1 210 0 0
 246 60762.000 80421.000 0 0 10.325 20.693 213.676 14.617 0 1 1 210 0 0
 247 60805.000 80334.000 0 0 21.681 43.211 936.876 30.608 0 1 1 210 0 0
 248 57744.000 82577.000 0 0 60.135 145.842 8770.342 93.650 0 1 1 210 0 0
 249 57522.000 82673.000 0 0 6.643 16.285 108.185 10.401 0 1 1 210 0 0
 250 57589.000 82506.000 0 0 123.278 298.860 36842.938 191.945 0 1 1 210 0 0
 251 57413.000 82491.000 0 0 118.352 287.858 34068.716 184.577 0 1 1 210 0 0
 252 57484.000 82314.000 0 0 16.107 38.721 623.722 24.974 0 1 1 210 0 0
 253 57092.000 82832.000 0 0 7.409 18.516 137.191 11.712 0 1 1 210 0 0
 254 57116.000 82772.000 0 0 8.260 20.561 169.843 13.032 0 1 1 210 0 0
 255 57235.000 82479.000 0 0 111.707 272.655 30457.676 174.521 0 1 1 210 0 0
 256 56880.000 82907.000 0 0 20.487 51.681 1058.809 32.539 0 1 1 210 0 0
 257 56957.000 82711.000 0 0 68.790 171.257 11780.892 108.539 0 1 1 210 0 0
 258 57048.000 82487.000 0 0 9.236 22.652 209.222 14.464 0 1 1 210 0 0
 259 57065.000 82444.000 0 0 13.465 32.931 443.430 21.057 0 1 1 210 0 0
 260 56532.000 83336.000 0 0 3.194 8.332 26.616 5.159 0 1 1 210 0 0
 261 56547.000 83299.000 0 0 9.608 24.999 240.202 15.498 0 1 1 210 0 0
 262 56702.000 82900.000 0 0 75.416 190.958 14401.362 120.005 0 1 1 210 0 0
 263 56776.000 82705.000 0 0 8.292 20.724 171.853 13.109 0 1 1 210 0 0
 264 56799.000 82646.000 0 0 2.495 6.210 15.497 3.936 0 1 1 210 0 0
 265 56818.000 82598.000 0 0 5.003 12.416 62.128 7.882 0 1 1 210 0 0
 266 56299.000 83477.000 0 0 7.130 18.858 134.471 11.596 0 1 1 210 0 0
 267 56316.000 83430.000 0 0 17.474 46.066 804.984 28.372 0 1 1 210 0 0
 268 56340.000 83367.000 0 0 8.772 23.026 201.986 14.212 0 1 1 210 0 0
 269 56373.000 83278.000 0 0 9.620 25.099 241.468 15.539 0 1 1 210 0 0
 270 56387.000 83241.000 0 0 12.051 31.361 377.945 19.440 0 1 1 210 0 0
 271 56510.000 82925.000 0 0 126.875 323.151 40999.866 202.484 0 1 1 210 0 0
 272 56092.000 83544.000 0 0 3.943 10.520 41.485 6.440 0 1 1 210 0 0
 273 56122.000 83464.000 0 0 5.547 14.719 81.649 9.036 0 1 1 210 0 0
 274 56136.000 83422.000 0 0 16.688 44.154 736.865 27.145 0 1 1 210 0 0
 275 56155.000 83370.000 0 0 19.931 52.549 1047.413 32.363 0 1 1 210 0 0
 276 56179.000 83308.000 0 0 11.203 29.410 329.495 18.151 0 1 1 210 0 0
 277 56199.000 83259.000 0 0 5.615 14.693 82.517 9.083 0 1 1 210 0 0
 278 56271.000 83072.000 0 0 117.669 303.957 35766.391 189.120 0 1 1 210 0 0
 279 55899.000 83574.000 0 0 8.663 23.258 201.485 14.194 0 1 1 210 0 0
 280 55937.000 83474.000 0 0 20.599 54.923 1131.372 33.635 0 1 1 210 0 0
 281 55961.000 83406.000 0 0 5.566 14.773 82.236 9.068 0 1 1 210 0 0
 282 55977.000 83364.000 0 0 16.745 44.314 742.085 27.241 0 1 1 210 0 0
 283 55993.000 83322.000 0 0 6.394 16.871 107.878 10.386 0 1 1 210 0 0
 284 56067.000 83127.000 0 0 101.108 263.260 26618.008 163.150 0 1 1 210 0 0
 285 55625.000 83829.000 0 0 3.874 10.632 41.200 6.418 0 1 1 210 0 0
 286 55637.000 83793.000 0 0 5.436 14.881 80.910 8.995 0 1 1 210 0 0
 287 55655.000 83748.000 0 0 7.013 19.136 134.215 11.585 0 1 1 210 0 0
 288 55669.000 83708.000 0 0 7.811 21.255 166.039 12.885 0 1 1 210 0 0
 289 55690.000 83651.000 0 0 6.267 16.987 106.476 10.318 0 1 1 210 0 0
 290 55723.000 83564.000 0 0 3.150 8.487 26.742 5.171 0 1 1 210 0 0
 291 55739.000 83517.000 0 0 12.642 33.947 429.203 20.717 0 1 1 210 0 0
 292 55837.000 83258.000 0 0 138.049 364.139 50269.266 224.208 0 1 1 210 0 0
 293 55918.000 83038.000 0 0 5.690 14.787 84.143 9.172 0 1 1 210 0 0
 294 55395.000 83967.000 0 0 6.919 19.249 133.185 11.540 0 1 1 210 0 0
 295 55437.000 83850.000 0 0 6.191 17.084 105.784 10.285 0 1 1 210 0 0
 296 55465.000 83773.000 0 0 10.891 29.890 325.536 18.042 0 1 1 210 0 0
 297 55478.000 83737.000 0 0 9.356 25.614 239.657 15.480 0 1 1 210 0 0
 298 55495.000 83691.000 0 0 9.382 25.604 240.244 15.499 0 1 1 210 0 0
 299 55509.000 83652.000 0 0 8.621 23.463 202.305 14.223 0 1 1 210 0 0
 300 55530.000 83593.000 0 0 7.866 21.321 167.734 12.951 0 1 1 210 0 0
 301 55566.000 83497.000 0 0 14.240 38.339 545.957 23.365 0 1 1 210 0 0
 302 55626.000 83335.000 0 0 100.663 268.026 26980.559 164.257 0 1 1 210 0 0
 303 55220.000 83950.000 0 0 12.310 34.346 422.814 20.562 0 1 1 210 0 0
 304 55237.000 83907.000 0 0 10.801 30.043 324.505 18.014 0 1 1 210 0 0
 305 55276.000 83796.000 0 0 13.981 38.590 539.557 23.228 0 1 1 210 0 0
 306 55307.000 83709.000 0 0 12.495 34.279 428.347 20.696 0 1 1 210 0 0
 307 55318.000 83678.000 0 0 6.257 17.130 107.193 10.353 0 1 1 210 0 0
 308 55335.000 83632.000 0 0 3.921 10.702 41.974 6.478 0 1 1 210 0 0
 309 55348.000 83597.000 0 0 12.581 34.247 430.896 20.758 0 1 1 210 0 0
 310 55421.000 83398.000 0 0 110.627 297.048 32861.907 181.278 0 1 1 210 0 0
 311 55026.000 83992.000 0 0 6.908 19.408 134.078 11.579 0 1 1 210 0 0
 312 55044.000 83941.000 0 0 12.317 34.481 424.720 20.608 0 1 1 210 0 0
 313 55061.000 83890.000 0 0 14.672 40.929 600.541 24.505 0 1 1 210 0 0
 314 55076.000 83850.000 0 0 12.386 34.456 426.812 20.659 0 1 1 210 0 0
 315 55115.000 83740.000 0 0 15.588 43.030 670.784 25.899 0 1 1 210 0 0
 316 55197.000 83515.000 0 0 111.427 302.832 33743.905 183.695 0 1 1 210 0 0
 317 55262.000 83336.000 0 0 4.791 12.863 61.637 7.850 0 1 1 210 0 0
 318 54778.000 84193.000 0 0 6.821 19.515 133.125 11.537 0 1 1 210 0 0
 319 54818.000 84075.000 0 0 5.342 15.156 80.971 8.998 0 1 1 210 0 0
 320 54828.000 84048.000 0 0 7.648 21.658 165.660 12.870 0 1 1 210 0 0
 321 54865.000 83939.000 0 0 10.010 28.129 281.580 16.780 0 1 1 210 0 0
 322 54883.000 83887.000 0 0 13.903 38.929 541.246 23.264 0 1 1 210 0 0
 323 54901.000 83835.000 0 0 13.173 36.752 484.142 22.003 0 1 1 210 0 0
 324 54917.000 83795.000 0 0 6.993 19.455 136.057 11.664 0 1 1 210 0 0
 325 54980.000 83614.000 0 0 70.700 194.236 13732.624 117.186 0 1 1 210 0 0
 326 55027.000 83485.000 0 0 14.249 38.804 552.967 23.515 0 1 1 210 0 0
 327 54518.000 84422.000 0 0 5.972 17.437 104.144 10.205 0 1 1 210 0 0
 328 54624.000 84118.000 0 0 51.010 145.737 7434.192 86.221 0 1 1 210 0 0
 329 54658.000 84018.000 0 0 4.595 13.037 59.914 7.740 0 1 1 210 0 0
 330 54666.000 83993.000 0 0 8.442 23.908 201.845 14.207 0 1 1 210 0 0
 331 54705.000 83880.000 0 0 9.274 26.058 241.680 15.546 0 1 1 210 0 0
 332 54723.000 83831.000 0 0 13.176 36.897 486.176 22.049 0 1 1 210 0 0
 333 54773.000 83690.000 0 0 83.663 231.987 19408.968 139.316 0 1 1 210 0 0
 334 54827.000 83538.000 0 0 6.311 17.318 109.304 10.454 0 1 1 210 0 0
 335 54289.000 84573.000 0 0 11.832 35.060 414.864 20.368 0 1 1 210 0 0
 336 54350.000 84389.000 0 0 21.703 63.464 1377.383 37.113 0 1 1 210 0 0
 337 54368.000 84336.000 0 0 5.254 15.307 80.438 8.968 0 1 1 210 0 0
 338 54465.000 84056.000 0 0 58.855 168.082 9892.596 99.461 0 1 1 210 0 0
 339 54508.000 83931.000 0 0 25.421 71.964 1829.411 42.771 0 1 1 210 0 0
 340 54567.000 83761.000 0 0 55.268 154.631 8546.305 92.446 0 1 1 210 0 0
 341 54083.000 84652.000 0 0 4.413 13.202 58.267 7.633 0 1 1 210 0 0
 342 54098.000 84610.000 0 0 5.900 17.597 103.835 10.189 0 1 1 210 0 0
 343 54110.000 84573.000 0 0 3.696 10.995 40.646 6.375 0 1 1 210 0 0
 344 54128.000 84516.000 0 0 17.070 50.571 863.282 29.381 0 1 1 210 0 0
 345 54160.000 84424.000 0 0 4.478 13.180 59.033 7.683 0 1 1 210 0 0
 346 54193.000 84325.000 0 0 60.115 175.668 10560.321 102.763 0 1 1 210 0 0
 347 54298.000 84017.000 0 0 13.791 39.433 543.841 23.320 0 1 1 210 0 0
 348 54313.000 83974.000 0 0 7.684 21.905 168.324 12.973 0 1 1 210 0 0
 349 54341.000 83892.000 0 0 41.695 118.191 4928.082 70.200 0 1 1 210 0 0
 350 53925.000 84589.000 0 0 14.036 41.963 589.028 24.269 0 1 1 210 0 0
 351 53938.000 84547.000 0 0 5.924 17.659 104.625 10.228 0 1 1 210 0 0
 352 53949.000 84517.000 0 0 3.709 11.034 40.938 6.398 0 1 1 210 0 0
 353 53957.000 84492.000 0 0 4.459 13.238 59.035 7.683 0 1 1 210 0 0
 354 53967.000 84460.000 0 0 16.387 48.543 795.513 28.204 0 1 1 210 0 0
 355 54028.000 84281.000 0 0 69.325 202.752 14055.998 118.557 0 1 1 210 0 0
 356 54140.000 83957.000 0 0 9.230 26.383 243.525 15.605 0 1 1 210 0 0
 357 54173.000 83855.000 0 0 19.350 54.925 1062.841 32.601 0 1 1 210 0 0
 358 53752.000 84573.000 0 0 5.175 15.514 80.291 8.960 0 1 1 210 0 0
 359 53782.000 84478.000 0 0 53.574 159.517 8546.020 92.444 0 1 1 210 0 0
 360 53816.000 84380.000 0 0 4.491 13.279 59.644 7.722 0 1 1 210 0 0
 361 53836.000 84315.000 0 0 7.520 22.133 166.454 12.901 0 1 1 210 0 0
 362 53848.000 84286.000 0 0 6.781 19.916 135.065 11.621 0 1 1 210 0 0
 363 53867.000 84225.000 0 0 23.442 68.557 1607.163 40.089 0 1 1 210 0 0
 364 53893.000 84151.000 0 0 12.916 37.574 485.307 22.029 0 1 1 210 0 0
 365 53617.000 84438.000 0 0 62.663 186.772 11703.761 108.183 0 1 1 210 0 0
 366 53436.000 84441.000 0 0 5.965 17.851 106.489 10.319 0 1 1 210 0 0
 367 53444.000 84419.000 0 0 6.724 20.090 135.094 11.622 0 1 1 210 0 0
 368 53455.000 84385.000 0 0 8.235 24.547 202.150 14.217 0 1 1 210 0 0
 369 53473.000 84334.000 0 0 3.753 11.148 41.849 6.469 0 1 1 210 0 0
 370 51963.000 85742.000 0 0 5.466 18.416 100.675 10.033 0 1 1 210 0 0
 371 51793.000 85716.000 0 0 21.228 71.638 1520.749 38.996 0 1 1 210 0 0
 372 51829.000 85597.000 0 0 2.070 6.925 14.341 3.786 0 1 1 210 0 0
 373 51552.000 85940.000 0 0 6.067 20.907 126.854 11.262 0 1 1 210 0 0
 374 51643.000 85629.000 0 0 55.114 185.449 10220.888 101.098 0 1 1 210 0 0
 375 51391.000 85886.000 0 0 14.207 48.930 695.177 26.366 0 1 1 210 0 0
 376 51459.000 85646.000 0 0 55.735 188.479 10505.051 102.494 0 1 1 210 0 0
 377 51252.000 85757.000 0 0 71.007 243.028 17256.899 131.365 0 1 1 210 0 0
 378 51292.000 85616.000 0 0 8.275 28.022 231.901 15.228 0 1 1 210 0 0
 379 51068.000 85779.000 0 0 40.222 138.398 5566.691 74.610 0 1 1 210 0 0
 380 51111.000 85630.000 0 0 3.443 11.714 40.337 6.351 0 1 1 210 0 0
 381 50771.000 86203.000 0 0 4.628 16.514 76.433 8.742 0 1 1 210 0 0
 382 50892.000 85773.000 0 0 9.548 32.959 314.715 17.740 0 1 1 210 0 0
 383 50594.000 86206.000 0 0 2.644 9.470 25.043 5.004 0 1 1 210 0 0
 384 50608.000 86156.000 0 0 9.291 33.149 308.013 17.550 0 1 1 210 0 0
 385 50628.000 86084.000 0 0 16.679 59.174 986.981 31.416 0 1 1 210 0 0
 386 50363.000 86407.000 0 0 6.517 23.799 155.114 12.454 0 1 1 210 0 0
 387 50378.000 86349.000 0 0 15.049 54.706 823.323 28.693 0 1 1 210 0 0
 388 50427.000 86170.000 0 0 5.302 19.005 100.772 10.038 0 1 1 210 0 0
 389 50460.000 86056.000 0 0 38.772 137.745 5340.688 73.080 0 1 1 210 0 0
 390 50207.000 86330.000 0 0 30.799 112.187 3455.325 58.782 0 1 1 210 0 0
 391 50237.000 86226.000 0 0 7.924 28.629 226.870 15.062 0 1 1 210 0 0
 392 50267.000 86114.000 0 0 39.275 140.665 5524.633 74.327 0 1 1 210 0 0
 393 50299.000 85995.000 0 0 16.786 59.568 999.932 31.621 0 1 1 210 0 0
 394 50035.000 86318.000 0 0 7.871 28.745 226.268 15.042 0 1 1 210 0 0
 395 50047.000 86271.000 0 0 5.924 21.556 127.721 11.301 0 1 1 210 0 0
 396 50067.000 86197.000 0 0 27.130 98.145 2662.695 51.601 0 1 1 210 0 0
 397 50089.000 86120.000 0 0 3.325 11.959 39.777 6.306 0 1 1 210 0 0
 398 50099.000 86081.000 0 0 7.340 26.316 193.184 13.899 0 1 1 210 0 0
 399 49907.000 86137.000 0 0 7.311 26.418 193.148 13.897 0 1 1 210 0 0
 400 49188.000 86865.000 0 0 4.406 17.045 75.108 8.666 0 1 1 210 0 0
 401 49267.000 86561.000 0 0 22.547 85.117 1919.227 43.808 0 1 1 210 0 0
 402 49024.000 86824.000 0 0 7.580 29.327 222.313 14.910 0 1 1 210 0 0
 403 49082.000 86599.000 0 0 55.248 209.912 11597.437 107.691 0 1 1 210 0 0
 404 48838.000 86864.000 0 0 5.669 22.078 125.164 11.187 0 1 1 210 0 0
 405 48885.000 86678.000 0 0 59.396 227.881 13535.251 116.341 0 1 1 210 0 0
 406 48634.000 86975.000 0 0 4.993 19.692 98.340 9.916 0 1 1 210 0 0
 407 48695.000 86739.000 0 0 57.852 223.813 12948.154 113.789 0 1 1 210 0 0
 408 48471.000 86932.000 0 0 3.131 12.347 38.664 6.218 0 1 1 210 0 0
 409 48501.000 86809.000 0 0 56.911 222.190 12645.254 112.451 0 1 1 210 0 0
 410 48220.000 87229.000 0 0 6.735 27.307 183.932 13.562 0 1 1 210 0 0
 411 48308.000 86878.000 0 0 52.211 205.669 10738.341 103.625 0 1 1 210 0 0
 412 48063.000 87167.000 0 0 26.454 107.063 2832.275 53.219 0 1 1 210 0 0
 413 48115.000 86951.000 0 0 52.545 208.923 10977.892 104.775 0 1 1 210 0 0
 414 47890.000 87153.000 0 0 8.622 34.973 301.565 17.365 0 1 1 210 0 0
 415 47920.000 87032.000 0 0 49.734 199.727 9933.339 99.666 0 1 1 210 0 0
 416 47734.000 87081.000 0 0 40.254 162.858 6555.840 80.968 0 1 1 210 0 0
 417 47554.000 87095.000 0 0 11.135 45.252 503.901 22.447 0 1 1 210 0 0
 418 42182.000 89517.000 0 0 3.516 19.395 68.210 8.258 0 1 1 210 0 0
 419 42011.000 89510.000 0 0 16.092 88.955 1431.487 37.834 0 1 1 210 0 0
 420 42028.000 89417.000 0 0 4.567 25.017 114.258 10.689 0 1 1 210 0 0
 421 41846.000 89471.000 0 0 35.837 197.924 7093.102 84.220 0 1 1 210 0 0
 422 41677.000 89445.000 0 0 18.214 100.647 1833.287 42.816 0 1 1 210 0 0
 423 41694.000 89357.000 0 0 3.570 19.559 69.835 8.356 0 1 1 210 0 0;
ProcessEquipmentIDList 1
  "6514" ;
SummarySpec 5
  TESTNO    NDEFECT    DEFDENSITY    NDIE    NDEFDIE  ;
SummaryList 
  1    423    1.484    1    1  ;
EndOfFile;
