FileVersion 1 2;
FileTimestamp 02-10-26 22:47:28;
InspectionStationID "KLA-Tencor" "SFSSP1" "0901-0728-TBI";
SampleType WAFER;
ResultTimestamp 02-10-26 22:37:52;
LotID "2850";
SampleSize 1 200;
DeviceID "None";
SetupID "T2-2850A" 02-10-26 22:37:52;
StepID "6954";
SampleOrientationMarkType NOTCH;
OrientationMarkLocation DOWN;
DiePitch 200000 200000;
DieOrigin 0 0;
WaferID "16";
Slot 16;
SampleCenterLocation 100000 100000;
ClassLookup 1
  0 "0"  ;
OrientationInstructions "Front";
CoordinatesMirrored No;
InspectionTest 1;
SampleTestPlan 1
  0 0 ;
AreaPerTest 2.85008e+010;
DefectRecordSpec 15 DEFECTID XREL YREL XINDEX YINDEX XSIZE YSIZE DEFECTAREA DSIZE CLASSNUMBER TEST CLUSTERNUMBER ROUGHBINNUMBER FINEBINNUMBER REVIEWSAMPLE ;
DefectList
 1 109124.000 100085.000 0 0 0.000 0.000 0.000 0.133 0 1 0 0 0 0
 2 71634.000 76601.000 0 0 0.000 0.000 0.000 0.121 0 1 0 0 0 0
 3 55290.000 97988.000 0 0 0.000 0.000 0.000 0.189 0 1 0 0 0 0
 4 60681.000 69243.000 0 0 0.000 0.000 0.000 0.127 0 1 0 0 0 0
 5 48234.000 95157.000 0 0 0.000 0.000 0.000 0.204 0 1 0 0 0 0
 6 47911.000 95026.000 0 0 0.000 0.000 0.000 0.208 0 1 0 0 0 0
 7 46943.000 94634.000 0 0 0.000 0.000 0.000 0.291 0 1 0 0 0 0
 8 46069.000 94289.000 0 0 0.000 0.000 0.000 0.368 0 1 0 0 0 0
 9 42562.000 92917.000 0 0 0.000 0.000 0.000 200000.000 0 1 0 200 0 0
 10 51536.000 66307.000 0 0 0.000 0.000 0.000 0.214 0 1 0 0 0 0
 11 38035.000 91220.000 0 0 0.000 0.000 0.000 0.475 0 1 0 0 0 0
 12 34058.000 89797.000 0 0 0.000 0.000 0.000 0.122 0 1 0 0 0 0
 13 33109.000 89466.000 0 0 0.000 0.000 0.000 200000.000 0 1 0 200 0 0
 14 28367.000 87863.000 0 0 0.000 0.000 0.000 0.430 0 1 0 0 0 0
 15 69009.000 168592.000 0 0 0.000 0.000 0.000 0.121 0 1 0 0 0 0
 16 69683.000 170601.000 0 0 0.000 0.000 0.000 0.120 0 1 0 0 0 0
 17 70623.000 171097.000 0 0 0.000 0.000 0.000 0.123 0 1 0 0 0 0
 18 72855.000 172747.000 0 0 0.000 0.000 0.000 0.129 0 1 0 0 0 0
 19 180146.000 119145.000 0 0 0.000 0.000 0.000 0.140 0 1 0 0 0 0
 20 155979.000 161173.000 0 0 0.000 0.000 0.000 0.201 0 1 0 0 0 0
 21 88644.000 182813.000 0 0 0.000 0.000 0.000 0.122 0 1 0 0 0 0
 22 178407.000 67837.000 0 0 0.000 0.000 0.000 0.152 0 1 0 0 0 0
 23 89277.000 186670.000 0 0 0.000 0.000 0.000 0.123 0 1 0 0 0 0
 24 151511.000 29661.000 0 0 0.000 0.000 0.000 0.152 0 1 0 0 0 0
 25 178978.000 143061.000 0 0 0.000 0.000 0.000 0.137 0 1 0 0 0 0
 26 68240.000 187741.000 0 0 0.000 0.000 0.000 0.154 0 1 0 0 0 0;
ProcessEquipmentIDList 1
  "6514" ;
SummarySpec 5
  TESTNO    NDEFECT    DEFDENSITY    NDIE    NDEFDIE  ;
SummaryList 
  1    26    0.09123    1    1  ;
EndOfFile;
