FileVersion 1 2;
FileTimestamp 02-10-26 21:29:08;
InspectionStationID "KLA-Tencor" "SFSSP1" "0901-0728-TBI";
SampleType WAFER;
ResultTimestamp 02-10-26 21:28:02;
LotID "2850";
SampleSize 1 200;
DeviceID "None";
SetupID "T2-2850A" 02-10-26 21:28:02;
StepID "6954";
SampleOrientationMarkType NOTCH;
OrientationMarkLocation DOWN;
DiePitch 200000 200000;
DieOrigin 0 0;
WaferID "01";
Slot 1;
SampleCenterLocation 100000 100000;
ClassLookup 1
  0 "0"  ;
OrientationInstructions "Front";
CoordinatesMirrored No;
InspectionTest 1;
SampleTestPlan 1
  0 0 ;
AreaPerTest 2.8501e+010;
DefectRecordSpec 15 DEFECTID XREL YREL XINDEX YINDEX XSIZE YSIZE DEFECTAREA DSIZE CLASSNUMBER TEST CLUSTERNUMBER ROUGHBINNUMBER FINEBINNUMBER REVIEWSAMPLE ;
DefectList
 1 92072.000 114109.000 0 0 0.000 0.000 0.000 0.126 0 1 0 0 0 0
 2 114066.000 89971.000 0 0 0.000 0.000 0.000 0.121 0 1 0 0 0 0
 3 128324.000 107771.000 0 0 0.000 0.000 0.000 0.133 0 1 0 0 0 0
 4 121242.000 130242.000 0 0 0.000 0.000 0.000 0.131 0 1 0 0 0 0
 5 119073.000 136068.000 0 0 0.000 0.000 0.000 0.122 0 1 0 0 0 0
 6 139993.000 118809.000 0 0 0.000 0.000 0.000 200000.000 0 1 0 200 0 0
 7 114074.000 151232.000 0 0 0.000 0.000 0.000 0.124 0 1 0 0 0 0
 8 95143.000 153708.000 0 0 0.000 0.000 0.000 0.163 0 1 0 0 0 0
 9 112533.000 154748.000 0 0 0.000 0.000 0.000 0.120 0 1 0 0 0 0
 10 57021.000 59519.000 0 0 0.000 0.000 0.000 0.125 0 1 0 0 0 0
 11 60539.000 146920.000 0 0 0.000 0.000 0.000 0.128 0 1 0 0 0 0
 12 108044.000 162538.000 0 0 0.000 0.000 0.000 0.138 0 1 0 0 0 0
 13 121369.000 38843.000 0 0 0.000 0.000 0.000 0.121 0 1 0 0 0 0
 14 102738.000 33065.000 0 0 0.000 0.000 0.000 0.121 0 1 0 0 0 0
 15 126859.000 38680.000 0 0 0.000 0.000 0.000 0.130 0 1 0 0 0 0
 16 81601.000 165640.000 0 0 0.000 0.000 0.000 0.217 0 1 0 0 0 0
 17 103540.000 171046.000 0 0 0.000 0.000 0.000 0.123 0 1 0 0 0 0
 18 162900.000 134906.000 0 0 0.000 0.000 0.000 0.130 0 1 0 0 0 0
 19 110065.000 25396.000 0 0 0.000 0.000 0.000 0.135 0 1 0 0 0 0
 20 137479.000 168704.000 0 0 0.000 0.000 0.000 0.206 0 1 0 0 0 0
 21 103458.000 179985.000 0 0 0.000 0.000 0.000 0.134 0 1 0 0 0 0
 22 103688.000 19715.000 0 0 0.000 0.000 0.000 0.136 0 1 0 0 0 0
 23 95405.000 182683.000 0 0 0.000 0.000 0.000 0.132 0 1 0 0 0 0
 24 149161.000 31997.000 0 0 0.000 0.000 0.000 0.124 0 1 0 0 0 0
 25 129615.000 17914.000 0 0 0.000 0.000 0.000 0.138 0 1 0 0 0 0
 26 21178.000 59997.000 0 0 0.000 0.000 0.000 0.131 0 1 0 0 0 0
 27 181903.000 134238.000 0 0 0.000 0.000 0.000 0.306 0 1 0 0 0 0
 28 132669.000 183872.000 0 0 0.000 0.000 0.000 0.146 0 1 0 0 0 0
 29 161236.000 32236.000 0 0 0.000 0.000 0.000 0.219 0 1 0 0 0 0
 30 99640.000 7529.000 0 0 0.000 0.000 0.000 0.213 0 1 0 0 0 0
 31 7053.000 96508.000 0 0 0.000 0.000 0.000 0.123 0 1 0 0 0 0
 32 160952.000 30352.000 0 0 0.000 0.000 0.000 0.208 0 1 0 0 0 0
 33 155310.000 25444.000 0 0 0.000 0.000 0.000 0.427 0 1 0 0 0 0
 34 20127.000 51362.000 0 0 0.000 0.000 0.000 0.120 0 1 0 0 0 0
 35 160069.000 26383.000 0 0 0.000 0.000 0.000 0.274 0 1 0 0 0 0
 36 160148.000 26010.000 0 0 0.000 0.000 0.000 0.248 0 1 0 0 0 0
 37 160044.000 24617.000 0 0 0.000 0.000 0.000 0.231 0 1 0 0 0 0
 38 160054.000 24775.000 0 0 0.000 0.000 0.000 0.257 0 1 0 0 0 0
 39 159823.000 24359.000 0 0 0.000 0.000 0.000 0.447 0 1 0 0 0 0;
ProcessEquipmentIDList 1
  "6514" ;
SummarySpec 5
  TESTNO    NDEFECT    DEFDENSITY    NDIE    NDEFDIE  ;
SummaryList 
  1    39    0.1368    1    1  ;
EndOfFile;
