FileVersion 1 2;
FileTimestamp 02-10-26 22:10:17;
InspectionStationID "KLA-Tencor" "SFSSP1" "0901-0728-TBI";
SampleType WAFER;
ResultTimestamp 02-10-26 22:06:22;
LotID "2850";
SampleSize 1 200;
DeviceID "None";
SetupID "T2-2850A" 02-10-26 22:06:22;
StepID "6954";
SampleOrientationMarkType NOTCH;
OrientationMarkLocation DOWN;
DiePitch 200000 200000;
DieOrigin 0 0;
WaferID "06";
Slot 6;
SampleCenterLocation 100000 100000;
ClassLookup 1
  0 "0"  ;
OrientationInstructions "Front";
CoordinatesMirrored No;
InspectionTest 1;
SampleTestPlan 1
  0 0 ;
AreaPerTest 2.85016e+010;
DefectRecordSpec 15 DEFECTID XREL YREL XINDEX YINDEX XSIZE YSIZE DEFECTAREA DSIZE CLASSNUMBER TEST CLUSTERNUMBER ROUGHBINNUMBER FINEBINNUMBER REVIEWSAMPLE ;
DefectList
 1 112456.000 111186.000 0 0 0.000 0.000 0.000 0.126 0 1 0 0 0 0
 2 83582.000 104014.000 0 0 0.000 0.000 0.000 0.232 0 1 0 0 0 0
 3 121419.000 80536.000 0 0 0.000 0.000 0.000 0.122 0 1 0 0 0 0
 4 69230.000 99410.000 0 0 0.000 0.000 0.000 0.131 0 1 0 0 0 0
 5 131123.000 104474.000 0 0 0.000 0.000 0.000 0.136 0 1 0 0 0 0
 6 133327.000 100570.000 0 0 0.000 0.000 0.000 0.121 0 1 0 0 0 0
 7 119542.000 68912.000 0 0 0.000 0.000 0.000 0.133 0 1 0 0 0 0
 8 119680.000 68809.000 0 0 0.000 0.000 0.000 0.141 0 1 0 0 0 0
 9 122218.000 70119.000 0 0 0.000 0.000 0.000 0.135 0 1 0 0 0 0
 10 101807.000 138936.000 0 0 0.000 0.000 0.000 0.259 0 1 0 0 0 0
 11 134567.000 134121.000 0 0 0.000 0.000 0.000 0.137 0 1 0 0 0 0
 12 134425.000 63033.000 0 0 0.000 0.000 0.000 0.152 0 1 0 0 0 0
 13 66772.000 142285.000 0 0 0.000 0.000 0.000 0.126 0 1 0 0 0 0
 14 43993.000 117607.000 0 0 0.000 0.000 0.000 200000.000 0 1 0 200 0 0
 15 62752.000 146402.000 0 0 0.000 0.000 0.000 0.120 0 1 0 0 0 0
 16 40561.000 98806.000 0 0 0.000 0.000 0.000 0.124 0 1 0 0 0 0
 17 50090.000 140078.000 0 0 0.000 0.000 0.000 0.293 0 1 0 0 0 0
 18 153117.000 63827.000 0 0 0.000 0.000 0.000 0.120 0 1 0 0 0 0
 19 30551.000 75344.000 0 0 0.000 0.000 0.000 200000.000 0 1 0 200 0 0
 20 167577.000 57396.000 0 0 0.000 0.000 0.000 0.120 0 1 0 0 0 0
 21 188625.000 116168.000 0 0 0.000 0.000 0.000 0.120 0 1 0 0 0 0
 22 165892.000 162213.000 0 0 0.000 0.000 0.000 0.158 0 1 0 0 0 0
 23 111180.000 189921.000 0 0 0.000 0.000 0.000 0.125 0 1 0 0 0 0
 24 158997.000 169601.000 0 0 0.000 0.000 0.000 0.496 0 1 0 0 0 0
 25 152627.000 177620.000 0 0 0.000 0.000 0.000 0.121 0 1 0 0 0 0
 26 143083.000 183804.000 0 0 0.000 0.000 0.000 0.126 0 1 0 0 0 0
 27 175693.000 40227.000 0 0 0.000 0.000 0.000 0.120 0 1 0 0 0 0;
ProcessEquipmentIDList 1
  "6514" ;
SummarySpec 5
  TESTNO    NDEFECT    DEFDENSITY    NDIE    NDEFDIE  ;
SummaryList 
  1    27    0.09473    1    1  ;
EndOfFile;
