FileVersion 1 2;
FileTimestamp 02-10-26 23:47:52;
InspectionStationID "KLA-Tencor" "SFSSP1" "0901-0728-TBI";
SampleType WAFER;
ResultTimestamp 02-10-26 23:35:18;
LotID "2850";
SampleSize 1 200;
DeviceID "None";
SetupID "T2-2850A" 02-10-26 23:35:18;
StepID "6954";
SampleOrientationMarkType NOTCH;
OrientationMarkLocation DOWN;
DiePitch 200000 200000;
DieOrigin 0 0;
WaferID "20";
Slot 20;
SampleCenterLocation 100000 100000;
ClassLookup 1
  0 "0"  ;
OrientationInstructions "Front";
CoordinatesMirrored No;
InspectionTest 1;
SampleTestPlan 1
  0 0 ;
AreaPerTest 2.85029e+010;
ClusterClassificationList 15
  12 200 
  3 210 
  14 200 
  11 200 
  10 200 
  7 210 
  5 210 
  2 210 
  4 200 
  6 210 
  9 200 
  13 200 
  15 210 
  1 200 
  8 210 ;
DefectRecordSpec 15 DEFECTID XREL YREL XINDEX YINDEX XSIZE YSIZE DEFECTAREA DSIZE CLASSNUMBER TEST CLUSTERNUMBER ROUGHBINNUMBER FINEBINNUMBER REVIEWSAMPLE ;
DefectList
 1 109227.000 90888.000 0 0 0.000 0.000 0.000 0.472 0 1 0 0 0 0
 2 102525.000 57978.000 0 0 0.000 0.000 0.000 0.121 0 1 0 0 0 0
 3 51311.000 113850.000 0 0 0.000 0.000 0.000 0.136 0 1 0 0 0 0
 4 39704.000 82993.000 0 0 0.000 0.000 0.000 0.211 0 1 0 0 0 0
 5 107229.000 164418.000 0 0 0.000 0.000 0.000 0.122 0 1 0 0 0 0
 6 167823.000 80584.000 0 0 0.000 0.000 0.000 0.124 0 1 0 0 0 0
 7 57935.000 43260.000 0 0 0.000 0.000 0.000 0.220 0 1 0 0 0 0
 8 124400.000 168698.000 0 0 0.000 0.000 0.000 0.120 0 1 0 0 0 0
 9 97790.000 173430.000 0 0 0.000 0.000 0.000 0.121 0 1 0 0 0 0
 10 114605.000 172401.000 0 0 0.000 0.000 0.000 0.123 0 1 0 0 0 0
 11 128693.000 168480.000 0 0 0.000 0.000 0.000 0.121 0 1 0 0 0 0
 12 140514.000 163141.000 0 0 0.000 0.000 0.000 0.123 0 1 0 0 0 0
 13 127728.000 169619.000 0 0 0.000 0.000 0.000 0.121 0 1 0 0 0 0
 14 114490.000 174788.000 0 0 0.000 0.000 0.000 0.121 0 1 0 0 0 0
 15 63155.000 166684.000 0 0 0.000 0.000 0.000 0.126 0 1 0 0 0 0
 16 46187.000 153952.000 0 0 0.000 0.000 0.000 0.235 0 1 0 0 0 0
 17 93590.000 176087.000 0 0 0.000 0.000 0.000 0.129 0 1 0 0 0 0
 18 113333.000 175815.000 0 0 0.000 0.000 0.000 0.122 0 1 0 0 0 0
 19 95072.000 178271.000 0 0 0.000 0.000 0.000 0.120 0 1 0 0 0 0
 20 103842.000 179211.000 0 0 0.000 0.000 0.000 0.120 0 1 0 0 0 0
 21 20085.000 96636.000 0 0 0.000 0.000 0.000 0.123 0 1 0 0 0 0
 22 129214.000 174934.000 0 0 0.000 0.000 0.000 0.122 0 1 0 0 0 0
 23 113599.000 180026.000 0 0 0.000 0.000 0.000 0.129 0 1 0 0 0 0
 24 121466.000 178368.000 0 0 0.000 0.000 0.000 0.121 0 1 0 0 0 0
 25 122350.000 180353.000 0 0 0.000 0.000 0.000 0.130 0 1 0 0 0 0
 26 23305.000 67791.000 0 0 56.000 42.000 2352.000 48.497 0 1 12 200 0 0
 27 24577.000 63926.000 0 0 56.000 42.000 2352.000 48.497 0 1 3 210 0 0
 28 21312.000 70467.000 0 0 0.000 0.000 0.000 0.123 0 1 0 0 0 0
 29 22588.000 67058.000 0 0 56.000 42.000 2352.000 48.497 0 1 12 200 0 0
 30 23667.000 64541.000 0 0 56.000 42.000 2352.000 48.497 0 1 3 210 0 0
 31 23804.000 64423.000 0 0 56.000 42.000 2352.000 48.497 0 1 3 210 0 0
 32 23842.000 64312.000 0 0 56.000 42.000 2352.000 48.497 0 1 3 210 0 0
 33 23861.000 64074.000 0 0 56.000 42.000 2352.000 48.497 0 1 3 210 0 0
 34 24575.000 62580.000 0 0 56.000 44.000 2464.000 49.638 0 1 3 210 0 0
 35 24875.000 61998.000 0 0 56.000 44.000 2464.000 49.638 0 1 3 210 0 0
 36 25401.000 61028.000 0 0 56.000 44.000 2464.000 49.638 0 1 3 210 0 0
 37 25461.000 60959.000 0 0 56.000 44.000 2464.000 49.638 0 1 3 210 0 0
 38 183977.000 106306.000 0 0 0.000 0.000 0.000 0.122 0 1 0 0 0 0
 39 20727.000 71164.000 0 0 0.000 0.000 0.000 0.128 0 1 0 0 0 0
 40 21085.000 70580.000 0 0 0.000 0.000 0.000 0.121 0 1 0 0 0 0
 41 22414.000 67226.000 0 0 56.000 42.000 2352.000 48.497 0 1 12 200 0 0
 42 22666.000 66701.000 0 0 54.000 42.000 2268.000 47.623 0 1 12 200 0 0
 43 22761.000 66517.000 0 0 54.000 42.000 2268.000 47.623 0 1 12 200 0 0
 44 23948.000 63883.000 0 0 56.000 42.000 2352.000 48.497 0 1 3 210 0 0
 45 24028.000 63594.000 0 0 56.000 42.000 2352.000 48.497 0 1 3 210 0 0
 46 23967.000 63452.000 0 0 56.000 42.000 2352.000 48.497 0 1 3 210 0 0
 47 24285.000 63157.000 0 0 56.000 42.000 2352.000 48.497 0 1 3 210 0 0
 48 24323.000 63027.000 0 0 56.000 42.000 2352.000 48.497 0 1 3 210 0 0
 49 24428.000 62872.000 0 0 56.000 44.000 2464.000 49.638 0 1 3 210 0 0
 50 24510.000 62647.000 0 0 56.000 44.000 2464.000 49.638 0 1 3 210 0 0
 51 24526.000 62306.000 0 0 56.000 44.000 2464.000 49.638 0 1 3 210 0 0
 52 24755.000 62226.000 0 0 56.000 44.000 2464.000 49.638 0 1 3 210 0 0
 53 24784.000 62154.000 0 0 56.000 44.000 2464.000 49.638 0 1 3 210 0 0
 54 25071.000 61517.000 0 0 56.000 44.000 2464.000 49.638 0 1 3 210 0 0
 55 25271.000 61183.000 0 0 56.000 44.000 2464.000 49.638 0 1 3 210 0 0
 56 25477.000 60844.000 0 0 56.000 44.000 2464.000 49.638 0 1 3 210 0 0
 57 25666.000 60459.000 0 0 56.000 44.000 2464.000 49.638 0 1 3 210 0 0
 58 25704.000 60415.000 0 0 56.000 44.000 2464.000 49.638 0 1 3 210 0 0
 59 25731.000 60305.000 0 0 56.000 44.000 2464.000 49.638 0 1 3 210 0 0
 60 25826.000 60164.000 0 0 56.000 44.000 2464.000 49.638 0 1 3 210 0 0
 61 25887.000 60040.000 0 0 56.000 44.000 2464.000 49.638 0 1 3 210 0 0
 62 25935.000 59901.000 0 0 54.000 44.000 2376.000 48.744 0 1 3 210 0 0
 63 26070.000 59644.000 0 0 54.000 44.000 2376.000 48.744 0 1 3 210 0 0
 64 26114.000 59552.000 0 0 54.000 46.000 2484.000 49.839 0 1 3 210 0 0
 65 26426.000 58804.000 0 0 54.000 46.000 2484.000 49.839 0 1 3 210 0 0
 66 21007.000 70001.000 0 0 0.000 0.000 0.000 0.125 0 1 0 0 0 0
 67 21947.000 68083.000 0 0 56.000 42.000 2352.000 48.497 0 1 12 200 0 0
 68 21984.000 67847.000 0 0 56.000 42.000 2352.000 48.497 0 1 12 200 0 0
 69 22056.000 67707.000 0 0 56.000 42.000 2352.000 48.497 0 1 12 200 0 0
 70 25247.000 61024.000 0 0 56.000 44.000 2464.000 49.638 0 1 3 210 0 0
 71 26347.000 58937.000 0 0 54.000 46.000 2484.000 49.839 0 1 3 210 0 0
 72 26501.000 58619.000 0 0 54.000 46.000 2484.000 49.839 0 1 3 210 0 0
 73 26552.000 58480.000 0 0 54.000 46.000 2484.000 49.839 0 1 3 210 0 0
 74 26606.000 58142.000 0 0 54.000 46.000 2484.000 49.839 0 1 3 210 0 0
 75 26652.000 58033.000 0 0 54.000 46.000 2484.000 49.839 0 1 3 210 0 0
 76 26856.000 57654.000 0 0 56.000 46.000 2576.000 50.754 0 1 3 210 0 0
 77 22999.000 65164.000 0 0 0.000 0.000 0.000 0.122 0 1 0 0 0 0
 78 24302.000 62457.000 0 0 56.000 44.000 2464.000 49.638 0 1 3 210 0 0
 79 26775.000 57734.000 0 0 54.000 46.000 2484.000 49.839 0 1 3 210 0 0
 80 26915.000 57392.000 0 0 56.000 46.000 2576.000 50.754 0 1 3 210 0 0
 81 27047.000 57050.000 0 0 56.000 46.000 2576.000 50.754 0 1 3 210 0 0
 82 28126.000 55478.000 0 0 56.000 48.000 2688.000 51.845 0 1 3 210 0 0
 83 21578.000 67706.000 0 0 56.000 42.000 2352.000 48.497 0 1 12 200 0 0
 84 24293.000 61979.000 0 0 56.000 44.000 2464.000 49.638 0 1 3 210 0 0
 85 26938.000 57156.000 0 0 56.000 46.000 2576.000 50.754 0 1 3 210 0 0
 86 27066.000 56944.000 0 0 56.000 46.000 2576.000 50.754 0 1 3 210 0 0
 87 27260.000 56339.000 0 0 56.000 46.000 2576.000 50.754 0 1 3 210 0 0
 88 27362.000 56187.000 0 0 56.000 46.000 2576.000 50.754 0 1 3 210 0 0
 89 28109.000 55274.000 0 0 56.000 48.000 2688.000 51.845 0 1 3 210 0 0
 90 28193.000 55111.000 0 0 56.000 48.000 2688.000 51.845 0 1 3 210 0 0
 91 21404.000 67851.000 0 0 56.000 42.000 2352.000 48.497 0 1 12 200 0 0
 92 21603.000 67646.000 0 0 56.000 42.000 2352.000 48.497 0 1 12 200 0 0
 93 27295.000 56231.000 0 0 56.000 46.000 2576.000 50.754 0 1 3 210 0 0
 94 27451.000 56012.000 0 0 56.000 46.000 2576.000 50.754 0 1 3 210 0 0
 95 27555.000 55769.000 0 0 56.000 48.000 2688.000 51.845 0 1 3 210 0 0
 96 27597.000 55689.000 0 0 56.000 48.000 2688.000 51.845 0 1 3 210 0 0
 97 20760.000 68685.000 0 0 56.000 42.000 2352.000 48.497 0 1 12 200 0 0
 98 21646.000 67103.000 0 0 56.000 42.000 2352.000 48.497 0 1 12 200 0 0
 99 27574.000 55446.000 0 0 56.000 48.000 2688.000 51.845 0 1 3 210 0 0
 100 27723.000 55159.000 0 0 56.000 48.000 2688.000 51.845 0 1 3 210 0 0
 101 28587.000 53879.000 0 0 56.000 48.000 2688.000 51.845 0 1 3 210 0 0
 102 27825.000 54779.000 0 0 56.000 48.000 2688.000 51.845 0 1 3 210 0 0
 103 27950.000 54543.000 0 0 56.000 48.000 2688.000 51.845 0 1 3 210 0 0
 104 29467.000 51948.000 0 0 54.000 48.000 2592.000 50.911 0 1 3 210 0 0
 105 29646.000 51849.000 0 0 54.000 48.000 2592.000 50.911 0 1 3 210 0 0
 106 29909.000 51608.000 0 0 54.000 48.000 2592.000 50.911 0 1 3 210 0 0
 107 17223.000 78778.000 0 0 54.000 36.000 1944.000 44.090 0 1 14 200 0 0
 108 17308.000 78537.000 0 0 56.000 36.000 2016.000 44.899 0 1 14 200 0 0
 109 17207.000 78434.000 0 0 56.000 36.000 2016.000 44.899 0 1 14 200 0 0
 110 20039.000 69991.000 0 0 56.000 40.000 2240.000 47.328 0 1 12 200 0 0
 111 20855.000 67912.000 0 0 56.000 42.000 2352.000 48.497 0 1 12 200 0 0
 112 20976.000 67758.000 0 0 56.000 42.000 2352.000 48.497 0 1 12 200 0 0
 113 21247.000 66889.000 0 0 56.000 42.000 2352.000 48.497 0 1 12 200 0 0
 114 23239.000 62658.000 0 0 56.000 42.000 2352.000 48.497 0 1 3 210 0 0
 115 23881.000 61339.000 0 0 56.000 44.000 2464.000 49.638 0 1 3 210 0 0
 116 27930.000 53971.000 0 0 56.000 48.000 2688.000 51.845 0 1 3 210 0 0
 117 28104.000 53708.000 0 0 56.000 48.000 2688.000 51.845 0 1 3 210 0 0
 118 29043.000 52434.000 0 0 54.000 46.000 2484.000 49.839 0 1 3 210 0 0
 119 29173.000 52210.000 0 0 54.000 46.000 2484.000 49.839 0 1 3 210 0 0
 120 29267.000 52106.000 0 0 54.000 48.000 2592.000 50.911 0 1 3 210 0 0
 121 30221.000 50897.000 0 0 54.000 48.000 2592.000 50.911 0 1 3 210 0 0
 122 30923.000 49709.000 0 0 56.000 48.000 2688.000 51.845 0 1 3 210 0 0
 123 16700.000 79619.000 0 0 54.000 34.000 1836.000 42.848 0 1 14 200 0 0
 124 16910.000 79192.000 0 0 54.000 36.000 1944.000 44.090 0 1 14 200 0 0
 125 17102.000 78656.000 0 0 54.000 36.000 1944.000 44.090 0 1 14 200 0 0
 126 17110.000 78574.000 0 0 56.000 36.000 2016.000 44.899 0 1 14 200 0 0
 127 21318.000 69013.000 0 0 56.000 42.000 2352.000 48.497 0 1 12 200 0 0
 128 22053.000 64733.000 0 0 0.000 0.000 0.000 0.120 0 1 0 0 0 0
 129 28117.000 53372.000 0 0 54.000 48.000 2592.000 50.911 0 1 3 210 0 0
 130 29400.000 51584.000 0 0 54.000 48.000 2592.000 50.911 0 1 3 210 0 0
 131 29547.000 51436.000 0 0 54.000 48.000 2592.000 50.911 0 1 3 210 0 0
 132 30631.000 49817.000 0 0 56.000 48.000 2688.000 51.845 0 1 3 210 0 0
 133 30780.000 49758.000 0 0 56.000 48.000 2688.000 51.845 0 1 3 210 0 0
 134 16749.000 79266.000 0 0 54.000 36.000 1944.000 44.090 0 1 14 200 0 0
 135 16763.000 79092.000 0 0 54.000 36.000 1944.000 44.090 0 1 14 200 0 0
 136 16854.000 78945.000 0 0 54.000 36.000 1944.000 44.090 0 1 14 200 0 0
 137 16878.000 78735.000 0 0 54.000 36.000 1944.000 44.090 0 1 14 200 0 0
 138 19552.000 69935.000 0 0 56.000 40.000 2240.000 47.328 0 1 12 200 0 0
 139 20144.000 68746.000 0 0 56.000 42.000 2352.000 48.497 0 1 12 200 0 0
 140 20207.000 68643.000 0 0 56.000 42.000 2352.000 48.497 0 1 12 200 0 0
 141 28130.000 53259.000 0 0 54.000 48.000 2592.000 50.911 0 1 3 210 0 0
 142 28197.000 53159.000 0 0 54.000 48.000 2592.000 50.911 0 1 3 210 0 0
 143 28990.000 51872.000 0 0 54.000 48.000 2592.000 50.911 0 1 3 210 0 0
 144 28994.000 51745.000 0 0 54.000 48.000 2592.000 50.911 0 1 3 210 0 0
 145 29721.000 50866.000 0 0 54.000 48.000 2592.000 50.911 0 1 3 210 0 0
 146 29766.000 50736.000 0 0 54.000 48.000 2592.000 50.911 0 1 3 210 0 0
 147 30030.000 50464.000 0 0 54.000 48.000 2592.000 50.911 0 1 3 210 0 0
 148 16760.000 78802.000 0 0 54.000 36.000 1944.000 44.090 0 1 14 200 0 0
 149 20563.000 69009.000 0 0 56.000 42.000 2352.000 48.497 0 1 12 200 0 0
 150 20617.000 67173.000 0 0 56.000 42.000 2352.000 48.497 0 1 12 200 0 0
 151 29801.000 50544.000 0 0 54.000 48.000 2592.000 50.911 0 1 3 210 0 0
 152 29870.000 50410.000 0 0 54.000 48.000 2592.000 50.911 0 1 3 210 0 0
 153 29937.000 50149.000 0 0 54.000 48.000 2592.000 50.911 0 1 3 210 0 0
 154 30342.000 49729.000 0 0 56.000 48.000 2688.000 51.845 0 1 3 210 0 0
 155 15801.000 81648.000 0 0 0.000 0.000 0.000 0.124 0 1 0 0 0 0
 156 19805.000 68696.000 0 0 56.000 42.000 2352.000 48.497 0 1 12 200 0 0
 157 22221.000 63080.000 0 0 56.000 42.000 2352.000 48.497 0 1 3 210 0 0
 158 22597.000 62054.000 0 0 56.000 44.000 2464.000 49.638 0 1 3 210 0 0
 159 22760.000 61986.000 0 0 56.000 44.000 2464.000 49.638 0 1 3 210 0 0
 160 28273.000 52469.000 0 0 54.000 48.000 2592.000 50.911 0 1 3 210 0 0
 161 30279.000 49500.000 0 0 56.000 48.000 2688.000 51.845 0 1 3 210 0 0
 162 30372.000 49254.000 0 0 56.000 48.000 2688.000 51.845 0 1 3 210 0 0
 163 30995.000 48430.000 0 0 56.000 48.000 2688.000 51.845 0 1 3 210 0 0
 164 19598.000 68691.000 0 0 56.000 42.000 2352.000 48.497 0 1 12 200 0 0
 165 19796.000 67837.000 0 0 56.000 42.000 2352.000 48.497 0 1 12 200 0 0
 166 20399.000 66948.000 0 0 56.000 42.000 2352.000 48.497 0 1 12 200 0 0
 167 27755.000 53088.000 0 0 54.000 48.000 2592.000 50.911 0 1 3 210 0 0
 168 28248.000 52272.000 0 0 54.000 46.000 2484.000 49.839 0 1 3 210 0 0
 169 30722.000 48664.000 0 0 56.000 48.000 2688.000 51.845 0 1 3 210 0 0
 170 30836.000 48615.000 0 0 56.000 48.000 2688.000 51.845 0 1 3 210 0 0
 171 31100.000 47985.000 0 0 54.000 50.000 2700.000 51.961 0 1 3 210 0 0
 172 15311.000 82382.000 0 0 0.000 0.000 0.000 0.122 0 1 0 0 0 0
 173 16144.000 78476.000 0 0 54.000 36.000 1944.000 44.090 0 1 14 200 0 0
 174 19165.000 69399.000 0 0 56.000 40.000 2240.000 47.328 0 1 12 200 0 0
 175 19383.000 68776.000 0 0 56.000 42.000 2352.000 48.497 0 1 12 200 0 0
 176 21072.000 64906.000 0 0 0.000 0.000 0.000 0.120 0 1 0 0 0 0
 177 21552.000 63401.000 0 0 56.000 42.000 2352.000 48.497 0 1 3 210 0 0
 178 30550.000 48722.000 0 0 56.000 48.000 2688.000 51.845 0 1 3 210 0 0
 179 31233.000 47716.000 0 0 54.000 50.000 2700.000 51.961 0 1 3 210 0 0
 180 31306.000 47526.000 0 0 54.000 50.000 2700.000 51.961 0 1 3 210 0 0
 181 31323.000 47340.000 0 0 54.000 50.000 2700.000 51.961 0 1 3 210 0 0
 182 18954.000 69412.000 0 0 56.000 40.000 2240.000 47.328 0 1 12 200 0 0
 183 19422.000 67830.000 0 0 56.000 42.000 2352.000 48.497 0 1 12 200 0 0
 184 19621.000 67488.000 0 0 56.000 42.000 2352.000 48.497 0 1 12 200 0 0
 185 21392.000 63592.000 0 0 56.000 42.000 2352.000 48.497 0 1 3 210 0 0
 186 21771.000 62847.000 0 0 56.000 42.000 2352.000 48.497 0 1 3 210 0 0
 187 22256.000 61784.000 0 0 56.000 44.000 2464.000 49.638 0 1 3 210 0 0
 188 22702.000 60662.000 0 0 56.000 44.000 2464.000 49.638 0 1 3 210 0 0
 189 28377.000 51394.000 0 0 0.000 0.000 0.000 0.121 0 1 0 0 0 0
 190 29401.000 49658.000 0 0 54.000 48.000 2592.000 50.911 0 1 3 210 0 0
 191 31346.000 47258.000 0 0 54.000 50.000 2700.000 51.961 0 1 3 210 0 0
 192 19072.000 68694.000 0 0 56.000 42.000 2352.000 48.497 0 1 12 200 0 0
 193 19296.000 68076.000 0 0 56.000 42.000 2352.000 48.497 0 1 12 200 0 0
 194 19460.000 67679.000 0 0 56.000 42.000 2352.000 48.497 0 1 12 200 0 0
 195 21710.000 62641.000 0 0 56.000 42.000 2352.000 48.497 0 1 3 210 0 0
 196 21891.000 62134.000 0 0 56.000 42.000 2352.000 48.497 0 1 3 210 0 0
 197 22184.000 61622.000 0 0 56.000 44.000 2464.000 49.638 0 1 3 210 0 0
 198 22390.000 61162.000 0 0 56.000 44.000 2464.000 49.638 0 1 3 210 0 0
 199 22902.000 59888.000 0 0 56.000 44.000 2464.000 49.638 0 1 3 210 0 0
 200 23257.000 59444.000 0 0 56.000 44.000 2464.000 49.638 0 1 3 210 0 0
 201 25643.000 55241.000 0 0 0.000 0.000 0.000 0.120 0 1 0 0 0 0
 202 27421.000 52472.000 0 0 54.000 48.000 2592.000 50.911 0 1 3 210 0 0
 203 27458.000 52396.000 0 0 54.000 48.000 2592.000 50.911 0 1 3 210 0 0
 204 28290.000 51198.000 0 0 0.000 0.000 0.000 0.122 0 1 0 0 0 0
 205 31358.000 47025.000 0 0 54.000 50.000 2700.000 51.961 0 1 3 210 0 0
 206 18541.000 69652.000 0 0 56.000 40.000 2240.000 47.328 0 1 12 200 0 0
 207 22629.000 60357.000 0 0 56.000 44.000 2464.000 49.638 0 1 3 210 0 0
 208 23020.000 59714.000 0 0 56.000 44.000 2464.000 49.638 0 1 3 210 0 0
 209 23054.000 59666.000 0 0 56.000 44.000 2464.000 49.638 0 1 3 210 0 0
 210 23375.000 58882.000 0 0 56.000 44.000 2464.000 49.638 0 1 3 210 0 0
 211 26962.000 52899.000 0 0 56.000 48.000 2688.000 51.845 0 1 3 210 0 0
 212 27044.000 52678.000 0 0 54.000 48.000 2592.000 50.911 0 1 3 210 0 0
 213 27207.000 52535.000 0 0 54.000 48.000 2592.000 50.911 0 1 3 210 0 0
 214 31345.000 46735.000 0 0 54.000 50.000 2700.000 51.961 0 1 3 210 0 0
 215 31489.000 46503.000 0 0 54.000 50.000 2700.000 51.961 0 1 3 210 0 0
 216 21181.000 62949.000 0 0 56.000 42.000 2352.000 48.497 0 1 3 210 0 0
 217 21598.000 62144.000 0 0 56.000 42.000 2352.000 48.497 0 1 3 210 0 0
 218 23602.000 58092.000 0 0 54.000 46.000 2484.000 49.839 0 1 3 210 0 0
 219 23655.000 58045.000 0 0 54.000 46.000 2484.000 49.839 0 1 3 210 0 0
 220 27079.000 52576.000 0 0 54.000 48.000 2592.000 50.911 0 1 3 210 0 0
 221 31458.000 46357.000 0 0 54.000 50.000 2700.000 51.961 0 1 3 210 0 0
 222 31501.000 46184.000 0 0 54.000 50.000 2700.000 51.961 0 1 3 210 0 0
 223 31528.000 46061.000 0 0 54.000 50.000 2700.000 51.961 0 1 3 210 0 0
 224 14741.000 81024.000 0 0 0.000 0.000 0.000 0.124 0 1 0 0 0 0
 225 14791.000 80476.000 0 0 0.000 0.000 0.000 0.128 0 1 0 0 0 0
 226 26614.000 52888.000 0 0 56.000 48.000 2688.000 51.845 0 1 3 210 0 0
 227 29526.000 48568.000 0 0 0.000 0.000 0.000 0.128 0 1 0 0 0 0
 228 31572.000 45935.000 0 0 54.000 50.000 2700.000 51.961 0 1 3 210 0 0
 229 31664.000 45767.000 0 0 54.000 50.000 2700.000 51.961 0 1 3 210 0 0
 230 24114.000 56529.000 0 0 0.000 0.000 0.000 0.125 0 1 0 0 0 0
 231 26353.000 52660.000 0 0 56.000 48.000 2688.000 51.845 0 1 3 210 0 0
 232 26677.000 52379.000 0 0 54.000 48.000 2592.000 50.911 0 1 3 210 0 0
 233 31609.000 45568.000 0 0 54.000 50.000 2700.000 51.961 0 1 3 210 0 0
 234 31737.000 45359.000 0 0 54.000 50.000 2700.000 51.961 0 1 3 210 0 0
 235 31897.000 45132.000 0 0 54.000 50.000 2700.000 51.961 0 1 3 210 0 0
 236 24263.000 55940.000 0 0 0.000 0.000 0.000 0.120 0 1 0 0 0 0
 237 25943.000 53201.000 0 0 56.000 48.000 2688.000 51.845 0 1 3 210 0 0
 238 27472.000 50919.000 0 0 54.000 48.000 2592.000 50.911 0 1 3 210 0 0
 239 28557.000 49115.000 0 0 54.000 48.000 2592.000 50.911 0 1 3 210 0 0
 240 28958.000 48568.000 0 0 0.000 0.000 0.000 0.128 0 1 0 0 0 0
 241 29241.000 48395.000 0 0 0.000 0.000 0.000 0.128 0 1 0 0 0 0
 242 31926.000 44900.000 0 0 54.000 50.000 2700.000 51.961 0 1 3 210 0 0
 243 31912.000 44742.000 0 0 54.000 50.000 2700.000 51.961 0 1 3 210 0 0
 244 23944.000 56109.000 0 0 0.000 0.000 0.000 0.122 0 1 0 0 0 0
 245 25670.000 53252.000 0 0 56.000 48.000 2688.000 51.845 0 1 3 210 0 0
 246 26018.000 52839.000 0 0 56.000 48.000 2688.000 51.845 0 1 3 210 0 0
 247 26294.000 52335.000 0 0 54.000 48.000 2592.000 50.911 0 1 3 210 0 0
 248 26994.000 51267.000 0 0 54.000 46.000 2484.000 49.839 0 1 3 210 0 0
 249 27038.000 51068.000 0 0 54.000 46.000 2484.000 49.839 0 1 3 210 0 0
 250 28223.000 49436.000 0 0 54.000 48.000 2592.000 50.911 0 1 3 210 0 0
 251 29042.000 48406.000 0 0 0.000 0.000 0.000 0.130 0 1 0 0 0 0
 252 29715.000 47299.000 0 0 0.000 0.000 0.000 0.120 0 1 0 0 0 0
 253 29832.000 47287.000 0 0 0.000 0.000 0.000 0.127 0 1 0 0 0 0
 254 31945.000 44645.000 0 0 54.000 50.000 2700.000 51.961 0 1 3 210 0 0
 255 18665.000 66232.000 0 0 56.000 42.000 2352.000 48.497 0 1 11 200 0 0
 256 25393.000 53326.000 0 0 56.000 48.000 2688.000 51.845 0 1 3 210 0 0
 257 25446.000 53260.000 0 0 56.000 48.000 2688.000 51.845 0 1 3 210 0 0
 258 26926.000 51114.000 0 0 54.000 46.000 2484.000 49.839 0 1 3 210 0 0
 259 27108.000 50861.000 0 0 54.000 46.000 2484.000 49.839 0 1 3 210 0 0
 260 28190.000 49227.000 0 0 54.000 48.000 2592.000 50.911 0 1 3 210 0 0
 261 31981.000 44254.000 0 0 54.000 50.000 2700.000 51.961 0 1 3 210 0 0
 262 26293.000 51784.000 0 0 54.000 48.000 2592.000 50.911 0 1 3 210 0 0
 263 26718.000 51178.000 0 0 54.000 46.000 2484.000 49.839 0 1 3 210 0 0
 264 27125.000 50433.000 0 0 54.000 48.000 2592.000 50.911 0 1 3 210 0 0
 265 27926.000 49253.000 0 0 54.000 48.000 2592.000 50.911 0 1 3 210 0 0
 266 28132.000 49025.000 0 0 54.000 48.000 2592.000 50.911 0 1 3 210 0 0
 267 31860.000 44335.000 0 0 54.000 50.000 2700.000 51.961 0 1 3 210 0 0
 268 31943.000 44096.000 0 0 54.000 50.000 2700.000 51.961 0 1 3 210 0 0
 269 31988.000 44013.000 0 0 54.000 50.000 2700.000 51.961 0 1 3 210 0 0
 270 32230.000 43631.000 0 0 54.000 50.000 2700.000 51.961 0 1 3 210 0 0
 271 17784.000 67760.000 0 0 56.000 42.000 2352.000 48.497 0 1 11 200 0 0
 272 27274.000 49743.000 0 0 54.000 48.000 2592.000 50.911 0 1 3 210 0 0
 273 27749.000 49283.000 0 0 54.000 48.000 2592.000 50.911 0 1 3 210 0 0
 274 27851.000 49148.000 0 0 54.000 48.000 2592.000 50.911 0 1 3 210 0 0
 275 27906.000 48926.000 0 0 54.000 48.000 2592.000 50.911 0 1 3 210 0 0
 276 32102.000 43679.000 0 0 54.000 50.000 2700.000 51.961 0 1 3 210 0 0
 277 32362.000 43239.000 0 0 54.000 52.000 2808.000 52.990 0 1 3 210 0 0
 278 17594.000 67424.000 0 0 56.000 42.000 2352.000 48.497 0 1 11 200 0 0
 279 17934.000 66870.000 0 0 56.000 42.000 2352.000 48.497 0 1 11 200 0 0
 280 17970.000 66816.000 0 0 56.000 42.000 2352.000 48.497 0 1 11 200 0 0
 281 17895.000 66707.000 0 0 56.000 42.000 2352.000 48.497 0 1 11 200 0 0
 282 18098.000 66179.000 0 0 56.000 42.000 2352.000 48.497 0 1 11 200 0 0
 283 19853.000 62536.000 0 0 0.000 0.000 0.000 0.120 0 1 0 0 0 0
 284 26056.000 51462.000 0 0 54.000 48.000 2592.000 50.911 0 1 3 210 0 0
 285 26482.000 50878.000 0 0 54.000 46.000 2484.000 49.839 0 1 3 210 0 0
 286 29348.000 46553.000 0 0 54.000 50.000 2700.000 51.961 0 1 3 210 0 0
 287 32196.000 43309.000 0 0 54.000 52.000 2808.000 52.990 0 1 3 210 0 0
 288 18435.000 65333.000 0 0 0.000 0.000 0.000 0.123 0 1 0 0 0 0
 289 24544.000 53527.000 0 0 56.000 48.000 2688.000 51.845 0 1 3 210 0 0
 290 24616.000 53446.000 0 0 56.000 48.000 2688.000 51.845 0 1 3 210 0 0
 291 24581.000 53223.000 0 0 56.000 48.000 2688.000 51.845 0 1 3 210 0 0
 292 24624.000 53145.000 0 0 56.000 48.000 2688.000 51.845 0 1 3 210 0 0
 293 24798.000 52867.000 0 0 56.000 48.000 2688.000 51.845 0 1 3 210 0 0
 294 26643.000 50365.000 0 0 54.000 48.000 2592.000 50.911 0 1 3 210 0 0
 295 27214.000 49245.000 0 0 54.000 48.000 2592.000 50.911 0 1 3 210 0 0
 296 27439.000 48986.000 0 0 54.000 48.000 2592.000 50.911 0 1 3 210 0 0
 297 27675.000 48605.000 0 0 54.000 48.000 2592.000 50.911 0 1 3 210 0 0
 298 29237.000 46646.000 0 0 54.000 50.000 2700.000 51.961 0 1 3 210 0 0
 299 29731.000 46022.000 0 0 54.000 50.000 2700.000 51.961 0 1 3 210 0 0
 300 32447.000 42547.000 0 0 54.000 52.000 2808.000 52.990 0 1 3 210 0 0
 301 18986.000 63594.000 0 0 54.000 42.000 2268.000 47.623 0 1 10 200 0 0
 302 19085.000 63392.000 0 0 54.000 42.000 2268.000 47.623 0 1 10 200 0 0
 303 24716.000 52986.000 0 0 56.000 48.000 2688.000 51.845 0 1 3 210 0 0
 304 25166.000 52268.000 0 0 56.000 48.000 2688.000 51.845 0 1 3 210 0 0
 305 26412.000 50317.000 0 0 54.000 46.000 2484.000 49.839 0 1 3 210 0 0
 306 26679.000 49952.000 0 0 54.000 48.000 2592.000 50.911 0 1 3 210 0 0
 307 27632.000 48396.000 0 0 54.000 48.000 2592.000 50.911 0 1 3 210 0 0
 308 28201.000 47861.000 0 0 56.000 48.000 2688.000 51.845 0 1 3 210 0 0
 309 29497.000 46052.000 0 0 54.000 50.000 2700.000 51.961 0 1 3 210 0 0
 310 32125.000 42910.000 0 0 54.000 52.000 2808.000 52.990 0 1 3 210 0 0
 311 32080.000 42767.000 0 0 54.000 52.000 2808.000 52.990 0 1 3 210 0 0
 312 32115.000 42640.000 0 0 54.000 52.000 2808.000 52.990 0 1 3 210 0 0
 313 32307.000 42634.000 0 0 54.000 52.000 2808.000 52.990 0 1 3 210 0 0
 314 32469.000 42217.000 0 0 52.000 52.000 2704.000 52.000 0 1 3 210 0 0
 315 12236.000 84996.000 0 0 0.000 0.000 0.000 0.120 0 1 0 0 0 0
 316 18734.000 63729.000 0 0 54.000 42.000 2268.000 47.623 0 1 10 200 0 0
 317 18921.000 63415.000 0 0 54.000 42.000 2268.000 47.623 0 1 10 200 0 0
 318 19129.000 63013.000 0 0 54.000 42.000 2268.000 47.623 0 1 10 200 0 0
 319 24969.000 52364.000 0 0 56.000 48.000 2688.000 51.845 0 1 3 210 0 0
 320 25251.000 51800.000 0 0 56.000 48.000 2688.000 51.845 0 1 3 210 0 0
 321 32222.000 43489.000 0 0 54.000 52.000 2808.000 52.990 0 1 3 210 0 0
 322 25939.000 50749.000 0 0 54.000 46.000 2484.000 49.839 0 1 3 210 0 0
 323 25994.000 50416.000 0 0 54.000 46.000 2484.000 49.839 0 1 3 210 0 0
 324 26654.000 49551.000 0 0 54.000 48.000 2592.000 50.911 0 1 3 210 0 0
 325 28128.000 47590.000 0 0 56.000 48.000 2688.000 51.845 0 1 3 210 0 0
 326 32109.000 42556.000 0 0 54.000 52.000 2808.000 52.990 0 1 3 210 0 0
 327 32565.000 42024.000 0 0 52.000 52.000 2704.000 52.000 0 1 3 210 0 0
 328 11183.000 92118.000 0 0 0.000 0.000 0.000 0.152 0 1 0 0 0 0
 329 16834.000 67504.000 0 0 56.000 42.000 2352.000 48.497 0 1 11 200 0 0
 330 25268.000 51494.000 0 0 54.000 48.000 2592.000 50.911 0 1 3 210 0 0
 331 25789.000 50423.000 0 0 54.000 46.000 2484.000 49.839 0 1 3 210 0 0
 332 26175.000 50106.000 0 0 54.000 47.000 2538.000 50.378 0 1 3 210 0 0
 333 27760.000 47745.000 0 0 56.000 48.000 2688.000 51.845 0 1 3 210 0 0
 334 27947.000 47537.000 0 0 56.000 48.000 2688.000 51.845 0 1 3 210 0 0
 335 30262.000 44299.000 0 0 54.000 50.000 2700.000 51.961 0 1 3 210 0 0
 336 32159.000 42385.000 0 0 54.000 52.000 2808.000 52.990 0 1 3 210 0 0
 337 32183.000 42097.000 0 0 54.000 52.000 2808.000 52.990 0 1 3 210 0 0
 338 32509.000 41863.000 0 0 52.000 52.000 2704.000 52.000 0 1 3 210 0 0
 339 32562.000 41745.000 0 0 52.000 52.000 2704.000 52.000 0 1 3 210 0 0
 340 14540.000 73569.000 0 0 0.000 0.000 0.000 0.123 0 1 0 0 0 0
 341 25345.000 51053.000 0 0 54.000 48.000 2592.000 50.911 0 1 3 210 0 0
 342 25445.000 50868.000 0 0 54.000 48.000 2592.000 50.911 0 1 3 210 0 0
 343 26822.000 48901.000 0 0 54.000 48.000 2592.000 50.911 0 1 3 210 0 0
 344 27348.000 48093.000 0 0 54.000 48.000 2592.000 50.911 0 1 3 210 0 0
 345 28996.000 45894.000 0 0 54.000 50.000 2700.000 51.961 0 1 3 210 0 0
 346 30199.000 44325.000 0 0 54.000 50.000 2700.000 51.961 0 1 3 210 0 0
 347 30949.000 43165.000 0 0 54.000 50.000 2700.000 51.961 0 1 3 210 0 0
 348 31416.000 42905.000 0 0 54.000 50.000 2700.000 51.961 0 1 3 210 0 0
 349 32512.000 41537.000 0 0 52.000 52.000 2704.000 52.000 0 1 3 210 0 0
 350 32515.000 41425.000 0 0 52.000 52.000 2704.000 52.000 0 1 3 210 0 0
 351 32566.000 41323.000 0 0 52.000 52.000 2704.000 52.000 0 1 3 210 0 0
 352 16659.000 67168.000 0 0 56.000 42.000 2352.000 48.497 0 1 11 200 0 0
 353 26090.000 49553.000 0 0 54.000 48.000 2592.000 50.911 0 1 3 210 0 0
 354 26161.000 49545.000 0 0 54.000 48.000 2592.000 50.911 0 1 3 210 0 0
 355 26606.000 49002.000 0 0 54.000 48.000 2592.000 50.911 0 1 3 210 0 0
 356 28632.000 45902.000 0 0 54.000 50.000 2700.000 51.961 0 1 3 210 0 0
 357 28769.000 45812.000 0 0 54.000 50.000 2700.000 51.961 0 1 3 210 0 0
 358 32185.000 41833.000 0 0 52.000 52.000 2704.000 52.000 0 1 3 210 0 0
 359 32165.000 41503.000 0 0 52.000 52.000 2704.000 52.000 0 1 3 210 0 0
 360 32385.000 41250.000 0 0 52.000 52.000 2704.000 52.000 0 1 3 210 0 0
 361 32717.000 40963.000 0 0 52.000 52.000 2704.000 52.000 0 1 3 210 0 0
 362 16923.000 66323.000 0 0 56.000 42.000 2352.000 48.497 0 1 11 200 0 0
 363 17017.000 66107.000 0 0 56.000 42.000 2352.000 48.497 0 1 11 200 0 0
 364 17723.000 64411.000 0 0 0.000 0.000 0.000 0.120 0 1 0 0 0 0
 365 26737.000 48443.000 0 0 54.000 48.000 2592.000 50.911 0 1 3 210 0 0
 366 26792.000 48308.000 0 0 54.000 48.000 2592.000 50.911 0 1 3 210 0 0
 367 27645.000 47120.000 0 0 56.000 48.000 2688.000 51.845 0 1 3 210 0 0
 368 27817.000 46662.000 0 0 56.000 48.000 2688.000 51.845 0 1 3 210 0 0
 369 28093.000 46589.000 0 0 56.000 48.000 2688.000 51.845 0 1 3 210 0 0
 370 28637.000 45786.000 0 0 54.000 50.000 2700.000 51.961 0 1 3 210 0 0
 371 30076.000 43918.000 0 0 54.000 50.000 2700.000 51.961 0 1 3 210 0 0
 372 25406.000 51468.000 0 0 54.000 48.000 2592.000 50.911 0 1 3 210 0 0
 373 30852.000 43001.000 0 0 54.000 50.000 2700.000 51.961 0 1 3 210 0 0
 374 31425.000 42105.000 0 0 54.000 52.000 2808.000 52.990 0 1 3 210 0 0
 375 31711.000 41783.000 0 0 54.000 52.000 2808.000 52.990 0 1 3 210 0 0
 376 32154.000 41601.000 0 0 52.000 52.000 2704.000 52.000 0 1 3 210 0 0
 377 16465.000 67118.000 0 0 56.000 42.000 2352.000 48.497 0 1 11 200 0 0
 378 26484.000 48602.000 0 0 54.000 48.000 2592.000 50.911 0 1 3 210 0 0
 379 26674.000 48335.000 0 0 54.000 48.000 2592.000 50.911 0 1 3 210 0 0
 380 27670.000 46746.000 0 0 56.000 48.000 2688.000 51.845 0 1 3 210 0 0
 381 27744.000 46684.000 0 0 56.000 48.000 2688.000 51.845 0 1 3 210 0 0
 382 28112.000 46000.000 0 0 54.000 50.000 2700.000 51.961 0 1 3 210 0 0
 383 31082.000 42543.000 0 0 54.000 52.000 2808.000 52.990 0 1 3 210 0 0
 384 31625.000 41607.000 0 0 54.000 52.000 2808.000 52.990 0 1 3 210 0 0
 385 32282.000 41091.000 0 0 52.000 52.000 2704.000 52.000 0 1 3 210 0 0
 386 32426.000 40868.000 0 0 52.000 52.000 2704.000 52.000 0 1 3 210 0 0
 387 32828.000 40325.000 0 0 52.000 50.000 2600.000 50.990 0 1 3 210 0 0
 388 16395.000 66571.000 0 0 56.000 42.000 2352.000 48.497 0 1 11 200 0 0
 389 28006.000 46078.000 0 0 56.000 48.000 2688.000 51.845 0 1 3 210 0 0
 390 29603.000 43715.000 0 0 54.000 50.000 2700.000 51.961 0 1 3 210 0 0
 391 30406.000 42952.000 0 0 54.000 50.000 2700.000 51.961 0 1 3 210 0 0
 392 31363.000 41649.000 0 0 54.000 52.000 2808.000 52.990 0 1 3 210 0 0
 393 32378.000 40601.000 0 0 52.000 52.000 2704.000 52.000 0 1 3 210 0 0
 394 32579.000 40421.000 0 0 52.000 50.000 2600.000 50.990 0 1 3 210 0 0
 395 32930.000 39988.000 0 0 54.000 50.000 2700.000 51.961 0 1 3 210 0 0
 396 16293.000 66710.000 0 0 56.000 42.000 2352.000 48.497 0 1 11 200 0 0
 397 16524.000 65880.000 0 0 56.000 42.000 2352.000 48.497 0 1 11 200 0 0
 398 27732.000 46017.000 0 0 56.000 48.000 2688.000 51.845 0 1 3 210 0 0
 399 29477.000 43830.000 0 0 54.000 50.000 2700.000 51.961 0 1 3 210 0 0
 400 30338.000 42834.000 0 0 54.000 50.000 2700.000 51.961 0 1 3 210 0 0
 401 30832.000 42220.000 0 0 54.000 52.000 2808.000 52.990 0 1 3 210 0 0
 402 30972.000 42209.000 0 0 54.000 52.000 2808.000 52.990 0 1 3 210 0 0
 403 31016.000 42132.000 0 0 54.000 52.000 2808.000 52.990 0 1 3 210 0 0
 404 31405.000 41561.000 0 0 54.000 52.000 2808.000 52.990 0 1 3 210 0 0
 405 32509.000 40173.000 0 0 52.000 50.000 2600.000 50.990 0 1 3 210 0 0
 406 31483.000 42769.000 0 0 54.000 52.000 2808.000 52.990 0 1 3 210 0 0
 407 33034.000 39672.000 0 0 54.000 50.000 2700.000 51.961 0 1 3 210 0 0
 408 13404.000 74022.000 0 0 0.000 0.000 0.000 0.137 0 1 0 0 0 0
 409 16482.000 65634.000 0 0 56.000 42.000 2352.000 48.497 0 1 11 200 0 0
 410 24651.000 50211.000 0 0 0.000 0.000 0.000 0.122 0 1 0 0 0 0
 411 24693.000 50192.000 0 0 0.000 0.000 0.000 0.120 0 1 0 0 0 0
 412 27401.000 46137.000 0 0 56.000 48.000 2688.000 51.845 0 1 3 210 0 0
 413 33219.000 39251.000 0 0 54.000 50.000 2700.000 51.961 0 1 3 210 0 0
 414 33276.000 39096.000 0 0 54.000 50.000 2700.000 51.961 0 1 3 210 0 0
 415 16120.000 66075.000 0 0 56.000 42.000 2352.000 48.497 0 1 11 200 0 0
 416 16346.000 65470.000 0 0 56.000 42.000 2352.000 48.497 0 1 11 200 0 0
 417 16905.000 64054.000 0 0 0.000 0.000 0.000 0.120 0 1 0 0 0 0
 418 27520.000 46016.000 0 0 56.000 48.000 2688.000 51.845 0 1 3 210 0 0
 419 27987.000 45236.000 0 0 54.000 50.000 2700.000 51.961 0 1 3 210 0 0
 420 28039.000 45204.000 0 0 54.000 50.000 2700.000 51.961 0 1 3 210 0 0
 421 28084.000 45103.000 0 0 54.000 50.000 2700.000 51.961 0 1 3 210 0 0
 422 28201.000 44837.000 0 0 54.000 50.000 2700.000 51.961 0 1 3 210 0 0
 423 32657.000 39660.000 0 0 54.000 50.000 2700.000 51.961 0 1 3 210 0 0
 424 9794.000 90527.000 0 0 0.000 0.000 0.000 0.121 0 1 0 0 0 0
 425 15802.000 66313.000 0 0 56.000 42.000 2352.000 48.497 0 1 11 200 0 0
 426 15795.000 66080.000 0 0 56.000 42.000 2352.000 48.497 0 1 11 200 0 0
 427 24762.000 49418.000 0 0 0.000 0.000 0.000 0.142 0 1 0 0 0 0
 428 25477.000 48442.000 0 0 0.000 0.000 0.000 0.120 0 1 0 0 0 0
 429 28225.000 44580.000 0 0 54.000 50.000 2700.000 51.961 0 1 3 210 0 0
 430 28381.000 44237.000 0 0 54.000 50.000 2700.000 51.961 0 1 3 210 0 0
 431 32619.000 39445.000 0 0 54.000 50.000 2700.000 51.961 0 1 3 210 0 0
 432 32799.000 39237.000 0 0 54.000 50.000 2700.000 51.961 0 1 3 210 0 0
 433 33696.000 38115.000 0 0 54.000 52.000 2808.000 52.990 0 1 3 210 0 0
 434 23437.000 51055.000 0 0 0.000 0.000 0.000 0.120 0 1 0 0 0 0
 435 23656.000 50818.000 0 0 0.000 0.000 0.000 0.120 0 1 0 0 0 0
 436 23701.000 50764.000 0 0 0.000 0.000 0.000 0.124 0 1 0 0 0 0
 437 23784.000 50656.000 0 0 0.000 0.000 0.000 0.126 0 1 0 0 0 0
 438 32923.000 38732.000 0 0 54.000 50.000 2700.000 51.961 0 1 3 210 0 0
 439 33027.000 38532.000 0 0 54.000 50.000 2700.000 51.961 0 1 3 210 0 0
 440 33181.000 38418.000 0 0 54.000 50.000 2700.000 51.961 0 1 3 210 0 0
 441 33800.000 37861.000 0 0 54.000 52.000 2808.000 52.990 0 1 3 210 0 0
 442 12319.000 75570.000 0 0 0.000 0.000 0.000 0.120 0 1 0 0 0 0
 443 28216.000 43835.000 0 0 54.000 50.000 2700.000 51.961 0 1 3 210 0 0
 444 33176.000 38299.000 0 0 54.000 50.000 2700.000 51.961 0 1 3 210 0 0
 445 33861.000 37643.000 0 0 54.000 52.000 2808.000 52.990 0 1 3 210 0 0
 446 33789.000 37388.000 0 0 54.000 52.000 2808.000 52.990 0 1 3 210 0 0
 447 34012.000 37201.000 0 0 54.000 52.000 2808.000 52.990 0 1 3 210 0 0
 448 9093.000 91478.000 0 0 0.000 0.000 0.000 0.126 0 1 0 0 0 0
 449 13233.000 71882.000 0 0 0.000 0.000 0.000 0.122 0 1 0 0 0 0
 450 32657.000 38737.000 0 0 54.000 50.000 2700.000 51.961 0 1 3 210 0 0
 451 33401.000 37828.000 0 0 54.000 52.000 2808.000 52.990 0 1 3 210 0 0
 452 33518.000 37560.000 0 0 54.000 52.000 2808.000 52.990 0 1 3 210 0 0
 453 33932.000 37288.000 0 0 54.000 52.000 2808.000 52.990 0 1 3 210 0 0
 454 34209.000 36723.000 0 0 54.000 52.000 2808.000 52.990 0 1 3 210 0 0
 455 12584.000 73363.000 0 0 0.000 0.000 0.000 0.121 0 1 0 0 0 0
 456 32718.000 38168.000 0 0 54.000 50.000 2700.000 51.961 0 1 3 210 0 0
 457 33618.000 37455.000 0 0 54.000 52.000 2808.000 52.990 0 1 3 210 0 0
 458 33840.000 37074.000 0 0 54.000 52.000 2808.000 52.990 0 1 3 210 0 0
 459 18138.000 59242.000 0 0 0.000 0.000 0.000 0.122 0 1 0 0 0 0
 460 20384.000 54841.000 0 0 0.000 0.000 0.000 0.120 0 1 0 0 0 0
 461 21432.000 52866.000 0 0 0.000 0.000 0.000 0.126 0 1 0 0 0 0
 462 33993.000 36739.000 0 0 54.000 52.000 2808.000 52.990 0 1 3 210 0 0
 463 34517.000 36178.000 0 0 52.000 52.000 2704.000 52.000 0 1 3 210 0 0
 464 139357.000 183090.000 0 0 0.000 0.000 0.000 0.123 0 1 0 0 0 0
 465 11371.000 75486.000 0 0 0.000 0.000 0.000 0.126 0 1 0 0 0 0
 466 20571.000 53810.000 0 0 0.000 0.000 0.000 0.120 0 1 0 0 0 0
 467 25703.000 45967.000 0 0 56.000 48.000 2688.000 51.845 0 1 7 210 0 0
 468 32668.000 37588.000 0 0 54.000 50.000 2700.000 51.961 0 1 3 210 0 0
 469 34527.000 36423.000 0 0 52.000 52.000 2704.000 52.000 0 1 3 210 0 0
 470 12202.000 72367.000 0 0 0.000 0.000 0.000 0.120 0 1 0 0 0 0
 471 32862.000 37962.000 0 0 54.000 50.000 2700.000 51.961 0 1 3 210 0 0
 472 35020.000 34953.000 0 0 52.000 52.000 2704.000 52.000 0 1 3 210 0 0
 473 7851.000 93485.000 0 0 0.000 0.000 0.000 0.120 0 1 0 0 0 0
 474 7875.000 93420.000 0 0 0.000 0.000 0.000 0.120 0 1 0 0 0 0
 475 25775.000 45372.000 0 0 56.000 48.000 2688.000 51.845 0 1 7 210 0 0
 476 35289.000 34420.000 0 0 52.000 52.000 2704.000 52.000 0 1 3 210 0 0
 477 35404.000 34328.000 0 0 52.000 52.000 2704.000 52.000 0 1 3 210 0 0
 478 35392.000 34145.000 0 0 52.000 52.000 2704.000 52.000 0 1 3 210 0 0
 479 166164.000 164734.000 0 0 0.000 0.000 0.000 0.120 0 1 0 0 0 0
 480 10891.000 75545.000 0 0 0.000 0.000 0.000 0.121 0 1 0 0 0 0
 481 10907.000 75531.000 0 0 0.000 0.000 0.000 0.120 0 1 0 0 0 0
 482 35880.000 33655.000 0 0 52.000 52.000 2704.000 52.000 0 1 3 210 0 0
 483 19006.000 55236.000 0 0 0.000 0.000 0.000 0.124 0 1 0 0 0 0
 484 19107.000 55068.000 0 0 0.000 0.000 0.000 0.122 0 1 0 0 0 0
 485 19892.000 53392.000 0 0 0.000 0.000 0.000 0.126 0 1 0 0 0 0
 486 25808.000 44657.000 0 0 56.000 48.000 2688.000 51.845 0 1 7 210 0 0
 487 35868.000 33317.000 0 0 52.000 54.000 2808.000 52.990 0 1 3 210 0 0
 488 12436.000 69085.000 0 0 0.000 0.000 0.000 0.122 0 1 0 0 0 0
 489 25804.000 44370.000 0 0 56.000 48.000 2688.000 51.845 0 1 7 210 0 0
 490 36159.000 32873.000 0 0 52.000 54.000 2808.000 52.990 0 1 3 210 0 0
 491 36175.000 32775.000 0 0 52.000 54.000 2808.000 52.990 0 1 3 210 0 0
 492 7386.000 91654.000 0 0 0.000 0.000 0.000 0.123 0 1 0 0 0 0
 493 13552.000 65958.000 0 0 0.000 0.000 0.000 0.121 0 1 0 0 0 0
 494 13692.000 65342.000 0 0 0.000 0.000 0.000 0.133 0 1 0 0 0 0
 495 25836.000 44220.000 0 0 54.000 50.000 2700.000 51.961 0 1 7 210 0 0
 496 36060.000 32815.000 0 0 52.000 54.000 2808.000 52.990 0 1 3 210 0 0
 497 36286.000 32470.000 0 0 52.000 54.000 2808.000 52.990 0 1 3 210 0 0
 498 12327.000 68710.000 0 0 0.000 0.000 0.000 0.124 0 1 0 0 0 0
 499 13295.000 66217.000 0 0 0.000 0.000 0.000 0.121 0 1 0 0 0 0
 500 13787.000 65192.000 0 0 0.000 0.000 0.000 0.125 0 1 0 0 0 0
 501 36382.000 32044.000 0 0 52.000 54.000 2808.000 52.990 0 1 3 210 0 0
 502 14388.000 63099.000 0 0 0.000 0.000 0.000 0.122 0 1 0 0 0 0
 503 23602.000 46561.000 0 0 0.000 0.000 0.000 0.124 0 1 0 0 0 0
 504 25921.000 43320.000 0 0 54.000 50.000 2700.000 51.961 0 1 5 210 0 0
 505 7550.000 86239.000 0 0 0.000 0.000 0.000 0.136 0 1 0 0 0 0
 506 36843.000 31155.000 0 0 50.000 54.000 2700.000 51.961 0 1 2 210 0 0
 507 29153.000 38948.000 0 0 52.000 52.000 2704.000 52.000 0 1 4 200 0 0
 508 29347.000 38706.000 0 0 52.000 52.000 2704.000 52.000 0 1 4 200 0 0
 509 29702.000 38108.000 0 0 52.000 52.000 2704.000 52.000 0 1 4 200 0 0
 510 33792.000 33788.000 0 0 0.000 0.000 0.000 0.125 0 1 0 0 0 0
 511 36896.000 31021.000 0 0 50.000 54.000 2700.000 51.961 0 1 2 210 0 0
 512 36957.000 30915.000 0 0 50.000 54.000 2700.000 51.961 0 1 2 210 0 0
 513 27810.000 160278.000 0 0 0.000 0.000 0.000 0.140 0 1 0 0 0 0
 514 6160.000 96754.000 0 0 0.000 0.000 0.000 0.122 0 1 0 0 0 0
 515 14882.000 60764.000 0 0 0.000 0.000 0.000 0.122 0 1 0 0 0 0
 516 23810.000 45519.000 0 0 54.000 48.000 2592.000 50.911 0 1 6 210 0 0
 517 37117.000 30575.000 0 0 50.000 54.000 2700.000 51.961 0 1 2 210 0 0
 518 6419.000 91492.000 0 0 0.000 0.000 0.000 0.122 0 1 0 0 0 0
 519 23892.000 45068.000 0 0 56.000 48.000 2688.000 51.845 0 1 6 210 0 0
 520 25978.000 42180.000 0 0 54.000 50.000 2700.000 51.961 0 1 5 210 0 0
 521 29672.000 37877.000 0 0 52.000 50.000 2600.000 50.990 0 1 4 200 0 0
 522 29596.000 37684.000 0 0 52.000 50.000 2600.000 50.990 0 1 4 200 0 0
 523 33821.000 33459.000 0 0 0.000 0.000 0.000 0.124 0 1 0 0 0 0
 524 14532.000 60692.000 0 0 0.000 0.000 0.000 0.120 0 1 0 0 0 0
 525 23926.000 44539.000 0 0 56.000 48.000 2688.000 51.845 0 1 6 210 0 0
 526 25985.000 41807.000 0 0 54.000 50.000 2700.000 51.961 0 1 5 210 0 0
 527 28721.000 38646.000 0 0 52.000 52.000 2704.000 52.000 0 1 4 200 0 0
 528 33828.000 33249.000 0 0 0.000 0.000 0.000 0.122 0 1 0 0 0 0
 529 37338.000 29877.000 0 0 50.000 52.000 2600.000 50.990 0 1 2 210 0 0
 530 6038.000 92192.000 0 0 0.000 0.000 0.000 0.120 0 1 0 0 0 0
 531 15104.000 59117.000 0 0 0.000 0.000 0.000 0.120 0 1 0 0 0 0
 532 15675.000 57669.000 0 0 56.000 44.000 2464.000 49.638 0 1 9 200 0 0
 533 25990.000 41701.000 0 0 54.000 50.000 2700.000 51.961 0 1 5 210 0 0
 534 29479.000 37361.000 0 0 52.000 50.000 2600.000 50.990 0 1 4 200 0 0
 535 37427.000 29581.000 0 0 50.000 52.000 2600.000 50.990 0 1 2 210 0 0
 536 8030.000 78596.000 0 0 0.000 0.000 0.000 0.140 0 1 0 0 0 0
 537 15507.000 57939.000 0 0 56.000 44.000 2464.000 49.638 0 1 9 200 0 0
 538 15687.000 57513.000 0 0 56.000 44.000 2464.000 49.638 0 1 9 200 0 0
 539 15722.000 57373.000 0 0 56.000 44.000 2464.000 49.638 0 1 9 200 0 0
 540 15722.000 57169.000 0 0 56.000 44.000 2464.000 49.638 0 1 9 200 0 0
 541 26001.000 41357.000 0 0 54.000 50.000 2700.000 51.961 0 1 5 210 0 0
 542 29266.000 37518.000 0 0 52.000 50.000 2600.000 50.990 0 1 4 200 0 0
 543 33922.000 32635.000 0 0 0.000 0.000 0.000 0.128 0 1 0 0 0 0
 544 37538.000 29262.000 0 0 50.000 52.000 2600.000 50.990 0 1 2 210 0 0
 545 5682.000 91683.000 0 0 0.000 0.000 0.000 0.127 0 1 0 0 0 0
 546 7785.000 78636.000 0 0 0.000 0.000 0.000 0.121 0 1 0 0 0 0
 547 14522.000 59596.000 0 0 0.000 0.000 0.000 0.128 0 1 0 0 0 0
 548 15168.000 58145.000 0 0 56.000 44.000 2464.000 49.638 0 1 9 200 0 0
 549 15839.000 56887.000 0 0 56.000 44.000 2464.000 49.638 0 1 9 200 0 0
 550 15970.000 56577.000 0 0 56.000 44.000 2464.000 49.638 0 1 9 200 0 0
 551 16037.000 56484.000 0 0 56.000 44.000 2464.000 49.638 0 1 9 200 0 0
 552 24020.000 43770.000 0 0 56.000 48.000 2688.000 51.845 0 1 6 210 0 0
 553 24007.000 43540.000 0 0 56.000 48.000 2688.000 51.845 0 1 6 210 0 0
 554 26037.000 41050.000 0 0 54.000 50.000 2700.000 51.961 0 1 5 210 0 0
 555 6265.000 85929.000 0 0 0.000 0.000 0.000 0.225 0 1 0 0 0 0
 556 9915.000 70098.000 0 0 54.000 38.000 2052.000 45.299 0 1 13 200 0 0
 557 14112.000 59916.000 0 0 0.000 0.000 0.000 0.128 0 1 0 0 0 0
 558 14168.000 59857.000 0 0 0.000 0.000 0.000 0.125 0 1 0 0 0 0
 559 16123.000 56062.000 0 0 56.000 44.000 2464.000 49.638 0 1 9 200 0 0
 560 16121.000 55989.000 0 0 56.000 44.000 2464.000 49.638 0 1 9 200 0 0
 561 16202.000 55765.000 0 0 56.000 44.000 2464.000 49.638 0 1 9 200 0 0
 562 23984.000 43318.000 0 0 56.000 48.000 2688.000 51.845 0 1 6 210 0 0
 563 28805.000 37529.000 0 0 52.000 52.000 2704.000 52.000 0 1 4 200 0 0
 564 37652.000 28718.000 0 0 52.000 52.000 2704.000 52.000 0 1 2 210 0 0
 565 5396.000 109042.000 0 0 52.000 28.000 1456.000 38.157 0 1 15 210 0 0
 566 11373.000 65648.000 0 0 0.000 0.000 0.000 0.131 0 1 0 0 0 0
 567 11503.000 65659.000 0 0 0.000 0.000 0.000 0.130 0 1 0 0 0 0
 568 14889.000 57670.000 0 0 56.000 44.000 2464.000 49.638 0 1 9 200 0 0
 569 16222.000 55451.000 0 0 56.000 44.000 2464.000 49.638 0 1 9 200 0 0
 570 16358.000 55110.000 0 0 56.000 44.000 2464.000 49.638 0 1 9 200 0 0
 571 28654.000 37504.000 0 0 52.000 52.000 2704.000 52.000 0 1 4 200 0 0
 572 37747.000 28383.000 0 0 52.000 52.000 2704.000 52.000 0 1 2 210 0 0
 573 15193.000 57052.000 0 0 56.000 44.000 2464.000 49.638 0 1 9 200 0 0
 574 15297.000 56782.000 0 0 56.000 44.000 2464.000 49.638 0 1 9 200 0 0
 575 15331.000 56758.000 0 0 56.000 44.000 2464.000 49.638 0 1 9 200 0 0
 576 15525.000 56340.000 0 0 56.000 44.000 2464.000 49.638 0 1 9 200 0 0
 577 16281.000 54965.000 0 0 56.000 44.000 2464.000 49.638 0 1 9 200 0 0
 578 25982.000 40363.000 0 0 54.000 50.000 2700.000 51.961 0 1 5 210 0 0
 579 25940.000 40223.000 0 0 54.000 50.000 2700.000 51.961 0 1 5 210 0 0
 580 34908.000 30816.000 0 0 0.000 0.000 0.000 0.120 0 1 0 0 0 0
 581 35188.000 30448.000 0 0 0.000 0.000 0.000 0.127 0 1 0 0 0 0
 582 35452.000 30311.000 0 0 0.000 0.000 0.000 0.121 0 1 0 0 0 0
 583 37734.000 28102.000 0 0 52.000 52.000 2704.000 52.000 0 1 2 210 0 0
 584 5004.000 108422.000 0 0 52.000 28.000 1456.000 38.157 0 1 15 210 0 0
 585 4895.000 107217.000 0 0 0.000 0.000 0.000 0.126 0 1 0 0 0 0
 586 6282.000 82402.000 0 0 0.000 0.000 0.000 0.122 0 1 0 0 0 0
 587 9677.000 69599.000 0 0 54.000 38.000 2052.000 45.299 0 1 13 200 0 0
 588 25911.000 40122.000 0 0 54.000 50.000 2700.000 51.961 0 1 5 210 0 0
 589 37738.000 27861.000 0 0 52.000 52.000 2704.000 52.000 0 1 2 210 0 0
 590 4627.000 106905.000 0 0 0.000 0.000 0.000 0.128 0 1 0 0 0 0
 591 10976.000 65552.000 0 0 0.000 0.000 0.000 0.120 0 1 0 0 0 0
 592 13452.000 59819.000 0 0 0.000 0.000 0.000 0.120 0 1 0 0 0 0
 593 25923.000 39790.000 0 0 54.000 50.000 2700.000 51.961 0 1 5 210 0 0
 594 35075.000 30078.000 0 0 0.000 0.000 0.000 0.120 0 1 0 0 0 0
 595 37789.000 27717.000 0 0 52.000 52.000 2704.000 52.000 0 1 2 210 0 0
 596 181253.000 49844.000 0 0 0.000 0.000 0.000 0.123 0 1 0 0 0 0
 597 24459.000 41484.000 0 0 0.000 0.000 0.000 0.122 0 1 0 0 0 0
 598 25891.000 39639.000 0 0 54.000 50.000 2700.000 51.961 0 1 5 210 0 0
 599 37813.000 27541.000 0 0 52.000 52.000 2704.000 52.000 0 1 2 210 0 0
 600 37826.000 27315.000 0 0 52.000 52.000 2704.000 52.000 0 1 2 210 0 0
 601 5418.000 116500.000 0 0 0.000 0.000 0.000 0.130 0 1 0 0 0 0
 602 4391.000 108036.000 0 0 52.000 28.000 1456.000 38.157 0 1 15 210 0 0
 603 9242.000 69404.000 0 0 54.000 38.000 2052.000 45.299 0 1 13 200 0 0
 604 15949.000 54173.000 0 0 0.000 0.000 0.000 0.121 0 1 0 0 0 0
 605 25883.000 39366.000 0 0 54.000 50.000 2700.000 51.961 0 1 5 210 0 0
 606 37872.000 27114.000 0 0 52.000 54.000 2808.000 52.990 0 1 2 210 0 0
 607 4647.000 111915.000 0 0 0.000 0.000 0.000 0.124 0 1 0 0 0 0
 608 9269.000 68760.000 0 0 54.000 40.000 2160.000 46.475 0 1 13 200 0 0
 609 9370.000 68416.000 0 0 54.000 40.000 2160.000 46.475 0 1 13 200 0 0
 610 24520.000 40779.000 0 0 0.000 0.000 0.000 0.135 0 1 0 0 0 0
 611 37878.000 26986.000 0 0 52.000 54.000 2808.000 52.990 0 1 2 210 0 0
 612 37902.000 26808.000 0 0 52.000 54.000 2808.000 52.990 0 1 2 210 0 0
 613 4548.000 88446.000 0 0 0.000 0.000 0.000 0.120 0 1 0 0 0 0
 614 12264.000 60629.000 0 0 0.000 0.000 0.000 0.123 0 1 0 0 0 0
 615 37920.000 26585.000 0 0 52.000 54.000 2808.000 52.990 0 1 2 210 0 0
 616 5244.000 82012.000 0 0 0.000 0.000 0.000 0.134 0 1 0 0 0 0
 617 11031.000 62793.000 0 0 0.000 0.000 0.000 0.124 0 1 0 0 0 0
 618 11706.000 61623.000 0 0 0.000 0.000 0.000 0.121 0 1 0 0 0 0
 619 11778.000 61028.000 0 0 0.000 0.000 0.000 0.127 0 1 0 0 0 0
 620 35652.000 28429.000 0 0 0.000 0.000 0.000 0.120 0 1 0 0 0 0
 621 36125.000 28028.000 0 0 0.000 0.000 0.000 0.121 0 1 0 0 0 0
 622 41021.000 24003.000 0 0 50.000 54.000 2700.000 51.961 0 1 1 200 0 0
 623 41089.000 23764.000 0 0 50.000 54.000 2700.000 51.961 0 1 1 200 0 0
 624 3719.000 107965.000 0 0 50.000 28.000 1400.000 37.416 0 1 15 210 0 0
 625 11162.000 62501.000 0 0 0.000 0.000 0.000 0.121 0 1 0 0 0 0
 626 11625.000 61067.000 0 0 0.000 0.000 0.000 0.125 0 1 0 0 0 0
 627 16350.000 51959.000 0 0 54.000 46.000 2484.000 49.839 0 1 8 210 0 0
 628 16435.000 51789.000 0 0 54.000 46.000 2484.000 49.839 0 1 8 210 0 0
 629 16460.000 51547.000 0 0 56.000 46.000 2576.000 50.754 0 1 8 210 0 0
 630 35669.000 28308.000 0 0 0.000 0.000 0.000 0.120 0 1 0 0 0 0
 631 36269.000 27554.000 0 0 0.000 0.000 0.000 0.122 0 1 0 0 0 0
 632 37938.000 26379.000 0 0 52.000 54.000 2808.000 52.990 0 1 2 210 0 0
 633 38021.000 26175.000 0 0 52.000 54.000 2808.000 52.990 0 1 2 210 0 0
 634 40341.000 24145.000 0 0 50.000 54.000 2700.000 51.961 0 1 1 200 0 0
 635 4130.000 113189.000 0 0 0.000 0.000 0.000 0.125 0 1 0 0 0 0
 636 3663.000 108035.000 0 0 50.000 28.000 1400.000 37.416 0 1 15 210 0 0
 637 3427.000 107682.000 0 0 50.000 26.000 1300.000 36.055 0 1 15 210 0 0
 638 3386.000 106769.000 0 0 0.000 0.000 0.000 0.126 0 1 0 0 0 0
 639 16506.000 51413.000 0 0 56.000 46.000 2576.000 50.754 0 1 8 210 0 0
 640 16529.000 51339.000 0 0 56.000 46.000 2576.000 50.754 0 1 8 210 0 0
 641 16576.000 51222.000 0 0 56.000 46.000 2576.000 50.754 0 1 8 210 0 0
 642 38028.000 25973.000 0 0 52.000 54.000 2808.000 52.990 0 1 2 210 0 0
 643 38056.000 25861.000 0 0 52.000 54.000 2808.000 52.990 0 1 2 210 0 0
 644 41135.000 23398.000 0 0 50.000 54.000 2700.000 51.961 0 1 1 200 0 0
 645 4109.000 114044.000 0 0 0.000 0.000 0.000 0.120 0 1 0 0 0 0
 646 16640.000 50887.000 0 0 56.000 46.000 2576.000 50.754 0 1 8 210 0 0
 647 16690.000 50717.000 0 0 56.000 46.000 2576.000 50.754 0 1 8 210 0 0
 648 16753.000 50577.000 0 0 56.000 46.000 2576.000 50.754 0 1 8 210 0 0
 649 16852.000 50392.000 0 0 56.000 46.000 2576.000 50.754 0 1 8 210 0 0
 650 16882.000 50275.000 0 0 56.000 46.000 2576.000 50.754 0 1 8 210 0 0
 651 38071.000 25604.000 0 0 50.000 54.000 2700.000 51.961 0 1 2 210 0 0
 652 40022.000 24026.000 0 0 50.000 54.000 2700.000 51.961 0 1 1 200 0 0
 653 17036.000 49868.000 0 0 56.000 46.000 2576.000 50.754 0 1 8 210 0 0
 654 17100.000 49716.000 0 0 56.000 46.000 2576.000 50.754 0 1 8 210 0 0
 655 17157.000 49587.000 0 0 56.000 46.000 2576.000 50.754 0 1 8 210 0 0
 656 17219.000 49472.000 0 0 56.000 48.000 2688.000 51.845 0 1 8 210 0 0
 657 36733.000 26672.000 0 0 0.000 0.000 0.000 0.120 0 1 0 0 0 0
 658 40103.000 23834.000 0 0 50.000 54.000 2700.000 51.961 0 1 1 200 0 0
 659 41076.000 23093.000 0 0 50.000 54.000 2700.000 51.961 0 1 1 200 0 0
 660 41139.000 23044.000 0 0 50.000 54.000 2700.000 51.961 0 1 1 200 0 0
 661 38220.000 25505.000 0 0 50.000 54.000 2700.000 51.961 0 1 2 210 0 0
 662 22495.000 67714.000 0 0 4.641 11.142 51.721 7.191 0 1 12 200 0 0
 663 21878.000 68771.000 0 0 281.453 704.059 198159.909 445.151 0 1 12 200 0 0
 664 22380.000 67548.000 0 0 108.892 260.454 28361.665 168.409 0 1 12 200 0 0
 665 21679.000 68809.000 0 0 7.473 18.766 140.257 11.843 0 1 12 200 0 0
 666 22204.000 67528.000 0 0 21.793 52.212 1137.901 33.732 0 1 12 200 0 0
 667 22263.000 67389.000 0 0 6.251 14.901 93.152 9.651 0 1 12 200 0 0
 668 22277.000 67357.000 0 0 7.821 18.623 145.665 12.069 0 1 12 200 0 0
 669 21526.000 68731.000 0 0 40.474 101.575 4111.222 64.118 0 1 12 200 0 0
 670 20690.000 67627.000 0 0 37.241 91.236 3397.769 58.290 0 1 12 200 0 0
 671 28367.000 53092.000 0 0 15.735 24.029 378.128 19.445 0 1 3 210 0 0
 672 20466.000 67726.000 0 0 9.279 22.868 212.220 14.567 0 1 12 200 0 0
 673 20518.000 67600.000 0 0 18.640 45.726 852.353 29.195 0 1 12 200 0 0
 674 20619.000 67354.000 0 0 26.603 64.688 1720.969 41.484 0 1 12 200 0 0
 675 28309.000 52871.000 0 0 155.884 237.127 36964.549 192.261 0 1 3 210 0 0
 676 19715.000 69155.000 0 0 51.750 134.699 6970.758 83.491 0 1 12 200 0 0
 677 20322.000 67629.000 0 0 76.036 187.156 14230.759 119.292 0 1 12 200 0 0
 678 20481.000 67244.000 0 0 42.399 102.928 4364.050 66.060 0 1 12 200 0 0
 679 28236.000 52671.000 0 0 63.529 96.328 6119.751 78.228 0 1 3 210 0 0
 680 19524.000 69181.000 0 0 53.183 138.876 7385.966 85.941 0 1 12 200 0 0
 681 20322.000 67183.000 0 0 17.307 42.020 727.278 26.968 0 1 12 200 0 0
 682 19347.000 69164.000 0 0 31.040 81.185 2520.006 50.199 0 1 12 200 0 0
 683 19576.000 68579.000 0 0 9.034 23.124 208.925 14.454 0 1 12 200 0 0
 684 20158.000 67134.000 0 0 22.058 53.586 1182.035 34.380 0 1 12 200 0 0
 685 19192.000 69094.000 0 0 65.190 170.448 11111.547 105.411 0 1 12 200 0 0
 686 19367.000 68645.000 0 0 9.015 23.184 209.026 14.457 0 1 12 200 0 0
 687 19425.000 68498.000 0 0 96.648 247.203 23891.964 154.570 0 1 12 200 0 0
 688 19918.000 67270.000 0 0 175.731 429.957 75556.856 274.876 0 1 12 200 0 0
 689 19038.000 69022.000 0 0 16.337 42.698 697.581 26.411 0 1 12 200 0 0
 690 19228.000 68532.000 0 0 60.336 154.870 9344.279 96.665 0 1 12 200 0 0
 691 19720.000 67304.000 0 0 56.422 138.537 7816.653 88.411 0 1 12 200 0 0
 692 19823.000 67055.000 0 0 44.222 107.621 4759.298 68.987 0 1 12 200 0 0
 693 19545.000 67281.000 0 0 9.407 23.133 217.639 14.752 0 1 12 200 0 0
 694 17438.000 67976.000 0 0 79.826 205.800 16428.455 128.173 0 1 11 200 0 0
 695 29632.000 46324.000 0 0 115.791 151.800 17577.261 132.579 0 1 3 210 0 0
 696 29522.000 46189.000 0 0 10.315 13.509 139.356 11.804 0 1 3 210 0 0
 697 31023.000 43746.000 0 0 132.136 162.020 21408.762 146.317 0 1 3 210 0 0
 698 30859.000 43678.000 0 0 24.305 29.837 725.196 26.929 0 1 3 210 0 0
 699 30918.000 43606.000 0 0 75.697 92.729 7019.398 83.781 0 1 3 210 0 0
 700 30572.000 43763.000 0 0 126.706 156.427 19820.384 140.784 0 1 3 210 0 0
 701 30728.000 43570.000 0 0 8.112 9.959 80.796 8.988 0 1 3 210 0 0
 702 30403.000 43699.000 0 0 121.455 150.135 18234.716 135.035 0 1 3 210 0 0
 703 30493.000 43589.000 0 0 51.377 63.304 3252.389 57.029 0 1 3 210 0 0
 704 30578.000 43486.000 0 0 111.081 136.452 15157.288 123.114 0 1 3 210 0 0
 705 27616.000 47030.000 0 0 38.089 52.049 1982.541 44.525 0 1 3 210 0 0
 706 28319.000 46085.000 0 0 15.502 20.610 319.522 17.875 0 1 3 210 0 0
 707 28363.000 46025.000 0 0 7.759 10.299 79.918 8.939 0 1 3 210 0 0
 708 30343.000 43503.000 0 0 10.829 13.352 144.607 12.025 0 1 3 210 0 0
 709 30454.000 43368.000 0 0 18.997 23.329 443.209 21.052 0 1 3 210 0 0
 710 27479.000 46928.000 0 0 40.706 55.623 2264.228 47.583 0 1 3 210 0 0
 711 27531.000 46859.000 0 0 10.186 13.891 141.509 11.895 0 1 3 210 0 0
 712 28210.000 45947.000 0 0 49.229 65.384 3218.844 56.734 0 1 3 210 0 0
 713 32885.000 40263.000 0 0 42.955 48.260 2073.057 45.530 0 1 3 210 0 0
 714 27366.000 46794.000 0 0 79.068 107.938 8534.558 92.382 0 1 3 210 0 0
 715 28016.000 45922.000 0 0 31.111 41.413 1288.427 35.894 0 1 3 210 0 0
 716 28080.000 45838.000 0 0 33.755 44.822 1513.006 38.897 0 1 3 210 0 0
 717 28106.000 45801.000 0 0 15.584 20.671 322.152 17.948 0 1 3 210 0 0
 718 28212.000 45663.000 0 0 20.831 27.521 573.331 23.944 0 1 3 210 0 0
 719 28234.000 45634.000 0 0 13.026 17.195 224.008 14.966 0 1 3 210 0 0
 720 32747.000 40162.000 0 0 111.865 125.727 14064.485 118.593 0 1 3 210 0 0
 721 33288.000 39562.000 0 0 136.172 150.307 20467.624 143.065 0 1 3 210 0 0
 722 27297.000 46603.000 0 0 89.587 121.978 10927.807 104.536 0 1 3 210 0 0
 723 27946.000 45731.000 0 0 111.868 148.529 16615.865 128.902 0 1 3 210 0 0
 724 28043.000 45606.000 0 0 73.014 96.588 7052.358 83.978 0 1 3 210 0 0
 725 28105.000 45523.000 0 0 47.005 62.033 2915.932 53.999 0 1 3 210 0 0
 726 32614.000 40055.000 0 0 14.363 16.146 231.922 15.228 0 1 3 210 0 0
 727 32701.000 39958.000 0 0 146.789 164.531 24151.380 155.407 0 1 3 210 0 0
 728 33162.000 39447.000 0 0 14.509 16.015 232.368 15.243 0 1 3 210 0 0
 729 33207.000 39398.000 0 0 52.290 57.631 3013.583 54.896 0 1 3 210 0 0
 730 27854.000 45572.000 0 0 10.433 13.829 144.290 12.012 0 1 3 210 0 0
 731 27980.000 45405.000 0 0 20.930 27.610 577.919 24.039 0 1 3 210 0 0
 732 33033.000 39335.000 0 0 20.350 22.464 457.165 21.381 0 1 3 210 0 0
 733 33070.000 39296.000 0 0 11.636 12.829 149.292 12.218 0 1 3 210 0 0
 734 32953.000 39172.000 0 0 116.631 128.553 14993.385 122.447 0 1 3 210 0 0
 735 34280.000 37252.000 0 0 30.085 31.510 948.009 30.789 0 1 3 210 0 0
 736 34112.000 37183.000 0 0 54.201 56.850 3081.412 55.510 0 1 3 210 0 0
 737 34180.000 37111.000 0 0 69.332 72.564 5031.086 70.930 0 1 3 210 0 0
 738 34504.000 36774.000 0 0 124.273 128.734 15998.262 126.484 0 1 3 210 0 0
 739 34018.000 37035.000 0 0 51.311 53.770 2759.027 52.526 0 1 3 210 0 0
 740 34378.000 36660.000 0 0 121.446 125.822 15280.707 123.615 0 1 3 210 0 0
 741 34488.000 36547.000 0 0 18.244 18.836 343.677 18.538 0 1 3 210 0 0
 742 34853.000 36174.000 0 0 82.615 84.324 6966.538 83.465 0 1 3 210 0 0
 743 34914.000 36112.000 0 0 24.493 24.952 611.175 24.721 0 1 3 210 0 0
 744 34309.000 36487.000 0 0 179.639 185.800 33376.967 182.693 0 1 3 210 0 0
 745 34712.000 36074.000 0 0 36.777 37.560 1381.382 37.166 0 1 3 210 0 0
 746 34858.000 35925.000 0 0 248.797 252.940 62930.989 250.860 0 1 3 210 0 0
 747 35071.000 35710.000 0 0 9.242 9.334 86.278 9.288 0 1 3 210 0 0
 748 34723.000 35822.000 0 0 21.529 21.897 471.440 21.712 0 1 3 210 0 0
 749 34780.000 35762.000 0 0 15.392 15.627 240.543 15.509 0 1 3 210 0 0
 750 34859.000 35685.000 0 0 77.083 78.074 6018.293 77.577 0 1 3 210 0 0
 751 34989.000 35554.000 0 0 151.379 152.706 23116.552 152.041 0 1 3 210 0 0
 752 34878.000 35424.000 0 0 15.473 15.604 241.446 15.538 0 1 3 210 0 0
 753 34909.000 35391.000 0 0 37.170 37.447 1391.921 37.308 0 1 3 210 0 0
 754 34960.000 35341.000 0 0 49.593 49.885 2473.985 49.739 0 1 3 210 0 0
 755 35070.000 35231.000 0 0 145.929 146.292 21348.364 146.110 0 1 3 210 0 0
 756 35349.000 34952.000 0 0 18.703 18.589 347.687 18.646 0 1 3 210 0 0
 757 35208.000 34853.000 0 0 212.358 211.202 44850.606 211.779 0 1 3 210 0 0
 758 30016.000 38628.000 0 0 108.850 124.123 13510.982 116.236 0 1 4 200 0 0
 759 29932.000 38465.000 0 0 97.342 110.841 10789.618 103.873 0 1 4 200 0 0
 760 29852.000 38301.000 0 0 11.827 13.446 159.035 12.610 0 1 4 200 0 0
 761 40315.000 24660.000 0 0 108.349 85.835 9300.295 96.438 0 1 1 200 0 0
 762 40200.000 24535.000 0 0 151.928 120.390 18290.762 135.243 0 1 1 200 0 0
 763 40060.000 24430.000 0 0 134.049 106.324 14252.740 119.384 0 1 1 200 0 0
 764 40332.000 23784.000 0 0 164.415 128.716 21163.041 145.475 0 1 1 200 0 0;
ProcessEquipmentIDList 1
  "6514" ;
SummarySpec 5
  TESTNO    NDEFECT    DEFDENSITY    NDIE    NDEFDIE  ;
SummaryList 
  1    764    2.68    1    1  ;
EndOfFile;
