FileVersion 1 2;
FileTimestamp 02-10-26 23:40:31;
InspectionStationID "KLA-Tencor" "SFSSP1" "0901-0728-TBI";
SampleType WAFER;
ResultTimestamp 02-10-26 23:35:18;
LotID "2850";
SampleSize 1 200;
DeviceID "None";
SetupID "T2-2850A" 02-10-26 23:35:18;
StepID "6954";
SampleOrientationMarkType NOTCH;
OrientationMarkLocation DOWN;
DiePitch 200000 200000;
DieOrigin 0 0;
WaferID "07";
Slot 7;
SampleCenterLocation 100000 100000;
ClassLookup 1
  0 "0"  ;
OrientationInstructions "Front";
CoordinatesMirrored No;
InspectionTest 1;
SampleTestPlan 1
  0 0 ;
AreaPerTest 2.85009e+010;
ClusterClassificationList 1
  1 200 ;
DefectRecordSpec 15 DEFECTID XREL YREL XINDEX YINDEX XSIZE YSIZE DEFECTAREA DSIZE CLASSNUMBER TEST CLUSTERNUMBER ROUGHBINNUMBER FINEBINNUMBER REVIEWSAMPLE ;
DefectList
 1 117557.000 91150.000 0 0 0.000 0.000 0.000 0.124 0 1 0 0 0 0
 2 81037.000 92379.000 0 0 0.000 0.000 0.000 0.124 0 1 0 0 0 0
 3 110814.000 82632.000 0 0 0.000 0.000 0.000 0.121 0 1 0 0 0 0
 4 115265.000 85159.000 0 0 0.000 0.000 0.000 0.137 0 1 0 0 0 0
 5 86750.000 128682.000 0 0 0.000 0.000 0.000 0.130 0 1 0 0 0 0
 6 94983.000 68246.000 0 0 0.000 0.000 0.000 0.124 0 1 0 0 0 0
 7 77290.000 71762.000 0 0 0.000 0.000 0.000 0.152 0 1 0 0 0 0
 8 67279.000 116834.000 0 0 0.000 0.000 0.000 0.368 0 1 0 0 0 0
 9 62341.000 71531.000 0 0 0.000 0.000 0.000 0.150 0 1 0 0 0 0
 10 56965.000 124025.000 0 0 0.000 0.000 0.000 0.121 0 1 0 0 0 0
 11 56884.000 127736.000 0 0 0.000 0.000 0.000 0.130 0 1 0 0 0 0
 12 47445.000 109041.000 0 0 0.000 0.000 0.000 0.135 0 1 0 0 0 0
 13 119249.000 49628.000 0 0 0.000 0.000 0.000 0.120 0 1 0 0 0 0
 14 43986.000 100423.000 0 0 0.000 0.000 0.000 0.120 0 1 0 0 0 0
 15 130099.000 52068.000 0 0 0.000 0.000 0.000 0.121 0 1 0 0 0 0
 16 122290.000 153667.000 0 0 0.000 0.000 0.000 0.160 0 1 0 0 0 0
 17 135178.000 50750.000 0 0 0.000 0.000 0.000 0.166 0 1 0 0 0 0
 18 97508.000 38933.000 0 0 0.000 0.000 0.000 0.120 0 1 0 0 0 0
 19 98953.000 38797.000 0 0 0.000 0.000 0.000 0.122 0 1 0 0 0 0
 20 58516.000 51676.000 0 0 0.000 0.000 0.000 0.124 0 1 0 0 0 0
 21 67724.000 44825.000 0 0 0.000 0.000 0.000 0.122 0 1 0 0 0 0
 22 67988.000 44445.000 0 0 0.000 0.000 0.000 0.126 0 1 0 0 0 0
 23 64070.000 46425.000 0 0 0.000 0.000 0.000 0.120 0 1 0 0 0 0
 24 59042.000 49883.000 0 0 0.000 0.000 0.000 0.120 0 1 0 0 0 0
 25 67425.000 43004.000 0 0 0.000 0.000 0.000 0.125 0 1 0 0 0 0
 26 67485.000 42602.000 0 0 0.000 0.000 0.000 0.125 0 1 0 0 0 0
 27 67185.000 42704.000 0 0 0.000 0.000 0.000 0.123 0 1 0 0 0 0
 28 52068.000 53973.000 0 0 0.000 0.000 0.000 0.204 0 1 0 0 0 0
 29 63808.000 44126.000 0 0 0.000 0.000 0.000 0.131 0 1 0 0 0 0
 30 84008.000 34982.000 0 0 0.000 0.000 0.000 0.120 0 1 0 0 0 0
 31 63042.000 43370.000 0 0 0.000 0.000 0.000 0.121 0 1 0 0 0 0
 32 117767.000 34758.000 0 0 0.000 0.000 0.000 0.120 0 1 0 0 0 0
 33 119589.000 35118.000 0 0 0.000 0.000 0.000 0.121 0 1 0 0 0 0
 34 66455.000 40929.000 0 0 0.000 0.000 0.000 0.125 0 1 0 0 0 0
 35 120213.000 34763.000 0 0 0.000 0.000 0.000 0.125 0 1 0 0 0 0
 36 64325.000 41429.000 0 0 0.000 0.000 0.000 0.120 0 1 0 0 0 0
 37 66236.000 40186.000 0 0 0.000 0.000 0.000 0.123 0 1 0 0 0 0
 38 125753.000 36140.000 0 0 0.000 0.000 0.000 0.121 0 1 0 0 0 0
 39 30801.000 91848.000 0 0 0.000 0.000 0.000 0.132 0 1 0 0 0 0
 40 67783.000 38446.000 0 0 0.000 0.000 0.000 0.120 0 1 0 0 0 0
 41 145461.000 47399.000 0 0 0.000 0.000 0.000 0.127 0 1 0 0 0 0
 42 146287.000 47896.000 0 0 0.000 0.000 0.000 0.120 0 1 0 0 0 0
 43 137588.000 41032.000 0 0 0.000 0.000 0.000 0.128 0 1 0 0 0 0
 44 67459.000 37869.000 0 0 0.000 0.000 0.000 0.123 0 1 0 0 0 0
 45 95973.000 29800.000 0 0 0.000 0.000 0.000 0.123 0 1 0 0 0 0
 46 115949.000 30623.000 0 0 0.000 0.000 0.000 0.121 0 1 0 0 0 0
 47 129269.000 34995.000 0 0 0.000 0.000 0.000 0.125 0 1 0 0 0 0
 48 85129.000 30121.000 0 0 0.000 0.000 0.000 0.121 0 1 0 0 0 0
 49 100234.000 28354.000 0 0 0.000 0.000 0.000 0.121 0 1 0 0 0 0
 50 129205.000 33693.000 0 0 0.000 0.000 0.000 0.125 0 1 0 0 0 0
 51 27846.000 92013.000 0 0 0.000 0.000 0.000 0.143 0 1 0 0 0 0
 52 60839.000 38762.000 0 0 0.000 0.000 0.000 0.121 0 1 0 0 0 0
 53 61662.000 38053.000 0 0 0.000 0.000 0.000 0.121 0 1 0 0 0 0
 54 127967.000 32546.000 0 0 0.000 0.000 0.000 0.122 0 1 0 0 0 0
 55 99111.000 26223.000 0 0 0.000 0.000 0.000 0.128 0 1 0 0 0 0
 56 94379.000 26288.000 0 0 0.000 0.000 0.000 0.124 0 1 0 0 0 0
 57 84650.000 27144.000 0 0 0.000 0.000 0.000 0.122 0 1 0 0 0 0
 58 125493.000 29619.000 0 0 0.000 0.000 0.000 0.121 0 1 0 0 0 0
 59 129703.000 31139.000 0 0 0.000 0.000 0.000 0.121 0 1 0 0 0 0
 60 45520.000 48320.000 0 0 0.000 0.000 0.000 0.125 0 1 0 0 0 0
 61 46133.000 47699.000 0 0 0.000 0.000 0.000 0.120 0 1 0 0 0 0
 62 109932.000 25601.000 0 0 0.000 0.000 0.000 0.121 0 1 0 0 0 0
 63 109666.000 25406.000 0 0 0.000 0.000 0.000 0.123 0 1 0 0 0 0
 64 126428.000 171288.000 0 0 0.000 0.000 0.000 0.125 0 1 0 0 0 0
 65 61795.000 34643.000 0 0 0.000 0.000 0.000 0.121 0 1 0 0 0 0
 66 26846.000 78930.000 0 0 0.000 0.000 0.000 0.126 0 1 0 0 0 0
 67 26853.000 78122.000 0 0 0.000 0.000 0.000 0.131 0 1 0 0 0 0
 68 44497.000 47203.000 0 0 0.000 0.000 0.000 0.123 0 1 0 0 0 0
 69 24004.000 88095.000 0 0 0.000 0.000 0.000 0.135 0 1 0 0 0 0
 70 61785.000 33238.000 0 0 0.000 0.000 0.000 0.128 0 1 0 0 0 0
 71 63644.000 32094.000 0 0 0.000 0.000 0.000 0.122 0 1 0 0 0 0
 72 48714.000 42356.000 0 0 0.000 0.000 0.000 0.120 0 1 0 0 0 0
 73 58934.000 34781.000 0 0 0.000 0.000 0.000 0.120 0 1 0 0 0 0
 74 63669.000 32023.000 0 0 0.000 0.000 0.000 0.126 0 1 0 0 0 0
 75 114816.000 23989.000 0 0 0.000 0.000 0.000 0.121 0 1 0 0 0 0
 76 47765.000 42444.000 0 0 0.000 0.000 0.000 0.125 0 1 0 0 0 0
 77 99106.000 22444.000 0 0 0.000 0.000 0.000 0.120 0 1 0 0 0 0
 78 172224.000 129683.000 0 0 0.000 0.000 0.000 0.127 0 1 0 0 0 0
 79 111224.000 22956.000 0 0 0.000 0.000 0.000 0.122 0 1 0 0 0 0
 80 22076.000 90274.000 0 0 0.000 0.000 0.000 0.250 0 1 0 0 0 0
 81 48484.000 40869.000 0 0 0.000 0.000 0.000 0.123 0 1 0 0 0 0
 82 99960.000 21546.000 0 0 0.000 0.000 0.000 0.120 0 1 0 0 0 0
 83 41812.000 47073.000 0 0 0.000 0.000 0.000 0.122 0 1 0 0 0 0
 84 40946.000 47556.000 0 0 0.000 0.000 0.000 0.124 0 1 0 0 0 0
 85 30637.000 61785.000 0 0 54.000 46.000 2484.000 49.839 0 1 1 200 0 0
 86 37807.000 51045.000 0 0 0.000 0.000 0.000 0.121 0 1 0 0 0 0
 87 50660.000 38150.000 0 0 0.000 0.000 0.000 0.120 0 1 0 0 0 0
 88 30726.000 61460.000 0 0 54.000 46.000 2484.000 49.839 0 1 1 200 0 0
 89 30844.000 60923.000 0 0 54.000 46.000 2484.000 49.839 0 1 1 200 0 0
 90 30885.000 60757.000 0 0 54.000 46.000 2484.000 49.839 0 1 1 200 0 0
 91 69975.000 26533.000 0 0 0.000 0.000 0.000 0.121 0 1 0 0 0 0
 92 34683.000 54418.000 0 0 0.000 0.000 0.000 0.130 0 1 0 0 0 0
 93 31007.000 60383.000 0 0 54.000 46.000 2484.000 49.839 0 1 1 200 0 0
 94 36852.000 51096.000 0 0 0.000 0.000 0.000 0.124 0 1 0 0 0 0
 95 61698.000 29949.000 0 0 0.000 0.000 0.000 0.128 0 1 0 0 0 0
 96 39806.000 46865.000 0 0 0.000 0.000 0.000 0.129 0 1 0 0 0 0
 97 42372.000 44171.000 0 0 0.000 0.000 0.000 0.123 0 1 0 0 0 0
 98 41953.000 44264.000 0 0 0.000 0.000 0.000 0.121 0 1 0 0 0 0
 99 61108.000 28808.000 0 0 0.000 0.000 0.000 0.128 0 1 0 0 0 0
 100 46256.000 39128.000 0 0 0.000 0.000 0.000 0.120 0 1 0 0 0 0
 101 39265.000 154787.000 0 0 0.000 0.000 0.000 0.135 0 1 0 0 0 0
 102 18456.000 104971.000 0 0 0.000 0.000 0.000 0.297 0 1 0 0 0 0
 103 18187.000 106603.000 0 0 0.000 0.000 0.000 0.302 0 1 0 0 0 0
 104 90263.000 18390.000 0 0 0.000 0.000 0.000 0.126 0 1 0 0 0 0
 105 17951.000 106514.000 0 0 0.000 0.000 0.000 0.361 0 1 0 0 0 0
 106 17840.000 106400.000 0 0 0.000 0.000 0.000 0.222 0 1 0 0 0 0
 107 69381.000 23425.000 0 0 0.000 0.000 0.000 0.127 0 1 0 0 0 0
 108 157586.000 159915.000 0 0 0.000 0.000 0.000 0.123 0 1 0 0 0 0
 109 64651.000 24865.000 0 0 0.000 0.000 0.000 0.122 0 1 0 0 0 0
 110 89625.000 16913.000 0 0 0.000 0.000 0.000 0.120 0 1 0 0 0 0
 111 88646.000 16886.000 0 0 0.000 0.000 0.000 0.120 0 1 0 0 0 0
 112 63618.000 23902.000 0 0 0.000 0.000 0.000 0.127 0 1 0 0 0 0
 113 84988.000 17073.000 0 0 0.000 0.000 0.000 0.132 0 1 0 0 0 0
 114 78292.000 18379.000 0 0 0.000 0.000 0.000 0.120 0 1 0 0 0 0
 115 40861.000 39281.000 0 0 0.000 0.000 0.000 0.125 0 1 0 0 0 0
 116 15812.000 87910.000 0 0 0.000 0.000 0.000 0.136 0 1 0 0 0 0
 117 131865.000 21190.000 0 0 0.000 0.000 0.000 0.121 0 1 0 0 0 0
 118 15442.000 115319.000 0 0 0.000 0.000 0.000 0.127 0 1 0 0 0 0
 119 38748.000 39938.000 0 0 0.000 0.000 0.000 0.128 0 1 0 0 0 0
 120 37971.000 39436.000 0 0 0.000 0.000 0.000 0.122 0 1 0 0 0 0
 121 169363.000 152540.000 0 0 0.000 0.000 0.000 0.254 0 1 0 0 0 0
 122 13875.000 111930.000 0 0 0.000 0.000 0.000 0.152 0 1 0 0 0 0
 123 17975.000 70306.000 0 0 0.000 0.000 0.000 0.128 0 1 0 0 0 0
 124 12447.000 102020.000 0 0 0.000 0.000 0.000 0.131 0 1 0 0 0 0
 125 19769.000 65164.000 0 0 0.000 0.000 0.000 0.126 0 1 0 0 0 0
 126 20576.000 137806.000 0 0 0.000 0.000 0.000 0.279 0 1 0 0 0 0
 127 22579.000 58532.000 0 0 0.000 0.000 0.000 0.127 0 1 0 0 0 0
 128 23329.000 57381.000 0 0 0.000 0.000 0.000 0.120 0 1 0 0 0 0
 129 24593.000 55002.000 0 0 0.000 0.000 0.000 0.123 0 1 0 0 0 0
 130 54292.000 175522.000 0 0 0.000 0.000 0.000 0.136 0 1 0 0 0 0
 131 24710.000 54149.000 0 0 0.000 0.000 0.000 0.125 0 1 0 0 0 0
 132 36235.000 39204.000 0 0 0.000 0.000 0.000 0.125 0 1 0 0 0 0
 133 79309.000 14532.000 0 0 0.000 0.000 0.000 0.122 0 1 0 0 0 0
 134 22818.000 57333.000 0 0 0.000 0.000 0.000 0.122 0 1 0 0 0 0
 135 60653.000 21025.000 0 0 0.000 0.000 0.000 0.127 0 1 0 0 0 0
 136 137166.000 20025.000 0 0 0.000 0.000 0.000 0.121 0 1 0 0 0 0
 137 136865.000 19614.000 0 0 0.000 0.000 0.000 0.134 0 1 0 0 0 0
 138 17351.000 68247.000 0 0 0.000 0.000 0.000 0.120 0 1 0 0 0 0
 139 138731.000 19645.000 0 0 0.000 0.000 0.000 0.128 0 1 0 0 0 0
 140 88642.000 11386.000 0 0 0.000 0.000 0.000 0.121 0 1 0 0 0 0
 141 76873.000 186992.000 0 0 0.000 0.000 0.000 0.120 0 1 0 0 0 0
 142 15030.000 70115.000 0 0 0.000 0.000 0.000 0.122 0 1 0 0 0 0
 143 24443.000 50555.000 0 0 0.000 0.000 0.000 0.121 0 1 0 0 0 0
 144 34476.000 162984.000 0 0 0.000 0.000 0.000 0.120 0 1 0 0 0 0
 145 23846.000 50188.000 0 0 0.000 0.000 0.000 0.120 0 1 0 0 0 0
 146 123539.000 12265.000 0 0 0.000 0.000 0.000 0.125 0 1 0 0 0 0
 147 33700.000 37589.000 0 0 0.000 0.000 0.000 0.134 0 1 0 0 0 0
 148 20648.000 54250.000 0 0 0.000 0.000 0.000 0.121 0 1 0 0 0 0
 149 23455.000 49726.000 0 0 0.000 0.000 0.000 0.133 0 1 0 0 0 0
 150 13766.000 133356.000 0 0 0.000 0.000 0.000 0.135 0 1 0 0 0 0
 151 65384.000 14492.000 0 0 0.000 0.000 0.000 0.120 0 1 0 0 0 0
 152 34124.000 165268.000 0 0 0.000 0.000 0.000 0.124 0 1 0 0 0 0
 153 174520.000 155301.000 0 0 0.000 0.000 0.000 0.122 0 1 0 0 0 0
 154 34146.000 166086.000 0 0 0.000 0.000 0.000 0.120 0 1 0 0 0 0
 155 34161.000 166141.000 0 0 0.000 0.000 0.000 0.120 0 1 0 0 0 0
 156 21697.000 49044.000 0 0 0.000 0.000 0.000 0.131 0 1 0 0 0 0
 157 166168.000 166445.000 0 0 0.000 0.000 0.000 0.241 0 1 0 0 0 0
 158 7540.000 116348.000 0 0 0.000 0.000 0.000 0.200 0 1 0 0 0 0
 159 57964.000 185380.000 0 0 0.000 0.000 0.000 0.128 0 1 0 0 0 0
 160 57518.000 185335.000 0 0 0.000 0.000 0.000 0.123 0 1 0 0 0 0
 161 57392.000 185475.000 0 0 0.000 0.000 0.000 0.126 0 1 0 0 0 0
 162 66938.000 189947.000 0 0 0.000 0.000 0.000 0.124 0 1 0 0 0 0
 163 172280.000 36125.000 0 0 0.000 0.000 0.000 0.139 0 1 0 0 0 0
 164 37024.000 26651.000 0 0 0.000 0.000 0.000 0.122 0 1 0 0 0 0
 165 43194.000 21495.000 0 0 0.000 0.000 0.000 0.121 0 1 0 0 0 0
 166 31134.000 60758.000 0 0 427.025 749.392 320009.994 565.694 0 1 1 200 0 0
 167 31070.000 60527.000 0 0 395.477 690.612 273121.935 522.610 0 1 1 200 0 0
 168 30932.000 60427.000 0 0 7.585 13.239 100.433 10.021 0 1 1 200 0 0
 169 31041.000 60239.000 0 0 163.918 284.286 46599.856 215.869 0 1 1 200 0 0;
ProcessEquipmentIDList 1
  "6514" ;
SummarySpec 5
  TESTNO    NDEFECT    DEFDENSITY    NDIE    NDEFDIE  ;
SummaryList 
  1    169    0.593    1    1  ;
EndOfFile;
