FileVersion 1 2;
FileTimestamp 02-10-26 22:21:32;
InspectionStationID "KLA-Tencor" "SFSSP1" "0901-0728-TBI";
SampleType WAFER;
ResultTimestamp 02-10-26 22:06:22;
LotID "2850";
SampleSize 1 200;
DeviceID "None";
SetupID "T2-2850A" 02-10-26 22:06:22;
StepID "6954";
SampleOrientationMarkType NOTCH;
OrientationMarkLocation DOWN;
DiePitch 200000 200000;
DieOrigin 0 0;
WaferID "25";
Slot 25;
SampleCenterLocation 100000 100000;
ClassLookup 1
  0 "0"  ;
OrientationInstructions "Front";
CoordinatesMirrored No;
InspectionTest 1;
SampleTestPlan 1
  0 0 ;
AreaPerTest 2.85029e+010;
DefectRecordSpec 15 DEFECTID XREL YREL XINDEX YINDEX XSIZE YSIZE DEFECTAREA DSIZE CLASSNUMBER TEST CLUSTERNUMBER ROUGHBINNUMBER FINEBINNUMBER REVIEWSAMPLE ;
DefectList
 1 103197.000 123489.000 0 0 0.000 0.000 0.000 0.122 0 1 0 0 0 0
 2 98067.000 133196.000 0 0 0.000 0.000 0.000 0.200 0 1 0 0 0 0
 3 144589.000 125559.000 0 0 0.000 0.000 0.000 0.172 0 1 0 0 0 0
 4 48418.000 87835.000 0 0 0.000 0.000 0.000 0.125 0 1 0 0 0 0
 5 47737.000 86882.000 0 0 0.000 0.000 0.000 0.136 0 1 0 0 0 0
 6 47550.000 86555.000 0 0 0.000 0.000 0.000 0.144 0 1 0 0 0 0
 7 47147.000 86600.000 0 0 0.000 0.000 0.000 0.138 0 1 0 0 0 0
 8 113354.000 158517.000 0 0 0.000 0.000 0.000 0.121 0 1 0 0 0 0
 9 54623.000 58863.000 0 0 0.000 0.000 0.000 0.148 0 1 0 0 0 0
 10 165774.000 99686.000 0 0 0.000 0.000 0.000 0.130 0 1 0 0 0 0
 11 115298.000 33842.000 0 0 0.000 0.000 0.000 0.137 0 1 0 0 0 0
 12 162837.000 130812.000 0 0 0.000 0.000 0.000 200000.000 0 1 0 200 0 0
 13 41586.000 139389.000 0 0 0.000 0.000 0.000 0.121 0 1 0 0 0 0
 14 166741.000 63277.000 0 0 0.000 0.000 0.000 0.131 0 1 0 0 0 0
 15 108909.000 23784.000 0 0 0.000 0.000 0.000 0.380 0 1 0 0 0 0
 16 107694.000 22994.000 0 0 0.000 0.000 0.000 0.121 0 1 0 0 0 0
 17 20398.000 100437.000 0 0 0.000 0.000 0.000 0.133 0 1 0 0 0 0
 18 20448.000 100365.000 0 0 0.000 0.000 0.000 0.135 0 1 0 0 0 0
 19 160900.000 47584.000 0 0 0.000 0.000 0.000 0.130 0 1 0 0 0 0
 20 19667.000 101772.000 0 0 0.000 0.000 0.000 0.136 0 1 0 0 0 0
 21 176569.000 64812.000 0 0 0.000 0.000 0.000 0.223 0 1 0 0 0 0
 22 126001.000 186302.000 0 0 0.000 0.000 0.000 0.146 0 1 0 0 0 0
 23 89150.000 9467.000 0 0 0.000 0.000 0.000 0.127 0 1 0 0 0 0
 24 185023.000 64540.000 0 0 0.000 0.000 0.000 0.233 0 1 0 0 0 0
 25 185539.000 63285.000 0 0 0.000 0.000 0.000 0.210 0 1 0 0 0 0
 26 155821.000 23009.000 0 0 0.000 0.000 0.000 0.202 0 1 0 0 0 0
 27 194385.000 79309.000 0 0 0.000 0.000 0.000 0.242 0 1 0 0 0 0
 28 194337.000 79428.000 0 0 0.000 0.000 0.000 0.249 0 1 0 0 0 0
 29 194556.000 78577.000 0 0 0.000 0.000 0.000 0.254 0 1 0 0 0 0
 30 194508.000 78754.000 0 0 0.000 0.000 0.000 0.265 0 1 0 0 0 0;
ProcessEquipmentIDList 1
  "6514" ;
SummarySpec 5
  TESTNO    NDEFECT    DEFDENSITY    NDIE    NDEFDIE  ;
SummaryList 
  1    30    0.1053    1    1  ;
EndOfFile;
