FileVersion 1 2;
FileTimestamp 02-10-26 21:17:51;
InspectionStationID "KLA-Tencor" "SFSSP1" "0901-0728-TBI";
SampleType WAFER;
ResultTimestamp 02-10-26 21:02:08;
LotID "2850";
SampleSize 1 200;
DeviceID "None";
SetupID "T2-2850A" 02-10-26 21:02:08;
StepID "6954";
SampleOrientationMarkType NOTCH;
OrientationMarkLocation DOWN;
DiePitch 200000 200000;
DieOrigin 0 0;
WaferID "25";
Slot 25;
SampleCenterLocation 100000 100000;
ClassLookup 1
  0 "0"  ;
OrientationInstructions "Front";
CoordinatesMirrored No;
InspectionTest 1;
SampleTestPlan 1
  0 0 ;
AreaPerTest 2.85022e+010;
ClusterClassificationList 1
  1 200 ;
DefectRecordSpec 15 DEFECTID XREL YREL XINDEX YINDEX XSIZE YSIZE DEFECTAREA DSIZE CLASSNUMBER TEST CLUSTERNUMBER ROUGHBINNUMBER FINEBINNUMBER REVIEWSAMPLE ;
DefectList
 1 58360.000 96851.000 0 0 0.000 0.000 0.000 0.133 0 1 0 0 0 0
 2 81138.000 54668.000 0 0 0.000 0.000 0.000 0.150 0 1 0 0 0 0
 3 86519.000 44248.000 0 0 0.000 0.000 0.000 0.140 0 1 0 0 0 0
 4 147749.000 61544.000 0 0 0.000 0.000 0.000 0.163 0 1 0 0 0 0
 5 150239.000 137451.000 0 0 0.000 0.000 0.000 0.120 0 1 0 0 0 0
 6 148074.000 140506.000 0 0 54.000 52.000 2808.000 52.990 0 1 1 200 0 0
 7 148157.000 140797.000 0 0 54.000 52.000 2808.000 52.990 0 1 1 200 0 0
 8 148127.000 141033.000 0 0 54.000 52.000 2808.000 52.990 0 1 1 200 0 0
 9 148483.000 140944.000 0 0 54.000 52.000 2808.000 52.990 0 1 1 200 0 0
 10 148449.000 141294.000 0 0 54.000 52.000 2808.000 52.990 0 1 1 200 0 0
 11 147885.000 142935.000 0 0 54.000 50.000 2700.000 51.961 0 1 1 200 0 0
 12 148711.000 142251.000 0 0 52.000 52.000 2704.000 52.000 0 1 1 200 0 0
 13 146972.000 144685.000 0 0 0.000 0.000 0.000 200000.000 0 1 0 200 0 0
 14 149398.000 151811.000 0 0 0.000 0.000 0.000 0.474 0 1 0 0 0 0
 15 69894.000 23570.000 0 0 0.000 0.000 0.000 0.175 0 1 0 0 0 0
 16 83844.000 17550.000 0 0 0.000 0.000 0.000 0.283 0 1 0 0 0 0
 17 184520.000 105268.000 0 0 0.000 0.000 0.000 0.131 0 1 0 0 0 0
 18 150181.000 172283.000 0 0 0.000 0.000 0.000 200000.000 0 1 0 200 0 0
 19 149988.000 173230.000 0 0 0.000 0.000 0.000 200000.000 0 1 0 200 0 0
 20 10636.000 109992.000 0 0 0.000 0.000 0.000 0.170 0 1 0 0 0 0
 21 145548.000 184489.000 0 0 0.000 0.000 0.000 0.373 0 1 0 0 0 0
 22 147891.000 140195.000 0 0 25.048 29.844 747.554 27.341 0 1 1 200 0 0
 23 148024.000 140300.000 0 0 54.093 64.460 3486.891 59.049 0 1 1 200 0 0
 24 148187.000 140371.000 0 0 9.675 11.549 111.747 10.571 0 1 1 200 0 0
 25 148136.000 140432.000 0 0 60.084 71.533 4298.098 65.559 0 1 1 200 0 0
 26 148034.000 140554.000 0 0 7.776 9.210 71.624 8.463 0 1 1 200 0 0
 27 148257.000 140552.000 0 0 141.907 168.872 23964.297 154.804 0 1 1 200 0 0
 28 148159.000 140672.000 0 0 19.495 23.084 450.055 21.214 0 1 1 200 0 0
 29 148390.000 140658.000 0 0 152.023 180.935 27506.405 165.850 0 1 1 200 0 0
 30 148286.000 140783.000 0 0 27.369 32.404 886.892 29.780 0 1 1 200 0 0
 31 148493.000 140799.000 0 0 207.315 246.410 51084.755 226.019 0 1 1 200 0 0
 32 147657.000 141779.000 0 0 74.101 84.528 6263.726 79.143 0 1 1 200 0 0
 33 148706.000 140812.000 0 0 9.781 11.673 114.185 10.685 0 1 1 200 0 0
 34 148667.000 140857.000 0 0 35.253 41.991 1480.359 38.475 0 1 1 200 0 0
 35 148602.000 140936.000 0 0 60.833 72.226 4393.790 66.285 0 1 1 200 0 0
 36 148548.000 140999.000 0 0 27.514 32.580 896.438 29.940 0 1 1 200 0 0
 37 147794.000 141880.000 0 0 64.243 73.315 4710.037 68.629 0 1 1 200 0 0
 38 147754.000 141927.000 0 0 12.058 13.733 165.606 12.868 0 1 1 200 0 0
 39 147721.000 141964.000 0 0 22.128 25.164 556.861 23.597 0 1 1 200 0 0
 40 148811.000 140949.000 0 0 23.556 28.078 661.425 25.718 0 1 1 200 0 0
 41 147920.000 141995.000 0 0 112.735 128.641 14502.419 120.425 0 1 1 200 0 0
 42 147848.000 142077.000 0 0 16.136 18.349 296.101 17.207 0 1 1 200 0 0
 43 147821.000 142108.000 0 0 26.240 29.800 781.983 27.963 0 1 1 200 0 0
 44 148022.000 142136.000 0 0 193.909 220.999 42853.863 207.011 0 1 1 200 0 0
 45 148151.000 142247.000 0 0 186.318 212.359 39566.557 198.913 0 1 1 200 0 0
 46 148283.000 142354.000 0 0 192.885 219.884 42412.536 205.943 0 1 1 200 0 0
 47 148486.000 142379.000 0 0 18.283 20.917 382.451 19.556 0 1 1 200 0 0
 48 148447.000 142425.000 0 0 48.810 55.738 2720.605 52.159 0 1 1 200 0 0
 49 148379.000 142503.000 0 0 83.535 95.085 7943.034 89.123 0 1 1 200 0 0
 50 148585.000 142524.000 0 0 16.308 18.632 303.858 17.431 0 1 1 200 0 0
 51 148558.000 142557.000 0 0 6.120 6.983 42.748 6.538 0 1 1 200 0 0
 52 148489.000 142635.000 0 0 6.132 6.974 42.766 6.539 0 1 1 200 0 0;
ProcessEquipmentIDList 1
  "6514" ;
SummarySpec 5
  TESTNO    NDEFECT    DEFDENSITY    NDIE    NDEFDIE  ;
SummaryList 
  1    52    0.1824    1    1  ;
EndOfFile;
