FileVersion 1 2;
FileTimestamp 02-10-26 21:56:50;
InspectionStationID "KLA-Tencor" "SFSSP1" "0901-0728-TBI";
SampleType WAFER;
ResultTimestamp 02-10-26 21:46:42;
LotID "2850";
SampleSize 1 200;
DeviceID "None";
SetupID "T2-2850A" 02-10-26 21:46:42;
StepID "6954";
SampleOrientationMarkType NOTCH;
OrientationMarkLocation DOWN;
DiePitch 200000 200000;
DieOrigin 0 0;
WaferID "17";
Slot 17;
SampleCenterLocation 100000 100000;
ClassLookup 1
  0 "0"  ;
OrientationInstructions "Front";
CoordinatesMirrored No;
InspectionTest 1;
SampleTestPlan 1
  0 0 ;
AreaPerTest 2.85008e+010;
ClusterClassificationList 6
  3 210 
  2 200 
  4 210 
  1 200 
  5 210 
  6 210 ;
DefectRecordSpec 15 DEFECTID XREL YREL XINDEX YINDEX XSIZE YSIZE DEFECTAREA DSIZE CLASSNUMBER TEST CLUSTERNUMBER ROUGHBINNUMBER FINEBINNUMBER REVIEWSAMPLE ;
DefectList
 1 77042.000 82055.000 0 0 54.000 50.000 2700.000 51.961 0 1 3 210 0 0
 2 77120.000 81991.000 0 0 54.000 50.000 2700.000 51.961 0 1 3 210 0 0
 3 77032.000 82117.000 0 0 54.000 50.000 2700.000 51.961 0 1 3 210 0 0
 4 77080.000 82021.000 0 0 54.000 50.000 2700.000 51.961 0 1 3 210 0 0
 5 76407.000 82213.000 0 0 54.000 50.000 2700.000 51.961 0 1 3 210 0 0
 6 76479.000 82251.000 0 0 54.000 50.000 2700.000 51.961 0 1 3 210 0 0
 7 76475.000 82208.000 0 0 54.000 50.000 2700.000 51.961 0 1 3 210 0 0
 8 76331.000 82055.000 0 0 54.000 50.000 2700.000 51.961 0 1 3 210 0 0
 9 75776.000 81655.000 0 0 54.000 50.000 2700.000 51.961 0 1 3 210 0 0
 10 75844.000 81680.000 0 0 54.000 50.000 2700.000 51.961 0 1 3 210 0 0
 11 76120.000 81282.000 0 0 54.000 50.000 2700.000 51.961 0 1 3 210 0 0
 12 75430.000 80804.000 0 0 54.000 50.000 2700.000 51.961 0 1 3 210 0 0
 13 74778.000 80889.000 0 0 54.000 50.000 2700.000 51.961 0 1 3 210 0 0
 14 75691.000 80999.000 0 0 54.000 50.000 2700.000 51.961 0 1 3 210 0 0
 15 56853.000 73108.000 0 0 56.000 48.000 2688.000 51.845 0 1 2 200 0 0
 16 57431.000 73072.000 0 0 56.000 48.000 2688.000 51.845 0 1 2 200 0 0
 17 61428.000 66408.000 0 0 0.000 0.000 0.000 0.138 0 1 0 0 0 0
 18 56089.000 72976.000 0 0 56.000 48.000 2688.000 51.845 0 1 2 200 0 0
 19 55810.000 73109.000 0 0 56.000 46.000 2576.000 50.754 0 1 2 200 0 0
 20 56036.000 73058.000 0 0 56.000 48.000 2688.000 51.845 0 1 2 200 0 0
 21 55364.000 73193.000 0 0 56.000 46.000 2576.000 50.754 0 1 2 200 0 0
 22 38620.000 100375.000 0 0 0.000 0.000 0.000 0.124 0 1 0 0 0 0
 23 115959.000 34322.000 0 0 0.000 0.000 0.000 0.124 0 1 0 0 0 0
 24 72326.000 167200.000 0 0 42.000 56.000 2352.000 48.497 0 1 4 210 0 0
 25 150274.000 153391.000 0 0 0.000 0.000 0.000 0.123 0 1 0 0 0 0
 26 72220.000 167528.000 0 0 42.000 56.000 2352.000 48.497 0 1 4 210 0 0
 27 84707.000 176856.000 0 0 0.000 0.000 0.000 0.128 0 1 0 0 0 0
 28 41443.000 45042.000 0 0 0.000 0.000 0.000 0.120 0 1 0 0 0 0
 29 180741.000 111834.000 0 0 0.000 0.000 0.000 0.122 0 1 0 0 0 0
 30 69767.000 175322.000 0 0 42.000 56.000 2352.000 48.497 0 1 4 210 0 0
 31 69667.000 175661.000 0 0 42.000 56.000 2352.000 48.497 0 1 4 210 0 0
 32 55563.000 183709.000 0 0 0.000 0.000 0.000 0.120 0 1 0 0 0 0
 33 134333.000 11119.000 0 0 42.000 56.000 2352.000 48.497 0 1 1 200 0 0
 34 55370.000 183993.000 0 0 0.000 0.000 0.000 0.120 0 1 0 0 0 0
 35 132226.000 10159.000 0 0 40.000 56.000 2240.000 47.328 0 1 1 200 0 0
 36 134322.000 10971.000 0 0 40.000 56.000 2240.000 47.328 0 1 1 200 0 0
 37 131120.000 9590.000 0 0 40.000 54.000 2160.000 46.475 0 1 1 200 0 0
 38 133169.000 10346.000 0 0 40.000 56.000 2240.000 47.328 0 1 1 200 0 0
 39 134934.000 11048.000 0 0 42.000 56.000 2352.000 48.497 0 1 1 200 0 0
 40 133941.000 10478.000 0 0 40.000 56.000 2240.000 47.328 0 1 1 200 0 0
 41 134526.000 10667.000 0 0 42.000 56.000 2352.000 48.497 0 1 1 200 0 0
 42 135308.000 10988.000 0 0 42.000 56.000 2352.000 48.497 0 1 1 200 0 0
 43 55079.000 184419.000 0 0 0.000 0.000 0.000 0.122 0 1 0 0 0 0
 44 131838.000 9507.000 0 0 40.000 54.000 2160.000 46.475 0 1 1 200 0 0
 45 135609.000 10923.000 0 0 42.000 56.000 2352.000 48.497 0 1 1 200 0 0
 46 136501.000 11120.000 0 0 42.000 56.000 2352.000 48.497 0 1 1 200 0 0
 47 132467.000 9550.000 0 0 40.000 56.000 2240.000 47.328 0 1 1 200 0 0
 48 135624.000 10786.000 0 0 42.000 56.000 2352.000 48.497 0 1 1 200 0 0
 49 136712.000 11017.000 0 0 42.000 56.000 2352.000 48.497 0 1 1 200 0 0
 50 54893.000 184690.000 0 0 0.000 0.000 0.000 0.123 0 1 0 0 0 0
 51 131111.000 8890.000 0 0 40.000 54.000 2160.000 46.475 0 1 1 200 0 0
 52 132547.000 9227.000 0 0 40.000 56.000 2240.000 47.328 0 1 1 200 0 0
 53 133315.000 9681.000 0 0 40.000 56.000 2240.000 47.328 0 1 1 200 0 0
 54 134757.000 10233.000 0 0 42.000 56.000 2352.000 48.497 0 1 1 200 0 0
 55 135142.000 10224.000 0 0 42.000 56.000 2352.000 48.497 0 1 1 200 0 0
 56 136253.000 10815.000 0 0 42.000 56.000 2352.000 48.497 0 1 1 200 0 0
 57 133105.000 9409.000 0 0 40.000 56.000 2240.000 47.328 0 1 1 200 0 0
 58 134477.000 9948.000 0 0 40.000 56.000 2240.000 47.328 0 1 1 200 0 0
 59 135779.000 10270.000 0 0 42.000 56.000 2352.000 48.497 0 1 1 200 0 0
 60 136257.000 10667.000 0 0 42.000 56.000 2352.000 48.497 0 1 1 200 0 0
 61 137286.000 10900.000 0 0 42.000 56.000 2352.000 48.497 0 1 1 200 0 0
 62 135644.000 10184.000 0 0 42.000 56.000 2352.000 48.497 0 1 1 200 0 0
 63 136677.000 10627.000 0 0 42.000 56.000 2352.000 48.497 0 1 1 200 0 0
 64 137704.000 11086.000 0 0 42.000 56.000 2352.000 48.497 0 1 1 200 0 0
 65 137801.000 11070.000 0 0 42.000 56.000 2352.000 48.497 0 1 1 200 0 0
 66 131909.000 8655.000 0 0 40.000 54.000 2160.000 46.475 0 1 1 200 0 0
 67 132688.000 8942.000 0 0 40.000 56.000 2240.000 47.328 0 1 1 200 0 0
 68 136312.000 10307.000 0 0 42.000 56.000 2352.000 48.497 0 1 1 200 0 0
 69 137078.000 10444.000 0 0 42.000 56.000 2352.000 48.497 0 1 1 200 0 0
 70 132028.000 8513.000 0 0 40.000 54.000 2160.000 46.475 0 1 1 200 0 0
 71 133444.000 9005.000 0 0 40.000 56.000 2240.000 47.328 0 1 1 200 0 0
 72 134465.000 9415.000 0 0 40.000 56.000 2240.000 47.328 0 1 1 200 0 0
 73 135210.000 9676.000 0 0 42.000 56.000 2352.000 48.497 0 1 1 200 0 0
 74 137624.000 10606.000 0 0 42.000 56.000 2352.000 48.497 0 1 1 200 0 0
 75 137678.000 10646.000 0 0 42.000 56.000 2352.000 48.497 0 1 1 200 0 0
 76 77510.000 82703.000 0 0 5.802 7.544 43.777 6.616 0 1 3 210 0 0
 77 77540.000 82664.000 0 0 14.127 18.303 258.587 16.080 0 1 3 210 0 0
 78 77559.000 82638.000 0 0 10.820 13.986 151.343 12.302 0 1 3 210 0 0
 79 77360.000 82619.000 0 0 34.162 44.500 1520.276 38.990 0 1 3 210 0 0
 80 77397.000 82569.000 0 0 22.562 29.257 660.118 25.692 0 1 3 210 0 0
 81 77425.000 82534.000 0 0 18.418 23.805 438.473 20.939 0 1 3 210 0 0
 82 77255.000 82477.000 0 0 91.561 118.851 10882.210 104.317 0 1 3 210 0 0
 83 77116.000 82380.000 0 0 110.651 143.705 15901.274 126.100 0 1 3 210 0 0
 84 76970.000 82292.000 0 0 131.579 171.127 22516.808 150.056 0 1 3 210 0 0
 85 76831.000 82194.000 0 0 136.573 177.712 24270.914 155.791 0 1 3 210 0 0
 86 76623.000 82185.000 0 0 8.541 11.208 95.740 9.784 0 1 3 210 0 0
 87 76698.000 82087.000 0 0 130.523 169.787 22161.160 148.866 0 1 3 210 0 0
 88 76778.000 81980.000 0 0 6.908 8.902 61.506 7.842 0 1 3 210 0 0
 89 76851.000 81885.000 0 0 11.290 14.427 162.887 12.762 0 1 3 210 0 0
 90 76883.000 81842.000 0 0 11.316 14.407 163.042 12.768 0 1 3 210 0 0
 91 76492.000 82077.000 0 0 13.747 18.030 247.877 15.744 0 1 3 210 0 0
 92 76624.000 81904.000 0 0 242.025 312.651 75669.635 275.081 0 1 3 210 0 0
 93 76752.000 81736.000 0 0 8.757 11.146 97.613 9.879 0 1 3 210 0 0
 94 76426.000 81884.000 0 0 165.876 215.850 35804.500 189.220 0 1 3 210 0 0
 95 76547.000 81724.000 0 0 6.131 7.867 48.237 6.945 0 1 3 210 0 0
 96 76561.000 81706.000 0 0 12.278 15.731 193.158 13.898 0 1 3 210 0 0
 97 76575.000 81688.000 0 0 6.143 7.858 48.274 6.947 0 1 3 210 0 0
 98 76580.000 81681.000 0 0 2.633 3.367 8.868 2.977 0 1 3 210 0 0
 99 76591.000 81666.000 0 0 6.150 7.852 48.299 6.949 0 1 3 210 0 0
 100 76293.000 81778.000 0 0 169.461 220.479 37362.876 193.294 0 1 3 210 0 0
 101 76159.000 81673.000 0 0 164.294 213.722 35113.366 187.385 0 1 3 210 0 0
 102 76034.000 81559.000 0 0 197.141 256.205 50508.730 224.741 0 1 3 210 0 0
 103 75877.000 81479.000 0 0 56.824 74.010 4205.634 64.850 0 1 3 210 0 0
 104 75913.000 81431.000 0 0 2.669 3.462 9.245 3.040 0 1 3 210 0 0
 105 75753.000 81362.000 0 0 76.837 99.958 7680.566 87.638 0 1 3 210 0 0
 106 75801.000 81298.000 0 0 5.377 6.958 37.417 6.116 0 1 3 210 0 0
 107 75854.000 81228.000 0 0 11.699 15.048 176.060 13.268 0 1 3 210 0 0
 108 75600.000 81284.000 0 0 78.055 101.759 7942.900 89.122 0 1 3 210 0 0
 109 75694.000 81160.000 0 0 102.957 132.828 13675.707 116.943 0 1 3 210 0 0
 110 75516.000 81115.000 0 0 192.834 249.998 48208.273 219.563 0 1 3 210 0 0
 111 75357.000 81041.000 0 0 159.964 207.912 33258.578 182.369 0 1 3 210 0 0
 112 75457.000 80912.000 0 0 35.685 45.883 1637.344 40.464 0 1 3 210 0 0
 113 75239.000 80917.000 0 0 203.088 263.510 53515.997 231.335 0 1 3 210 0 0
 114 75013.000 80930.000 0 0 44.793 58.692 2629.063 51.274 0 1 3 210 0 0
 115 75065.000 80862.000 0 0 34.860 45.419 1583.367 39.791 0 1 3 210 0 0
 116 75101.000 80816.000 0 0 13.795 17.904 246.993 15.716 0 1 3 210 0 0
 117 75115.000 80797.000 0 0 12.888 16.701 215.253 14.671 0 1 3 210 0 0
 118 75148.000 80755.000 0 0 28.600 36.931 1056.275 32.500 0 1 3 210 0 0
 119 75179.000 80715.000 0 0 13.867 17.848 247.514 15.732 0 1 3 210 0 0
 120 74910.000 80787.000 0 0 23.948 31.274 748.968 27.367 0 1 3 210 0 0
 121 74952.000 80731.000 0 0 30.482 39.624 1207.865 34.754 0 1 3 210 0 0
 122 56743.000 73376.000 0 0 28.076 45.616 1280.757 35.787 0 1 2 200 0 0
 123 56766.000 73338.000 0 0 5.110 8.287 42.357 6.508 0 1 2 200 0 0
 124 56600.000 73285.000 0 0 62.752 101.943 6397.217 79.982 0 1 2 200 0 0
 125 56406.000 73277.000 0 0 17.935 29.258 524.751 22.907 0 1 2 200 0 0
 126 56453.000 73199.000 0 0 74.519 121.080 9022.862 94.988 0 1 2 200 0 0
 127 56132.000 73398.000 0 0 36.983 60.986 2255.460 47.491 0 1 2 200 0 0
 128 56174.000 73330.000 0 0 16.621 27.313 454.008 21.307 0 1 2 200 0 0
 129 56297.000 73129.000 0 0 101.763 165.507 16842.676 129.779 0 1 2 200 0 0
 130 55918.000 73426.000 0 0 20.382 33.810 689.152 26.251 0 1 2 200 0 0
 131 55987.000 73313.000 0 0 111.298 183.557 20429.615 142.932 0 1 2 200 0 0
 132 56113.000 73103.000 0 0 24.497 39.970 979.173 31.291 0 1 2 200 0 0
 133 56165.000 73019.000 0 0 69.841 113.469 7924.905 89.021 0 1 2 200 0 0
 134 55816.000 73267.000 0 0 115.341 190.631 21987.754 148.282 0 1 2 200 0 0
 135 55884.000 73152.000 0 0 19.305 31.722 612.438 24.747 0 1 2 200 0 0
 136 55966.000 73018.000 0 0 9.051 14.771 133.703 11.562 0 1 2 200 0 0
 137 56000.000 72964.000 0 0 11.667 18.987 221.534 14.884 0 1 2 200 0 0
 138 56025.000 72920.000 0 0 18.175 29.514 536.421 23.160 0 1 2 200 0 0
 139 55624.000 73254.000 0 0 26.922 44.669 1202.611 34.678 0 1 2 200 0 0
 140 55675.000 73172.000 0 0 70.732 116.862 8266.013 90.917 0 1 2 200 0 0
 141 55738.000 73067.000 0 0 11.622 19.101 222.006 14.899 0 1 2 200 0 0
 142 55478.000 73167.000 0 0 21.866 36.281 793.362 28.166 0 1 2 200 0 0
 143 55503.000 73126.000 0 0 14.173 23.467 332.599 18.237 0 1 2 200 0 0
 144 72204.000 167617.000 0 0 9.721 3.996 38.848 6.232 0 1 4 210 0 0
 145 72148.000 167778.000 0 0 16.248 6.676 108.491 10.415 0 1 4 210 0 0
 146 72097.000 167939.000 0 0 16.287 6.689 108.952 10.437 0 1 4 210 0 0
 147 72044.000 168103.000 0 0 22.853 9.381 214.401 14.642 0 1 4 210 0 0
 148 71991.000 168265.000 0 0 13.085 5.369 70.258 8.382 0 1 4 210 0 0
 149 71937.000 168426.000 0 0 22.962 9.417 216.243 14.705 0 1 4 210 0 0
 150 71886.000 168588.000 0 0 23.016 9.434 217.148 14.735 0 1 4 210 0 0
 151 71831.000 168750.000 0 0 23.071 9.452 218.088 14.767 0 1 4 210 0 0
 152 71781.000 168913.000 0 0 26.428 10.822 286.012 16.911 0 1 4 210 0 0
 153 71725.000 169074.000 0 0 26.490 10.843 287.241 16.948 0 1 4 210 0 0
 154 71675.000 169237.000 0 0 26.552 10.862 288.437 16.983 0 1 4 210 0 0
 155 71624.000 169400.000 0 0 23.289 9.522 221.769 14.891 0 1 4 210 0 0
 156 71569.000 169563.000 0 0 23.343 9.540 222.719 14.923 0 1 4 210 0 0
 157 71519.000 169726.000 0 0 26.739 10.922 292.065 17.089 0 1 4 210 0 0
 158 71468.000 169889.000 0 0 26.802 10.942 293.271 17.125 0 1 4 210 0 0
 159 71415.000 170049.000 0 0 23.506 9.592 225.493 15.016 0 1 4 210 0 0
 160 71363.000 170212.000 0 0 20.196 8.237 166.375 12.898 0 1 4 210 0 0
 161 71312.000 170375.000 0 0 20.243 8.252 167.057 12.925 0 1 4 210 0 0
 162 71260.000 170537.000 0 0 27.050 11.021 298.149 17.266 0 1 4 210 0 0
 163 71211.000 170700.000 0 0 30.501 12.420 378.847 19.463 0 1 4 210 0 0
 164 71155.000 170863.000 0 0 27.175 11.062 300.621 17.338 0 1 4 210 0 0
 165 71108.000 171027.000 0 0 27.238 11.080 301.811 17.372 0 1 4 210 0 0
 166 71055.000 171188.000 0 0 30.711 12.487 383.516 19.583 0 1 4 210 0 0
 167 71002.000 171351.000 0 0 27.362 11.120 304.300 17.444 0 1 4 210 0 0
 168 70955.000 171515.000 0 0 27.426 11.138 305.494 17.478 0 1 4 210 0 0
 169 70899.000 171676.000 0 0 30.922 12.554 388.229 19.703 0 1 4 210 0 0
 170 70851.000 171840.000 0 0 30.993 12.575 389.759 19.742 0 1 4 210 0 0
 171 70803.000 172004.000 0 0 27.613 11.197 309.194 17.583 0 1 4 210 0 0
 172 70749.000 172164.000 0 0 27.674 11.217 310.455 17.619 0 1 4 210 0 0
 173 70698.000 172328.000 0 0 34.670 14.045 486.969 22.067 0 1 4 210 0 0
 174 70646.000 172491.000 0 0 31.274 12.664 396.055 19.901 0 1 4 210 0 0
 175 68064.000 171383.000 0 0 13.683 6.121 83.768 9.152 0 1 5 210 0 0
 176 70598.000 172654.000 0 0 27.862 11.275 314.178 17.725 0 1 4 210 0 0
 177 67998.000 171540.000 0 0 13.713 6.134 84.125 9.171 0 1 5 210 0 0
 178 70548.000 172818.000 0 0 34.904 14.117 492.773 22.198 0 1 4 210 0 0
 179 67930.000 171694.000 0 0 10.307 4.610 47.524 6.893 0 1 5 210 0 0
 180 70495.000 172981.000 0 0 31.485 12.729 400.786 20.019 0 1 4 210 0 0
 181 67861.000 171851.000 0 0 13.773 6.160 84.853 9.211 0 1 5 210 0 0
 182 70445.000 173144.000 0 0 31.555 12.750 402.364 20.059 0 1 4 210 0 0
 183 67795.000 172008.000 0 0 13.803 6.173 85.213 9.231 0 1 5 210 0 0
 184 70396.000 173306.000 0 0 31.625 12.771 403.924 20.097 0 1 4 210 0 0
 185 67727.000 172165.000 0 0 17.300 7.736 133.850 11.569 0 1 5 210 0 0
 186 70346.000 173471.000 0 0 28.175 11.372 320.423 17.900 0 1 4 210 0 0
 187 67661.000 172320.000 0 0 17.337 7.752 134.413 11.593 0 1 5 210 0 0
 188 70297.000 173633.000 0 0 28.238 11.391 321.669 17.935 0 1 4 210 0 0
 189 67592.000 172477.000 0 0 20.848 9.322 194.354 13.941 0 1 5 210 0 0
 190 70247.000 173797.000 0 0 28.301 11.410 322.922 17.970 0 1 4 210 0 0
 191 67527.000 172633.000 0 0 17.412 7.784 135.552 11.642 0 1 5 210 0 0
 192 70197.000 173960.000 0 0 28.363 11.429 324.176 18.004 0 1 4 210 0 0
 193 67458.000 172787.000 0 0 17.449 7.801 136.129 11.667 0 1 5 210 0 0
 194 70147.000 174122.000 0 0 31.977 12.879 411.859 20.294 0 1 4 210 0 0
 195 67393.000 172945.000 0 0 20.983 9.379 196.811 14.028 0 1 5 210 0 0
 196 70094.000 174286.000 0 0 28.488 11.468 326.731 18.075 0 1 4 210 0 0
 197 67327.000 173102.000 0 0 21.028 9.398 197.633 14.058 0 1 5 210 0 0
 198 70048.000 174449.000 0 0 28.551 11.486 327.954 18.109 0 1 4 210 0 0
 199 67261.000 173259.000 0 0 21.073 9.417 198.458 14.087 0 1 5 210 0 0
 200 69997.000 174613.000 0 0 25.038 10.068 252.095 15.877 0 1 4 210 0 0
 201 67194.000 173416.000 0 0 21.118 9.436 199.290 14.117 0 1 5 210 0 0
 202 69946.000 174775.000 0 0 21.509 8.645 185.952 13.636 0 1 4 210 0 0
 203 67128.000 173573.000 0 0 21.163 9.455 200.119 14.146 0 1 5 210 0 0
 204 67061.000 173728.000 0 0 17.674 7.896 139.571 11.814 0 1 5 210 0 0
 205 66996.000 173885.000 0 0 21.253 9.493 201.774 14.204 0 1 5 210 0 0
 206 66930.000 174042.000 0 0 21.298 9.512 202.606 14.233 0 1 5 210 0 0
 207 66862.000 174198.000 0 0 24.898 11.120 276.886 16.639 0 1 5 210 0 0
 208 66799.000 174357.000 0 0 24.952 11.141 278.008 16.673 0 1 5 210 0 0
 209 66732.000 174512.000 0 0 21.433 9.569 205.114 14.321 0 1 5 210 0 0
 210 66666.000 174669.000 0 0 21.478 9.588 205.954 14.351 0 1 5 210 0 0
 211 66601.000 174827.000 0 0 25.110 11.208 281.435 16.776 0 1 5 210 0 0
 212 66535.000 174982.000 0 0 25.162 11.230 282.576 16.810 0 1 5 210 0 0
 213 66469.000 175139.000 0 0 25.214 11.252 283.725 16.844 0 1 5 210 0 0
 214 66405.000 175297.000 0 0 21.659 9.663 209.314 14.467 0 1 5 210 0 0
 215 66338.000 175453.000 0 0 21.704 9.683 210.165 14.497 0 1 5 210 0 0
 216 66274.000 175611.000 0 0 25.373 11.317 287.167 16.946 0 1 5 210 0 0
 217 66208.000 175767.000 0 0 25.425 11.339 288.325 16.980 0 1 5 210 0 0
 218 66146.000 175927.000 0 0 25.479 11.360 289.464 17.013 0 1 5 210 0 0
 219 66080.000 176084.000 0 0 25.531 11.382 290.626 17.047 0 1 5 210 0 0
 220 63756.000 174997.000 0 0 14.376 6.947 99.882 9.994 0 1 6 210 0 0
 221 66014.000 176239.000 0 0 25.584 11.404 291.786 17.081 0 1 5 210 0 0
 222 63673.000 175146.000 0 0 18.005 8.704 156.734 12.519 0 1 6 210 0 0
 223 65951.000 176398.000 0 0 25.637 11.426 292.938 17.115 0 1 5 210 0 0
 224 63593.000 175295.000 0 0 21.650 10.468 226.640 15.054 0 1 6 210 0 0
 225 65886.000 176555.000 0 0 25.690 11.448 294.101 17.149 0 1 5 210 0 0
 226 63510.000 175445.000 0 0 18.077 8.743 158.063 12.572 0 1 6 210 0 0
 227 65820.000 176711.000 0 0 25.742 11.470 295.268 17.183 0 1 5 210 0 0
 228 63426.000 175593.000 0 0 21.735 10.516 228.581 15.118 0 1 6 210 0 0
 229 65757.000 176870.000 0 0 25.795 11.491 296.427 17.217 0 1 5 210 0 0
 230 63345.000 175743.000 0 0 18.148 8.783 159.405 12.625 0 1 6 210 0 0
 231 65691.000 177026.000 0 0 25.848 11.513 297.599 17.251 0 1 5 210 0 0
 232 63262.000 175892.000 0 0 21.821 10.563 230.513 15.182 0 1 6 210 0 0
 233 65628.000 177184.000 0 0 29.599 13.181 390.180 19.752 0 1 5 210 0 0
 234 63182.000 176042.000 0 0 25.508 12.350 315.058 17.749 0 1 6 210 0 0
 235 65564.000 177341.000 0 0 25.953 11.556 299.926 17.318 0 1 5 210 0 0
 236 63099.000 176189.000 0 0 21.907 10.610 232.444 15.246 0 1 6 210 0 0
 237 65499.000 177498.000 0 0 26.006 11.577 301.103 17.352 0 1 5 210 0 0
 238 63019.000 176340.000 0 0 25.608 12.405 317.692 17.823 0 1 6 210 0 0
 239 65436.000 177658.000 0 0 26.060 11.599 302.273 17.386 0 1 5 210 0 0
 240 62937.000 176489.000 0 0 25.658 12.433 319.019 17.861 0 1 6 210 0 0
 241 65370.000 177815.000 0 0 26.112 11.620 303.455 17.419 0 1 5 210 0 0
 242 62855.000 176639.000 0 0 25.709 12.460 320.354 17.898 0 1 6 210 0 0
 243 65306.000 177971.000 0 0 29.901 13.305 397.850 19.946 0 1 5 210 0 0
 244 62773.000 176788.000 0 0 25.759 12.488 321.686 17.935 0 1 6 210 0 0
 245 65241.000 178129.000 0 0 26.218 11.664 305.817 17.487 0 1 5 210 0 0
 246 62691.000 176936.000 0 0 25.808 12.515 323.014 17.972 0 1 6 210 0 0
 247 65176.000 178287.000 0 0 26.271 11.686 307.006 17.521 0 1 5 210 0 0
 248 62609.000 177085.000 0 0 25.858 12.543 324.353 18.009 0 1 6 210 0 0
 249 65119.000 178446.000 0 0 26.324 11.705 308.140 17.553 0 1 5 210 0 0
 250 62532.000 177237.000 0 0 25.909 12.569 325.661 18.046 0 1 6 210 0 0
 251 65052.000 178602.000 0 0 26.377 11.727 309.342 17.588 0 1 5 210 0 0
 252 62447.000 177386.000 0 0 22.251 10.797 240.267 15.500 0 1 6 210 0 0
 253 64987.000 178760.000 0 0 26.429 11.749 310.538 17.622 0 1 5 210 0 0
 254 62368.000 177537.000 0 0 22.294 10.820 241.236 15.531 0 1 6 210 0 0
 255 64924.000 178919.000 0 0 26.483 11.770 311.725 17.655 0 1 5 210 0 0
 256 62285.000 177685.000 0 0 26.059 12.651 329.711 18.157 0 1 6 210 0 0
 257 64862.000 179077.000 0 0 26.536 11.791 312.902 17.689 0 1 5 210 0 0
 258 62204.000 177835.000 0 0 22.380 10.867 243.221 15.595 0 1 6 210 0 0
 259 64800.000 179234.000 0 0 30.386 13.499 410.196 20.253 0 1 5 210 0 0
 260 62127.000 177985.000 0 0 22.423 10.889 244.191 15.626 0 1 6 210 0 0
 261 64736.000 179393.000 0 0 26.642 11.834 315.286 17.756 0 1 5 210 0 0
 262 62042.000 178133.000 0 0 26.210 12.733 333.748 18.268 0 1 6 210 0 0
 263 64673.000 179551.000 0 0 26.695 11.854 316.472 17.789 0 1 5 210 0 0
 264 61963.000 178285.000 0 0 26.261 12.759 335.086 18.305 0 1 6 210 0 0
 265 64610.000 179709.000 0 0 30.568 13.572 414.881 20.368 0 1 5 210 0 0
 266 61885.000 178435.000 0 0 26.311 12.786 336.423 18.341 0 1 6 210 0 0
 267 64544.000 179866.000 0 0 30.628 13.597 416.463 20.407 0 1 5 210 0 0
 268 61800.000 178582.000 0 0 26.361 12.814 337.807 18.379 0 1 6 210 0 0
 269 64484.000 180026.000 0 0 26.854 11.918 320.067 17.890 0 1 5 210 0 0
 270 61722.000 178735.000 0 0 22.638 11.006 249.170 15.785 0 1 6 210 0 0
 271 64419.000 180183.000 0 0 26.907 11.940 321.283 17.924 0 1 5 210 0 0
 272 61640.000 178884.000 0 0 22.681 11.029 250.178 15.817 0 1 6 210 0 0
 273 64358.000 180341.000 0 0 26.960 11.960 322.467 17.957 0 1 5 210 0 0
 274 61561.000 179033.000 0 0 26.512 12.894 341.871 18.489 0 1 6 210 0 0
 275 64296.000 180500.000 0 0 27.013 11.981 323.664 17.990 0 1 5 210 0 0
 276 61481.000 179185.000 0 0 26.563 12.921 343.233 18.526 0 1 6 210 0 0
 277 64230.000 180656.000 0 0 27.066 12.003 324.895 18.024 0 1 5 210 0 0
 278 61399.000 179333.000 0 0 26.612 12.948 344.608 18.563 0 1 6 210 0 0
 279 64173.000 180817.000 0 0 27.120 12.022 326.061 18.057 0 1 5 210 0 0
 280 61321.000 179484.000 0 0 26.663 12.975 345.962 18.600 0 1 6 210 0 0
 281 64107.000 180973.000 0 0 27.172 12.044 327.289 18.091 0 1 5 210 0 0
 282 61242.000 179635.000 0 0 26.713 13.001 347.325 18.636 0 1 6 210 0 0
 283 64046.000 181133.000 0 0 27.226 12.065 328.494 18.124 0 1 5 210 0 0
 284 61159.000 179783.000 0 0 26.763 13.029 348.718 18.673 0 1 6 210 0 0
 285 63985.000 181291.000 0 0 27.279 12.085 329.691 18.157 0 1 5 210 0 0
 286 61083.000 179935.000 0 0 22.984 11.189 257.192 16.037 0 1 6 210 0 0
 287 63921.000 181449.000 0 0 31.235 13.836 432.187 20.789 0 1 5 210 0 0
 288 61000.000 180084.000 0 0 23.026 11.213 258.221 16.069 0 1 6 210 0 0
 289 63861.000 181609.000 0 0 27.385 12.127 332.121 18.224 0 1 5 210 0 0
 290 60924.000 180236.000 0 0 26.915 13.108 352.821 18.783 0 1 6 210 0 0
 291 63798.000 181766.000 0 0 31.357 13.883 435.352 20.865 0 1 5 210 0 0
 292 60843.000 180386.000 0 0 23.113 11.259 260.237 16.131 0 1 6 210 0 0
 293 63737.000 181926.000 0 0 31.418 13.906 436.939 20.903 0 1 5 210 0 0
 294 60763.000 180536.000 0 0 27.016 13.162 355.598 18.857 0 1 6 210 0 0
 295 63678.000 182086.000 0 0 27.546 12.188 335.760 18.323 0 1 5 210 0 0
 296 60688.000 180688.000 0 0 27.067 13.187 356.952 18.893 0 1 6 210 0 0
 297 63609.000 182241.000 0 0 27.598 12.212 337.028 18.358 0 1 5 210 0 0
 298 60601.000 180835.000 0 0 27.116 13.216 358.392 18.931 0 1 6 210 0 0
 299 63554.000 182402.000 0 0 31.601 13.977 441.693 21.016 0 1 5 210 0 0
 300 60527.000 180987.000 0 0 27.167 13.241 359.740 18.966 0 1 6 210 0 0
 301 63490.000 182560.000 0 0 27.705 12.252 339.443 18.423 0 1 5 210 0 0
 302 60445.000 181137.000 0 0 23.329 11.373 265.340 16.289 0 1 6 210 0 0
 303 63429.000 182718.000 0 0 27.758 12.272 340.659 18.456 0 1 5 210 0 0
 304 60365.000 181287.000 0 0 27.268 13.295 362.557 19.040 0 1 6 210 0 0
 305 63370.000 182879.000 0 0 31.784 14.047 446.497 21.130 0 1 5 210 0 0
 306 60288.000 181439.000 0 0 23.416 11.418 267.383 16.351 0 1 6 210 0 0
 307 63306.000 183037.000 0 0 27.865 12.313 343.128 18.523 0 1 5 210 0 0
 308 60208.000 181589.000 0 0 27.369 13.348 365.344 19.113 0 1 6 210 0 0
 309 63246.000 183195.000 0 0 27.918 12.333 344.345 18.556 0 1 5 210 0 0
 310 60129.000 181740.000 0 0 27.420 13.375 366.747 19.150 0 1 6 210 0 0
 311 63187.000 183355.000 0 0 31.966 14.117 451.302 21.243 0 1 5 210 0 0
 312 60053.000 181893.000 0 0 27.471 13.400 368.135 19.186 0 1 6 210 0 0
 313 63124.000 183513.000 0 0 28.024 12.374 346.807 18.622 0 1 5 210 0 0
 314 59973.000 182043.000 0 0 23.590 11.509 271.506 16.477 0 1 6 210 0 0
 315 63062.000 183672.000 0 0 28.078 12.395 348.048 18.656 0 1 5 210 0 0
 316 59896.000 182193.000 0 0 27.572 13.453 370.938 19.259 0 1 6 210 0 0
 317 63002.000 183831.000 0 0 28.131 12.415 349.278 18.688 0 1 5 210 0 0
 318 59815.000 182343.000 0 0 23.676 11.554 273.573 16.540 0 1 6 210 0 0
 319 62932.000 183987.000 0 0 28.184 12.439 350.584 18.723 0 1 5 210 0 0
 320 59729.000 182489.000 0 0 23.718 11.579 274.645 16.572 0 1 6 210 0 0
 321 62878.000 184149.000 0 0 28.238 12.457 351.772 18.755 0 1 5 210 0 0
 322 59662.000 182648.000 0 0 23.764 11.598 275.633 16.602 0 1 6 210 0 0
 323 62819.000 184308.000 0 0 28.291 12.477 353.002 18.788 0 1 5 210 0 0
 324 59580.000 182797.000 0 0 27.774 13.559 376.608 19.406 0 1 6 210 0 0
 325 62761.000 184468.000 0 0 28.345 12.496 354.218 18.820 0 1 5 210 0 0
 326 59506.000 182949.000 0 0 27.825 13.584 377.990 19.441 0 1 6 210 0 0
 327 62700.000 184628.000 0 0 28.399 12.516 355.471 18.853 0 1 5 210 0 0
 328 59427.000 183099.000 0 0 27.876 13.610 379.414 19.478 0 1 6 210 0 0
 329 62642.000 184788.000 0 0 32.516 14.326 465.850 21.583 0 1 5 210 0 0
 330 59352.000 183251.000 0 0 27.927 13.635 380.807 19.514 0 1 6 210 0 0
 331 62580.000 184947.000 0 0 32.576 14.350 467.494 21.621 0 1 5 210 0 0
 332 59272.000 183401.000 0 0 23.980 11.710 280.833 16.758 0 1 6 210 0 0
 333 62518.000 185104.000 0 0 28.558 12.578 359.215 18.952 0 1 5 210 0 0
 334 59194.000 183553.000 0 0 28.028 13.688 383.677 19.587 0 1 6 210 0 0
 335 62459.000 185265.000 0 0 32.698 14.396 470.764 21.697 0 1 5 210 0 0
 336 59116.000 183703.000 0 0 28.078 13.714 385.100 19.623 0 1 6 210 0 0
 337 62399.000 185423.000 0 0 32.759 14.419 472.393 21.734 0 1 5 210 0 0
 338 59039.000 183855.000 0 0 24.111 11.777 283.976 16.851 0 1 6 210 0 0
 339 62340.000 185584.000 0 0 28.719 12.637 362.957 19.051 0 1 5 210 0 0
 340 58960.000 184006.000 0 0 24.154 11.800 285.040 16.883 0 1 6 210 0 0
 341 62279.000 185743.000 0 0 28.773 12.658 364.220 19.084 0 1 5 210 0 0
 342 58885.000 184158.000 0 0 24.198 11.822 286.075 16.913 0 1 6 210 0 0
 343 62220.000 185902.000 0 0 28.826 12.678 365.464 19.117 0 1 5 210 0 0
 344 58805.000 184309.000 0 0 24.241 11.844 287.143 16.945 0 1 6 210 0 0
 345 62159.000 186060.000 0 0 28.879 12.698 366.731 19.150 0 1 5 210 0 0
 346 58727.000 184462.000 0 0 28.333 13.845 392.282 19.806 0 1 6 210 0 0
 347 62102.000 186222.000 0 0 28.934 12.717 367.976 19.182 0 1 5 210 0 0
 348 58651.000 184613.000 0 0 24.329 11.889 289.254 17.007 0 1 6 210 0 0
 349 62040.000 186381.000 0 0 33.126 14.557 482.248 21.960 0 1 5 210 0 0
 350 58572.000 184763.000 0 0 24.372 11.911 290.321 17.038 0 1 6 210 0 0
 351 61982.000 186540.000 0 0 29.040 12.757 370.500 19.248 0 1 5 210 0 0
 352 58496.000 184916.000 0 0 24.416 11.933 291.380 17.069 0 1 6 210 0 0
 353 61921.000 186700.000 0 0 29.094 12.778 371.780 19.281 0 1 5 210 0 0
 354 58420.000 185067.000 0 0 20.383 9.963 203.078 14.250 0 1 6 210 0 0
 355 61863.000 186859.000 0 0 24.985 10.970 274.095 16.555 0 1 5 210 0 0
 356 58344.000 185218.000 0 0 24.503 11.977 293.491 17.131 0 1 6 210 0 0
 357 61806.000 187021.000 0 0 25.031 10.986 275.016 16.583 0 1 5 210 0 0
 358 58265.000 185371.000 0 0 20.455 10.000 204.563 14.302 0 1 6 210 0 0
 359 61747.000 187179.000 0 0 25.077 11.003 275.942 16.611 0 1 5 210 0 0
 360 58188.000 185521.000 0 0 24.590 12.022 295.635 17.194 0 1 6 210 0 0
 361 61689.000 187339.000 0 0 29.308 12.856 376.805 19.411 0 1 5 210 0 0
 362 58115.000 185674.000 0 0 24.634 12.043 296.683 17.224 0 1 6 210 0 0
 363 61628.000 187499.000 0 0 29.362 12.876 378.096 19.444 0 1 5 210 0 0
 364 58039.000 185827.000 0 0 24.678 12.065 297.749 17.255 0 1 6 210 0 0
 365 61567.000 187658.000 0 0 29.415 12.897 379.388 19.477 0 1 5 210 0 0
 366 57960.000 185978.000 0 0 24.721 12.087 298.832 17.286 0 1 6 210 0 0
 367 61512.000 187820.000 0 0 29.470 12.915 380.630 19.509 0 1 5 210 0 0
 368 57884.000 186130.000 0 0 24.765 12.109 299.902 17.317 0 1 6 210 0 0
 369 61451.000 187978.000 0 0 29.523 12.936 381.922 19.542 0 1 5 210 0 0
 370 57808.000 186282.000 0 0 20.674 10.109 209.009 14.457 0 1 6 210 0 0
 371 61393.000 188139.000 0 0 33.801 14.805 500.455 22.370 0 1 5 210 0 0
 372 57730.000 186433.000 0 0 24.852 12.154 302.059 17.379 0 1 6 210 0 0
 373 61336.000 188298.000 0 0 29.630 12.974 384.453 19.607 0 1 5 210 0 0
 374 57655.000 186585.000 0 0 24.896 12.175 303.124 17.410 0 1 6 210 0 0
 375 61278.000 188458.000 0 0 33.923 14.849 503.766 22.444 0 1 5 210 0 0
 376 57580.000 186737.000 0 0 20.783 10.164 211.251 14.534 0 1 6 210 0 0
 377 61220.000 188620.000 0 0 29.738 13.013 387.012 19.672 0 1 5 210 0 0
 378 57503.000 186889.000 0 0 20.819 10.182 212.000 14.560 0 1 6 210 0 0
 379 61162.000 188780.000 0 0 34.046 14.894 507.114 22.519 0 1 5 210 0 0
 380 57428.000 187042.000 0 0 20.856 10.200 212.751 14.585 0 1 6 210 0 0;
ProcessEquipmentIDList 1
  "6514" ;
SummarySpec 5
  TESTNO    NDEFECT    DEFDENSITY    NDIE    NDEFDIE  ;
SummaryList 
  1    380    1.333    1    1  ;
EndOfFile;
