FileVersion 1 2;
FileTimestamp 02-10-26 18:02:15;
InspectionStationID "KLA-Tencor" "SFSSP1" "0901-0728-TBI";
SampleType WAFER;
ResultTimestamp 02-10-26 17:32:01;
LotID "2850";
SampleSize 1 200;
DeviceID "None";
SetupID "T2-2850A" 02-10-26 17:32:01;
StepID "6954";
SampleOrientationMarkType NOTCH;
OrientationMarkLocation DOWN;
DiePitch 200000 200000;
DieOrigin 0 0;
WaferID "25";
Slot 25;
SampleCenterLocation 100000 100000;
ClassLookup 1
  0 "0"  ;
OrientationInstructions "Front";
CoordinatesMirrored No;
InspectionTest 1;
SampleTestPlan 1
  0 0 ;
AreaPerTest 2.85014e+010;
ClusterClassificationList 2
  1 200 
  2 200 ;
DefectRecordSpec 15 DEFECTID XREL YREL XINDEX YINDEX XSIZE YSIZE DEFECTAREA DSIZE CLASSNUMBER TEST CLUSTERNUMBER ROUGHBINNUMBER FINEBINNUMBER REVIEWSAMPLE ;
DefectList
 1 112410.000 106393.000 0 0 0.000 0.000 0.000 0.249 0 1 0 0 0 0
 2 111675.000 73015.000 0 0 0.000 0.000 0.000 0.135 0 1 0 0 0 0
 3 65971.000 129017.000 0 0 0.000 0.000 0.000 0.121 0 1 0 0 0 0
 4 110900.000 55159.000 0 0 0.000 0.000 0.000 0.246 0 1 0 0 0 0
 5 49245.000 62315.000 0 0 0.000 0.000 0.000 0.124 0 1 0 0 0 0
 6 40786.000 129853.000 0 0 0.000 0.000 0.000 0.123 0 1 0 0 0 0
 7 164010.000 126479.000 0 0 0.000 0.000 0.000 0.149 0 1 0 0 0 0
 8 173896.000 115573.000 0 0 0.000 0.000 0.000 0.241 0 1 0 0 0 0
 9 137736.000 28409.000 0 0 0.000 0.000 0.000 0.128 0 1 0 0 0 0
 10 32281.000 50263.000 0 0 0.000 0.000 0.000 0.125 0 1 0 0 0 0
 11 182999.000 70698.000 0 0 0.000 0.000 0.000 0.160 0 1 0 0 0 0
 12 148070.000 24526.000 0 0 0.000 0.000 0.000 0.204 0 1 0 0 0 0
 13 140477.000 19064.000 0 0 0.000 0.000 0.000 0.131 0 1 0 0 0 0
 14 191381.000 102031.000 0 0 0.000 0.000 0.000 0.135 0 1 0 0 0 0
 15 167856.000 37024.000 0 0 0.000 0.000 0.000 0.157 0 1 0 0 0 0
 16 160383.000 28283.000 0 0 0.000 0.000 0.000 0.228 0 1 0 0 0 0
 17 160266.000 28092.000 0 0 0.000 0.000 0.000 200000.000 0 1 0 200 0 0
 18 176154.000 42715.000 0 0 0.000 0.000 0.000 0.121 0 1 0 0 0 0
 19 178766.000 46528.000 0 0 0.000 0.000 0.000 0.121 0 1 0 0 0 0
 20 192468.000 76154.000 0 0 0.000 0.000 0.000 0.201 0 1 0 0 0 0
 21 165798.000 30670.000 0 0 52.000 54.000 2808.000 52.990 0 1 1 200 0 0
 22 166589.000 31411.000 0 0 52.000 52.000 2704.000 52.000 0 1 1 200 0 0
 23 166850.000 31558.000 0 0 52.000 52.000 2704.000 52.000 0 1 1 200 0 0
 24 158893.000 24575.000 0 0 0.000 0.000 0.000 0.135 0 1 0 0 0 0
 25 166249.000 30896.000 0 0 52.000 54.000 2808.000 52.990 0 1 1 200 0 0
 26 166350.000 30977.000 0 0 52.000 54.000 2808.000 52.990 0 1 1 200 0 0
 27 166405.000 31138.000 0 0 52.000 52.000 2704.000 52.000 0 1 1 200 0 0
 28 167302.000 31760.000 0 0 52.000 52.000 2704.000 52.000 0 1 1 200 0 0
 29 167702.000 32030.000 0 0 52.000 52.000 2704.000 52.000 0 1 1 200 0 0
 30 167744.000 32113.000 0 0 52.000 52.000 2704.000 52.000 0 1 1 200 0 0
 31 131930.000 8531.000 0 0 0.000 0.000 0.000 0.213 0 1 0 0 0 0
 32 132083.000 8506.000 0 0 0.000 0.000 0.000 0.122 0 1 0 0 0 0
 33 169909.000 32824.000 0 0 54.000 52.000 2808.000 52.990 0 1 2 200 0 0
 34 170160.000 33028.000 0 0 54.000 52.000 2808.000 52.990 0 1 2 200 0 0
 35 170208.000 33079.000 0 0 54.000 52.000 2808.000 52.990 0 1 2 200 0 0
 36 169562.000 32777.000 0 0 52.000 52.000 2704.000 52.000 0 1 2 200 0 0
 37 166914.000 31922.000 0 0 16.328 16.049 262.063 16.188 0 1 1 200 0 0
 38 167221.000 32224.000 0 0 48.735 48.337 2355.765 48.536 0 1 1 200 0 0
 39 167108.000 31873.000 0 0 248.192 244.477 60677.304 246.327 0 1 1 200 0 0
 40 167425.000 32188.000 0 0 282.808 281.194 79524.438 282.000 0 1 1 200 0 0
 41 167266.000 31791.000 0 0 156.931 154.761 24287.087 155.843 0 1 1 200 0 0
 42 167543.000 32066.000 0 0 299.610 297.884 89249.268 298.746 0 1 1 200 0 0
 43 167610.000 31891.000 0 0 127.342 126.409 16097.333 126.875 0 1 1 200 0 0
 44 167733.000 32012.000 0 0 32.581 32.459 1057.573 32.520 0 1 1 200 0 0
 45 167795.000 32074.000 0 0 19.531 19.493 380.728 19.512 0 1 1 200 0 0
 46 169300.000 32872.000 0 0 35.402 36.547 1293.877 35.970 0 1 2 200 0 0
 47 169499.000 32833.000 0 0 260.802 269.858 70379.667 265.291 0 1 2 200 0 0
 48 169644.000 32984.000 0 0 16.073 16.704 268.501 16.386 0 1 2 200 0 0
 49 170074.000 33430.000 0 0 12.760 13.432 171.408 13.092 0 1 2 200 0 0
 50 169876.000 32982.000 0 0 771.035 803.909 619843.027 787.301 0 1 2 200 0 0;
ProcessEquipmentIDList 1
  "6514" ;
SummarySpec 5
  TESTNO    NDEFECT    DEFDENSITY    NDIE    NDEFDIE  ;
SummaryList 
  1    50    0.1754    1    1  ;
EndOfFile;
