FileVersion 1 2;
FileTimestamp 02-10-26 22:09:10;
InspectionStationID "KLA-Tencor" "SFSSP1" "0901-0728-TBI";
SampleType WAFER;
ResultTimestamp 02-10-26 22:06:22;
LotID "2850";
SampleSize 1 200;
DeviceID "None";
SetupID "T2-2850A" 02-10-26 22:06:22;
StepID "6954";
SampleOrientationMarkType NOTCH;
OrientationMarkLocation DOWN;
DiePitch 200000 200000;
DieOrigin 0 0;
WaferID "04";
Slot 4;
SampleCenterLocation 100000 100000;
ClassLookup 1
  0 "0"  ;
OrientationInstructions "Front";
CoordinatesMirrored No;
InspectionTest 1;
SampleTestPlan 1
  0 0 ;
AreaPerTest 2.85023e+010;
ClusterClassificationList 2
  2 200 
  1 200 ;
DefectRecordSpec 15 DEFECTID XREL YREL XINDEX YINDEX XSIZE YSIZE DEFECTAREA DSIZE CLASSNUMBER TEST CLUSTERNUMBER ROUGHBINNUMBER FINEBINNUMBER REVIEWSAMPLE ;
DefectList
 1 96500.000 130556.000 0 0 28.000 52.000 1456.000 38.157 0 1 2 200 0 0
 2 96470.000 130573.000 0 0 28.000 52.000 1456.000 38.157 0 1 2 200 0 0
 3 96513.000 130761.000 0 0 28.000 52.000 1456.000 38.157 0 1 2 200 0 0
 4 96407.000 130765.000 0 0 28.000 52.000 1456.000 38.157 0 1 2 200 0 0
 5 96489.000 131226.000 0 0 28.000 52.000 1456.000 38.157 0 1 2 200 0 0
 6 96406.000 131075.000 0 0 28.000 52.000 1456.000 38.157 0 1 2 200 0 0
 7 96646.000 130492.000 0 0 28.000 52.000 1456.000 38.157 0 1 2 200 0 0
 8 96650.000 130434.000 0 0 28.000 52.000 1456.000 38.157 0 1 2 200 0 0
 9 68950.000 106346.000 0 0 54.000 34.000 1836.000 42.848 0 1 1 200 0 0
 10 68764.000 106423.000 0 0 54.000 34.000 1836.000 42.848 0 1 1 200 0 0
 11 68627.000 106496.000 0 0 54.000 34.000 1836.000 42.848 0 1 1 200 0 0
 12 68495.000 106541.000 0 0 54.000 34.000 1836.000 42.848 0 1 1 200 0 0
 13 68892.000 106567.000 0 0 54.000 34.000 1836.000 42.848 0 1 1 200 0 0
 14 68894.000 106565.000 0 0 54.000 34.000 1836.000 42.848 0 1 1 200 0 0
 15 73794.000 78256.000 0 0 0.000 0.000 0.000 200000.000 0 1 0 200 0 0
 16 79115.000 132298.000 0 0 0.000 0.000 0.000 0.344 0 1 0 0 0 0
 17 73267.000 131111.000 0 0 0.000 0.000 0.000 0.259 0 1 0 0 0 0
 18 58406.000 110662.000 0 0 0.000 0.000 0.000 0.124 0 1 0 0 0 0
 19 60309.000 120652.000 0 0 0.000 0.000 0.000 0.120 0 1 0 0 0 0
 20 51629.000 115951.000 0 0 0.000 0.000 0.000 200000.000 0 1 0 200 0 0
 21 51777.000 115957.000 0 0 0.000 0.000 0.000 200000.000 0 1 0 200 0 0
 22 96308.000 159449.000 0 0 0.000 0.000 0.000 0.122 0 1 0 0 0 0
 23 40826.000 109617.000 0 0 0.000 0.000 0.000 0.127 0 1 0 0 0 0
 24 104423.000 39912.000 0 0 0.000 0.000 0.000 0.203 0 1 0 0 0 0
 25 44070.000 71379.000 0 0 0.000 0.000 0.000 0.144 0 1 0 0 0 0
 26 93011.000 163706.000 0 0 0.000 0.000 0.000 200000.000 0 1 0 200 0 0
 27 97056.000 164187.000 0 0 0.000 0.000 0.000 0.496 0 1 0 0 0 0
 28 119908.000 163995.000 0 0 0.000 0.000 0.000 0.120 0 1 0 0 0 0
 29 135311.000 158396.000 0 0 0.000 0.000 0.000 0.126 0 1 0 0 0 0
 30 131935.000 39369.000 0 0 0.000 0.000 0.000 0.145 0 1 0 0 0 0
 31 30254.000 105137.000 0 0 0.000 0.000 0.000 200000.000 0 1 0 200 0 0
 32 30313.000 105186.000 0 0 0.000 0.000 0.000 200000.000 0 1 0 200 0 0
 33 69078.000 36141.000 0 0 0.000 0.000 0.000 0.482 0 1 0 0 0 0
 34 65321.000 164883.000 0 0 0.000 0.000 0.000 0.129 0 1 0 0 0 0
 35 28845.000 121091.000 0 0 0.000 0.000 0.000 0.156 0 1 0 0 0 0
 36 93189.000 25944.000 0 0 0.000 0.000 0.000 0.141 0 1 0 0 0 0
 37 23085.000 87754.000 0 0 0.000 0.000 0.000 0.126 0 1 0 0 0 0
 38 22694.000 87707.000 0 0 0.000 0.000 0.000 200000.000 0 1 0 200 0 0
 39 27072.000 133204.000 0 0 0.000 0.000 0.000 0.294 0 1 0 0 0 0
 40 165948.000 150265.000 0 0 0.000 0.000 0.000 0.136 0 1 0 0 0 0
 41 140670.000 26762.000 0 0 0.000 0.000 0.000 0.368 0 1 0 0 0 0
 42 184186.000 111015.000 0 0 0.000 0.000 0.000 0.120 0 1 0 0 0 0
 43 184517.000 110913.000 0 0 0.000 0.000 0.000 200000.000 0 1 0 200 0 0
 44 54476.000 176066.000 0 0 0.000 0.000 0.000 200000.000 0 1 0 200 0 0
 45 54615.000 176132.000 0 0 0.000 0.000 0.000 0.120 0 1 0 0 0 0
 46 68744.000 187347.000 0 0 0.000 0.000 0.000 200000.000 0 1 0 200 0 0
 47 32224.000 164312.000 0 0 0.000 0.000 0.000 0.290 0 1 0 0 0 0
 48 133136.000 187777.000 0 0 0.000 0.000 0.000 200000.000 0 1 0 200 0 0
 49 135188.000 188571.000 0 0 0.000 0.000 0.000 0.136 0 1 0 0 0 0
 50 136693.000 188875.000 0 0 0.000 0.000 0.000 200000.000 0 1 0 200 0 0
 51 137251.000 189270.000 0 0 0.000 0.000 0.000 0.125 0 1 0 0 0 0;
ProcessEquipmentIDList 1
  "6514" ;
SummarySpec 5
  TESTNO    NDEFECT    DEFDENSITY    NDIE    NDEFDIE  ;
SummaryList 
  1    51    0.1789    1    1  ;
EndOfFile;
