FileVersion 1 2;
FileTimestamp 02-10-26 22:44:38;
InspectionStationID "KLA-Tencor" "SFSSP1" "0901-0728-TBI";
SampleType WAFER;
ResultTimestamp 02-10-26 22:37:52;
LotID "2850";
SampleSize 1 200;
DeviceID "None";
SetupID "T2-2850A" 02-10-26 22:37:52;
StepID "6954";
SampleOrientationMarkType NOTCH;
OrientationMarkLocation DOWN;
DiePitch 200000 200000;
DieOrigin 0 0;
WaferID "11";
Slot 11;
SampleCenterLocation 100000 100000;
ClassLookup 1
  0 "0"  ;
OrientationInstructions "Front";
CoordinatesMirrored No;
InspectionTest 1;
SampleTestPlan 1
  0 0 ;
AreaPerTest 2.85015e+010;
DefectRecordSpec 15 DEFECTID XREL YREL XINDEX YINDEX XSIZE YSIZE DEFECTAREA DSIZE CLASSNUMBER TEST CLUSTERNUMBER ROUGHBINNUMBER FINEBINNUMBER REVIEWSAMPLE ;
DefectList
 1 86957.000 71299.000 0 0 0.000 0.000 0.000 0.218 0 1 0 0 0 0
 2 123044.000 66956.000 0 0 0.000 0.000 0.000 0.122 0 1 0 0 0 0
 3 139864.000 82560.000 0 0 0.000 0.000 0.000 0.122 0 1 0 0 0 0
 4 67771.000 64362.000 0 0 0.000 0.000 0.000 0.120 0 1 0 0 0 0
 5 125199.000 52851.000 0 0 0.000 0.000 0.000 0.211 0 1 0 0 0 0
 6 116995.000 47344.000 0 0 0.000 0.000 0.000 0.130 0 1 0 0 0 0
 7 42595.000 88659.000 0 0 0.000 0.000 0.000 0.207 0 1 0 0 0 0
 8 116234.000 43808.000 0 0 0.000 0.000 0.000 0.153 0 1 0 0 0 0
 9 164517.000 96881.000 0 0 0.000 0.000 0.000 0.127 0 1 0 0 0 0
 10 141655.000 153238.000 0 0 0.000 0.000 0.000 0.204 0 1 0 0 0 0
 11 123968.000 35871.000 0 0 0.000 0.000 0.000 0.409 0 1 0 0 0 0
 12 65715.000 40640.000 0 0 0.000 0.000 0.000 0.372 0 1 0 0 0 0
 13 32001.000 117442.000 0 0 0.000 0.000 0.000 0.168 0 1 0 0 0 0
 14 94260.000 30189.000 0 0 0.000 0.000 0.000 0.120 0 1 0 0 0 0
 15 157192.000 56348.000 0 0 0.000 0.000 0.000 0.121 0 1 0 0 0 0
 16 37102.000 56815.000 0 0 0.000 0.000 0.000 0.145 0 1 0 0 0 0
 17 24042.000 63317.000 0 0 0.000 0.000 0.000 200000.000 0 1 0 200 0 0
 18 180687.000 59714.000 0 0 0.000 0.000 0.000 0.200 0 1 0 0 0 0
 19 180692.000 59716.000 0 0 0.000 0.000 0.000 0.181 0 1 0 0 0 0
 20 180468.000 57452.000 0 0 0.000 0.000 0.000 0.140 0 1 0 0 0 0
 21 25999.000 44147.000 0 0 0.000 0.000 0.000 0.145 0 1 0 0 0 0
 22 179816.000 50414.000 0 0 0.000 0.000 0.000 0.131 0 1 0 0 0 0
 23 179571.000 47287.000 0 0 0.000 0.000 0.000 200000.000 0 1 0 200 0 0
 24 179476.000 46600.000 0 0 0.000 0.000 0.000 200000.000 0 1 0 200 0 0;
ProcessEquipmentIDList 1
  "6514" ;
SummarySpec 5
  TESTNO    NDEFECT    DEFDENSITY    NDIE    NDEFDIE  ;
SummaryList 
  1    24    0.08421    1    1  ;
EndOfFile;
