FileVersion 1 2;
FileTimestamp 02-10-26 23:22:00;
InspectionStationID "KLA-Tencor" "SFSSP1" "0901-0728-TBI";
SampleType WAFER;
ResultTimestamp 02-10-26 23:10:09;
LotID "2850";
SampleSize 1 200;
DeviceID "None";
SetupID "T2-2850A" 02-10-26 23:10:09;
StepID "6954";
SampleOrientationMarkType NOTCH;
OrientationMarkLocation DOWN;
DiePitch 200000 200000;
DieOrigin 0 0;
WaferID "20";
Slot 20;
SampleCenterLocation 100000 100000;
ClassLookup 1
  0 "0"  ;
OrientationInstructions "Front";
CoordinatesMirrored No;
InspectionTest 1;
SampleTestPlan 1
  0 0 ;
AreaPerTest 2.85014e+010;
ClusterClassificationList 3
  1 200 
  3 200 
  2 200 ;
DefectRecordSpec 15 DEFECTID XREL YREL XINDEX YINDEX XSIZE YSIZE DEFECTAREA DSIZE CLASSNUMBER TEST CLUSTERNUMBER ROUGHBINNUMBER FINEBINNUMBER REVIEWSAMPLE ;
DefectList
 1 134850.000 97051.000 0 0 0.000 0.000 0.000 0.123 0 1 0 0 0 0
 2 139190.000 97414.000 0 0 0.000 0.000 0.000 0.203 0 1 0 0 0 0
 3 132318.000 125360.000 0 0 0.000 0.000 0.000 0.126 0 1 0 0 0 0
 4 133964.000 66732.000 0 0 0.000 0.000 0.000 0.143 0 1 0 0 0 0
 5 130196.000 141602.000 0 0 0.000 0.000 0.000 0.137 0 1 0 0 0 0
 6 65857.000 139930.000 0 0 0.000 0.000 0.000 0.122 0 1 0 0 0 0
 7 69061.000 145003.000 0 0 0.000 0.000 0.000 0.126 0 1 0 0 0 0
 8 61773.000 58191.000 0 0 0.000 0.000 0.000 0.122 0 1 0 0 0 0
 9 135082.000 145240.000 0 0 0.000 0.000 0.000 0.121 0 1 0 0 0 0
 10 148174.000 131309.000 0 0 0.000 0.000 0.000 0.200 0 1 0 0 0 0
 11 52716.000 62911.000 0 0 0.000 0.000 0.000 0.121 0 1 0 0 0 0
 12 71391.000 46993.000 0 0 0.000 0.000 0.000 0.126 0 1 0 0 0 0
 13 58477.000 56040.000 0 0 0.000 0.000 0.000 0.121 0 1 0 0 0 0
 14 77391.000 42803.000 0 0 0.000 0.000 0.000 0.120 0 1 0 0 0 0
 15 132452.000 152662.000 0 0 0.000 0.000 0.000 0.121 0 1 0 0 0 0
 16 65040.000 48458.000 0 0 0.000 0.000 0.000 0.121 0 1 0 0 0 0
 17 66692.000 47136.000 0 0 0.000 0.000 0.000 0.125 0 1 0 0 0 0
 18 57022.000 53767.000 0 0 0.000 0.000 0.000 0.120 0 1 0 0 0 0
 19 58976.000 51298.000 0 0 0.000 0.000 0.000 0.121 0 1 0 0 0 0
 20 58365.000 50969.000 0 0 0.000 0.000 0.000 0.121 0 1 0 0 0 0
 21 70284.000 43002.000 0 0 0.000 0.000 0.000 0.122 0 1 0 0 0 0
 22 49778.000 58874.000 0 0 0.000 0.000 0.000 0.124 0 1 0 0 0 0
 23 63596.000 45725.000 0 0 0.000 0.000 0.000 0.121 0 1 0 0 0 0
 24 78523.000 38337.000 0 0 0.000 0.000 0.000 0.120 0 1 0 0 0 0
 25 48080.000 59433.000 0 0 0.000 0.000 0.000 0.121 0 1 0 0 0 0
 26 69697.000 160685.000 0 0 0.000 0.000 0.000 0.127 0 1 0 0 0 0
 27 76547.000 36685.000 0 0 0.000 0.000 0.000 0.120 0 1 0 0 0 0
 28 63149.000 42518.000 0 0 0.000 0.000 0.000 0.123 0 1 0 0 0 0
 29 53546.000 49666.000 0 0 0.000 0.000 0.000 0.120 0 1 0 0 0 0
 30 62817.000 42324.000 0 0 0.000 0.000 0.000 0.127 0 1 0 0 0 0
 31 62607.000 42088.000 0 0 0.000 0.000 0.000 0.121 0 1 0 0 0 0
 32 72664.000 163933.000 0 0 0.000 0.000 0.000 0.121 0 1 0 0 0 0
 33 75457.000 34584.000 0 0 0.000 0.000 0.000 0.123 0 1 0 0 0 0
 34 76382.000 34086.000 0 0 0.000 0.000 0.000 0.132 0 1 0 0 0 0
 35 78722.000 33393.000 0 0 0.000 0.000 0.000 0.126 0 1 0 0 0 0
 36 128744.000 164297.000 0 0 0.000 0.000 0.000 0.120 0 1 0 0 0 0
 37 76369.000 33668.000 0 0 0.000 0.000 0.000 0.124 0 1 0 0 0 0
 38 75940.000 32926.000 0 0 0.000 0.000 0.000 0.126 0 1 0 0 0 0
 39 75206.000 33155.000 0 0 0.000 0.000 0.000 0.120 0 1 0 0 0 0
 40 77125.000 32359.000 0 0 0.000 0.000 0.000 0.120 0 1 0 0 0 0
 41 85308.000 28386.000 0 0 0.000 0.000 0.000 0.125 0 1 0 0 0 0
 42 71974.000 168189.000 0 0 0.000 0.000 0.000 0.143 0 1 0 0 0 0
 43 84559.000 27824.000 0 0 0.000 0.000 0.000 0.120 0 1 0 0 0 0
 44 45480.000 48563.000 0 0 0.000 0.000 0.000 0.122 0 1 0 0 0 0
 45 137326.000 166088.000 0 0 0.000 0.000 0.000 0.148 0 1 0 0 0 0
 46 154401.000 153186.000 0 0 52.000 52.000 2704.000 52.000 0 1 1 200 0 0
 47 154521.000 153624.000 0 0 52.000 52.000 2704.000 52.000 0 1 1 200 0 0
 48 75881.000 172797.000 0 0 0.000 0.000 0.000 0.126 0 1 0 0 0 0
 49 75499.000 173223.000 0 0 0.000 0.000 0.000 0.137 0 1 0 0 0 0
 50 154981.000 154641.000 0 0 52.000 52.000 2704.000 52.000 0 1 1 200 0 0
 51 131270.000 173385.000 0 0 0.000 0.000 0.000 0.121 0 1 0 0 0 0
 52 69008.000 173735.000 0 0 0.000 0.000 0.000 0.142 0 1 0 0 0 0
 53 36791.000 51460.000 0 0 0.000 0.000 0.000 0.120 0 1 0 0 0 0
 54 70837.000 176389.000 0 0 0.000 0.000 0.000 0.126 0 1 0 0 0 0
 55 159675.000 157861.000 0 0 0.000 0.000 0.000 0.128 0 1 0 0 0 0
 56 90969.000 184989.000 0 0 0.000 0.000 0.000 0.121 0 1 0 0 0 0
 57 170224.000 149066.000 0 0 0.000 0.000 0.000 0.123 0 1 0 0 0 0
 58 161435.000 160118.000 0 0 0.000 0.000 0.000 0.126 0 1 0 0 0 0
 59 74183.000 182774.000 0 0 0.000 0.000 0.000 0.129 0 1 0 0 0 0
 60 137264.000 178306.000 0 0 0.000 0.000 0.000 0.142 0 1 0 0 0 0
 61 97326.000 187704.000 0 0 0.000 0.000 0.000 0.122 0 1 0 0 0 0
 62 162926.000 161794.000 0 0 52.000 52.000 2704.000 52.000 0 1 3 200 0 0
 63 99617.000 188488.000 0 0 0.000 0.000 0.000 0.144 0 1 0 0 0 0
 64 163650.000 161731.000 0 0 52.000 52.000 2704.000 52.000 0 1 3 200 0 0
 65 163638.000 161785.000 0 0 52.000 52.000 2704.000 52.000 0 1 3 200 0 0
 66 100943.000 188929.000 0 0 0.000 0.000 0.000 0.125 0 1 0 0 0 0
 67 31549.000 43321.000 0 0 0.000 0.000 0.000 0.121 0 1 0 0 0 0
 68 164074.000 162129.000 0 0 52.000 52.000 2704.000 52.000 0 1 3 200 0 0
 69 89254.000 189111.000 0 0 0.000 0.000 0.000 0.122 0 1 0 0 0 0
 70 28041.000 155254.000 0 0 0.000 0.000 0.000 0.155 0 1 0 0 0 0
 71 143427.000 20732.000 0 0 0.000 0.000 0.000 0.121 0 1 0 0 0 0
 72 68359.000 185418.000 0 0 0.000 0.000 0.000 0.121 0 1 0 0 0 0
 73 131191.000 186593.000 0 0 0.000 0.000 0.000 0.169 0 1 0 0 0 0
 74 127735.000 9429.000 0 0 0.000 0.000 0.000 200000.000 0 1 0 200 0 0
 75 32653.000 169757.000 0 0 0.000 0.000 0.000 0.207 0 1 0 0 0 0
 76 154379.000 152887.000 0 0 126.762 130.339 16522.073 128.538 0 1 1 200 0 0
 77 154578.000 152929.000 0 0 17.761 18.314 325.304 18.036 0 1 1 200 0 0
 78 154535.000 152971.000 0 0 15.234 15.684 238.933 15.457 0 1 1 200 0 0
 79 154481.000 153028.000 0 0 83.885 86.185 7229.699 85.027 0 1 1 200 0 0
 80 154649.000 153097.000 0 0 193.447 199.100 38515.421 196.253 0 1 1 200 0 0
 81 154746.000 153242.000 0 0 250.121 257.188 64328.155 253.629 0 1 1 200 0 0
 82 154604.000 153389.000 0 0 20.474 20.940 428.751 20.706 0 1 1 200 0 0
 83 154807.000 153424.000 0 0 368.784 378.334 139523.686 373.528 0 1 1 200 0 0
 84 154895.000 153575.000 0 0 359.557 368.416 132467.139 363.960 0 1 1 200 0 0
 85 154710.000 153766.000 0 0 7.733 7.868 60.850 7.800 0 1 1 200 0 0
 86 155102.000 153608.000 0 0 7.710 7.925 61.106 7.817 0 1 1 200 0 0
 87 155083.000 153628.000 0 0 10.283 10.562 108.613 10.421 0 1 1 200 0 0
 88 155066.000 153645.000 0 0 18.002 18.478 332.662 18.239 0 1 1 200 0 0
 89 154843.000 153873.000 0 0 418.683 426.218 178450.743 422.434 0 1 1 200 0 0
 90 155193.000 153758.000 0 0 33.500 34.395 1152.260 33.944 0 1 1 200 0 0
 91 155100.000 153854.000 0 0 7.745 7.924 61.384 7.834 0 1 1 200 0 0
 92 154876.000 154083.000 0 0 401.852 407.746 163853.795 404.788 0 1 1 200 0 0
 93 154644.000 154319.000 0 0 13.018 13.096 170.505 13.057 0 1 1 200 0 0
 94 154893.000 154308.000 0 0 296.786 299.981 89030.681 298.380 0 1 1 200 0 0
 95 155063.000 154378.000 0 0 15.638 15.835 247.656 15.737 0 1 1 200 0 0
 96 154942.000 154501.000 0 0 159.369 160.659 25604.227 160.013 0 1 1 200 0 0
 97 155006.000 154681.000 0 0 36.695 36.914 1354.594 36.804 0 1 1 200 0 0
 98 156034.000 154845.000 0 0 60.470 61.781 3735.946 61.122 0 1 2 200 0 0
 99 156063.000 155058.000 0 0 134.606 137.063 18449.672 135.829 0 1 2 200 0 0
 100 156085.000 155279.000 0 0 140.445 142.494 20012.591 141.465 0 1 2 200 0 0
 101 162367.000 160769.000 0 0 93.219 95.670 8918.317 94.436 0 1 3 200 0 0
 102 162482.000 160894.000 0 0 93.411 95.847 8953.219 94.621 0 1 3 200 0 0
 103 162624.000 160992.000 0 0 140.341 144.098 20222.966 142.207 0 1 3 200 0 0
 104 162697.000 161159.000 0 0 260.961 267.526 69814.100 264.223 0 1 3 200 0 0
 105 162816.000 161280.000 0 0 261.446 268.000 70067.896 264.703 0 1 3 200 0 0
 106 162911.000 161428.000 0 0 270.912 277.452 75165.434 274.163 0 1 3 200 0 0
 107 163006.000 161574.000 0 0 177.100 181.222 32094.585 179.149 0 1 3 200 0 0
 108 163202.000 161616.000 0 0 23.629 24.238 572.742 23.932 0 1 3 200 0 0
 109 163181.000 161639.000 0 0 8.865 9.087 80.560 8.975 0 1 3 200 0 0;
ProcessEquipmentIDList 1
  "6514" ;
SummarySpec 5
  TESTNO    NDEFECT    DEFDENSITY    NDIE    NDEFDIE  ;
SummaryList 
  1    109    0.3824    1    1  ;
EndOfFile;
