FileVersion 1 2;
FileTimestamp 02-10-26 17:03:03;
InspectionStationID "KLA-Tencor" "SFSSP1" "0901-0728-TBI";
SampleType WAFER;
ResultTimestamp 02-10-26 16:40:47;
LotID "2850";
SampleSize 1 200;
DeviceID "None";
SetupID "T2-2850A" 02-10-26 16:40:47;
StepID "6954";
SampleOrientationMarkType NOTCH;
OrientationMarkLocation DOWN;
DiePitch 200000 200000;
DieOrigin 0 0;
WaferID "25";
Slot 25;
SampleCenterLocation 100000 100000;
ClassLookup 1
  0 "0"  ;
OrientationInstructions "Front";
CoordinatesMirrored No;
InspectionTest 1;
SampleTestPlan 1
  0 0 ;
AreaPerTest 2.8502e+010;
ClusterClassificationList 1
  1 200 ;
DefectRecordSpec 15 DEFECTID XREL YREL XINDEX YINDEX XSIZE YSIZE DEFECTAREA DSIZE CLASSNUMBER TEST CLUSTERNUMBER ROUGHBINNUMBER FINEBINNUMBER REVIEWSAMPLE ;
DefectList
 1 58833.000 123868.000 0 0 0.000 0.000 0.000 0.136 0 1 0 0 0 0
 2 146617.000 85892.000 0 0 0.000 0.000 0.000 0.203 0 1 0 0 0 0
 3 55373.000 72283.000 0 0 0.000 0.000 0.000 0.151 0 1 0 0 0 0
 4 129154.000 151907.000 0 0 0.000 0.000 0.000 0.120 0 1 0 0 0 0
 5 128652.000 152714.000 0 0 0.000 0.000 0.000 0.126 0 1 0 0 0 0
 6 129844.000 152244.000 0 0 0.000 0.000 0.000 0.143 0 1 0 0 0 0
 7 130586.000 152240.000 0 0 0.000 0.000 0.000 0.221 0 1 0 0 0 0
 8 130420.000 152670.000 0 0 0.000 0.000 0.000 0.136 0 1 0 0 0 0
 9 130941.000 153706.000 0 0 0.000 0.000 0.000 0.144 0 1 0 0 0 0
 10 130595.000 154010.000 0 0 0.000 0.000 0.000 0.149 0 1 0 0 0 0
 11 130187.000 154459.000 0 0 0.000 0.000 0.000 0.298 0 1 0 0 0 0
 12 131818.000 154013.000 0 0 0.000 0.000 0.000 0.252 0 1 0 0 0 0
 13 131097.000 154696.000 0 0 0.000 0.000 0.000 0.123 0 1 0 0 0 0
 14 132201.000 154304.000 0 0 0.000 0.000 0.000 0.133 0 1 0 0 0 0
 15 131869.000 154627.000 0 0 0.000 0.000 0.000 0.202 0 1 0 0 0 0
 16 132323.000 155516.000 0 0 0.000 0.000 0.000 0.197 0 1 0 0 0 0
 17 132761.000 155514.000 0 0 0.000 0.000 0.000 0.134 0 1 0 0 0 0
 18 131941.000 155979.000 0 0 0.000 0.000 0.000 0.189 0 1 0 0 0 0
 19 132857.000 156445.000 0 0 0.000 0.000 0.000 0.122 0 1 0 0 0 0
 20 132840.000 156859.000 0 0 0.000 0.000 0.000 0.156 0 1 0 0 0 0
 21 132650.000 157017.000 0 0 0.000 0.000 0.000 0.164 0 1 0 0 0 0
 22 51673.000 54527.000 0 0 0.000 0.000 0.000 0.206 0 1 0 0 0 0
 23 133472.000 157748.000 0 0 0.000 0.000 0.000 0.120 0 1 0 0 0 0
 24 135608.000 159427.000 0 0 0.000 0.000 0.000 0.121 0 1 0 0 0 0
 25 145524.000 45086.000 0 0 0.000 0.000 0.000 0.123 0 1 0 0 0 0
 26 158119.000 57856.000 0 0 0.000 0.000 0.000 0.120 0 1 0 0 0 0
 27 56287.000 159299.000 0 0 0.000 0.000 0.000 0.126 0 1 0 0 0 0
 28 142423.000 170069.000 0 0 0.000 0.000 0.000 0.181 0 1 0 0 0 0
 29 144443.000 170401.000 0 0 0.000 0.000 0.000 0.282 0 1 0 0 0 0
 30 142972.000 171982.000 0 0 0.000 0.000 0.000 0.308 0 1 0 0 0 0
 31 144531.000 171466.000 0 0 48.000 56.000 2688.000 51.845 0 1 1 200 0 0
 32 144437.000 172031.000 0 0 48.000 56.000 2688.000 51.845 0 1 1 200 0 0
 33 145653.000 171139.000 0 0 48.000 56.000 2688.000 51.845 0 1 1 200 0 0
 34 145303.000 171342.000 0 0 48.000 56.000 2688.000 51.845 0 1 1 200 0 0
 35 144702.000 171662.000 0 0 48.000 56.000 2688.000 51.845 0 1 1 200 0 0
 36 143942.000 172092.000 0 0 48.000 56.000 2688.000 51.845 0 1 1 200 0 0
 37 145961.000 171300.000 0 0 48.000 56.000 2688.000 51.845 0 1 1 200 0 0
 38 145426.000 171897.000 0 0 48.000 56.000 2688.000 51.845 0 1 1 200 0 0
 39 143889.000 172728.000 0 0 46.000 56.000 2576.000 50.754 0 1 1 200 0 0
 40 145916.000 171756.000 0 0 48.000 56.000 2688.000 51.845 0 1 1 200 0 0
 41 145538.000 171854.000 0 0 48.000 56.000 2688.000 51.845 0 1 1 200 0 0
 42 145428.000 172275.000 0 0 48.000 56.000 2688.000 51.845 0 1 1 200 0 0
 43 145263.000 172627.000 0 0 48.000 56.000 2688.000 51.845 0 1 1 200 0 0
 44 145672.000 172514.000 0 0 48.000 56.000 2688.000 51.845 0 1 1 200 0 0
 45 146566.000 172198.000 0 0 48.000 56.000 2688.000 51.845 0 1 1 200 0 0
 46 145997.000 172376.000 0 0 48.000 56.000 2688.000 51.845 0 1 1 200 0 0
 47 145642.000 172751.000 0 0 48.000 56.000 2688.000 51.845 0 1 1 200 0 0
 48 146459.000 172282.000 0 0 48.000 56.000 2688.000 51.845 0 1 1 200 0 0
 49 146355.000 172448.000 0 0 48.000 56.000 2688.000 51.845 0 1 1 200 0 0
 50 146143.000 172696.000 0 0 48.000 56.000 2688.000 51.845 0 1 1 200 0 0
 51 146593.000 172665.000 0 0 48.000 56.000 2688.000 51.845 0 1 1 200 0 0
 52 146159.000 172906.000 0 0 48.000 56.000 2688.000 51.845 0 1 1 200 0 0
 53 144691.000 173941.000 0 0 46.000 56.000 2576.000 50.754 0 1 1 200 0 0
 54 145908.000 173406.000 0 0 48.000 56.000 2688.000 51.845 0 1 1 200 0 0
 55 147146.000 172758.000 0 0 48.000 54.000 2592.000 50.911 0 1 1 200 0 0
 56 146844.000 172946.000 0 0 48.000 56.000 2688.000 51.845 0 1 1 200 0 0
 57 146648.000 173133.000 0 0 48.000 56.000 2688.000 51.845 0 1 1 200 0 0
 58 145682.000 173765.000 0 0 48.000 56.000 2688.000 51.845 0 1 1 200 0 0
 59 145122.000 173956.000 0 0 48.000 56.000 2688.000 51.845 0 1 1 200 0 0
 60 146281.000 173431.000 0 0 48.000 56.000 2688.000 51.845 0 1 1 200 0 0
 61 145356.000 174002.000 0 0 48.000 56.000 2688.000 51.845 0 1 1 200 0 0
 62 145535.000 173898.000 0 0 48.000 56.000 2688.000 51.845 0 1 1 200 0 0
 63 145080.000 174301.000 0 0 46.000 56.000 2576.000 50.754 0 1 1 200 0 0
 64 146844.000 173240.000 0 0 48.000 56.000 2688.000 51.845 0 1 1 200 0 0
 65 146819.000 173316.000 0 0 48.000 56.000 2688.000 51.845 0 1 1 200 0 0
 66 146268.000 173729.000 0 0 48.000 56.000 2688.000 51.845 0 1 1 200 0 0
 67 146121.000 174051.000 0 0 48.000 56.000 2688.000 51.845 0 1 1 200 0 0
 68 146120.000 174049.000 0 0 48.000 56.000 2688.000 51.845 0 1 1 200 0 0
 69 147407.000 173342.000 0 0 48.000 54.000 2592.000 50.911 0 1 1 200 0 0
 70 147411.000 173395.000 0 0 48.000 55.000 2640.000 51.380 0 1 1 200 0 0
 71 146587.000 174220.000 0 0 48.000 56.000 2688.000 51.845 0 1 1 200 0 0
 72 147183.000 173851.000 0 0 48.000 56.000 2688.000 51.845 0 1 1 200 0 0
 73 146515.000 174484.000 0 0 48.000 56.000 2688.000 51.845 0 1 1 200 0 0
 74 147035.000 174323.000 0 0 48.000 56.000 2688.000 51.845 0 1 1 200 0 0
 75 146786.000 174457.000 0 0 48.000 56.000 2688.000 51.845 0 1 1 200 0 0
 76 146657.000 174504.000 0 0 48.000 56.000 2688.000 51.845 0 1 1 200 0 0
 77 145974.000 174774.000 0 0 48.000 56.000 2688.000 51.845 0 1 1 200 0 0
 78 145585.000 175090.000 0 0 46.000 56.000 2576.000 50.754 0 1 1 200 0 0
 79 147768.000 174015.000 0 0 48.000 56.000 2688.000 51.845 0 1 1 200 0 0
 80 147790.000 174203.000 0 0 48.000 56.000 2688.000 51.845 0 1 1 200 0 0
 81 147360.000 174472.000 0 0 48.000 56.000 2688.000 51.845 0 1 1 200 0 0
 82 145825.000 174566.000 0 0 48.000 56.000 2688.000 51.845 0 1 1 200 0 0
 83 145953.000 175376.000 0 0 48.000 56.000 2688.000 51.845 0 1 1 200 0 0
 84 147814.000 174390.000 0 0 48.000 56.000 2688.000 51.845 0 1 1 200 0 0
 85 147594.000 174398.000 0 0 48.000 56.000 2688.000 51.845 0 1 1 200 0 0
 86 146331.000 175313.000 0 0 48.000 56.000 2688.000 51.845 0 1 1 200 0 0
 87 12189.000 91350.000 0 0 0.000 0.000 0.000 0.122 0 1 0 0 0 0
 88 148259.000 174304.000 0 0 48.000 54.000 2592.000 50.911 0 1 1 200 0 0
 89 148259.000 174304.000 0 0 48.000 54.000 2592.000 50.911 0 1 1 200 0 0
 90 146818.000 175142.000 0 0 48.000 56.000 2688.000 51.845 0 1 1 200 0 0
 91 145999.000 175728.000 0 0 46.000 56.000 2576.000 50.754 0 1 1 200 0 0
 92 147294.000 175126.000 0 0 48.000 56.000 2688.000 51.845 0 1 1 200 0 0
 93 146571.000 175508.000 0 0 48.000 56.000 2688.000 51.845 0 1 1 200 0 0
 94 146777.000 175452.000 0 0 48.000 56.000 2688.000 51.845 0 1 1 200 0 0
 95 146446.000 175676.000 0 0 48.000 56.000 2688.000 51.845 0 1 1 200 0 0
 96 147852.000 174988.000 0 0 48.000 56.000 2688.000 51.845 0 1 1 200 0 0
 97 147534.000 175028.000 0 0 48.000 56.000 2688.000 51.845 0 1 1 200 0 0
 98 145716.000 174959.000 0 0 48.000 56.000 2688.000 51.845 0 1 1 200 0 0
 99 146276.000 175838.000 0 0 48.000 56.000 2688.000 51.845 0 1 1 200 0 0
 100 147310.000 175383.000 0 0 48.000 56.000 2688.000 51.845 0 1 1 200 0 0
 101 147566.000 175222.000 0 0 48.000 56.000 2688.000 51.845 0 1 1 200 0 0
 102 148413.000 175064.000 0 0 48.000 56.000 2688.000 51.845 0 1 1 200 0 0
 103 147762.000 175380.000 0 0 48.000 56.000 2688.000 51.845 0 1 1 200 0 0
 104 146896.000 175830.000 0 0 48.000 56.000 2688.000 51.845 0 1 1 200 0 0
 105 148014.000 175584.000 0 0 48.000 56.000 2688.000 51.845 0 1 1 200 0 0
 106 148360.000 175257.000 0 0 48.000 56.000 2688.000 51.845 0 1 1 200 0 0
 107 147923.000 175440.000 0 0 48.000 56.000 2688.000 51.845 0 1 1 200 0 0
 108 147705.000 175512.000 0 0 48.000 56.000 2688.000 51.845 0 1 1 200 0 0
 109 147303.000 175974.000 0 0 48.000 56.000 2688.000 51.845 0 1 1 200 0 0
 110 146763.000 176214.000 0 0 48.000 56.000 2688.000 51.845 0 1 1 200 0 0
 111 147644.000 175832.000 0 0 48.000 56.000 2688.000 51.845 0 1 1 200 0 0
 112 149036.000 175243.000 0 0 48.000 54.000 2592.000 50.911 0 1 1 200 0 0
 113 148462.000 175591.000 0 0 48.000 56.000 2688.000 51.845 0 1 1 200 0 0
 114 147537.000 175210.000 0 0 48.000 56.000 2688.000 51.845 0 1 1 200 0 0
 115 147337.000 176237.000 0 0 48.000 56.000 2688.000 51.845 0 1 1 200 0 0
 116 147167.000 176462.000 0 0 48.000 56.000 2688.000 51.845 0 1 1 200 0 0
 117 147901.000 175892.000 0 0 48.000 56.000 2688.000 51.845 0 1 1 200 0 0
 118 147032.000 176561.000 0 0 48.000 56.000 2688.000 51.845 0 1 1 200 0 0
 119 148316.000 176136.000 0 0 48.000 56.000 2688.000 51.845 0 1 1 200 0 0
 120 148740.000 175664.000 0 0 48.000 56.000 2688.000 51.845 0 1 1 200 0 0
 121 149276.000 175602.000 0 0 48.000 54.000 2592.000 50.911 0 1 1 200 0 0
 122 149116.000 175775.000 0 0 48.000 54.000 2592.000 50.911 0 1 1 200 0 0
 123 148906.000 175849.000 0 0 48.000 56.000 2688.000 51.845 0 1 1 200 0 0
 124 148312.000 176138.000 0 0 48.000 56.000 2688.000 51.845 0 1 1 200 0 0
 125 148068.000 176148.000 0 0 48.000 56.000 2688.000 51.845 0 1 1 200 0 0
 126 147964.000 176387.000 0 0 48.000 56.000 2688.000 51.845 0 1 1 200 0 0
 127 149068.000 176021.000 0 0 48.000 56.000 2688.000 51.845 0 1 1 200 0 0
 128 147576.000 176777.000 0 0 48.000 56.000 2688.000 51.845 0 1 1 200 0 0
 129 147522.000 175939.000 0 0 48.000 56.000 2688.000 51.845 0 1 1 200 0 0
 130 148777.000 176272.000 0 0 48.000 56.000 2688.000 51.845 0 1 1 200 0 0
 131 149008.000 176535.000 0 0 48.000 56.000 2688.000 51.845 0 1 1 200 0 0
 132 149903.000 175909.000 0 0 48.000 54.000 2592.000 50.911 0 1 1 200 0 0
 133 149164.000 176351.000 0 0 48.000 56.000 2688.000 51.845 0 1 1 200 0 0
 134 148932.000 176425.000 0 0 48.000 56.000 2688.000 51.845 0 1 1 200 0 0
 135 147902.000 177079.000 0 0 48.000 56.000 2688.000 51.845 0 1 1 200 0 0
 136 148483.000 176975.000 0 0 48.000 56.000 2688.000 51.845 0 1 1 200 0 0
 137 148435.000 177182.000 0 0 48.000 56.000 2688.000 51.845 0 1 1 200 0 0
 138 148295.000 177346.000 0 0 48.000 56.000 2688.000 51.845 0 1 1 200 0 0
 139 148140.000 177288.000 0 0 48.000 56.000 2688.000 51.845 0 1 1 200 0 0
 140 150287.000 176331.000 0 0 48.000 54.000 2592.000 50.911 0 1 1 200 0 0
 141 149755.000 176678.000 0 0 48.000 54.000 2592.000 50.911 0 1 1 200 0 0
 142 149263.000 176964.000 0 0 48.000 56.000 2688.000 51.845 0 1 1 200 0 0
 143 148447.000 177677.000 0 0 48.000 56.000 2688.000 51.845 0 1 1 200 0 0
 144 150364.000 176583.000 0 0 48.000 54.000 2592.000 50.911 0 1 1 200 0 0
 145 148568.000 177600.000 0 0 48.000 56.000 2688.000 51.845 0 1 1 200 0 0
 146 150092.000 176570.000 0 0 48.000 54.000 2592.000 50.911 0 1 1 200 0 0
 147 149427.000 177106.000 0 0 48.000 56.000 2688.000 51.845 0 1 1 200 0 0
 148 148854.000 177510.000 0 0 48.000 56.000 2688.000 51.845 0 1 1 200 0 0
 149 149831.000 177067.000 0 0 48.000 54.000 2592.000 50.911 0 1 1 200 0 0
 150 149082.000 177624.000 0 0 48.000 56.000 2688.000 51.845 0 1 1 200 0 0
 151 126158.000 12312.000 0 0 0.000 0.000 0.000 0.123 0 1 0 0 0 0
 152 150264.000 177022.000 0 0 48.000 54.000 2592.000 50.911 0 1 1 200 0 0
 153 150316.000 176933.000 0 0 48.000 54.000 2592.000 50.911 0 1 1 200 0 0
 154 149899.000 177480.000 0 0 48.000 56.000 2688.000 51.845 0 1 1 200 0 0
 155 150206.000 177702.000 0 0 48.000 54.000 2592.000 50.911 0 1 1 200 0 0
 156 149536.000 178142.000 0 0 48.000 56.000 2688.000 51.845 0 1 1 200 0 0
 157 149407.000 178245.000 0 0 48.000 56.000 2688.000 51.845 0 1 1 200 0 0
 158 149797.000 178369.000 0 0 48.000 56.000 2688.000 51.845 0 1 1 200 0 0
 159 150992.000 177639.000 0 0 48.000 54.000 2592.000 50.911 0 1 1 200 0 0
 160 150558.000 178156.000 0 0 48.000 54.000 2592.000 50.911 0 1 1 200 0 0
 161 150923.000 178078.000 0 0 48.000 54.000 2592.000 50.911 0 1 1 200 0 0
 162 150815.000 178215.000 0 0 48.000 54.000 2592.000 50.911 0 1 1 200 0 0
 163 150287.000 178896.000 0 0 48.000 56.000 2688.000 51.845 0 1 1 200 0 0
 164 151654.000 178358.000 0 0 48.000 54.000 2592.000 50.911 0 1 1 200 0 0
 165 151939.000 178625.000 0 0 48.000 54.000 2592.000 50.911 0 1 1 200 0 0
 166 151371.000 178994.000 0 0 48.000 54.000 2592.000 50.911 0 1 1 200 0 0
 167 164947.000 169366.000 0 0 0.000 0.000 0.000 0.125 0 1 0 0 0 0
 168 177657.000 155840.000 0 0 0.000 0.000 0.000 0.153 0 1 0 0 0 0
 169 152988.000 180606.000 0 0 0.000 0.000 0.000 0.293 0 1 0 0 0 0
 170 31339.000 31592.000 0 0 0.000 0.000 0.000 0.132 0 1 0 0 0 0
 171 147526.000 176585.000 0 0 40.380 25.058 1011.898 31.810 0 1 1 200 0 0
 172 147671.000 176696.000 0 0 25.737 15.997 411.734 20.291 0 1 1 200 0 0
 173 147624.000 176726.000 0 0 40.454 25.110 1015.846 31.872 0 1 1 200 0 0
 174 147751.000 176846.000 0 0 132.611 82.402 10927.605 104.535 0 1 1 200 0 0
 175 147859.000 176980.000 0 0 143.919 89.476 12877.398 113.478 0 1 1 200 0 0
 176 148013.000 177085.000 0 0 29.561 18.412 544.318 23.330 0 1 1 200 0 0
 177 147944.000 177129.000 0 0 103.520 64.349 6661.533 81.618 0 1 1 200 0 0
 178 148081.000 177241.000 0 0 88.865 55.316 4915.767 70.112 0 1 1 200 0 0
 179 148005.000 177289.000 0 0 33.344 20.710 690.580 26.278 0 1 1 200 0 0
 180 148162.000 177392.000 0 0 18.553 11.546 214.216 14.636 0 1 1 200 0 0;
ProcessEquipmentIDList 1
  "6514" ;
SummarySpec 5
  TESTNO    NDEFECT    DEFDENSITY    NDIE    NDEFDIE  ;
SummaryList 
  1    180    0.6315    1    1  ;
EndOfFile;
