FileVersion 1 2;
FileTimestamp 02-11-26 01:41:35;
InspectionStationID "KLA-Tencor" "SFSSP1" "0901-0728-TBI";
SampleType WAFER;
ResultTimestamp 02-11-26 01:29:55;
LotID "2850";
SampleSize 1 200;
DeviceID "None";
SetupID "T2-2850A" 02-11-26 01:29:55;
StepID "6948";
SampleOrientationMarkType NOTCH;
OrientationMarkLocation DOWN;
DiePitch 200000 200000;
DieOrigin 0 0;
WaferID "15";
Slot 15;
SampleCenterLocation 100000 100000;
ClassLookup 1
  0 "0"  ;
OrientationInstructions "Front";
CoordinatesMirrored No;
InspectionTest 1;
SampleTestPlan 1
  0 0 ;
AreaPerTest 2.85008e+010;
DefectRecordSpec 15 DEFECTID XREL YREL XINDEX YINDEX XSIZE YSIZE DEFECTAREA DSIZE CLASSNUMBER TEST CLUSTERNUMBER ROUGHBINNUMBER FINEBINNUMBER REVIEWSAMPLE ;
DefectList
 1 129563.000 97767.000 0 0 0.000 0.000 0.000 0.128 0 1 0 0 0 0
 2 128711.000 89546.000 0 0 0.000 0.000 0.000 0.295 0 1 0 0 0 0
 3 68930.000 104363.000 0 0 0.000 0.000 0.000 0.128 0 1 0 0 0 0
 4 69662.000 91523.000 0 0 0.000 0.000 0.000 0.201 0 1 0 0 0 0
 5 68375.000 99886.000 0 0 0.000 0.000 0.000 0.135 0 1 0 0 0 0
 6 72671.000 122323.000 0 0 0.000 0.000 0.000 0.246 0 1 0 0 0 0
 7 67825.000 114617.000 0 0 0.000 0.000 0.000 0.120 0 1 0 0 0 0
 8 128090.000 78623.000 0 0 0.000 0.000 0.000 0.127 0 1 0 0 0 0
 9 135663.000 105368.000 0 0 0.000 0.000 0.000 0.121 0 1 0 0 0 0
 10 63593.000 98284.000 0 0 0.000 0.000 0.000 0.127 0 1 0 0 0 0
 11 128684.000 124232.000 0 0 0.000 0.000 0.000 0.131 0 1 0 0 0 0
 12 138754.000 108994.000 0 0 0.000 0.000 0.000 0.124 0 1 0 0 0 0
 13 137217.000 114205.000 0 0 0.000 0.000 0.000 0.124 0 1 0 0 0 0
 14 139993.000 106485.000 0 0 0.000 0.000 0.000 0.132 0 1 0 0 0 0
 15 63142.000 81828.000 0 0 0.000 0.000 0.000 0.124 0 1 0 0 0 0
 16 69287.000 67775.000 0 0 0.000 0.000 0.000 0.128 0 1 0 0 0 0
 17 62698.000 74223.000 0 0 0.000 0.000 0.000 0.128 0 1 0 0 0 0
 18 104969.000 145802.000 0 0 0.000 0.000 0.000 0.136 0 1 0 0 0 0
 19 138318.000 129599.000 0 0 0.000 0.000 0.000 0.211 0 1 0 0 0 0
 20 114955.000 153171.000 0 0 0.000 0.000 0.000 0.134 0 1 0 0 0 0
 21 130159.000 152090.000 0 0 0.000 0.000 0.000 0.142 0 1 0 0 0 0
 22 159392.000 110403.000 0 0 0.000 0.000 0.000 0.171 0 1 0 0 0 0
 23 90220.000 39603.000 0 0 0.000 0.000 0.000 0.269 0 1 0 0 0 0
 24 60798.000 149267.000 0 0 0.000 0.000 0.000 0.133 0 1 0 0 0 0
 25 106818.000 36363.000 0 0 0.000 0.000 0.000 0.206 0 1 0 0 0 0
 26 72951.000 159378.000 0 0 0.000 0.000 0.000 0.122 0 1 0 0 0 0
 27 69757.000 158821.000 0 0 0.000 0.000 0.000 0.129 0 1 0 0 0 0
 28 137515.000 160462.000 0 0 0.000 0.000 0.000 0.230 0 1 0 0 0 0
 29 119042.000 173545.000 0 0 0.000 0.000 0.000 0.428 0 1 0 0 0 0
 30 62586.000 172576.000 0 0 0.000 0.000 0.000 0.144 0 1 0 0 0 0
 31 52354.000 169338.000 0 0 0.000 0.000 0.000 200000.000 0 1 0 200 0 0
 32 65658.000 178217.000 0 0 0.000 0.000 0.000 200000.000 0 1 0 200 0 0
 33 191268.000 108124.000 0 0 0.000 0.000 0.000 0.125 0 1 0 0 0 0
 34 19634.000 148335.000 0 0 0.000 0.000 0.000 0.147 0 1 0 0 0 0
 35 156211.000 178919.000 0 0 0.000 0.000 0.000 0.154 0 1 0 0 0 0;
ProcessEquipmentIDList 1
  "6514" ;
SummarySpec 5
  TESTNO    NDEFECT    DEFDENSITY    NDIE    NDEFDIE  ;
SummaryList 
  1    35    0.1228    1    1  ;
EndOfFile;
