FileVersion 1 2;
FileTimestamp 02-11-26 02:23:03;
InspectionStationID "KLA-Tencor" "SFSSP1" "0901-0728-TBI";
SampleType WAFER;
ResultTimestamp 02-11-26 02:15:12;
LotID "2850";
SampleSize 1 200;
DeviceID "None";
SetupID "T2-2850A" 02-11-26 02:15:12;
StepID "6948";
SampleOrientationMarkType NOTCH;
OrientationMarkLocation DOWN;
DiePitch 200000 200000;
DieOrigin 0 0;
WaferID "13";
Slot 13;
SampleCenterLocation 100000 100000;
ClassLookup 1
  0 "0"  ;
OrientationInstructions "Front";
CoordinatesMirrored No;
InspectionTest 1;
SampleTestPlan 1
  0 0 ;
AreaPerTest 2.85009e+010;
ClusterClassificationList 12
  5 210 
  8 200 
  9 200 
  10 200 
  11 200 
  12 200 
  6 210 
  7 200 
  4 200 
  3 200 
  2 210 
  1 210 ;
DefectRecordSpec 15 DEFECTID XREL YREL XINDEX YINDEX XSIZE YSIZE DEFECTAREA DSIZE CLASSNUMBER TEST CLUSTERNUMBER ROUGHBINNUMBER FINEBINNUMBER REVIEWSAMPLE ;
DefectList
 1 88707.000 96386.000 0 0 0.000 0.000 0.000 200000.000 0 1 0 200 0 0
 2 114904.000 100562.000 0 0 0.000 0.000 0.000 0.157 0 1 0 0 0 0
 3 91371.000 85029.000 0 0 0.000 0.000 0.000 0.144 0 1 0 0 0 0
 4 117933.000 97458.000 0 0 0.000 0.000 0.000 200000.000 0 1 0 200 0 0
 5 116906.000 93004.000 0 0 0.000 0.000 0.000 0.146 0 1 0 0 0 0
 6 116355.000 90922.000 0 0 0.000 0.000 0.000 0.138 0 1 0 0 0 0
 7 118893.000 102208.000 0 0 0.000 0.000 0.000 0.172 0 1 0 0 0 0
 8 87252.000 86106.000 0 0 0.000 0.000 0.000 0.127 0 1 0 0 0 0
 9 99233.000 81271.000 0 0 0.000 0.000 0.000 0.154 0 1 0 0 0 0
 10 99783.000 81106.000 0 0 0.000 0.000 0.000 0.201 0 1 0 0 0 0
 11 104117.000 81177.000 0 0 0.000 0.000 0.000 0.189 0 1 0 0 0 0
 12 114379.000 87190.000 0 0 52.000 50.000 2600.000 50.990 0 1 5 210 0 0
 13 119364.000 97154.000 0 0 52.000 30.000 1560.000 39.496 0 1 8 200 0 0
 14 119300.000 103705.000 0 0 0.000 0.000 0.000 0.139 0 1 0 0 0 0
 15 103888.000 81050.000 0 0 0.000 0.000 0.000 0.145 0 1 0 0 0 0
 16 114723.000 87180.000 0 0 52.000 52.000 2704.000 52.000 0 1 5 210 0 0
 17 115333.000 87899.000 0 0 54.000 50.000 2700.000 51.961 0 1 5 210 0 0
 18 100212.000 80521.000 0 0 0.000 0.000 0.000 0.403 0 1 0 0 0 0
 19 116417.000 89433.000 0 0 56.000 48.000 2688.000 51.845 0 1 5 210 0 0
 20 116773.000 89909.000 0 0 56.000 46.000 2576.000 50.754 0 1 5 210 0 0
 21 95323.000 119224.000 0 0 0.000 0.000 0.000 0.120 0 1 0 0 0 0
 22 115618.000 87907.000 0 0 54.000 50.000 2700.000 51.961 0 1 5 210 0 0
 23 115777.000 88292.000 0 0 56.000 48.000 2688.000 51.845 0 1 5 210 0 0
 24 99846.000 80394.000 0 0 0.000 0.000 0.000 200000.000 0 1 0 200 0 0
 25 116403.000 88897.000 0 0 54.000 48.000 2592.000 50.911 0 1 5 210 0 0
 26 116788.000 89504.000 0 0 56.000 48.000 2688.000 51.845 0 1 5 210 0 0
 27 117525.000 90919.000 0 0 56.000 44.000 2464.000 49.638 0 1 5 210 0 0
 28 119810.000 99016.000 0 0 50.000 26.000 1300.000 36.055 0 1 9 200 0 0
 29 119362.000 104585.000 0 0 0.000 0.000 0.000 0.128 0 1 0 0 0 0
 30 114470.000 86257.000 0 0 54.000 52.000 2808.000 52.990 0 1 5 210 0 0
 31 114787.000 86772.000 0 0 54.000 50.000 2700.000 51.961 0 1 5 210 0 0
 32 114906.000 86829.000 0 0 52.000 50.000 2600.000 50.990 0 1 5 210 0 0
 33 115195.000 87217.000 0 0 54.000 52.000 2808.000 52.990 0 1 5 210 0 0
 34 115874.000 88128.000 0 0 56.000 48.000 2688.000 51.845 0 1 5 210 0 0
 35 115405.000 87525.000 0 0 54.000 50.000 2700.000 51.961 0 1 5 210 0 0
 36 116019.000 88318.000 0 0 56.000 48.000 2688.000 51.845 0 1 5 210 0 0
 37 116461.000 88963.000 0 0 54.000 46.000 2484.000 49.839 0 1 5 210 0 0
 38 119482.000 104981.000 0 0 0.000 0.000 0.000 0.152 0 1 0 0 0 0
 39 118505.000 92755.000 0 0 0.000 0.000 0.000 0.282 0 1 0 0 0 0
 40 117359.000 110266.000 0 0 0.000 0.000 0.000 0.137 0 1 0 0 0 0
 41 115164.000 86967.000 0 0 52.000 52.000 2704.000 52.000 0 1 5 210 0 0
 42 116367.000 88271.000 0 0 54.000 48.000 2592.000 50.911 0 1 5 210 0 0
 43 117027.000 89471.000 0 0 56.000 48.000 2688.000 51.845 0 1 5 210 0 0
 44 113846.000 85159.000 0 0 52.000 54.000 2808.000 52.990 0 1 5 210 0 0
 45 119908.000 96276.000 0 0 54.000 32.000 1728.000 41.569 0 1 8 200 0 0
 46 120180.000 99367.000 0 0 50.000 24.000 1200.000 34.641 0 1 9 200 0 0
 47 119234.000 106711.000 0 0 54.000 40.000 2160.000 46.475 0 1 10 200 0 0
 48 114023.000 114800.000 0 0 0.000 0.000 0.000 0.122 0 1 0 0 0 0
 49 112572.000 84211.000 0 0 50.000 54.000 2700.000 51.961 0 1 5 210 0 0
 50 113850.000 85324.000 0 0 52.000 54.000 2808.000 52.990 0 1 5 210 0 0
 51 114245.000 85583.000 0 0 52.000 52.000 2704.000 52.000 0 1 5 210 0 0
 52 114971.000 86442.000 0 0 54.000 50.000 2700.000 51.961 0 1 5 210 0 0
 53 115866.000 87624.000 0 0 54.000 50.000 2700.000 51.961 0 1 5 210 0 0
 54 120193.000 98273.000 0 0 52.000 28.000 1456.000 38.157 0 1 9 200 0 0
 55 116603.000 88024.000 0 0 56.000 48.000 2688.000 51.845 0 1 5 210 0 0
 56 112293.000 83885.000 0 0 50.000 54.000 2700.000 51.961 0 1 5 210 0 0
 57 120147.000 97016.000 0 0 52.000 30.000 1560.000 39.496 0 1 8 200 0 0
 58 114443.000 85516.000 0 0 52.000 52.000 2704.000 52.000 0 1 5 210 0 0
 59 120335.000 102615.000 0 0 52.000 30.000 1560.000 39.496 0 1 9 200 0 0
 60 119546.000 105903.000 0 0 54.000 38.000 2052.000 45.299 0 1 10 200 0 0
 61 114795.000 85976.000 0 0 54.000 52.000 2808.000 52.990 0 1 5 210 0 0
 62 119058.000 107712.000 0 0 56.000 42.000 2352.000 48.497 0 1 11 200 0 0
 63 118913.000 108044.000 0 0 56.000 42.000 2352.000 48.497 0 1 11 200 0 0
 64 118746.000 108347.000 0 0 54.000 42.000 2268.000 47.623 0 1 11 200 0 0
 65 118680.000 108450.000 0 0 54.000 42.000 2268.000 47.623 0 1 11 200 0 0
 66 109545.000 118212.000 0 0 0.000 0.000 0.000 200000.000 0 1 0 200 0 0
 67 90358.000 118132.000 0 0 0.000 0.000 0.000 0.126 0 1 0 0 0 0
 68 115275.000 86418.000 0 0 52.000 50.000 2600.000 50.990 0 1 5 210 0 0
 69 115618.000 86803.000 0 0 54.000 52.000 2808.000 52.990 0 1 5 210 0 0
 70 115687.000 86947.000 0 0 54.000 50.000 2700.000 51.961 0 1 5 210 0 0
 71 115779.000 87070.000 0 0 54.000 50.000 2700.000 51.961 0 1 5 210 0 0
 72 116110.000 87591.000 0 0 54.000 50.000 2700.000 51.961 0 1 5 210 0 0
 73 115894.000 87230.000 0 0 54.000 50.000 2700.000 51.961 0 1 5 210 0 0
 74 116483.000 87871.000 0 0 56.000 48.000 2688.000 51.845 0 1 5 210 0 0
 75 115838.000 87304.000 0 0 54.000 50.000 2700.000 51.961 0 1 5 210 0 0
 76 116465.000 88048.000 0 0 56.000 48.000 2688.000 51.845 0 1 5 210 0 0
 77 116088.000 87369.000 0 0 54.000 50.000 2700.000 51.961 0 1 5 210 0 0
 78 116985.000 88723.000 0 0 54.000 46.000 2484.000 49.839 0 1 5 210 0 0
 79 116101.000 87464.000 0 0 54.000 50.000 2700.000 51.961 0 1 5 210 0 0
 80 116272.000 87588.000 0 0 54.000 50.000 2700.000 51.961 0 1 5 210 0 0
 81 116317.000 87631.000 0 0 54.000 50.000 2700.000 51.961 0 1 5 210 0 0
 82 116483.000 87871.000 0 0 56.000 48.000 2688.000 51.845 0 1 5 210 0 0
 83 116831.000 88312.000 0 0 54.000 48.000 2592.000 50.911 0 1 5 210 0 0
 84 112214.000 83571.000 0 0 48.000 56.000 2688.000 51.845 0 1 5 210 0 0
 85 116953.000 88677.000 0 0 54.000 46.000 2484.000 49.839 0 1 5 210 0 0
 86 117255.000 88908.000 0 0 56.000 48.000 2688.000 51.845 0 1 5 210 0 0
 87 112540.000 83810.000 0 0 50.000 54.000 2700.000 51.961 0 1 5 210 0 0
 88 117392.000 89166.000 0 0 56.000 48.000 2688.000 51.845 0 1 5 210 0 0
 89 113131.000 84176.000 0 0 50.000 54.000 2700.000 51.961 0 1 5 210 0 0
 90 117493.000 89532.000 0 0 56.000 46.000 2576.000 50.754 0 1 5 210 0 0
 91 113341.000 84543.000 0 0 52.000 52.000 2704.000 52.000 0 1 5 210 0 0
 92 117849.000 90056.000 0 0 54.000 46.000 2484.000 49.839 0 1 5 210 0 0
 93 118547.000 91486.000 0 0 56.000 42.000 2352.000 48.497 0 1 5 210 0 0
 94 120611.000 98701.000 0 0 50.000 26.000 1300.000 36.055 0 1 9 200 0 0
 95 119738.000 106142.000 0 0 54.000 38.000 2052.000 45.299 0 1 10 200 0 0
 96 114501.000 85570.000 0 0 52.000 52.000 2704.000 52.000 0 1 5 210 0 0
 97 118718.000 108654.000 0 0 56.000 42.000 2352.000 48.497 0 1 11 200 0 0
 98 118245.000 109589.000 0 0 56.000 44.000 2464.000 49.638 0 1 11 200 0 0
 99 117159.000 111575.000 0 0 54.000 46.000 2484.000 49.839 0 1 12 200 0 0
 100 115149.000 114144.000 0 0 0.000 0.000 0.000 0.130 0 1 0 0 0 0
 101 94948.000 80352.000 0 0 0.000 0.000 0.000 0.139 0 1 0 0 0 0
 102 100297.000 79603.000 0 0 0.000 0.000 0.000 0.272 0 1 0 0 0 0
 103 100535.000 79691.000 0 0 0.000 0.000 0.000 0.147 0 1 0 0 0 0
 104 112480.000 83707.000 0 0 50.000 54.000 2700.000 51.961 0 1 5 210 0 0
 105 112795.000 84114.000 0 0 50.000 54.000 2700.000 51.961 0 1 5 210 0 0
 106 113213.000 84200.000 0 0 52.000 54.000 2808.000 52.990 0 1 5 210 0 0
 107 113355.000 84384.000 0 0 52.000 53.000 2756.000 52.497 0 1 5 210 0 0
 108 113470.000 84463.000 0 0 52.000 52.000 2704.000 52.000 0 1 5 210 0 0
 109 113573.000 84527.000 0 0 52.000 52.000 2704.000 52.000 0 1 5 210 0 0
 110 113806.000 84810.000 0 0 50.000 54.000 2700.000 51.961 0 1 5 210 0 0
 111 113986.000 84991.000 0 0 52.000 54.000 2808.000 52.990 0 1 5 210 0 0
 112 114231.000 85230.000 0 0 52.000 54.000 2808.000 52.990 0 1 5 210 0 0
 113 114312.000 85374.000 0 0 52.000 52.000 2704.000 52.000 0 1 5 210 0 0
 114 114596.000 85672.000 0 0 52.000 52.000 2704.000 52.000 0 1 5 210 0 0
 115 114648.000 85696.000 0 0 52.000 52.000 2704.000 52.000 0 1 5 210 0 0
 116 114788.000 85856.000 0 0 54.000 52.000 2808.000 52.990 0 1 5 210 0 0
 117 114965.000 86054.000 0 0 54.000 52.000 2808.000 52.990 0 1 5 210 0 0
 118 115150.000 86201.000 0 0 54.000 50.000 2700.000 51.961 0 1 5 210 0 0
 119 115195.000 86299.000 0 0 54.000 50.000 2700.000 51.961 0 1 5 210 0 0
 120 115619.000 86638.000 0 0 52.000 52.000 2704.000 52.000 0 1 5 210 0 0
 121 116090.000 87225.000 0 0 54.000 50.000 2700.000 51.961 0 1 5 210 0 0
 122 116781.000 88267.000 0 0 54.000 48.000 2592.000 50.911 0 1 5 210 0 0
 123 117009.000 88500.000 0 0 54.000 48.000 2592.000 50.911 0 1 5 210 0 0
 124 111068.000 117625.000 0 0 0.000 0.000 0.000 0.247 0 1 0 0 0 0
 125 117151.000 88704.000 0 0 54.000 48.000 2592.000 50.911 0 1 5 210 0 0
 126 84768.000 86475.000 0 0 0.000 0.000 0.000 0.441 0 1 0 0 0 0
 127 117217.000 88766.000 0 0 54.000 48.000 2592.000 50.911 0 1 5 210 0 0
 128 117265.000 88819.000 0 0 54.000 48.000 2592.000 50.911 0 1 5 210 0 0
 129 98819.000 79536.000 0 0 0.000 0.000 0.000 200000.000 0 1 0 200 0 0
 130 117376.000 88987.000 0 0 56.000 48.000 2688.000 51.845 0 1 5 210 0 0
 131 112507.000 83503.000 0 0 50.000 54.000 2700.000 51.961 0 1 5 210 0 0
 132 117432.000 89042.000 0 0 56.000 48.000 2688.000 51.845 0 1 5 210 0 0
 133 112977.000 83961.000 0 0 50.000 54.000 2700.000 51.961 0 1 5 210 0 0
 134 117828.000 89602.000 0 0 56.000 46.000 2576.000 50.754 0 1 5 210 0 0
 135 113128.000 84182.000 0 0 50.000 54.000 2700.000 51.961 0 1 5 210 0 0
 136 118002.000 89898.000 0 0 54.000 46.000 2484.000 49.839 0 1 5 210 0 0
 137 118152.000 90228.000 0 0 56.000 44.000 2464.000 49.638 0 1 5 210 0 0
 138 118311.000 90624.000 0 0 56.000 44.000 2464.000 49.638 0 1 5 210 0 0
 139 119802.000 93995.000 0 0 54.000 38.000 2052.000 45.299 0 1 6 210 0 0
 140 120677.000 101811.000 0 0 52.000 28.000 1456.000 38.157 0 1 9 200 0 0
 141 120456.000 103112.000 0 0 52.000 30.000 1560.000 39.496 0 1 9 200 0 0
 142 120416.000 103640.000 0 0 54.000 32.000 1728.000 41.569 0 1 9 200 0 0
 143 119830.000 106277.000 0 0 54.000 38.000 2052.000 45.299 0 1 10 200 0 0
 144 119765.000 106533.000 0 0 54.000 38.000 2052.000 45.299 0 1 10 200 0 0
 145 114617.000 114880.000 0 0 0.000 0.000 0.000 0.145 0 1 0 0 0 0
 146 90593.000 81773.000 0 0 0.000 0.000 0.000 0.159 0 1 0 0 0 0
 147 96036.000 79910.000 0 0 0.000 0.000 0.000 0.209 0 1 0 0 0 0
 148 96220.000 79809.000 0 0 0.000 0.000 0.000 0.145 0 1 0 0 0 0
 149 96942.000 79747.000 0 0 0.000 0.000 0.000 0.199 0 1 0 0 0 0
 150 97708.000 79695.000 0 0 0.000 0.000 0.000 0.121 0 1 0 0 0 0
 151 112020.000 83153.000 0 0 48.000 54.000 2592.000 50.911 0 1 5 210 0 0
 152 112728.000 83676.000 0 0 50.000 54.000 2700.000 51.961 0 1 5 210 0 0
 153 112837.000 83786.000 0 0 50.000 54.000 2700.000 51.961 0 1 5 210 0 0
 154 113054.000 84026.000 0 0 50.000 54.000 2700.000 51.961 0 1 5 210 0 0
 155 113875.000 84640.000 0 0 50.000 54.000 2700.000 51.961 0 1 5 210 0 0
 156 119695.000 93359.000 0 0 54.000 38.000 2052.000 45.299 0 1 6 210 0 0
 157 120549.000 103828.000 0 0 54.000 32.000 1728.000 41.569 0 1 9 200 0 0
 158 120270.000 104971.000 0 0 54.000 34.000 1836.000 42.848 0 1 9 200 0 0
 159 118857.000 109181.000 0 0 56.000 42.000 2352.000 48.497 0 1 11 200 0 0
 160 104028.000 79596.000 0 0 0.000 0.000 0.000 200000.000 0 1 0 200 0 0
 161 110472.000 82040.000 0 0 46.000 56.000 2576.000 50.754 0 1 5 210 0 0
 162 112046.000 82923.000 0 0 48.000 54.000 2592.000 50.911 0 1 5 210 0 0
 163 112264.000 83247.000 0 0 48.000 56.000 2688.000 51.845 0 1 5 210 0 0
 164 112574.000 83359.000 0 0 50.000 54.000 2700.000 51.961 0 1 5 210 0 0
 165 111869.000 82871.000 0 0 48.000 54.000 2592.000 50.911 0 1 5 210 0 0
 166 112050.000 82926.000 0 0 48.000 54.000 2592.000 50.911 0 1 5 210 0 0
 167 112173.000 83155.000 0 0 48.000 56.000 2688.000 51.845 0 1 5 210 0 0
 168 112570.000 83355.000 0 0 50.000 54.000 2700.000 51.961 0 1 5 210 0 0
 169 114426.000 85071.000 0 0 52.000 52.000 2704.000 52.000 0 1 5 210 0 0
 170 114911.000 85397.000 0 0 52.000 52.000 2704.000 52.000 0 1 5 210 0 0
 171 115754.000 86153.000 0 0 52.000 52.000 2704.000 52.000 0 1 5 210 0 0
 172 117887.000 88982.000 0 0 56.000 48.000 2688.000 51.845 0 1 5 210 0 0
 173 120149.000 94130.000 0 0 56.000 36.000 2016.000 44.899 0 1 6 210 0 0
 174 120770.000 97045.000 0 0 52.000 30.000 1560.000 39.496 0 1 8 200 0 0
 175 120768.000 97044.000 0 0 52.000 30.000 1560.000 39.496 0 1 8 200 0 0
 176 120527.000 104958.000 0 0 54.000 34.000 1836.000 42.848 0 1 9 200 0 0
 177 120830.000 103030.000 0 0 52.000 30.000 1560.000 39.496 0 1 9 200 0 0
 178 120113.000 106514.000 0 0 54.000 38.000 2052.000 45.299 0 1 10 200 0 0
 179 119937.000 106648.000 0 0 54.000 38.000 2052.000 45.299 0 1 10 200 0 0
 180 117813.000 111505.000 0 0 56.000 48.000 2688.000 51.845 0 1 12 200 0 0
 181 111615.000 82545.000 0 0 46.000 54.000 2484.000 49.839 0 1 5 210 0 0
 182 108545.000 80871.000 0 0 0.000 0.000 0.000 0.158 0 1 0 0 0 0
 183 111830.000 82778.000 0 0 48.000 54.000 2592.000 50.911 0 1 5 210 0 0
 184 111519.000 82306.000 0 0 48.000 54.000 2592.000 50.911 0 1 5 210 0 0
 185 112154.000 82924.000 0 0 48.000 54.000 2592.000 50.911 0 1 5 210 0 0
 186 114004.000 84187.000 0 0 50.000 52.000 2600.000 50.990 0 1 5 210 0 0
 187 119073.000 90912.000 0 0 56.000 42.000 2352.000 48.497 0 1 5 210 0 0
 188 120530.000 94526.000 0 0 56.000 36.000 2016.000 44.899 0 1 7 200 0 0
 189 121169.000 99136.000 0 0 50.000 26.000 1300.000 36.055 0 1 9 200 0 0
 190 111088.000 82009.000 0 0 48.000 56.000 2688.000 51.845 0 1 5 210 0 0
 191 121311.000 100921.000 0 0 50.000 26.000 1300.000 36.055 0 1 9 200 0 0
 192 120997.000 103740.000 0 0 54.000 32.000 1728.000 41.569 0 1 9 200 0 0
 193 111284.000 82120.000 0 0 48.000 56.000 2688.000 51.845 0 1 5 210 0 0
 194 111596.000 82337.000 0 0 48.000 54.000 2592.000 50.911 0 1 5 210 0 0
 195 120750.000 104598.000 0 0 54.000 34.000 1836.000 42.848 0 1 9 200 0 0
 196 120519.000 105693.000 0 0 56.000 36.000 2016.000 44.899 0 1 9 200 0 0
 197 94478.000 79661.000 0 0 0.000 0.000 0.000 0.160 0 1 0 0 0 0
 198 112464.000 83930.000 0 0 50.000 54.000 2700.000 51.961 0 1 5 210 0 0
 199 111089.000 81946.000 0 0 48.000 56.000 2688.000 51.845 0 1 5 210 0 0
 200 119977.000 92772.000 0 0 56.000 40.000 2240.000 47.328 0 1 6 210 0 0
 201 121453.000 99507.000 0 0 50.000 24.000 1200.000 34.641 0 1 9 200 0 0
 202 121035.000 104263.000 0 0 54.000 32.000 1728.000 41.569 0 1 9 200 0 0
 203 121407.000 100393.000 0 0 50.000 24.000 1200.000 34.641 0 1 9 200 0 0
 204 118414.000 111097.000 0 0 56.000 46.000 2576.000 50.754 0 1 12 200 0 0
 205 121315.000 101979.000 0 0 52.000 28.000 1456.000 38.157 0 1 9 200 0 0
 206 121252.000 102186.000 0 0 52.000 28.000 1456.000 38.157 0 1 9 200 0 0
 207 110674.000 81502.000 0 0 46.000 54.000 2484.000 49.839 0 1 5 210 0 0
 208 121020.000 104138.000 0 0 54.000 32.000 1728.000 41.569 0 1 9 200 0 0
 209 121036.000 104263.000 0 0 54.000 32.000 1728.000 41.569 0 1 9 200 0 0
 210 110720.000 81554.000 0 0 46.000 56.000 2576.000 50.754 0 1 5 210 0 0
 211 118573.000 110932.000 0 0 56.000 46.000 2576.000 50.754 0 1 12 200 0 0
 212 110909.000 81730.000 0 0 46.000 56.000 2576.000 50.754 0 1 5 210 0 0
 213 99990.000 78828.000 0 0 0.000 0.000 0.000 0.146 0 1 0 0 0 0
 214 110941.000 82253.000 0 0 48.000 56.000 2688.000 51.845 0 1 5 210 0 0
 215 112220.000 82465.000 0 0 48.000 54.000 2592.000 50.911 0 1 5 210 0 0
 216 113866.000 83647.000 0 0 52.000 54.000 2808.000 52.990 0 1 5 210 0 0
 217 114541.000 84248.000 0 0 50.000 54.000 2700.000 51.961 0 1 5 210 0 0
 218 115077.000 84913.000 0 0 52.000 52.000 2704.000 52.000 0 1 5 210 0 0
 219 115815.000 85655.000 0 0 54.000 50.000 2700.000 51.961 0 1 5 210 0 0
 220 119832.000 91833.000 0 0 56.000 42.000 2352.000 48.497 0 1 6 210 0 0
 221 120057.000 92057.000 0 0 56.000 42.000 2352.000 48.497 0 1 6 210 0 0
 222 121582.000 101609.000 0 0 50.000 26.000 1300.000 36.055 0 1 9 200 0 0
 223 121523.000 102639.000 0 0 52.000 30.000 1560.000 39.496 0 1 9 200 0 0
 224 110598.000 81391.000 0 0 46.000 54.000 2484.000 49.839 0 1 5 210 0 0
 225 110367.000 81137.000 0 0 46.000 54.000 2484.000 49.839 0 1 5 210 0 0
 226 121466.000 103166.000 0 0 52.000 30.000 1560.000 39.496 0 1 9 200 0 0
 227 110414.000 81159.000 0 0 46.000 54.000 2484.000 49.839 0 1 5 210 0 0
 228 121408.000 103299.000 0 0 52.000 30.000 1560.000 39.496 0 1 9 200 0 0
 229 121301.000 103568.000 0 0 52.000 32.000 1664.000 40.792 0 1 9 200 0 0
 230 121182.000 103756.000 0 0 54.000 32.000 1728.000 41.569 0 1 9 200 0 0
 231 121214.000 104024.000 0 0 54.000 32.000 1728.000 41.569 0 1 9 200 0 0
 232 119283.000 109928.000 0 0 0.000 0.000 0.000 0.228 0 1 0 0 0 0
 233 116905.000 113680.000 0 0 0.000 0.000 0.000 0.235 0 1 0 0 0 0
 234 106291.000 120802.000 0 0 0.000 0.000 0.000 0.131 0 1 0 0 0 0
 235 86330.000 116721.000 0 0 0.000 0.000 0.000 0.167 0 1 0 0 0 0
 236 80634.000 91116.000 0 0 0.000 0.000 0.000 0.155 0 1 0 0 0 0
 237 90381.000 80909.000 0 0 44.000 56.000 2464.000 49.638 0 1 4 200 0 0
 238 94708.000 79352.000 0 0 0.000 0.000 0.000 0.184 0 1 0 0 0 0
 239 101368.000 78619.000 0 0 0.000 0.000 0.000 0.288 0 1 0 0 0 0
 240 111883.000 83053.000 0 0 48.000 54.000 2592.000 50.911 0 1 5 210 0 0
 241 110477.000 81269.000 0 0 46.000 54.000 2484.000 49.839 0 1 5 210 0 0
 242 113137.000 83005.000 0 0 50.000 54.000 2700.000 51.961 0 1 5 210 0 0
 243 114896.000 84473.000 0 0 52.000 54.000 2808.000 52.990 0 1 5 210 0 0
 244 121549.000 97867.000 0 0 0.000 0.000 0.000 0.159 0 1 0 0 0 0
 245 98131.000 78611.000 0 0 0.000 0.000 0.000 0.353 0 1 0 0 0 0
 246 121737.000 99920.000 0 0 50.000 24.000 1200.000 34.641 0 1 9 200 0 0
 247 121492.000 102996.000 0 0 52.000 30.000 1560.000 39.496 0 1 9 200 0 0
 248 110200.000 80865.000 0 0 44.000 56.000 2464.000 49.638 0 1 5 210 0 0
 249 121646.000 102956.000 0 0 52.000 30.000 1560.000 39.496 0 1 9 200 0 0
 250 110310.000 81038.000 0 0 44.000 54.000 2376.000 48.744 0 1 5 210 0 0
 251 121595.000 103053.000 0 0 52.000 30.000 1560.000 39.496 0 1 9 200 0 0
 252 121518.000 103095.000 0 0 52.000 30.000 1560.000 39.496 0 1 9 200 0 0
 253 121434.000 103407.000 0 0 52.000 30.000 1560.000 39.496 0 1 9 200 0 0
 254 121066.000 105906.000 0 0 56.000 36.000 2016.000 44.899 0 1 9 200 0 0
 255 117189.000 113581.000 0 0 0.000 0.000 0.000 0.241 0 1 0 0 0 0
 256 92891.000 79632.000 0 0 0.000 0.000 0.000 0.125 0 1 0 0 0 0
 257 111172.000 82128.000 0 0 48.000 56.000 2688.000 51.845 0 1 5 210 0 0
 258 112450.000 82393.000 0 0 48.000 54.000 2592.000 50.911 0 1 5 210 0 0
 259 116345.000 85536.000 0 0 52.000 50.000 2600.000 50.990 0 1 5 210 0 0
 260 117866.000 87435.000 0 0 0.000 0.000 0.000 200000.000 0 1 0 200 0 0
 261 119944.000 90930.000 0 0 54.000 42.000 2268.000 47.623 0 1 6 210 0 0
 262 121161.000 94454.000 0 0 56.000 36.000 2016.000 44.899 0 1 7 200 0 0
 263 121162.000 94454.000 0 0 56.000 36.000 2016.000 44.899 0 1 7 200 0 0
 264 121795.000 99648.000 0 0 50.000 24.000 1200.000 34.641 0 1 9 200 0 0
 265 121391.000 95422.000 0 0 0.000 0.000 0.000 0.132 0 1 0 0 0 0
 266 121385.000 95597.000 0 0 0.000 0.000 0.000 0.141 0 1 0 0 0 0
 267 121719.000 102789.000 0 0 52.000 30.000 1560.000 39.496 0 1 9 200 0 0
 268 121808.000 97308.000 0 0 0.000 0.000 0.000 0.131 0 1 0 0 0 0
 269 121953.000 99256.000 0 0 50.000 24.000 1200.000 34.641 0 1 9 200 0 0
 270 122005.000 100683.000 0 0 50.000 24.000 1200.000 34.641 0 1 9 200 0 0
 271 109808.000 80478.000 0 0 44.000 56.000 2464.000 49.638 0 1 5 210 0 0
 272 121863.000 101933.000 0 0 52.000 28.000 1456.000 38.157 0 1 9 200 0 0
 273 109907.000 80590.000 0 0 44.000 56.000 2464.000 49.638 0 1 5 210 0 0
 274 121839.000 102613.000 0 0 52.000 28.000 1456.000 38.157 0 1 9 200 0 0
 275 110009.000 80709.000 0 0 44.000 56.000 2464.000 49.638 0 1 5 210 0 0
 276 120237.000 108877.000 0 0 0.000 0.000 0.000 0.130 0 1 0 0 0 0
 277 115923.000 85085.000 0 0 54.000 52.000 2808.000 52.990 0 1 5 210 0 0
 278 119762.000 109700.000 0 0 0.000 0.000 0.000 0.183 0 1 0 0 0 0
 279 118604.000 111908.000 0 0 56.000 48.000 2688.000 51.845 0 1 12 200 0 0
 280 91958.000 79841.000 0 0 42.000 56.000 2352.000 48.497 0 1 4 200 0 0
 281 99188.000 78291.000 0 0 0.000 0.000 0.000 0.178 0 1 0 0 0 0
 282 101462.000 78259.000 0 0 0.000 0.000 0.000 0.201 0 1 0 0 0 0
 283 121977.000 101596.000 0 0 50.000 26.000 1300.000 36.055 0 1 9 200 0 0
 284 122038.000 102251.000 0 0 52.000 28.000 1456.000 38.157 0 1 9 200 0 0
 285 109652.000 80275.000 0 0 42.000 56.000 2352.000 48.497 0 1 5 210 0 0
 286 122008.000 102332.000 0 0 52.000 28.000 1456.000 38.157 0 1 9 200 0 0
 287 109705.000 80330.000 0 0 44.000 56.000 2464.000 49.638 0 1 5 210 0 0
 288 121934.000 102431.000 0 0 52.000 28.000 1456.000 38.157 0 1 9 200 0 0
 289 121914.000 102507.000 0 0 52.000 28.000 1456.000 38.157 0 1 9 200 0 0
 290 114834.000 83790.000 0 0 50.000 54.000 2700.000 51.961 0 1 5 210 0 0
 291 97692.000 122104.000 0 0 0.000 0.000 0.000 0.149 0 1 0 0 0 0
 292 87860.000 81818.000 0 0 0.000 0.000 0.000 0.131 0 1 0 0 0 0
 293 91508.000 79792.000 0 0 42.000 56.000 2352.000 48.497 0 1 4 200 0 0
 294 91780.000 79721.000 0 0 42.000 56.000 2352.000 48.497 0 1 4 200 0 0
 295 110784.000 81596.000 0 0 46.000 56.000 2576.000 50.754 0 1 5 210 0 0
 296 114044.000 83030.000 0 0 50.000 54.000 2700.000 51.961 0 1 5 210 0 0
 297 116746.000 85526.000 0 0 52.000 52.000 2704.000 52.000 0 1 5 210 0 0
 298 120393.000 91389.000 0 0 56.000 42.000 2352.000 48.497 0 1 6 210 0 0
 299 120846.000 92787.000 0 0 0.000 0.000 0.000 0.157 0 1 0 0 0 0
 300 90088.000 80419.000 0 0 44.000 56.000 2464.000 49.638 0 1 4 200 0 0
 301 122161.000 101985.000 0 0 52.000 28.000 1456.000 38.157 0 1 9 200 0 0
 302 109560.000 80169.000 0 0 42.000 56.000 2352.000 48.497 0 1 5 210 0 0
 303 122119.000 102054.000 0 0 52.000 28.000 1456.000 38.157 0 1 9 200 0 0
 304 122076.000 102155.000 0 0 52.000 28.000 1456.000 38.157 0 1 9 200 0 0
 305 118993.000 111999.000 0 0 56.000 48.000 2688.000 51.845 0 1 12 200 0 0
 306 116988.000 114611.000 0 0 0.000 0.000 0.000 0.122 0 1 0 0 0 0
 307 79765.000 91178.000 0 0 0.000 0.000 0.000 0.235 0 1 0 0 0 0
 308 88886.000 81064.000 0 0 0.000 0.000 0.000 0.172 0 1 0 0 0 0
 309 109183.000 79812.000 0 0 42.000 54.000 2268.000 47.623 0 1 5 210 0 0
 310 109254.000 79849.000 0 0 42.000 56.000 2352.000 48.497 0 1 5 210 0 0
 311 109381.000 79964.000 0 0 42.000 56.000 2352.000 48.497 0 1 5 210 0 0
 312 122490.000 99306.000 0 0 0.000 0.000 0.000 0.134 0 1 0 0 0 0
 313 121813.000 104909.000 0 0 0.000 0.000 0.000 0.324 0 1 0 0 0 0
 314 95614.000 122234.000 0 0 0.000 0.000 0.000 200000.000 0 1 0 200 0 0
 315 87418.000 81825.000 0 0 0.000 0.000 0.000 0.137 0 1 0 0 0 0
 316 90697.000 79928.000 0 0 42.000 56.000 2352.000 48.497 0 1 4 200 0 0
 317 109121.000 79752.000 0 0 42.000 54.000 2268.000 47.623 0 1 5 210 0 0
 318 90969.000 79721.000 0 0 42.000 54.000 2268.000 47.623 0 1 4 200 0 0
 319 109862.000 80126.000 0 0 44.000 56.000 2464.000 49.638 0 1 5 210 0 0
 320 96291.000 78067.000 0 0 0.000 0.000 0.000 0.299 0 1 0 0 0 0
 321 100604.000 77727.000 0 0 0.000 0.000 0.000 0.143 0 1 0 0 0 0
 322 105435.000 78340.000 0 0 0.000 0.000 0.000 0.167 0 1 0 0 0 0
 323 108928.000 79537.000 0 0 40.000 54.000 2160.000 46.475 0 1 5 210 0 0
 324 108976.000 79579.000 0 0 42.000 54.000 2268.000 47.623 0 1 5 210 0 0
 325 109045.000 79657.000 0 0 42.000 54.000 2268.000 47.623 0 1 5 210 0 0
 326 110090.000 81036.000 0 0 44.000 56.000 2464.000 49.638 0 1 5 210 0 0
 327 118613.000 87526.000 0 0 0.000 0.000 0.000 0.151 0 1 0 0 0 0
 328 108803.000 79363.000 0 0 42.000 54.000 2268.000 47.623 0 1 5 210 0 0
 329 118783.000 87679.000 0 0 0.000 0.000 0.000 0.141 0 1 0 0 0 0
 330 119831.000 89454.000 0 0 0.000 0.000 0.000 0.132 0 1 0 0 0 0
 331 121852.000 94446.000 0 0 54.000 36.000 1944.000 44.090 0 1 7 200 0 0
 332 122563.000 99238.000 0 0 0.000 0.000 0.000 0.124 0 1 0 0 0 0
 333 90069.000 79923.000 0 0 44.000 56.000 2464.000 49.638 0 1 4 200 0 0
 334 108714.000 79283.000 0 0 42.000 56.000 2352.000 48.497 0 1 5 210 0 0
 335 108804.000 79362.000 0 0 42.000 54.000 2268.000 47.623 0 1 5 210 0 0
 336 122003.000 94297.000 0 0 56.000 36.000 2016.000 44.899 0 1 7 200 0 0
 337 122708.000 99320.000 0 0 0.000 0.000 0.000 0.140 0 1 0 0 0 0
 338 78065.000 94416.000 0 0 0.000 0.000 0.000 0.177 0 1 0 0 0 0
 339 86870.000 81621.000 0 0 0.000 0.000 0.000 0.132 0 1 0 0 0 0
 340 108537.000 79098.000 0 0 42.000 56.000 2352.000 48.497 0 1 5 210 0 0
 341 112772.000 81256.000 0 0 0.000 0.000 0.000 0.151 0 1 0 0 0 0
 342 122124.000 94940.000 0 0 54.000 34.000 1836.000 42.848 0 1 7 200 0 0
 343 122315.000 95076.000 0 0 54.000 34.000 1836.000 42.848 0 1 7 200 0 0
 344 122824.000 97871.000 0 0 0.000 0.000 0.000 0.140 0 1 0 0 0 0
 345 82830.000 115213.000 0 0 0.000 0.000 0.000 200000.000 0 1 0 200 0 0
 346 77874.000 94534.000 0 0 0.000 0.000 0.000 0.190 0 1 0 0 0 0
 347 90623.000 79437.000 0 0 42.000 54.000 2268.000 47.623 0 1 4 200 0 0
 348 103788.000 77504.000 0 0 0.000 0.000 0.000 0.203 0 1 0 0 0 0
 349 122272.000 93981.000 0 0 56.000 36.000 2016.000 44.899 0 1 7 200 0 0
 350 123087.000 99097.000 0 0 0.000 0.000 0.000 0.152 0 1 0 0 0 0
 351 112234.000 80565.000 0 0 0.000 0.000 0.000 0.276 0 1 0 0 0 0
 352 89708.000 79546.000 0 0 44.000 56.000 2464.000 49.638 0 1 4 200 0 0
 353 90493.000 79311.000 0 0 42.000 56.000 2352.000 48.497 0 1 4 200 0 0
 354 121714.000 91743.000 0 0 0.000 0.000 0.000 0.134 0 1 0 0 0 0
 355 122620.000 94805.000 0 0 54.000 34.000 1836.000 42.848 0 1 7 200 0 0
 356 122690.000 95373.000 0 0 54.000 32.000 1728.000 41.569 0 1 7 200 0 0
 357 120209.000 111672.000 0 0 0.000 0.000 0.000 0.189 0 1 0 0 0 0
 358 101101.000 123417.000 0 0 0.000 0.000 0.000 0.140 0 1 0 0 0 0
 359 86886.000 80898.000 0 0 0.000 0.000 0.000 0.320 0 1 0 0 0 0
 360 105548.000 77321.000 0 0 0.000 0.000 0.000 0.498 0 1 0 0 0 0
 361 115208.000 82099.000 0 0 0.000 0.000 0.000 0.139 0 1 0 0 0 0
 362 89920.000 78771.000 0 0 42.000 56.000 2352.000 48.497 0 1 4 200 0 0
 363 113718.000 80750.000 0 0 0.000 0.000 0.000 0.162 0 1 0 0 0 0
 364 114777.000 81503.000 0 0 0.000 0.000 0.000 0.302 0 1 0 0 0 0
 365 114844.000 81539.000 0 0 0.000 0.000 0.000 0.160 0 1 0 0 0 0
 366 120425.000 87698.000 0 0 0.000 0.000 0.000 0.121 0 1 0 0 0 0
 367 123995.000 100576.000 0 0 0.000 0.000 0.000 0.128 0 1 0 0 0 0
 368 90997.000 78109.000 0 0 0.000 0.000 0.000 0.283 0 1 0 0 0 0
 369 79478.000 112339.000 0 0 0.000 0.000 0.000 0.302 0 1 0 0 0 0
 370 83261.000 83296.000 0 0 0.000 0.000 0.000 0.124 0 1 0 0 0 0
 371 93077.000 77277.000 0 0 0.000 0.000 0.000 0.213 0 1 0 0 0 0
 372 93213.000 77305.000 0 0 0.000 0.000 0.000 0.200 0 1 0 0 0 0
 373 123151.000 92691.000 0 0 0.000 0.000 0.000 0.238 0 1 0 0 0 0
 374 75877.000 98847.000 0 0 0.000 0.000 0.000 0.144 0 1 0 0 0 0
 375 102201.000 75949.000 0 0 0.000 0.000 0.000 0.163 0 1 0 0 0 0
 376 84556.000 118976.000 0 0 0.000 0.000 0.000 0.163 0 1 0 0 0 0
 377 124688.000 100214.000 0 0 0.000 0.000 0.000 0.151 0 1 0 0 0 0
 378 89943.000 77742.000 0 0 0.000 0.000 0.000 0.465 0 1 0 0 0 0
 379 120168.000 84537.000 0 0 0.000 0.000 0.000 200000.000 0 1 0 200 0 0
 380 125505.000 105260.000 0 0 0.000 0.000 0.000 0.136 0 1 0 0 0 0
 381 86094.000 122042.000 0 0 0.000 0.000 0.000 0.150 0 1 0 0 0 0
 382 121514.000 84089.000 0 0 0.000 0.000 0.000 0.161 0 1 0 0 0 0
 383 91354.000 74741.000 0 0 0.000 0.000 0.000 0.153 0 1 0 0 0 0
 384 72661.000 94728.000 0 0 0.000 0.000 0.000 0.426 0 1 0 0 0 0
 385 125863.000 117235.000 0 0 0.000 0.000 0.000 0.410 0 1 0 0 0 0
 386 100577.000 69307.000 0 0 0.000 0.000 0.000 0.120 0 1 0 0 0 0
 387 135463.000 110280.000 0 0 0.000 0.000 0.000 0.246 0 1 0 0 0 0
 388 137080.000 95186.000 0 0 0.000 0.000 0.000 0.122 0 1 0 0 0 0
 389 137118.000 79840.000 0 0 0.000 0.000 0.000 0.233 0 1 0 0 0 0
 390 143114.000 90823.000 0 0 0.000 0.000 0.000 0.234 0 1 0 0 0 0
 391 101540.000 144025.000 0 0 0.000 0.000 0.000 0.159 0 1 0 0 0 0
 392 68375.000 131395.000 0 0 0.000 0.000 0.000 0.129 0 1 0 0 0 0
 393 64464.000 126955.000 0 0 0.000 0.000 0.000 0.126 0 1 0 0 0 0
 394 145723.000 91292.000 0 0 0.000 0.000 0.000 0.121 0 1 0 0 0 0
 395 95256.000 53732.000 0 0 0.000 0.000 0.000 0.237 0 1 0 0 0 0
 396 74139.000 139109.000 0 0 0.000 0.000 0.000 0.144 0 1 0 0 0 0
 397 51789.000 93714.000 0 0 0.000 0.000 0.000 0.280 0 1 0 0 0 0
 398 142151.000 73886.000 0 0 0.000 0.000 0.000 0.136 0 1 0 0 0 0
 399 75881.000 144253.000 0 0 0.000 0.000 0.000 0.128 0 1 0 0 0 0
 400 75831.000 144428.000 0 0 0.000 0.000 0.000 0.135 0 1 0 0 0 0
 401 78308.000 145945.000 0 0 0.000 0.000 0.000 0.121 0 1 0 0 0 0
 402 75691.000 144557.000 0 0 0.000 0.000 0.000 0.132 0 1 0 0 0 0
 403 57518.000 69723.000 0 0 0.000 0.000 0.000 0.184 0 1 0 0 0 0
 404 142035.000 67596.000 0 0 0.000 0.000 0.000 0.153 0 1 0 0 0 0
 405 98853.000 157519.000 0 0 0.000 0.000 0.000 0.190 0 1 0 0 0 0
 406 134346.000 148374.000 0 0 0.000 0.000 0.000 0.225 0 1 0 0 0 0
 407 47027.000 130445.000 0 0 0.000 0.000 0.000 0.209 0 1 0 0 0 0
 408 105307.000 166364.000 0 0 0.000 0.000 0.000 0.263 0 1 0 0 0 0
 409 62325.000 156984.000 0 0 0.000 0.000 0.000 0.243 0 1 0 0 0 0
 410 105663.000 31922.000 0 0 0.000 0.000 0.000 0.234 0 1 0 0 0 0
 411 160367.000 136795.000 0 0 0.000 0.000 0.000 0.122 0 1 0 0 0 0
 412 32678.000 79523.000 0 0 0.000 0.000 0.000 0.128 0 1 0 0 0 0
 413 45350.000 55500.000 0 0 0.000 0.000 0.000 0.140 0 1 0 0 0 0
 414 167522.000 76916.000 0 0 54.000 40.000 2160.000 46.475 0 1 3 200 0 0
 415 167967.000 78023.000 0 0 54.000 38.000 2052.000 45.299 0 1 3 200 0 0
 416 167700.000 77137.000 0 0 54.000 38.000 2052.000 45.299 0 1 3 200 0 0
 417 167848.000 77374.000 0 0 54.000 38.000 2052.000 45.299 0 1 3 200 0 0
 418 168047.000 78108.000 0 0 54.000 38.000 2052.000 45.299 0 1 3 200 0 0
 419 167884.000 77563.000 0 0 54.000 38.000 2052.000 45.299 0 1 3 200 0 0
 420 168067.000 78260.000 0 0 54.000 38.000 2052.000 45.299 0 1 3 200 0 0
 421 168110.000 78390.000 0 0 54.000 38.000 2052.000 45.299 0 1 3 200 0 0
 422 167849.000 76974.000 0 0 54.000 40.000 2160.000 46.475 0 1 3 200 0 0
 423 167851.000 76559.000 0 0 54.000 40.000 2160.000 46.475 0 1 3 200 0 0
 424 168051.000 76778.000 0 0 54.000 40.000 2160.000 46.475 0 1 3 200 0 0
 425 167980.000 77083.000 0 0 54.000 38.000 2052.000 45.299 0 1 3 200 0 0
 426 168308.000 76897.000 0 0 54.000 40.000 2160.000 46.475 0 1 3 200 0 0
 427 168161.000 76425.000 0 0 54.000 40.000 2160.000 46.475 0 1 3 200 0 0
 428 168478.000 76740.000 0 0 54.000 40.000 2160.000 46.475 0 1 3 200 0 0
 429 168479.000 76813.000 0 0 54.000 40.000 2160.000 46.475 0 1 3 200 0 0
 430 116398.000 29086.000 0 0 0.000 0.000 0.000 0.132 0 1 0 0 0 0
 431 154018.000 50839.000 0 0 0.000 0.000 0.000 200000.000 0 1 0 200 0 0
 432 155661.000 50285.000 0 0 0.000 0.000 0.000 0.147 0 1 0 0 0 0
 433 79447.000 172375.000 0 0 0.000 0.000 0.000 0.255 0 1 0 0 0 0
 434 112479.000 25375.000 0 0 0.000 0.000 0.000 0.459 0 1 0 0 0 0
 435 161234.000 145550.000 0 0 0.000 0.000 0.000 0.145 0 1 0 0 0 0
 436 157694.000 50697.000 0 0 0.000 0.000 0.000 200000.000 0 1 0 200 0 0
 437 112067.000 24384.000 0 0 30.000 52.000 1560.000 39.496 0 1 2 210 0 0
 438 70530.000 171219.000 0 0 0.000 0.000 0.000 0.120 0 1 0 0 0 0
 439 112011.000 24085.000 0 0 30.000 52.000 1560.000 39.496 0 1 2 210 0 0
 440 143803.000 163766.000 0 0 0.000 0.000 0.000 0.230 0 1 0 0 0 0
 441 111941.000 23953.000 0 0 30.000 52.000 1560.000 39.496 0 1 2 210 0 0
 442 111787.000 23659.000 0 0 30.000 52.000 1560.000 39.496 0 1 2 210 0 0
 443 175680.000 117571.000 0 0 0.000 0.000 0.000 200000.000 0 1 0 200 0 0
 444 162204.000 53704.000 0 0 0.000 0.000 0.000 200000.000 0 1 0 200 0 0
 445 111704.000 23495.000 0 0 30.000 52.000 1560.000 39.496 0 1 2 210 0 0
 446 111536.000 23102.000 0 0 30.000 52.000 1560.000 39.496 0 1 2 210 0 0
 447 111489.000 22831.000 0 0 30.000 52.000 1560.000 39.496 0 1 2 210 0 0
 448 163969.000 54895.000 0 0 0.000 0.000 0.000 0.126 0 1 0 0 0 0
 449 111580.000 22567.000 0 0 30.000 52.000 1560.000 39.496 0 1 2 210 0 0
 450 46983.000 159132.000 0 0 0.000 0.000 0.000 0.131 0 1 0 0 0 0
 451 111369.000 21632.000 0 0 30.000 52.000 1560.000 39.496 0 1 2 210 0 0
 452 111318.000 21149.000 0 0 30.000 52.000 1560.000 39.496 0 1 2 210 0 0
 453 111439.000 20674.000 0 0 30.000 52.000 1560.000 39.496 0 1 2 210 0 0
 454 111527.000 20819.000 0 0 30.000 52.000 1560.000 39.496 0 1 2 210 0 0
 455 174506.000 131834.000 0 0 0.000 0.000 0.000 0.209 0 1 0 0 0 0
 456 82123.000 179848.000 0 0 0.000 0.000 0.000 0.259 0 1 0 0 0 0
 457 108225.000 18401.000 0 0 28.000 52.000 1456.000 38.157 0 1 1 210 0 0
 458 108186.000 18309.000 0 0 28.000 52.000 1456.000 38.157 0 1 1 210 0 0
 459 108149.000 18168.000 0 0 28.000 52.000 1456.000 38.157 0 1 1 210 0 0
 460 108093.000 17879.000 0 0 28.000 52.000 1456.000 38.157 0 1 1 210 0 0
 461 108110.000 17211.000 0 0 28.000 52.000 1456.000 38.157 0 1 1 210 0 0
 462 34131.000 152883.000 0 0 0.000 0.000 0.000 0.140 0 1 0 0 0 0
 463 114226.000 16906.000 0 0 0.000 0.000 0.000 0.153 0 1 0 0 0 0
 464 168152.000 50138.000 0 0 0.000 0.000 0.000 0.155 0 1 0 0 0 0
 465 77072.000 181572.000 0 0 0.000 0.000 0.000 0.130 0 1 0 0 0 0
 466 77109.000 181724.000 0 0 0.000 0.000 0.000 0.167 0 1 0 0 0 0
 467 61759.000 176017.000 0 0 0.000 0.000 0.000 0.205 0 1 0 0 0 0
 468 158152.000 162585.000 0 0 0.000 0.000 0.000 0.162 0 1 0 0 0 0
 469 70408.000 180918.000 0 0 0.000 0.000 0.000 0.147 0 1 0 0 0 0
 470 185785.000 85777.000 0 0 0.000 0.000 0.000 0.213 0 1 0 0 0 0
 471 78618.000 184683.000 0 0 0.000 0.000 0.000 0.244 0 1 0 0 0 0
 472 72598.000 182860.000 0 0 0.000 0.000 0.000 0.126 0 1 0 0 0 0
 473 71019.000 182453.000 0 0 0.000 0.000 0.000 0.139 0 1 0 0 0 0
 474 78735.000 185040.000 0 0 0.000 0.000 0.000 0.158 0 1 0 0 0 0
 475 69205.000 182333.000 0 0 0.000 0.000 0.000 0.173 0 1 0 0 0 0
 476 14071.000 81737.000 0 0 0.000 0.000 0.000 0.133 0 1 0 0 0 0
 477 77684.000 187252.000 0 0 0.000 0.000 0.000 0.125 0 1 0 0 0 0
 478 79851.000 188288.000 0 0 0.000 0.000 0.000 0.124 0 1 0 0 0 0
 479 78984.000 188633.000 0 0 0.000 0.000 0.000 0.136 0 1 0 0 0 0
 480 187270.000 73748.000 0 0 0.000 0.000 0.000 0.156 0 1 0 0 0 0
 481 68002.000 187813.000 0 0 0.000 0.000 0.000 0.161 0 1 0 0 0 0
 482 55911.000 183035.000 0 0 0.000 0.000 0.000 200000.000 0 1 0 200 0 0
 483 73066.000 190284.000 0 0 0.000 0.000 0.000 0.154 0 1 0 0 0 0
 484 174652.000 42549.000 0 0 0.000 0.000 0.000 0.126 0 1 0 0 0 0
 485 194743.000 109345.000 0 0 0.000 0.000 0.000 0.257 0 1 0 0 0 0
 486 58526.000 187084.000 0 0 0.000 0.000 0.000 0.160 0 1 0 0 0 0
 487 152988.000 181134.000 0 0 0.000 0.000 0.000 0.193 0 1 0 0 0 0
 488 74816.000 193633.000 0 0 0.000 0.000 0.000 0.145 0 1 0 0 0 0
 489 111200.000 82813.000 0 0 14.006 9.127 127.843 11.306 0 1 5 210 0 0
 490 111242.000 82638.000 0 0 24.969 16.167 403.693 20.092 0 1 5 210 0 0
 491 111296.000 82671.000 0 0 34.887 22.741 793.400 28.167 0 1 5 210 0 0
 492 111326.000 82692.000 0 0 24.058 15.743 378.765 19.461 0 1 5 210 0 0
 493 111379.000 82725.000 0 0 17.390 11.454 199.197 14.113 0 1 5 210 0 0
 494 111408.000 82544.000 0 0 178.238 116.490 20763.003 144.093 0 1 5 210 0 0
 495 110482.000 81791.000 0 0 13.093 7.537 98.694 9.934 0 1 5 210 0 0
 496 110570.000 81840.000 0 0 35.694 20.777 741.638 27.233 0 1 5 210 0 0
 497 111423.000 82351.000 0 0 19.458 12.593 245.045 15.653 0 1 5 210 0 0
 498 111488.000 82392.000 0 0 68.371 44.610 3050.060 55.227 0 1 5 210 0 0
 499 111539.000 82424.000 0 0 26.962 17.700 477.259 21.846 0 1 5 210 0 0
 500 111581.000 82451.000 0 0 11.774 7.770 91.490 9.565 0 1 5 210 0 0
 501 110119.000 81400.000 0 0 21.401 11.643 249.191 15.785 0 1 5 210 0 0
 502 110187.000 81435.000 0 0 4.452 2.443 10.881 3.298 0 1 5 210 0 0
 503 110229.000 81458.000 0 0 16.003 8.829 141.296 11.886 0 1 5 210 0 0
 504 110618.000 81674.000 0 0 214.368 124.200 26624.582 163.170 0 1 5 210 0 0
 505 111560.000 82236.000 0 0 14.476 9.420 136.379 11.678 0 1 5 210 0 0
 506 111629.000 82281.000 0 0 14.439 9.477 136.849 11.698 0 1 5 210 0 0
 507 109734.000 81010.000 0 0 4.554 2.334 10.635 3.261 0 1 5 210 0 0
 508 109844.000 81066.000 0 0 51.734 26.897 1391.556 37.303 0 1 5 210 0 0
 509 110241.000 81274.000 0 0 199.285 108.990 21720.330 147.378 0 1 5 210 0 0
 510 110612.000 81473.000 0 0 31.972 18.314 585.560 24.198 0 1 5 210 0 0
 511 110659.000 81501.000 0 0 47.890 27.595 1321.556 36.353 0 1 5 210 0 0
 512 110709.000 81529.000 0 0 21.252 12.322 261.879 16.182 0 1 5 210 0 0
 513 110745.000 81549.000 0 0 46.876 27.299 1279.712 35.773 0 1 5 210 0 0
 514 110795.000 81578.000 0 0 18.544 10.867 201.525 14.195 0 1 5 210 0 0
 515 111656.000 82096.000 0 0 10.296 6.703 69.021 8.307 0 1 5 210 0 0
 516 109671.000 80789.000 0 0 43.285 21.790 943.215 30.711 0 1 5 210 0 0
 517 109842.000 80876.000 0 0 225.531 116.070 26177.595 161.794 0 1 5 210 0 0
 518 110238.000 81078.000 0 0 26.301 14.231 374.325 19.347 0 1 5 210 0 0
 519 110280.000 81101.000 0 0 42.582 23.163 986.346 31.406 0 1 5 210 0 0
 520 110317.000 81118.000 0 0 19.006 10.385 197.392 14.049 0 1 5 210 0 0
 521 110357.000 81140.000 0 0 35.262 19.365 682.862 26.131 0 1 5 210 0 0
 522 110389.000 81158.000 0 0 13.549 7.470 101.221 10.060 0 1 5 210 0 0
 523 110409.000 81168.000 0 0 18.956 10.478 198.634 14.093 0 1 5 210 0 0
 524 109380.000 80462.000 0 0 17.795 8.543 152.036 12.330 0 1 5 210 0 0
 525 109463.000 80501.000 0 0 40.196 19.508 784.167 28.002 0 1 5 210 0 0
 526 109533.000 80535.000 0 0 55.988 27.421 1535.305 39.182 0 1 5 210 0 0
 527 109747.000 80641.000 0 0 333.181 167.752 55892.095 236.415 0 1 5 210 0 0
 528 109928.000 80726.000 0 0 5.541 2.854 15.821 3.977 0 1 5 210 0 0
 529 109981.000 80754.000 0 0 96.878 50.241 4867.279 69.765 0 1 5 210 0 0
 530 110357.000 80949.000 0 0 8.221 4.469 36.746 6.061 0 1 5 210 0 0
 531 109514.000 80338.000 0 0 237.529 114.941 27301.906 165.232 0 1 5 210 0 0
 532 109666.000 80411.000 0 0 21.596 10.656 230.152 15.170 0 1 5 210 0 0
 533 109689.000 80421.000 0 0 15.012 7.429 111.534 10.560 0 1 5 210 0 0
 534 109719.000 80436.000 0 0 39.387 19.567 770.714 27.761 0 1 5 210 0 0
 535 109808.000 80477.000 0 0 14.038 7.053 99.020 9.950 0 1 5 210 0 0
 536 109836.000 80491.000 0 0 13.089 6.599 86.380 9.294 0 1 5 210 0 0
 537 109932.000 80539.000 0 0 12.129 6.190 75.085 8.665 0 1 5 210 0 0
 538 109961.000 80554.000 0 0 13.983 7.163 100.169 10.008 0 1 5 210 0 0
 539 109980.000 80562.000 0 0 8.388 4.306 36.128 6.010 0 1 5 210 0 0
 540 109486.000 80136.000 0 0 6.668 3.184 21.235 4.608 0 1 5 210 0 0
 541 109521.000 80153.000 0 0 30.445 14.605 444.666 21.087 0 1 5 210 0 0
 542 109559.000 80170.000 0 0 22.816 10.998 250.961 15.841 0 1 5 210 0 0
 543 109596.000 80188.000 0 0 9.494 4.598 43.663 6.607 0 1 5 210 0 0
 544 109614.000 80197.000 0 0 14.239 6.913 98.453 9.922 0 1 5 210 0 0
 545 109742.000 80257.000 0 0 10.412 5.137 53.496 7.314 0 1 5 210 0 0
 546 109788.000 80280.000 0 0 23.630 11.729 277.182 16.648 0 1 5 210 0 0
 547 109862.000 80127.000 0 0 11.428 5.671 64.817 8.050 0 1 5 210 0 0
 548 111472.000 22282.000 0 0 70.783 10.448 739.575 27.195 0 1 2 210 0 0
 549 111347.000 22092.000 0 0 11.219 1.634 18.333 4.281 0 1 2 210 0 0
 550 111420.000 22102.000 0 0 97.096 14.235 1382.174 37.177 0 1 2 210 0 0
 551 111356.000 21922.000 0 0 160.948 23.409 3767.737 61.381 0 1 2 210 0 0
 552 111330.000 21747.000 0 0 153.809 22.270 3425.481 58.527 0 1 2 210 0 0
 553 111327.000 21574.000 0 0 112.787 16.290 1837.345 42.864 0 1 2 210 0 0;
ProcessEquipmentIDList 1
  "6514" ;
SummarySpec 5
  TESTNO    NDEFECT    DEFDENSITY    NDIE    NDEFDIE  ;
SummaryList 
  1    553    1.94    1    1  ;
EndOfFile;
