FileVersion 1 2;
FileTimestamp 02-11-26 00:10:09;
InspectionStationID "KLA-Tencor" "SFSSP1" "0901-0728-TBI";
SampleType WAFER;
ResultTimestamp 02-10-26 23:55:52;
LotID "2850";
SampleSize 1 200;
DeviceID "None";
SetupID "T2-2850A" 02-10-26 23:55:52;
StepID "6954";
SampleOrientationMarkType NOTCH;
OrientationMarkLocation DOWN;
DiePitch 200000 200000;
DieOrigin 0 0;
WaferID "22";
Slot 22;
SampleCenterLocation 100000 100000;
ClassLookup 1
  0 "0"  ;
OrientationInstructions "Front";
CoordinatesMirrored No;
InspectionTest 1;
SampleTestPlan 1
  0 0 ;
AreaPerTest 2.85021e+010;
ClusterClassificationList 5
  4 200 
  5 210 
  3 200 
  2 200 
  1 200 ;
DefectRecordSpec 15 DEFECTID XREL YREL XINDEX YINDEX XSIZE YSIZE DEFECTAREA DSIZE CLASSNUMBER TEST CLUSTERNUMBER ROUGHBINNUMBER FINEBINNUMBER REVIEWSAMPLE ;
DefectList
 1 117804.000 113383.000 0 0 0.000 0.000 0.000 200000.000 0 1 0 200 0 0
 2 106931.000 65740.000 0 0 0.000 0.000 0.000 0.124 0 1 0 0 0 0
 3 118614.000 131123.000 0 0 0.000 0.000 0.000 0.233 0 1 0 0 0 0
 4 102986.000 64159.000 0 0 0.000 0.000 0.000 0.129 0 1 0 0 0 0
 5 66640.000 79391.000 0 0 0.000 0.000 0.000 0.201 0 1 0 0 0 0
 6 124268.000 65560.000 0 0 0.000 0.000 0.000 0.204 0 1 0 0 0 0
 7 124907.000 135347.000 0 0 0.000 0.000 0.000 0.159 0 1 0 0 0 0
 8 64532.000 127888.000 0 0 0.000 0.000 0.000 0.124 0 1 0 0 0 0
 9 154570.000 79967.000 0 0 0.000 0.000 0.000 0.120 0 1 0 0 0 0
 10 52014.000 140462.000 0 0 0.000 0.000 0.000 0.120 0 1 0 0 0 0
 11 29106.000 95426.000 0 0 0.000 0.000 0.000 0.123 0 1 0 0 0 0
 12 50674.000 49054.000 0 0 0.000 0.000 0.000 0.146 0 1 0 0 0 0
 13 134121.000 162998.000 0 0 0.000 0.000 0.000 0.143 0 1 0 0 0 0
 14 134292.000 163041.000 0 0 0.000 0.000 0.000 0.452 0 1 0 0 0 0
 15 28509.000 112558.000 0 0 0.000 0.000 0.000 0.124 0 1 0 0 0 0
 16 80837.000 29342.000 0 0 0.000 0.000 0.000 0.123 0 1 0 0 0 0
 17 27397.000 113021.000 0 0 54.000 32.000 1728.000 41.569 0 1 4 200 0 0
 18 80588.000 28544.000 0 0 0.000 0.000 0.000 0.120 0 1 0 0 0 0
 19 138434.000 164138.000 0 0 46.000 56.000 2576.000 50.754 0 1 5 210 0 0
 20 92427.000 174449.000 0 0 0.000 0.000 0.000 0.130 0 1 0 0 0 0
 21 26443.000 112011.000 0 0 52.000 32.000 1664.000 40.792 0 1 4 200 0 0
 22 138580.000 164173.000 0 0 46.000 56.000 2576.000 50.754 0 1 5 210 0 0
 23 171376.000 122386.000 0 0 0.000 0.000 0.000 0.206 0 1 0 0 0 0
 24 68453.000 32433.000 0 0 0.000 0.000 0.000 0.121 0 1 0 0 0 0
 25 80752.000 27955.000 0 0 0.000 0.000 0.000 0.126 0 1 0 0 0 0
 26 139115.000 164245.000 0 0 48.000 56.000 2688.000 51.845 0 1 5 210 0 0
 27 88494.000 25956.000 0 0 0.000 0.000 0.000 0.120 0 1 0 0 0 0
 28 139321.000 164347.000 0 0 48.000 56.000 2688.000 51.845 0 1 5 210 0 0
 29 59082.000 163691.000 0 0 0.000 0.000 0.000 0.124 0 1 0 0 0 0
 30 25256.000 111369.000 0 0 52.000 30.000 1560.000 39.496 0 1 4 200 0 0
 31 68120.000 31493.000 0 0 0.000 0.000 0.000 0.132 0 1 0 0 0 0
 32 140287.000 164518.000 0 0 48.000 56.000 2688.000 51.845 0 1 5 210 0 0
 33 80983.000 26625.000 0 0 0.000 0.000 0.000 0.123 0 1 0 0 0 0
 34 24223.000 111129.000 0 0 52.000 30.000 1560.000 39.496 0 1 3 200 0 0
 35 140440.000 164321.000 0 0 48.000 56.000 2688.000 51.845 0 1 5 210 0 0
 36 141917.000 164586.000 0 0 48.000 54.000 2592.000 50.911 0 1 5 210 0 0
 37 140960.000 164392.000 0 0 48.000 56.000 2688.000 51.845 0 1 5 210 0 0
 38 67076.000 30799.000 0 0 0.000 0.000 0.000 0.120 0 1 0 0 0 0
 39 67524.000 30383.000 0 0 0.000 0.000 0.000 0.130 0 1 0 0 0 0
 40 142483.000 164710.000 0 0 48.000 54.000 2592.000 50.911 0 1 5 210 0 0
 41 67304.000 30165.000 0 0 0.000 0.000 0.000 0.121 0 1 0 0 0 0
 42 122940.000 174231.000 0 0 0.000 0.000 0.000 0.252 0 1 0 0 0 0
 43 143141.000 164882.000 0 0 46.000 54.000 2484.000 49.839 0 1 5 210 0 0
 44 22973.000 110495.000 0 0 52.000 30.000 1560.000 39.496 0 1 3 200 0 0
 45 76770.000 25949.000 0 0 0.000 0.000 0.000 0.130 0 1 0 0 0 0
 46 108132.000 22645.000 0 0 0.000 0.000 0.000 0.249 0 1 0 0 0 0
 47 78037.000 25242.000 0 0 0.000 0.000 0.000 0.120 0 1 0 0 0 0
 48 66355.000 28969.000 0 0 0.000 0.000 0.000 0.124 0 1 0 0 0 0
 49 144264.000 165563.000 0 0 46.000 54.000 2484.000 49.839 0 1 5 210 0 0
 50 97075.000 178980.000 0 0 0.000 0.000 0.000 0.324 0 1 0 0 0 0
 51 48487.000 40382.000 0 0 0.000 0.000 0.000 0.122 0 1 0 0 0 0
 52 73880.000 25539.000 0 0 0.000 0.000 0.000 0.126 0 1 0 0 0 0
 53 74468.000 25261.000 0 0 0.000 0.000 0.000 0.127 0 1 0 0 0 0
 54 76348.000 24531.000 0 0 0.000 0.000 0.000 0.124 0 1 0 0 0 0
 55 21246.000 110161.000 0 0 52.000 30.000 1560.000 39.496 0 1 2 200 0 0
 56 70561.000 26367.000 0 0 0.000 0.000 0.000 0.124 0 1 0 0 0 0
 57 73875.000 25141.000 0 0 0.000 0.000 0.000 0.120 0 1 0 0 0 0
 58 73996.000 24943.000 0 0 0.000 0.000 0.000 0.123 0 1 0 0 0 0
 59 75678.000 24487.000 0 0 0.000 0.000 0.000 0.122 0 1 0 0 0 0
 60 179438.000 110191.000 0 0 0.000 0.000 0.000 0.128 0 1 0 0 0 0
 61 65831.000 27717.000 0 0 0.000 0.000 0.000 0.127 0 1 0 0 0 0
 62 20274.000 109904.000 0 0 52.000 30.000 1560.000 39.496 0 1 2 200 0 0
 63 72692.000 24773.000 0 0 0.000 0.000 0.000 0.124 0 1 0 0 0 0
 64 20401.000 110780.000 0 0 52.000 30.000 1560.000 39.496 0 1 2 200 0 0
 65 43374.000 42638.000 0 0 0.000 0.000 0.000 0.120 0 1 0 0 0 0
 66 65273.000 26724.000 0 0 0.000 0.000 0.000 0.131 0 1 0 0 0 0
 67 70894.000 24295.000 0 0 0.000 0.000 0.000 0.120 0 1 0 0 0 0
 68 71858.000 23766.000 0 0 0.000 0.000 0.000 0.129 0 1 0 0 0 0
 69 181469.000 96866.000 0 0 0.000 0.000 0.000 0.122 0 1 0 0 0 0
 70 70124.000 24276.000 0 0 0.000 0.000 0.000 0.121 0 1 0 0 0 0
 71 181570.000 96913.000 0 0 0.000 0.000 0.000 0.123 0 1 0 0 0 0
 72 73009.000 23094.000 0 0 0.000 0.000 0.000 0.120 0 1 0 0 0 0
 73 67945.000 24689.000 0 0 0.000 0.000 0.000 0.128 0 1 0 0 0 0
 74 68007.000 24481.000 0 0 0.000 0.000 0.000 0.120 0 1 0 0 0 0
 75 68109.000 24237.000 0 0 0.000 0.000 0.000 0.120 0 1 0 0 0 0
 76 67747.000 24224.000 0 0 0.000 0.000 0.000 0.127 0 1 0 0 0 0
 77 69185.000 23598.000 0 0 0.000 0.000 0.000 0.123 0 1 0 0 0 0
 78 77166.000 179828.000 0 0 0.000 0.000 0.000 0.121 0 1 0 0 0 0
 79 17764.000 109010.000 0 0 0.000 0.000 0.000 0.123 0 1 0 0 0 0
 80 150884.000 165703.000 0 0 0.000 0.000 0.000 0.287 0 1 0 0 0 0
 81 17534.000 108727.000 0 0 0.000 0.000 0.000 0.122 0 1 0 0 0 0
 82 68659.000 23356.000 0 0 0.000 0.000 0.000 0.126 0 1 0 0 0 0
 83 68251.000 23349.000 0 0 0.000 0.000 0.000 0.124 0 1 0 0 0 0
 84 98352.000 183373.000 0 0 0.000 0.000 0.000 0.148 0 1 0 0 0 0
 85 44302.000 38190.000 0 0 0.000 0.000 0.000 0.124 0 1 0 0 0 0
 86 71020.000 178860.000 0 0 0.000 0.000 0.000 0.121 0 1 0 0 0 0
 87 16787.000 108860.000 0 0 0.000 0.000 0.000 0.122 0 1 0 0 0 0
 88 45737.000 36230.000 0 0 0.000 0.000 0.000 0.129 0 1 0 0 0 0
 89 62949.000 25102.000 0 0 0.000 0.000 0.000 0.123 0 1 0 0 0 0
 90 45203.000 36515.000 0 0 0.000 0.000 0.000 0.126 0 1 0 0 0 0
 91 67230.000 22964.000 0 0 0.000 0.000 0.000 0.130 0 1 0 0 0 0
 92 67064.000 22666.000 0 0 0.000 0.000 0.000 0.127 0 1 0 0 0 0
 93 151468.000 167292.000 0 0 50.000 54.000 2700.000 51.961 0 1 5 210 0 0
 94 151718.000 167365.000 0 0 50.000 54.000 2700.000 51.961 0 1 5 210 0 0
 95 151981.000 167433.000 0 0 50.000 54.000 2700.000 51.961 0 1 5 210 0 0
 96 63563.000 23311.000 0 0 0.000 0.000 0.000 0.126 0 1 0 0 0 0
 97 152160.000 167484.000 0 0 50.000 54.000 2700.000 51.961 0 1 5 210 0 0
 98 66735.000 22037.000 0 0 0.000 0.000 0.000 0.137 0 1 0 0 0 0
 99 43207.000 36816.000 0 0 0.000 0.000 0.000 0.125 0 1 0 0 0 0
 100 152356.000 167517.000 0 0 50.000 54.000 2700.000 51.961 0 1 5 210 0 0
 101 46185.000 34077.000 0 0 0.000 0.000 0.000 0.120 0 1 0 0 0 0
 102 152534.000 167565.000 0 0 50.000 54.000 2700.000 51.961 0 1 5 210 0 0
 103 63095.000 23120.000 0 0 0.000 0.000 0.000 0.120 0 1 0 0 0 0
 104 61766.000 23447.000 0 0 0.000 0.000 0.000 0.125 0 1 0 0 0 0
 105 152990.000 167695.000 0 0 50.000 54.000 2700.000 51.961 0 1 5 210 0 0
 106 63075.000 22906.000 0 0 0.000 0.000 0.000 0.120 0 1 0 0 0 0
 107 170305.000 149369.000 0 0 0.000 0.000 0.000 0.124 0 1 0 0 0 0
 108 43340.000 35724.000 0 0 0.000 0.000 0.000 0.128 0 1 0 0 0 0
 109 61907.000 23224.000 0 0 0.000 0.000 0.000 0.124 0 1 0 0 0 0
 110 153559.000 167817.000 0 0 50.000 54.000 2700.000 51.961 0 1 5 210 0 0
 111 153469.000 167809.000 0 0 50.000 54.000 2700.000 51.961 0 1 5 210 0 0
 112 66191.000 20819.000 0 0 0.000 0.000 0.000 0.120 0 1 0 0 0 0
 113 88069.000 185863.000 0 0 0.000 0.000 0.000 0.141 0 1 0 0 0 0
 114 44346.000 33488.000 0 0 0.000 0.000 0.000 0.129 0 1 0 0 0 0
 115 13277.000 107731.000 0 0 0.000 0.000 0.000 0.127 0 1 0 0 0 0
 116 57508.000 24195.000 0 0 0.000 0.000 0.000 0.122 0 1 0 0 0 0
 117 12805.000 107271.000 0 0 0.000 0.000 0.000 0.120 0 1 0 0 0 0
 118 12605.000 107257.000 0 0 0.000 0.000 0.000 0.120 0 1 0 0 0 0
 119 42663.000 33917.000 0 0 0.000 0.000 0.000 0.121 0 1 0 0 0 0
 120 155436.000 168309.000 0 0 50.000 54.000 2700.000 51.961 0 1 5 210 0 0
 121 43787.000 33033.000 0 0 0.000 0.000 0.000 0.121 0 1 0 0 0 0
 122 155556.000 168342.000 0 0 50.000 54.000 2700.000 51.961 0 1 5 210 0 0
 123 43679.000 32628.000 0 0 0.000 0.000 0.000 0.120 0 1 0 0 0 0
 124 155649.000 168364.000 0 0 50.000 54.000 2700.000 51.961 0 1 5 210 0 0
 125 155786.000 168397.000 0 0 50.000 54.000 2700.000 51.961 0 1 5 210 0 0
 126 43623.000 32243.000 0 0 0.000 0.000 0.000 0.125 0 1 0 0 0 0
 127 155901.000 168437.000 0 0 50.000 54.000 2700.000 51.961 0 1 5 210 0 0
 128 44707.000 31321.000 0 0 0.000 0.000 0.000 0.123 0 1 0 0 0 0
 129 51000.000 26577.000 0 0 0.000 0.000 0.000 0.122 0 1 0 0 0 0
 130 156793.000 168651.000 0 0 50.000 54.000 2700.000 51.961 0 1 5 210 0 0
 131 45097.000 30203.000 0 0 50.000 54.000 2700.000 51.961 0 1 1 200 0 0
 132 44787.000 30322.000 0 0 50.000 54.000 2700.000 51.961 0 1 1 200 0 0
 133 50984.000 25733.000 0 0 0.000 0.000 0.000 0.123 0 1 0 0 0 0
 134 44657.000 29984.000 0 0 50.000 54.000 2700.000 51.961 0 1 1 200 0 0
 135 44500.000 29860.000 0 0 50.000 54.000 2700.000 51.961 0 1 1 200 0 0
 136 44232.000 29980.000 0 0 50.000 54.000 2700.000 51.961 0 1 1 200 0 0
 137 157945.000 168947.000 0 0 52.000 54.000 2808.000 52.990 0 1 5 210 0 0
 138 44389.000 29272.000 0 0 50.000 54.000 2700.000 51.961 0 1 1 200 0 0
 139 48456.000 26170.000 0 0 0.000 0.000 0.000 0.124 0 1 0 0 0 0
 140 27446.000 154933.000 0 0 0.000 0.000 0.000 0.140 0 1 0 0 0 0
 141 187486.000 131717.000 0 0 0.000 0.000 0.000 0.120 0 1 0 0 0 0
 142 54324.000 181368.000 0 0 0.000 0.000 0.000 0.195 0 1 0 0 0 0
 143 57712.000 184062.000 0 0 0.000 0.000 0.000 0.121 0 1 0 0 0 0
 144 134002.000 189356.000 0 0 0.000 0.000 0.000 0.122 0 1 0 0 0 0
 145 130728.000 190776.000 0 0 0.000 0.000 0.000 0.120 0 1 0 0 0 0
 146 144157.000 185280.000 0 0 0.000 0.000 0.000 0.123 0 1 0 0 0 0
 147 141391.000 13758.000 0 0 0.000 0.000 0.000 0.203 0 1 0 0 0 0
 148 5838.000 121112.000 0 0 0.000 0.000 0.000 0.128 0 1 0 0 0 0
 149 27617.000 112750.000 0 0 49.508 281.056 13914.702 117.960 0 1 4 200 0 0
 150 27430.000 112662.000 0 0 93.476 535.743 50079.425 223.784 0 1 4 200 0 0
 151 27263.000 112689.000 0 0 93.065 533.479 49648.648 222.819 0 1 4 200 0 0
 152 27211.000 112386.000 0 0 2.374 13.952 33.130 5.755 0 1 4 200 0 0
 153 27191.000 112268.000 0 0 2.351 13.956 32.824 5.729 0 1 4 200 0 0
 154 27094.000 112715.000 0 0 3.656 20.963 76.643 8.754 0 1 4 200 0 0
 155 27037.000 112381.000 0 0 101.484 598.018 60689.359 246.352 0 1 4 200 0 0
 156 26969.000 112991.000 0 0 8.096 45.515 368.510 19.196 0 1 4 200 0 0
 157 26948.000 112866.000 0 0 34.539 196.098 6773.078 82.298 0 1 4 200 0 0
 158 26925.000 112733.000 0 0 3.661 21.011 76.929 8.770 0 1 4 200 0 0
 159 26876.000 112443.000 0 0 3.577 21.025 75.227 8.673 0 1 4 200 0 0
 160 26846.000 112267.000 0 0 54.103 322.630 17455.395 132.118 0 1 4 200 0 0
 161 26817.000 112090.000 0 0 4.055 24.549 99.572 9.978 0 1 4 200 0 0
 162 26764.000 112804.000 0 0 81.981 468.898 38440.813 196.063 0 1 4 200 0 0
 163 26673.000 112258.000 0 0 2.937 17.570 51.607 7.183 0 1 4 200 0 0
 164 26657.000 112170.000 0 0 25.087 151.187 3792.908 61.586 0 1 4 200 0 0
 165 26569.000 112667.000 0 0 120.232 696.976 83799.589 289.481 0 1 4 200 0 0
 166 26505.000 112287.000 0 0 4.710 28.176 132.737 11.521 0 1 4 200 0 0
 167 26487.000 112178.000 0 0 3.501 21.137 74.016 8.603 0 1 4 200 0 0
 168 26481.000 112141.000 0 0 2.909 17.615 51.248 7.158 0 1 4 200 0 0
 169 138711.000 163992.000 0 0 125.771 76.084 9569.287 97.822 0 1 5 210 0 0
 170 26426.000 112846.000 0 0 1.846 10.577 19.536 4.419 0 1 4 200 0 0
 171 26357.000 112437.000 0 0 135.338 801.366 108455.985 329.326 0 1 4 200 0 0
 172 26284.000 111983.000 0 0 2.297 14.130 32.460 5.697 0 1 4 200 0 0
 173 138851.000 164106.000 0 0 224.334 135.957 30499.965 174.642 0 1 5 210 0 0
 174 26202.000 112538.000 0 0 25.847 152.125 3932.011 62.705 0 1 4 200 0 0
 175 26187.000 112447.000 0 0 4.175 24.761 103.393 10.168 0 1 4 200 0 0
 176 26175.000 112374.000 0 0 19.067 113.757 2169.027 46.572 0 1 4 200 0 0
 177 26114.000 111998.000 0 0 100.083 616.295 61680.726 248.356 0 1 4 200 0 0
 178 139206.000 164088.000 0 0 27.649 16.914 467.669 21.625 0 1 5 210 0 0
 179 139094.000 164156.000 0 0 178.376 108.695 19388.768 139.243 0 1 5 210 0 0
 180 138955.000 164241.000 0 0 64.673 39.217 2536.311 50.361 0 1 5 210 0 0
 181 26001.000 112370.000 0 0 4.742 28.369 134.547 11.599 0 1 4 200 0 0
 182 25944.000 112011.000 0 0 104.604 644.941 67463.799 259.737 0 1 4 200 0 0
 183 25889.000 111667.000 0 0 5.471 34.755 190.174 13.790 0 1 4 200 0 0
 184 25864.000 111491.000 0 0 7.161 46.203 330.911 18.190 0 1 4 200 0 0
 185 139441.000 164142.000 0 0 18.450 11.345 209.332 14.468 0 1 5 210 0 0
 186 139261.000 164254.000 0 0 138.610 84.695 11739.668 108.349 0 1 5 210 0 0
 187 25791.000 112136.000 0 0 6.400 39.136 250.495 15.827 0 1 4 200 0 0
 188 25731.000 111744.000 0 0 114.289 722.741 82602.074 287.405 0 1 4 200 0 0
 189 25672.000 111365.000 0 0 3.267 21.371 69.840 8.357 0 1 4 200 0 0
 190 139726.000 164167.000 0 0 12.300 7.615 93.668 9.678 0 1 5 210 0 0
 191 139593.000 164250.000 0 0 230.994 142.347 32881.459 181.332 0 1 5 210 0 0
 192 25583.000 111904.000 0 0 2.282 14.265 32.553 5.705 0 1 4 200 0 0
 193 25571.000 111828.000 0 0 14.176 89.206 1264.652 35.561 0 1 4 200 0 0
 194 25552.000 111706.000 0 0 8.417 53.533 450.619 21.227 0 1 4 200 0 0
 195 25517.000 111487.000 0 0 56.170 364.184 20456.298 143.025 0 1 4 200 0 0
 196 140036.000 164174.000 0 0 9.226 5.755 53.104 7.287 0 1 5 210 0 0
 197 139759.000 164346.000 0 0 151.143 93.390 14115.338 118.807 0 1 5 210 0 0
 198 139665.000 164404.000 0 0 24.698 15.211 375.707 19.383 0 1 5 210 0 0
 199 25367.000 111616.000 0 0 4.453 28.612 127.427 11.288 0 1 4 200 0 0
 200 25342.000 111459.000 0 0 39.549 257.672 10190.836 100.949 0 1 4 200 0 0
 201 140205.000 164268.000 0 0 15.407 9.638 148.503 12.186 0 1 5 210 0 0
 202 139978.000 164411.000 0 0 330.380 205.059 67747.811 260.284 0 1 5 210 0 0
 203 25158.000 111384.000 0 0 3.273 21.519 70.440 8.392 0 1 4 200 0 0
 204 140482.000 164295.000 0 0 12.324 7.760 95.641 9.779 0 1 5 210 0 0
 205 140440.000 164322.000 0 0 33.914 21.322 723.161 26.891 0 1 5 210 0 0
 206 140403.000 164345.000 0 0 24.676 15.494 382.350 19.553 0 1 5 210 0 0
 207 140247.000 164442.000 0 0 281.111 175.567 49354.039 222.157 0 1 5 210 0 0
 208 140697.000 164360.000 0 0 21.597 13.657 294.960 17.174 0 1 5 210 0 0
 209 140491.000 164489.000 0 0 244.226 153.342 37450.293 193.520 0 1 5 210 0 0
 210 140339.000 164586.000 0 0 24.768 15.470 383.171 19.574 0 1 5 210 0 0
 211 140305.000 164607.000 0 0 30.969 19.320 598.323 24.460 0 1 5 210 0 0
 212 141180.000 164252.000 0 0 18.482 11.845 218.938 14.796 0 1 5 210 0 0
 213 140960.000 164393.000 0 0 15.436 9.819 151.584 12.311 0 1 5 210 0 0
 214 140857.000 164459.000 0 0 49.440 31.337 1549.340 39.361 0 1 5 210 0 0
 215 140664.000 164582.000 0 0 303.394 191.031 57957.917 240.744 0 1 5 210 0 0
 216 141282.000 164388.000 0 0 9.256 5.935 54.940 7.412 0 1 5 210 0 0
 217 140883.000 164643.000 0 0 371.856 235.182 87454.122 295.726 0 1 5 210 0 0
 218 141399.000 164515.000 0 0 21.649 13.892 300.771 17.342 0 1 5 210 0 0
 219 141197.000 164645.000 0 0 372.069 237.115 88223.465 297.024 0 1 5 210 0 0
 220 140971.000 164791.000 0 0 27.952 17.675 494.082 22.227 0 1 5 210 0 0
 221 140947.000 164806.000 0 0 15.536 9.816 152.507 12.349 0 1 5 210 0 0
 222 141442.000 164689.000 0 0 350.415 224.488 78664.049 280.471 0 1 5 210 0 0
 223 141223.000 164831.000 0 0 83.908 53.354 4476.883 66.909 0 1 5 210 0 0
 224 141135.000 164887.000 0 0 43.549 27.608 1202.317 34.674 0 1 5 210 0 0
 225 24097.000 111164.000 0 0 49.774 338.390 16843.187 129.781 0 1 3 200 0 0
 226 141801.000 164660.000 0 0 12.398 8.015 99.379 9.968 0 1 5 210 0 0
 227 141761.000 164686.000 0 0 15.503 10.008 155.173 12.456 0 1 5 210 0 0
 228 141584.000 164799.000 0 0 285.870 183.456 52444.844 229.008 0 1 5 210 0 0
 229 141425.000 164902.000 0 0 21.779 13.901 302.765 17.400 0 1 5 210 0 0
 230 23914.000 111089.000 0 0 80.270 550.746 44208.898 210.259 0 1 3 200 0 0
 231 23871.000 110784.000 0 0 1.550 10.944 16.969 4.119 0 1 3 200 0 0
 232 142243.000 164575.000 0 0 12.382 8.100 100.299 10.014 0 1 5 210 0 0
 233 141824.000 164848.000 0 0 413.443 266.652 110245.888 332.032 0 1 5 210 0 0
 234 141602.000 164990.000 0 0 25.853 16.549 427.865 20.684 0 1 5 210 0 0
 235 23738.000 111059.000 0 0 93.837 647.079 60720.579 246.415 0 1 3 200 0 0
 236 142318.000 164730.000 0 0 74.471 48.687 3625.792 60.214 0 1 5 210 0 0
 237 142191.000 164812.000 0 0 49.710 32.360 1608.690 40.108 0 1 5 210 0 0
 238 142067.000 164893.000 0 0 192.867 125.027 24113.820 155.286 0 1 5 210 0 0
 239 141946.000 164971.000 0 0 18.685 12.063 225.412 15.013 0 1 5 210 0 0
 240 141925.000 164985.000 0 0 18.689 12.057 225.345 15.011 0 1 5 210 0 0
 241 141852.000 165032.000 0 0 84.172 54.170 4559.653 67.525 0 1 5 210 0 0
 242 23565.000 111054.000 0 0 93.797 648.543 60831.408 246.640 0 1 3 200 0 0
 243 142528.000 164794.000 0 0 15.529 10.192 158.287 12.581 0 1 5 210 0 0
 244 142310.000 164936.000 0 0 357.979 233.246 83497.419 288.959 0 1 5 210 0 0
 245 142098.000 165075.000 0 0 62.390 40.361 2518.206 50.181 0 1 5 210 0 0
 246 23387.000 111008.000 0 0 74.411 517.846 38533.919 196.300 0 1 3 200 0 0
 247 142933.000 164729.000 0 0 15.513 10.289 159.637 12.634 0 1 5 210 0 0
 248 142775.000 164835.000 0 0 24.864 16.404 407.878 20.195 0 1 5 210 0 0
 249 142583.000 164961.000 0 0 282.948 185.477 52480.504 229.086 0 1 5 210 0 0
 250 142431.000 165060.000 0 0 21.832 14.239 310.879 17.631 0 1 5 210 0 0
 251 142377.000 165096.000 0 0 49.928 32.503 1622.839 40.284 0 1 5 210 0 0
 252 142334.000 165125.000 0 0 12.487 8.117 101.370 10.068 0 1 5 210 0 0
 253 142323.000 165132.000 0 0 9.367 6.087 57.024 7.551 0 1 5 210 0 0
 254 142283.000 165158.000 0 0 59.348 38.512 2285.628 47.808 0 1 5 210 0 0
 255 23252.000 111265.000 0 0 5.401 36.797 198.760 14.098 0 1 3 200 0 0
 256 23246.000 111228.000 0 0 4.304 29.425 126.668 11.254 0 1 3 200 0 0
 257 23198.000 110888.000 0 0 24.532 173.041 4245.099 65.154 0 1 3 200 0 0
 258 23185.000 110792.000 0 0 1.551 11.043 17.135 4.139 0 1 3 200 0 0
 259 143033.000 164867.000 0 0 12.438 8.251 102.635 10.130 0 1 5 210 0 0
 260 142954.000 164921.000 0 0 46.682 30.887 1441.908 37.972 0 1 5 210 0 0
 261 142718.000 165075.000 0 0 361.758 237.477 85909.463 293.103 0 1 5 210 0 0
 262 142487.000 165227.000 0 0 15.633 10.183 159.193 12.617 0 1 5 210 0 0
 263 143221.000 164946.000 0 0 34.247 22.791 780.566 27.938 0 1 5 210 0 0
 264 143177.000 164976.000 0 0 43.604 28.975 1263.480 35.545 0 1 5 210 0 0
 265 142966.000 165115.000 0 0 340.237 224.505 76385.042 276.378 0 1 5 210 0 0
 266 142756.000 165256.000 0 0 53.178 34.842 1852.882 43.045 0 1 5 210 0 0
 267 142703.000 165289.000 0 0 46.948 30.706 1441.617 37.968 0 1 5 210 0 0
 268 142668.000 165312.000 0 0 9.393 6.136 57.647 7.592 0 1 5 210 0 0
 269 143422.000 165017.000 0 0 46.751 31.223 1459.770 38.206 0 1 5 210 0 0
 270 143177.000 165179.000 0 0 399.764 264.820 105865.626 325.369 0 1 5 210 0 0
 271 142958.000 165325.000 0 0 34.447 22.652 780.344 27.934 0 1 5 210 0 0
 272 143638.000 165076.000 0 0 53.031 35.561 1885.871 43.426 0 1 5 210 0 0
 273 143439.000 165210.000 0 0 308.727 205.655 63491.572 251.975 0 1 5 210 0 0
 274 143235.000 165345.000 0 0 59.517 39.380 2343.812 48.412 0 1 5 210 0 0
 275 143158.000 165397.000 0 0 15.673 10.343 162.128 12.732 0 1 5 210 0 0
 276 143868.000 165127.000 0 0 12.488 8.411 105.046 10.249 0 1 5 210 0 0
 277 143839.000 165147.000 0 0 15.613 10.506 164.054 12.808 0 1 5 210 0 0
 278 143603.000 165304.000 0 0 425.351 284.001 120800.338 347.563 0 1 5 210 0 0
 279 143383.000 165451.000 0 0 9.413 6.239 58.738 7.664 0 1 5 210 0 0
 280 143324.000 165492.000 0 0 15.696 10.383 162.984 12.766 0 1 5 210 0 0
 281 144013.000 165232.000 0 0 56.284 37.976 2137.494 46.233 0 1 5 210 0 0
 282 143963.000 165268.000 0 0 25.030 16.859 422.004 20.542 0 1 5 210 0 0
 283 143781.000 165388.000 0 0 333.000 222.965 74247.684 272.484 0 1 5 210 0 0
 284 144062.000 165403.000 0 0 221.685 149.349 33108.636 181.957 0 1 5 210 0 0
 285 143922.000 165499.000 0 0 60.056 40.272 2418.620 49.179 0 1 5 210 0 0
 286 143862.000 165541.000 0 0 31.416 21.024 660.529 25.700 0 1 5 210 0 0
 287 144474.000 165331.000 0 0 9.396 6.396 60.105 7.752 0 1 5 210 0 0
 288 144430.000 165361.000 0 0 34.466 23.429 807.527 28.417 0 1 5 210 0 0
 289 144255.000 165480.000 0 0 166.361 112.438 18705.433 136.767 0 1 5 210 0 0
 290 144153.000 165548.000 0 0 25.137 16.932 425.654 20.631 0 1 5 210 0 0
 291 144079.000 165598.000 0 0 15.722 10.564 166.097 12.887 0 1 5 210 0 0
 292 144768.000 165337.000 0 0 15.659 10.729 168.018 12.962 0 1 5 210 0 0
 293 144568.000 165472.000 0 0 244.804 166.644 40795.185 201.978 0 1 5 210 0 0
 294 21644.000 110815.000 0 0 13.480 97.667 1316.601 36.284 0 1 2 200 0 0
 295 144974.000 165400.000 0 0 18.808 12.934 243.277 15.597 0 1 5 210 0 0
 296 144943.000 165421.000 0 0 18.814 12.925 243.188 15.594 0 1 5 210 0 0
 297 144907.000 165447.000 0 0 34.511 23.680 817.269 28.587 0 1 5 210 0 0
 298 144756.000 165550.000 0 0 241.956 165.204 39972.168 199.930 0 1 5 210 0 0
 299 144625.000 165640.000 0 0 22.027 14.975 329.861 18.162 0 1 5 210 0 0
 300 21467.000 110778.000 0 0 43.919 319.991 14053.924 118.549 0 1 2 200 0 0
 301 21444.000 110602.000 0 0 3.556 26.352 93.729 9.681 0 1 2 200 0 0
 302 145171.000 165469.000 0 0 21.969 15.158 333.032 18.249 0 1 5 210 0 0
 303 144974.000 165605.000 0 0 298.768 204.815 61192.434 247.371 0 1 5 210 0 0
 304 21299.000 110803.000 0 0 44.538 324.448 14450.353 120.209 0 1 2 200 0 0
 305 21274.000 110615.000 0 0 6.107 45.291 276.597 16.631 0 1 2 200 0 0
 306 21266.000 110558.000 0 0 2.023 15.092 30.546 5.526 0 1 2 200 0 0
 307 21257.000 110477.000 0 0 2.510 18.867 47.368 6.882 0 1 2 200 0 0
 308 145399.000 165518.000 0 0 12.563 8.705 109.365 10.457 0 1 5 210 0 0
 309 145346.000 165555.000 0 0 28.281 19.563 553.289 23.522 0 1 5 210 0 0
 310 145203.000 165652.000 0 0 245.479 169.019 41490.907 203.693 0 1 5 210 0 0
 311 145053.000 165757.000 0 0 25.217 17.278 435.710 20.873 0 1 5 210 0 0
 312 21088.000 110506.000 0 0 125.414 941.921 118130.655 343.701 0 1 2 200 0 0
 313 145624.000 165568.000 0 0 62.863 43.741 2749.758 52.438 0 1 5 210 0 0
 314 145448.000 165691.000 0 0 270.817 187.364 50741.502 225.258 0 1 5 210 0 0
 315 145281.000 165807.000 0 0 53.627 36.900 1978.860 44.484 0 1 5 210 0 0
 316 145233.000 165840.000 0 0 15.780 10.841 171.076 13.079 0 1 5 210 0 0
 317 145200.000 165862.000 0 0 18.941 12.999 246.227 15.691 0 1 5 210 0 0
 318 20952.000 110779.000 0 0 25.319 185.676 4701.169 68.565 0 1 2 200 0 0
 319 20937.000 110659.000 0 0 6.282 46.597 292.749 17.109 0 1 2 200 0 0
 320 20924.000 110561.000 0 0 3.036 22.737 69.048 8.309 0 1 2 200 0 0
 321 20883.000 110250.000 0 0 76.653 591.660 45352.788 212.961 0 1 2 200 0 0
 322 145880.000 165597.000 0 0 22.012 15.396 338.915 18.409 0 1 5 210 0 0
 323 145664.000 165747.000 0 0 327.968 227.789 74707.927 273.327 0 1 5 210 0 0
 324 145487.000 165870.000 0 0 22.104 15.264 337.411 18.368 0 1 5 210 0 0
 325 145460.000 165889.000 0 0 18.949 13.074 247.749 15.740 0 1 5 210 0 0
 326 20707.000 110202.000 0 0 59.681 463.820 27681.274 166.376 0 1 2 200 0 0
 327 20637.000 109632.000 0 0 6.464 53.264 344.340 18.556 0 1 2 200 0 0
 328 146040.000 165692.000 0 0 22.044 15.450 340.592 18.455 0 1 5 210 0 0
 329 145881.000 165803.000 0 0 289.559 201.897 58461.307 241.787 0 1 5 210 0 0
 330 145718.000 165918.000 0 0 25.554 17.723 452.919 21.281 0 1 5 210 0 0
 331 145690.000 165936.000 0 0 18.962 13.140 249.175 15.785 0 1 5 210 0 0
 332 20531.000 110173.000 0 0 51.698 403.816 20876.657 144.487 0 1 2 200 0 0
 333 20456.000 109540.000 0 0 44.359 369.874 16407.580 128.092 0 1 2 200 0 0
 334 146329.000 165695.000 0 0 15.745 11.103 174.834 13.222 0 1 5 210 0 0
 335 146281.000 165730.000 0 0 37.811 26.623 1006.664 31.727 0 1 5 210 0 0
 336 146064.000 165881.000 0 0 363.188 253.940 92228.215 303.690 0 1 5 210 0 0
 337 20350.000 110091.000 0 0 17.897 141.267 2528.381 50.283 0 1 2 200 0 0
 338 20276.000 109479.000 0 0 64.074 538.876 34528.018 185.817 0 1 2 200 0 0
 339 146329.000 165902.000 0 0 350.670 246.519 86447.014 294.018 0 1 5 210 0 0
 340 146136.000 166040.000 0 0 25.326 17.693 448.104 21.168 0 1 5 210 0 0
 341 20103.000 109463.000 0 0 61.695 520.876 32135.762 179.264 0 1 2 200 0 0
 342 146690.000 165857.000 0 0 9.472 6.715 63.607 7.975 0 1 5 210 0 0
 343 146673.000 165869.000 0 0 12.630 8.949 113.036 10.631 0 1 5 210 0 0
 344 146491.000 165998.000 0 0 280.943 197.904 55599.927 235.796 0 1 5 210 0 0
 345 146335.000 166107.000 0 0 25.352 17.769 450.490 21.224 0 1 5 210 0 0
 346 19927.000 109413.000 0 0 45.122 383.844 17320.178 131.606 0 1 2 200 0 0
 347 146930.000 165894.000 0 0 22.112 15.748 348.239 18.661 0 1 5 210 0 0
 348 146887.000 165924.000 0 0 25.281 17.981 454.599 21.321 0 1 5 210 0 0
 349 146707.000 166053.000 0 0 303.973 214.947 65338.278 255.613 0 1 5 210 0 0
 350 146519.000 166187.000 0 0 19.034 13.378 254.661 15.958 0 1 5 210 0 0
 351 19749.000 109352.000 0 0 8.069 69.244 558.771 23.638 0 1 2 200 0 0
 352 19741.000 109281.000 0 0 7.563 65.404 494.680 22.241 0 1 2 200 0 0
 353 147123.000 165965.000 0 0 15.809 11.294 178.559 13.362 0 1 5 210 0 0
 354 146980.000 166068.000 0 0 247.033 175.661 43394.367 208.313 0 1 5 210 0 0
 355 146782.000 166208.000 0 0 47.608 33.640 1601.557 40.019 0 1 5 210 0 0
 356 147386.000 165985.000 0 0 15.814 11.357 179.612 13.401 0 1 5 210 0 0
 357 147348.000 166013.000 0 0 15.821 11.348 179.542 13.399 0 1 5 210 0 0
 358 147195.000 166122.000 0 0 272.594 194.565 53037.367 230.298 0 1 5 210 0 0
 359 147028.000 166242.000 0 0 19.050 13.525 257.664 16.051 0 1 5 210 0 0
 360 146987.000 166271.000 0 0 12.707 9.009 114.491 10.700 0 1 5 210 0 0
 361 147531.000 166089.000 0 0 31.679 22.783 721.780 26.865 0 1 5 210 0 0
 362 147366.000 166208.000 0 0 260.254 186.189 48456.843 220.129 0 1 5 210 0 0
 363 147183.000 166339.000 0 0 25.440 18.094 460.351 21.455 0 1 5 210 0 0
 364 147820.000 166090.000 0 0 31.679 22.922 726.181 26.947 0 1 5 210 0 0
 365 147770.000 166126.000 0 0 31.697 22.898 725.819 26.941 0 1 5 210 0 0
 366 147586.000 166260.000 0 0 311.277 223.554 69587.509 263.794 0 1 5 210 0 0
 367 148003.000 166168.000 0 0 19.029 13.805 262.710 16.208 0 1 5 210 0 0
 368 147878.000 166258.000 0 0 219.160 158.363 34707.141 186.298 0 1 5 210 0 0
 369 147738.000 166360.000 0 0 28.629 20.595 589.628 24.282 0 1 5 210 0 0
 370 147684.000 166401.000 0 0 25.464 18.286 465.664 21.579 0 1 5 210 0 0
 371 147642.000 166430.000 0 0 12.737 9.135 116.364 10.787 0 1 5 210 0 0
 372 147614.000 166448.000 0 0 9.557 6.848 65.449 8.090 0 1 5 210 0 0
 373 148144.000 166276.000 0 0 19.060 13.845 263.910 16.245 0 1 5 210 0 0
 374 148012.000 166371.000 0 0 225.897 163.413 36914.819 192.132 0 1 5 210 0 0
 375 147885.000 166464.000 0 0 25.489 18.363 468.074 21.635 0 1 5 210 0 0
 376 148444.000 166267.000 0 0 25.413 18.578 472.136 21.728 0 1 5 210 0 0
 377 148241.000 166415.000 0 0 261.067 189.627 49505.489 222.498 0 1 5 210 0 0
 378 148072.000 166537.000 0 0 25.516 18.435 470.425 21.689 0 1 5 210 0 0
 379 148641.000 166333.000 0 0 22.259 16.322 363.347 19.061 0 1 5 210 0 0
 380 148492.000 166443.000 0 0 207.030 151.096 31281.564 176.865 0 1 5 210 0 0
 381 148377.000 166526.000 0 0 15.944 11.594 184.872 13.596 0 1 5 210 0 0
 382 148305.000 166579.000 0 0 22.342 16.210 362.169 19.030 0 1 5 210 0 0
 383 148682.000 166513.000 0 0 223.189 163.358 36459.942 190.944 0 1 5 210 0 0
 384 148906.000 166560.000 0 0 232.920 171.142 39862.460 199.655 0 1 5 210 0 0
 385 148744.000 166679.000 0 0 22.376 16.357 366.016 19.131 0 1 5 210 0 0
 386 148702.000 166710.000 0 0 15.988 11.672 186.628 13.661 0 1 5 210 0 0
 387 149112.000 166619.000 0 0 220.353 162.446 35795.632 189.197 0 1 5 210 0 0
 388 148945.000 166742.000 0 0 19.194 14.076 270.189 16.437 0 1 5 210 0 0
 389 149547.000 166506.000 0 0 15.939 11.875 189.284 13.758 0 1 5 210 0 0
 390 149495.000 166546.000 0 0 12.760 9.490 121.102 11.004 0 1 5 210 0 0
 391 149336.000 166666.000 0 0 204.531 151.363 30958.529 175.950 0 1 5 210 0 0
 392 149218.000 166752.000 0 0 19.197 14.154 271.738 16.484 0 1 5 210 0 0
 393 149730.000 166582.000 0 0 44.682 33.373 1491.207 38.616 0 1 5 210 0 0
 394 149551.000 166715.000 0 0 230.265 171.025 39381.225 198.447 0 1 5 210 0 0
 395 149779.000 166757.000 0 0 272.010 202.834 55173.202 234.889 0 1 5 210 0 0
 396 150107.000 166724.000 0 0 19.189 14.410 276.529 16.629 0 1 5 210 0 0
 397 149985.000 166815.000 0 0 204.988 153.354 31435.864 177.301 0 1 5 210 0 0
 398 149852.000 166914.000 0 0 41.699 31.066 1295.448 35.992 0 1 5 210 0 0
 399 149806.000 166949.000 0 0 38.512 28.650 1103.407 33.217 0 1 5 210 0 0
 400 150288.000 166800.000 0 0 12.808 9.642 123.510 11.113 0 1 5 210 0 0
 401 150144.000 166907.000 0 0 263.002 197.106 51839.660 227.683 0 1 5 210 0 0
 402 150402.000 166927.000 0 0 272.705 205.372 56006.263 236.656 0 1 5 210 0 0
 403 150627.000 166969.000 0 0 199.039 150.467 29948.969 173.057 0 1 5 210 0 0
 404 150503.000 167064.000 0 0 32.146 24.208 778.223 27.896 0 1 5 210 0 0
 405 150940.000 166945.000 0 0 16.044 12.208 195.892 13.996 0 1 5 210 0 0
 406 150815.000 167040.000 0 0 228.311 173.056 39510.802 198.773 0 1 5 210 0 0
 407 151178.000 166978.000 0 0 22.476 17.174 386.009 19.647 0 1 5 210 0 0
 408 151010.000 167104.000 0 0 221.958 168.724 37449.892 193.519 0 1 5 210 0 0
 409 151357.000 167054.000 0 0 12.857 9.847 126.616 11.252 0 1 5 210 0 0
 410 151214.000 167164.000 0 0 241.477 184.129 44463.067 210.862 0 1 5 210 0 0
 411 151537.000 167130.000 0 0 25.744 19.764 508.819 22.557 0 1 5 210 0 0
 412 151438.000 167207.000 0 0 135.310 103.561 14013.021 118.376 0 1 5 210 0 0
 413 151673.000 167240.000 0 0 96.697 74.310 7185.573 84.767 0 1 5 210 0 0
 414 151612.000 167287.000 0 0 12.902 9.896 127.687 11.299 0 1 5 210 0 0
 415 151527.000 167353.000 0 0 22.602 17.291 390.818 19.769 0 1 5 210 0 0
 416 151487.000 167382.000 0 0 9.691 7.405 71.767 8.471 0 1 5 210 0 0
 417 151955.000 167237.000 0 0 9.670 7.472 72.263 8.500 0 1 5 210 0 0
 418 151862.000 167309.000 0 0 138.744 106.904 14832.444 121.788 0 1 5 210 0 0
 419 151743.000 167400.000 0 0 22.618 17.363 392.732 19.817 0 1 5 210 0 0
 420 152090.000 167347.000 0 0 174.334 134.839 23507.263 153.320 0 1 5 210 0 0
 421 152299.000 167400.000 0 0 145.392 112.817 16402.715 128.073 0 1 5 210 0 0
 422 152217.000 167464.000 0 0 12.936 10.012 129.525 11.380 0 1 5 210 0 0
 423 152494.000 167464.000 0 0 139.065 108.206 15047.900 122.669 0 1 5 210 0 0
 424 152407.000 167532.000 0 0 22.662 17.586 398.550 19.963 0 1 5 210 0 0
 425 152680.000 167534.000 0 0 148.917 116.164 17298.938 131.525 0 1 5 210 0 0
 426 152915.000 167566.000 0 0 116.601 91.317 10647.790 103.188 0 1 5 210 0 0
 427 153099.000 167637.000 0 0 74.575 58.545 4366.070 66.076 0 1 5 210 0 0
 428 155247.000 168093.000 0 0 29.376 23.834 700.188 26.461 0 1 5 210 0 0
 429 155395.000 168192.000 0 0 104.605 84.975 8888.986 94.281 0 1 5 210 0 0
 430 155597.000 168246.000 0 0 98.144 79.954 7847.066 88.583 0 1 5 210 0 0
 431 155536.000 168298.000 0 0 13.096 10.648 139.460 11.809 0 1 5 210 0 0
 432 155742.000 168347.000 0 0 16.380 13.359 218.843 14.793 0 1 5 210 0 0
 433 156650.000 168480.000 0 0 45.956 38.017 1747.171 41.799 0 1 5 210 0 0
 434 156819.000 168560.000 0 0 141.323 117.123 16552.312 128.655 0 1 5 210 0 0
 435 157028.000 168607.000 0 0 164.441 136.687 22477.009 149.923 0 1 5 210 0 0
 436 157221.000 168666.000 0 0 171.167 142.638 24415.146 156.253 0 1 5 210 0 0
 437 157420.000 168723.000 0 0 158.131 132.123 20892.977 144.544 0 1 5 210 0 0
 438 157593.000 168800.000 0 0 102.242 85.587 8750.696 93.545 0 1 5 210 0 0;
ProcessEquipmentIDList 1
  "6514" ;
SummarySpec 5
  TESTNO    NDEFECT    DEFDENSITY    NDIE    NDEFDIE  ;
SummaryList 
  1    438    1.537    1    1  ;
EndOfFile;
