FileVersion 1 2;
FileTimestamp 02-11-26 00:51:42;
InspectionStationID "KLA-Tencor" "SFSSP1" "0901-0728-TBI";
SampleType WAFER;
ResultTimestamp 02-11-26 00:43:06;
LotID "2850";
SampleSize 1 200;
DeviceID "None";
SetupID "T2-2850A" 02-11-26 00:43:06;
StepID "6948";
SampleOrientationMarkType NOTCH;
OrientationMarkLocation DOWN;
DiePitch 200000 200000;
DieOrigin 0 0;
WaferID "06";
Slot 6;
SampleCenterLocation 100000 100000;
ClassLookup 1
  0 "0"  ;
OrientationInstructions "Front";
CoordinatesMirrored No;
InspectionTest 1;
SampleTestPlan 1
  0 0 ;
AreaPerTest 2.85008e+010;
ClusterClassificationList 3
  2 200 
  1 210 
  3 210 ;
DefectRecordSpec 15 DEFECTID XREL YREL XINDEX YINDEX XSIZE YSIZE DEFECTAREA DSIZE CLASSNUMBER TEST CLUSTERNUMBER ROUGHBINNUMBER FINEBINNUMBER REVIEWSAMPLE ;
DefectList
 1 118350.000 61668.000 0 0 0.000 0.000 0.000 0.136 0 1 0 0 0 0
 2 151062.000 88538.000 0 0 0.000 0.000 0.000 0.201 0 1 0 0 0 0
 3 148147.000 123124.000 0 0 0.000 0.000 0.000 0.280 0 1 0 0 0 0
 4 48493.000 144917.000 0 0 0.000 0.000 0.000 0.143 0 1 0 0 0 0
 5 169955.000 91903.000 0 0 0.000 0.000 0.000 0.166 0 1 0 0 0 0
 6 132702.000 33500.000 0 0 44.000 56.000 2464.000 49.638 0 1 2 200 0 0
 7 132976.000 33460.000 0 0 44.000 56.000 2464.000 49.638 0 1 2 200 0 0
 8 132841.000 31704.000 0 0 0.000 0.000 0.000 0.122 0 1 0 0 0 0
 9 120645.000 26844.000 0 0 0.000 0.000 0.000 0.127 0 1 0 0 0 0
 10 133197.000 27626.000 0 0 0.000 0.000 0.000 0.123 0 1 0 0 0 0
 11 131137.000 24060.000 0 0 0.000 0.000 0.000 0.126 0 1 0 0 0 0
 12 130071.000 21217.000 0 0 40.000 56.000 2240.000 47.328 0 1 1 210 0 0
 13 129857.000 20773.000 0 0 40.000 56.000 2240.000 47.328 0 1 1 210 0 0
 14 129840.000 20539.000 0 0 40.000 56.000 2240.000 47.328 0 1 1 210 0 0
 15 129820.000 20397.000 0 0 40.000 56.000 2240.000 47.328 0 1 1 210 0 0
 16 127286.000 18998.000 0 0 0.000 0.000 0.000 200000.000 0 1 0 200 0 0
 17 127144.000 18592.000 0 0 0.000 0.000 0.000 200000.000 0 1 0 200 0 0
 18 127094.000 18574.000 0 0 0.000 0.000 0.000 200000.000 0 1 0 200 0 0
 19 129070.000 18556.000 0 0 0.000 0.000 0.000 0.125 0 1 0 0 0 0
 20 123482.000 16347.000 0 0 0.000 0.000 0.000 0.127 0 1 0 0 0 0
 21 185325.000 127953.000 0 0 0.000 0.000 0.000 0.264 0 1 0 0 0 0
 22 142464.000 16488.000 0 0 0.000 0.000 0.000 0.120 0 1 0 0 0 0
 23 193734.000 110307.000 0 0 0.000 0.000 0.000 0.122 0 1 0 0 0 0
 24 193833.000 111508.000 0 0 0.000 0.000 0.000 0.127 0 1 0 0 0 0
 25 193956.000 111280.000 0 0 0.000 0.000 0.000 0.123 0 1 0 0 0 0
 26 128347.000 9510.000 0 0 0.000 0.000 0.000 0.131 0 1 0 0 0 0
 27 195060.000 109917.000 0 0 0.000 0.000 0.000 0.126 0 1 0 0 0 0
 28 195581.000 109530.000 0 0 0.000 0.000 0.000 0.122 0 1 0 0 0 0
 29 196213.000 107017.000 0 0 0.000 0.000 0.000 0.120 0 1 0 0 0 0
 30 187650.000 59760.000 0 0 56.000 42.000 2352.000 48.497 0 1 3 210 0 0
 31 132719.000 33996.000 0 0 37.956 18.815 714.193 26.724 0 1 2 200 0 0
 32 132807.000 33851.000 0 0 164.904 81.785 13486.682 116.132 0 1 2 200 0 0
 33 132875.000 33694.000 0 0 174.812 86.673 15151.608 123.091 0 1 2 200 0 0
 34 132916.000 33526.000 0 0 95.599 47.338 4525.560 67.272 0 1 2 200 0 0
 35 132987.000 33560.000 0 0 25.471 12.646 322.134 17.948 0 1 2 200 0 0
 36 129721.000 21766.000 0 0 26.262 9.977 262.035 16.187 0 1 1 210 0 0
 37 129758.000 21597.000 0 0 142.813 54.205 7741.234 87.984 0 1 1 210 0 0
 38 129788.000 21427.000 0 0 188.345 71.405 13449.008 115.969 0 1 1 210 0 0
 39 129812.000 21255.000 0 0 207.606 78.599 16317.736 127.740 0 1 1 210 0 0
 40 129811.000 21073.000 0 0 223.216 84.310 18819.539 137.184 0 1 1 210 0 0
 41 129797.000 20886.000 0 0 204.808 77.137 15798.345 125.691 0 1 1 210 0 0
 42 129786.000 20700.000 0 0 201.469 75.675 15246.231 123.475 0 1 1 210 0 0
 43 129762.000 20510.000 0 0 201.953 75.615 15270.715 123.574 0 1 1 210 0 0
 44 129730.000 20316.000 0 0 248.307 92.642 23003.894 151.670 0 1 1 210 0 0
 45 129722.000 20132.000 0 0 252.690 94.035 23761.930 154.149 0 1 1 210 0 0
 46 129706.000 19945.000 0 0 264.807 98.262 26020.686 161.309 0 1 1 210 0 0
 47 129725.000 19770.000 0 0 276.902 102.592 28408.132 168.547 0 1 1 210 0 0
 48 129720.000 19587.000 0 0 196.590 72.658 14283.945 119.515 0 1 1 210 0 0
 49 129743.000 19413.000 0 0 85.000 31.372 2666.667 51.639 0 1 1 210 0 0
 50 179569.000 62672.000 0 0 8.953 19.084 170.867 13.071 0 1 3 210 0 0
 51 179725.000 62602.000 0 0 14.337 30.564 438.231 20.933 0 1 3 210 0 0
 52 179883.000 62541.000 0 0 17.951 38.281 687.210 26.214 0 1 3 210 0 0
 53 180044.000 62485.000 0 0 19.785 42.214 835.210 28.899 0 1 3 210 0 0
 54 180204.000 62425.000 0 0 19.816 42.298 838.211 28.951 0 1 3 210 0 0
 55 180364.000 62364.000 0 0 19.848 42.382 841.250 29.004 0 1 3 210 0 0
 56 180523.000 62303.000 0 0 19.881 42.466 844.282 29.056 0 1 3 210 0 0
 57 180684.000 62246.000 0 0 19.911 42.551 847.249 29.107 0 1 3 210 0 0
 58 180842.000 62183.000 0 0 18.122 38.741 702.114 26.497 0 1 3 210 0 0
 59 181002.000 62124.000 0 0 19.975 42.719 853.341 29.211 0 1 3 210 0 0
 60 181163.000 62067.000 0 0 20.005 42.804 856.323 29.262 0 1 3 210 0 0
 61 181322.000 62005.000 0 0 18.208 38.971 709.602 26.638 0 1 3 210 0 0
 62 181482.000 61947.000 0 0 20.068 42.972 862.391 29.366 0 1 3 210 0 0
 63 181643.000 61889.000 0 0 20.099 43.057 865.423 29.418 0 1 3 210 0 0
 64 181805.000 61833.000 0 0 20.128 43.142 868.404 29.468 0 1 3 210 0 0
 65 181963.000 61771.000 0 0 21.984 47.134 1036.228 32.190 0 1 3 210 0 0
 66 182124.000 61712.000 0 0 20.192 43.310 874.555 29.572 0 1 3 210 0 0
 67 182284.000 61654.000 0 0 22.052 47.318 1043.476 32.302 0 1 3 210 0 0
 68 182444.000 61595.000 0 0 23.935 51.381 1229.826 35.068 0 1 3 210 0 0
 69 182603.000 61536.000 0 0 23.972 51.480 1234.110 35.129 0 1 3 210 0 0
 70 182765.000 61479.000 0 0 24.007 51.581 1238.343 35.190 0 1 3 210 0 0
 71 182923.000 61418.000 0 0 25.885 55.634 1440.126 37.948 0 1 3 210 0 0
 72 183085.000 61361.000 0 0 25.923 55.743 1445.049 38.013 0 1 3 210 0 0
 73 183247.000 61304.000 0 0 25.961 55.851 1450.002 38.078 0 1 3 210 0 0
 74 183407.000 61247.000 0 0 27.866 59.975 1671.330 40.881 0 1 3 210 0 0
 75 183568.000 61190.000 0 0 26.038 56.066 1459.898 38.208 0 1 3 210 0 0
 76 183728.000 61129.000 0 0 26.079 56.174 1464.996 38.275 0 1 3 210 0 0
 77 183890.000 61076.000 0 0 24.258 52.282 1268.317 35.613 0 1 3 210 0 0
 78 184049.000 61016.000 0 0 24.296 52.382 1272.692 35.674 0 1 3 210 0 0
 79 184210.000 60958.000 0 0 26.194 56.497 1479.901 38.469 0 1 3 210 0 0
 80 184370.000 60898.000 0 0 26.234 56.604 1484.978 38.535 0 1 3 210 0 0
 81 184533.000 60843.000 0 0 26.271 56.714 1489.948 38.599 0 1 3 210 0 0
 82 184693.000 60787.000 0 0 26.308 56.821 1494.899 38.663 0 1 3 210 0 0
 83 184855.000 60732.000 0 0 26.345 56.930 1499.854 38.727 0 1 3 210 0 0
 84 185015.000 60674.000 0 0 28.278 61.132 1728.725 41.577 0 1 3 210 0 0
 85 185177.000 60618.000 0 0 28.318 61.248 1734.464 41.646 0 1 3 210 0 0
 86 185337.000 60560.000 0 0 28.360 61.363 1740.323 41.717 0 1 3 210 0 0
 87 185497.000 60501.000 0 0 26.500 57.361 1520.096 38.988 0 1 3 210 0 0
 88 185661.000 60447.000 0 0 26.536 57.470 1525.087 39.052 0 1 3 210 0 0
 89 185822.000 60392.000 0 0 26.574 57.579 1530.115 39.116 0 1 3 210 0 0
 90 185983.000 60337.000 0 0 26.610 57.687 1535.104 39.180 0 1 3 210 0 0
 91 186144.000 60280.000 0 0 28.561 61.943 1769.242 42.062 0 1 3 210 0 0
 92 186305.000 60220.000 0 0 28.605 62.059 1775.224 42.133 0 1 3 210 0 0
 93 186468.000 60168.000 0 0 26.724 58.012 1550.342 39.374 0 1 3 210 0 0
 94 186626.000 60104.000 0 0 22.942 49.815 1142.917 33.807 0 1 3 210 0 0
 95 186787.000 60048.000 0 0 24.899 54.088 1346.778 36.698 0 1 3 210 0 0
 96 186953.000 60002.000 0 0 21.094 45.857 967.353 31.102 0 1 3 210 0 0
 97 187115.000 59947.000 0 0 24.962 54.292 1355.277 36.814 0 1 3 210 0 0
 98 187277.000 59892.000 0 0 24.996 54.393 1359.656 36.873 0 1 3 210 0 0
 99 187437.000 59831.000 0 0 26.950 58.662 1580.964 39.761 0 1 3 210 0 0
 100 187598.000 59776.000 0 0 26.986 58.770 1586.033 39.825 0 1 3 210 0 0
 101 187759.000 59719.000 0 0 28.965 63.104 1827.836 42.753 0 1 3 210 0 0
 102 187922.000 59665.000 0 0 29.003 63.222 1833.697 42.821 0 1 3 210 0 0
 103 188083.000 59611.000 0 0 29.042 63.338 1839.518 42.889 0 1 3 210 0 0;
ProcessEquipmentIDList 1
  "6514" ;
SummarySpec 5
  TESTNO    NDEFECT    DEFDENSITY    NDIE    NDEFDIE  ;
SummaryList 
  1    103    0.3614    1    1  ;
EndOfFile;
