FileVersion 1 2;
FileTimestamp 02-11-26 02:24:10;
InspectionStationID "KLA-Tencor" "SFSSP1" "0901-0728-TBI";
SampleType WAFER;
ResultTimestamp 02-11-26 02:15:12;
LotID "2850";
SampleSize 1 200;
DeviceID "None";
SetupID "T2-2850A" 02-11-26 02:15:12;
StepID "6948";
SampleOrientationMarkType NOTCH;
OrientationMarkLocation DOWN;
DiePitch 200000 200000;
DieOrigin 0 0;
WaferID "15";
Slot 15;
SampleCenterLocation 100000 100000;
ClassLookup 1
  0 "0"  ;
OrientationInstructions "Front";
CoordinatesMirrored No;
InspectionTest 1;
SampleTestPlan 1
  0 0 ;
AreaPerTest 2.85007e+010;
ClusterClassificationList 2
  2 200 
  1 200 ;
DefectRecordSpec 15 DEFECTID XREL YREL XINDEX YINDEX XSIZE YSIZE DEFECTAREA DSIZE CLASSNUMBER TEST CLUSTERNUMBER ROUGHBINNUMBER FINEBINNUMBER REVIEWSAMPLE ;
DefectList
 1 107120.000 83538.000 0 0 0.000 0.000 0.000 0.131 0 1 0 0 0 0
 2 107474.000 119583.000 0 0 40.000 56.000 2240.000 47.328 0 1 2 200 0 0
 3 105090.000 120345.000 0 0 36.000 54.000 1944.000 44.090 0 1 2 200 0 0
 4 103364.000 120775.000 0 0 30.000 52.000 1560.000 39.496 0 1 2 200 0 0
 5 105959.000 120328.000 0 0 38.000 54.000 2052.000 45.299 0 1 2 200 0 0
 6 105580.000 120531.000 0 0 36.000 56.000 2016.000 44.899 0 1 2 200 0 0
 7 105340.000 120564.000 0 0 36.000 56.000 2016.000 44.899 0 1 2 200 0 0
 8 104231.000 120850.000 0 0 32.000 54.000 1728.000 41.569 0 1 2 200 0 0
 9 104120.000 120651.000 0 0 32.000 54.000 1728.000 41.569 0 1 2 200 0 0
 10 103364.000 120777.000 0 0 30.000 52.000 1560.000 39.496 0 1 2 200 0 0
 11 103220.000 120989.000 0 0 30.000 52.000 1560.000 39.496 0 1 2 200 0 0
 12 102851.000 121022.000 0 0 30.000 52.000 1560.000 39.496 0 1 2 200 0 0
 13 102740.000 121093.000 0 0 30.000 52.000 1560.000 39.496 0 1 2 200 0 0
 14 106397.000 120279.000 0 0 38.000 54.000 2052.000 45.299 0 1 2 200 0 0
 15 104777.000 120881.000 0 0 34.000 54.000 1836.000 42.848 0 1 2 200 0 0
 16 103978.000 120936.000 0 0 32.000 54.000 1728.000 41.569 0 1 2 200 0 0
 17 104777.000 120882.000 0 0 34.000 54.000 1836.000 42.848 0 1 2 200 0 0
 18 103479.000 120997.000 0 0 32.000 52.000 1664.000 40.792 0 1 2 200 0 0
 19 101861.000 121259.000 0 0 28.000 52.000 1456.000 38.157 0 1 2 200 0 0
 20 103600.000 121382.000 0 0 32.000 52.000 1664.000 40.792 0 1 2 200 0 0
 21 102487.000 121154.000 0 0 28.000 52.000 1456.000 38.157 0 1 2 200 0 0
 22 101758.000 121290.000 0 0 28.000 50.000 1400.000 37.416 0 1 2 200 0 0
 23 100687.000 121415.000 0 0 24.000 50.000 1200.000 34.641 0 1 2 200 0 0
 24 107175.000 120311.000 0 0 40.000 54.000 2160.000 46.475 0 1 2 200 0 0
 25 105157.000 120873.000 0 0 34.000 54.000 1836.000 42.848 0 1 2 200 0 0
 26 104338.000 121092.000 0 0 34.000 54.000 1836.000 42.848 0 1 2 200 0 0
 27 100756.000 121525.000 0 0 24.000 50.000 1200.000 34.641 0 1 2 200 0 0
 28 102202.000 121407.000 0 0 28.000 52.000 1456.000 38.157 0 1 2 200 0 0
 29 100303.000 121570.000 0 0 24.000 50.000 1200.000 34.641 0 1 2 200 0 0
 30 108862.000 119736.000 0 0 0.000 0.000 0.000 0.175 0 1 0 0 0 0
 31 108105.000 120125.000 0 0 42.000 56.000 2352.000 48.497 0 1 2 200 0 0
 32 105766.000 120869.000 0 0 36.000 56.000 2016.000 44.899 0 1 2 200 0 0
 33 104283.000 121169.000 0 0 32.000 54.000 1728.000 41.569 0 1 2 200 0 0
 34 99911.000 121705.000 0 0 24.000 51.000 1224.000 34.985 0 1 2 200 0 0
 35 104027.000 121377.000 0 0 32.000 54.000 1728.000 41.569 0 1 2 200 0 0
 36 103109.000 121493.000 0 0 30.000 52.000 1560.000 39.496 0 1 2 200 0 0
 37 102028.000 121545.000 0 0 28.000 52.000 1456.000 38.157 0 1 2 200 0 0
 38 100007.000 121624.000 0 0 23.000 51.000 1173.000 34.249 0 1 2 200 0 0
 39 99909.000 121706.000 0 0 24.000 50.000 1200.000 34.641 0 1 2 200 0 0
 40 99421.000 121659.000 0 0 24.000 50.000 1200.000 34.641 0 1 2 200 0 0
 41 110523.000 119237.000 0 0 44.000 54.000 2376.000 48.744 0 1 1 200 0 0
 42 107546.000 120432.000 0 0 40.000 56.000 2240.000 47.328 0 1 2 200 0 0
 43 107288.000 120708.000 0 0 40.000 54.000 2160.000 46.475 0 1 2 200 0 0
 44 104326.000 120663.000 0 0 34.000 54.000 1836.000 42.848 0 1 2 200 0 0
 45 104218.000 121264.000 0 0 32.000 54.000 1728.000 41.569 0 1 2 200 0 0
 46 98730.000 121720.000 0 0 26.000 50.000 1300.000 36.055 0 1 2 200 0 0
 47 109966.000 119771.000 0 0 44.000 56.000 2464.000 49.638 0 1 1 200 0 0
 48 109930.000 119838.000 0 0 44.000 56.000 2464.000 49.638 0 1 1 200 0 0
 49 108896.000 120094.000 0 0 0.000 0.000 0.000 0.200 0 1 0 0 0 0
 50 105782.000 121293.000 0 0 36.000 56.000 2016.000 44.899 0 1 2 200 0 0
 51 108015.000 120650.000 0 0 42.000 56.000 2352.000 48.497 0 1 2 200 0 0
 52 104903.000 121341.000 0 0 34.000 54.000 1836.000 42.848 0 1 2 200 0 0
 53 104819.000 121509.000 0 0 34.000 54.000 1836.000 42.848 0 1 2 200 0 0
 54 104719.000 121608.000 0 0 34.000 54.000 1836.000 42.848 0 1 2 200 0 0
 55 103392.000 121669.000 0 0 30.000 52.000 1560.000 39.496 0 1 2 200 0 0
 56 110750.000 119321.000 0 0 46.000 54.000 2484.000 49.839 0 1 1 200 0 0
 57 104512.000 121705.000 0 0 34.000 54.000 1836.000 42.848 0 1 2 200 0 0
 58 106142.000 121403.000 0 0 36.000 56.000 2016.000 44.899 0 1 2 200 0 0
 59 105314.000 121482.000 0 0 36.000 54.000 1944.000 44.090 0 1 2 200 0 0
 60 110328.000 119921.000 0 0 44.000 56.000 2464.000 49.638 0 1 1 200 0 0
 61 109988.000 119980.000 0 0 44.000 56.000 2464.000 49.638 0 1 1 200 0 0
 62 106545.000 121346.000 0 0 38.000 54.000 2052.000 45.299 0 1 2 200 0 0
 63 105196.000 121838.000 0 0 34.000 54.000 1836.000 42.848 0 1 2 200 0 0
 64 104381.000 121906.000 0 0 32.000 54.000 1728.000 41.569 0 1 2 200 0 0
 65 102677.000 121986.000 0 0 30.000 52.000 1560.000 39.496 0 1 2 200 0 0
 66 102884.000 122248.000 0 0 30.000 52.000 1560.000 39.496 0 1 2 200 0 0
 67 104116.000 120865.000 0 0 32.000 54.000 1728.000 41.569 0 1 2 200 0 0
 68 121629.000 106194.000 0 0 0.000 0.000 0.000 0.135 0 1 0 0 0 0
 69 111304.000 119513.000 0 0 46.000 56.000 2576.000 50.754 0 1 1 200 0 0
 70 106995.000 121513.000 0 0 38.000 54.000 2052.000 45.299 0 1 2 200 0 0
 71 105377.000 121936.000 0 0 34.000 54.000 1836.000 42.848 0 1 2 200 0 0
 72 103624.000 122215.000 0 0 32.000 52.000 1664.000 40.792 0 1 2 200 0 0
 73 103534.000 122286.000 0 0 30.000 52.000 1560.000 39.496 0 1 2 200 0 0
 74 110014.000 120370.000 0 0 44.000 56.000 2464.000 49.638 0 1 1 200 0 0
 75 111681.000 119803.000 0 0 46.000 56.000 2576.000 50.754 0 1 1 200 0 0
 76 110773.000 120263.000 0 0 44.000 56.000 2464.000 49.638 0 1 1 200 0 0
 77 111011.000 120083.000 0 0 46.000 54.000 2484.000 49.839 0 1 1 200 0 0
 78 110773.000 120263.000 0 0 44.000 56.000 2464.000 49.638 0 1 1 200 0 0
 79 108392.000 121276.000 0 0 42.000 56.000 2352.000 48.497 0 1 2 200 0 0
 80 108176.000 121347.000 0 0 40.000 56.000 2240.000 47.328 0 1 2 200 0 0
 81 108134.000 121511.000 0 0 40.000 56.000 2240.000 47.328 0 1 2 200 0 0
 82 112004.000 119689.000 0 0 48.000 56.000 2688.000 51.845 0 1 1 200 0 0
 83 111905.000 119820.000 0 0 46.000 56.000 2576.000 50.754 0 1 1 200 0 0
 84 110932.000 120334.000 0 0 44.000 56.000 2464.000 49.638 0 1 1 200 0 0
 85 103158.000 77457.000 0 0 0.000 0.000 0.000 0.161 0 1 0 0 0 0
 86 111250.000 120279.000 0 0 46.000 54.000 2484.000 49.839 0 1 1 200 0 0
 87 109159.000 121327.000 0 0 42.000 54.000 2268.000 47.623 0 1 2 200 0 0
 88 111784.000 120283.000 0 0 46.000 56.000 2576.000 50.754 0 1 1 200 0 0
 89 109737.000 121328.000 0 0 42.000 54.000 2268.000 47.623 0 1 2 200 0 0
 90 109656.000 121381.000 0 0 42.000 54.000 2268.000 47.623 0 1 2 200 0 0
 91 112085.000 120331.000 0 0 46.000 56.000 2576.000 50.754 0 1 1 200 0 0
 92 113147.000 119808.000 0 0 0.000 0.000 0.000 0.136 0 1 0 0 0 0
 93 111815.000 120519.000 0 0 46.000 54.000 2484.000 49.839 0 1 1 200 0 0
 94 102581.000 76585.000 0 0 0.000 0.000 0.000 0.223 0 1 0 0 0 0
 95 80926.000 117117.000 0 0 0.000 0.000 0.000 0.124 0 1 0 0 0 0
 96 77310.000 113028.000 0 0 0.000 0.000 0.000 0.124 0 1 0 0 0 0
 97 123604.000 84657.000 0 0 0.000 0.000 0.000 0.153 0 1 0 0 0 0
 98 113443.000 126647.000 0 0 0.000 0.000 0.000 0.164 0 1 0 0 0 0
 99 115316.000 126131.000 0 0 0.000 0.000 0.000 0.441 0 1 0 0 0 0
 100 115720.000 132542.000 0 0 0.000 0.000 0.000 0.168 0 1 0 0 0 0
 101 116845.000 132862.000 0 0 0.000 0.000 0.000 0.137 0 1 0 0 0 0
 102 116737.000 132875.000 0 0 0.000 0.000 0.000 0.126 0 1 0 0 0 0
 103 151372.000 133014.000 0 0 0.000 0.000 0.000 0.122 0 1 0 0 0 0
 104 81124.000 37468.000 0 0 0.000 0.000 0.000 0.233 0 1 0 0 0 0
 105 63270.000 164134.000 0 0 0.000 0.000 0.000 0.435 0 1 0 0 0 0
 106 62688.000 175797.000 0 0 0.000 0.000 0.000 0.169 0 1 0 0 0 0
 107 9807.000 73436.000 0 0 0.000 0.000 0.000 0.136 0 1 0 0 0 0
 108 16938.000 145559.000 0 0 0.000 0.000 0.000 200000.000 0 1 0 200 0 0
 109 9107.000 73234.000 0 0 0.000 0.000 0.000 200000.000 0 1 0 200 0 0
 110 34832.000 31400.000 0 0 0.000 0.000 0.000 0.245 0 1 0 0 0 0
 111 165785.000 168874.000 0 0 0.000 0.000 0.000 200000.000 0 1 0 200 0 0;
ProcessEquipmentIDList 1
  "6514" ;
SummarySpec 5
  TESTNO    NDEFECT    DEFDENSITY    NDIE    NDEFDIE  ;
SummaryList 
  1    111    0.3895    1    1  ;
EndOfFile;
