FileVersion 1 2;
FileTimestamp 02-11-26 01:59:52;
InspectionStationID "KLA-Tencor" "SFSSP1" "0901-0728-TBI";
SampleType WAFER;
ResultTimestamp 02-11-26 01:48:55;
LotID "2850";
SampleSize 1 200;
DeviceID "None";
SetupID "T2-2850A" 02-11-26 01:48:55;
StepID "6948";
SampleOrientationMarkType NOTCH;
OrientationMarkLocation DOWN;
DiePitch 200000 200000;
DieOrigin 0 0;
WaferID "16";
Slot 16;
SampleCenterLocation 100000 100000;
ClassLookup 1
  0 "0"  ;
OrientationInstructions "Front";
CoordinatesMirrored No;
InspectionTest 1;
SampleTestPlan 1
  0 0 ;
AreaPerTest 2.85004e+010;
ClusterClassificationList 1
  1 210 ;
DefectRecordSpec 15 DEFECTID XREL YREL XINDEX YINDEX XSIZE YSIZE DEFECTAREA DSIZE CLASSNUMBER TEST CLUSTERNUMBER ROUGHBINNUMBER FINEBINNUMBER REVIEWSAMPLE ;
DefectList
 1 98698.000 73010.000 0 0 0.000 0.000 0.000 0.363 0 1 0 0 0 0
 2 108171.000 128524.000 0 0 0.000 0.000 0.000 0.128 0 1 0 0 0 0
 3 128900.000 51773.000 0 0 0.000 0.000 0.000 0.169 0 1 0 0 0 0
 4 116938.000 155874.000 0 0 0.000 0.000 0.000 0.222 0 1 0 0 0 0
 5 55352.000 142092.000 0 0 0.000 0.000 0.000 0.210 0 1 0 0 0 0
 6 157351.000 126889.000 0 0 0.000 0.000 0.000 0.149 0 1 0 0 0 0
 7 160080.000 127822.000 0 0 0.000 0.000 0.000 0.142 0 1 0 0 0 0
 8 66682.000 41625.000 0 0 0.000 0.000 0.000 0.122 0 1 0 0 0 0
 9 143233.000 159904.000 0 0 0.000 0.000 0.000 0.327 0 1 0 0 0 0
 10 48975.000 45802.000 0 0 0.000 0.000 0.000 0.128 0 1 0 0 0 0
 11 158887.000 146934.000 0 0 0.000 0.000 0.000 0.274 0 1 0 0 0 0
 12 45527.000 46045.000 0 0 0.000 0.000 0.000 0.120 0 1 0 0 0 0
 13 38219.000 53961.000 0 0 0.000 0.000 0.000 0.128 0 1 0 0 0 0
 14 50363.000 159788.000 0 0 0.000 0.000 0.000 0.219 0 1 0 0 0 0
 15 173046.000 132266.000 0 0 0.000 0.000 0.000 0.168 0 1 0 0 0 0
 16 21316.000 86979.000 0 0 0.000 0.000 0.000 0.274 0 1 0 0 0 0
 17 47243.000 40096.000 0 0 0.000 0.000 0.000 0.120 0 1 0 0 0 0
 18 115495.000 178851.000 0 0 0.000 0.000 0.000 0.123 0 1 0 0 0 0
 19 24958.000 130440.000 0 0 0.000 0.000 0.000 0.201 0 1 0 0 0 0
 20 50261.000 35020.000 0 0 0.000 0.000 0.000 0.324 0 1 0 0 0 0
 21 17953.000 109272.000 0 0 0.000 0.000 0.000 0.236 0 1 0 0 0 0
 22 58826.000 27581.000 0 0 0.000 0.000 0.000 0.147 0 1 0 0 0 0
 23 75148.000 20239.000 0 0 0.000 0.000 0.000 0.122 0 1 0 0 0 0
 24 146025.000 29811.000 0 0 0.000 0.000 0.000 0.128 0 1 0 0 0 0
 25 177901.000 134276.000 0 0 0.000 0.000 0.000 0.126 0 1 0 0 0 0
 26 186537.000 115736.000 0 0 0.000 0.000 0.000 0.151 0 1 0 0 0 0
 27 37126.000 38151.000 0 0 0.000 0.000 0.000 0.131 0 1 0 0 0 0
 28 25475.000 52630.000 0 0 0.000 0.000 0.000 0.145 0 1 0 0 0 0
 29 182226.000 65088.000 0 0 0.000 0.000 0.000 0.154 0 1 0 0 0 0
 30 86954.000 188265.000 0 0 0.000 0.000 0.000 0.225 0 1 0 0 0 0
 31 25419.000 51209.000 0 0 0.000 0.000 0.000 0.126 0 1 0 0 0 0
 32 188701.000 87962.000 0 0 0.000 0.000 0.000 0.144 0 1 0 0 0 0
 33 82981.000 11115.000 0 0 0.000 0.000 0.000 0.124 0 1 0 0 0 0
 34 183731.000 64691.000 0 0 56.000 42.000 2352.000 48.497 0 1 1 210 0 0
 35 184060.000 64608.000 0 0 56.000 42.000 2352.000 48.497 0 1 1 210 0 0
 36 184534.000 64503.000 0 0 56.000 42.000 2352.000 48.497 0 1 1 210 0 0
 37 168453.000 161419.000 0 0 0.000 0.000 0.000 0.123 0 1 0 0 0 0
 38 19478.000 143850.000 0 0 0.000 0.000 0.000 0.210 0 1 0 0 0 0
 39 185001.000 64397.000 0 0 56.000 42.000 2352.000 48.497 0 1 1 210 0 0
 40 185559.000 64292.000 0 0 56.000 42.000 2352.000 48.497 0 1 1 210 0 0
 41 186051.000 64182.000 0 0 56.000 42.000 2352.000 48.497 0 1 1 210 0 0
 42 22120.000 49281.000 0 0 0.000 0.000 0.000 0.145 0 1 0 0 0 0
 43 186382.000 64101.000 0 0 56.000 42.000 2352.000 48.497 0 1 1 210 0 0
 44 186562.000 64080.000 0 0 56.000 42.000 2352.000 48.497 0 1 1 210 0 0
 45 186727.000 64050.000 0 0 56.000 42.000 2352.000 48.497 0 1 1 210 0 0
 46 187099.000 63983.000 0 0 56.000 42.000 2352.000 48.497 0 1 1 210 0 0
 47 187736.000 63851.000 0 0 56.000 42.000 2352.000 48.497 0 1 1 210 0 0
 48 188016.000 63794.000 0 0 56.000 42.000 2352.000 48.497 0 1 1 210 0 0
 49 188262.000 63751.000 0 0 56.000 42.000 2352.000 48.497 0 1 1 210 0 0
 50 188603.000 63695.000 0 0 56.000 42.000 2352.000 48.497 0 1 1 210 0 0
 51 20311.000 46607.000 0 0 0.000 0.000 0.000 0.143 0 1 0 0 0 0
 52 189160.000 63615.000 0 0 56.000 42.000 2352.000 48.497 0 1 1 210 0 0
 53 189749.000 63513.000 0 0 56.000 42.000 2352.000 48.497 0 1 1 210 0 0
 54 185824.000 64277.000 0 0 13.695 32.903 450.622 21.227 0 1 1 210 0 0
 55 185990.000 64234.000 0 0 29.146 70.074 2042.457 45.193 0 1 1 210 0 0
 56 186159.000 64200.000 0 0 27.450 66.062 1813.447 42.584 0 1 1 210 0 0
 57 186328.000 64162.000 0 0 27.479 66.192 1818.944 42.649 0 1 1 210 0 0
 58 186499.000 64131.000 0 0 27.503 66.323 1824.127 42.709 0 1 1 210 0 0
 59 186670.000 64100.000 0 0 25.815 62.322 1608.865 40.110 0 1 1 210 0 0
 60 186842.000 64070.000 0 0 24.106 58.263 1404.510 37.476 0 1 1 210 0 0
 61 187011.000 64034.000 0 0 27.577 66.716 1839.872 42.893 0 1 1 210 0 0
 62 187182.000 64002.000 0 0 24.151 58.491 1412.669 37.585 0 1 1 210 0 0
 63 187355.000 63972.000 0 0 36.265 87.931 3188.930 56.470 0 1 1 210 0 0
 64 187523.000 63938.000 0 0 34.581 83.928 2902.337 53.873 0 1 1 210 0 0
 65 187691.000 63899.000 0 0 34.618 84.089 2911.035 53.954 0 1 1 210 0 0
 66 187861.000 63863.000 0 0 27.708 67.368 1866.666 43.204 0 1 1 210 0 0
 67 187880.000 63909.000 0 0 6.918 16.845 116.544 10.795 0 1 1 210 0 0
 68 188038.000 63846.000 0 0 29.462 71.743 2113.751 45.975 0 1 1 210 0 0
 69 188205.000 63809.000 0 0 34.704 84.582 2935.408 54.179 0 1 1 210 0 0
 70 188381.000 63786.000 0 0 34.726 84.750 2943.116 54.250 0 1 1 210 0 0
 71 188547.000 63747.000 0 0 31.289 76.423 2391.252 48.900 0 1 1 210 0 0
 72 188719.000 63716.000 0 0 27.821 68.026 1892.601 43.504 0 1 1 210 0 0
 73 188886.000 63675.000 0 0 8.712 21.319 185.747 13.628 0 1 1 210 0 0;
ProcessEquipmentIDList 1
  "6514" ;
SummarySpec 5
  TESTNO    NDEFECT    DEFDENSITY    NDIE    NDEFDIE  ;
SummaryList 
  1    73    0.2561    1    1  ;
EndOfFile;
