FileVersion 1 2;
FileTimestamp 02-12-26 13:44:47;
InspectionStationID "KLA-Tencor" "SFSSP1" "0901-0728-TBI";
SampleType WAFER;
ResultTimestamp 02-12-26 13:33:05;
LotID "2580";
SampleSize 1 200;
DeviceID "None";
SetupID "T2-2580-2275NR" 02-12-26 13:33:05;
StepID "7196P";
SampleOrientationMarkType NOTCH;
OrientationMarkLocation DOWN;
DiePitch 200000 200000;
DieOrigin 0 0;
WaferID "20";
Slot 20;
SampleCenterLocation 100000 100000;
ClassLookup 1
  0 "0"  ;
OrientationInstructions "Front";
CoordinatesMirrored No;
InspectionTest 1;
SampleTestPlan 1
  0 0 ;
AreaPerTest 2.73516e+010;
DefectRecordSpec 15 DEFECTID XREL YREL XINDEX YINDEX XSIZE YSIZE DEFECTAREA DSIZE CLASSNUMBER TEST CLUSTERNUMBER ROUGHBINNUMBER FINEBINNUMBER REVIEWSAMPLE ;
DefectList
 1 102507.000 97422.000 0 0 0.000 0.000 0.000 0.170 0 1 0 0 0 0
 2 97987.000 95217.000 0 0 0.000 0.000 0.000 0.144 0 1 0 0 0 0
 3 103540.000 104763.000 0 0 0.000 0.000 0.000 0.295 0 1 0 0 0 0
 4 104751.000 109237.000 0 0 0.000 0.000 0.000 0.138 0 1 0 0 0 0
 5 105204.000 109484.000 0 0 0.000 0.000 0.000 0.137 0 1 0 0 0 0
 6 93550.000 90646.000 0 0 0.000 0.000 0.000 0.166 0 1 0 0 0 0
 7 88891.000 104619.000 0 0 0.000 0.000 0.000 0.152 0 1 0 0 0 0
 8 89878.000 109611.000 0 0 0.000 0.000 0.000 0.146 0 1 0 0 0 0
 9 85976.000 105564.000 0 0 0.000 0.000 0.000 0.143 0 1 0 0 0 0
 10 115088.000 102523.000 0 0 0.000 0.000 0.000 0.154 0 1 0 0 0 0
 11 115101.000 97086.000 0 0 0.000 0.000 0.000 0.149 0 1 0 0 0 0
 12 102334.000 84637.000 0 0 0.000 0.000 0.000 0.152 0 1 0 0 0 0
 13 88553.000 111571.000 0 0 0.000 0.000 0.000 0.150 0 1 0 0 0 0
 14 84236.000 103683.000 0 0 0.000 0.000 0.000 0.142 0 1 0 0 0 0
 15 97749.000 83309.000 0 0 0.000 0.000 0.000 0.145 0 1 0 0 0 0
 16 113723.000 110626.000 0 0 0.000 0.000 0.000 0.132 0 1 0 0 0 0
 17 92636.000 115866.000 0 0 0.000 0.000 0.000 0.146 0 1 0 0 0 0
 18 92569.000 115804.000 0 0 0.000 0.000 0.000 0.147 0 1 0 0 0 0
 19 117266.000 98755.000 0 0 0.000 0.000 0.000 0.133 0 1 0 0 0 0
 20 116340.000 109239.000 0 0 0.000 0.000 0.000 0.131 0 1 0 0 0 0
 21 115589.000 89509.000 0 0 0.000 0.000 0.000 0.155 0 1 0 0 0 0
 22 84107.000 111216.000 0 0 0.000 0.000 0.000 0.135 0 1 0 0 0 0
 23 80993.000 94589.000 0 0 0.000 0.000 0.000 0.132 0 1 0 0 0 0
 24 85781.000 114832.000 0 0 0.000 0.000 0.000 0.136 0 1 0 0 0 0
 25 113840.000 83960.000 0 0 0.000 0.000 0.000 0.134 0 1 0 0 0 0
 26 116390.000 85738.000 0 0 0.000 0.000 0.000 0.139 0 1 0 0 0 0
 27 94171.000 78623.000 0 0 0.000 0.000 0.000 0.166 0 1 0 0 0 0
 28 80415.000 88890.000 0 0 0.000 0.000 0.000 0.136 0 1 0 0 0 0
 29 82434.000 85970.000 0 0 0.000 0.000 0.000 0.144 0 1 0 0 0 0
 30 120252.000 89248.000 0 0 0.000 0.000 0.000 0.130 0 1 0 0 0 0
 31 76958.000 94161.000 0 0 0.000 0.000 0.000 0.137 0 1 0 0 0 0
 32 98295.000 124117.000 0 0 0.000 0.000 0.000 0.133 0 1 0 0 0 0
 33 76274.000 103822.000 0 0 0.000 0.000 0.000 0.137 0 1 0 0 0 0
 34 82209.000 83802.000 0 0 0.000 0.000 0.000 0.138 0 1 0 0 0 0
 35 80934.000 84661.000 0 0 0.000 0.000 0.000 0.134 0 1 0 0 0 0
 36 74202.000 100298.000 0 0 0.000 0.000 0.000 0.149 0 1 0 0 0 0
 37 124552.000 108238.000 0 0 0.000 0.000 0.000 0.135 0 1 0 0 0 0
 38 93725.000 125769.000 0 0 0.000 0.000 0.000 0.132 0 1 0 0 0 0
 39 92933.000 125539.000 0 0 0.000 0.000 0.000 0.134 0 1 0 0 0 0
 40 125654.000 106193.000 0 0 0.000 0.000 0.000 0.135 0 1 0 0 0 0
 41 89461.000 124761.000 0 0 0.000 0.000 0.000 0.140 0 1 0 0 0 0
 42 81248.000 81143.000 0 0 0.000 0.000 0.000 0.138 0 1 0 0 0 0
 43 124899.000 90102.000 0 0 0.000 0.000 0.000 0.140 0 1 0 0 0 0
 44 122812.000 85694.000 0 0 0.000 0.000 0.000 0.156 0 1 0 0 0 0
 45 75854.000 113945.000 0 0 0.000 0.000 0.000 0.134 0 1 0 0 0 0
 46 118265.000 78995.000 0 0 0.000 0.000 0.000 0.156 0 1 0 0 0 0
 47 120535.000 80861.000 0 0 0.000 0.000 0.000 0.132 0 1 0 0 0 0
 48 77116.000 117581.000 0 0 0.000 0.000 0.000 0.144 0 1 0 0 0 0
 49 113774.000 126242.000 0 0 0.000 0.000 0.000 0.141 0 1 0 0 0 0
 50 123034.000 118956.000 0 0 0.000 0.000 0.000 0.133 0 1 0 0 0 0
 51 77395.000 120226.000 0 0 0.000 0.000 0.000 0.130 0 1 0 0 0 0
 52 103294.000 70088.000 0 0 0.000 0.000 0.000 0.134 0 1 0 0 0 0
 53 69883.000 106890.000 0 0 0.000 0.000 0.000 0.145 0 1 0 0 0 0
 54 108241.000 130384.000 0 0 0.000 0.000 0.000 0.140 0 1 0 0 0 0
 55 68403.000 98550.000 0 0 0.000 0.000 0.000 0.132 0 1 0 0 0 0
 56 102396.000 131828.000 0 0 0.000 0.000 0.000 0.131 0 1 0 0 0 0
 57 127292.000 117318.000 0 0 0.000 0.000 0.000 0.135 0 1 0 0 0 0
 58 90687.000 68804.000 0 0 0.000 0.000 0.000 0.131 0 1 0 0 0 0
 59 108560.000 67957.000 0 0 0.000 0.000 0.000 0.134 0 1 0 0 0 0
 60 66830.000 104948.000 0 0 0.000 0.000 0.000 0.146 0 1 0 0 0 0
 61 79962.000 127455.000 0 0 0.000 0.000 0.000 0.131 0 1 0 0 0 0
 62 133616.000 92955.000 0 0 0.000 0.000 0.000 0.204 0 1 0 0 0 0
 63 88133.000 132559.000 0 0 0.000 0.000 0.000 0.135 0 1 0 0 0 0
 64 128072.000 80211.000 0 0 0.000 0.000 0.000 0.136 0 1 0 0 0 0
 65 102624.000 65688.000 0 0 0.000 0.000 0.000 0.168 0 1 0 0 0 0
 66 75789.000 125568.000 0 0 0.000 0.000 0.000 0.139 0 1 0 0 0 0
 67 114693.000 68529.000 0 0 0.000 0.000 0.000 0.131 0 1 0 0 0 0
 68 69512.000 117848.000 0 0 0.000 0.000 0.000 0.133 0 1 0 0 0 0
 69 82736.000 131120.000 0 0 0.000 0.000 0.000 0.138 0 1 0 0 0 0
 70 72983.000 123322.000 0 0 0.000 0.000 0.000 0.141 0 1 0 0 0 0
 71 104287.000 135663.000 0 0 0.000 0.000 0.000 0.141 0 1 0 0 0 0
 72 112439.000 133777.000 0 0 0.000 0.000 0.000 0.145 0 1 0 0 0 0
 73 95768.000 64378.000 0 0 0.000 0.000 0.000 0.140 0 1 0 0 0 0
 74 114767.000 133972.000 0 0 0.000 0.000 0.000 0.143 0 1 0 0 0 0
 75 104140.000 136868.000 0 0 0.000 0.000 0.000 0.140 0 1 0 0 0 0
 76 126410.000 126150.000 0 0 0.000 0.000 0.000 0.158 0 1 0 0 0 0
 77 136209.000 108156.000 0 0 0.000 0.000 0.000 0.131 0 1 0 0 0 0
 78 97678.000 63118.000 0 0 0.000 0.000 0.000 0.144 0 1 0 0 0 0
 79 116416.000 133799.000 0 0 0.000 0.000 0.000 0.138 0 1 0 0 0 0
 80 137228.000 104814.000 0 0 0.000 0.000 0.000 0.131 0 1 0 0 0 0
 81 77974.000 131694.000 0 0 0.000 0.000 0.000 0.135 0 1 0 0 0 0
 82 74452.000 129354.000 0 0 0.000 0.000 0.000 0.146 0 1 0 0 0 0
 83 85699.000 63955.000 0 0 0.000 0.000 0.000 0.132 0 1 0 0 0 0
 84 86550.000 137015.000 0 0 0.000 0.000 0.000 0.130 0 1 0 0 0 0
 85 122133.000 67732.000 0 0 0.000 0.000 0.000 0.161 0 1 0 0 0 0
 86 91058.000 61546.000 0 0 0.000 0.000 0.000 0.130 0 1 0 0 0 0
 87 114954.000 63130.000 0 0 0.000 0.000 0.000 0.139 0 1 0 0 0 0
 88 79550.000 65401.000 0 0 0.000 0.000 0.000 0.133 0 1 0 0 0 0
 89 59805.000 104614.000 0 0 0.000 0.000 0.000 0.130 0 1 0 0 0 0
 90 75867.000 67638.000 0 0 0.000 0.000 0.000 0.131 0 1 0 0 0 0
 91 122386.000 134113.000 0 0 0.000 0.000 0.000 0.143 0 1 0 0 0 0
 92 59875.000 107904.000 0 0 0.000 0.000 0.000 0.135 0 1 0 0 0 0
 93 59373.000 95583.000 0 0 0.000 0.000 0.000 0.135 0 1 0 0 0 0
 94 126949.000 69483.000 0 0 0.000 0.000 0.000 0.151 0 1 0 0 0 0
 95 137694.000 116939.000 0 0 0.000 0.000 0.000 0.142 0 1 0 0 0 0
 96 137269.000 117842.000 0 0 0.000 0.000 0.000 0.132 0 1 0 0 0 0
 97 131834.000 73582.000 0 0 0.000 0.000 0.000 0.130 0 1 0 0 0 0
 98 67472.000 126433.000 0 0 0.000 0.000 0.000 0.133 0 1 0 0 0 0
 99 109345.000 59314.000 0 0 0.000 0.000 0.000 0.137 0 1 0 0 0 0
 100 83185.000 138912.000 0 0 0.000 0.000 0.000 0.153 0 1 0 0 0 0
 101 90852.000 141531.000 0 0 0.000 0.000 0.000 0.140 0 1 0 0 0 0
 102 62456.000 120003.000 0 0 0.000 0.000 0.000 0.139 0 1 0 0 0 0
 103 125684.000 66305.000 0 0 0.000 0.000 0.000 0.149 0 1 0 0 0 0
 104 57094.000 100404.000 0 0 0.000 0.000 0.000 0.142 0 1 0 0 0 0
 105 140392.000 114547.000 0 0 0.000 0.000 0.000 0.131 0 1 0 0 0 0
 106 110935.000 142258.000 0 0 0.000 0.000 0.000 0.143 0 1 0 0 0 0
 107 69102.000 131044.000 0 0 0.000 0.000 0.000 0.133 0 1 0 0 0 0
 108 69631.000 68468.000 0 0 0.000 0.000 0.000 0.154 0 1 0 0 0 0
 109 120339.000 61107.000 0 0 0.000 0.000 0.000 0.145 0 1 0 0 0 0
 110 110004.000 57120.000 0 0 0.000 0.000 0.000 0.141 0 1 0 0 0 0
 111 109352.000 143725.000 0 0 0.000 0.000 0.000 0.131 0 1 0 0 0 0
 112 84808.000 142056.000 0 0 0.000 0.000 0.000 0.135 0 1 0 0 0 0
 113 110735.000 56937.000 0 0 0.000 0.000 0.000 0.135 0 1 0 0 0 0
 114 134013.000 71136.000 0 0 0.000 0.000 0.000 0.138 0 1 0 0 0 0
 115 55951.000 87194.000 0 0 0.000 0.000 0.000 0.141 0 1 0 0 0 0
 116 135705.000 129412.000 0 0 0.000 0.000 0.000 0.130 0 1 0 0 0 0
 117 131444.000 134098.000 0 0 0.000 0.000 0.000 0.142 0 1 0 0 0 0
 118 53798.000 101712.000 0 0 0.000 0.000 0.000 0.133 0 1 0 0 0 0
 119 100054.000 53942.000 0 0 0.000 0.000 0.000 0.152 0 1 0 0 0 0
 120 118247.000 57398.000 0 0 0.000 0.000 0.000 0.134 0 1 0 0 0 0
 121 144035.000 84692.000 0 0 0.000 0.000 0.000 0.136 0 1 0 0 0 0
 122 91803.000 146263.000 0 0 0.000 0.000 0.000 0.135 0 1 0 0 0 0
 123 65963.000 68090.000 0 0 0.000 0.000 0.000 0.130 0 1 0 0 0 0
 124 79411.000 57703.000 0 0 0.000 0.000 0.000 0.139 0 1 0 0 0 0
 125 145564.000 86655.000 0 0 0.000 0.000 0.000 0.151 0 1 0 0 0 0
 126 136208.000 68776.000 0 0 0.000 0.000 0.000 0.131 0 1 0 0 0 0
 127 69742.000 137575.000 0 0 0.000 0.000 0.000 0.140 0 1 0 0 0 0
 128 58204.000 75608.000 0 0 0.000 0.000 0.000 0.142 0 1 0 0 0 0
 129 145695.000 81269.000 0 0 0.000 0.000 0.000 0.151 0 1 0 0 0 0
 130 143023.000 124850.000 0 0 0.000 0.000 0.000 0.145 0 1 0 0 0 0
 131 57907.000 127217.000 0 0 0.000 0.000 0.000 0.131 0 1 0 0 0 0
 132 56986.000 74410.000 0 0 0.000 0.000 0.000 0.130 0 1 0 0 0 0
 133 65061.000 62938.000 0 0 0.000 0.000 0.000 0.132 0 1 0 0 0 0
 134 151059.000 99770.000 0 0 0.000 0.000 0.000 0.130 0 1 0 0 0 0
 135 143581.000 73351.000 0 0 0.000 0.000 0.000 0.139 0 1 0 0 0 0
 136 107358.000 49222.000 0 0 0.000 0.000 0.000 0.136 0 1 0 0 0 0
 137 147300.000 121246.000 0 0 0.000 0.000 0.000 0.138 0 1 0 0 0 0
 138 83882.000 149564.000 0 0 0.000 0.000 0.000 0.134 0 1 0 0 0 0
 139 49514.000 86054.000 0 0 0.000 0.000 0.000 0.133 0 1 0 0 0 0
 140 54134.000 73326.000 0 0 0.000 0.000 0.000 0.146 0 1 0 0 0 0
 141 127486.000 54591.000 0 0 0.000 0.000 0.000 0.148 0 1 0 0 0 0
 142 153210.000 94850.000 0 0 0.000 0.000 0.000 0.148 0 1 0 0 0 0
 143 108537.000 153268.000 0 0 0.000 0.000 0.000 0.132 0 1 0 0 0 0
 144 100741.000 153870.000 0 0 0.000 0.000 0.000 0.139 0 1 0 0 0 0
 145 50273.000 79692.000 0 0 0.000 0.000 0.000 0.134 0 1 0 0 0 0
 146 51187.000 76114.000 0 0 0.000 0.000 0.000 0.144 0 1 0 0 0 0
 147 133496.000 57456.000 0 0 0.000 0.000 0.000 0.132 0 1 0 0 0 0
 148 45188.000 102034.000 0 0 0.000 0.000 0.000 0.135 0 1 0 0 0 0
 149 46744.000 115180.000 0 0 0.000 0.000 0.000 0.136 0 1 0 0 0 0
 150 89936.000 154641.000 0 0 0.000 0.000 0.000 0.130 0 1 0 0 0 0
 151 79286.000 151524.000 0 0 0.000 0.000 0.000 0.132 0 1 0 0 0 0
 152 89549.000 45778.000 0 0 0.000 0.000 0.000 0.150 0 1 0 0 0 0
 153 52283.000 71233.000 0 0 0.000 0.000 0.000 0.134 0 1 0 0 0 0
 154 49924.000 75273.000 0 0 0.000 0.000 0.000 0.134 0 1 0 0 0 0
 155 74605.000 49987.000 0 0 0.000 0.000 0.000 0.135 0 1 0 0 0 0
 156 49844.000 126050.000 0 0 0.000 0.000 0.000 0.133 0 1 0 0 0 0
 157 65376.000 145063.000 0 0 0.000 0.000 0.000 0.133 0 1 0 0 0 0
 158 55977.000 63788.000 0 0 0.000 0.000 0.000 0.131 0 1 0 0 0 0
 159 118770.000 46159.000 0 0 0.000 0.000 0.000 0.137 0 1 0 0 0 0
 160 98773.000 42977.000 0 0 0.000 0.000 0.000 0.153 0 1 0 0 0 0
 161 121443.000 46843.000 0 0 0.000 0.000 0.000 0.138 0 1 0 0 0 0
 162 155086.000 117976.000 0 0 0.000 0.000 0.000 0.130 0 1 0 0 0 0
 163 41297.000 100724.000 0 0 0.000 0.000 0.000 0.144 0 1 0 0 0 0
 164 99188.000 159045.000 0 0 0.000 0.000 0.000 0.138 0 1 0 0 0 0
 165 123258.000 46273.000 0 0 0.000 0.000 0.000 0.131 0 1 0 0 0 0
 166 145892.000 137117.000 0 0 0.000 0.000 0.000 0.135 0 1 0 0 0 0
 167 102323.000 40717.000 0 0 0.000 0.000 0.000 0.143 0 1 0 0 0 0
 168 146412.000 62818.000 0 0 0.000 0.000 0.000 0.131 0 1 0 0 0 0
 169 72843.000 154134.000 0 0 0.000 0.000 0.000 0.139 0 1 0 0 0 0
 170 65015.000 50939.000 0 0 0.000 0.000 0.000 0.140 0 1 0 0 0 0
 171 46625.000 71653.000 0 0 0.000 0.000 0.000 0.141 0 1 0 0 0 0
 172 160597.000 97206.000 0 0 0.000 0.000 0.000 0.131 0 1 0 0 0 0
 173 98933.000 39410.000 0 0 0.000 0.000 0.000 0.139 0 1 0 0 0 0
 174 39403.000 90344.000 0 0 0.000 0.000 0.000 0.141 0 1 0 0 0 0
 175 39846.000 88107.000 0 0 0.000 0.000 0.000 0.143 0 1 0 0 0 0
 176 69088.000 47248.000 0 0 0.000 0.000 0.000 0.131 0 1 0 0 0 0
 177 140319.000 53882.000 0 0 0.000 0.000 0.000 0.134 0 1 0 0 0 0
 178 81051.000 41012.000 0 0 0.000 0.000 0.000 0.139 0 1 0 0 0 0
 179 53750.000 57372.000 0 0 0.000 0.000 0.000 0.136 0 1 0 0 0 0
 180 117599.000 39138.000 0 0 0.000 0.000 0.000 0.151 0 1 0 0 0 0
 181 61348.000 49522.000 0 0 0.000 0.000 0.000 0.130 0 1 0 0 0 0
 182 84108.000 38522.000 0 0 0.000 0.000 0.000 0.148 0 1 0 0 0 0
 183 159046.000 75925.000 0 0 0.000 0.000 0.000 0.137 0 1 0 0 0 0
 184 44646.000 133049.000 0 0 0.000 0.000 0.000 0.131 0 1 0 0 0 0
 185 162614.000 115585.000 0 0 0.000 0.000 0.000 0.137 0 1 0 0 0 0
 186 46223.000 136158.000 0 0 0.000 0.000 0.000 0.141 0 1 0 0 0 0
 187 57566.000 149696.000 0 0 0.000 0.000 0.000 0.139 0 1 0 0 0 0
 188 49430.000 141855.000 0 0 0.000 0.000 0.000 0.140 0 1 0 0 0 0
 189 153551.000 61994.000 0 0 0.000 0.000 0.000 0.140 0 1 0 0 0 0
 190 59303.000 152875.000 0 0 0.000 0.000 0.000 0.145 0 1 0 0 0 0
 191 144120.000 150139.000 0 0 0.000 0.000 0.000 0.135 0 1 0 0 0 0
 192 149211.000 145306.000 0 0 0.000 0.000 0.000 0.138 0 1 0 0 0 0
 193 48971.000 143311.000 0 0 0.000 0.000 0.000 0.131 0 1 0 0 0 0
 194 46198.000 58654.000 0 0 0.000 0.000 0.000 0.260 0 1 0 0 0 0
 195 107566.000 167822.000 0 0 0.000 0.000 0.000 0.133 0 1 0 0 0 0
 196 45636.000 58039.000 0 0 0.000 0.000 0.000 0.225 0 1 0 0 0 0
 197 170260.000 99162.000 0 0 0.000 0.000 0.000 0.139 0 1 0 0 0 0
 198 165790.000 75061.000 0 0 0.000 0.000 0.000 0.149 0 1 0 0 0 0
 199 48125.000 52053.000 0 0 0.000 0.000 0.000 0.136 0 1 0 0 0 0
 200 134129.000 37806.000 0 0 0.000 0.000 0.000 0.133 0 1 0 0 0 0
 201 45207.000 147861.000 0 0 0.000 0.000 0.000 0.143 0 1 0 0 0 0
 202 172691.000 101555.000 0 0 0.000 0.000 0.000 0.143 0 1 0 0 0 0
 203 26720.000 107529.000 0 0 0.000 0.000 0.000 0.138 0 1 0 0 0 0
 204 47172.000 152066.000 0 0 0.000 0.000 0.000 0.136 0 1 0 0 0 0
 205 25988.000 98937.000 0 0 0.000 0.000 0.000 0.144 0 1 0 0 0 0
 206 170193.000 76609.000 0 0 0.000 0.000 0.000 0.137 0 1 0 0 0 0
 207 169648.000 74307.000 0 0 0.000 0.000 0.000 0.181 0 1 0 0 0 0
 208 173031.000 86098.000 0 0 0.000 0.000 0.000 0.141 0 1 0 0 0 0
 209 170205.000 124752.000 0 0 0.000 0.000 0.000 0.133 0 1 0 0 0 0
 210 68020.000 32958.000 0 0 0.000 0.000 0.000 0.130 0 1 0 0 0 0
 211 169559.000 73765.000 0 0 0.000 0.000 0.000 0.148 0 1 0 0 0 0
 212 173315.000 114030.000 0 0 0.000 0.000 0.000 0.208 0 1 0 0 0 0
 213 169248.000 71833.000 0 0 0.000 0.000 0.000 0.132 0 1 0 0 0 0
 214 169210.000 71576.000 0 0 0.000 0.000 0.000 0.184 0 1 0 0 0 0
 215 169020.000 70399.000 0 0 0.000 0.000 0.000 0.221 0 1 0 0 0 0
 216 168952.000 69987.000 0 0 0.000 0.000 0.000 0.162 0 1 0 0 0 0
 217 168825.000 69225.000 0 0 0.000 0.000 0.000 0.132 0 1 0 0 0 0
 218 29060.000 73788.000 0 0 0.000 0.000 0.000 0.135 0 1 0 0 0 0
 219 168526.000 67478.000 0 0 0.000 0.000 0.000 0.134 0 1 0 0 0 0
 220 34725.000 140279.000 0 0 0.000 0.000 0.000 0.132 0 1 0 0 0 0
 221 167447.000 61585.000 0 0 0.000 0.000 0.000 0.222 0 1 0 0 0 0
 222 26716.000 73816.000 0 0 0.000 0.000 0.000 0.136 0 1 0 0 0 0
 223 36204.000 55115.000 0 0 0.000 0.000 0.000 0.134 0 1 0 0 0 0
 224 140877.000 33603.000 0 0 0.000 0.000 0.000 0.130 0 1 0 0 0 0
 225 178383.000 94421.000 0 0 0.000 0.000 0.000 0.138 0 1 0 0 0 0
 226 111510.000 178047.000 0 0 0.000 0.000 0.000 0.132 0 1 0 0 0 0
 227 166337.000 56122.000 0 0 0.000 0.000 0.000 0.155 0 1 0 0 0 0
 228 151172.000 38616.000 0 0 0.000 0.000 0.000 0.267 0 1 0 0 0 0
 229 152765.000 39264.000 0 0 0.000 0.000 0.000 0.188 0 1 0 0 0 0
 230 165803.000 53622.000 0 0 0.000 0.000 0.000 0.460 0 1 0 0 0 0
 231 54796.000 33285.000 0 0 0.000 0.000 0.000 0.133 0 1 0 0 0 0
 232 137631.000 28795.000 0 0 0.000 0.000 0.000 0.132 0 1 0 0 0 0
 233 173315.000 134291.000 0 0 0.000 0.000 0.000 0.156 0 1 0 0 0 0
 234 178770.000 119858.000 0 0 0.000 0.000 0.000 0.133 0 1 0 0 0 0
 235 50324.000 165692.000 0 0 0.000 0.000 0.000 0.134 0 1 0 0 0 0
 236 173190.000 137990.000 0 0 0.000 0.000 0.000 0.260 0 1 0 0 0 0
 237 164853.000 49310.000 0 0 0.000 0.000 0.000 0.142 0 1 0 0 0 0
 238 164712.000 48736.000 0 0 0.000 0.000 0.000 0.153 0 1 0 0 0 0
 239 164543.000 48031.000 0 0 0.000 0.000 0.000 0.275 0 1 0 0 0 0
 240 173053.000 140883.000 0 0 0.000 0.000 0.000 0.138 0 1 0 0 0 0
 241 125019.000 180823.000 0 0 0.000 0.000 0.000 0.137 0 1 0 0 0 0
 242 73996.000 181323.000 0 0 0.000 0.000 0.000 0.257 0 1 0 0 0 0
 243 15954.000 83364.000 0 0 0.000 0.000 0.000 0.133 0 1 0 0 0 0
 244 140790.000 176279.000 0 0 0.000 0.000 0.000 0.262 0 1 0 0 0 0
 245 162520.000 39842.000 0 0 0.000 0.000 0.000 0.137 0 1 0 0 0 0
 246 149468.000 28702.000 0 0 0.000 0.000 0.000 0.177 0 1 0 0 0 0
 247 155859.000 32761.000 0 0 0.000 0.000 0.000 0.148 0 1 0 0 0 0
 248 170684.000 46457.000 0 0 0.000 0.000 0.000 0.130 0 1 0 0 0 0
 249 170852.000 154095.000 0 0 0.000 0.000 0.000 0.140 0 1 0 0 0 0
 250 125830.000 13502.000 0 0 0.000 0.000 0.000 0.147 0 1 0 0 0 0
 251 160446.000 32098.000 0 0 0.000 0.000 0.000 0.151 0 1 0 0 0 0
 252 159676.000 29414.000 0 0 0.000 0.000 0.000 0.158 0 1 0 0 0 0
 253 7083.000 93438.000 0 0 0.000 0.000 0.000 0.201 0 1 0 0 0 0
 254 6700.000 90608.000 0 0 0.000 0.000 0.000 0.204 0 1 0 0 0 0
 255 158996.000 27110.000 0 0 0.000 0.000 0.000 0.134 0 1 0 0 0 0
 256 5786.000 97372.000 0 0 0.000 0.000 0.000 0.214 0 1 0 0 0 0
 257 158890.000 26731.000 0 0 0.000 0.000 0.000 0.177 0 1 0 0 0 0
 258 5736.000 95465.000 0 0 0.000 0.000 0.000 0.347 0 1 0 0 0 0
 259 5736.000 107129.000 0 0 0.000 0.000 0.000 0.186 0 1 0 0 0 0
 260 5256.000 103240.000 0 0 0.000 0.000 0.000 0.217 0 1 0 0 0 0
 261 7558.000 78611.000 0 0 0.000 0.000 0.000 0.201 0 1 0 0 0 0;
ProcessEquipmentIDList 1
  "R494" ;
SummarySpec 5
  TESTNO    NDEFECT    DEFDENSITY    NDIE    NDEFDIE  ;
SummaryList 
  1    261    0.9542    1    1  ;
EndOfFile;
