FileVersion 1 2;
FileTimestamp 02-12-26 13:51:49;
InspectionStationID "KLA-Tencor" "SFSSP1" "0901-0728-TBI";
SampleType WAFER;
ResultTimestamp 02-12-26 13:33:05;
LotID "2580";
SampleSize 1 200;
DeviceID "None";
SetupID "T2-2580-2275NR" 02-12-26 13:33:05;
StepID "7196P";
SampleOrientationMarkType NOTCH;
OrientationMarkLocation DOWN;
DiePitch 200000 200000;
DieOrigin 0 0;
WaferID "22";
Slot 22;
SampleCenterLocation 100000 100000;
ClassLookup 1
  0 "0"  ;
OrientationInstructions "Front";
CoordinatesMirrored No;
InspectionTest 1;
SampleTestPlan 1
  0 0 ;
AreaPerTest 2.73514e+010;
ClusterClassificationList 1
  1 210 ;
DefectRecordSpec 15 DEFECTID XREL YREL XINDEX YINDEX XSIZE YSIZE DEFECTAREA DSIZE CLASSNUMBER TEST CLUSTERNUMBER ROUGHBINNUMBER FINEBINNUMBER REVIEWSAMPLE ;
DefectList
 1 99912.000 97036.000 0 0 0.000 0.000 0.000 0.213 0 1 0 0 0 0
 2 98073.000 95462.000 0 0 0.000 0.000 0.000 0.132 0 1 0 0 0 0
 3 94730.000 101091.000 0 0 0.000 0.000 0.000 0.130 0 1 0 0 0 0
 4 102107.000 105739.000 0 0 0.000 0.000 0.000 0.135 0 1 0 0 0 0
 5 96050.000 105988.000 0 0 0.000 0.000 0.000 0.153 0 1 0 0 0 0
 6 108450.000 100543.000 0 0 0.000 0.000 0.000 0.151 0 1 0 0 0 0
 7 109229.000 95163.000 0 0 0.000 0.000 0.000 0.133 0 1 0 0 0 0
 8 106489.000 109658.000 0 0 0.000 0.000 0.000 0.132 0 1 0 0 0 0
 9 105164.000 110708.000 0 0 0.000 0.000 0.000 0.162 0 1 0 0 0 0
 10 106635.000 89918.000 0 0 0.000 0.000 0.000 0.141 0 1 0 0 0 0
 11 87140.000 101942.000 0 0 0.000 0.000 0.000 0.164 0 1 0 0 0 0
 12 108350.000 88888.000 0 0 0.000 0.000 0.000 0.132 0 1 0 0 0 0
 13 103178.000 114420.000 0 0 0.000 0.000 0.000 0.147 0 1 0 0 0 0
 14 113611.000 94546.000 0 0 0.000 0.000 0.000 0.130 0 1 0 0 0 0
 15 102131.000 115567.000 0 0 0.000 0.000 0.000 0.147 0 1 0 0 0 0
 16 95550.000 84845.000 0 0 0.000 0.000 0.000 0.130 0 1 0 0 0 0
 17 115676.000 104343.000 0 0 0.000 0.000 0.000 0.135 0 1 0 0 0 0
 18 84205.000 105448.000 0 0 0.000 0.000 0.000 0.139 0 1 0 0 0 0
 19 113936.000 109600.000 0 0 0.000 0.000 0.000 0.142 0 1 0 0 0 0
 20 90364.000 86111.000 0 0 0.000 0.000 0.000 0.130 0 1 0 0 0 0
 21 110799.000 114547.000 0 0 0.000 0.000 0.000 0.130 0 1 0 0 0 0
 22 110278.000 115078.000 0 0 0.000 0.000 0.000 0.145 0 1 0 0 0 0
 23 82170.000 94529.000 0 0 0.000 0.000 0.000 0.132 0 1 0 0 0 0
 24 113546.000 113231.000 0 0 0.000 0.000 0.000 0.144 0 1 0 0 0 0
 25 86496.000 114121.000 0 0 0.000 0.000 0.000 0.145 0 1 0 0 0 0
 26 81572.000 107973.000 0 0 0.000 0.000 0.000 0.146 0 1 0 0 0 0
 27 120017.000 98805.000 0 0 0.000 0.000 0.000 0.147 0 1 0 0 0 0
 28 113818.000 115157.000 0 0 0.000 0.000 0.000 0.135 0 1 0 0 0 0
 29 85493.000 85229.000 0 0 0.000 0.000 0.000 0.149 0 1 0 0 0 0
 30 95705.000 121426.000 0 0 0.000 0.000 0.000 0.137 0 1 0 0 0 0
 31 89795.000 80118.000 0 0 0.000 0.000 0.000 0.138 0 1 0 0 0 0
 32 78481.000 93209.000 0 0 0.000 0.000 0.000 0.146 0 1 0 0 0 0
 33 83889.000 116482.000 0 0 0.000 0.000 0.000 0.137 0 1 0 0 0 0
 34 105268.000 77946.000 0 0 0.000 0.000 0.000 0.159 0 1 0 0 0 0
 35 121206.000 111173.000 0 0 0.000 0.000 0.000 0.137 0 1 0 0 0 0
 36 76401.000 93289.000 0 0 0.000 0.000 0.000 0.136 0 1 0 0 0 0
 37 101193.000 74545.000 0 0 0.000 0.000 0.000 0.255 0 1 0 0 0 0
 38 117162.000 119510.000 0 0 0.000 0.000 0.000 0.141 0 1 0 0 0 0
 39 112753.000 122527.000 0 0 0.000 0.000 0.000 0.165 0 1 0 0 0 0
 40 125772.000 96148.000 0 0 0.000 0.000 0.000 0.132 0 1 0 0 0 0
 41 79294.000 83900.000 0 0 0.000 0.000 0.000 0.132 0 1 0 0 0 0
 42 125244.000 109232.000 0 0 0.000 0.000 0.000 0.137 0 1 0 0 0 0
 43 110978.000 124816.000 0 0 0.000 0.000 0.000 0.135 0 1 0 0 0 0
 44 126548.000 93195.000 0 0 0.000 0.000 0.000 0.148 0 1 0 0 0 0
 45 82394.000 78900.000 0 0 0.000 0.000 0.000 0.132 0 1 0 0 0 0
 46 73058.000 92995.000 0 0 0.000 0.000 0.000 0.140 0 1 0 0 0 0
 47 82301.000 78292.000 0 0 0.000 0.000 0.000 0.135 0 1 0 0 0 0
 48 72754.000 90749.000 0 0 0.000 0.000 0.000 0.131 0 1 0 0 0 0
 49 127237.000 89636.000 0 0 0.000 0.000 0.000 0.153 0 1 0 0 0 0
 50 84506.000 74825.000 0 0 0.000 0.000 0.000 0.130 0 1 0 0 0 0
 51 115754.000 126220.000 0 0 0.000 0.000 0.000 0.135 0 1 0 0 0 0
 52 116984.000 125606.000 0 0 0.000 0.000 0.000 0.137 0 1 0 0 0 0
 53 127880.000 87517.000 0 0 0.000 0.000 0.000 0.154 0 1 0 0 0 0
 54 72435.000 86055.000 0 0 0.000 0.000 0.000 0.132 0 1 0 0 0 0
 55 82562.000 74219.000 0 0 0.000 0.000 0.000 0.142 0 1 0 0 0 0
 56 130598.000 107390.000 0 0 0.000 0.000 0.000 0.142 0 1 0 0 0 0
 57 119019.000 125405.000 0 0 0.000 0.000 0.000 0.133 0 1 0 0 0 0
 58 68833.000 106163.000 0 0 0.000 0.000 0.000 0.143 0 1 0 0 0 0
 59 94819.000 131807.000 0 0 0.000 0.000 0.000 0.153 0 1 0 0 0 0
 60 127362.000 83391.000 0 0 0.000 0.000 0.000 0.142 0 1 0 0 0 0
 61 130472.000 111306.000 0 0 0.000 0.000 0.000 0.143 0 1 0 0 0 0
 62 131736.000 108671.000 0 0 0.000 0.000 0.000 0.133 0 1 0 0 0 0
 63 109752.000 132031.000 0 0 0.000 0.000 0.000 0.134 0 1 0 0 0 0
 64 105298.000 133781.000 0 0 0.000 0.000 0.000 0.131 0 1 0 0 0 0
 65 65807.000 99572.000 0 0 0.000 0.000 0.000 0.131 0 1 0 0 0 0
 66 96562.000 134994.000 0 0 0.000 0.000 0.000 0.136 0 1 0 0 0 0
 67 109735.000 65671.000 0 0 0.000 0.000 0.000 0.158 0 1 0 0 0 0
 68 84196.000 133080.000 0 0 0.000 0.000 0.000 0.130 0 1 0 0 0 0
 69 88063.000 135730.000 0 0 0.000 0.000 0.000 0.163 0 1 0 0 0 0
 70 65590.000 85332.000 0 0 0.000 0.000 0.000 0.140 0 1 0 0 0 0
 71 101780.000 138263.000 0 0 0.000 0.000 0.000 0.159 0 1 0 0 0 0
 72 137595.000 93875.000 0 0 0.000 0.000 0.000 0.137 0 1 0 0 0 0
 73 135319.000 85403.000 0 0 0.000 0.000 0.000 0.131 0 1 0 0 0 0
 74 137003.000 90037.000 0 0 0.000 0.000 0.000 0.141 0 1 0 0 0 0
 75 127186.000 72270.000 0 0 0.000 0.000 0.000 0.136 0 1 0 0 0 0
 76 113973.000 62898.000 0 0 0.000 0.000 0.000 0.140 0 1 0 0 0 0
 77 103196.000 60201.000 0 0 0.000 0.000 0.000 0.136 0 1 0 0 0 0
 78 59906.000 110269.000 0 0 0.000 0.000 0.000 0.149 0 1 0 0 0 0
 79 110753.000 140299.000 0 0 0.000 0.000 0.000 0.135 0 1 0 0 0 0
 80 65452.000 123700.000 0 0 0.000 0.000 0.000 0.149 0 1 0 0 0 0
 81 104513.000 58231.000 0 0 0.000 0.000 0.000 0.139 0 1 0 0 0 0
 82 121677.000 136541.000 0 0 0.000 0.000 0.000 0.148 0 1 0 0 0 0
 83 58063.000 92687.000 0 0 0.000 0.000 0.000 0.132 0 1 0 0 0 0
 84 65736.000 74218.000 0 0 0.000 0.000 0.000 0.138 0 1 0 0 0 0
 85 81679.000 61387.000 0 0 0.000 0.000 0.000 0.152 0 1 0 0 0 0
 86 142658.000 107581.000 0 0 0.000 0.000 0.000 0.159 0 1 0 0 0 0
 87 73545.000 134668.000 0 0 0.000 0.000 0.000 0.134 0 1 0 0 0 0
 88 71199.000 67404.000 0 0 0.000 0.000 0.000 0.142 0 1 0 0 0 0
 89 123528.000 63485.000 0 0 0.000 0.000 0.000 0.139 0 1 0 0 0 0
 90 129931.000 68668.000 0 0 0.000 0.000 0.000 0.148 0 1 0 0 0 0
 91 69760.000 68277.000 0 0 0.000 0.000 0.000 0.133 0 1 0 0 0 0
 92 143841.000 99504.000 0 0 0.000 0.000 0.000 0.152 0 1 0 0 0 0
 93 142249.000 87419.000 0 0 0.000 0.000 0.000 0.146 0 1 0 0 0 0
 94 126177.000 63074.000 0 0 0.000 0.000 0.000 0.130 0 1 0 0 0 0
 95 119793.000 141273.000 0 0 0.000 0.000 0.000 0.133 0 1 0 0 0 0
 96 121850.000 140850.000 0 0 0.000 0.000 0.000 0.141 0 1 0 0 0 0
 97 59838.000 122990.000 0 0 0.000 0.000 0.000 0.138 0 1 0 0 0 0
 98 99660.000 54102.000 0 0 0.000 0.000 0.000 0.144 0 1 0 0 0 0
 99 57742.000 119351.000 0 0 0.000 0.000 0.000 0.137 0 1 0 0 0 0
 100 88601.000 55165.000 0 0 0.000 0.000 0.000 0.131 0 1 0 0 0 0
 101 142263.000 119565.000 0 0 0.000 0.000 0.000 0.139 0 1 0 0 0 0
 102 125768.000 60807.000 0 0 0.000 0.000 0.000 0.139 0 1 0 0 0 0
 103 143076.000 119555.000 0 0 0.000 0.000 0.000 0.149 0 1 0 0 0 0
 104 145552.000 87416.000 0 0 0.000 0.000 0.000 0.130 0 1 0 0 0 0
 105 140651.000 75444.000 0 0 0.000 0.000 0.000 0.147 0 1 0 0 0 0
 106 85774.000 145813.000 0 0 0.000 0.000 0.000 0.130 0 1 0 0 0 0
 107 134990.000 67325.000 0 0 0.000 0.000 0.000 0.140 0 1 0 0 0 0
 108 142033.000 124026.000 0 0 0.000 0.000 0.000 0.141 0 1 0 0 0 0
 109 84406.000 146405.000 0 0 0.000 0.000 0.000 0.148 0 1 0 0 0 0
 110 70246.000 138864.000 0 0 0.000 0.000 0.000 0.132 0 1 0 0 0 0
 111 56594.000 122805.000 0 0 0.000 0.000 0.000 0.140 0 1 0 0 0 0
 112 97004.000 149646.000 0 0 0.000 0.000 0.000 0.132 0 1 0 0 0 0
 113 129281.000 140749.000 0 0 0.000 0.000 0.000 0.134 0 1 0 0 0 0
 114 58861.000 129037.000 0 0 0.000 0.000 0.000 0.152 0 1 0 0 0 0
 115 133663.000 62111.000 0 0 0.000 0.000 0.000 0.130 0 1 0 0 0 0
 116 62058.000 65095.000 0 0 0.000 0.000 0.000 0.132 0 1 0 0 0 0
 117 125610.000 55165.000 0 0 0.000 0.000 0.000 0.142 0 1 0 0 0 0
 118 139009.000 65643.000 0 0 0.000 0.000 0.000 0.131 0 1 0 0 0 0
 119 142202.000 130678.000 0 0 0.000 0.000 0.000 0.132 0 1 0 0 0 0
 120 50811.000 82114.000 0 0 0.000 0.000 0.000 0.132 0 1 0 0 0 0
 121 120244.000 148899.000 0 0 0.000 0.000 0.000 0.140 0 1 0 0 0 0
 122 149062.000 120616.000 0 0 0.000 0.000 0.000 0.132 0 1 0 0 0 0
 123 49357.000 117595.000 0 0 0.000 0.000 0.000 0.132 0 1 0 0 0 0
 124 84912.000 151837.000 0 0 0.000 0.000 0.000 0.131 0 1 0 0 0 0
 125 80336.000 49592.000 0 0 0.000 0.000 0.000 0.135 0 1 0 0 0 0
 126 44080.000 96171.000 0 0 0.000 0.000 0.000 0.144 0 1 0 0 0 0
 127 155528.000 93614.000 0 0 0.000 0.000 0.000 0.143 0 1 0 0 0 0
 128 154305.000 83360.000 0 0 0.000 0.000 0.000 0.146 0 1 0 0 0 0
 129 43017.000 95671.000 0 0 0.000 0.000 0.000 0.143 0 1 0 0 0 0
 130 72979.000 151592.000 0 0 0.000 0.000 0.000 0.131 0 1 0 0 0 0
 131 101460.000 41532.000 0 0 0.000 0.000 0.000 0.380 0 1 0 0 0 0
 132 84729.000 157878.000 0 0 0.000 0.000 0.000 0.143 0 1 0 0 0 0
 133 152460.000 71403.000 0 0 0.000 0.000 0.000 0.154 0 1 0 0 0 0
 134 159811.000 103105.000 0 0 0.000 0.000 0.000 0.144 0 1 0 0 0 0
 135 80348.000 42787.000 0 0 0.000 0.000 0.000 0.141 0 1 0 0 0 0
 136 46202.000 129012.000 0 0 0.000 0.000 0.000 0.137 0 1 0 0 0 0
 137 85130.000 40746.000 0 0 0.000 0.000 0.000 0.136 0 1 0 0 0 0
 138 147384.000 59782.000 0 0 0.000 0.000 0.000 0.135 0 1 0 0 0 0
 139 47622.000 65953.000 0 0 0.000 0.000 0.000 0.141 0 1 0 0 0 0
 140 40270.000 80768.000 0 0 0.000 0.000 0.000 0.137 0 1 0 0 0 0
 141 45668.000 133624.000 0 0 0.000 0.000 0.000 0.136 0 1 0 0 0 0
 142 127270.000 158200.000 0 0 0.000 0.000 0.000 0.137 0 1 0 0 0 0
 143 46533.000 136011.000 0 0 0.000 0.000 0.000 0.135 0 1 0 0 0 0
 144 152838.000 62783.000 0 0 0.000 0.000 0.000 0.149 0 1 0 0 0 0
 145 139298.000 48077.000 0 0 0.000 0.000 0.000 0.134 0 1 0 0 0 0
 146 164744.000 111557.000 0 0 0.000 0.000 0.000 0.134 0 1 0 0 0 0
 147 106222.000 165928.000 0 0 0.000 0.000 0.000 0.137 0 1 0 0 0 0
 148 105883.000 166441.000 0 0 0.000 0.000 0.000 0.142 0 1 0 0 0 0
 149 61788.000 154732.000 0 0 0.000 0.000 0.000 0.130 0 1 0 0 0 0
 150 33603.000 106385.000 0 0 0.000 0.000 0.000 0.133 0 1 0 0 0 0
 151 74105.000 162778.000 0 0 0.000 0.000 0.000 0.150 0 1 0 0 0 0
 152 100974.000 167987.000 0 0 0.000 0.000 0.000 0.132 0 1 0 0 0 0
 153 166312.000 85932.000 0 0 0.000 0.000 0.000 0.137 0 1 0 0 0 0
 154 132483.000 161122.000 0 0 0.000 0.000 0.000 0.133 0 1 0 0 0 0
 155 30400.000 98445.000 0 0 0.000 0.000 0.000 0.145 0 1 0 0 0 0
 156 169551.000 102739.000 0 0 0.000 0.000 0.000 0.145 0 1 0 0 0 0
 157 83508.000 169356.000 0 0 0.000 0.000 0.000 0.153 0 1 0 0 0 0
 158 168484.000 79874.000 0 0 0.000 0.000 0.000 0.154 0 1 0 0 0 0
 159 171294.000 93706.000 0 0 0.000 0.000 0.000 0.139 0 1 0 0 0 0
 160 168589.000 78060.000 0 0 0.000 0.000 0.000 0.132 0 1 0 0 0 0
 161 129236.000 33874.000 0 0 0.000 0.000 0.000 0.131 0 1 0 0 0 0
 162 110408.000 26374.000 0 0 0.000 0.000 0.000 0.132 0 1 0 0 0 0
 163 34052.000 138759.000 0 0 0.000 0.000 0.000 200000.000 0 1 0 200 0 0
 164 31539.000 140683.000 0 0 0.000 0.000 0.000 0.135 0 1 0 0 0 0
 165 147942.000 168352.000 0 0 0.000 0.000 0.000 0.132 0 1 0 0 0 0
 166 11083.000 73828.000 0 0 54.000 38.000 2052.000 45.299 0 1 1 210 0 0
 167 11346.000 73449.000 0 0 54.000 38.000 2052.000 45.299 0 1 1 210 0 0
 168 11429.000 72936.000 0 0 54.000 38.000 2052.000 45.299 0 1 1 210 0 0
 169 10694.000 74707.000 0 0 56.000 36.000 2016.000 44.899 0 1 1 210 0 0
 170 10768.000 74566.000 0 0 56.000 36.000 2016.000 44.899 0 1 1 210 0 0
 171 10035.000 75777.000 0 0 0.000 0.000 0.000 0.130 0 1 0 0 0 0;
ProcessEquipmentIDList 1
  "R494" ;
SummarySpec 5
  TESTNO    NDEFECT    DEFDENSITY    NDIE    NDEFDIE  ;
SummaryList 
  1    171    0.6252    1    1  ;
EndOfFile;
