FileVersion 1 2;
FileTimestamp 02-12-26 13:38:39;
InspectionStationID "KLA-Tencor" "SFSSP1" "0901-0728-TBI";
SampleType WAFER;
ResultTimestamp 02-12-26 13:33:05;
LotID "2580";
SampleSize 1 200;
DeviceID "None";
SetupID "T2-2580-2275NR" 02-12-26 13:33:05;
StepID "7196P";
SampleOrientationMarkType NOTCH;
OrientationMarkLocation DOWN;
DiePitch 200000 200000;
DieOrigin 0 0;
WaferID "09";
Slot 9;
SampleCenterLocation 100000 100000;
ClassLookup 1
  0 "0"  ;
OrientationInstructions "Front";
CoordinatesMirrored No;
InspectionTest 1;
SampleTestPlan 1
  0 0 ;
AreaPerTest 2.73519e+010;
DefectRecordSpec 15 DEFECTID XREL YREL XINDEX YINDEX XSIZE YSIZE DEFECTAREA DSIZE CLASSNUMBER TEST CLUSTERNUMBER ROUGHBINNUMBER FINEBINNUMBER REVIEWSAMPLE ;
DefectList
 1 101390.000 101684.000 0 0 0.000 0.000 0.000 0.137 0 1 0 0 0 0
 2 98058.000 101643.000 0 0 0.000 0.000 0.000 0.150 0 1 0 0 0 0
 3 102313.000 102234.000 0 0 0.000 0.000 0.000 0.319 0 1 0 0 0 0
 4 95458.000 95028.000 0 0 0.000 0.000 0.000 0.145 0 1 0 0 0 0
 5 94166.000 95743.000 0 0 0.000 0.000 0.000 0.132 0 1 0 0 0 0
 6 93887.000 105969.000 0 0 0.000 0.000 0.000 0.137 0 1 0 0 0 0
 7 91353.000 97803.000 0 0 0.000 0.000 0.000 0.142 0 1 0 0 0 0
 8 90637.000 98792.000 0 0 0.000 0.000 0.000 0.140 0 1 0 0 0 0
 9 101244.000 90169.000 0 0 0.000 0.000 0.000 0.140 0 1 0 0 0 0
 10 107112.000 93018.000 0 0 0.000 0.000 0.000 0.141 0 1 0 0 0 0
 11 101817.000 110436.000 0 0 0.000 0.000 0.000 0.153 0 1 0 0 0 0
 12 110975.000 97037.000 0 0 0.000 0.000 0.000 0.136 0 1 0 0 0 0
 13 103783.000 88955.000 0 0 0.000 0.000 0.000 0.135 0 1 0 0 0 0
 14 88006.000 97943.000 0 0 0.000 0.000 0.000 0.143 0 1 0 0 0 0
 15 111902.000 102850.000 0 0 0.000 0.000 0.000 0.132 0 1 0 0 0 0
 16 104823.000 111364.000 0 0 0.000 0.000 0.000 0.144 0 1 0 0 0 0
 17 87091.000 101104.000 0 0 0.000 0.000 0.000 0.131 0 1 0 0 0 0
 18 104432.000 86933.000 0 0 0.000 0.000 0.000 0.151 0 1 0 0 0 0
 19 89850.000 110860.000 0 0 0.000 0.000 0.000 0.159 0 1 0 0 0 0
 20 85250.000 96568.000 0 0 0.000 0.000 0.000 0.145 0 1 0 0 0 0
 21 99152.000 117169.000 0 0 0.000 0.000 0.000 0.130 0 1 0 0 0 0
 22 91846.000 83146.000 0 0 0.000 0.000 0.000 0.156 0 1 0 0 0 0
 23 119017.000 99025.000 0 0 0.000 0.000 0.000 0.132 0 1 0 0 0 0
 24 95278.000 81312.000 0 0 0.000 0.000 0.000 0.136 0 1 0 0 0 0
 25 111443.000 84290.000 0 0 0.000 0.000 0.000 0.134 0 1 0 0 0 0
 26 89272.000 82535.000 0 0 0.000 0.000 0.000 0.166 0 1 0 0 0 0
 27 79070.000 105191.000 0 0 0.000 0.000 0.000 0.134 0 1 0 0 0 0
 28 84450.000 84590.000 0 0 0.000 0.000 0.000 0.135 0 1 0 0 0 0
 29 79721.000 109115.000 0 0 0.000 0.000 0.000 0.139 0 1 0 0 0 0
 30 78255.000 104518.000 0 0 0.000 0.000 0.000 0.132 0 1 0 0 0 0
 31 85157.000 117001.000 0 0 0.000 0.000 0.000 0.138 0 1 0 0 0 0
 32 77158.000 98856.000 0 0 0.000 0.000 0.000 0.143 0 1 0 0 0 0
 33 82305.000 85643.000 0 0 0.000 0.000 0.000 0.132 0 1 0 0 0 0
 34 90450.000 79396.000 0 0 0.000 0.000 0.000 0.143 0 1 0 0 0 0
 35 85289.000 118052.000 0 0 0.000 0.000 0.000 0.133 0 1 0 0 0 0
 36 120591.000 111850.000 0 0 0.000 0.000 0.000 0.132 0 1 0 0 0 0
 37 102136.000 76523.000 0 0 0.000 0.000 0.000 0.143 0 1 0 0 0 0
 38 121440.000 89737.000 0 0 0.000 0.000 0.000 0.160 0 1 0 0 0 0
 39 101404.000 124814.000 0 0 0.000 0.000 0.000 0.133 0 1 0 0 0 0
 40 79025.000 87202.000 0 0 0.000 0.000 0.000 0.138 0 1 0 0 0 0
 41 121130.000 87347.000 0 0 0.000 0.000 0.000 0.134 0 1 0 0 0 0
 42 117981.000 83030.000 0 0 0.000 0.000 0.000 0.145 0 1 0 0 0 0
 43 110266.000 123291.000 0 0 0.000 0.000 0.000 0.144 0 1 0 0 0 0
 44 87106.000 78328.000 0 0 0.000 0.000 0.000 0.143 0 1 0 0 0 0
 45 123582.000 90241.000 0 0 0.000 0.000 0.000 0.148 0 1 0 0 0 0
 46 124379.000 110268.000 0 0 0.000 0.000 0.000 0.146 0 1 0 0 0 0
 47 75725.000 111273.000 0 0 0.000 0.000 0.000 0.168 0 1 0 0 0 0
 48 120198.000 117857.000 0 0 0.000 0.000 0.000 0.136 0 1 0 0 0 0
 49 80078.000 119462.000 0 0 0.000 0.000 0.000 0.134 0 1 0 0 0 0
 50 103537.000 72624.000 0 0 0.000 0.000 0.000 0.135 0 1 0 0 0 0
 51 95200.000 71423.000 0 0 0.000 0.000 0.000 0.133 0 1 0 0 0 0
 52 84147.000 74487.000 0 0 0.000 0.000 0.000 0.148 0 1 0 0 0 0
 53 129421.000 107446.000 0 0 0.000 0.000 0.000 0.141 0 1 0 0 0 0
 54 100336.000 131555.000 0 0 0.000 0.000 0.000 0.162 0 1 0 0 0 0
 55 86782.000 71622.000 0 0 0.000 0.000 0.000 0.133 0 1 0 0 0 0
 56 128144.000 117058.000 0 0 0.000 0.000 0.000 0.130 0 1 0 0 0 0
 57 81747.000 127712.000 0 0 0.000 0.000 0.000 0.139 0 1 0 0 0 0
 58 74307.000 121383.000 0 0 0.000 0.000 0.000 0.131 0 1 0 0 0 0
 59 65763.000 104115.000 0 0 0.000 0.000 0.000 0.140 0 1 0 0 0 0
 60 66635.000 91471.000 0 0 0.000 0.000 0.000 0.138 0 1 0 0 0 0
 61 79130.000 128826.000 0 0 0.000 0.000 0.000 0.156 0 1 0 0 0 0
 62 68161.000 116378.000 0 0 0.000 0.000 0.000 0.146 0 1 0 0 0 0
 63 65480.000 110356.000 0 0 0.000 0.000 0.000 0.131 0 1 0 0 0 0
 64 67552.000 116370.000 0 0 0.000 0.000 0.000 0.146 0 1 0 0 0 0
 65 84214.000 133251.000 0 0 0.000 0.000 0.000 0.133 0 1 0 0 0 0
 66 81498.000 132455.000 0 0 0.000 0.000 0.000 0.150 0 1 0 0 0 0
 67 68988.000 120877.000 0 0 0.000 0.000 0.000 0.132 0 1 0 0 0 0
 68 87797.000 135838.000 0 0 0.000 0.000 0.000 0.135 0 1 0 0 0 0
 69 121361.000 68379.000 0 0 0.000 0.000 0.000 0.136 0 1 0 0 0 0
 70 119456.000 133383.000 0 0 0.000 0.000 0.000 0.153 0 1 0 0 0 0
 71 138490.000 104053.000 0 0 0.000 0.000 0.000 0.133 0 1 0 0 0 0
 72 90426.000 62588.000 0 0 0.000 0.000 0.000 0.147 0 1 0 0 0 0
 73 136289.000 85875.000 0 0 0.000 0.000 0.000 0.158 0 1 0 0 0 0
 74 88585.000 62569.000 0 0 0.000 0.000 0.000 0.144 0 1 0 0 0 0
 75 90951.000 61087.000 0 0 0.000 0.000 0.000 0.135 0 1 0 0 0 0
 76 138962.000 90655.000 0 0 0.000 0.000 0.000 0.135 0 1 0 0 0 0
 77 66325.000 76980.000 0 0 0.000 0.000 0.000 0.159 0 1 0 0 0 0
 78 141051.000 102013.000 0 0 0.000 0.000 0.000 0.139 0 1 0 0 0 0
 79 119394.000 63175.000 0 0 0.000 0.000 0.000 0.156 0 1 0 0 0 0
 80 134264.000 124434.000 0 0 0.000 0.000 0.000 0.134 0 1 0 0 0 0
 81 117815.000 138689.000 0 0 0.000 0.000 0.000 0.136 0 1 0 0 0 0
 82 62409.000 120125.000 0 0 0.000 0.000 0.000 0.143 0 1 0 0 0 0
 83 110738.000 58749.000 0 0 0.000 0.000 0.000 0.155 0 1 0 0 0 0
 84 114077.000 140873.000 0 0 0.000 0.000 0.000 0.150 0 1 0 0 0 0
 85 143250.000 91274.000 0 0 0.000 0.000 0.000 0.131 0 1 0 0 0 0
 86 114407.000 57794.000 0 0 0.000 0.000 0.000 0.159 0 1 0 0 0 0
 87 58531.000 82451.000 0 0 0.000 0.000 0.000 0.130 0 1 0 0 0 0
 88 144118.000 90763.000 0 0 0.000 0.000 0.000 0.138 0 1 0 0 0 0
 89 106294.000 144993.000 0 0 0.000 0.000 0.000 0.143 0 1 0 0 0 0
 90 57323.000 82958.000 0 0 0.000 0.000 0.000 0.138 0 1 0 0 0 0
 91 64946.000 70412.000 0 0 0.000 0.000 0.000 0.130 0 1 0 0 0 0
 92 146015.000 101657.000 0 0 0.000 0.000 0.000 0.140 0 1 0 0 0 0
 93 73492.000 139004.000 0 0 0.000 0.000 0.000 0.132 0 1 0 0 0 0
 94 123449.000 141493.000 0 0 0.000 0.000 0.000 0.132 0 1 0 0 0 0
 95 108806.000 53174.000 0 0 0.000 0.000 0.000 0.130 0 1 0 0 0 0
 96 129050.000 62173.000 0 0 0.000 0.000 0.000 0.132 0 1 0 0 0 0
 97 122355.000 142861.000 0 0 0.000 0.000 0.000 0.136 0 1 0 0 0 0
 98 86465.000 53978.000 0 0 0.000 0.000 0.000 0.135 0 1 0 0 0 0
 99 117560.000 55185.000 0 0 0.000 0.000 0.000 0.139 0 1 0 0 0 0
 100 122065.000 57186.000 0 0 0.000 0.000 0.000 0.147 0 1 0 0 0 0
 101 63412.000 132424.000 0 0 0.000 0.000 0.000 0.138 0 1 0 0 0 0
 102 144398.000 80237.000 0 0 0.000 0.000 0.000 0.133 0 1 0 0 0 0
 103 148626.000 105093.000 0 0 0.000 0.000 0.000 0.151 0 1 0 0 0 0
 104 97351.000 149155.000 0 0 0.000 0.000 0.000 0.136 0 1 0 0 0 0
 105 139255.000 130738.000 0 0 0.000 0.000 0.000 0.151 0 1 0 0 0 0
 106 148064.000 86913.000 0 0 0.000 0.000 0.000 0.142 0 1 0 0 0 0
 107 98290.000 50315.000 0 0 0.000 0.000 0.000 0.131 0 1 0 0 0 0
 108 98941.000 151307.000 0 0 0.000 0.000 0.000 0.136 0 1 0 0 0 0
 109 140787.000 69282.000 0 0 0.000 0.000 0.000 0.145 0 1 0 0 0 0
 110 122735.000 53591.000 0 0 0.000 0.000 0.000 0.153 0 1 0 0 0 0
 111 49724.000 86048.000 0 0 0.000 0.000 0.000 0.132 0 1 0 0 0 0
 112 86297.000 150753.000 0 0 0.000 0.000 0.000 0.148 0 1 0 0 0 0
 113 138467.000 64764.000 0 0 0.000 0.000 0.000 0.132 0 1 0 0 0 0
 114 46892.000 98268.000 0 0 0.000 0.000 0.000 0.137 0 1 0 0 0 0
 115 75373.000 147851.000 0 0 0.000 0.000 0.000 0.134 0 1 0 0 0 0
 116 146475.000 72459.000 0 0 0.000 0.000 0.000 0.130 0 1 0 0 0 0
 117 113545.000 152837.000 0 0 0.000 0.000 0.000 0.139 0 1 0 0 0 0
 118 49380.000 79584.000 0 0 0.000 0.000 0.000 0.131 0 1 0 0 0 0
 119 137259.000 140710.000 0 0 0.000 0.000 0.000 0.141 0 1 0 0 0 0
 120 105904.000 45159.000 0 0 0.000 0.000 0.000 0.130 0 1 0 0 0 0
 121 53942.000 131551.000 0 0 0.000 0.000 0.000 0.143 0 1 0 0 0 0
 122 100376.000 44544.000 0 0 0.000 0.000 0.000 0.152 0 1 0 0 0 0
 123 93979.000 155976.000 0 0 0.000 0.000 0.000 0.151 0 1 0 0 0 0
 124 61339.000 58764.000 0 0 0.000 0.000 0.000 0.139 0 1 0 0 0 0
 125 76812.000 152080.000 0 0 0.000 0.000 0.000 0.134 0 1 0 0 0 0
 126 77891.000 47936.000 0 0 0.000 0.000 0.000 0.130 0 1 0 0 0 0
 127 66950.000 147357.000 0 0 0.000 0.000 0.000 0.143 0 1 0 0 0 0
 128 42816.000 108032.000 0 0 0.000 0.000 0.000 0.147 0 1 0 0 0 0
 129 42069.000 105937.000 0 0 0.000 0.000 0.000 0.131 0 1 0 0 0 0
 130 142691.000 140374.000 0 0 0.000 0.000 0.000 0.145 0 1 0 0 0 0
 131 109865.000 42404.000 0 0 0.000 0.000 0.000 0.140 0 1 0 0 0 0
 132 149328.000 68179.000 0 0 0.000 0.000 0.000 0.130 0 1 0 0 0 0
 133 107013.000 41250.000 0 0 0.000 0.000 0.000 0.132 0 1 0 0 0 0
 134 146178.000 62812.000 0 0 0.000 0.000 0.000 0.134 0 1 0 0 0 0
 135 52294.000 139009.000 0 0 0.000 0.000 0.000 0.133 0 1 0 0 0 0
 136 64748.000 150872.000 0 0 0.000 0.000 0.000 0.133 0 1 0 0 0 0
 137 38611.000 91663.000 0 0 0.000 0.000 0.000 0.132 0 1 0 0 0 0
 138 155903.000 128176.000 0 0 0.000 0.000 0.000 0.154 0 1 0 0 0 0
 139 93020.000 162602.000 0 0 0.000 0.000 0.000 0.136 0 1 0 0 0 0
 140 42615.000 127321.000 0 0 0.000 0.000 0.000 0.132 0 1 0 0 0 0
 141 117398.000 39204.000 0 0 0.000 0.000 0.000 0.134 0 1 0 0 0 0
 142 63567.000 47962.000 0 0 0.000 0.000 0.000 0.134 0 1 0 0 0 0
 143 124648.000 41208.000 0 0 0.000 0.000 0.000 0.132 0 1 0 0 0 0
 144 146753.000 56664.000 0 0 0.000 0.000 0.000 0.134 0 1 0 0 0 0
 145 121470.000 39639.000 0 0 0.000 0.000 0.000 0.149 0 1 0 0 0 0
 146 158119.000 72622.000 0 0 0.000 0.000 0.000 0.131 0 1 0 0 0 0
 147 55220.000 53775.000 0 0 0.000 0.000 0.000 0.133 0 1 0 0 0 0
 148 145607.000 53392.000 0 0 0.000 0.000 0.000 0.164 0 1 0 0 0 0
 149 114253.000 36136.000 0 0 0.000 0.000 0.000 0.136 0 1 0 0 0 0
 150 54718.000 148932.000 0 0 0.000 0.000 0.000 0.132 0 1 0 0 0 0
 151 127802.000 161300.000 0 0 0.000 0.000 0.000 0.139 0 1 0 0 0 0
 152 155961.000 138519.000 0 0 0.000 0.000 0.000 0.147 0 1 0 0 0 0
 153 31961.000 96867.000 0 0 0.000 0.000 0.000 0.135 0 1 0 0 0 0
 154 59922.000 44102.000 0 0 0.000 0.000 0.000 0.130 0 1 0 0 0 0
 155 130559.000 161978.000 0 0 0.000 0.000 0.000 0.133 0 1 0 0 0 0
 156 135227.000 40197.000 0 0 0.000 0.000 0.000 0.136 0 1 0 0 0 0
 157 168829.000 86332.000 0 0 0.000 0.000 0.000 0.156 0 1 0 0 0 0
 158 64678.000 38320.000 0 0 0.000 0.000 0.000 0.137 0 1 0 0 0 0
 159 156602.000 56603.000 0 0 0.000 0.000 0.000 0.151 0 1 0 0 0 0
 160 141175.000 159733.000 0 0 0.000 0.000 0.000 0.142 0 1 0 0 0 0
 161 74511.000 32390.000 0 0 0.000 0.000 0.000 0.140 0 1 0 0 0 0
 162 159314.000 141941.000 0 0 0.000 0.000 0.000 0.136 0 1 0 0 0 0
 163 149303.000 153968.000 0 0 0.000 0.000 0.000 0.139 0 1 0 0 0 0
 164 163107.000 63423.000 0 0 0.000 0.000 0.000 0.161 0 1 0 0 0 0
 165 26727.000 113127.000 0 0 0.000 0.000 0.000 0.145 0 1 0 0 0 0
 166 151060.000 155545.000 0 0 0.000 0.000 0.000 0.138 0 1 0 0 0 0
 167 88973.000 174647.000 0 0 0.000 0.000 0.000 0.133 0 1 0 0 0 0
 168 32725.000 65571.000 0 0 0.000 0.000 0.000 0.132 0 1 0 0 0 0
 169 149568.000 40600.000 0 0 0.000 0.000 0.000 0.142 0 1 0 0 0 0
 170 27954.000 130246.000 0 0 0.000 0.000 0.000 0.456 0 1 0 0 0 0
 171 99984.000 21804.000 0 0 0.000 0.000 0.000 0.138 0 1 0 0 0 0
 172 21903.000 113379.000 0 0 0.000 0.000 0.000 0.142 0 1 0 0 0 0
 173 51763.000 35494.000 0 0 0.000 0.000 0.000 0.134 0 1 0 0 0 0
 174 120589.000 178483.000 0 0 0.000 0.000 0.000 0.133 0 1 0 0 0 0
 175 57533.000 29517.000 0 0 0.000 0.000 0.000 0.139 0 1 0 0 0 0;
ProcessEquipmentIDList 1
  "R494" ;
SummarySpec 5
  TESTNO    NDEFECT    DEFDENSITY    NDIE    NDEFDIE  ;
SummaryList 
  1    175    0.6398    1    1  ;
EndOfFile;
