FileVersion 1 2;
FileTimestamp 02-12-26 12:40:32;
InspectionStationID "KLA-Tencor" "SFSSP1" "0901-0728-TBI";
SampleType WAFER;
ResultTimestamp 02-12-26 12:33:42;
LotID "2580";
SampleSize 1 200;
DeviceID "None";
SetupID "T2-2580-2275NR" 02-12-26 12:33:42;
StepID "7196P";
SampleOrientationMarkType NOTCH;
OrientationMarkLocation DOWN;
DiePitch 200000 200000;
DieOrigin 0 0;
WaferID "11";
Slot 11;
SampleCenterLocation 100000 100000;
ClassLookup 1
  0 "0"  ;
OrientationInstructions "Front";
CoordinatesMirrored No;
InspectionTest 1;
SampleTestPlan 1
  0 0 ;
AreaPerTest 2.73513e+010;
ClusterClassificationList 9
  9 210 
  5 210 
  2 210 
  8 200 
  7 200 
  1 210 
  3 200 
  4 210 
  6 210 ;
DefectRecordSpec 15 DEFECTID XREL YREL XINDEX YINDEX XSIZE YSIZE DEFECTAREA DSIZE CLASSNUMBER TEST CLUSTERNUMBER ROUGHBINNUMBER FINEBINNUMBER REVIEWSAMPLE ;
DefectList
 1 105658.000 99031.000 0 0 0.000 0.000 0.000 0.144 0 1 0 0 0 0
 2 95470.000 96124.000 0 0 0.000 0.000 0.000 0.130 0 1 0 0 0 0
 3 106175.000 104045.000 0 0 0.000 0.000 0.000 0.133 0 1 0 0 0 0
 4 102857.000 107136.000 0 0 0.000 0.000 0.000 0.142 0 1 0 0 0 0
 5 106519.000 95360.000 0 0 0.000 0.000 0.000 0.141 0 1 0 0 0 0
 6 107599.000 104582.000 0 0 0.000 0.000 0.000 0.142 0 1 0 0 0 0
 7 109366.000 101466.000 0 0 0.000 0.000 0.000 0.130 0 1 0 0 0 0
 8 88814.000 99052.000 0 0 0.000 0.000 0.000 0.131 0 1 0 0 0 0
 9 93185.000 90671.000 0 0 0.000 0.000 0.000 0.146 0 1 0 0 0 0
 10 101279.000 112435.000 0 0 0.000 0.000 0.000 0.148 0 1 0 0 0 0
 11 88623.000 105241.000 0 0 0.000 0.000 0.000 0.148 0 1 0 0 0 0
 12 106020.000 111968.000 0 0 0.000 0.000 0.000 0.132 0 1 0 0 0 0
 13 88939.000 92487.000 0 0 0.000 0.000 0.000 0.144 0 1 0 0 0 0
 14 101880.000 113572.000 0 0 0.000 0.000 0.000 0.145 0 1 0 0 0 0
 15 100468.000 113695.000 0 0 0.000 0.000 0.000 0.145 0 1 0 0 0 0
 16 86554.000 97862.000 0 0 0.000 0.000 0.000 0.131 0 1 0 0 0 0
 17 86860.000 96780.000 0 0 0.000 0.000 0.000 0.145 0 1 0 0 0 0
 18 109704.000 109888.000 0 0 0.000 0.000 0.000 0.144 0 1 0 0 0 0
 19 110336.000 109514.000 0 0 0.000 0.000 0.000 0.143 0 1 0 0 0 0
 20 113872.000 102912.000 0 0 0.000 0.000 0.000 0.148 0 1 0 0 0 0
 21 86911.000 107640.000 0 0 0.000 0.000 0.000 0.132 0 1 0 0 0 0
 22 87191.000 109585.000 0 0 0.000 0.000 0.000 0.143 0 1 0 0 0 0
 23 90501.000 113064.000 0 0 0.000 0.000 0.000 0.131 0 1 0 0 0 0
 24 86609.000 91138.000 0 0 0.000 0.000 0.000 0.138 0 1 0 0 0 0
 25 87221.000 110495.000 0 0 0.000 0.000 0.000 0.132 0 1 0 0 0 0
 26 115570.000 107454.000 0 0 0.000 0.000 0.000 0.132 0 1 0 0 0 0
 27 84728.000 91908.000 0 0 0.000 0.000 0.000 0.136 0 1 0 0 0 0
 28 111968.000 87252.000 0 0 0.000 0.000 0.000 0.161 0 1 0 0 0 0
 29 95143.000 82881.000 0 0 0.000 0.000 0.000 0.152 0 1 0 0 0 0
 30 85911.000 111612.000 0 0 0.000 0.000 0.000 0.148 0 1 0 0 0 0
 31 94009.000 117522.000 0 0 0.000 0.000 0.000 0.134 0 1 0 0 0 0
 32 116293.000 91688.000 0 0 0.000 0.000 0.000 0.150 0 1 0 0 0 0
 33 110621.000 85111.000 0 0 0.000 0.000 0.000 0.132 0 1 0 0 0 0
 34 116683.000 108561.000 0 0 0.000 0.000 0.000 0.143 0 1 0 0 0 0
 35 116500.000 90649.000 0 0 0.000 0.000 0.000 0.134 0 1 0 0 0 0
 36 114114.000 113745.000 0 0 0.000 0.000 0.000 0.138 0 1 0 0 0 0
 37 80553.000 103622.000 0 0 0.000 0.000 0.000 0.142 0 1 0 0 0 0
 38 119629.000 104096.000 0 0 0.000 0.000 0.000 0.134 0 1 0 0 0 0
 39 113299.000 116265.000 0 0 0.000 0.000 0.000 0.132 0 1 0 0 0 0
 40 79822.000 92854.000 0 0 0.000 0.000 0.000 0.145 0 1 0 0 0 0
 41 99927.000 122307.000 0 0 0.000 0.000 0.000 0.133 0 1 0 0 0 0
 42 100474.000 78090.000 0 0 0.000 0.000 0.000 0.158 0 1 0 0 0 0
 43 83567.000 115596.000 0 0 0.000 0.000 0.000 0.147 0 1 0 0 0 0
 44 118101.000 114041.000 0 0 0.000 0.000 0.000 0.134 0 1 0 0 0 0
 45 77589.000 94649.000 0 0 0.000 0.000 0.000 0.150 0 1 0 0 0 0
 46 78744.000 91164.000 0 0 0.000 0.000 0.000 0.135 0 1 0 0 0 0
 47 113314.000 119516.000 0 0 0.000 0.000 0.000 0.141 0 1 0 0 0 0
 48 122951.000 106546.000 0 0 0.000 0.000 0.000 0.130 0 1 0 0 0 0
 49 76608.000 106163.000 0 0 0.000 0.000 0.000 0.139 0 1 0 0 0 0
 50 106284.000 124035.000 0 0 0.000 0.000 0.000 0.149 0 1 0 0 0 0
 51 82083.000 83156.000 0 0 0.000 0.000 0.000 0.166 0 1 0 0 0 0
 52 112442.000 121656.000 0 0 0.000 0.000 0.000 0.147 0 1 0 0 0 0
 53 124786.000 96332.000 0 0 0.000 0.000 0.000 200000.000 0 1 0 200 0 0
 54 124786.000 96333.000 0 0 0.000 0.000 0.000 200000.000 0 1 0 200 0 0
 55 93278.000 124622.000 0 0 0.000 0.000 0.000 0.134 0 1 0 0 0 0
 56 87419.000 77353.000 0 0 0.000 0.000 0.000 0.140 0 1 0 0 0 0
 57 112048.000 123267.000 0 0 0.000 0.000 0.000 0.157 0 1 0 0 0 0
 58 108405.000 124933.000 0 0 0.000 0.000 0.000 0.139 0 1 0 0 0 0
 59 119178.000 118498.000 0 0 0.000 0.000 0.000 0.136 0 1 0 0 0 0
 60 89678.000 126103.000 0 0 0.000 0.000 0.000 0.145 0 1 0 0 0 0
 61 125774.000 112624.000 0 0 0.000 0.000 0.000 0.148 0 1 0 0 0 0
 62 120658.000 120058.000 0 0 0.000 0.000 0.000 0.144 0 1 0 0 0 0
 63 71393.000 93723.000 0 0 0.000 0.000 0.000 0.140 0 1 0 0 0 0
 64 90999.000 128923.000 0 0 0.000 0.000 0.000 0.134 0 1 0 0 0 0
 65 74270.000 115832.000 0 0 0.000 0.000 0.000 0.148 0 1 0 0 0 0
 66 84132.000 74625.000 0 0 0.000 0.000 0.000 0.135 0 1 0 0 0 0
 67 111472.000 72450.000 0 0 0.000 0.000 0.000 0.134 0 1 0 0 0 0
 68 124238.000 118043.000 0 0 0.000 0.000 0.000 0.148 0 1 0 0 0 0
 69 88091.000 128732.000 0 0 0.000 0.000 0.000 0.168 0 1 0 0 0 0
 70 101336.000 69266.000 0 0 0.000 0.000 0.000 0.132 0 1 0 0 0 0
 71 74136.000 118834.000 0 0 0.000 0.000 0.000 0.139 0 1 0 0 0 0
 72 70112.000 89606.000 0 0 0.000 0.000 0.000 0.143 0 1 0 0 0 0
 73 76653.000 78708.000 0 0 0.000 0.000 0.000 0.144 0 1 0 0 0 0
 74 90554.000 69497.000 0 0 0.000 0.000 0.000 0.134 0 1 0 0 0 0
 75 100838.000 68189.000 0 0 0.000 0.000 0.000 0.134 0 1 0 0 0 0
 76 132334.000 103796.000 0 0 0.000 0.000 0.000 0.131 0 1 0 0 0 0
 77 127234.000 81842.000 0 0 0.000 0.000 0.000 0.130 0 1 0 0 0 0
 78 102832.000 67022.000 0 0 0.000 0.000 0.000 0.130 0 1 0 0 0 0
 79 132873.000 107159.000 0 0 0.000 0.000 0.000 0.145 0 1 0 0 0 0
 80 133117.000 107524.000 0 0 0.000 0.000 0.000 0.155 0 1 0 0 0 0
 81 112095.000 132194.000 0 0 0.000 0.000 0.000 0.138 0 1 0 0 0 0
 82 133337.000 92041.000 0 0 0.000 0.000 0.000 0.133 0 1 0 0 0 0
 83 67114.000 110953.000 0 0 0.000 0.000 0.000 0.131 0 1 0 0 0 0
 84 135531.000 98470.000 0 0 0.000 0.000 0.000 0.141 0 1 0 0 0 0
 85 100049.000 64439.000 0 0 0.000 0.000 0.000 0.133 0 1 0 0 0 0
 86 67776.000 116292.000 0 0 0.000 0.000 0.000 0.132 0 1 0 0 0 0
 87 77466.000 72095.000 0 0 0.000 0.000 0.000 0.132 0 1 0 0 0 0
 88 92844.000 135930.000 0 0 0.000 0.000 0.000 0.135 0 1 0 0 0 0
 89 65554.000 87967.000 0 0 0.000 0.000 0.000 0.136 0 1 0 0 0 0
 90 80325.000 69148.000 0 0 0.000 0.000 0.000 0.141 0 1 0 0 0 0
 91 81691.000 132610.000 0 0 0.000 0.000 0.000 0.139 0 1 0 0 0 0
 92 136305.000 90918.000 0 0 0.000 0.000 0.000 0.137 0 1 0 0 0 0
 93 62234.000 101015.000 0 0 0.000 0.000 0.000 0.132 0 1 0 0 0 0
 94 71384.000 125410.000 0 0 0.000 0.000 0.000 0.141 0 1 0 0 0 0
 95 133239.000 80945.000 0 0 0.000 0.000 0.000 0.149 0 1 0 0 0 0
 96 71498.000 126795.000 0 0 0.000 0.000 0.000 0.137 0 1 0 0 0 0
 97 70316.000 125942.000 0 0 0.000 0.000 0.000 0.132 0 1 0 0 0 0
 98 117434.000 135490.000 0 0 0.000 0.000 0.000 0.147 0 1 0 0 0 0
 99 64150.000 83406.000 0 0 0.000 0.000 0.000 0.136 0 1 0 0 0 0
 100 120860.000 66249.000 0 0 0.000 0.000 0.000 200000.000 0 1 0 200 0 0
 101 138282.000 89236.000 0 0 0.000 0.000 0.000 0.142 0 1 0 0 0 0
 102 82363.000 136140.000 0 0 0.000 0.000 0.000 0.152 0 1 0 0 0 0
 103 98786.000 59181.000 0 0 0.000 0.000 0.000 0.132 0 1 0 0 0 0
 104 77696.000 135596.000 0 0 0.000 0.000 0.000 0.136 0 1 0 0 0 0
 105 123491.000 65300.000 0 0 0.000 0.000 0.000 0.146 0 1 0 0 0 0
 106 60246.000 85683.000 0 0 0.000 0.000 0.000 0.144 0 1 0 0 0 0
 107 74112.000 66316.000 0 0 0.000 0.000 0.000 0.133 0 1 0 0 0 0
 108 79453.000 137805.000 0 0 0.000 0.000 0.000 0.135 0 1 0 0 0 0
 109 118230.000 139025.000 0 0 0.000 0.000 0.000 0.131 0 1 0 0 0 0
 110 56741.000 103123.000 0 0 0.000 0.000 0.000 0.131 0 1 0 0 0 0
 111 141341.000 113347.000 0 0 0.000 0.000 0.000 0.141 0 1 0 0 0 0
 112 138583.000 79957.000 0 0 0.000 0.000 0.000 0.137 0 1 0 0 0 0
 113 56167.000 101333.000 0 0 0.000 0.000 0.000 0.142 0 1 0 0 0 0
 114 84874.000 59075.000 0 0 0.000 0.000 0.000 0.139 0 1 0 0 0 0
 115 89442.000 57470.000 0 0 0.000 0.000 0.000 0.139 0 1 0 0 0 0
 116 141966.000 113914.000 0 0 0.000 0.000 0.000 0.136 0 1 0 0 0 0
 117 118338.000 140784.000 0 0 0.000 0.000 0.000 0.136 0 1 0 0 0 0
 118 74008.000 136285.000 0 0 0.000 0.000 0.000 0.144 0 1 0 0 0 0
 119 114054.000 57685.000 0 0 0.000 0.000 0.000 0.136 0 1 0 0 0 0
 120 144681.000 106594.000 0 0 0.000 0.000 0.000 0.148 0 1 0 0 0 0
 121 118402.000 142010.000 0 0 0.000 0.000 0.000 0.145 0 1 0 0 0 0
 122 138896.000 75759.000 0 0 0.000 0.000 0.000 0.147 0 1 0 0 0 0
 123 55774.000 115496.000 0 0 0.000 0.000 0.000 0.136 0 1 0 0 0 0
 124 55378.000 113945.000 0 0 0.000 0.000 0.000 0.130 0 1 0 0 0 0
 125 53566.000 106867.000 0 0 0.000 0.000 0.000 0.134 0 1 0 0 0 0
 126 146533.000 106794.000 0 0 0.000 0.000 0.000 0.137 0 1 0 0 0 0
 127 141350.000 77724.000 0 0 0.000 0.000 0.000 0.138 0 1 0 0 0 0
 128 60401.000 126051.000 0 0 0.000 0.000 0.000 0.255 0 1 0 0 0 0
 129 60280.000 125776.000 0 0 0.000 0.000 0.000 0.176 0 1 0 0 0 0
 130 60239.000 125673.000 0 0 0.000 0.000 0.000 0.183 0 1 0 0 0 0
 131 61931.000 71314.000 0 0 0.000 0.000 0.000 0.134 0 1 0 0 0 0
 132 148661.000 98831.000 0 0 0.000 0.000 0.000 0.135 0 1 0 0 0 0
 133 91897.000 51770.000 0 0 0.000 0.000 0.000 0.132 0 1 0 0 0 0
 134 137958.000 132326.000 0 0 0.000 0.000 0.000 0.140 0 1 0 0 0 0
 135 50738.000 92475.000 0 0 0.000 0.000 0.000 0.142 0 1 0 0 0 0
 136 50470.000 106740.000 0 0 0.000 0.000 0.000 0.149 0 1 0 0 0 0
 137 121658.000 145587.000 0 0 0.000 0.000 0.000 0.138 0 1 0 0 0 0
 138 66513.000 62765.000 0 0 0.000 0.000 0.000 0.150 0 1 0 0 0 0
 139 71167.000 142146.000 0 0 0.000 0.000 0.000 0.137 0 1 0 0 0 0
 140 63706.000 64459.000 0 0 0.000 0.000 0.000 0.135 0 1 0 0 0 0
 141 118184.000 52511.000 0 0 0.000 0.000 0.000 0.135 0 1 0 0 0 0
 142 150928.000 96651.000 0 0 0.000 0.000 0.000 0.138 0 1 0 0 0 0
 143 83895.000 148794.000 0 0 0.000 0.000 0.000 0.131 0 1 0 0 0 0
 144 81977.000 148698.000 0 0 0.000 0.000 0.000 0.148 0 1 0 0 0 0
 145 48360.000 92690.000 0 0 0.000 0.000 0.000 0.136 0 1 0 0 0 0
 146 152483.000 94788.000 0 0 0.000 0.000 0.000 0.140 0 1 0 0 0 0
 147 129525.000 144543.000 0 0 0.000 0.000 0.000 0.143 0 1 0 0 0 0
 148 55928.000 130672.000 0 0 0.000 0.000 0.000 0.137 0 1 0 0 0 0
 149 139447.000 136680.000 0 0 0.000 0.000 0.000 0.144 0 1 0 0 0 0
 150 52503.000 125536.000 0 0 0.000 0.000 0.000 0.132 0 1 0 0 0 0
 151 63423.000 60116.000 0 0 0.000 0.000 0.000 0.130 0 1 0 0 0 0
 152 139897.000 63231.000 0 0 0.000 0.000 0.000 0.134 0 1 0 0 0 0
 153 109006.000 153950.000 0 0 0.000 0.000 0.000 0.139 0 1 0 0 0 0
 154 144836.000 132048.000 0 0 0.000 0.000 0.000 0.134 0 1 0 0 0 0
 155 51661.000 126734.000 0 0 0.000 0.000 0.000 0.141 0 1 0 0 0 0
 156 56783.000 135213.000 0 0 0.000 0.000 0.000 0.134 0 1 0 0 0 0
 157 56257.000 65875.000 0 0 0.000 0.000 0.000 0.130 0 1 0 0 0 0
 158 66465.000 55637.000 0 0 0.000 0.000 0.000 0.136 0 1 0 0 0 0
 159 154322.000 86828.000 0 0 0.000 0.000 0.000 0.139 0 1 0 0 0 0
 160 153150.000 119395.000 0 0 0.000 0.000 0.000 0.145 0 1 0 0 0 0
 161 126205.000 50080.000 0 0 0.000 0.000 0.000 0.130 0 1 0 0 0 0
 162 83772.000 154843.000 0 0 0.000 0.000 0.000 0.131 0 1 0 0 0 0
 163 83316.000 155342.000 0 0 0.000 0.000 0.000 0.139 0 1 0 0 0 0
 164 57181.000 138755.000 0 0 0.000 0.000 0.000 0.301 0 1 0 0 0 0
 165 69529.000 51268.000 0 0 0.000 0.000 0.000 0.136 0 1 0 0 0 0
 166 113832.000 156199.000 0 0 0.000 0.000 0.000 0.136 0 1 0 0 0 0
 167 114312.000 44109.000 0 0 0.000 0.000 0.000 0.136 0 1 0 0 0 0
 168 41777.000 108049.000 0 0 0.000 0.000 0.000 0.139 0 1 0 0 0 0
 169 56541.000 140952.000 0 0 0.000 0.000 0.000 0.136 0 1 0 0 0 0
 170 64850.000 52274.000 0 0 0.000 0.000 0.000 0.130 0 1 0 0 0 0
 171 153824.000 125647.000 0 0 0.000 0.000 0.000 0.139 0 1 0 0 0 0
 172 53880.000 60551.000 0 0 0.000 0.000 0.000 0.134 0 1 0 0 0 0
 173 142383.000 143967.000 0 0 0.000 0.000 0.000 0.146 0 1 0 0 0 0
 174 104868.000 39034.000 0 0 0.000 0.000 0.000 0.152 0 1 0 0 0 0
 175 42949.000 123349.000 0 0 0.000 0.000 0.000 0.151 0 1 0 0 0 0
 176 106233.000 161724.000 0 0 0.000 0.000 0.000 0.135 0 1 0 0 0 0
 177 133018.000 154336.000 0 0 0.000 0.000 0.000 0.135 0 1 0 0 0 0
 178 90380.000 36472.000 0 0 0.000 0.000 0.000 0.141 0 1 0 0 0 0
 179 34724.000 111008.000 0 0 0.000 0.000 0.000 0.130 0 1 0 0 0 0
 180 118788.000 36665.000 0 0 0.000 0.000 0.000 0.133 0 1 0 0 0 0
 181 140454.000 152825.000 0 0 0.000 0.000 0.000 0.132 0 1 0 0 0 0
 182 166365.000 98886.000 0 0 0.000 0.000 0.000 0.134 0 1 0 0 0 0
 183 48296.000 57546.000 0 0 0.000 0.000 0.000 0.132 0 1 0 0 0 0
 184 47496.000 143053.000 0 0 54.000 50.000 2700.000 51.961 0 1 9 210 0 0
 185 47124.000 143297.000 0 0 54.000 50.000 2700.000 51.961 0 1 9 210 0 0
 186 154016.000 143112.000 0 0 0.000 0.000 0.000 0.130 0 1 0 0 0 0
 187 146551.000 47616.000 0 0 0.000 0.000 0.000 0.153 0 1 0 0 0 0
 188 31537.000 117331.000 0 0 0.000 0.000 0.000 0.268 0 1 0 0 0 0
 189 29497.000 94407.000 0 0 0.000 0.000 0.000 0.397 0 1 0 0 0 0
 190 170619.000 104078.000 0 0 0.000 0.000 0.000 0.137 0 1 0 0 0 0
 191 49254.000 150308.000 0 0 0.000 0.000 0.000 0.140 0 1 0 0 0 0
 192 63213.000 39310.000 0 0 0.000 0.000 0.000 0.133 0 1 0 0 0 0
 193 93335.000 29108.000 0 0 0.000 0.000 0.000 0.135 0 1 0 0 0 0
 194 165913.000 130284.000 0 0 0.000 0.000 0.000 0.134 0 1 0 0 0 0
 195 78523.000 30953.000 0 0 0.000 0.000 0.000 0.132 0 1 0 0 0 0
 196 130594.000 34352.000 0 0 0.000 0.000 0.000 0.132 0 1 0 0 0 0
 197 96421.000 27596.000 0 0 0.000 0.000 0.000 0.134 0 1 0 0 0 0
 198 99323.000 27025.000 0 0 0.000 0.000 0.000 0.134 0 1 0 0 0 0
 199 35072.000 66002.000 0 0 0.000 0.000 0.000 0.130 0 1 0 0 0 0
 200 96468.000 26515.000 0 0 0.000 0.000 0.000 0.133 0 1 0 0 0 0
 201 30189.000 75725.000 0 0 0.000 0.000 0.000 0.210 0 1 0 0 0 0
 202 120874.000 171887.000 0 0 0.000 0.000 0.000 0.133 0 1 0 0 0 0
 203 29174.000 75619.000 0 0 0.000 0.000 0.000 0.217 0 1 0 0 0 0
 204 30414.000 71596.000 0 0 0.000 0.000 0.000 0.347 0 1 0 0 0 0
 205 30077.000 71547.000 0 0 0.000 0.000 0.000 0.279 0 1 0 0 0 0
 206 28411.000 75535.000 0 0 0.000 0.000 0.000 0.273 0 1 0 0 0 0
 207 29827.000 71511.000 0 0 0.000 0.000 0.000 0.214 0 1 0 0 0 0
 208 28215.000 75510.000 0 0 0.000 0.000 0.000 0.294 0 1 0 0 0 0
 209 35597.000 141282.000 0 0 0.000 0.000 0.000 0.131 0 1 0 0 0 0
 210 27185.000 75397.000 0 0 54.000 40.000 2160.000 46.475 0 1 5 210 0 0
 211 25118.000 118439.000 0 0 0.000 0.000 0.000 0.143 0 1 0 0 0 0
 212 26812.000 75391.000 0 0 54.000 38.000 2052.000 45.299 0 1 5 210 0 0
 213 26543.000 75377.000 0 0 54.000 38.000 2052.000 45.299 0 1 5 210 0 0
 214 26437.000 75374.000 0 0 54.000 38.000 2052.000 45.299 0 1 5 210 0 0
 215 175218.000 120464.000 0 0 0.000 0.000 0.000 0.145 0 1 0 0 0 0
 216 25965.000 75411.000 0 0 54.000 38.000 2052.000 45.299 0 1 5 210 0 0
 217 25657.000 75396.000 0 0 54.000 38.000 2052.000 45.299 0 1 5 210 0 0
 218 51487.000 37584.000 0 0 0.000 0.000 0.000 0.130 0 1 0 0 0 0
 219 46278.000 41864.000 0 0 50.000 54.000 2700.000 51.961 0 1 2 210 0 0
 220 46238.000 41771.000 0 0 50.000 54.000 2700.000 51.961 0 1 2 210 0 0
 221 21516.000 87156.000 0 0 52.000 32.000 1664.000 40.792 0 1 8 200 0 0
 222 46118.000 41588.000 0 0 50.000 54.000 2700.000 51.961 0 1 2 210 0 0
 223 21265.000 87184.000 0 0 52.000 32.000 1664.000 40.792 0 1 8 200 0 0
 224 45951.000 41293.000 0 0 50.000 54.000 2700.000 51.961 0 1 2 210 0 0
 225 45841.000 41076.000 0 0 50.000 54.000 2700.000 51.961 0 1 2 210 0 0
 226 20726.000 87036.000 0 0 52.000 32.000 1664.000 40.792 0 1 8 200 0 0
 227 20416.000 86804.000 0 0 52.000 32.000 1664.000 40.792 0 1 8 200 0 0
 228 20359.000 86685.000 0 0 52.000 32.000 1664.000 40.792 0 1 8 200 0 0
 229 20821.000 84656.000 0 0 0.000 0.000 0.000 0.201 0 1 0 0 0 0
 230 45580.000 40642.000 0 0 50.000 54.000 2700.000 51.961 0 1 2 210 0 0
 231 161911.000 152501.000 0 0 0.000 0.000 0.000 0.136 0 1 0 0 0 0
 232 20200.000 86602.000 0 0 52.000 32.000 1664.000 40.792 0 1 8 200 0 0
 233 45356.000 40247.000 0 0 50.000 54.000 2700.000 51.961 0 1 2 210 0 0
 234 20024.000 85925.000 0 0 54.000 32.000 1728.000 41.569 0 1 8 200 0 0
 235 20048.000 85735.000 0 0 54.000 32.000 1728.000 41.569 0 1 8 200 0 0
 236 20167.000 83128.000 0 0 0.000 0.000 0.000 0.144 0 1 0 0 0 0
 237 44518.000 38754.000 0 0 0.000 0.000 0.000 0.207 0 1 0 0 0 0
 238 44379.000 38539.000 0 0 0.000 0.000 0.000 0.231 0 1 0 0 0 0
 239 150785.000 32888.000 0 0 0.000 0.000 0.000 0.131 0 1 0 0 0 0
 240 16713.000 85793.000 0 0 54.000 32.000 1728.000 41.569 0 1 7 200 0 0
 241 16798.000 85384.000 0 0 54.000 32.000 1728.000 41.569 0 1 7 200 0 0
 242 43690.000 37291.000 0 0 0.000 0.000 0.000 0.205 0 1 0 0 0 0
 243 16613.000 85907.000 0 0 52.000 32.000 1664.000 40.792 0 1 7 200 0 0
 244 16822.000 84976.000 0 0 54.000 32.000 1728.000 41.569 0 1 7 200 0 0
 245 16830.000 84784.000 0 0 54.000 32.000 1728.000 41.569 0 1 7 200 0 0
 246 16808.000 84715.000 0 0 54.000 32.000 1728.000 41.569 0 1 7 200 0 0
 247 16838.000 84542.000 0 0 54.000 32.000 1728.000 41.569 0 1 7 200 0 0
 248 43529.000 37007.000 0 0 0.000 0.000 0.000 0.225 0 1 0 0 0 0
 249 16402.000 86130.000 0 0 52.000 32.000 1664.000 40.792 0 1 7 200 0 0
 250 16695.000 84218.000 0 0 54.000 32.000 1728.000 41.569 0 1 7 200 0 0
 251 16636.000 84086.000 0 0 54.000 32.000 1728.000 41.569 0 1 7 200 0 0
 252 16126.000 86302.000 0 0 52.000 32.000 1664.000 40.792 0 1 7 200 0 0
 253 16570.000 83986.000 0 0 54.000 32.000 1728.000 41.569 0 1 7 200 0 0
 254 16454.000 83814.000 0 0 54.000 32.000 1728.000 41.569 0 1 7 200 0 0
 255 15731.000 86436.000 0 0 52.000 30.000 1560.000 39.496 0 1 7 200 0 0
 256 16346.000 83668.000 0 0 54.000 32.000 1728.000 41.569 0 1 7 200 0 0
 257 16053.000 83559.000 0 0 54.000 32.000 1728.000 41.569 0 1 7 200 0 0
 258 14998.000 86441.000 0 0 52.000 30.000 1560.000 39.496 0 1 7 200 0 0
 259 15678.000 83506.000 0 0 54.000 32.000 1728.000 41.569 0 1 7 200 0 0
 260 25594.000 54842.000 0 0 0.000 0.000 0.000 0.361 0 1 0 0 0 0
 261 12709.000 82659.000 0 0 0.000 0.000 0.000 0.284 0 1 0 0 0 0
 262 41499.000 33306.000 0 0 0.000 0.000 0.000 0.202 0 1 0 0 0 0
 263 24704.000 52442.000 0 0 0.000 0.000 0.000 0.210 0 1 0 0 0 0
 264 40670.000 31775.000 0 0 52.000 52.000 2704.000 52.000 0 1 1 210 0 0
 265 13142.000 73747.000 0 0 54.000 38.000 2052.000 45.299 0 1 3 200 0 0
 266 12775.000 74949.000 0 0 56.000 36.000 2016.000 44.899 0 1 4 210 0 0
 267 12938.000 74757.000 0 0 56.000 36.000 2016.000 44.899 0 1 4 210 0 0
 268 40519.000 31495.000 0 0 52.000 52.000 2704.000 52.000 0 1 1 210 0 0
 269 12373.000 75115.000 0 0 56.000 36.000 2016.000 44.899 0 1 4 210 0 0
 270 12481.000 75086.000 0 0 56.000 36.000 2016.000 44.899 0 1 4 210 0 0
 271 12753.000 72592.000 0 0 54.000 38.000 2052.000 45.299 0 1 3 200 0 0
 272 10220.000 82082.000 0 0 54.000 32.000 1728.000 41.569 0 1 6 210 0 0
 273 12719.000 72466.000 0 0 54.000 38.000 2052.000 45.299 0 1 3 200 0 0
 274 40156.000 30813.000 0 0 52.000 52.000 2704.000 52.000 0 1 1 210 0 0
 275 12678.000 72347.000 0 0 54.000 38.000 2052.000 45.299 0 1 3 200 0 0
 276 12614.000 72198.000 0 0 54.000 38.000 2052.000 45.299 0 1 3 200 0 0
 277 12396.000 71914.000 0 0 54.000 38.000 2052.000 45.299 0 1 3 200 0 0
 278 40041.000 30598.000 0 0 52.000 52.000 2704.000 52.000 0 1 1 210 0 0
 279 12316.000 71809.000 0 0 54.000 38.000 2052.000 45.299 0 1 3 200 0 0
 280 9640.000 82217.000 0 0 54.000 32.000 1728.000 41.569 0 1 6 210 0 0
 281 9486.000 82317.000 0 0 54.000 32.000 1728.000 41.569 0 1 6 210 0 0
 282 11990.000 75030.000 0 0 56.000 36.000 2016.000 44.899 0 1 4 210 0 0
 283 39893.000 30338.000 0 0 52.000 52.000 2704.000 52.000 0 1 1 210 0 0
 284 9147.000 82635.000 0 0 54.000 32.000 1728.000 41.569 0 1 6 210 0 0
 285 9310.000 82449.000 0 0 54.000 32.000 1728.000 41.569 0 1 6 210 0 0
 286 11986.000 71563.000 0 0 54.000 38.000 2052.000 45.299 0 1 3 200 0 0
 287 8993.000 82753.000 0 0 54.000 32.000 1728.000 41.569 0 1 6 210 0 0
 288 39710.000 29976.000 0 0 52.000 52.000 2704.000 52.000 0 1 1 210 0 0
 289 8712.000 83243.000 0 0 54.000 32.000 1728.000 41.569 0 1 6 210 0 0
 290 8785.000 83067.000 0 0 54.000 32.000 1728.000 41.569 0 1 6 210 0 0
 291 8877.000 82958.000 0 0 54.000 32.000 1728.000 41.569 0 1 6 210 0 0
 292 38201.000 169944.000 0 0 0.000 0.000 0.000 0.142 0 1 0 0 0 0
 293 8642.000 83412.000 0 0 54.000 32.000 1728.000 41.569 0 1 6 210 0 0
 294 11220.000 71153.000 0 0 54.000 38.000 2052.000 45.299 0 1 3 200 0 0
 295 9757.000 73586.000 0 0 54.000 38.000 2052.000 45.299 0 1 4 210 0 0
 296 9658.000 73491.000 0 0 54.000 38.000 2052.000 45.299 0 1 4 210 0 0
 297 9533.000 73317.000 0 0 54.000 38.000 2052.000 45.299 0 1 4 210 0 0
 298 9455.000 73006.000 0 0 54.000 38.000 2052.000 45.299 0 1 4 210 0 0
 299 9691.000 70963.000 0 0 54.000 38.000 2052.000 45.299 0 1 3 200 0 0
 300 9105.000 72748.000 0 0 54.000 38.000 2052.000 45.299 0 1 4 210 0 0
 301 48215.000 142454.000 0 0 48.838 59.572 2909.457 53.939 0 1 9 210 0 0
 302 48081.000 142559.000 0 0 57.128 69.691 3981.327 63.097 0 1 9 210 0 0
 303 47962.000 142681.000 0 0 90.027 109.763 9881.771 99.407 0 1 9 210 0 0
 304 47835.000 142795.000 0 0 104.624 127.531 13342.974 115.511 0 1 9 210 0 0
 305 47706.000 142906.000 0 0 119.300 145.401 17346.390 131.705 0 1 9 210 0 0
 306 47622.000 143072.000 0 0 12.384 15.060 186.520 13.657 0 1 9 210 0 0
 307 47561.000 142998.000 0 0 105.120 128.200 13476.465 116.088 0 1 9 210 0 0
 308 47431.000 143107.000 0 0 30.997 37.801 1171.742 34.230 0 1 9 210 0 0
 309 47287.000 143199.000 0 0 8.280 10.104 83.675 9.147 0 1 9 210 0 0
 310 13342.000 74229.000 0 0 133.424 448.656 59861.766 244.666 0 1 3 200 0 0
 311 13459.000 73845.000 0 0 11.287 37.346 421.529 20.531 0 1 3 200 0 0
 312 13242.000 73970.000 0 0 21.212 70.700 1499.732 38.726 0 1 3 200 0 0
 313 13344.000 73638.000 0 0 112.476 369.720 41585.000 203.924 0 1 3 200 0 0
 314 13414.000 73410.000 0 0 14.023 45.664 640.376 25.305 0 1 3 200 0 0
 315 13133.000 73746.000 0 0 8.807 29.140 256.641 16.020 0 1 3 200 0 0
 316 13177.000 73600.000 0 0 8.856 29.125 257.940 16.060 0 1 3 200 0 0
 317 13191.000 73552.000 0 0 10.139 33.280 337.457 18.370 0 1 3 200 0 0
 318 13239.000 73403.000 0 0 79.051 257.866 20384.754 142.775 0 1 3 200 0 0
 319 13295.000 73216.000 0 0 33.386 108.073 3608.168 60.068 0 1 3 200 0 0
 320 13111.000 73240.000 0 0 7.694 24.983 192.235 13.864 0 1 3 200 0 0
 321 13156.000 73095.000 0 0 72.223 233.121 16836.957 129.757 0 1 3 200 0 0
 322 13024.000 72947.000 0 0 47.982 154.261 7401.891 86.034 0 1 3 200 0 0
 323 13062.000 72824.000 0 0 24.751 79.179 1959.801 44.269 0 1 3 200 0 0
 324 12878.000 72843.000 0 0 10.411 33.400 347.754 18.648 0 1 3 200 0 0
 325 12954.000 72598.000 0 0 135.299 429.784 58149.564 241.142 0 1 3 200 0 0
 326 12829.000 72432.000 0 0 145.373 459.663 66822.783 258.501 0 1 3 200 0 0
 327 12730.000 72187.000 0 0 109.329 343.045 37504.893 193.661 0 1 3 200 0 0
 328 12607.000 72015.000 0 0 80.494 251.368 20233.744 142.245 0 1 3 200 0 0
 329 12469.000 71889.000 0 0 66.031 205.602 13576.263 116.517 0 1 3 200 0 0
 330 11451.000 74630.000 0 0 17.027 59.429 1011.935 31.810 0 1 4 210 0 0
 331 12332.000 71761.000 0 0 58.211 180.716 10519.694 102.565 0 1 3 200 0 0
 332 11307.000 74519.000 0 0 31.760 110.551 3511.230 59.255 0 1 4 210 0 0
 333 12188.000 71656.000 0 0 51.630 159.952 8258.428 90.875 0 1 3 200 0 0
 334 11158.000 74420.000 0 0 26.975 93.686 2527.260 50.271 0 1 4 210 0 0
 335 12039.000 71561.000 0 0 46.351 143.362 6645.107 81.517 0 1 3 200 0 0
 336 11010.000 74322.000 0 0 27.078 93.842 2541.156 50.409 0 1 4 210 0 0
 337 11890.000 71470.000 0 0 43.765 135.160 5915.373 76.911 0 1 3 200 0 0
 338 10858.000 74233.000 0 0 18.528 64.099 1187.662 34.462 0 1 4 210 0 0
 339 11740.000 71387.000 0 0 37.037 114.242 4231.193 65.047 0 1 3 200 0 0
 340 10704.000 74159.000 0 0 27.250 94.165 2566.114 50.656 0 1 4 210 0 0
 341 11583.000 71314.000 0 0 33.000 101.713 3356.558 57.935 0 1 3 200 0 0
 342 10556.000 74053.000 0 0 21.144 72.889 1541.245 39.258 0 1 4 210 0 0
 343 11427.000 71244.000 0 0 30.324 93.403 2832.424 53.220 0 1 3 200 0 0
 344 10409.000 73958.000 0 0 28.710 98.770 2835.705 53.251 0 1 4 210 0 0
 345 11257.000 71219.000 0 0 9.654 29.769 287.422 16.953 0 1 3 200 0 0
 346 11273.000 71170.000 0 0 16.586 51.045 846.652 29.097 0 1 3 200 0 0
 347 10259.000 73862.000 0 0 33.833 116.159 3930.094 62.690 0 1 4 210 0 0
 348 11091.000 71181.000 0 0 11.048 34.085 376.610 19.406 0 1 3 200 0 0
 349 11106.000 71132.000 0 0 17.991 55.401 996.770 31.571 0 1 3 200 0 0
 350 10114.000 73752.000 0 0 40.265 137.884 5551.999 74.511 0 1 4 210 0 0
 351 10928.000 71132.000 0 0 8.300 25.611 212.592 14.580 0 1 3 200 0 0
 352 10943.000 71084.000 0 0 13.864 42.699 591.988 24.330 0 1 3 200 0 0
 353 9968.000 73645.000 0 0 49.269 168.311 8292.536 91.063 0 1 4 210 0 0
 354 10764.000 71082.000 0 0 9.700 29.934 290.396 17.041 0 1 3 200 0 0
 355 10781.000 71035.000 0 0 15.275 47.052 718.773 26.809 0 1 3 200 0 0
 356 9842.000 73474.000 0 0 91.551 311.168 28488.090 168.784 0 1 4 210 0 0
 357 10614.000 70999.000 0 0 29.193 89.977 2626.728 51.251 0 1 3 200 0 0
 358 9699.000 73357.000 0 0 94.517 320.337 30277.575 174.004 0 1 4 210 0 0
 359 10446.000 70965.000 0 0 27.836 85.854 2389.842 48.886 0 1 3 200 0 0
 360 9553.000 73251.000 0 0 71.804 242.792 17433.594 132.036 0 1 4 210 0 0
 361 10273.000 70947.000 0 0 33.422 103.219 3449.825 58.735 0 1 3 200 0 0
 362 10090.000 70957.000 0 0 54.295 168.081 9126.138 95.530 0 1 3 200 0 0
 363 9885.000 71040.000 0 0 111.062 345.590 38382.207 195.913 0 1 3 200 0 0
 364 9586.000 71416.000 0 0 8.219 25.996 213.670 14.617 0 1 3 200 0 0
 365 9669.000 71157.000 0 0 135.503 424.359 57502.048 239.795 0 1 3 200 0 0
 366 9746.000 70915.000 0 0 4.181 12.975 54.257 7.365 0 1 3 200 0 0
 367 9474.000 71206.000 0 0 111.806 351.505 39300.473 198.243 0 1 3 200 0 0;
ProcessEquipmentIDList 1
  "R494" ;
SummarySpec 5
  TESTNO    NDEFECT    DEFDENSITY    NDIE    NDEFDIE  ;
SummaryList 
  1    367    1.342    1    1  ;
EndOfFile;
