FileVersion 1 2;
FileTimestamp 02-12-26 12:39:25;
InspectionStationID "KLA-Tencor" "SFSSP1" "0901-0728-TBI";
SampleType WAFER;
ResultTimestamp 02-12-26 12:33:42;
LotID "2580";
SampleSize 1 200;
DeviceID "None";
SetupID "T2-2580-2275NR" 02-12-26 12:33:42;
StepID "7196P";
SampleOrientationMarkType NOTCH;
OrientationMarkLocation DOWN;
DiePitch 200000 200000;
DieOrigin 0 0;
WaferID "09";
Slot 9;
SampleCenterLocation 100000 100000;
ClassLookup 1
  0 "0"  ;
OrientationInstructions "Front";
CoordinatesMirrored No;
InspectionTest 1;
SampleTestPlan 1
  0 0 ;
AreaPerTest 2.73515e+010;
DefectRecordSpec 15 DEFECTID XREL YREL XINDEX YINDEX XSIZE YSIZE DEFECTAREA DSIZE CLASSNUMBER TEST CLUSTERNUMBER ROUGHBINNUMBER FINEBINNUMBER REVIEWSAMPLE ;
DefectList
 1 96458.000 101062.000 0 0 0.000 0.000 0.000 0.140 0 1 0 0 0 0
 2 107615.000 101961.000 0 0 0.000 0.000 0.000 0.142 0 1 0 0 0 0
 3 104662.000 93452.000 0 0 0.000 0.000 0.000 0.145 0 1 0 0 0 0
 4 91949.000 94798.000 0 0 0.000 0.000 0.000 0.131 0 1 0 0 0 0
 5 104619.000 110319.000 0 0 0.000 0.000 0.000 0.138 0 1 0 0 0 0
 6 96479.000 89253.000 0 0 0.000 0.000 0.000 0.148 0 1 0 0 0 0
 7 89332.000 104953.000 0 0 0.000 0.000 0.000 0.147 0 1 0 0 0 0
 8 113154.000 96912.000 0 0 0.000 0.000 0.000 0.140 0 1 0 0 0 0
 9 99149.000 85377.000 0 0 0.000 0.000 0.000 0.147 0 1 0 0 0 0
 10 92826.000 115532.000 0 0 0.000 0.000 0.000 0.145 0 1 0 0 0 0
 11 103028.000 117210.000 0 0 0.000 0.000 0.000 0.133 0 1 0 0 0 0
 12 81468.000 99541.000 0 0 0.000 0.000 0.000 0.146 0 1 0 0 0 0
 13 82030.000 95065.000 0 0 0.000 0.000 0.000 0.132 0 1 0 0 0 0
 14 81963.000 94992.000 0 0 0.000 0.000 0.000 0.137 0 1 0 0 0 0
 15 105501.000 119335.000 0 0 0.000 0.000 0.000 0.148 0 1 0 0 0 0
 16 84823.000 113441.000 0 0 0.000 0.000 0.000 0.139 0 1 0 0 0 0
 17 79456.000 104038.000 0 0 0.000 0.000 0.000 0.134 0 1 0 0 0 0
 18 86462.000 84148.000 0 0 0.000 0.000 0.000 0.132 0 1 0 0 0 0
 19 89575.000 81988.000 0 0 0.000 0.000 0.000 0.135 0 1 0 0 0 0
 20 115723.000 114453.000 0 0 0.000 0.000 0.000 0.140 0 1 0 0 0 0
 21 80032.000 107809.000 0 0 0.000 0.000 0.000 0.149 0 1 0 0 0 0
 22 120798.000 108596.000 0 0 0.000 0.000 0.000 0.141 0 1 0 0 0 0
 23 83025.000 85141.000 0 0 0.000 0.000 0.000 0.134 0 1 0 0 0 0
 24 104297.000 122563.000 0 0 0.000 0.000 0.000 0.166 0 1 0 0 0 0
 25 78674.000 91629.000 0 0 0.000 0.000 0.000 0.149 0 1 0 0 0 0
 26 104504.000 77164.000 0 0 0.000 0.000 0.000 0.134 0 1 0 0 0 0
 27 77964.000 90917.000 0 0 0.000 0.000 0.000 0.165 0 1 0 0 0 0
 28 79751.000 113224.000 0 0 0.000 0.000 0.000 0.130 0 1 0 0 0 0
 29 77818.000 90766.000 0 0 0.000 0.000 0.000 0.163 0 1 0 0 0 0
 30 121914.000 113713.000 0 0 0.000 0.000 0.000 0.133 0 1 0 0 0 0
 31 76436.000 89408.000 0 0 0.000 0.000 0.000 0.148 0 1 0 0 0 0
 32 76196.000 89167.000 0 0 0.000 0.000 0.000 0.169 0 1 0 0 0 0
 33 75951.000 88933.000 0 0 0.000 0.000 0.000 0.168 0 1 0 0 0 0
 34 75680.000 88669.000 0 0 0.000 0.000 0.000 0.153 0 1 0 0 0 0
 35 82012.000 120531.000 0 0 0.000 0.000 0.000 0.135 0 1 0 0 0 0
 36 74720.000 90539.000 0 0 0.000 0.000 0.000 0.149 0 1 0 0 0 0
 37 74896.000 87913.000 0 0 0.000 0.000 0.000 0.156 0 1 0 0 0 0
 38 127907.000 97634.000 0 0 0.000 0.000 0.000 0.135 0 1 0 0 0 0
 39 103020.000 128295.000 0 0 0.000 0.000 0.000 0.137 0 1 0 0 0 0
 40 71497.000 98123.000 0 0 0.000 0.000 0.000 0.139 0 1 0 0 0 0
 41 79110.000 80863.000 0 0 0.000 0.000 0.000 0.138 0 1 0 0 0 0
 42 73685.000 112453.000 0 0 0.000 0.000 0.000 0.132 0 1 0 0 0 0
 43 130317.000 96068.000 0 0 0.000 0.000 0.000 0.143 0 1 0 0 0 0
 44 108034.000 70505.000 0 0 0.000 0.000 0.000 0.139 0 1 0 0 0 0
 45 110975.000 129380.000 0 0 0.000 0.000 0.000 0.152 0 1 0 0 0 0
 46 122569.000 78440.000 0 0 0.000 0.000 0.000 0.136 0 1 0 0 0 0
 47 103337.000 131537.000 0 0 0.000 0.000 0.000 0.135 0 1 0 0 0 0
 48 81492.000 74578.000 0 0 0.000 0.000 0.000 0.134 0 1 0 0 0 0
 49 123242.000 78952.000 0 0 0.000 0.000 0.000 0.143 0 1 0 0 0 0
 50 70042.000 89186.000 0 0 0.000 0.000 0.000 0.174 0 1 0 0 0 0
 51 117773.000 127129.000 0 0 0.000 0.000 0.000 0.130 0 1 0 0 0 0
 52 89860.000 130963.000 0 0 0.000 0.000 0.000 0.205 0 1 0 0 0 0
 53 71480.000 84673.000 0 0 0.000 0.000 0.000 0.142 0 1 0 0 0 0
 54 129822.000 87533.000 0 0 0.000 0.000 0.000 0.130 0 1 0 0 0 0
 55 71402.000 84588.000 0 0 0.000 0.000 0.000 0.143 0 1 0 0 0 0
 56 131373.000 91593.000 0 0 0.000 0.000 0.000 0.131 0 1 0 0 0 0
 57 71316.000 84518.000 0 0 0.000 0.000 0.000 0.146 0 1 0 0 0 0
 58 132800.000 104508.000 0 0 0.000 0.000 0.000 0.138 0 1 0 0 0 0
 59 115785.000 70822.000 0 0 0.000 0.000 0.000 0.130 0 1 0 0 0 0
 60 125363.000 78340.000 0 0 0.000 0.000 0.000 0.134 0 1 0 0 0 0
 61 68606.000 88062.000 0 0 0.000 0.000 0.000 0.130 0 1 0 0 0 0
 62 74565.000 78102.000 0 0 0.000 0.000 0.000 0.130 0 1 0 0 0 0
 63 133682.000 101406.000 0 0 0.000 0.000 0.000 0.134 0 1 0 0 0 0
 64 133147.000 109677.000 0 0 0.000 0.000 0.000 0.140 0 1 0 0 0 0
 65 77725.000 127327.000 0 0 0.000 0.000 0.000 0.133 0 1 0 0 0 0
 66 69445.000 117949.000 0 0 0.000 0.000 0.000 0.145 0 1 0 0 0 0
 67 97563.000 64636.000 0 0 0.000 0.000 0.000 0.132 0 1 0 0 0 0
 68 116110.000 68044.000 0 0 0.000 0.000 0.000 0.134 0 1 0 0 0 0
 69 136259.000 97887.000 0 0 0.000 0.000 0.000 0.133 0 1 0 0 0 0
 70 63853.000 95780.000 0 0 0.000 0.000 0.000 0.139 0 1 0 0 0 0
 71 119084.000 132474.000 0 0 0.000 0.000 0.000 0.142 0 1 0 0 0 0
 72 62956.000 94361.000 0 0 0.000 0.000 0.000 0.131 0 1 0 0 0 0
 73 121783.000 131052.000 0 0 0.000 0.000 0.000 0.137 0 1 0 0 0 0
 74 87459.000 135926.000 0 0 0.000 0.000 0.000 0.133 0 1 0 0 0 0
 75 76216.000 129642.000 0 0 0.000 0.000 0.000 0.147 0 1 0 0 0 0
 76 63454.000 110769.000 0 0 0.000 0.000 0.000 0.130 0 1 0 0 0 0
 77 93801.000 61881.000 0 0 0.000 0.000 0.000 0.137 0 1 0 0 0 0
 78 64518.000 117636.000 0 0 0.000 0.000 0.000 0.132 0 1 0 0 0 0
 79 133231.000 121564.000 0 0 0.000 0.000 0.000 0.148 0 1 0 0 0 0
 80 65338.000 81077.000 0 0 0.000 0.000 0.000 0.130 0 1 0 0 0 0
 81 116470.000 64194.000 0 0 0.000 0.000 0.000 0.131 0 1 0 0 0 0
 82 139314.000 94938.000 0 0 0.000 0.000 0.000 0.132 0 1 0 0 0 0
 83 120957.000 66434.000 0 0 0.000 0.000 0.000 0.149 0 1 0 0 0 0
 84 85661.000 137945.000 0 0 0.000 0.000 0.000 0.174 0 1 0 0 0 0
 85 140356.000 97626.000 0 0 0.000 0.000 0.000 0.149 0 1 0 0 0 0
 86 136138.000 81442.000 0 0 0.000 0.000 0.000 0.135 0 1 0 0 0 0
 87 68883.000 73402.000 0 0 0.000 0.000 0.000 0.135 0 1 0 0 0 0
 88 86834.000 60704.000 0 0 0.000 0.000 0.000 0.136 0 1 0 0 0 0
 89 69179.000 128249.000 0 0 0.000 0.000 0.000 0.131 0 1 0 0 0 0
 90 64472.000 78327.000 0 0 0.000 0.000 0.000 0.146 0 1 0 0 0 0
 91 122322.000 65064.000 0 0 0.000 0.000 0.000 0.149 0 1 0 0 0 0
 92 60646.000 114986.000 0 0 0.000 0.000 0.000 0.133 0 1 0 0 0 0
 93 64197.000 78083.000 0 0 0.000 0.000 0.000 0.136 0 1 0 0 0 0
 94 64754.000 77057.000 0 0 0.000 0.000 0.000 0.130 0 1 0 0 0 0
 95 112723.000 59211.000 0 0 0.000 0.000 0.000 0.145 0 1 0 0 0 0
 96 63406.000 77398.000 0 0 0.000 0.000 0.000 0.150 0 1 0 0 0 0
 97 91959.000 57552.000 0 0 0.000 0.000 0.000 0.135 0 1 0 0 0 0
 98 62824.000 76880.000 0 0 0.000 0.000 0.000 200000.000 0 1 0 200 0 0
 99 136933.000 123646.000 0 0 0.000 0.000 0.000 0.147 0 1 0 0 0 0
 100 75821.000 136967.000 0 0 0.000 0.000 0.000 0.131 0 1 0 0 0 0
 101 115079.000 58162.000 0 0 0.000 0.000 0.000 0.137 0 1 0 0 0 0
 102 125328.000 63487.000 0 0 0.000 0.000 0.000 0.138 0 1 0 0 0 0
 103 141824.000 84561.000 0 0 0.000 0.000 0.000 0.148 0 1 0 0 0 0
 104 113213.000 142965.000 0 0 0.000 0.000 0.000 0.154 0 1 0 0 0 0
 105 91531.000 144211.000 0 0 0.000 0.000 0.000 0.137 0 1 0 0 0 0
 106 117844.000 141786.000 0 0 0.000 0.000 0.000 0.133 0 1 0 0 0 0
 107 54499.000 99860.000 0 0 0.000 0.000 0.000 0.138 0 1 0 0 0 0
 108 81443.000 141964.000 0 0 0.000 0.000 0.000 0.134 0 1 0 0 0 0
 109 146004.000 95283.000 0 0 0.000 0.000 0.000 0.151 0 1 0 0 0 0
 110 134538.000 131437.000 0 0 0.000 0.000 0.000 0.156 0 1 0 0 0 0
 111 96706.000 146832.000 0 0 0.000 0.000 0.000 0.141 0 1 0 0 0 0
 112 55570.000 115728.000 0 0 0.000 0.000 0.000 0.203 0 1 0 0 0 0
 113 110389.000 147054.000 0 0 0.000 0.000 0.000 0.136 0 1 0 0 0 0
 114 60392.000 127384.000 0 0 0.000 0.000 0.000 0.130 0 1 0 0 0 0
 115 61685.000 70893.000 0 0 0.000 0.000 0.000 0.158 0 1 0 0 0 0
 116 119122.000 54085.000 0 0 0.000 0.000 0.000 0.146 0 1 0 0 0 0
 117 57374.000 126422.000 0 0 0.000 0.000 0.000 0.138 0 1 0 0 0 0
 118 58647.000 71766.000 0 0 0.000 0.000 0.000 0.159 0 1 0 0 0 0
 119 134868.000 63986.000 0 0 0.000 0.000 0.000 0.133 0 1 0 0 0 0
 120 119635.000 146693.000 0 0 0.000 0.000 0.000 0.134 0 1 0 0 0 0
 121 52174.000 119595.000 0 0 0.000 0.000 0.000 0.135 0 1 0 0 0 0
 122 136539.000 137698.000 0 0 0.000 0.000 0.000 0.141 0 1 0 0 0 0
 123 79320.000 51625.000 0 0 0.000 0.000 0.000 0.135 0 1 0 0 0 0
 124 62440.000 62714.000 0 0 0.000 0.000 0.000 0.130 0 1 0 0 0 0
 125 153125.000 99577.000 0 0 0.000 0.000 0.000 0.133 0 1 0 0 0 0
 126 150074.000 80466.000 0 0 0.000 0.000 0.000 0.149 0 1 0 0 0 0
 127 151699.000 83789.000 0 0 0.000 0.000 0.000 0.131 0 1 0 0 0 0
 128 49169.000 119576.000 0 0 0.000 0.000 0.000 0.131 0 1 0 0 0 0
 129 113352.000 47242.000 0 0 0.000 0.000 0.000 0.136 0 1 0 0 0 0
 130 51738.000 74293.000 0 0 0.000 0.000 0.000 0.143 0 1 0 0 0 0
 131 44913.000 101920.000 0 0 0.000 0.000 0.000 0.133 0 1 0 0 0 0
 132 136535.000 58518.000 0 0 0.000 0.000 0.000 0.132 0 1 0 0 0 0
 133 137026.000 141879.000 0 0 0.000 0.000 0.000 0.149 0 1 0 0 0 0
 134 139752.000 139589.000 0 0 0.000 0.000 0.000 0.136 0 1 0 0 0 0
 135 56852.000 64033.000 0 0 0.000 0.000 0.000 0.134 0 1 0 0 0 0
 136 54939.000 66229.000 0 0 0.000 0.000 0.000 0.151 0 1 0 0 0 0
 137 151839.000 122745.000 0 0 0.000 0.000 0.000 0.144 0 1 0 0 0 0
 138 153483.000 80386.000 0 0 0.000 0.000 0.000 0.137 0 1 0 0 0 0
 139 104004.000 157534.000 0 0 0.000 0.000 0.000 0.151 0 1 0 0 0 0
 140 60825.000 143235.000 0 0 0.000 0.000 0.000 0.141 0 1 0 0 0 0
 141 150540.000 129262.000 0 0 0.000 0.000 0.000 0.219 0 1 0 0 0 0
 142 159078.000 85919.000 0 0 0.000 0.000 0.000 0.132 0 1 0 0 0 0
 143 40082.000 89469.000 0 0 0.000 0.000 0.000 0.135 0 1 0 0 0 0
 144 110248.000 160335.000 0 0 0.000 0.000 0.000 0.134 0 1 0 0 0 0
 145 41758.000 121803.000 0 0 0.000 0.000 0.000 0.132 0 1 0 0 0 0
 146 103167.000 38107.000 0 0 0.000 0.000 0.000 0.140 0 1 0 0 0 0
 147 39154.000 113755.000 0 0 0.000 0.000 0.000 0.149 0 1 0 0 0 0
 148 41193.000 78188.000 0 0 0.000 0.000 0.000 0.132 0 1 0 0 0 0
 149 48878.000 62562.000 0 0 0.000 0.000 0.000 0.145 0 1 0 0 0 0
 150 159452.000 77044.000 0 0 0.000 0.000 0.000 0.134 0 1 0 0 0 0
 151 155013.000 132609.000 0 0 0.000 0.000 0.000 0.222 0 1 0 0 0 0
 152 137300.000 47976.000 0 0 0.000 0.000 0.000 0.143 0 1 0 0 0 0
 153 152991.000 136362.000 0 0 0.000 0.000 0.000 0.132 0 1 0 0 0 0
 154 41689.000 73002.000 0 0 0.000 0.000 0.000 0.133 0 1 0 0 0 0
 155 156207.000 131744.000 0 0 0.000 0.000 0.000 0.147 0 1 0 0 0 0
 156 105404.000 36008.000 0 0 0.000 0.000 0.000 0.130 0 1 0 0 0 0
 157 113475.000 163436.000 0 0 0.000 0.000 0.000 0.154 0 1 0 0 0 0
 158 128061.000 41731.000 0 0 0.000 0.000 0.000 0.147 0 1 0 0 0 0
 159 35000.000 90924.000 0 0 0.000 0.000 0.000 0.137 0 1 0 0 0 0
 160 80396.000 163406.000 0 0 0.000 0.000 0.000 0.132 0 1 0 0 0 0
 161 52590.000 52793.000 0 0 0.000 0.000 0.000 0.133 0 1 0 0 0 0
 162 115100.000 167118.000 0 0 0.000 0.000 0.000 0.140 0 1 0 0 0 0
 163 165667.000 76132.000 0 0 0.000 0.000 0.000 0.130 0 1 0 0 0 0
 164 119425.000 31804.000 0 0 0.000 0.000 0.000 0.140 0 1 0 0 0 0
 165 99078.000 28685.000 0 0 0.000 0.000 0.000 0.280 0 1 0 0 0 0
 166 78608.000 170030.000 0 0 0.000 0.000 0.000 200000.000 0 1 0 200 0 0
 167 57358.000 39039.000 0 0 0.000 0.000 0.000 0.133 0 1 0 0 0 0
 168 45743.000 157262.000 0 0 0.000 0.000 0.000 0.147 0 1 0 0 0 0
 169 140603.000 29491.000 0 0 0.000 0.000 0.000 0.154 0 1 0 0 0 0
 170 167734.000 54359.000 0 0 0.000 0.000 0.000 0.180 0 1 0 0 0 0
 171 173031.000 139113.000 0 0 0.000 0.000 0.000 0.179 0 1 0 0 0 0
 172 23988.000 60629.000 0 0 0.000 0.000 0.000 0.174 0 1 0 0 0 0
 173 69116.000 16855.000 0 0 0.000 0.000 0.000 0.174 0 1 0 0 0 0
 174 10883.000 99936.000 0 0 0.000 0.000 0.000 0.371 0 1 0 0 0 0
 175 65036.000 182345.000 0 0 0.000 0.000 0.000 0.202 0 1 0 0 0 0
 176 28634.000 159432.000 0 0 0.000 0.000 0.000 0.315 0 1 0 0 0 0
 177 7276.000 97711.000 0 0 0.000 0.000 0.000 0.154 0 1 0 0 0 0
 178 10642.000 68783.000 0 0 0.000 0.000 0.000 0.159 0 1 0 0 0 0
 179 194828.000 94813.000 0 0 0.000 0.000 0.000 0.266 0 1 0 0 0 0;
ProcessEquipmentIDList 1
  "R494" ;
SummarySpec 5
  TESTNO    NDEFECT    DEFDENSITY    NDIE    NDEFDIE  ;
SummaryList 
  1    179    0.6544    1    1  ;
EndOfFile;
