FileVersion 1 2;
FileTimestamp 02-12-26 13:09:40;
InspectionStationID "KLA-Tencor" "SFSSP1" "0901-0728-TBI";
SampleType WAFER;
ResultTimestamp 02-12-26 12:47:24;
LotID "2580";
SampleSize 1 200;
DeviceID "None";
SetupID "T2-2580-2275NR" 02-12-26 12:47:24;
StepID "7196P";
SampleOrientationMarkType NOTCH;
OrientationMarkLocation DOWN;
DiePitch 200000 200000;
DieOrigin 0 0;
WaferID "09";
Slot 9;
SampleCenterLocation 100000 100000;
ClassLookup 1
  0 "0"  ;
OrientationInstructions "Front";
CoordinatesMirrored No;
InspectionTest 1;
SampleTestPlan 1
  0 0 ;
AreaPerTest 2.73513e+010;
DefectRecordSpec 15 DEFECTID XREL YREL XINDEX YINDEX XSIZE YSIZE DEFECTAREA DSIZE CLASSNUMBER TEST CLUSTERNUMBER ROUGHBINNUMBER FINEBINNUMBER REVIEWSAMPLE ;
DefectList
 1 98265.000 100987.000 0 0 0.000 0.000 0.000 0.133 0 1 0 0 0 0
 2 98262.000 100988.000 0 0 0.000 0.000 0.000 0.132 0 1 0 0 0 0
 3 100698.000 92946.000 0 0 0.000 0.000 0.000 0.135 0 1 0 0 0 0
 4 92988.000 97453.000 0 0 0.000 0.000 0.000 0.148 0 1 0 0 0 0
 5 89757.000 103608.000 0 0 0.000 0.000 0.000 0.133 0 1 0 0 0 0
 6 111298.000 101758.000 0 0 0.000 0.000 0.000 0.130 0 1 0 0 0 0
 7 114514.000 98488.000 0 0 0.000 0.000 0.000 0.138 0 1 0 0 0 0
 8 85395.000 95835.000 0 0 0.000 0.000 0.000 0.140 0 1 0 0 0 0
 9 98811.000 117919.000 0 0 0.000 0.000 0.000 0.130 0 1 0 0 0 0
 10 95733.000 81352.000 0 0 0.000 0.000 0.000 0.139 0 1 0 0 0 0
 11 117257.000 108207.000 0 0 0.000 0.000 0.000 0.136 0 1 0 0 0 0
 12 97608.000 119510.000 0 0 0.000 0.000 0.000 0.137 0 1 0 0 0 0
 13 111065.000 84097.000 0 0 0.000 0.000 0.000 0.136 0 1 0 0 0 0
 14 99394.000 79130.000 0 0 0.000 0.000 0.000 0.139 0 1 0 0 0 0
 15 107127.000 79456.000 0 0 0.000 0.000 0.000 0.135 0 1 0 0 0 0
 16 120379.000 107432.000 0 0 0.000 0.000 0.000 0.145 0 1 0 0 0 0
 17 113427.000 119291.000 0 0 0.000 0.000 0.000 0.130 0 1 0 0 0 0
 18 118412.000 114994.000 0 0 0.000 0.000 0.000 0.138 0 1 0 0 0 0
 19 83827.000 119210.000 0 0 0.000 0.000 0.000 0.135 0 1 0 0 0 0
 20 75331.000 104814.000 0 0 0.000 0.000 0.000 0.130 0 1 0 0 0 0
 21 74809.000 100415.000 0 0 0.000 0.000 0.000 0.130 0 1 0 0 0 0
 22 90025.000 77042.000 0 0 0.000 0.000 0.000 0.144 0 1 0 0 0 0
 23 113658.000 78896.000 0 0 0.000 0.000 0.000 0.142 0 1 0 0 0 0
 24 82368.000 81619.000 0 0 0.000 0.000 0.000 0.132 0 1 0 0 0 0
 25 114322.000 79191.000 0 0 0.000 0.000 0.000 0.139 0 1 0 0 0 0
 26 110926.000 123693.000 0 0 0.000 0.000 0.000 0.143 0 1 0 0 0 0
 27 121065.000 117395.000 0 0 0.000 0.000 0.000 0.139 0 1 0 0 0 0
 28 127952.000 102134.000 0 0 0.000 0.000 0.000 0.135 0 1 0 0 0 0
 29 80008.000 120717.000 0 0 0.000 0.000 0.000 0.131 0 1 0 0 0 0
 30 95717.000 71656.000 0 0 0.000 0.000 0.000 0.130 0 1 0 0 0 0
 31 70943.000 95138.000 0 0 0.000 0.000 0.000 0.131 0 1 0 0 0 0
 32 128136.000 110448.000 0 0 0.000 0.000 0.000 0.132 0 1 0 0 0 0
 33 110372.000 128717.000 0 0 0.000 0.000 0.000 0.137 0 1 0 0 0 0
 34 106130.000 68993.000 0 0 0.000 0.000 0.000 0.163 0 1 0 0 0 0
 35 117509.000 73100.000 0 0 0.000 0.000 0.000 0.131 0 1 0 0 0 0
 36 84264.000 130109.000 0 0 0.000 0.000 0.000 0.151 0 1 0 0 0 0
 37 70334.000 117786.000 0 0 0.000 0.000 0.000 0.137 0 1 0 0 0 0
 38 65360.000 96653.000 0 0 0.000 0.000 0.000 0.158 0 1 0 0 0 0
 39 117044.000 130208.000 0 0 0.000 0.000 0.000 0.135 0 1 0 0 0 0
 40 64525.000 97267.000 0 0 0.000 0.000 0.000 0.133 0 1 0 0 0 0
 41 125345.000 124650.000 0 0 0.000 0.000 0.000 0.138 0 1 0 0 0 0
 42 135549.000 94467.000 0 0 0.000 0.000 0.000 0.132 0 1 0 0 0 0
 43 85150.000 133793.000 0 0 0.000 0.000 0.000 0.142 0 1 0 0 0 0
 44 95327.000 63518.000 0 0 0.000 0.000 0.000 0.156 0 1 0 0 0 0
 45 136730.000 97995.000 0 0 0.000 0.000 0.000 0.139 0 1 0 0 0 0
 46 65281.000 113425.000 0 0 0.000 0.000 0.000 0.132 0 1 0 0 0 0
 47 104437.000 63130.000 0 0 0.000 0.000 0.000 0.137 0 1 0 0 0 0
 48 80644.000 67464.000 0 0 0.000 0.000 0.000 0.135 0 1 0 0 0 0
 49 96548.000 62365.000 0 0 0.000 0.000 0.000 0.131 0 1 0 0 0 0
 50 137515.000 95220.000 0 0 0.000 0.000 0.000 0.137 0 1 0 0 0 0
 51 61799.000 107151.000 0 0 0.000 0.000 0.000 0.140 0 1 0 0 0 0
 52 82680.000 134862.000 0 0 0.000 0.000 0.000 0.132 0 1 0 0 0 0
 53 134892.000 116863.000 0 0 0.000 0.000 0.000 0.132 0 1 0 0 0 0
 54 131348.000 122992.000 0 0 0.000 0.000 0.000 0.139 0 1 0 0 0 0
 55 74069.000 70049.000 0 0 0.000 0.000 0.000 0.136 0 1 0 0 0 0
 56 139946.000 95663.000 0 0 0.000 0.000 0.000 0.134 0 1 0 0 0 0
 57 60746.000 111179.000 0 0 0.000 0.000 0.000 0.131 0 1 0 0 0 0
 58 132360.000 75697.000 0 0 0.000 0.000 0.000 0.137 0 1 0 0 0 0
 59 139240.000 89598.000 0 0 0.000 0.000 0.000 0.130 0 1 0 0 0 0
 60 58800.000 105257.000 0 0 0.000 0.000 0.000 0.137 0 1 0 0 0 0
 61 104061.000 141314.000 0 0 0.000 0.000 0.000 0.132 0 1 0 0 0 0
 62 66530.000 74503.000 0 0 0.000 0.000 0.000 0.134 0 1 0 0 0 0
 63 141305.000 109191.000 0 0 0.000 0.000 0.000 0.134 0 1 0 0 0 0
 64 62019.000 119926.000 0 0 0.000 0.000 0.000 0.131 0 1 0 0 0 0
 65 78570.000 137725.000 0 0 0.000 0.000 0.000 0.138 0 1 0 0 0 0
 66 118549.000 60319.000 0 0 0.000 0.000 0.000 0.135 0 1 0 0 0 0
 67 142208.000 86974.000 0 0 0.000 0.000 0.000 0.130 0 1 0 0 0 0
 68 124742.000 62679.000 0 0 0.000 0.000 0.000 0.133 0 1 0 0 0 0
 69 54824.000 97284.000 0 0 0.000 0.000 0.000 0.131 0 1 0 0 0 0
 70 61032.000 76455.000 0 0 0.000 0.000 0.000 0.133 0 1 0 0 0 0
 71 110430.000 144227.000 0 0 0.000 0.000 0.000 0.130 0 1 0 0 0 0
 72 67584.000 66808.000 0 0 0.000 0.000 0.000 0.133 0 1 0 0 0 0
 73 122374.000 140630.000 0 0 0.000 0.000 0.000 0.141 0 1 0 0 0 0
 74 94687.000 146514.000 0 0 0.000 0.000 0.000 0.132 0 1 0 0 0 0
 75 137171.000 71169.000 0 0 0.000 0.000 0.000 0.133 0 1 0 0 0 0
 76 61616.000 71388.000 0 0 0.000 0.000 0.000 0.132 0 1 0 0 0 0
 77 146800.000 88347.000 0 0 0.000 0.000 0.000 0.135 0 1 0 0 0 0
 78 53261.000 82628.000 0 0 0.000 0.000 0.000 0.133 0 1 0 0 0 0
 79 142537.000 126001.000 0 0 0.000 0.000 0.000 0.148 0 1 0 0 0 0
 80 56867.000 73641.000 0 0 0.000 0.000 0.000 0.132 0 1 0 0 0 0
 81 149968.000 95316.000 0 0 0.000 0.000 0.000 0.135 0 1 0 0 0 0
 82 65769.000 137601.000 0 0 0.000 0.000 0.000 0.154 0 1 0 0 0 0
 83 60501.000 132349.000 0 0 0.000 0.000 0.000 0.136 0 1 0 0 0 0
 84 85827.000 50733.000 0 0 0.000 0.000 0.000 0.131 0 1 0 0 0 0
 85 83204.000 148823.000 0 0 0.000 0.000 0.000 0.147 0 1 0 0 0 0
 86 50704.000 83354.000 0 0 0.000 0.000 0.000 0.130 0 1 0 0 0 0
 87 118534.000 51599.000 0 0 0.000 0.000 0.000 0.133 0 1 0 0 0 0
 88 79282.000 149025.000 0 0 0.000 0.000 0.000 0.143 0 1 0 0 0 0
 89 50424.000 78251.000 0 0 0.000 0.000 0.000 0.138 0 1 0 0 0 0
 90 108760.000 153720.000 0 0 0.000 0.000 0.000 0.135 0 1 0 0 0 0
 91 54014.000 129924.000 0 0 0.000 0.000 0.000 0.144 0 1 0 0 0 0
 92 48674.000 80352.000 0 0 0.000 0.000 0.000 0.131 0 1 0 0 0 0
 93 58065.000 136321.000 0 0 0.000 0.000 0.000 0.153 0 1 0 0 0 0
 94 44114.000 96169.000 0 0 0.000 0.000 0.000 0.142 0 1 0 0 0 0
 95 154393.000 113914.000 0 0 0.000 0.000 0.000 0.137 0 1 0 0 0 0
 96 99673.000 156473.000 0 0 0.000 0.000 0.000 0.142 0 1 0 0 0 0
 97 46802.000 79467.000 0 0 0.000 0.000 0.000 0.145 0 1 0 0 0 0
 98 152159.000 123189.000 0 0 0.000 0.000 0.000 0.144 0 1 0 0 0 0
 99 95680.000 157407.000 0 0 0.000 0.000 0.000 0.130 0 1 0 0 0 0
 100 92612.000 157722.000 0 0 0.000 0.000 0.000 0.140 0 1 0 0 0 0
 101 43055.000 113213.000 0 0 0.000 0.000 0.000 0.133 0 1 0 0 0 0
 102 75984.000 46827.000 0 0 0.000 0.000 0.000 200000.000 0 1 0 200 0 0
 103 81413.000 156204.000 0 0 0.000 0.000 0.000 0.135 0 1 0 0 0 0
 104 59820.000 144550.000 0 0 0.000 0.000 0.000 0.153 0 1 0 0 0 0
 105 62475.000 147099.000 0 0 0.000 0.000 0.000 0.200 0 1 0 0 0 0
 106 89713.000 159654.000 0 0 0.000 0.000 0.000 0.135 0 1 0 0 0 0
 107 147056.000 137999.000 0 0 0.000 0.000 0.000 0.130 0 1 0 0 0 0
 108 64804.000 49774.000 0 0 0.000 0.000 0.000 0.132 0 1 0 0 0 0
 109 84061.000 159838.000 0 0 0.000 0.000 0.000 0.133 0 1 0 0 0 0
 110 130873.000 153554.000 0 0 0.000 0.000 0.000 0.130 0 1 0 0 0 0
 111 159628.000 118769.000 0 0 0.000 0.000 0.000 0.146 0 1 0 0 0 0
 112 67395.000 153847.000 0 0 0.000 0.000 0.000 0.133 0 1 0 0 0 0
 113 155949.000 71995.000 0 0 0.000 0.000 0.000 0.137 0 1 0 0 0 0
 114 129979.000 155056.000 0 0 0.000 0.000 0.000 0.132 0 1 0 0 0 0
 115 162772.000 108465.000 0 0 0.000 0.000 0.000 0.135 0 1 0 0 0 0
 116 139671.000 149354.000 0 0 0.000 0.000 0.000 0.145 0 1 0 0 0 0
 117 57273.000 148498.000 0 0 0.000 0.000 0.000 0.138 0 1 0 0 0 0
 118 163721.000 92451.000 0 0 0.000 0.000 0.000 0.132 0 1 0 0 0 0
 119 45978.000 135783.000 0 0 0.000 0.000 0.000 0.132 0 1 0 0 0 0
 120 40487.000 73456.000 0 0 0.000 0.000 0.000 0.131 0 1 0 0 0 0
 121 35589.000 85698.000 0 0 0.000 0.000 0.000 0.132 0 1 0 0 0 0
 122 102460.000 165903.000 0 0 0.000 0.000 0.000 0.131 0 1 0 0 0 0
 123 161533.000 123223.000 0 0 0.000 0.000 0.000 0.132 0 1 0 0 0 0
 124 108688.000 165905.000 0 0 0.000 0.000 0.000 0.134 0 1 0 0 0 0
 125 36885.000 121689.000 0 0 0.000 0.000 0.000 0.135 0 1 0 0 0 0
 126 120983.000 36819.000 0 0 0.000 0.000 0.000 0.132 0 1 0 0 0 0
 127 141872.000 152149.000 0 0 0.000 0.000 0.000 0.145 0 1 0 0 0 0
 128 45007.000 61129.000 0 0 0.000 0.000 0.000 0.159 0 1 0 0 0 0
 129 158344.000 134972.000 0 0 0.000 0.000 0.000 0.140 0 1 0 0 0 0
 130 65991.000 159627.000 0 0 0.000 0.000 0.000 0.133 0 1 0 0 0 0
 131 168741.000 102320.000 0 0 0.000 0.000 0.000 0.130 0 1 0 0 0 0
 132 64225.000 40199.000 0 0 0.000 0.000 0.000 0.131 0 1 0 0 0 0
 133 32398.000 123281.000 0 0 0.000 0.000 0.000 0.137 0 1 0 0 0 0
 134 74861.000 33283.000 0 0 0.000 0.000 0.000 0.133 0 1 0 0 0 0
 135 49619.000 48996.000 0 0 0.000 0.000 0.000 0.130 0 1 0 0 0 0
 136 169858.000 115110.000 0 0 0.000 0.000 0.000 0.130 0 1 0 0 0 0
 137 27295.000 112158.000 0 0 0.000 0.000 0.000 0.137 0 1 0 0 0 0
 138 131045.000 166497.000 0 0 0.000 0.000 0.000 0.130 0 1 0 0 0 0
 139 119741.000 27200.000 0 0 0.000 0.000 0.000 0.135 0 1 0 0 0 0
 140 48644.000 156263.000 0 0 0.000 0.000 0.000 0.133 0 1 0 0 0 0
 141 174586.000 82840.000 0 0 0.000 0.000 0.000 0.131 0 1 0 0 0 0
 142 141688.000 166046.000 0 0 0.000 0.000 0.000 0.132 0 1 0 0 0 0
 143 179040.000 113175.000 0 0 0.000 0.000 0.000 0.133 0 1 0 0 0 0
 144 148421.000 165089.000 0 0 0.000 0.000 0.000 0.133 0 1 0 0 0 0
 145 125125.000 21955.000 0 0 0.000 0.000 0.000 200000.000 0 1 0 200 0 0
 146 166441.000 149107.000 0 0 0.000 0.000 0.000 0.143 0 1 0 0 0 0
 147 163277.000 156155.000 0 0 0.000 0.000 0.000 0.138 0 1 0 0 0 0
 148 98338.000 13444.000 0 0 0.000 0.000 0.000 0.246 0 1 0 0 0 0
 149 19605.000 137304.000 0 0 0.000 0.000 0.000 0.216 0 1 0 0 0 0
 150 182880.000 133808.000 0 0 0.000 0.000 0.000 0.133 0 1 0 0 0 0
 151 10508.000 118217.000 0 0 0.000 0.000 0.000 0.131 0 1 0 0 0 0
 152 183861.000 136310.000 0 0 0.000 0.000 0.000 0.132 0 1 0 0 0 0;
ProcessEquipmentIDList 1
  "R494" ;
SummarySpec 5
  TESTNO    NDEFECT    DEFDENSITY    NDIE    NDEFDIE  ;
SummaryList 
  1    152    0.5557    1    1  ;
EndOfFile;
