FileVersion 1 2;
FileTimestamp 02-26-26 09:32:16;
InspectionStationID "KLA-Tencor" "SFSSP1" "0901-0728-TBI";
SampleType WAFER;
ResultTimestamp 02-26-26 09:29:29;
LotID "2580";
SampleSize 1 200;
DeviceID "None";
SetupID "T2-2580NR" 02-26-26 09:29:29;
StepID "7083";
SampleOrientationMarkType NOTCH;
OrientationMarkLocation DOWN;
DiePitch 200000 200000;
DieOrigin 0 0;
WaferID "04";
Slot 4;
SampleCenterLocation 100000 100000;
ClassLookup 1
  0 "0"  ;
OrientationInstructions "Front";
CoordinatesMirrored No;
InspectionTest 1;
SampleTestPlan 1
  0 0 ;
AreaPerTest 2.73516e+010;
ClusterClassificationList 1
  1 200 ;
DefectRecordSpec 15 DEFECTID XREL YREL XINDEX YINDEX XSIZE YSIZE DEFECTAREA DSIZE CLASSNUMBER TEST CLUSTERNUMBER ROUGHBINNUMBER FINEBINNUMBER REVIEWSAMPLE ;
DefectList
 1 101419.000 101273.000 0 0 0.000 0.000 0.000 0.133 0 1 0 0 0 0
 2 92286.000 104840.000 0 0 0.000 0.000 0.000 0.154 0 1 0 0 0 0
 3 100945.000 110712.000 0 0 0.000 0.000 0.000 0.132 0 1 0 0 0 0
 4 95919.000 90090.000 0 0 0.000 0.000 0.000 0.144 0 1 0 0 0 0
 5 101131.000 89492.000 0 0 0.000 0.000 0.000 0.132 0 1 0 0 0 0
 6 107817.000 109969.000 0 0 0.000 0.000 0.000 0.140 0 1 0 0 0 0
 7 110021.000 108229.000 0 0 0.000 0.000 0.000 0.130 0 1 0 0 0 0
 8 95310.000 88044.000 0 0 0.000 0.000 0.000 0.130 0 1 0 0 0 0
 9 90786.000 90682.000 0 0 0.000 0.000 0.000 0.157 0 1 0 0 0 0
 10 111713.000 109181.000 0 0 0.000 0.000 0.000 0.140 0 1 0 0 0 0
 11 109603.000 87399.000 0 0 0.000 0.000 0.000 0.150 0 1 0 0 0 0
 12 87178.000 86951.000 0 0 0.000 0.000 0.000 0.136 0 1 0 0 0 0
 13 95115.000 82564.000 0 0 0.000 0.000 0.000 0.153 0 1 0 0 0 0
 14 107624.000 82210.000 0 0 0.000 0.000 0.000 0.145 0 1 0 0 0 0
 15 114004.000 86173.000 0 0 0.000 0.000 0.000 0.131 0 1 0 0 0 0
 16 118284.000 91533.000 0 0 0.000 0.000 0.000 0.137 0 1 0 0 0 0
 17 120568.000 97525.000 0 0 0.000 0.000 0.000 0.142 0 1 0 0 0 0
 18 113113.000 116600.000 0 0 0.000 0.000 0.000 0.140 0 1 0 0 0 0
 19 117241.000 87493.000 0 0 0.000 0.000 0.000 0.138 0 1 0 0 0 0
 20 118426.000 111722.000 0 0 0.000 0.000 0.000 0.133 0 1 0 0 0 0
 21 97935.000 78419.000 0 0 0.000 0.000 0.000 0.134 0 1 0 0 0 0
 22 121426.000 108110.000 0 0 0.000 0.000 0.000 0.134 0 1 0 0 0 0
 23 100989.000 76779.000 0 0 0.000 0.000 0.000 0.151 0 1 0 0 0 0
 24 79856.000 87514.000 0 0 0.000 0.000 0.000 0.143 0 1 0 0 0 0
 25 117817.000 116267.000 0 0 0.000 0.000 0.000 0.130 0 1 0 0 0 0
 26 108026.000 122938.000 0 0 0.000 0.000 0.000 0.137 0 1 0 0 0 0
 27 115541.000 81145.000 0 0 0.000 0.000 0.000 0.138 0 1 0 0 0 0
 28 124972.000 94055.000 0 0 0.000 0.000 0.000 0.152 0 1 0 0 0 0
 29 85865.000 78244.000 0 0 0.000 0.000 0.000 0.160 0 1 0 0 0 0
 30 124867.000 90487.000 0 0 0.000 0.000 0.000 0.135 0 1 0 0 0 0
 31 118015.000 119843.000 0 0 0.000 0.000 0.000 0.153 0 1 0 0 0 0
 32 100800.000 73139.000 0 0 0.000 0.000 0.000 0.134 0 1 0 0 0 0
 33 125972.000 107824.000 0 0 0.000 0.000 0.000 0.161 0 1 0 0 0 0
 34 85161.000 123280.000 0 0 0.000 0.000 0.000 0.130 0 1 0 0 0 0
 35 127184.000 95523.000 0 0 0.000 0.000 0.000 0.149 0 1 0 0 0 0
 36 127691.000 98666.000 0 0 0.000 0.000 0.000 0.136 0 1 0 0 0 0
 37 114648.000 123977.000 0 0 0.000 0.000 0.000 0.151 0 1 0 0 0 0
 38 88572.000 72913.000 0 0 0.000 0.000 0.000 0.133 0 1 0 0 0 0
 39 87269.000 127106.000 0 0 0.000 0.000 0.000 0.138 0 1 0 0 0 0
 40 128965.000 93224.000 0 0 0.000 0.000 0.000 0.140 0 1 0 0 0 0
 41 70224.000 94520.000 0 0 0.000 0.000 0.000 0.144 0 1 0 0 0 0
 42 129989.000 94979.000 0 0 0.000 0.000 0.000 0.132 0 1 0 0 0 0
 43 116299.000 73189.000 0 0 0.000 0.000 0.000 0.142 0 1 0 0 0 0
 44 125236.000 80890.000 0 0 0.000 0.000 0.000 0.132 0 1 0 0 0 0
 45 106248.000 131494.000 0 0 0.000 0.000 0.000 0.135 0 1 0 0 0 0
 46 71305.000 114545.000 0 0 0.000 0.000 0.000 0.146 0 1 0 0 0 0
 47 68684.000 92101.000 0 0 0.000 0.000 0.000 0.138 0 1 0 0 0 0
 48 81521.000 73670.000 0 0 0.000 0.000 0.000 0.137 0 1 0 0 0 0
 49 124246.000 121928.000 0 0 0.000 0.000 0.000 0.145 0 1 0 0 0 0
 50 78725.000 126261.000 0 0 0.000 0.000 0.000 0.144 0 1 0 0 0 0
 51 71403.000 81406.000 0 0 0.000 0.000 0.000 0.168 0 1 0 0 0 0
 52 130983.000 114949.000 0 0 0.000 0.000 0.000 0.132 0 1 0 0 0 0
 53 89789.000 67312.000 0 0 0.000 0.000 0.000 0.142 0 1 0 0 0 0
 54 133078.000 89876.000 0 0 0.000 0.000 0.000 0.140 0 1 0 0 0 0
 55 109778.000 133935.000 0 0 0.000 0.000 0.000 0.131 0 1 0 0 0 0
 56 124412.000 125798.000 0 0 0.000 0.000 0.000 0.159 0 1 0 0 0 0
 57 101531.000 135644.000 0 0 0.000 0.000 0.000 0.133 0 1 0 0 0 0
 58 81016.000 130387.000 0 0 0.000 0.000 0.000 0.138 0 1 0 0 0 0
 59 129318.000 120880.000 0 0 0.000 0.000 0.000 0.144 0 1 0 0 0 0
 60 102334.000 136476.000 0 0 0.000 0.000 0.000 0.143 0 1 0 0 0 0
 61 64557.000 91582.000 0 0 0.000 0.000 0.000 0.130 0 1 0 0 0 0
 62 80992.000 131933.000 0 0 0.000 0.000 0.000 0.133 0 1 0 0 0 0
 63 63452.000 106289.000 0 0 0.000 0.000 0.000 0.130 0 1 0 0 0 0
 64 103759.000 63424.000 0 0 0.000 0.000 0.000 0.131 0 1 0 0 0 0
 65 73470.000 74034.000 0 0 0.000 0.000 0.000 0.136 0 1 0 0 0 0
 66 137218.000 104361.000 0 0 0.000 0.000 0.000 0.134 0 1 0 0 0 0
 67 72768.000 73702.000 0 0 0.000 0.000 0.000 0.145 0 1 0 0 0 0
 68 79206.000 132417.000 0 0 0.000 0.000 0.000 0.132 0 1 0 0 0 0
 69 63194.000 112774.000 0 0 0.000 0.000 0.000 0.133 0 1 0 0 0 0
 70 118822.000 65192.000 0 0 0.000 0.000 0.000 0.145 0 1 0 0 0 0
 71 126052.000 130208.000 0 0 0.000 0.000 0.000 0.130 0 1 0 0 0 0
 72 77529.000 65279.000 0 0 0.000 0.000 0.000 0.135 0 1 0 0 0 0
 73 90454.000 59602.000 0 0 0.000 0.000 0.000 0.134 0 1 0 0 0 0
 74 142042.000 95905.000 0 0 0.000 0.000 0.000 0.132 0 1 0 0 0 0
 75 135053.000 124369.000 0 0 0.000 0.000 0.000 0.144 0 1 0 0 0 0
 76 133270.000 73455.000 0 0 0.000 0.000 0.000 0.142 0 1 0 0 0 0
 77 106231.000 142898.000 0 0 0.000 0.000 0.000 0.133 0 1 0 0 0 0
 78 57538.000 112506.000 0 0 0.000 0.000 0.000 0.130 0 1 0 0 0 0
 79 145984.000 105028.000 0 0 0.000 0.000 0.000 0.146 0 1 0 0 0 0
 80 141632.000 122268.000 0 0 0.000 0.000 0.000 0.142 0 1 0 0 0 0
 81 99316.000 52818.000 0 0 0.000 0.000 0.000 0.133 0 1 0 0 0 0
 82 95753.000 52148.000 0 0 0.000 0.000 0.000 0.134 0 1 0 0 0 0
 83 138806.000 70167.000 0 0 0.000 0.000 0.000 0.131 0 1 0 0 0 0
 84 147345.000 114683.000 0 0 0.000 0.000 0.000 0.133 0 1 0 0 0 0
 85 80102.000 146379.000 0 0 0.000 0.000 0.000 0.131 0 1 0 0 0 0
 86 92189.000 150380.000 0 0 0.000 0.000 0.000 0.144 0 1 0 0 0 0
 87 49983.000 90062.000 0 0 0.000 0.000 0.000 0.135 0 1 0 0 0 0
 88 88351.000 50381.000 0 0 0.000 0.000 0.000 0.133 0 1 0 0 0 0
 89 149077.000 115227.000 0 0 0.000 0.000 0.000 0.141 0 1 0 0 0 0
 90 109881.000 150859.000 0 0 0.000 0.000 0.000 0.133 0 1 0 0 0 0
 91 98315.000 151890.000 0 0 0.000 0.000 0.000 0.130 0 1 0 0 0 0
 92 151610.000 105213.000 0 0 0.000 0.000 0.000 0.131 0 1 0 0 0 0
 93 69361.000 142170.000 0 0 0.000 0.000 0.000 0.133 0 1 0 0 0 0
 94 74994.000 53919.000 0 0 0.000 0.000 0.000 0.133 0 1 0 0 0 0
 95 152378.000 105282.000 0 0 0.000 0.000 0.000 0.133 0 1 0 0 0 0
 96 52823.000 123982.000 0 0 0.000 0.000 0.000 0.131 0 1 0 0 0 0
 97 83162.000 150508.000 0 0 0.000 0.000 0.000 0.133 0 1 0 0 0 0
 98 49306.000 116457.000 0 0 0.000 0.000 0.000 0.137 0 1 0 0 0 0
 99 54980.000 128992.000 0 0 0.000 0.000 0.000 0.131 0 1 0 0 0 0
 100 142612.000 132601.000 0 0 0.000 0.000 0.000 0.145 0 1 0 0 0 0
 101 51219.000 123498.000 0 0 0.000 0.000 0.000 0.147 0 1 0 0 0 0
 102 126263.000 147452.000 0 0 0.000 0.000 0.000 0.132 0 1 0 0 0 0
 103 50170.000 122033.000 0 0 0.000 0.000 0.000 0.131 0 1 0 0 0 0
 104 141207.000 63900.000 0 0 0.000 0.000 0.000 0.132 0 1 0 0 0 0
 105 155486.000 100847.000 0 0 0.000 0.000 0.000 0.144 0 1 0 0 0 0
 106 151802.000 80150.000 0 0 56.000 40.000 2240.000 47.328 0 1 1 200 0 0
 107 151930.000 80051.000 0 0 56.000 40.000 2240.000 47.328 0 1 1 200 0 0
 108 154292.000 87989.000 0 0 0.000 0.000 0.000 0.130 0 1 0 0 0 0
 109 151646.000 121299.000 0 0 0.000 0.000 0.000 0.134 0 1 0 0 0 0
 110 113020.000 154539.000 0 0 0.000 0.000 0.000 0.131 0 1 0 0 0 0
 111 152065.000 79586.000 0 0 56.000 42.000 2352.000 48.497 0 1 1 200 0 0
 112 152114.000 79648.000 0 0 56.000 42.000 2352.000 48.497 0 1 1 200 0 0
 113 152530.000 79818.000 0 0 56.000 40.000 2240.000 47.328 0 1 1 200 0 0
 114 152324.000 79715.000 0 0 56.000 42.000 2352.000 48.497 0 1 1 200 0 0
 115 108694.000 44274.000 0 0 0.000 0.000 0.000 0.132 0 1 0 0 0 0
 116 152581.000 79515.000 0 0 56.000 42.000 2352.000 48.497 0 1 1 200 0 0
 117 152733.000 79520.000 0 0 56.000 42.000 2352.000 48.497 0 1 1 200 0 0
 118 152766.000 79583.000 0 0 56.000 42.000 2352.000 48.497 0 1 1 200 0 0
 119 45906.000 80690.000 0 0 0.000 0.000 0.000 0.130 0 1 0 0 0 0
 120 156950.000 91327.000 0 0 0.000 0.000 0.000 0.133 0 1 0 0 0 0
 121 144241.000 63064.000 0 0 0.000 0.000 0.000 0.134 0 1 0 0 0 0
 122 88577.000 156995.000 0 0 0.000 0.000 0.000 0.141 0 1 0 0 0 0
 123 55938.000 61215.000 0 0 0.000 0.000 0.000 0.142 0 1 0 0 0 0
 124 139274.000 56560.000 0 0 0.000 0.000 0.000 0.130 0 1 0 0 0 0
 125 132406.000 149380.000 0 0 0.000 0.000 0.000 0.155 0 1 0 0 0 0
 126 154959.000 78674.000 0 0 0.000 0.000 0.000 0.143 0 1 0 0 0 0
 127 129262.000 48728.000 0 0 0.000 0.000 0.000 0.142 0 1 0 0 0 0
 128 77113.000 45530.000 0 0 0.000 0.000 0.000 0.139 0 1 0 0 0 0
 129 149875.000 133198.000 0 0 0.000 0.000 0.000 0.135 0 1 0 0 0 0
 130 108258.000 159775.000 0 0 0.000 0.000 0.000 0.140 0 1 0 0 0 0
 131 75965.000 155420.000 0 0 0.000 0.000 0.000 0.144 0 1 0 0 0 0
 132 156963.000 120630.000 0 0 0.000 0.000 0.000 0.135 0 1 0 0 0 0
 133 115127.000 39639.000 0 0 0.000 0.000 0.000 0.145 0 1 0 0 0 0
 134 163877.000 97907.000 0 0 0.000 0.000 0.000 0.147 0 1 0 0 0 0
 135 79051.000 161124.000 0 0 0.000 0.000 0.000 0.136 0 1 0 0 0 0
 136 40195.000 125209.000 0 0 0.000 0.000 0.000 0.136 0 1 0 0 0 0
 137 49837.000 58598.000 0 0 0.000 0.000 0.000 0.138 0 1 0 0 0 0
 138 165925.000 98428.000 0 0 0.000 0.000 0.000 0.133 0 1 0 0 0 0
 139 154867.000 137063.000 0 0 0.000 0.000 0.000 0.160 0 1 0 0 0 0
 140 64242.000 44056.000 0 0 0.000 0.000 0.000 200000.000 0 1 0 200 0 0
 141 152400.000 57496.000 0 0 0.000 0.000 0.000 0.132 0 1 0 0 0 0
 142 113752.000 166674.000 0 0 0.000 0.000 0.000 0.131 0 1 0 0 0 0
 143 154277.000 58777.000 0 0 0.000 0.000 0.000 0.148 0 1 0 0 0 0
 144 167629.000 110634.000 0 0 0.000 0.000 0.000 0.132 0 1 0 0 0 0
 145 129320.000 162609.000 0 0 0.000 0.000 0.000 0.140 0 1 0 0 0 0
 146 107269.000 28980.000 0 0 0.000 0.000 0.000 0.148 0 1 0 0 0 0
 147 143923.000 159586.000 0 0 0.000 0.000 0.000 0.138 0 1 0 0 0 0
 148 59817.000 36120.000 0 0 0.000 0.000 0.000 0.138 0 1 0 0 0 0
 149 171897.000 127286.000 0 0 0.000 0.000 0.000 0.174 0 1 0 0 0 0
 150 79876.000 24055.000 0 0 0.000 0.000 0.000 0.131 0 1 0 0 0 0
 151 109583.000 179152.000 0 0 0.000 0.000 0.000 0.130 0 1 0 0 0 0
 152 6533.000 95292.000 0 0 0.000 0.000 0.000 0.151 0 1 0 0 0 0
 153 151304.000 80138.000 0 0 9.518 24.586 234.024 15.297 0 1 1 200 0 0
 154 151443.000 80030.000 0 0 7.656 19.722 151.002 12.288 0 1 1 200 0 0
 155 151453.000 80059.000 0 0 13.378 34.520 461.852 21.490 0 1 1 200 0 0
 156 151466.000 80087.000 0 0 6.684 17.277 115.493 10.746 0 1 1 200 0 0
 157 151582.000 79919.000 0 0 4.816 12.372 59.591 7.719 0 1 1 200 0 0
 158 151613.000 79999.000 0 0 19.180 49.493 949.299 30.810 0 1 1 200 0 0
 159 151635.000 80054.000 0 0 9.558 24.744 236.529 15.379 0 1 1 200 0 0
 160 151765.000 79919.000 0 0 49.094 126.552 6213.034 78.822 0 1 1 200 0 0
 161 151797.000 80003.000 0 0 8.629 22.352 192.898 13.888 0 1 1 200 0 0
 162 151918.000 79847.000 0 0 56.995 146.832 8368.849 91.481 0 1 1 200 0 0
 163 152078.000 79789.000 0 0 54.260 139.809 7586.114 87.098 0 1 1 200 0 0
 164 152240.000 79733.000 0 0 52.467 135.236 7095.493 84.234 0 1 1 200 0 0
 165 152379.000 79625.000 0 0 3.905 10.040 39.216 6.262 0 1 1 200 0 0
 166 152404.000 79687.000 0 0 15.575 40.181 625.854 25.017 0 1 1 200 0 0
 167 152424.000 79739.000 0 0 6.801 17.598 119.702 10.940 0 1 1 200 0 0
 168 152586.000 79685.000 0 0 5.841 15.120 88.322 9.397 0 1 1 200 0 0;
ProcessEquipmentIDList 1
  "6411" ;
SummarySpec 5
  TESTNO    NDEFECT    DEFDENSITY    NDIE    NDEFDIE  ;
SummaryList 
  1    168    0.6142    1    1  ;
EndOfFile;
