FileVersion 1 2;
FileTimestamp 02-26-26 09:48:00;
InspectionStationID "KLA-Tencor" "SFSSP1" "0901-0728-TBI";
SampleType WAFER;
ResultTimestamp 02-26-26 09:29:29;
LotID "2580";
SampleSize 1 200;
DeviceID "None";
SetupID "T2-2580NR" 02-26-26 09:29:29;
StepID "7083";
SampleOrientationMarkType NOTCH;
OrientationMarkLocation DOWN;
DiePitch 200000 200000;
DieOrigin 0 0;
WaferID "23";
Slot 23;
SampleCenterLocation 100000 100000;
ClassLookup 1
  0 "0"  ;
OrientationInstructions "Front";
CoordinatesMirrored No;
InspectionTest 1;
SampleTestPlan 1
  0 0 ;
AreaPerTest 2.73516e+010;
ClusterClassificationList 1
  1 200 ;
DefectRecordSpec 15 DEFECTID XREL YREL XINDEX YINDEX XSIZE YSIZE DEFECTAREA DSIZE CLASSNUMBER TEST CLUSTERNUMBER ROUGHBINNUMBER FINEBINNUMBER REVIEWSAMPLE ;
DefectList
 1 101044.000 95519.000 0 0 0.000 0.000 0.000 0.153 0 1 0 0 0 0
 2 102515.000 95149.000 0 0 0.000 0.000 0.000 0.131 0 1 0 0 0 0
 3 106447.000 100519.000 0 0 0.000 0.000 0.000 0.133 0 1 0 0 0 0
 4 96860.000 107849.000 0 0 0.000 0.000 0.000 0.139 0 1 0 0 0 0
 5 97690.000 108866.000 0 0 0.000 0.000 0.000 0.134 0 1 0 0 0 0
 6 94851.000 90312.000 0 0 0.000 0.000 0.000 0.140 0 1 0 0 0 0
 7 89699.000 93704.000 0 0 0.000 0.000 0.000 0.144 0 1 0 0 0 0
 8 111410.000 104618.000 0 0 0.000 0.000 0.000 0.134 0 1 0 0 0 0
 9 87806.000 96103.000 0 0 0.000 0.000 0.000 0.133 0 1 0 0 0 0
 10 88261.000 95221.000 0 0 0.000 0.000 0.000 0.132 0 1 0 0 0 0
 11 103037.000 112926.000 0 0 0.000 0.000 0.000 0.158 0 1 0 0 0 0
 12 93358.000 88789.000 0 0 0.000 0.000 0.000 0.138 0 1 0 0 0 0
 13 94170.000 87435.000 0 0 0.000 0.000 0.000 0.139 0 1 0 0 0 0
 14 104752.000 87132.000 0 0 0.000 0.000 0.000 0.151 0 1 0 0 0 0
 15 114558.000 101859.000 0 0 0.000 0.000 0.000 0.130 0 1 0 0 0 0
 16 107885.000 112709.000 0 0 0.000 0.000 0.000 0.139 0 1 0 0 0 0
 17 114405.000 104570.000 0 0 0.000 0.000 0.000 0.141 0 1 0 0 0 0
 18 84576.000 99887.000 0 0 0.000 0.000 0.000 0.149 0 1 0 0 0 0
 19 109484.000 87996.000 0 0 0.000 0.000 0.000 0.141 0 1 0 0 0 0
 20 107494.000 85350.000 0 0 0.000 0.000 0.000 0.130 0 1 0 0 0 0
 21 110513.000 87309.000 0 0 0.000 0.000 0.000 0.151 0 1 0 0 0 0
 22 89384.000 114026.000 0 0 0.000 0.000 0.000 0.134 0 1 0 0 0 0
 23 96708.000 82400.000 0 0 0.000 0.000 0.000 0.134 0 1 0 0 0 0
 24 94256.000 82349.000 0 0 0.000 0.000 0.000 0.130 0 1 0 0 0 0
 25 99640.000 120531.000 0 0 0.000 0.000 0.000 0.140 0 1 0 0 0 0
 26 85543.000 86042.000 0 0 0.000 0.000 0.000 0.136 0 1 0 0 0 0
 27 120242.000 98283.000 0 0 0.000 0.000 0.000 0.132 0 1 0 0 0 0
 28 119514.000 92599.000 0 0 0.000 0.000 0.000 0.130 0 1 0 0 0 0
 29 119643.000 108772.000 0 0 0.000 0.000 0.000 0.137 0 1 0 0 0 0
 30 121123.000 104110.000 0 0 0.000 0.000 0.000 0.136 0 1 0 0 0 0
 31 119263.000 89050.000 0 0 0.000 0.000 0.000 0.140 0 1 0 0 0 0
 32 77959.000 96092.000 0 0 0.000 0.000 0.000 0.131 0 1 0 0 0 0
 33 78958.000 91159.000 0 0 0.000 0.000 0.000 0.138 0 1 0 0 0 0
 34 118939.000 113737.000 0 0 0.000 0.000 0.000 0.130 0 1 0 0 0 0
 35 123099.000 105583.000 0 0 0.000 0.000 0.000 0.136 0 1 0 0 0 0
 36 86298.000 79137.000 0 0 0.000 0.000 0.000 0.138 0 1 0 0 0 0
 37 100562.000 75165.000 0 0 0.000 0.000 0.000 0.137 0 1 0 0 0 0
 38 122427.000 87828.000 0 0 0.000 0.000 0.000 0.133 0 1 0 0 0 0
 39 125497.000 98230.000 0 0 0.000 0.000 0.000 0.136 0 1 0 0 0 0
 40 114911.000 78586.000 0 0 0.000 0.000 0.000 0.132 0 1 0 0 0 0
 41 89316.000 75356.000 0 0 0.000 0.000 0.000 0.134 0 1 0 0 0 0
 42 83035.000 122650.000 0 0 0.000 0.000 0.000 0.132 0 1 0 0 0 0
 43 92042.000 72963.000 0 0 0.000 0.000 0.000 0.131 0 1 0 0 0 0
 44 91520.000 127583.000 0 0 0.000 0.000 0.000 0.133 0 1 0 0 0 0
 45 94388.000 128905.000 0 0 0.000 0.000 0.000 0.132 0 1 0 0 0 0
 46 125274.000 115246.000 0 0 0.000 0.000 0.000 0.141 0 1 0 0 0 0
 47 72022.000 110121.000 0 0 0.000 0.000 0.000 0.135 0 1 0 0 0 0
 48 119233.000 77360.000 0 0 0.000 0.000 0.000 0.134 0 1 0 0 0 0
 49 72016.000 86341.000 0 0 0.000 0.000 0.000 0.147 0 1 0 0 0 0
 50 72263.000 84431.000 0 0 0.000 0.000 0.000 0.138 0 1 0 0 0 0
 51 95442.000 132586.000 0 0 0.000 0.000 0.000 0.130 0 1 0 0 0 0
 52 72699.000 81971.000 0 0 0.000 0.000 0.000 0.135 0 1 0 0 0 0
 53 69720.000 87135.000 0 0 0.000 0.000 0.000 0.149 0 1 0 0 0 0
 54 121245.000 126201.000 0 0 0.000 0.000 0.000 0.130 0 1 0 0 0 0
 55 86492.000 131770.000 0 0 0.000 0.000 0.000 0.131 0 1 0 0 0 0
 56 67832.000 112467.000 0 0 0.000 0.000 0.000 0.148 0 1 0 0 0 0
 57 117782.000 70002.000 0 0 0.000 0.000 0.000 0.133 0 1 0 0 0 0
 58 127727.000 122605.000 0 0 0.000 0.000 0.000 0.139 0 1 0 0 0 0
 59 127277.000 124063.000 0 0 0.000 0.000 0.000 0.143 0 1 0 0 0 0
 60 72310.000 76679.000 0 0 0.000 0.000 0.000 0.134 0 1 0 0 0 0
 61 136207.000 102400.000 0 0 0.000 0.000 0.000 0.157 0 1 0 0 0 0
 62 119088.000 131329.000 0 0 0.000 0.000 0.000 0.165 0 1 0 0 0 0
 63 63502.000 105855.000 0 0 0.000 0.000 0.000 0.131 0 1 0 0 0 0
 64 64791.000 112026.000 0 0 0.000 0.000 0.000 0.133 0 1 0 0 0 0
 65 65649.000 85059.000 0 0 0.000 0.000 0.000 0.141 0 1 0 0 0 0
 66 126176.000 127012.000 0 0 0.000 0.000 0.000 0.159 0 1 0 0 0 0
 67 106233.000 63070.000 0 0 0.000 0.000 0.000 0.131 0 1 0 0 0 0
 68 62382.000 105442.000 0 0 0.000 0.000 0.000 0.157 0 1 0 0 0 0
 69 68333.000 121870.000 0 0 0.000 0.000 0.000 0.137 0 1 0 0 0 0
 70 65554.000 116822.000 0 0 0.000 0.000 0.000 0.130 0 1 0 0 0 0
 71 106513.000 61476.000 0 0 0.000 0.000 0.000 0.134 0 1 0 0 0 0
 72 59533.000 101637.000 0 0 0.000 0.000 0.000 0.144 0 1 0 0 0 0
 73 138540.000 87655.000 0 0 0.000 0.000 0.000 0.133 0 1 0 0 0 0
 74 61895.000 84985.000 0 0 0.000 0.000 0.000 0.141 0 1 0 0 0 0
 75 141235.000 101459.000 0 0 0.000 0.000 0.000 0.150 0 1 0 0 0 0
 76 139773.000 111003.000 0 0 0.000 0.000 0.000 0.140 0 1 0 0 0 0
 77 141541.000 91261.000 0 0 0.000 0.000 0.000 0.133 0 1 0 0 0 0
 78 136987.000 121625.000 0 0 0.000 0.000 0.000 0.135 0 1 0 0 0 0
 79 81199.000 61427.000 0 0 0.000 0.000 0.000 0.136 0 1 0 0 0 0
 80 123315.000 137343.000 0 0 0.000 0.000 0.000 0.145 0 1 0 0 0 0
 81 65076.000 72613.000 0 0 0.000 0.000 0.000 0.147 0 1 0 0 0 0
 82 94052.000 55812.000 0 0 0.000 0.000 0.000 0.143 0 1 0 0 0 0
 83 99284.000 55482.000 0 0 0.000 0.000 0.000 0.134 0 1 0 0 0 0
 84 144952.000 103343.000 0 0 0.000 0.000 0.000 0.131 0 1 0 0 0 0
 85 116003.000 57768.000 0 0 0.000 0.000 0.000 0.137 0 1 0 0 0 0
 86 64859.000 129161.000 0 0 0.000 0.000 0.000 0.132 0 1 0 0 0 0
 87 55207.000 92318.000 0 0 0.000 0.000 0.000 0.142 0 1 0 0 0 0
 88 85173.000 57204.000 0 0 0.000 0.000 0.000 0.132 0 1 0 0 0 0
 89 103969.000 54613.000 0 0 0.000 0.000 0.000 0.132 0 1 0 0 0 0
 90 136295.000 128437.000 0 0 0.000 0.000 0.000 0.144 0 1 0 0 0 0
 91 53788.000 103914.000 0 0 0.000 0.000 0.000 0.144 0 1 0 0 0 0
 92 90162.000 54740.000 0 0 0.000 0.000 0.000 0.132 0 1 0 0 0 0
 93 146601.000 106503.000 0 0 0.000 0.000 0.000 0.133 0 1 0 0 0 0
 94 142423.000 120991.000 0 0 0.000 0.000 0.000 0.141 0 1 0 0 0 0
 95 138773.000 72318.000 0 0 0.000 0.000 0.000 0.140 0 1 0 0 0 0
 96 125145.000 141248.000 0 0 0.000 0.000 0.000 0.130 0 1 0 0 0 0
 97 105890.000 150211.000 0 0 0.000 0.000 0.000 0.133 0 1 0 0 0 0
 98 58439.000 69548.000 0 0 0.000 0.000 0.000 0.133 0 1 0 0 0 0
 99 96602.000 48630.000 0 0 0.000 0.000 0.000 0.159 0 1 0 0 0 0
 100 93838.000 151768.000 0 0 0.000 0.000 0.000 0.140 0 1 0 0 0 0
 101 91300.000 151329.000 0 0 0.000 0.000 0.000 0.140 0 1 0 0 0 0
 102 57136.000 129893.000 0 0 0.000 0.000 0.000 0.254 0 1 0 0 0 0
 103 105525.000 48389.000 0 0 0.000 0.000 0.000 0.150 0 1 0 0 0 0
 104 115154.000 150308.000 0 0 0.000 0.000 0.000 0.151 0 1 0 0 0 0
 105 70704.000 143733.000 0 0 0.000 0.000 0.000 0.152 0 1 0 0 0 0
 106 148928.000 78430.000 0 0 0.000 0.000 0.000 0.142 0 1 0 0 0 0
 107 71612.000 145817.000 0 0 0.000 0.000 0.000 0.135 0 1 0 0 0 0
 108 92178.000 153679.000 0 0 0.000 0.000 0.000 0.144 0 1 0 0 0 0
 109 130024.000 146527.000 0 0 0.000 0.000 0.000 0.131 0 1 0 0 0 0
 110 52953.000 129259.000 0 0 0.000 0.000 0.000 0.138 0 1 0 0 0 0
 111 148219.000 72356.000 0 0 0.000 0.000 0.000 0.142 0 1 0 0 0 0
 112 57721.000 63780.000 0 0 0.000 0.000 0.000 0.136 0 1 0 0 0 0
 113 153983.000 114703.000 0 0 0.000 0.000 0.000 0.133 0 1 0 0 0 0
 114 55083.000 65256.000 0 0 0.000 0.000 0.000 0.130 0 1 0 0 0 0
 115 155474.000 114507.000 0 0 0.000 0.000 0.000 0.136 0 1 0 0 0 0
 116 148335.000 131259.000 0 0 0.000 0.000 0.000 0.147 0 1 0 0 0 0
 117 142086.000 60193.000 0 0 0.000 0.000 0.000 0.137 0 1 0 0 0 0
 118 143289.000 60945.000 0 0 0.000 0.000 0.000 0.132 0 1 0 0 0 0
 119 128148.000 151567.000 0 0 0.000 0.000 0.000 0.130 0 1 0 0 0 0
 120 82184.000 156769.000 0 0 0.000 0.000 0.000 0.130 0 1 0 0 0 0
 121 127040.000 47040.000 0 0 0.000 0.000 0.000 0.134 0 1 0 0 0 0
 122 49530.000 135408.000 0 0 0.000 0.000 0.000 0.136 0 1 0 0 0 0
 123 63609.000 50117.000 0 0 0.000 0.000 0.000 0.142 0 1 0 0 0 0
 124 138818.000 148797.000 0 0 0.000 0.000 0.000 0.133 0 1 0 0 0 0
 125 60389.000 52062.000 0 0 0.000 0.000 0.000 0.135 0 1 0 0 0 0
 126 93291.000 162206.000 0 0 0.000 0.000 0.000 0.132 0 1 0 0 0 0
 127 48945.000 63430.000 0 0 0.000 0.000 0.000 0.132 0 1 0 0 0 0
 128 38118.000 113584.000 0 0 0.000 0.000 0.000 0.139 0 1 0 0 0 0
 129 56024.000 53567.000 0 0 0.000 0.000 0.000 0.131 0 1 0 0 0 0
 130 76017.000 40393.000 0 0 0.000 0.000 0.000 200000.000 0 1 0 200 0 0
 131 112794.000 36957.000 0 0 0.000 0.000 0.000 0.131 0 1 0 0 0 0
 132 76154.000 40754.000 0 0 0.000 0.000 0.000 200000.000 0 1 0 200 0 0
 133 41186.000 70838.000 0 0 0.000 0.000 0.000 0.144 0 1 0 0 0 0
 134 71878.000 162041.000 0 0 0.000 0.000 0.000 0.138 0 1 0 0 0 0
 135 50674.000 50811.000 0 0 0.000 0.000 0.000 0.130 0 1 0 0 0 0
 136 169831.000 98914.000 0 0 0.000 0.000 0.000 0.142 0 1 0 0 0 0
 137 143449.000 43734.000 0 0 0.000 0.000 0.000 0.131 0 1 0 0 0 0
 138 29381.000 113435.000 0 0 0.000 0.000 0.000 0.211 0 1 0 0 0 0
 139 148158.000 46521.000 0 0 0.000 0.000 0.000 0.137 0 1 0 0 0 0
 140 27802.000 105089.000 0 0 0.000 0.000 0.000 0.140 0 1 0 0 0 0
 141 165612.000 59094.000 0 0 0.000 0.000 0.000 0.137 0 1 0 0 0 0
 142 176527.000 119976.000 0 0 0.000 0.000 0.000 0.143 0 1 0 0 0 0
 143 25941.000 71649.000 0 0 0.000 0.000 0.000 0.130 0 1 0 0 0 0
 144 100061.000 181177.000 0 0 0.000 0.000 0.000 0.134 0 1 0 0 0 0
 145 19632.000 76615.000 0 0 0.000 0.000 0.000 0.220 0 1 0 0 0 0
 146 167791.000 155082.000 0 0 0.000 0.000 0.000 0.157 0 1 0 0 0 0
 147 98837.000 188114.000 0 0 24.000 51.000 1224.000 34.985 0 1 1 200 0 0
 148 170003.000 153216.000 0 0 0.000 0.000 0.000 200000.000 0 1 0 200 0 0
 149 99127.000 188587.000 0 0 24.000 51.000 1224.000 34.985 0 1 1 200 0 0
 150 83361.000 187353.000 0 0 0.000 0.000 0.000 0.134 0 1 0 0 0 0
 151 99077.000 189012.000 0 0 24.000 50.000 1200.000 34.641 0 1 1 200 0 0
 152 53538.000 19775.000 0 0 0.000 0.000 0.000 0.132 0 1 0 0 0 0
 153 54727.000 182324.000 0 0 0.000 0.000 0.000 0.206 0 1 0 0 0 0
 154 54701.000 182558.000 0 0 0.000 0.000 0.000 0.149 0 1 0 0 0 0
 155 139127.000 185572.000 0 0 0.000 0.000 0.000 0.201 0 1 0 0 0 0
 156 24533.000 156612.000 0 0 0.000 0.000 0.000 0.150 0 1 0 0 0 0
 157 18858.000 148402.000 0 0 0.000 0.000 0.000 0.200 0 1 0 0 0 0
 158 99119.000 187481.000 0 0 37.741 0.380 14.359 3.789 0 1 1 200 0 0
 159 99123.000 187651.000 0 0 58.827 0.588 34.642 5.885 0 1 1 200 0 0
 160 99101.000 187822.000 0 0 101.038 1.034 104.563 10.225 0 1 1 200 0 0
 161 99065.000 187990.000 0 0 312.131 3.316 1035.328 32.176 0 1 1 200 0 0
 162 99150.000 188162.000 0 0 173.275 1.671 289.690 17.020 0 1 1 200 0 0
 163 99149.000 188331.000 0 0 173.607 1.674 290.644 17.048 0 1 1 200 0 0
 164 99119.000 188502.000 0 0 263.040 2.619 689.167 26.251 0 1 1 200 0 0
 165 99132.000 188672.000 0 0 46.753 0.457 21.407 4.626 0 1 1 200 0 0;
ProcessEquipmentIDList 1
  "6411" ;
SummarySpec 5
  TESTNO    NDEFECT    DEFDENSITY    NDIE    NDEFDIE  ;
SummaryList 
  1    165    0.6033    1    1  ;
EndOfFile;
