FileVersion 1 2;
FileTimestamp 02-26-26 10:03:04;
InspectionStationID "KLA-Tencor" "SFSSP1" "0901-0728-TBI";
SampleType WAFER;
ResultTimestamp 02-26-26 09:58:01;
LotID "2580";
SampleSize 1 200;
DeviceID "None";
SetupID "T2-2580NR" 02-26-26 09:58:01;
StepID "7083";
SampleOrientationMarkType NOTCH;
OrientationMarkLocation DOWN;
DiePitch 200000 200000;
DieOrigin 0 0;
WaferID "08";
Slot 8;
SampleCenterLocation 100000 100000;
ClassLookup 1
  0 "0"  ;
OrientationInstructions "Front";
CoordinatesMirrored No;
InspectionTest 1;
SampleTestPlan 1
  0 0 ;
AreaPerTest 2.73516e+010;
DefectRecordSpec 15 DEFECTID XREL YREL XINDEX YINDEX XSIZE YSIZE DEFECTAREA DSIZE CLASSNUMBER TEST CLUSTERNUMBER ROUGHBINNUMBER FINEBINNUMBER REVIEWSAMPLE ;
DefectList
 1 96258.000 101352.000 0 0 0.000 0.000 0.000 0.132 0 1 0 0 0 0
 2 96392.000 103177.000 0 0 0.000 0.000 0.000 200000.000 0 1 0 200 0 0
 3 96356.000 103131.000 0 0 0.000 0.000 0.000 200000.000 0 1 0 200 0 0
 4 97742.000 107644.000 0 0 0.000 0.000 0.000 0.136 0 1 0 0 0 0
 5 100247.000 109366.000 0 0 0.000 0.000 0.000 0.132 0 1 0 0 0 0
 6 96922.000 109551.000 0 0 0.000 0.000 0.000 0.138 0 1 0 0 0 0
 7 89798.000 100046.000 0 0 0.000 0.000 0.000 0.144 0 1 0 0 0 0
 8 97250.000 89779.000 0 0 0.000 0.000 0.000 0.131 0 1 0 0 0 0
 9 110801.000 99310.000 0 0 0.000 0.000 0.000 0.144 0 1 0 0 0 0
 10 104290.000 110692.000 0 0 0.000 0.000 0.000 0.140 0 1 0 0 0 0
 11 95931.000 89439.000 0 0 0.000 0.000 0.000 0.133 0 1 0 0 0 0
 12 92675.000 109206.000 0 0 0.000 0.000 0.000 0.130 0 1 0 0 0 0
 13 89423.000 106594.000 0 0 0.000 0.000 0.000 0.142 0 1 0 0 0 0
 14 98158.000 87354.000 0 0 0.000 0.000 0.000 0.140 0 1 0 0 0 0
 15 87312.000 107235.000 0 0 0.000 0.000 0.000 0.139 0 1 0 0 0 0
 16 97444.000 115091.000 0 0 0.000 0.000 0.000 0.143 0 1 0 0 0 0
 17 87744.000 109526.000 0 0 0.000 0.000 0.000 0.162 0 1 0 0 0 0
 18 91491.000 113852.000 0 0 0.000 0.000 0.000 0.135 0 1 0 0 0 0
 19 114128.000 108655.000 0 0 0.000 0.000 0.000 0.136 0 1 0 0 0 0
 20 83405.000 91926.000 0 0 0.000 0.000 0.000 0.140 0 1 0 0 0 0
 21 95845.000 81914.000 0 0 0.000 0.000 0.000 0.133 0 1 0 0 0 0
 22 82579.000 91119.000 0 0 0.000 0.000 0.000 0.131 0 1 0 0 0 0
 23 116174.000 110168.000 0 0 0.000 0.000 0.000 200000.000 0 1 0 200 0 0
 24 91910.000 82102.000 0 0 0.000 0.000 0.000 0.133 0 1 0 0 0 0
 25 102905.000 80385.000 0 0 0.000 0.000 0.000 0.152 0 1 0 0 0 0
 26 96599.000 120584.000 0 0 0.000 0.000 0.000 0.132 0 1 0 0 0 0
 27 86489.000 116708.000 0 0 0.000 0.000 0.000 0.133 0 1 0 0 0 0
 28 120070.000 108963.000 0 0 0.000 0.000 0.000 0.146 0 1 0 0 0 0
 29 89963.000 120655.000 0 0 0.000 0.000 0.000 0.143 0 1 0 0 0 0
 30 117174.000 115516.000 0 0 0.000 0.000 0.000 0.134 0 1 0 0 0 0
 31 92808.000 123288.000 0 0 0.000 0.000 0.000 0.139 0 1 0 0 0 0
 32 76361.000 95183.000 0 0 0.000 0.000 0.000 0.145 0 1 0 0 0 0
 33 124650.000 100031.000 0 0 0.000 0.000 0.000 0.146 0 1 0 0 0 0
 34 75239.000 103611.000 0 0 0.000 0.000 0.000 0.142 0 1 0 0 0 0
 35 113062.000 121746.000 0 0 0.000 0.000 0.000 0.131 0 1 0 0 0 0
 36 96009.000 125093.000 0 0 0.000 0.000 0.000 0.135 0 1 0 0 0 0
 37 120034.000 84949.000 0 0 0.000 0.000 0.000 0.132 0 1 0 0 0 0
 38 116868.000 120161.000 0 0 0.000 0.000 0.000 0.144 0 1 0 0 0 0
 39 95881.000 126927.000 0 0 0.000 0.000 0.000 0.144 0 1 0 0 0 0
 40 79699.000 82276.000 0 0 0.000 0.000 0.000 0.147 0 1 0 0 0 0
 41 120634.000 118298.000 0 0 0.000 0.000 0.000 0.132 0 1 0 0 0 0
 42 121023.000 82445.000 0 0 0.000 0.000 0.000 0.148 0 1 0 0 0 0
 43 122544.000 83769.000 0 0 0.000 0.000 0.000 0.133 0 1 0 0 0 0
 44 107496.000 73037.000 0 0 0.000 0.000 0.000 0.155 0 1 0 0 0 0
 45 116193.000 77121.000 0 0 0.000 0.000 0.000 0.143 0 1 0 0 0 0
 46 118796.000 79111.000 0 0 0.000 0.000 0.000 0.140 0 1 0 0 0 0
 47 99312.000 128711.000 0 0 0.000 0.000 0.000 0.132 0 1 0 0 0 0
 48 106414.000 128531.000 0 0 0.000 0.000 0.000 0.176 0 1 0 0 0 0
 49 124965.000 115404.000 0 0 0.000 0.000 0.000 0.136 0 1 0 0 0 0
 50 124487.000 83350.000 0 0 0.000 0.000 0.000 0.140 0 1 0 0 0 0
 51 74857.000 116742.000 0 0 0.000 0.000 0.000 0.133 0 1 0 0 0 0
 52 102433.000 70203.000 0 0 0.000 0.000 0.000 0.138 0 1 0 0 0 0
 53 99075.000 69996.000 0 0 0.000 0.000 0.000 0.136 0 1 0 0 0 0
 54 70341.000 91698.000 0 0 0.000 0.000 0.000 0.131 0 1 0 0 0 0
 55 128427.000 86716.000 0 0 0.000 0.000 0.000 0.138 0 1 0 0 0 0
 56 70658.000 113608.000 0 0 0.000 0.000 0.000 0.138 0 1 0 0 0 0
 57 68944.000 108523.000 0 0 0.000 0.000 0.000 0.130 0 1 0 0 0 0
 58 71145.000 84954.000 0 0 0.000 0.000 0.000 0.138 0 1 0 0 0 0
 59 83588.000 71942.000 0 0 0.000 0.000 0.000 0.133 0 1 0 0 0 0
 60 132469.000 95758.000 0 0 0.000 0.000 0.000 0.130 0 1 0 0 0 0
 61 68390.000 109412.000 0 0 0.000 0.000 0.000 0.138 0 1 0 0 0 0
 62 83975.000 71428.000 0 0 0.000 0.000 0.000 0.145 0 1 0 0 0 0
 63 88483.000 69419.000 0 0 0.000 0.000 0.000 0.132 0 1 0 0 0 0
 64 98599.000 133707.000 0 0 0.000 0.000 0.000 0.139 0 1 0 0 0 0
 65 68606.000 112421.000 0 0 0.000 0.000 0.000 0.145 0 1 0 0 0 0
 66 67610.000 91343.000 0 0 0.000 0.000 0.000 0.133 0 1 0 0 0 0
 67 86404.000 131304.000 0 0 0.000 0.000 0.000 0.137 0 1 0 0 0 0
 68 77127.000 125328.000 0 0 0.000 0.000 0.000 0.130 0 1 0 0 0 0
 69 72287.000 119778.000 0 0 0.000 0.000 0.000 0.144 0 1 0 0 0 0
 70 67014.000 89837.000 0 0 0.000 0.000 0.000 0.134 0 1 0 0 0 0
 71 134881.000 96881.000 0 0 0.000 0.000 0.000 0.132 0 1 0 0 0 0
 72 71413.000 120725.000 0 0 0.000 0.000 0.000 0.146 0 1 0 0 0 0
 73 92734.000 64939.000 0 0 0.000 0.000 0.000 0.134 0 1 0 0 0 0
 74 72301.000 76699.000 0 0 0.000 0.000 0.000 0.136 0 1 0 0 0 0
 75 86411.000 66422.000 0 0 0.000 0.000 0.000 0.131 0 1 0 0 0 0
 76 136004.000 106158.000 0 0 0.000 0.000 0.000 0.146 0 1 0 0 0 0
 77 64491.000 110081.000 0 0 0.000 0.000 0.000 0.131 0 1 0 0 0 0
 78 112577.000 65312.000 0 0 0.000 0.000 0.000 0.156 0 1 0 0 0 0
 79 97252.000 137548.000 0 0 0.000 0.000 0.000 200000.000 0 1 0 200 0 0
 80 135917.000 90545.000 0 0 0.000 0.000 0.000 0.131 0 1 0 0 0 0
 81 119233.000 132657.000 0 0 0.000 0.000 0.000 0.139 0 1 0 0 0 0
 82 134074.000 84203.000 0 0 0.000 0.000 0.000 0.138 0 1 0 0 0 0
 83 81425.000 133150.000 0 0 0.000 0.000 0.000 0.133 0 1 0 0 0 0
 84 77058.000 70152.000 0 0 0.000 0.000 0.000 0.132 0 1 0 0 0 0
 85 126367.000 72859.000 0 0 0.000 0.000 0.000 0.153 0 1 0 0 0 0
 86 93201.000 138256.000 0 0 0.000 0.000 0.000 0.137 0 1 0 0 0 0
 87 63775.000 84878.000 0 0 0.000 0.000 0.000 0.139 0 1 0 0 0 0
 88 114006.000 137103.000 0 0 0.000 0.000 0.000 0.137 0 1 0 0 0 0
 89 130218.000 74460.000 0 0 0.000 0.000 0.000 0.153 0 1 0 0 0 0
 90 68255.000 124321.000 0 0 0.000 0.000 0.000 0.156 0 1 0 0 0 0
 91 138156.000 113687.000 0 0 0.000 0.000 0.000 0.130 0 1 0 0 0 0
 92 61599.000 114039.000 0 0 0.000 0.000 0.000 0.161 0 1 0 0 0 0
 93 79658.000 63729.000 0 0 0.000 0.000 0.000 0.158 0 1 0 0 0 0
 94 121891.000 64532.000 0 0 0.000 0.000 0.000 0.162 0 1 0 0 0 0
 95 131063.000 71814.000 0 0 0.000 0.000 0.000 0.132 0 1 0 0 0 0
 96 110819.000 141298.000 0 0 0.000 0.000 0.000 0.139 0 1 0 0 0 0
 97 142326.000 104486.000 0 0 0.000 0.000 0.000 0.132 0 1 0 0 0 0
 98 133741.000 74123.000 0 0 0.000 0.000 0.000 0.132 0 1 0 0 0 0
 99 57382.000 108696.000 0 0 0.000 0.000 0.000 0.131 0 1 0 0 0 0
 100 131201.000 131426.000 0 0 0.000 0.000 0.000 0.148 0 1 0 0 0 0
 101 79445.000 139581.000 0 0 0.000 0.000 0.000 0.133 0 1 0 0 0 0
 102 135782.000 72649.000 0 0 0.000 0.000 0.000 0.138 0 1 0 0 0 0
 103 54504.000 101868.000 0 0 0.000 0.000 0.000 0.133 0 1 0 0 0 0
 104 54561.000 93333.000 0 0 0.000 0.000 0.000 0.137 0 1 0 0 0 0
 105 145941.000 93271.000 0 0 0.000 0.000 0.000 0.130 0 1 0 0 0 0
 106 100139.000 53229.000 0 0 0.000 0.000 0.000 0.136 0 1 0 0 0 0
 107 92713.000 147034.000 0 0 0.000 0.000 0.000 0.138 0 1 0 0 0 0
 108 96124.000 147612.000 0 0 0.000 0.000 0.000 0.137 0 1 0 0 0 0
 109 84149.000 55483.000 0 0 0.000 0.000 0.000 0.132 0 1 0 0 0 0
 110 145267.000 116471.000 0 0 0.000 0.000 0.000 0.134 0 1 0 0 0 0
 111 81671.000 55612.000 0 0 0.000 0.000 0.000 0.156 0 1 0 0 0 0
 112 78480.000 56150.000 0 0 0.000 0.000 0.000 0.152 0 1 0 0 0 0
 113 105026.000 51336.000 0 0 0.000 0.000 0.000 0.137 0 1 0 0 0 0
 114 149121.000 98808.000 0 0 0.000 0.000 0.000 0.135 0 1 0 0 0 0
 115 148009.000 110655.000 0 0 0.000 0.000 0.000 0.140 0 1 0 0 0 0
 116 68297.000 62137.000 0 0 0.000 0.000 0.000 0.151 0 1 0 0 0 0
 117 95507.000 50728.000 0 0 0.000 0.000 0.000 0.133 0 1 0 0 0 0
 118 99693.000 50443.000 0 0 0.000 0.000 0.000 0.138 0 1 0 0 0 0
 119 53637.000 119476.000 0 0 0.000 0.000 0.000 0.148 0 1 0 0 0 0
 120 142035.000 72501.000 0 0 0.000 0.000 0.000 0.130 0 1 0 0 0 0
 121 51679.000 83951.000 0 0 0.000 0.000 0.000 0.139 0 1 0 0 0 0
 122 121480.000 53941.000 0 0 0.000 0.000 0.000 0.135 0 1 0 0 0 0
 123 149447.000 112903.000 0 0 0.000 0.000 0.000 0.131 0 1 0 0 0 0
 124 58668.000 130448.000 0 0 0.000 0.000 0.000 0.140 0 1 0 0 0 0
 125 49348.000 93853.000 0 0 0.000 0.000 0.000 0.152 0 1 0 0 0 0
 126 101954.000 151342.000 0 0 0.000 0.000 0.000 0.132 0 1 0 0 0 0
 127 149418.000 114108.000 0 0 0.000 0.000 0.000 0.143 0 1 0 0 0 0
 128 79881.000 52413.000 0 0 0.000 0.000 0.000 0.133 0 1 0 0 0 0
 129 120692.000 148630.000 0 0 0.000 0.000 0.000 0.140 0 1 0 0 0 0
 130 50433.000 77992.000 0 0 0.000 0.000 0.000 0.134 0 1 0 0 0 0
 131 67488.000 56543.000 0 0 0.000 0.000 0.000 0.142 0 1 0 0 0 0
 132 48354.000 117943.000 0 0 0.000 0.000 0.000 0.137 0 1 0 0 0 0
 133 151617.000 82436.000 0 0 0.000 0.000 0.000 0.146 0 1 0 0 0 0
 134 51936.000 74352.000 0 0 0.000 0.000 0.000 0.130 0 1 0 0 0 0
 135 78464.000 49825.000 0 0 0.000 0.000 0.000 0.139 0 1 0 0 0 0
 136 130666.000 145936.000 0 0 0.000 0.000 0.000 0.132 0 1 0 0 0 0
 137 45443.000 109836.000 0 0 0.000 0.000 0.000 0.132 0 1 0 0 0 0
 138 155369.000 102652.000 0 0 0.000 0.000 0.000 0.134 0 1 0 0 0 0
 139 78166.000 151584.000 0 0 0.000 0.000 0.000 0.168 0 1 0 0 0 0
 140 118505.000 47093.000 0 0 0.000 0.000 0.000 0.152 0 1 0 0 0 0
 141 79848.000 47393.000 0 0 0.000 0.000 0.000 0.157 0 1 0 0 0 0
 142 99113.000 157606.000 0 0 0.000 0.000 0.000 0.130 0 1 0 0 0 0
 143 42745.000 104237.000 0 0 0.000 0.000 0.000 0.131 0 1 0 0 0 0
 144 131746.000 52307.000 0 0 0.000 0.000 0.000 0.140 0 1 0 0 0 0
 145 154374.000 81683.000 0 0 0.000 0.000 0.000 0.131 0 1 0 0 0 0
 146 109378.000 157003.000 0 0 0.000 0.000 0.000 0.136 0 1 0 0 0 0
 147 117305.000 155815.000 0 0 0.000 0.000 0.000 0.134 0 1 0 0 0 0
 148 41570.000 107481.000 0 0 0.000 0.000 0.000 0.132 0 1 0 0 0 0
 149 88110.000 158060.000 0 0 0.000 0.000 0.000 0.149 0 1 0 0 0 0
 150 67515.000 50500.000 0 0 0.000 0.000 0.000 0.131 0 1 0 0 0 0
 151 75759.000 45570.000 0 0 0.000 0.000 0.000 0.142 0 1 0 0 0 0
 152 74450.000 45599.000 0 0 0.000 0.000 0.000 0.131 0 1 0 0 0 0
 153 125582.000 155211.000 0 0 0.000 0.000 0.000 0.131 0 1 0 0 0 0
 154 83884.000 41600.000 0 0 0.000 0.000 0.000 0.140 0 1 0 0 0 0
 155 143095.000 143129.000 0 0 0.000 0.000 0.000 0.143 0 1 0 0 0 0
 156 160142.000 110384.000 0 0 0.000 0.000 0.000 0.140 0 1 0 0 0 0
 157 114379.000 39959.000 0 0 0.000 0.000 0.000 0.143 0 1 0 0 0 0
 158 73270.000 44046.000 0 0 0.000 0.000 0.000 0.249 0 1 0 0 0 0
 159 101920.000 162542.000 0 0 0.000 0.000 0.000 0.141 0 1 0 0 0 0
 160 106223.000 162304.000 0 0 0.000 0.000 0.000 0.151 0 1 0 0 0 0
 161 44663.000 129897.000 0 0 0.000 0.000 0.000 0.133 0 1 0 0 0 0
 162 85099.000 38723.000 0 0 0.000 0.000 0.000 0.143 0 1 0 0 0 0
 163 132159.000 45478.000 0 0 0.000 0.000 0.000 0.141 0 1 0 0 0 0
 164 74276.000 41790.000 0 0 0.000 0.000 0.000 0.137 0 1 0 0 0 0
 165 38232.000 117315.000 0 0 0.000 0.000 0.000 0.135 0 1 0 0 0 0
 166 71333.000 158041.000 0 0 0.000 0.000 0.000 0.130 0 1 0 0 0 0
 167 68228.000 156377.000 0 0 0.000 0.000 0.000 0.134 0 1 0 0 0 0
 168 44377.000 133006.000 0 0 0.000 0.000 0.000 0.134 0 1 0 0 0 0
 169 51624.000 56322.000 0 0 0.000 0.000 0.000 0.132 0 1 0 0 0 0
 170 145944.000 147549.000 0 0 0.000 0.000 0.000 0.136 0 1 0 0 0 0
 171 73312.000 39848.000 0 0 0.000 0.000 0.000 0.174 0 1 0 0 0 0
 172 74312.000 39386.000 0 0 0.000 0.000 0.000 0.143 0 1 0 0 0 0
 173 79981.000 163393.000 0 0 0.000 0.000 0.000 0.132 0 1 0 0 0 0
 174 108940.000 166145.000 0 0 0.000 0.000 0.000 0.138 0 1 0 0 0 0
 175 141921.000 152178.000 0 0 0.000 0.000 0.000 0.136 0 1 0 0 0 0
 176 79497.000 36292.000 0 0 0.000 0.000 0.000 0.155 0 1 0 0 0 0
 177 38015.000 73518.000 0 0 0.000 0.000 0.000 0.151 0 1 0 0 0 0
 178 99896.000 167819.000 0 0 0.000 0.000 0.000 0.134 0 1 0 0 0 0
 179 111503.000 167141.000 0 0 0.000 0.000 0.000 0.140 0 1 0 0 0 0
 180 51391.000 52517.000 0 0 0.000 0.000 0.000 0.134 0 1 0 0 0 0
 181 101324.000 31925.000 0 0 0.000 0.000 0.000 0.230 0 1 0 0 0 0
 182 141111.000 44889.000 0 0 0.000 0.000 0.000 0.131 0 1 0 0 0 0
 183 118124.000 167009.000 0 0 0.000 0.000 0.000 0.130 0 1 0 0 0 0
 184 144295.000 46519.000 0 0 0.000 0.000 0.000 0.135 0 1 0 0 0 0
 185 150862.000 52276.000 0 0 0.000 0.000 0.000 0.144 0 1 0 0 0 0
 186 126710.000 165393.000 0 0 0.000 0.000 0.000 0.132 0 1 0 0 0 0
 187 69493.000 36695.000 0 0 0.000 0.000 0.000 0.155 0 1 0 0 0 0
 188 79731.000 30937.000 0 0 0.000 0.000 0.000 0.130 0 1 0 0 0 0
 189 143643.000 41689.000 0 0 0.000 0.000 0.000 0.135 0 1 0 0 0 0
 190 69943.000 169425.000 0 0 0.000 0.000 0.000 0.134 0 1 0 0 0 0
 191 104072.000 19154.000 0 0 0.000 0.000 0.000 0.133 0 1 0 0 0 0
 192 181423.000 109129.000 0 0 0.000 0.000 0.000 0.143 0 1 0 0 0 0
 193 119444.000 189745.000 0 0 0.000 0.000 0.000 0.130 0 1 0 0 0 0
 194 43104.000 25512.000 0 0 0.000 0.000 0.000 0.239 0 1 0 0 0 0;
ProcessEquipmentIDList 1
  "6411" ;
SummarySpec 5
  TESTNO    NDEFECT    DEFDENSITY    NDIE    NDEFDIE  ;
SummaryList 
  1    194    0.7093    1    1  ;
EndOfFile;
