FileVersion 1 2;
FileTimestamp 02-26-26 10:37:33;
InspectionStationID "KLA-Tencor" "SFSSP1" "0901-0728-TBI";
SampleType WAFER;
ResultTimestamp 02-26-26 10:35:53;
LotID "2580";
SampleSize 1 200;
DeviceID "None";
SetupID "T2-2580NR" 02-26-26 10:35:53;
StepID "7083";
SampleOrientationMarkType NOTCH;
OrientationMarkLocation DOWN;
DiePitch 200000 200000;
DieOrigin 0 0;
WaferID "02";
Slot 2;
SampleCenterLocation 100000 100000;
ClassLookup 1
  0 "0"  ;
OrientationInstructions "Front";
CoordinatesMirrored No;
InspectionTest 1;
SampleTestPlan 1
  0 0 ;
AreaPerTest 2.73513e+010;
DefectRecordSpec 15 DEFECTID XREL YREL XINDEX YINDEX XSIZE YSIZE DEFECTAREA DSIZE CLASSNUMBER TEST CLUSTERNUMBER ROUGHBINNUMBER FINEBINNUMBER REVIEWSAMPLE ;
DefectList
 1 99615.000 104526.000 0 0 0.000 0.000 0.000 0.141 0 1 0 0 0 0
 2 96359.000 103828.000 0 0 0.000 0.000 0.000 0.130 0 1 0 0 0 0
 3 105462.000 98865.000 0 0 0.000 0.000 0.000 0.142 0 1 0 0 0 0
 4 101932.000 94578.000 0 0 0.000 0.000 0.000 0.130 0 1 0 0 0 0
 5 92951.000 105201.000 0 0 0.000 0.000 0.000 0.140 0 1 0 0 0 0
 6 103798.000 91474.000 0 0 0.000 0.000 0.000 0.134 0 1 0 0 0 0
 7 103168.000 90122.000 0 0 0.000 0.000 0.000 0.132 0 1 0 0 0 0
 8 109172.000 94698.000 0 0 0.000 0.000 0.000 0.137 0 1 0 0 0 0
 9 96075.000 110616.000 0 0 0.000 0.000 0.000 0.145 0 1 0 0 0 0
 10 95955.000 88388.000 0 0 0.000 0.000 0.000 0.130 0 1 0 0 0 0
 11 86847.000 98842.000 0 0 0.000 0.000 0.000 0.131 0 1 0 0 0 0
 12 87947.000 93488.000 0 0 0.000 0.000 0.000 0.141 0 1 0 0 0 0
 13 89095.000 88665.000 0 0 0.000 0.000 0.000 0.130 0 1 0 0 0 0
 14 96059.000 84653.000 0 0 0.000 0.000 0.000 0.136 0 1 0 0 0 0
 15 88711.000 112788.000 0 0 0.000 0.000 0.000 0.131 0 1 0 0 0 0
 16 115679.000 91316.000 0 0 0.000 0.000 0.000 0.148 0 1 0 0 0 0
 17 118286.000 100912.000 0 0 0.000 0.000 0.000 0.134 0 1 0 0 0 0
 18 116794.000 108440.000 0 0 0.000 0.000 0.000 0.131 0 1 0 0 0 0
 19 99531.000 81189.000 0 0 0.000 0.000 0.000 0.142 0 1 0 0 0 0
 20 110452.000 116220.000 0 0 0.000 0.000 0.000 0.157 0 1 0 0 0 0
 21 93407.000 118882.000 0 0 0.000 0.000 0.000 0.132 0 1 0 0 0 0
 22 106213.000 81353.000 0 0 0.000 0.000 0.000 0.140 0 1 0 0 0 0
 23 81672.000 108228.000 0 0 0.000 0.000 0.000 0.142 0 1 0 0 0 0
 24 82583.000 90322.000 0 0 0.000 0.000 0.000 0.140 0 1 0 0 0 0
 25 80510.000 105382.000 0 0 0.000 0.000 0.000 0.131 0 1 0 0 0 0
 26 95522.000 120171.000 0 0 0.000 0.000 0.000 0.137 0 1 0 0 0 0
 27 99721.000 79690.000 0 0 0.000 0.000 0.000 0.159 0 1 0 0 0 0
 28 112389.000 116855.000 0 0 0.000 0.000 0.000 0.139 0 1 0 0 0 0
 29 79294.000 97676.000 0 0 0.000 0.000 0.000 0.131 0 1 0 0 0 0
 30 121183.000 103900.000 0 0 0.000 0.000 0.000 0.134 0 1 0 0 0 0
 31 83196.000 113482.000 0 0 0.000 0.000 0.000 0.138 0 1 0 0 0 0
 32 109943.000 119646.000 0 0 0.000 0.000 0.000 0.140 0 1 0 0 0 0
 33 108379.000 80045.000 0 0 0.000 0.000 0.000 0.130 0 1 0 0 0 0
 34 77639.000 95956.000 0 0 0.000 0.000 0.000 0.131 0 1 0 0 0 0
 35 79428.000 89372.000 0 0 0.000 0.000 0.000 0.140 0 1 0 0 0 0
 36 111259.000 121237.000 0 0 0.000 0.000 0.000 0.131 0 1 0 0 0 0
 37 123242.000 93542.000 0 0 0.000 0.000 0.000 0.152 0 1 0 0 0 0
 38 124136.000 105000.000 0 0 0.000 0.000 0.000 0.136 0 1 0 0 0 0
 39 122713.000 110255.000 0 0 0.000 0.000 0.000 0.138 0 1 0 0 0 0
 40 123064.000 110172.000 0 0 0.000 0.000 0.000 0.139 0 1 0 0 0 0
 41 124314.000 93257.000 0 0 0.000 0.000 0.000 0.142 0 1 0 0 0 0
 42 97025.000 125198.000 0 0 0.000 0.000 0.000 0.158 0 1 0 0 0 0
 43 117688.000 118509.000 0 0 0.000 0.000 0.000 0.148 0 1 0 0 0 0
 44 125547.000 99194.000 0 0 0.000 0.000 0.000 0.144 0 1 0 0 0 0
 45 100642.000 74064.000 0 0 0.000 0.000 0.000 0.130 0 1 0 0 0 0
 46 87329.000 76861.000 0 0 0.000 0.000 0.000 0.144 0 1 0 0 0 0
 47 99490.000 73192.000 0 0 0.000 0.000 0.000 0.144 0 1 0 0 0 0
 48 87737.000 124282.000 0 0 0.000 0.000 0.000 0.139 0 1 0 0 0 0
 49 126465.000 106877.000 0 0 0.000 0.000 0.000 0.140 0 1 0 0 0 0
 50 127155.000 96199.000 0 0 0.000 0.000 0.000 0.134 0 1 0 0 0 0
 51 125552.000 89714.000 0 0 0.000 0.000 0.000 0.132 0 1 0 0 0 0
 52 110079.000 126320.000 0 0 0.000 0.000 0.000 0.161 0 1 0 0 0 0
 53 107525.000 127147.000 0 0 0.000 0.000 0.000 0.134 0 1 0 0 0 0
 54 127795.000 104480.000 0 0 0.000 0.000 0.000 0.149 0 1 0 0 0 0
 55 109536.000 126700.000 0 0 0.000 0.000 0.000 0.134 0 1 0 0 0 0
 56 117905.000 77220.000 0 0 0.000 0.000 0.000 0.156 0 1 0 0 0 0
 57 121347.000 120019.000 0 0 0.000 0.000 0.000 0.132 0 1 0 0 0 0
 58 125769.000 114444.000 0 0 0.000 0.000 0.000 0.131 0 1 0 0 0 0
 59 74495.000 115786.000 0 0 0.000 0.000 0.000 0.137 0 1 0 0 0 0
 60 72683.000 112966.000 0 0 0.000 0.000 0.000 0.133 0 1 0 0 0 0
 61 130387.000 93674.000 0 0 0.000 0.000 0.000 0.143 0 1 0 0 0 0
 62 83431.000 126292.000 0 0 0.000 0.000 0.000 0.137 0 1 0 0 0 0
 63 127756.000 85835.000 0 0 0.000 0.000 0.000 0.136 0 1 0 0 0 0
 64 69316.000 104617.000 0 0 0.000 0.000 0.000 0.131 0 1 0 0 0 0
 65 90611.000 130648.000 0 0 0.000 0.000 0.000 0.133 0 1 0 0 0 0
 66 89648.000 130342.000 0 0 0.000 0.000 0.000 0.133 0 1 0 0 0 0
 67 79065.000 124771.000 0 0 0.000 0.000 0.000 0.135 0 1 0 0 0 0
 68 100332.000 132986.000 0 0 0.000 0.000 0.000 0.132 0 1 0 0 0 0
 69 121007.000 127076.000 0 0 0.000 0.000 0.000 0.131 0 1 0 0 0 0
 70 82010.000 129079.000 0 0 0.000 0.000 0.000 0.141 0 1 0 0 0 0
 71 117337.000 69936.000 0 0 0.000 0.000 0.000 0.131 0 1 0 0 0 0
 72 71606.000 80078.000 0 0 0.000 0.000 0.000 0.132 0 1 0 0 0 0
 73 132548.000 113365.000 0 0 0.000 0.000 0.000 0.134 0 1 0 0 0 0
 74 125930.000 75973.000 0 0 0.000 0.000 0.000 0.133 0 1 0 0 0 0
 75 127350.000 122746.000 0 0 0.000 0.000 0.000 0.135 0 1 0 0 0 0
 76 87883.000 133614.000 0 0 0.000 0.000 0.000 0.132 0 1 0 0 0 0
 77 112328.000 66724.000 0 0 0.000 0.000 0.000 0.139 0 1 0 0 0 0
 78 135026.000 107344.000 0 0 0.000 0.000 0.000 0.130 0 1 0 0 0 0
 79 119415.000 131135.000 0 0 0.000 0.000 0.000 0.150 0 1 0 0 0 0
 80 101345.000 136688.000 0 0 0.000 0.000 0.000 0.140 0 1 0 0 0 0
 81 136668.000 95343.000 0 0 0.000 0.000 0.000 0.135 0 1 0 0 0 0
 82 117614.000 66828.000 0 0 0.000 0.000 0.000 0.140 0 1 0 0 0 0
 83 122989.000 131015.000 0 0 0.000 0.000 0.000 0.159 0 1 0 0 0 0
 84 76885.000 69273.000 0 0 0.000 0.000 0.000 0.133 0 1 0 0 0 0
 85 129107.000 126146.000 0 0 0.000 0.000 0.000 0.143 0 1 0 0 0 0
 86 111195.000 62729.000 0 0 0.000 0.000 0.000 0.136 0 1 0 0 0 0
 87 90473.000 138354.000 0 0 0.000 0.000 0.000 0.137 0 1 0 0 0 0
 88 114291.000 63362.000 0 0 0.000 0.000 0.000 0.132 0 1 0 0 0 0
 89 64644.000 82405.000 0 0 0.000 0.000 0.000 0.130 0 1 0 0 0 0
 90 65444.000 119944.000 0 0 0.000 0.000 0.000 0.147 0 1 0 0 0 0
 91 72336.000 71401.000 0 0 0.000 0.000 0.000 0.133 0 1 0 0 0 0
 92 139683.000 106920.000 0 0 0.000 0.000 0.000 0.131 0 1 0 0 0 0
 93 136594.000 117612.000 0 0 0.000 0.000 0.000 0.153 0 1 0 0 0 0
 94 94463.000 140338.000 0 0 0.000 0.000 0.000 0.137 0 1 0 0 0 0
 95 92450.000 140465.000 0 0 0.000 0.000 0.000 0.139 0 1 0 0 0 0
 96 72120.000 130533.000 0 0 0.000 0.000 0.000 0.138 0 1 0 0 0 0
 97 58733.000 94512.000 0 0 0.000 0.000 0.000 0.138 0 1 0 0 0 0
 98 59086.000 108998.000 0 0 0.000 0.000 0.000 0.135 0 1 0 0 0 0
 99 138296.000 117905.000 0 0 0.000 0.000 0.000 0.139 0 1 0 0 0 0
 100 63160.000 79931.000 0 0 0.000 0.000 0.000 0.136 0 1 0 0 0 0
 101 118048.000 138697.000 0 0 0.000 0.000 0.000 0.137 0 1 0 0 0 0
 102 59117.000 111480.000 0 0 0.000 0.000 0.000 0.134 0 1 0 0 0 0
 103 120488.000 137672.000 0 0 0.000 0.000 0.000 0.136 0 1 0 0 0 0
 104 62331.000 120276.000 0 0 0.000 0.000 0.000 0.135 0 1 0 0 0 0
 105 77699.000 137845.000 0 0 0.000 0.000 0.000 0.143 0 1 0 0 0 0
 106 66607.000 71978.000 0 0 0.000 0.000 0.000 0.140 0 1 0 0 0 0
 107 56533.000 105645.000 0 0 0.000 0.000 0.000 0.135 0 1 0 0 0 0
 108 121041.000 138965.000 0 0 0.000 0.000 0.000 0.134 0 1 0 0 0 0
 109 100010.000 144234.000 0 0 0.000 0.000 0.000 0.134 0 1 0 0 0 0
 110 86044.000 58298.000 0 0 0.000 0.000 0.000 0.141 0 1 0 0 0 0
 111 102413.000 144378.000 0 0 0.000 0.000 0.000 0.133 0 1 0 0 0 0
 112 88977.000 57204.000 0 0 0.000 0.000 0.000 0.137 0 1 0 0 0 0
 113 56562.000 90627.000 0 0 0.000 0.000 0.000 0.139 0 1 0 0 0 0
 114 59476.000 119620.000 0 0 0.000 0.000 0.000 0.138 0 1 0 0 0 0
 115 64212.000 73243.000 0 0 0.000 0.000 0.000 0.130 0 1 0 0 0 0
 116 75194.000 62365.000 0 0 0.000 0.000 0.000 0.142 0 1 0 0 0 0
 117 144184.000 111289.000 0 0 0.000 0.000 0.000 0.130 0 1 0 0 0 0
 118 145365.000 93229.000 0 0 0.000 0.000 0.000 0.130 0 1 0 0 0 0
 119 61252.000 75461.000 0 0 0.000 0.000 0.000 0.130 0 1 0 0 0 0
 120 141237.000 79041.000 0 0 0.000 0.000 0.000 0.145 0 1 0 0 0 0
 121 144423.000 87054.000 0 0 0.000 0.000 0.000 0.131 0 1 0 0 0 0
 122 62331.000 72724.000 0 0 0.000 0.000 0.000 0.136 0 1 0 0 0 0
 123 146503.000 94764.000 0 0 0.000 0.000 0.000 0.132 0 1 0 0 0 0
 124 119936.000 57572.000 0 0 0.000 0.000 0.000 0.137 0 1 0 0 0 0
 125 106288.000 53231.000 0 0 0.000 0.000 0.000 0.137 0 1 0 0 0 0
 126 147015.000 93482.000 0 0 0.000 0.000 0.000 0.130 0 1 0 0 0 0
 127 81471.000 143883.000 0 0 0.000 0.000 0.000 0.130 0 1 0 0 0 0
 128 65914.000 133359.000 0 0 0.000 0.000 0.000 0.132 0 1 0 0 0 0
 129 120818.000 143377.000 0 0 0.000 0.000 0.000 0.131 0 1 0 0 0 0
 130 100889.000 148384.000 0 0 0.000 0.000 0.000 0.133 0 1 0 0 0 0
 131 52453.000 110903.000 0 0 0.000 0.000 0.000 0.137 0 1 0 0 0 0
 132 145158.000 119610.000 0 0 0.000 0.000 0.000 0.134 0 1 0 0 0 0
 133 51035.000 102616.000 0 0 0.000 0.000 0.000 0.142 0 1 0 0 0 0
 134 65348.000 65379.000 0 0 0.000 0.000 0.000 0.130 0 1 0 0 0 0
 135 129142.000 140198.000 0 0 0.000 0.000 0.000 0.134 0 1 0 0 0 0
 136 69011.000 138860.000 0 0 0.000 0.000 0.000 0.130 0 1 0 0 0 0
 137 71503.000 59596.000 0 0 0.000 0.000 0.000 0.152 0 1 0 0 0 0
 138 148791.000 88418.000 0 0 0.000 0.000 0.000 200000.000 0 1 0 200 0 0
 139 84255.000 147766.000 0 0 0.000 0.000 0.000 0.132 0 1 0 0 0 0
 140 141786.000 128628.000 0 0 0.000 0.000 0.000 0.142 0 1 0 0 0 0
 141 58358.000 128960.000 0 0 0.000 0.000 0.000 0.134 0 1 0 0 0 0
 142 133732.000 138742.000 0 0 0.000 0.000 0.000 0.138 0 1 0 0 0 0
 143 105804.000 151027.000 0 0 0.000 0.000 0.000 0.132 0 1 0 0 0 0
 144 145507.000 76041.000 0 0 0.000 0.000 0.000 0.133 0 1 0 0 0 0
 145 152091.000 97044.000 0 0 0.000 0.000 0.000 0.141 0 1 0 0 0 0
 146 105613.000 152039.000 0 0 0.000 0.000 0.000 0.133 0 1 0 0 0 0
 147 51384.000 81989.000 0 0 0.000 0.000 0.000 0.131 0 1 0 0 0 0
 148 51736.000 79659.000 0 0 0.000 0.000 0.000 0.141 0 1 0 0 0 0
 149 109835.000 152078.000 0 0 0.000 0.000 0.000 0.138 0 1 0 0 0 0
 150 90551.000 48100.000 0 0 0.000 0.000 0.000 0.146 0 1 0 0 0 0
 151 106839.000 47451.000 0 0 0.000 0.000 0.000 0.130 0 1 0 0 0 0
 152 152581.000 90222.000 0 0 0.000 0.000 0.000 0.135 0 1 0 0 0 0
 153 82381.000 49540.000 0 0 0.000 0.000 0.000 0.131 0 1 0 0 0 0
 154 148089.000 125397.000 0 0 0.000 0.000 0.000 0.133 0 1 0 0 0 0
 155 67116.000 56889.000 0 0 0.000 0.000 0.000 0.132 0 1 0 0 0 0
 156 110726.000 153828.000 0 0 0.000 0.000 0.000 0.133 0 1 0 0 0 0
 157 52790.000 127548.000 0 0 0.000 0.000 0.000 0.131 0 1 0 0 0 0
 158 132741.000 55944.000 0 0 0.000 0.000 0.000 200000.000 0 1 0 200 0 0
 159 54739.000 130929.000 0 0 0.000 0.000 0.000 0.145 0 1 0 0 0 0
 160 59440.000 63015.000 0 0 0.000 0.000 0.000 0.145 0 1 0 0 0 0
 161 44745.000 98616.000 0 0 0.000 0.000 0.000 0.135 0 1 0 0 0 0
 162 56991.000 135844.000 0 0 0.000 0.000 0.000 200000.000 0 1 0 200 0 0
 163 47377.000 117570.000 0 0 0.000 0.000 0.000 0.154 0 1 0 0 0 0
 164 63358.000 142254.000 0 0 0.000 0.000 0.000 0.132 0 1 0 0 0 0
 165 44863.000 107594.000 0 0 0.000 0.000 0.000 0.157 0 1 0 0 0 0
 166 59532.000 61712.000 0 0 0.000 0.000 0.000 0.142 0 1 0 0 0 0
 167 89323.000 45469.000 0 0 0.000 0.000 0.000 0.148 0 1 0 0 0 0
 168 61625.000 141191.000 0 0 0.000 0.000 0.000 0.142 0 1 0 0 0 0
 169 48323.000 76722.000 0 0 0.000 0.000 0.000 0.160 0 1 0 0 0 0
 170 67597.000 147105.000 0 0 0.000 0.000 0.000 0.137 0 1 0 0 0 0
 171 52765.000 132660.000 0 0 0.000 0.000 0.000 0.137 0 1 0 0 0 0
 172 42005.000 89495.000 0 0 0.000 0.000 0.000 0.141 0 1 0 0 0 0
 173 146003.000 62846.000 0 0 0.000 0.000 0.000 0.138 0 1 0 0 0 0
 174 93101.000 159133.000 0 0 0.000 0.000 0.000 0.134 0 1 0 0 0 0
 175 51394.000 134671.000 0 0 0.000 0.000 0.000 0.131 0 1 0 0 0 0
 176 42681.000 83421.000 0 0 0.000 0.000 0.000 0.147 0 1 0 0 0 0
 177 145369.000 60821.000 0 0 0.000 0.000 0.000 0.135 0 1 0 0 0 0
 178 147515.000 63301.000 0 0 0.000 0.000 0.000 0.136 0 1 0 0 0 0
 179 108012.000 159792.000 0 0 0.000 0.000 0.000 0.150 0 1 0 0 0 0
 180 148186.000 136552.000 0 0 0.000 0.000 0.000 0.130 0 1 0 0 0 0
 181 90943.000 160461.000 0 0 0.000 0.000 0.000 0.139 0 1 0 0 0 0
 182 39262.000 104354.000 0 0 0.000 0.000 0.000 0.135 0 1 0 0 0 0
 183 128790.000 154368.000 0 0 0.000 0.000 0.000 0.138 0 1 0 0 0 0
 184 132151.000 152542.000 0 0 0.000 0.000 0.000 0.146 0 1 0 0 0 0
 185 69341.000 153748.000 0 0 0.000 0.000 0.000 0.130 0 1 0 0 0 0
 186 72117.000 44866.000 0 0 0.000 0.000 0.000 0.131 0 1 0 0 0 0
 187 55009.000 142906.000 0 0 0.000 0.000 0.000 0.134 0 1 0 0 0 0
 188 129639.000 155426.000 0 0 0.000 0.000 0.000 0.153 0 1 0 0 0 0
 189 42014.000 123692.000 0 0 0.000 0.000 0.000 0.135 0 1 0 0 0 0
 190 71289.000 44600.000 0 0 0.000 0.000 0.000 0.141 0 1 0 0 0 0
 191 43157.000 73620.000 0 0 0.000 0.000 0.000 0.143 0 1 0 0 0 0
 192 85507.000 37934.000 0 0 0.000 0.000 0.000 0.138 0 1 0 0 0 0
 193 41837.000 71645.000 0 0 0.000 0.000 0.000 0.138 0 1 0 0 0 0
 194 146382.000 54699.000 0 0 0.000 0.000 0.000 0.143 0 1 0 0 0 0
 195 35759.000 109836.000 0 0 0.000 0.000 0.000 0.130 0 1 0 0 0 0
 196 163344.000 117045.000 0 0 0.000 0.000 0.000 0.136 0 1 0 0 0 0
 197 122865.000 162355.000 0 0 0.000 0.000 0.000 0.131 0 1 0 0 0 0
 198 63328.000 44539.000 0 0 0.000 0.000 0.000 0.132 0 1 0 0 0 0
 199 123122.000 37029.000 0 0 0.000 0.000 0.000 0.133 0 1 0 0 0 0
 200 71753.000 38257.000 0 0 0.000 0.000 0.000 0.136 0 1 0 0 0 0
 201 98596.000 31958.000 0 0 0.000 0.000 0.000 0.130 0 1 0 0 0 0
 202 124875.000 164707.000 0 0 0.000 0.000 0.000 0.134 0 1 0 0 0 0
 203 106351.000 168959.000 0 0 0.000 0.000 0.000 0.136 0 1 0 0 0 0
 204 165858.000 121429.000 0 0 0.000 0.000 0.000 0.130 0 1 0 0 0 0
 205 31331.000 111545.000 0 0 0.000 0.000 0.000 0.153 0 1 0 0 0 0
 206 122559.000 166561.000 0 0 0.000 0.000 0.000 0.143 0 1 0 0 0 0
 207 42002.000 139867.000 0 0 0.000 0.000 0.000 0.137 0 1 0 0 0 0
 208 39706.000 136892.000 0 0 0.000 0.000 0.000 0.146 0 1 0 0 0 0
 209 103881.000 170796.000 0 0 0.000 0.000 0.000 0.130 0 1 0 0 0 0
 210 166501.000 71120.000 0 0 0.000 0.000 0.000 0.136 0 1 0 0 0 0
 211 119657.000 170632.000 0 0 0.000 0.000 0.000 200000.000 0 1 0 200 0 0
 212 72325.000 32845.000 0 0 0.000 0.000 0.000 0.145 0 1 0 0 0 0
 213 78806.000 30309.000 0 0 0.000 0.000 0.000 0.148 0 1 0 0 0 0
 214 47399.000 49503.000 0 0 0.000 0.000 0.000 0.137 0 1 0 0 0 0
 215 45898.000 149941.000 0 0 0.000 0.000 0.000 0.137 0 1 0 0 0 0
 216 52304.000 43180.000 0 0 0.000 0.000 0.000 0.138 0 1 0 0 0 0
 217 144493.000 39790.000 0 0 0.000 0.000 0.000 0.293 0 1 0 0 0 0
 218 170690.000 128488.000 0 0 0.000 0.000 0.000 0.138 0 1 0 0 0 0
 219 131494.000 171223.000 0 0 0.000 0.000 0.000 0.132 0 1 0 0 0 0
 220 139513.000 167889.000 0 0 0.000 0.000 0.000 0.203 0 1 0 0 0 0
 221 179639.000 109314.000 0 0 0.000 0.000 0.000 0.138 0 1 0 0 0 0
 222 144728.000 170651.000 0 0 0.000 0.000 0.000 0.134 0 1 0 0 0 0
 223 154867.000 164952.000 0 0 0.000 0.000 0.000 0.142 0 1 0 0 0 0
 224 174073.000 52780.000 0 0 0.000 0.000 0.000 0.138 0 1 0 0 0 0
 225 189177.000 94034.000 0 0 0.000 0.000 0.000 0.238 0 1 0 0 0 0
 226 151406.000 26907.000 0 0 0.000 0.000 0.000 0.278 0 1 0 0 0 0;
ProcessEquipmentIDList 1
  "6411" ;
SummarySpec 5
  TESTNO    NDEFECT    DEFDENSITY    NDIE    NDEFDIE  ;
SummaryList 
  1    226    0.8263    1    1  ;
EndOfFile;
