FileVersion 1 2;
FileTimestamp 02-26-26 11:06:09;
InspectionStationID "KLA-Tencor" "SFSSP1" "0901-0728-TBI";
SampleType WAFER;
ResultTimestamp 02-26-26 10:35:53;
LotID "2580";
SampleSize 1 200;
DeviceID "None";
SetupID "T2-2580NR" 02-26-26 10:35:53;
StepID "7083";
SampleOrientationMarkType NOTCH;
OrientationMarkLocation DOWN;
DiePitch 200000 200000;
DieOrigin 0 0;
WaferID "21";
Slot 21;
SampleCenterLocation 100000 100000;
ClassLookup 1
  0 "0"  ;
OrientationInstructions "Front";
CoordinatesMirrored No;
InspectionTest 1;
SampleTestPlan 1
  0 0 ;
AreaPerTest 2.73517e+010;
ClusterClassificationList 1
  1 210 ;
DefectRecordSpec 15 DEFECTID XREL YREL XINDEX YINDEX XSIZE YSIZE DEFECTAREA DSIZE CLASSNUMBER TEST CLUSTERNUMBER ROUGHBINNUMBER FINEBINNUMBER REVIEWSAMPLE ;
DefectList
 1 101804.000 101892.000 0 0 0.000 0.000 0.000 0.145 0 1 0 0 0 0
 2 95598.000 98648.000 0 0 0.000 0.000 0.000 0.134 0 1 0 0 0 0
 3 95033.000 101123.000 0 0 0.000 0.000 0.000 0.144 0 1 0 0 0 0
 4 95258.000 96361.000 0 0 0.000 0.000 0.000 0.135 0 1 0 0 0 0
 5 95725.000 94330.000 0 0 0.000 0.000 0.000 0.140 0 1 0 0 0 0
 6 92429.000 99810.000 0 0 0.000 0.000 0.000 0.155 0 1 0 0 0 0
 7 94538.000 92931.000 0 0 0.000 0.000 0.000 0.136 0 1 0 0 0 0
 8 100475.000 110011.000 0 0 0.000 0.000 0.000 0.140 0 1 0 0 0 0
 9 104006.000 90646.000 0 0 0.000 0.000 0.000 0.139 0 1 0 0 0 0
 10 110154.000 102408.000 0 0 0.000 0.000 0.000 0.148 0 1 0 0 0 0
 11 110830.000 103184.000 0 0 0.000 0.000 0.000 0.136 0 1 0 0 0 0
 12 112933.000 101239.000 0 0 0.000 0.000 0.000 0.143 0 1 0 0 0 0
 13 90579.000 110362.000 0 0 0.000 0.000 0.000 0.137 0 1 0 0 0 0
 14 109346.000 111837.000 0 0 0.000 0.000 0.000 0.134 0 1 0 0 0 0
 15 88795.000 110449.000 0 0 0.000 0.000 0.000 0.131 0 1 0 0 0 0
 16 98998.000 116247.000 0 0 0.000 0.000 0.000 0.154 0 1 0 0 0 0
 17 83014.000 102407.000 0 0 0.000 0.000 0.000 0.154 0 1 0 0 0 0
 18 96828.000 82677.000 0 0 0.000 0.000 0.000 0.136 0 1 0 0 0 0
 19 109179.000 115349.000 0 0 0.000 0.000 0.000 0.135 0 1 0 0 0 0
 20 92355.000 116368.000 0 0 0.000 0.000 0.000 0.133 0 1 0 0 0 0
 21 115644.000 91589.000 0 0 0.000 0.000 0.000 0.135 0 1 0 0 0 0
 22 87902.000 113772.000 0 0 0.000 0.000 0.000 0.136 0 1 0 0 0 0
 23 118152.000 100057.000 0 0 0.000 0.000 0.000 0.152 0 1 0 0 0 0
 24 116454.000 90235.000 0 0 0.000 0.000 0.000 0.143 0 1 0 0 0 0
 25 119941.000 98560.000 0 0 0.000 0.000 0.000 0.141 0 1 0 0 0 0
 26 80189.000 104726.000 0 0 0.000 0.000 0.000 0.147 0 1 0 0 0 0
 27 105432.000 119718.000 0 0 0.000 0.000 0.000 0.132 0 1 0 0 0 0
 28 114929.000 85426.000 0 0 0.000 0.000 0.000 0.131 0 1 0 0 0 0
 29 79318.000 106219.000 0 0 0.000 0.000 0.000 0.142 0 1 0 0 0 0
 30 83127.000 85657.000 0 0 0.000 0.000 0.000 0.139 0 1 0 0 0 0
 31 116888.000 85975.000 0 0 0.000 0.000 0.000 0.130 0 1 0 0 0 0
 32 103385.000 122184.000 0 0 0.000 0.000 0.000 0.142 0 1 0 0 0 0
 33 115836.000 84230.000 0 0 0.000 0.000 0.000 0.141 0 1 0 0 0 0
 34 122629.000 98081.000 0 0 0.000 0.000 0.000 0.151 0 1 0 0 0 0
 35 78768.000 109141.000 0 0 0.000 0.000 0.000 0.137 0 1 0 0 0 0
 36 123078.000 101171.000 0 0 0.000 0.000 0.000 0.132 0 1 0 0 0 0
 37 122996.000 105869.000 0 0 0.000 0.000 0.000 0.130 0 1 0 0 0 0
 38 77291.000 109287.000 0 0 0.000 0.000 0.000 0.137 0 1 0 0 0 0
 39 78259.000 88825.000 0 0 0.000 0.000 0.000 0.144 0 1 0 0 0 0
 40 115005.000 80501.000 0 0 0.000 0.000 0.000 0.139 0 1 0 0 0 0
 41 115739.000 119710.000 0 0 0.000 0.000 0.000 0.131 0 1 0 0 0 0
 42 125357.000 97427.000 0 0 0.000 0.000 0.000 0.132 0 1 0 0 0 0
 43 123533.000 111309.000 0 0 0.000 0.000 0.000 0.131 0 1 0 0 0 0
 44 73749.000 105205.000 0 0 0.000 0.000 0.000 0.171 0 1 0 0 0 0
 45 92687.000 73996.000 0 0 0.000 0.000 0.000 0.144 0 1 0 0 0 0
 46 87768.000 124849.000 0 0 0.000 0.000 0.000 0.135 0 1 0 0 0 0
 47 118580.000 79832.000 0 0 0.000 0.000 0.000 0.133 0 1 0 0 0 0
 48 124773.000 112856.000 0 0 0.000 0.000 0.000 0.131 0 1 0 0 0 0
 49 71793.000 103278.000 0 0 0.000 0.000 0.000 0.209 0 1 0 0 0 0
 50 118778.000 121974.000 0 0 0.000 0.000 0.000 0.136 0 1 0 0 0 0
 51 103938.000 129022.000 0 0 0.000 0.000 0.000 0.153 0 1 0 0 0 0
 52 81238.000 77264.000 0 0 0.000 0.000 0.000 0.136 0 1 0 0 0 0
 53 82219.000 76554.000 0 0 0.000 0.000 0.000 0.168 0 1 0 0 0 0
 54 88653.000 72681.000 0 0 0.000 0.000 0.000 0.135 0 1 0 0 0 0
 55 128804.000 93296.000 0 0 0.000 0.000 0.000 0.145 0 1 0 0 0 0
 56 121931.000 80011.000 0 0 0.000 0.000 0.000 0.144 0 1 0 0 0 0
 57 84607.000 126473.000 0 0 0.000 0.000 0.000 0.136 0 1 0 0 0 0
 58 70440.000 107628.000 0 0 0.000 0.000 0.000 0.133 0 1 0 0 0 0
 59 76219.000 80929.000 0 0 0.000 0.000 0.000 0.141 0 1 0 0 0 0
 60 128888.000 89902.000 0 0 0.000 0.000 0.000 0.143 0 1 0 0 0 0
 61 91403.000 129854.000 0 0 0.000 0.000 0.000 0.134 0 1 0 0 0 0
 62 82034.000 74883.000 0 0 0.000 0.000 0.000 0.140 0 1 0 0 0 0
 63 130318.000 108408.000 0 0 0.000 0.000 0.000 0.134 0 1 0 0 0 0
 64 94757.000 69011.000 0 0 0.000 0.000 0.000 0.134 0 1 0 0 0 0
 65 112754.000 71246.000 0 0 0.000 0.000 0.000 0.145 0 1 0 0 0 0
 66 104754.000 68841.000 0 0 0.000 0.000 0.000 0.132 0 1 0 0 0 0
 67 110921.000 70377.000 0 0 0.000 0.000 0.000 0.140 0 1 0 0 0 0
 68 113113.000 70661.000 0 0 0.000 0.000 0.000 0.227 0 1 0 0 0 0
 69 70788.000 114596.000 0 0 0.000 0.000 0.000 0.263 0 1 0 0 0 0
 70 101032.000 133212.000 0 0 0.000 0.000 0.000 0.132 0 1 0 0 0 0
 71 80260.000 73135.000 0 0 0.000 0.000 0.000 0.141 0 1 0 0 0 0
 72 132947.000 104970.000 0 0 0.000 0.000 0.000 0.141 0 1 0 0 0 0
 73 92676.000 67131.000 0 0 0.000 0.000 0.000 0.159 0 1 0 0 0 0
 74 100055.000 66317.000 0 0 0.000 0.000 0.000 0.139 0 1 0 0 0 0
 75 133958.000 103545.000 0 0 0.000 0.000 0.000 0.137 0 1 0 0 0 0
 76 69483.000 84300.000 0 0 0.000 0.000 0.000 0.145 0 1 0 0 0 0
 77 128298.000 121123.000 0 0 0.000 0.000 0.000 0.143 0 1 0 0 0 0
 78 64551.000 98018.000 0 0 0.000 0.000 0.000 0.133 0 1 0 0 0 0
 79 70639.000 121144.000 0 0 0.000 0.000 0.000 0.133 0 1 0 0 0 0
 80 67733.000 117040.000 0 0 0.000 0.000 0.000 0.250 0 1 0 0 0 0
 81 63608.000 101486.000 0 0 0.000 0.000 0.000 0.133 0 1 0 0 0 0
 82 119492.000 69637.000 0 0 0.000 0.000 0.000 0.134 0 1 0 0 0 0
 83 112081.000 65798.000 0 0 0.000 0.000 0.000 0.135 0 1 0 0 0 0
 84 136399.000 98945.000 0 0 0.000 0.000 0.000 0.139 0 1 0 0 0 0
 85 66391.000 115227.000 0 0 0.000 0.000 0.000 0.143 0 1 0 0 0 0
 86 74743.000 72655.000 0 0 0.000 0.000 0.000 0.154 0 1 0 0 0 0
 87 132136.000 81508.000 0 0 0.000 0.000 0.000 0.132 0 1 0 0 0 0
 88 74947.000 71793.000 0 0 0.000 0.000 0.000 0.130 0 1 0 0 0 0
 89 127300.000 74211.000 0 0 0.000 0.000 0.000 0.130 0 1 0 0 0 0
 90 95533.000 137795.000 0 0 0.000 0.000 0.000 0.139 0 1 0 0 0 0
 91 92041.000 137373.000 0 0 0.000 0.000 0.000 0.148 0 1 0 0 0 0
 92 83447.000 65734.000 0 0 0.000 0.000 0.000 0.139 0 1 0 0 0 0
 93 65214.000 83878.000 0 0 0.000 0.000 0.000 0.130 0 1 0 0 0 0
 94 77464.000 68997.000 0 0 0.000 0.000 0.000 0.132 0 1 0 0 0 0
 95 109166.000 137734.000 0 0 0.000 0.000 0.000 0.131 0 1 0 0 0 0
 96 92145.000 138198.000 0 0 0.000 0.000 0.000 0.130 0 1 0 0 0 0
 97 103756.000 139080.000 0 0 0.000 0.000 0.000 0.141 0 1 0 0 0 0
 98 114900.000 63911.000 0 0 0.000 0.000 0.000 0.149 0 1 0 0 0 0
 99 61866.000 110478.000 0 0 0.000 0.000 0.000 0.130 0 1 0 0 0 0
 100 69925.000 74129.000 0 0 0.000 0.000 0.000 0.131 0 1 0 0 0 0
 101 125391.000 69114.000 0 0 0.000 0.000 0.000 0.138 0 1 0 0 0 0
 102 124534.000 132192.000 0 0 0.000 0.000 0.000 0.139 0 1 0 0 0 0
 103 140392.000 102490.000 0 0 0.000 0.000 0.000 0.141 0 1 0 0 0 0
 104 65857.000 78008.000 0 0 0.000 0.000 0.000 0.140 0 1 0 0 0 0
 105 114551.000 62245.000 0 0 0.000 0.000 0.000 0.152 0 1 0 0 0 0
 106 117479.000 63351.000 0 0 0.000 0.000 0.000 0.133 0 1 0 0 0 0
 107 122422.000 65878.000 0 0 0.000 0.000 0.000 0.149 0 1 0 0 0 0
 108 86239.000 60585.000 0 0 0.000 0.000 0.000 0.131 0 1 0 0 0 0
 109 65569.000 75540.000 0 0 0.000 0.000 0.000 0.138 0 1 0 0 0 0
 110 57924.000 93042.000 0 0 0.000 0.000 0.000 0.134 0 1 0 0 0 0
 111 70488.000 68938.000 0 0 0.000 0.000 0.000 0.153 0 1 0 0 0 0
 112 83460.000 140111.000 0 0 0.000 0.000 0.000 0.131 0 1 0 0 0 0
 113 60416.000 82102.000 0 0 0.000 0.000 0.000 0.166 0 1 0 0 0 0
 114 138765.000 120015.000 0 0 0.000 0.000 0.000 0.132 0 1 0 0 0 0
 115 66738.000 71714.000 0 0 0.000 0.000 0.000 0.130 0 1 0 0 0 0
 116 71863.000 66366.000 0 0 0.000 0.000 0.000 0.134 0 1 0 0 0 0
 117 60910.000 120960.000 0 0 0.000 0.000 0.000 0.138 0 1 0 0 0 0
 118 143989.000 105439.000 0 0 0.000 0.000 0.000 0.134 0 1 0 0 0 0
 119 92224.000 56184.000 0 0 0.000 0.000 0.000 0.133 0 1 0 0 0 0
 120 144681.000 99242.000 0 0 0.000 0.000 0.000 0.137 0 1 0 0 0 0
 121 53126.000 100967.000 0 0 0.000 0.000 0.000 0.133 0 1 0 0 0 0
 122 74407.000 60366.000 0 0 0.000 0.000 0.000 0.132 0 1 0 0 0 0
 123 141467.000 76474.000 0 0 0.000 0.000 0.000 0.132 0 1 0 0 0 0
 124 137619.000 69497.000 0 0 0.000 0.000 0.000 0.147 0 1 0 0 0 0
 125 72281.000 141914.000 0 0 0.000 0.000 0.000 0.135 0 1 0 0 0 0
 126 150207.000 99405.000 0 0 0.000 0.000 0.000 0.133 0 1 0 0 0 0
 127 95845.000 49818.000 0 0 0.000 0.000 0.000 0.139 0 1 0 0 0 0
 128 66319.000 61594.000 0 0 0.000 0.000 0.000 0.130 0 1 0 0 0 0
 129 138588.000 133820.000 0 0 0.000 0.000 0.000 0.148 0 1 0 0 0 0
 130 151385.000 103151.000 0 0 0.000 0.000 0.000 0.131 0 1 0 0 0 0
 131 129774.000 143228.000 0 0 0.000 0.000 0.000 0.141 0 1 0 0 0 0
 132 55155.000 72744.000 0 0 0.000 0.000 0.000 0.150 0 1 0 0 0 0
 133 98286.000 47309.000 0 0 0.000 0.000 0.000 0.130 0 1 0 0 0 0
 134 152795.000 99792.000 0 0 51.000 24.000 1224.000 34.985 0 1 1 210 0 0
 135 152843.000 100422.000 0 0 50.000 24.000 1200.000 34.641 0 1 1 210 0 0
 136 152818.000 100874.000 0 0 50.000 24.000 1200.000 34.641 0 1 1 210 0 0
 137 152807.000 101311.000 0 0 50.000 24.000 1200.000 34.641 0 1 1 210 0 0
 138 152770.000 101904.000 0 0 50.000 24.000 1200.000 34.641 0 1 1 210 0 0
 139 152704.000 103682.000 0 0 0.000 0.000 0.000 0.250 0 1 0 0 0 0
 140 152665.000 104313.000 0 0 0.000 0.000 0.000 0.153 0 1 0 0 0 0
 141 152644.000 104757.000 0 0 0.000 0.000 0.000 0.146 0 1 0 0 0 0
 142 152637.000 105049.000 0 0 0.000 0.000 0.000 0.140 0 1 0 0 0 0
 143 123993.000 147413.000 0 0 0.000 0.000 0.000 0.135 0 1 0 0 0 0
 144 152964.000 98197.000 0 0 0.000 0.000 0.000 0.134 0 1 0 0 0 0
 145 152596.000 106583.000 0 0 0.000 0.000 0.000 0.164 0 1 0 0 0 0
 146 152250.000 108125.000 0 0 0.000 0.000 0.000 0.160 0 1 0 0 0 0
 147 152239.000 108723.000 0 0 0.000 0.000 0.000 0.137 0 1 0 0 0 0
 148 153036.000 95889.000 0 0 0.000 0.000 0.000 0.138 0 1 0 0 0 0
 149 152169.000 111766.000 0 0 0.000 0.000 0.000 0.174 0 1 0 0 0 0
 150 153169.000 93885.000 0 0 0.000 0.000 0.000 0.150 0 1 0 0 0 0
 151 152154.000 112382.000 0 0 0.000 0.000 0.000 0.132 0 1 0 0 0 0
 152 152666.000 112485.000 0 0 0.000 0.000 0.000 0.137 0 1 0 0 0 0
 153 138991.000 62547.000 0 0 0.000 0.000 0.000 0.130 0 1 0 0 0 0
 154 96220.000 154517.000 0 0 0.000 0.000 0.000 0.137 0 1 0 0 0 0
 155 88636.000 153496.000 0 0 0.000 0.000 0.000 0.131 0 1 0 0 0 0
 156 152410.000 115223.000 0 0 0.000 0.000 0.000 0.138 0 1 0 0 0 0
 157 55968.000 67084.000 0 0 0.000 0.000 0.000 0.142 0 1 0 0 0 0
 158 153898.000 109969.000 0 0 0.000 0.000 0.000 0.144 0 1 0 0 0 0
 159 153681.000 88263.000 0 0 0.000 0.000 0.000 0.130 0 1 0 0 0 0
 160 152400.000 116697.000 0 0 0.000 0.000 0.000 0.161 0 1 0 0 0 0
 161 152312.000 117313.000 0 0 0.000 0.000 0.000 0.176 0 1 0 0 0 0
 162 153824.000 88047.000 0 0 0.000 0.000 0.000 0.132 0 1 0 0 0 0
 163 44416.000 103129.000 0 0 0.000 0.000 0.000 0.131 0 1 0 0 0 0
 164 154479.000 89401.000 0 0 0.000 0.000 0.000 0.131 0 1 0 0 0 0
 165 87540.000 45244.000 0 0 0.000 0.000 0.000 0.145 0 1 0 0 0 0
 166 54747.000 66339.000 0 0 0.000 0.000 0.000 0.136 0 1 0 0 0 0
 167 152411.000 120721.000 0 0 0.000 0.000 0.000 0.160 0 1 0 0 0 0
 168 154858.000 113728.000 0 0 0.000 0.000 0.000 0.150 0 1 0 0 0 0
 169 48335.000 124617.000 0 0 0.000 0.000 0.000 0.131 0 1 0 0 0 0
 170 154327.000 81467.000 0 0 0.000 0.000 0.000 0.143 0 1 0 0 0 0
 171 152180.000 124401.000 0 0 0.000 0.000 0.000 0.139 0 1 0 0 0 0
 172 154429.000 80384.000 0 0 0.000 0.000 0.000 0.143 0 1 0 0 0 0
 173 154529.000 79578.000 0 0 0.000 0.000 0.000 0.149 0 1 0 0 0 0
 174 90022.000 157822.000 0 0 0.000 0.000 0.000 0.136 0 1 0 0 0 0
 175 152234.000 126818.000 0 0 0.000 0.000 0.000 0.137 0 1 0 0 0 0
 176 90794.000 158446.000 0 0 0.000 0.000 0.000 0.133 0 1 0 0 0 0
 177 111363.000 158115.000 0 0 0.000 0.000 0.000 0.130 0 1 0 0 0 0
 178 51141.000 134002.000 0 0 0.000 0.000 0.000 0.141 0 1 0 0 0 0
 179 45875.000 125156.000 0 0 0.000 0.000 0.000 0.137 0 1 0 0 0 0
 180 140470.000 143876.000 0 0 0.000 0.000 0.000 0.137 0 1 0 0 0 0
 181 50014.000 133253.000 0 0 0.000 0.000 0.000 0.141 0 1 0 0 0 0
 182 111591.000 41247.000 0 0 0.000 0.000 0.000 0.131 0 1 0 0 0 0
 183 147242.000 137054.000 0 0 0.000 0.000 0.000 0.137 0 1 0 0 0 0
 184 41497.000 85555.000 0 0 0.000 0.000 0.000 0.149 0 1 0 0 0 0
 185 154947.000 75955.000 0 0 0.000 0.000 0.000 0.133 0 1 0 0 0 0
 186 148680.000 136072.000 0 0 0.000 0.000 0.000 0.139 0 1 0 0 0 0
 187 126452.000 45575.000 0 0 0.000 0.000 0.000 0.136 0 1 0 0 0 0
 188 156457.000 124136.000 0 0 0.000 0.000 0.000 0.154 0 1 0 0 0 0
 189 72786.000 155425.000 0 0 0.000 0.000 0.000 0.156 0 1 0 0 0 0
 190 115024.000 160381.000 0 0 0.000 0.000 0.000 0.147 0 1 0 0 0 0
 191 51074.000 138756.000 0 0 0.000 0.000 0.000 0.133 0 1 0 0 0 0
 192 158665.000 79055.000 0 0 0.000 0.000 0.000 0.141 0 1 0 0 0 0
 193 127106.000 41815.000 0 0 0.000 0.000 0.000 0.141 0 1 0 0 0 0
 194 160648.000 122185.000 0 0 0.000 0.000 0.000 0.134 0 1 0 0 0 0
 195 70854.000 41563.000 0 0 0.000 0.000 0.000 0.159 0 1 0 0 0 0
 196 113238.000 35986.000 0 0 0.000 0.000 0.000 0.134 0 1 0 0 0 0
 197 35880.000 118900.000 0 0 0.000 0.000 0.000 0.131 0 1 0 0 0 0
 198 54872.000 149644.000 0 0 0.000 0.000 0.000 0.142 0 1 0 0 0 0
 199 161570.000 74222.000 0 0 0.000 0.000 0.000 0.167 0 1 0 0 0 0
 200 164965.000 83542.000 0 0 0.000 0.000 0.000 0.133 0 1 0 0 0 0
 201 165910.000 86633.000 0 0 0.000 0.000 0.000 0.132 0 1 0 0 0 0
 202 62501.000 156778.000 0 0 0.000 0.000 0.000 0.143 0 1 0 0 0 0
 203 119543.000 35211.000 0 0 0.000 0.000 0.000 0.137 0 1 0 0 0 0
 204 166927.000 89847.000 0 0 0.000 0.000 0.000 0.138 0 1 0 0 0 0
 205 156781.000 62857.000 0 0 0.000 0.000 0.000 0.156 0 1 0 0 0 0
 206 153363.000 142274.000 0 0 0.000 0.000 0.000 0.137 0 1 0 0 0 0
 207 147164.000 149472.000 0 0 0.000 0.000 0.000 0.146 0 1 0 0 0 0
 208 113737.000 167489.000 0 0 0.000 0.000 0.000 0.136 0 1 0 0 0 0
 209 153178.000 143874.000 0 0 0.000 0.000 0.000 0.137 0 1 0 0 0 0
 210 153543.000 144443.000 0 0 0.000 0.000 0.000 0.169 0 1 0 0 0 0
 211 132423.000 38369.000 0 0 0.000 0.000 0.000 0.138 0 1 0 0 0 0
 212 153612.000 145233.000 0 0 0.000 0.000 0.000 0.143 0 1 0 0 0 0
 213 114390.000 30379.000 0 0 0.000 0.000 0.000 0.137 0 1 0 0 0 0
 214 153462.000 147116.000 0 0 0.000 0.000 0.000 0.225 0 1 0 0 0 0
 215 153497.000 147512.000 0 0 0.000 0.000 0.000 0.154 0 1 0 0 0 0
 216 153686.000 148051.000 0 0 0.000 0.000 0.000 0.163 0 1 0 0 0 0
 217 155998.000 54272.000 0 0 0.000 0.000 0.000 0.130 0 1 0 0 0 0
 218 162223.000 61239.000 0 0 0.000 0.000 0.000 0.133 0 1 0 0 0 0
 219 27117.000 116937.000 0 0 0.000 0.000 0.000 0.132 0 1 0 0 0 0
 220 71291.000 170160.000 0 0 0.000 0.000 0.000 0.139 0 1 0 0 0 0
 221 52349.000 40817.000 0 0 0.000 0.000 0.000 0.137 0 1 0 0 0 0
 222 175981.000 106136.000 0 0 0.000 0.000 0.000 0.131 0 1 0 0 0 0
 223 107373.000 22960.000 0 0 0.000 0.000 0.000 0.145 0 1 0 0 0 0
 224 166917.000 142052.000 0 0 0.000 0.000 0.000 0.203 0 1 0 0 0 0
 225 133168.000 26480.000 0 0 0.000 0.000 0.000 0.132 0 1 0 0 0 0
 226 160358.000 43873.000 0 0 0.000 0.000 0.000 0.136 0 1 0 0 0 0
 227 160447.000 43476.000 0 0 0.000 0.000 0.000 0.147 0 1 0 0 0 0
 228 160699.000 42364.000 0 0 0.000 0.000 0.000 0.224 0 1 0 0 0 0
 229 180054.000 125122.000 0 0 0.000 0.000 0.000 0.131 0 1 0 0 0 0
 230 160971.000 41398.000 0 0 0.000 0.000 0.000 0.150 0 1 0 0 0 0
 231 161007.000 41053.000 0 0 0.000 0.000 0.000 0.140 0 1 0 0 0 0
 232 161119.000 40568.000 0 0 0.000 0.000 0.000 0.132 0 1 0 0 0 0
 233 43198.000 167253.000 0 0 0.000 0.000 0.000 0.138 0 1 0 0 0 0;
ProcessEquipmentIDList 1
  "6411" ;
SummarySpec 5
  TESTNO    NDEFECT    DEFDENSITY    NDIE    NDEFDIE  ;
SummaryList 
  1    233    0.8519    1    1  ;
EndOfFile;
