FileVersion 1 2;
FileTimestamp 02-26-26 11:30:03;
InspectionStationID "KLA-Tencor" "SFSSP1" "0901-0728-TBI";
SampleType WAFER;
ResultTimestamp 02-26-26 11:19:59;
LotID "2580";
SampleSize 1 200;
DeviceID "None";
SetupID "T2-2580NR" 02-26-26 11:19:59;
StepID "7083";
SampleOrientationMarkType NOTCH;
OrientationMarkLocation DOWN;
DiePitch 200000 200000;
DieOrigin 0 0;
WaferID "17";
Slot 17;
SampleCenterLocation 100000 100000;
ClassLookup 1
  0 "0"  ;
OrientationInstructions "Front";
CoordinatesMirrored No;
InspectionTest 1;
SampleTestPlan 1
  0 0 ;
AreaPerTest 2.73516e+010;
DefectRecordSpec 15 DEFECTID XREL YREL XINDEX YINDEX XSIZE YSIZE DEFECTAREA DSIZE CLASSNUMBER TEST CLUSTERNUMBER ROUGHBINNUMBER FINEBINNUMBER REVIEWSAMPLE ;
DefectList
 1 94591.000 98755.000 0 0 0.000 0.000 0.000 0.130 0 1 0 0 0 0
 2 103137.000 94923.000 0 0 0.000 0.000 0.000 0.147 0 1 0 0 0 0
 3 95978.000 104692.000 0 0 0.000 0.000 0.000 0.130 0 1 0 0 0 0
 4 101519.000 92995.000 0 0 0.000 0.000 0.000 0.137 0 1 0 0 0 0
 5 103654.000 93942.000 0 0 0.000 0.000 0.000 0.150 0 1 0 0 0 0
 6 93723.000 98448.000 0 0 0.000 0.000 0.000 200000.000 0 1 0 200 0 0
 7 93797.000 98464.000 0 0 0.000 0.000 0.000 200000.000 0 1 0 200 0 0
 8 93036.000 103024.000 0 0 0.000 0.000 0.000 0.146 0 1 0 0 0 0
 9 95674.000 92022.000 0 0 0.000 0.000 0.000 0.138 0 1 0 0 0 0
 10 92706.000 94406.000 0 0 0.000 0.000 0.000 0.146 0 1 0 0 0 0
 11 107655.000 105294.000 0 0 0.000 0.000 0.000 0.145 0 1 0 0 0 0
 12 100959.000 114503.000 0 0 0.000 0.000 0.000 0.130 0 1 0 0 0 0
 13 112881.000 91649.000 0 0 0.000 0.000 0.000 0.135 0 1 0 0 0 0
 14 107598.000 85915.000 0 0 0.000 0.000 0.000 0.135 0 1 0 0 0 0
 15 114662.000 93144.000 0 0 0.000 0.000 0.000 0.140 0 1 0 0 0 0
 16 110160.000 87078.000 0 0 0.000 0.000 0.000 0.131 0 1 0 0 0 0
 17 84021.000 103648.000 0 0 0.000 0.000 0.000 0.136 0 1 0 0 0 0
 18 113675.000 89641.000 0 0 0.000 0.000 0.000 0.136 0 1 0 0 0 0
 19 89768.000 86119.000 0 0 0.000 0.000 0.000 0.130 0 1 0 0 0 0
 20 85795.000 110771.000 0 0 0.000 0.000 0.000 0.143 0 1 0 0 0 0
 21 81792.000 103263.000 0 0 0.000 0.000 0.000 0.137 0 1 0 0 0 0
 22 118783.000 98313.000 0 0 0.000 0.000 0.000 0.163 0 1 0 0 0 0
 23 110492.000 83869.000 0 0 0.000 0.000 0.000 0.130 0 1 0 0 0 0
 24 90352.000 82772.000 0 0 0.000 0.000 0.000 0.132 0 1 0 0 0 0
 25 109097.000 117536.000 0 0 0.000 0.000 0.000 0.132 0 1 0 0 0 0
 26 78745.000 97599.000 0 0 0.000 0.000 0.000 0.140 0 1 0 0 0 0
 27 82284.000 85778.000 0 0 0.000 0.000 0.000 0.147 0 1 0 0 0 0
 28 91092.000 78872.000 0 0 0.000 0.000 0.000 0.131 0 1 0 0 0 0
 29 117899.000 84359.000 0 0 0.000 0.000 0.000 0.158 0 1 0 0 0 0
 30 119532.000 113502.000 0 0 0.000 0.000 0.000 0.136 0 1 0 0 0 0
 31 75343.000 99818.000 0 0 0.000 0.000 0.000 0.139 0 1 0 0 0 0
 32 75268.000 97139.000 0 0 0.000 0.000 0.000 0.139 0 1 0 0 0 0
 33 97071.000 74795.000 0 0 0.000 0.000 0.000 0.131 0 1 0 0 0 0
 34 124969.000 95284.000 0 0 0.000 0.000 0.000 0.136 0 1 0 0 0 0
 35 92055.000 75634.000 0 0 0.000 0.000 0.000 0.143 0 1 0 0 0 0
 36 92321.000 75142.000 0 0 0.000 0.000 0.000 0.172 0 1 0 0 0 0
 37 102613.000 73761.000 0 0 0.000 0.000 0.000 0.141 0 1 0 0 0 0
 38 125089.000 89153.000 0 0 0.000 0.000 0.000 0.138 0 1 0 0 0 0
 39 90389.000 126068.000 0 0 0.000 0.000 0.000 0.133 0 1 0 0 0 0
 40 119950.000 120412.000 0 0 0.000 0.000 0.000 0.131 0 1 0 0 0 0
 41 111537.000 126088.000 0 0 0.000 0.000 0.000 0.134 0 1 0 0 0 0
 42 71369.000 99378.000 0 0 0.000 0.000 0.000 0.153 0 1 0 0 0 0
 43 74773.000 113849.000 0 0 0.000 0.000 0.000 0.144 0 1 0 0 0 0
 44 128810.000 105266.000 0 0 0.000 0.000 0.000 0.145 0 1 0 0 0 0
 45 104612.000 70510.000 0 0 0.000 0.000 0.000 0.131 0 1 0 0 0 0
 46 112100.000 72711.000 0 0 0.000 0.000 0.000 0.160 0 1 0 0 0 0
 47 126231.000 113776.000 0 0 0.000 0.000 0.000 0.130 0 1 0 0 0 0
 48 69367.000 98397.000 0 0 0.000 0.000 0.000 0.134 0 1 0 0 0 0
 49 110632.000 129034.000 0 0 0.000 0.000 0.000 0.132 0 1 0 0 0 0
 50 74394.000 81033.000 0 0 0.000 0.000 0.000 0.130 0 1 0 0 0 0
 51 130489.000 86979.000 0 0 0.000 0.000 0.000 0.149 0 1 0 0 0 0
 52 71629.000 116879.000 0 0 0.000 0.000 0.000 0.137 0 1 0 0 0 0
 53 84750.000 129691.000 0 0 0.000 0.000 0.000 0.149 0 1 0 0 0 0
 54 110894.000 66279.000 0 0 0.000 0.000 0.000 0.135 0 1 0 0 0 0
 55 76399.000 126009.000 0 0 0.000 0.000 0.000 0.133 0 1 0 0 0 0
 56 131341.000 116799.000 0 0 0.000 0.000 0.000 0.137 0 1 0 0 0 0
 57 103148.000 135642.000 0 0 0.000 0.000 0.000 0.146 0 1 0 0 0 0
 58 71383.000 77201.000 0 0 0.000 0.000 0.000 0.130 0 1 0 0 0 0
 59 83935.000 66535.000 0 0 0.000 0.000 0.000 0.145 0 1 0 0 0 0
 60 121708.000 130174.000 0 0 0.000 0.000 0.000 0.138 0 1 0 0 0 0
 61 135291.000 113585.000 0 0 0.000 0.000 0.000 0.144 0 1 0 0 0 0
 62 117982.000 133059.000 0 0 0.000 0.000 0.000 0.132 0 1 0 0 0 0
 63 92698.000 61064.000 0 0 0.000 0.000 0.000 0.144 0 1 0 0 0 0
 64 124422.000 67556.000 0 0 0.000 0.000 0.000 0.135 0 1 0 0 0 0
 65 87588.000 61191.000 0 0 0.000 0.000 0.000 0.136 0 1 0 0 0 0
 66 96831.000 57726.000 0 0 0.000 0.000 0.000 0.133 0 1 0 0 0 0
 67 134108.000 124871.000 0 0 0.000 0.000 0.000 0.132 0 1 0 0 0 0
 68 98184.000 56199.000 0 0 0.000 0.000 0.000 0.131 0 1 0 0 0 0
 69 98499.000 55998.000 0 0 0.000 0.000 0.000 0.134 0 1 0 0 0 0
 70 60185.000 81323.000 0 0 0.000 0.000 0.000 0.137 0 1 0 0 0 0
 71 143313.000 108553.000 0 0 0.000 0.000 0.000 0.136 0 1 0 0 0 0
 72 143602.000 111146.000 0 0 0.000 0.000 0.000 0.133 0 1 0 0 0 0
 73 55309.000 94010.000 0 0 0.000 0.000 0.000 0.145 0 1 0 0 0 0
 74 140629.000 119296.000 0 0 0.000 0.000 0.000 0.165 0 1 0 0 0 0
 75 63263.000 125892.000 0 0 0.000 0.000 0.000 0.130 0 1 0 0 0 0
 76 134907.000 70116.000 0 0 0.000 0.000 0.000 0.135 0 1 0 0 0 0
 77 89030.000 144342.000 0 0 0.000 0.000 0.000 0.133 0 1 0 0 0 0
 78 60982.000 123822.000 0 0 0.000 0.000 0.000 0.143 0 1 0 0 0 0
 79 62076.000 126478.000 0 0 0.000 0.000 0.000 0.156 0 1 0 0 0 0
 80 104762.000 146153.000 0 0 0.000 0.000 0.000 0.135 0 1 0 0 0 0
 81 146539.000 93600.000 0 0 0.000 0.000 0.000 0.138 0 1 0 0 0 0
 82 143502.000 81414.000 0 0 0.000 0.000 0.000 0.139 0 1 0 0 0 0
 83 144467.000 115487.000 0 0 0.000 0.000 0.000 0.132 0 1 0 0 0 0
 84 134261.000 134695.000 0 0 0.000 0.000 0.000 0.133 0 1 0 0 0 0
 85 114324.000 52950.000 0 0 0.000 0.000 0.000 0.147 0 1 0 0 0 0
 86 70177.000 60825.000 0 0 0.000 0.000 0.000 0.131 0 1 0 0 0 0
 87 128171.000 59003.000 0 0 0.000 0.000 0.000 0.144 0 1 0 0 0 0
 88 122922.000 143648.000 0 0 0.000 0.000 0.000 0.148 0 1 0 0 0 0
 89 113020.000 51895.000 0 0 0.000 0.000 0.000 0.130 0 1 0 0 0 0
 90 84382.000 52283.000 0 0 0.000 0.000 0.000 0.141 0 1 0 0 0 0
 91 104402.000 49566.000 0 0 0.000 0.000 0.000 0.131 0 1 0 0 0 0
 92 110953.000 149414.000 0 0 0.000 0.000 0.000 0.144 0 1 0 0 0 0
 93 124180.000 145802.000 0 0 0.000 0.000 0.000 0.137 0 1 0 0 0 0
 94 82805.000 149243.000 0 0 0.000 0.000 0.000 0.149 0 1 0 0 0 0
 95 47674.000 104382.000 0 0 0.000 0.000 0.000 0.136 0 1 0 0 0 0
 96 129334.000 56025.000 0 0 0.000 0.000 0.000 0.136 0 1 0 0 0 0
 97 78378.000 149494.000 0 0 0.000 0.000 0.000 0.147 0 1 0 0 0 0
 98 50441.000 76183.000 0 0 0.000 0.000 0.000 0.146 0 1 0 0 0 0
 99 82453.000 153466.000 0 0 0.000 0.000 0.000 0.138 0 1 0 0 0 0
 100 138438.000 141818.000 0 0 0.000 0.000 0.000 0.133 0 1 0 0 0 0
 101 122167.000 47173.000 0 0 0.000 0.000 0.000 0.139 0 1 0 0 0 0
 102 57360.000 61149.000 0 0 0.000 0.000 0.000 0.143 0 1 0 0 0 0
 103 58968.000 140679.000 0 0 0.000 0.000 0.000 0.139 0 1 0 0 0 0
 104 76123.000 46672.000 0 0 0.000 0.000 0.000 0.133 0 1 0 0 0 0
 105 60742.000 142998.000 0 0 0.000 0.000 0.000 0.136 0 1 0 0 0 0
 106 157205.000 114242.000 0 0 0.000 0.000 0.000 0.132 0 1 0 0 0 0
 107 145852.000 137372.000 0 0 0.000 0.000 0.000 0.131 0 1 0 0 0 0
 108 40963.000 105106.000 0 0 0.000 0.000 0.000 0.147 0 1 0 0 0 0
 109 159544.000 99789.000 0 0 0.000 0.000 0.000 0.130 0 1 0 0 0 0
 110 106157.000 40220.000 0 0 0.000 0.000 0.000 0.130 0 1 0 0 0 0
 111 40305.000 90106.000 0 0 0.000 0.000 0.000 0.132 0 1 0 0 0 0
 112 147099.000 60690.000 0 0 0.000 0.000 0.000 0.134 0 1 0 0 0 0
 113 103955.000 160826.000 0 0 0.000 0.000 0.000 0.130 0 1 0 0 0 0
 114 160343.000 87791.000 0 0 0.000 0.000 0.000 0.135 0 1 0 0 0 0
 115 80401.000 158984.000 0 0 0.000 0.000 0.000 0.135 0 1 0 0 0 0
 116 158747.000 122062.000 0 0 0.000 0.000 0.000 0.130 0 1 0 0 0 0
 117 157314.000 125727.000 0 0 0.000 0.000 0.000 0.136 0 1 0 0 0 0
 118 163261.000 100742.000 0 0 0.000 0.000 0.000 0.137 0 1 0 0 0 0
 119 81800.000 39171.000 0 0 0.000 0.000 0.000 0.138 0 1 0 0 0 0
 120 68279.000 44023.000 0 0 0.000 0.000 0.000 0.132 0 1 0 0 0 0
 121 58225.000 148472.000 0 0 0.000 0.000 0.000 200000.000 0 1 0 200 0 0
 122 151408.000 61112.000 0 0 0.000 0.000 0.000 0.150 0 1 0 0 0 0
 123 122105.000 39021.000 0 0 0.000 0.000 0.000 0.131 0 1 0 0 0 0
 124 117573.000 162682.000 0 0 0.000 0.000 0.000 0.138 0 1 0 0 0 0
 125 36211.000 115133.000 0 0 0.000 0.000 0.000 0.130 0 1 0 0 0 0
 126 120323.000 37248.000 0 0 0.000 0.000 0.000 0.134 0 1 0 0 0 0
 127 37477.000 79443.000 0 0 0.000 0.000 0.000 0.152 0 1 0 0 0 0
 128 113506.000 35096.000 0 0 0.000 0.000 0.000 0.131 0 1 0 0 0 0
 129 160076.000 127529.000 0 0 0.000 0.000 0.000 0.159 0 1 0 0 0 0
 130 149688.000 145373.000 0 0 0.000 0.000 0.000 0.134 0 1 0 0 0 0
 131 103578.000 32161.000 0 0 0.000 0.000 0.000 0.142 0 1 0 0 0 0
 132 32402.000 107599.000 0 0 0.000 0.000 0.000 0.147 0 1 0 0 0 0
 133 159516.000 133692.000 0 0 0.000 0.000 0.000 0.130 0 1 0 0 0 0
 134 33398.000 120099.000 0 0 0.000 0.000 0.000 0.132 0 1 0 0 0 0
 135 117193.000 32126.000 0 0 0.000 0.000 0.000 0.131 0 1 0 0 0 0
 136 112164.000 169833.000 0 0 0.000 0.000 0.000 0.136 0 1 0 0 0 0
 137 134400.000 37390.000 0 0 0.000 0.000 0.000 0.144 0 1 0 0 0 0
 138 33153.000 74458.000 0 0 0.000 0.000 0.000 0.140 0 1 0 0 0 0
 139 33104.000 126425.000 0 0 0.000 0.000 0.000 0.133 0 1 0 0 0 0
 140 105335.000 172017.000 0 0 0.000 0.000 0.000 0.138 0 1 0 0 0 0
 141 33916.000 130216.000 0 0 0.000 0.000 0.000 0.203 0 1 0 0 0 0
 142 169923.000 79308.000 0 0 0.000 0.000 0.000 0.130 0 1 0 0 0 0
 143 170123.000 119655.000 0 0 0.000 0.000 0.000 0.135 0 1 0 0 0 0
 144 171577.000 117810.000 0 0 0.000 0.000 0.000 0.193 0 1 0 0 0 0
 145 43573.000 51712.000 0 0 0.000 0.000 0.000 0.136 0 1 0 0 0 0
 146 35889.000 138504.000 0 0 0.000 0.000 0.000 200000.000 0 1 0 200 0 0
 147 163320.000 57187.000 0 0 0.000 0.000 0.000 0.132 0 1 0 0 0 0
 148 30503.000 133704.000 0 0 0.000 0.000 0.000 0.148 0 1 0 0 0 0
 149 154721.000 43757.000 0 0 0.000 0.000 0.000 0.150 0 1 0 0 0 0
 150 45325.000 43085.000 0 0 0.000 0.000 0.000 0.132 0 1 0 0 0 0
 151 165004.000 149077.000 0 0 0.000 0.000 0.000 0.215 0 1 0 0 0 0
 152 160900.000 45164.000 0 0 0.000 0.000 0.000 0.141 0 1 0 0 0 0
 153 154241.000 35698.000 0 0 0.000 0.000 0.000 0.130 0 1 0 0 0 0
 154 49400.000 30561.000 0 0 0.000 0.000 0.000 0.214 0 1 0 0 0 0
 155 176387.000 59959.000 0 0 0.000 0.000 0.000 0.131 0 1 0 0 0 0
 156 186045.000 88818.000 0 0 0.000 0.000 0.000 0.145 0 1 0 0 0 0
 157 185644.000 84373.000 0 0 0.000 0.000 0.000 0.133 0 1 0 0 0 0
 158 174941.000 54892.000 0 0 0.000 0.000 0.000 0.132 0 1 0 0 0 0
 159 184809.000 78253.000 0 0 0.000 0.000 0.000 0.135 0 1 0 0 0 0
 160 171819.000 49399.000 0 0 0.000 0.000 0.000 0.134 0 1 0 0 0 0
 161 187941.000 92730.000 0 0 0.000 0.000 0.000 0.133 0 1 0 0 0 0
 162 188057.000 104729.000 0 0 0.000 0.000 0.000 0.137 0 1 0 0 0 0
 163 129651.000 16369.000 0 0 0.000 0.000 0.000 0.160 0 1 0 0 0 0
 164 189000.000 96920.000 0 0 0.000 0.000 0.000 0.140 0 1 0 0 0 0
 165 166682.000 40043.000 0 0 0.000 0.000 0.000 0.154 0 1 0 0 0 0
 166 170041.000 43532.000 0 0 0.000 0.000 0.000 0.131 0 1 0 0 0 0
 167 189900.000 96084.000 0 0 0.000 0.000 0.000 0.139 0 1 0 0 0 0
 168 190105.000 104580.000 0 0 0.000 0.000 0.000 0.138 0 1 0 0 0 0
 169 64510.000 15532.000 0 0 0.000 0.000 0.000 0.201 0 1 0 0 0 0
 170 152973.000 175194.000 0 0 0.000 0.000 0.000 0.344 0 1 0 0 0 0
 171 176820.000 48448.000 0 0 0.000 0.000 0.000 0.134 0 1 0 0 0 0
 172 182961.000 56528.000 0 0 0.000 0.000 0.000 0.157 0 1 0 0 0 0;
ProcessEquipmentIDList 1
  "6411" ;
SummarySpec 5
  TESTNO    NDEFECT    DEFDENSITY    NDIE    NDEFDIE  ;
SummaryList 
  1    172    0.6288    1    1  ;
EndOfFile;
